-0.0090 -0.7047 -0.6357
-0.0218 -0.7084 -0.6541
-0.0217 -0.7275 -0.6648
-0.0217 -0.7275 -0.6648
-0.0079 -0.7285 -0.6616
-0.0050 -0.7233 -0.6668
-0.0189 -0.7118 -0.6599
-0.0286 -0.7150 -0.6506
-0.0230 -0.7305 -0.6691
-0.0230 -0.7305 -0.6691
-0.0149 -0.7269 -0.6987
-0.0091 -0.7155 -0.6845
-0.0122 -0.7306 -0.6603
-0.0145 -0.7336 -0.6527
-0.0094 -0.7288 -0.6830
-0.0094 -0.7288 -0.6830
-0.0116 -0.7248 -0.6957
-0.0092 -0.7254 -0.6967
-0.0111 -0.7288 -0.6584
-0.0238 -0.7206 -0.6391
-0.0238 -0.7206 -0.6391
-0.0242 -0.7307 -0.6587
-0.0155 -0.7274 -0.6777
-0.0054 -0.7249 -0.6910
-0.0088 -0.7103 -0.6625
-0.0066 -0.7256 -0.6591
-0.0066 -0.7256 -0.6591
-0.0097 -0.7246 -0.6570
-0.0179 -0.7269 -0.6639
-0.0197 -0.7251 -0.6514
-0.0094 -0.7320 -0.6508
-0.0053 -0.7123 -0.6300
-0.0053 -0.7123 -0.6300
-0.0083 -0.7319 -0.6734
-0.0174 -0.7303 -0.6688
-0.0269 -0.7350 -0.6731
-0.0161 -0.7373 -0.6640
-0.0113 -0.7072 -0.6479
-0.0113 -0.7072 -0.6479
-0.0129 -0.7240 -0.6575
-0.0207 -0.7349 -0.6673
-0.0209 -0.7260 -0.6664
-0.0152 -0.7355 -0.6626
-0.0152 -0.7355 -0.6626
-0.0123 -0.7294 -0.6611
-0.0018 -0.7202 -0.6810
-0.0137 -0.7222 -0.6871
-0.0123 -0.7339 -0.6822
-0.0094 -0.7309 -0.6755
-0.0095 -0.7307 -0.6749
-0.0095 -0.7307 -0.6749
-0.0060 -0.7238 -0.6719
-0.0082 -0.7285 -0.6666
-0.0114 -0.7249 -0.6688
-0.0165 -0.7211 -0.6647
-0.0165 -0.7211 -0.6647
-0.0110 -0.7218 -0.6582
-0.0114 -0.7236 -0.6654
-0.0099 -0.7220 -0.6614
-0.0165 -0.7195 -0.6654
-0.0125 -0.7178 -0.6680
-0.0125 -0.7178 -0.6680
-0.0142 -0.7182 -0.6652
-0.0134 -0.7276 -0.6633
-0.0103 -0.7290 -0.6499
-0.0087 -0.7249 -0.6568
-0.0084 -0.7270 -0.6715
-0.0084 -0.7270 -0.6715
0.0006 -0.7429 -0.6846
-0.0086 -0.7325 -0.6817
-0.0092 -0.7209 -0.6917
-0.0098 -0.7195 -0.6669
-0.0098 -0.7195 -0.6669
-0.0224 -0.7282 -0.6525
-0.0143 -0.7410 -0.6676
-0.0072 -0.7256 -0.6710
-0.0094 -0.7144 -0.6699
-0.0069 -0.7170 -0.6640
-0.0069 -0.7170 -0.6640
-0.0233 -0.7150 -0.6625
-0.0115 -0.7179 -0.6432
-0.0264 -0.7122 -0.6686
-0.0086 -0.7394 -0.6596
-0.0142 -0.7338 -0.6800
-0.0142 -0.7338 -0.6800
-0.0041 -0.7288 -0.6929
-0.0086 -0.7162 -0.6692
-0.0192 -0.7303 -0.6573
-0.0197 -0.7352 -0.6635
-0.0221 -0.7217 -0.6648
-0.0221 -0.7217 -0.6648
-0.0169 -0.7298 -0.6824
-0.0044 -0.7298 -0.6728
-0.0077 -0.7232 -0.6613
-0.0119 -0.7233 -0.6540
-0.0212 -0.7261 -0.6574
-0.0212 -0.7261 -0.6574
-0.0205 -0.7191 -0.6620
-0.0183 -0.7230 -0.6667
-0.0069 -0.7201 -0.6749
-0.0071 -0.7233 -0.6756
-0.0141 -0.7228 -0.6703
-0.0141 -0.7228 -0.6703
-0.0138 -0.7205 -0.6637
-0.0205 -0.7258 -0.6723
-0.0103 -0.7306 -0.6756
-0.0088 -0.7285 -0.6796
-0.0088 -0.7285 -0.6796
-0.0123 -0.7236 -0.6694
-0.0073 -0.7240 -0.6703
-0.0160 -0.7208 -0.6643
-0.0143 -0.7238 -0.6641
-0.0110 -0.7284 -0.6781
-0.0110 -0.7284 -0.6781
-0.0083 -0.7197 -0.6758
-0.0090 -0.7247 -0.6712
-0.0110 -0.7222 -0.6609
-0.0155 -0.7214 -0.6713
-0.0070 -0.7272 -0.6692
-0.0070 -0.7272 -0.6692
-0.0059 -0.7280 -0.6534
-0.0053 -0.7281 -0.6526
-0.0003 -0.7265 -0.6626
-0.0110 -0.7241 -0.6780
-0.0110 -0.7241 -0.6780
-0.0115 -0.7312 -0.6716
-0.0170 -0.7255 -0.6624
-0.0142 -0.7266 -0.6658
-0.0097 -0.7233 -0.6669
-0.0157 -0.7276 -0.6767
-0.0084 -0.7233 -0.6556
-0.0084 -0.7233 -0.6556
-0.0127 -0.7169 -0.6646
-0.0186 -0.7243 -0.6679
-0.0187 -0.7268 -0.6638
-0.0097 -0.7376 -0.6574
-0.0091 -0.7243 -0.6546
-0.0091 -0.7243 -0.6546
-0.0020 -0.7252 -0.6591
-0.0042 -0.7256 -0.6671
-0.0109 -0.7211 -0.6645
-0.0245 -0.7212 -0.6672
-0.0245 -0.7212 -0.6672
-0.0037 -0.7401 -0.6750
-0.0004 -0.7374 -0.6799
-0.0099 -0.7331 -0.6757
-0.0001 -0.7179 -0.6567
-0.0201 -0.7287 -0.6580
-0.0201 -0.7287 -0.6580
-0.0148 -0.7322 -0.6674
-0.0080 -0.7319 -0.6684
-0.0136 -0.7316 -0.6625
-0.0136 -0.7280 -0.6657
-0.0166 -0.7380 -0.6638
-0.0166 -0.7380 -0.6638
-0.0133 -0.7321 -0.6611
-0.0072 -0.7208 -0.6526
-0.0073 -0.7296 -0.6670
-0.0065 -0.7308 -0.6679
-0.0065 -0.7308 -0.6679
-0.0028 -0.7273 -0.6550
-0.0023 -0.7270 -0.6605
-0.0019 -0.7203 -0.6575
-0.0018 -0.7294 -0.6669
-0.0027 -0.7323 -0.6595
-0.0027 -0.7323 -0.6595
0.0017 -0.7314 -0.6618
0.0005 -0.7245 -0.6590
0.0003 -0.7339 -0.6678
-0.0015 -0.7283 -0.6534
0.0032 -0.7300 -0.6545
0.0032 -0.7300 -0.6545
0.0060 -0.7366 -0.6626
0.0045 -0.7281 -0.6811
0.0060 -0.7313 -0.6821
-0.0050 -0.7309 -0.6818
-0.0029 -0.7248 -0.6645
-0.0029 -0.7248 -0.6645
-0.0128 -0.7205 -0.6504
-0.0075 -0.7266 -0.6546
-0.0037 -0.7270 -0.6698
-0.0056 -0.7188 -0.6688
-0.0056 -0.7188 -0.6688
-0.0034 -0.7151 -0.6517
-0.0095 -0.7180 -0.6446
-0.0118 -0.7266 -0.6571
-0.0076 -0.7400 -0.6581
-0.0043 -0.7301 -0.6598
-0.0043 -0.7301 -0.6598
0.0000 -0.7331 -0.6660
-0.0087 -0.7292 -0.6753
-0.0143 -0.7323 -0.6755
-0.0156 -0.7319 -0.6711
-0.0101 -0.7293 -0.6819
-0.0101 -0.7293 -0.6819
-0.0099 -0.7166 -0.6973
-0.0095 -0.7225 -0.6878
-0.0205 -0.7226 -0.6599
-0.0209 -0.7170 -0.7007
-0.0132 -0.7276 -0.6764
-0.0132 -0.7276 -0.6764
-0.0163 -0.7268 -0.6755
-0.0025 -0.7223 -0.6709
-0.0124 -0.7105 -0.6486
-0.0122 -0.7200 -0.6544
-0.0100 -0.7242 -0.6640
-0.0100 -0.7242 -0.6640
-0.0116 -0.7269 -0.6636
-0.0050 -0.7221 -0.6493
-0.0115 -0.7220 -0.6515
-0.0156 -0.7260 -0.6724
-0.0156 -0.7260 -0.6724
-0.0126 -0.7237 -0.6833
-0.0147 -0.7269 -0.6900
-0.0098 -0.7257 -0.6744
-0.0132 -0.7246 -0.6665
-0.0111 -0.7325 -0.6692
-0.0111 -0.7325 -0.6692
-0.0206 -0.7224 -0.6693
-0.0152 -0.7229 -0.6620
-0.0100 -0.7130 -0.6537
-0.0116 -0.7180 -0.6562
-0.0135 -0.7152 -0.6579
-0.0135 -0.7152 -0.6579
-0.0137 -0.7206 -0.6674
-0.0012 -0.7212 -0.6679
-0.0151 -0.7200 -0.6677
-0.0187 -0.7246 -0.6770
-0.0179 -0.7301 -0.6834
-0.0179 -0.7301 -0.6834
-0.0130 -0.7298 -0.6830
-0.0083 -0.7304 -0.6869
-0.0068 -0.7270 -0.6738
-0.0138 -0.7292 -0.6689
-0.0138 -0.7292 -0.6689
-0.0066 -0.7188 -0.6804
0.0007 -0.6933 -0.6272
-0.0018 -0.7057 -0.7136
-0.0143 -0.7787 -0.7092
-0.0212 -0.7390 -0.6593
-0.0017 -0.7272 -0.6833
0.0269 -0.6639 -0.6316
-0.0078 -0.7290 -0.7012
-0.0134 -0.7471 -0.6528
0.0053 -0.7167 -0.6326
0.0053 -0.7167 -0.6326
0.0083 -0.7285 -0.6468
0.0044 -0.7167 -0.6482
-0.0033 -0.7217 -0.6304
0.0118 -0.7322 -0.6419
0.0229 -0.7292 -0.6287
0.0384 -0.7298 -0.6449
0.0500 -0.7250 -0.6422
0.0602 -0.7180 -0.6472
0.0751 -0.7142 -0.6328
0.0751 -0.7142 -0.6328
0.0892 -0.6983 -0.6316
0.1037 -0.6936 -0.6552
0.1192 -0.6649 -0.6486
0.1228 -0.6602 -0.6321
0.1389 -0.6781 -0.5871
0.1389 -0.6781 -0.5871
0.1534 -0.6914 -0.5737
0.1694 -0.7063 -0.5848
0.1752 -0.7145 -0.5868
0.1641 -0.7219 -0.6179
0.1609 -0.7178 -0.6472
0.1609 -0.7178 -0.6472
0.1771 -0.7185 -0.7064
0.1845 -0.6961 -0.7465
0.2033 -0.6646 -0.7707
0.2256 -0.6374 -0.7524
0.2244 -0.5771 -0.6904
0.2244 -0.5771 -0.6904
0.1980 -0.5492 -0.6458
0.1488 -0.5635 -0.6435
0.1314 -0.5778 -0.6670
0.1243 -0.5880 -0.6886
0.1243 -0.5880 -0.6886
0.1319 -0.6131 -0.6991
0.1230 -0.6175 -0.6856
0.1099 -0.6632 -0.6763
0.1253 -0.6930 -0.7309
0.1291 -0.6935 -0.7415
0.1291 -0.6935 -0.7415
0.1242 -0.6782 -0.7724
0.1291 -0.6926 -0.7859
0.1207 -0.6866 -0.7813
0.0827 -0.6954 -0.7870
0.0892 -0.6821 -0.7356
0.0892 -0.6821 -0.7356
0.1087 -0.6245 -0.6884
0.1115 -0.5975 -0.6614
0.1162 -0.5762 -0.7487
0.1080 -0.4964 -0.7713
0.0545 -0.4492 -0.8291
0.0545 -0.4492 -0.8291
-0.0139 -0.4658 -0.8913
-0.1110 -0.4626 -0.9222
-0.1742 -0.4894 -1.0234
-0.1330 -0.5096 -1.1006
-0.1330 -0.5096 -1.1006
-0.1127 -0.4881 -1.0678
-0.0783 -0.5294 -1.0179
-0.0606 -0.5638 -1.0419
-0.0972 -0.5296 -1.1303
-0.0969 -0.5062 -1.1894
-0.0969 -0.5062 -1.1894
-0.0827 -0.4509 -1.2211
-0.0520 -0.4167 -1.2017
-0.0244 -0.3935 -1.0963
-0.0400 -0.4081 -0.9349
-0.0761 -0.4456 -0.8536
-0.0761 -0.4456 -0.8536
-0.0867 -0.5099 -0.7867
-0.1101 -0.4445 -0.8097
-0.1009 -0.4649 -0.7510
-0.0931 -0.4868 -0.7310
-0.0903 -0.4822 -0.6959
-0.0903 -0.4822 -0.6959
-0.0734 -0.5115 -0.6915
-0.0661 -0.5164 -0.6964
-0.0789 -0.5075 -0.6647
-0.0694 -0.4948 -0.6460
-0.0546 -0.5086 -0.6360
-0.0546 -0.5086 -0.6360
-0.0548 -0.4908 -0.6733
-0.0700 -0.4916 -0.6714
-0.0774 -0.4992 -0.7245
-0.0752 -0.5179 -0.7249
-0.0752 -0.5179 -0.7249
-0.0691 -0.5209 -0.7293
-0.0606 -0.5410 -0.7450
-0.0328 -0.5717 -0.7654
-0.0140 -0.5672 -0.7491
0.0259 -0.6151 -0.7747
0.0259 -0.6151 -0.7747
0.0541 -0.6439 -0.7989
0.0940 -0.6349 -0.8276
0.1160 -0.6193 -0.9331
0.1256 -0.6043 -0.9816
0.1622 -0.6165 -0.9960
0.1622 -0.6165 -0.9960
0.1733 -0.5873 -1.0639
0.1677 -0.5723 -1.1474
0.1656 -0.5658 -1.1262
0.1853 -0.4644 -1.0756
0.2290 -0.4287 -0.9970
0.2290 -0.4287 -0.9970
0.2698 -0.4455 -0.8760
0.2899 -0.4832 -0.7872
0.2843 -0.5441 -0.8031
0.2410 -0.5476 -0.8253
0.2103 -0.4736 -0.8164
0.2103 -0.4736 -0.8164
0.1966 -0.4326 -0.8398
0.1847 -0.4160 -0.8549
0.1781 -0.3914 -0.8135
0.1696 -0.3747 -0.7621
0.1696 -0.3747 -0.7621
0.1544 -0.3822 -0.7343
0.1435 -0.4037 -0.6965
0.1154 -0.4199 -0.6679
0.0811 -0.4560 -0.6415
0.0576 -0.5009 -0.6601
0.0576 -0.5009 -0.6601
0.0377 -0.5193 -0.6628
0.0195 -0.5320 -0.6976
0.0042 -0.5466 -0.7072
0.0061 -0.5581 -0.7437
0.0178 -0.5604 -0.7727
0.0178 -0.5604 -0.7727
0.0365 -0.5665 -0.8176
0.0550 -0.5786 -0.8844
0.0428 -0.5738 -0.9829
-0.0005 -0.5161 -1.1244
-0.0675 -0.4789 -1.2027
-0.0675 -0.4789 -1.2027
-0.1299 -0.4683 -1.2185
-0.2084 -0.4695 -1.2271
-0.2686 -0.4876 -1.1819
-0.3260 -0.4031 -1.2416
-0.3511 -0.2669 -1.2844
-0.3511 -0.2669 -1.2844
-0.3198 -0.1704 -1.1887
-0.2944 -0.1943 -0.9736
-0.2317 -0.3067 -0.8161
-0.1934 -0.3893 -0.7196
-0.1934 -0.3893 -0.7196
-0.1929 -0.4329 -0.6924
-0.2057 -0.3859 -0.7496
-0.1623 -0.2731 -0.8307
-0.0804 -0.2281 -0.8407
0.0020 -0.2510 -0.7287
0.0020 -0.2510 -0.7287
0.0813 -0.3416 -0.6602
0.1065 -0.4449 -0.5865
0.1073 -0.5128 -0.5761
0.1051 -0.5635 -0.5941
0.1387 -0.6230 -0.6546
0.1387 -0.6230 -0.6546
0.1459 -0.6367 -0.7090
0.1314 -0.6454 -0.7567
0.1185 -0.6662 -0.7995
0.1246 -0.6484 -0.8204
0.1523 -0.6439 -0.8373
0.1523 -0.6439 -0.8373
0.1941 -0.6755 -0.8576
0.2411 -0.7131 -0.8447
0.2743 -0.7373 -0.8610
0.3070 -0.7765 -0.8952
0.3070 -0.7765 -0.8952
0.3195 -0.7852 -0.8898
0.3018 -0.7535 -0.9258
0.2752 -0.7296 -0.9541
0.2638 -0.6454 -0.9766
0.2613 -0.5276 -0.9961
0.2613 -0.5276 -0.9961
0.2944 -0.4515 -0.9283
0.3434 -0.4575 -0.8105
0.3804 -0.5166 -0.6844
0.4034 -0.5949 -0.6684
0.3452 -0.5924 -0.7190
0.3452 -0.5924 -0.7190
0.2337 -0.5407 -0.8520
0.1635 -0.4820 -0.9717
0.1016 -0.3821 -0.9320
0.0475 -0.3292 -0.8657
0.0083 -0.3455 -0.8385
0.0083 -0.3455 -0.8385
-0.0231 -0.3704 -0.8153
-0.0487 -0.3546 -0.7963
-0.0849 -0.3693 -0.7765
-0.1459 -0.4053 -0.7239
-0.2085 -0.4526 -0.6679
-0.2085 -0.4526 -0.6679
-0.2554 -0.4973 -0.6406
-0.2762 -0.5358 -0.6236
-0.2504 -0.5710 -0.6408
-0.2170 -0.6061 -0.6965
-0.2170 -0.6061 -0.6965
-0.1946 -0.6389 -0.7326
-0.1611 -0.6543 -0.7760
-0.1238 -0.6593 -0.8585
-0.1055 -0.6346 -0.9611
-0.1194 -0.6144 -1.0358
-0.1194 -0.6144 -1.0358
-0.1617 -0.6193 -1.0692
-0.2174 -0.6003 -1.1402
-0.2285 -0.5874 -1.1423
-0.2368 -0.5033 -1.1724
-0.2749 -0.3954 -1.1832
-0.2749 -0.3954 -1.1832
-0.2752 -0.3297 -1.0854
-0.2497 -0.3447 -0.8941
-0.1904 -0.4651 -0.7604
-0.1731 -0.5258 -0.6558
-0.2009 -0.5412 -0.6753
-0.2009 -0.5412 -0.6753
-0.2284 -0.5126 -0.7455
-0.2133 -0.4095 -0.8287
-0.1730 -0.3656 -0.7820
-0.0873 -0.3778 -0.6851
-0.0057 -0.4487 -0.6084
-0.0057 -0.4487 -0.6084
0.0352 -0.4988 -0.5470
0.0518 -0.5465 -0.5430
0.0560 -0.6052 -0.5517
0.0683 -0.6432 -0.5647
0.0683 -0.6432 -0.5647
0.0671 -0.6756 -0.5778
0.0840 -0.6790 -0.6153
0.0964 -0.6679 -0.6935
0.1289 -0.6600 -0.8096
0.1878 -0.6530 -0.8813
0.1878 -0.6530 -0.8813
0.2605 -0.6581 -0.9307
0.3044 -0.6932 -0.9551
0.3127 -0.7012 -0.9393
0.3027 -0.6775 -0.9692
0.2924 -0.6918 -0.9672
0.2924 -0.6918 -0.9672
0.2919 -0.6677 -0.9626
0.3027 -0.6339 -0.8970
0.3602 -0.6554 -0.8406
0.3976 -0.6376 -0.7975
0.3947 -0.5404 -0.8392
0.3947 -0.5404 -0.8392
0.3902 -0.4926 -0.8297
0.3938 -0.4545 -0.7248
0.4015 -0.4924 -0.5998
0.4131 -0.5668 -0.5386
0.4131 -0.5668 -0.5386
0.4014 -0.5733 -0.5606
0.3600 -0.5529 -0.6390
0.2997 -0.5145 -0.7451
0.2544 -0.4877 -0.8558
0.1913 -0.4265 -0.9103
0.1913 -0.4265 -0.9103
0.1057 -0.3693 -0.8676
0.0201 -0.3587 -0.8421
-0.0273 -0.3941 -0.8228
-0.0297 -0.3925 -0.7894
-0.0309 -0.3911 -0.8079
-0.0309 -0.3911 -0.8079
-0.0593 -0.4216 -0.8060
-0.0942 -0.4452 -0.7968
-0.1158 -0.4795 -0.8187
-0.1431 -0.4960 -0.8470
-0.1780 -0.4890 -0.8569
-0.1780 -0.4890 -0.8569
-0.1977 -0.4968 -0.8458
-0.2033 -0.5626 -0.8336
-0.2065 -0.6344 -0.8346
-0.2012 -0.6542 -0.8960
-0.1952 -0.6413 -0.9574
-0.1952 -0.6413 -0.9574
-0.1894 -0.6347 -0.9836
-0.1877 -0.6245 -0.9840
-0.1916 -0.6346 -1.0039
-0.1913 -0.6367 -1.0519
-0.1913 -0.6367 -1.0519
-0.2400 -0.5877 -1.1682
-0.3174 -0.4442 -1.2473
-0.3272 -0.3172 -1.2420
-0.2824 -0.2924 -1.0783
-0.2402 -0.3644 -0.8860
-0.2402 -0.3644 -0.8860
-0.1905 -0.4654 -0.7396
-0.1736 -0.5211 -0.6913
-0.2138 -0.5137 -0.7612
-0.2238 -0.4276 -0.8422
-0.1865 -0.3158 -0.8858
-0.1865 -0.3158 -0.8858
-0.1091 -0.2925 -0.8488
-0.0361 -0.3138 -0.7626
0.0234 -0.3455 -0.6705
0.0686 -0.3870 -0.6141
0.1100 -0.4663 -0.5960
0.1100 -0.4663 -0.5960
0.1352 -0.5163 -0.5847
0.1558 -0.5660 -0.5805
0.1801 -0.5995 -0.5843
0.1928 -0.6083 -0.6163
0.1836 -0.6101 -0.6702
0.1836 -0.6101 -0.6702
0.2001 -0.6180 -0.7222
0.2395 -0.6157 -0.7785
0.2724 -0.6293 -0.7696
0.3031 -0.6768 -0.7886
0.3031 -0.6768 -0.7886
0.3020 -0.7050 -0.8021
0.2876 -0.7142 -0.8255
0.2821 -0.7268 -0.8577
0.2781 -0.7295 -0.9219
0.2472 -0.6740 -0.9242
0.2472 -0.6740 -0.9242
0.2617 -0.6880 -0.8848
0.2928 -0.7424 -0.8292
0.2659 -0.7206 -0.8525
0.1971 -0.6258 -0.9328
0.1663 -0.5152 -0.9762
0.1663 -0.5152 -0.9762
0.1672 -0.4353 -0.8593
0.1819 -0.4639 -0.7147
0.1958 -0.5687 -0.6142
0.2061 -0.6327 -0.5762
0.1810 -0.6463 -0.6545
0.1810 -0.6463 -0.6545
0.1354 -0.6283 -0.8914
0.1003 -0.5467 -1.0984
0.0547 -0.4402 -1.1315
0.0087 -0.3407 -1.0634
0.0087 -0.3407 -1.0634
-0.0230 -0.3263 -0.9601
-0.0528 -0.3320 -0.8946
-0.0722 -0.3443 -0.9002
-0.0969 -0.3402 -0.7997
-0.1181 -0.3294 -0.7174
-0.1181 -0.3294 -0.7174
-0.1571 -0.4038 -0.6651
-0.2050 -0.4658 -0.6485
-0.2537 -0.4976 -0.6618
-0.2892 -0.5118 -0.7162
-0.3123 -0.5305 -0.7745
-0.3123 -0.5305 -0.7745
-0.3317 -0.5367 -0.7710
-0.3472 -0.5296 -0.8035
-0.3591 -0.5455 -0.8374
-0.3579 -0.5592 -0.8522
-0.3378 -0.5669 -0.8507
-0.3378 -0.5669 -0.8507
-0.3170 -0.6105 -0.8436
-0.3120 -0.6456 -0.8571
-0.3149 -0.6512 -0.8651
-0.3153 -0.6463 -0.8592
-0.3043 -0.6436 -0.8633
-0.3043 -0.6436 -0.8633
-0.2987 -0.6305 -0.8960
-0.2933 -0.5746 -0.9331
-0.2682 -0.4595 -0.9801
-0.2289 -0.3645 -0.9914
-0.2289 -0.3645 -0.9914
-0.1892 -0.3339 -0.9870
-0.1726 -0.3272 -0.9281
-0.1639 -0.3428 -0.9057
-0.1427 -0.3757 -0.8870
-0.1384 -0.4014 -0.8943
-0.1384 -0.4014 -0.8943
-0.1720 -0.4039 -0.9104
-0.1942 -0.4070 -0.9109
-0.1988 -0.4189 -0.9489
-0.1947 -0.3956 -0.9961
-0.2159 -0.3575 -0.9984
-0.2159 -0.3575 -0.9984
-0.2056 -0.3394 -0.9681
-0.1886 -0.3401 -0.9604
-0.1475 -0.3712 -0.9606
-0.1234 -0.4054 -0.9664
-0.1300 -0.4124 -0.9514
-0.1300 -0.4124 -0.9514
-0.1304 -0.4277 -0.9412
-0.1348 -0.4531 -0.9329
-0.1546 -0.4736 -0.8868
-0.1650 -0.4907 -0.8570
-0.1591 -0.5053 -0.8612
-0.1591 -0.5053 -0.8612
-0.1446 -0.4902 -0.8305
-0.1044 -0.4765 -0.8378
-0.0732 -0.4691 -0.8054
-0.0460 -0.4751 -0.7697
-0.0460 -0.4751 -0.7697
-0.0178 -0.4972 -0.7224
-0.0123 -0.5280 -0.6832
0.0063 -0.5435 -0.6889
0.0342 -0.5363 -0.6854
0.0619 -0.5252 -0.7108
0.0619 -0.5252 -0.7108
0.0872 -0.5368 -0.7231
0.1084 -0.5520 -0.7054
0.1187 -0.6020 -0.6559
0.1282 -0.6808 -0.6437
0.1221 -0.7010 -0.7146
0.1221 -0.7010 -0.7146
0.1019 -0.6608 -0.8304
0.1063 -0.6262 -0.9491
0.1214 -0.6100 -0.9976
0.1172 -0.5987 -0.9498
0.1157 -0.6172 -0.9073
0.1157 -0.6172 -0.9073
0.1210 -0.6285 -0.8486
0.1487 -0.6238 -0.8148
0.1893 -0.6056 -0.7795
0.2418 -0.5918 -0.7264
0.2418 -0.5918 -0.7264
0.2569 -0.5675 -0.6905
0.2390 -0.5656 -0.6732
0.2115 -0.5581 -0.6502
0.1931 -0.5650 -0.6623
0.1605 -0.5713 -0.6514
0.1605 -0.5713 -0.6514
0.1230 -0.5982 -0.6475
0.0941 -0.6433 -0.6255
0.0798 -0.6935 -0.6343
0.0813 -0.7203 -0.6876
0.0882 -0.7581 -0.7456
0.0882 -0.7581 -0.7456
0.0759 -0.7728 -0.8038
0.0593 -0.7531 -0.8497
0.0754 -0.7271 -0.8744
0.0944 -0.7164 -0.8919
0.1022 -0.7077 -0.8898
0.1022 -0.7077 -0.8898
0.1008 -0.6825 -0.9040
0.0881 -0.6597 -0.8920
0.0904 -0.6514 -0.8569
0.0987 -0.6587 -0.8282
0.0859 -0.6465 -0.7971
0.0859 -0.6465 -0.7971
0.0643 -0.6131 -0.8095
0.0382 -0.5695 -0.8560
0.0098 -0.5240 -0.8871
-0.0226 -0.4939 -0.9011
-0.0226 -0.4939 -0.9011
-0.0452 -0.4388 -0.9689
-0.0721 -0.3318 -1.1053
-0.0900 -0.2256 -1.2365
-0.0985 -0.1552 -1.1402
-0.1569 -0.1216 -0.9944
-0.1569 -0.1216 -0.9944
-0.1819 -0.2418 -0.8751
-0.1957 -0.3702 -0.7684
-0.1789 -0.4103 -0.7094
-0.1441 -0.3704 -0.6740
-0.0472 -0.3594 -0.7164
-0.0472 -0.3594 -0.7164
0.0574 -0.3878 -0.7314
0.1210 -0.4290 -0.7375
0.1392 -0.4611 -0.7094
0.1345 -0.4831 -0.6822
0.1550 -0.5328 -0.6676
0.1550 -0.5328 -0.6676
0.1764 -0.5988 -0.6576
0.1953 -0.6328 -0.6669
0.2271 -0.6845 -0.6972
0.2199 -0.6893 -0.7278
0.2199 -0.6893 -0.7278
0.2285 -0.6821 -0.7737
0.2618 -0.6878 -0.7879
0.2988 -0.6902 -0.8102
0.3213 -0.6907 -0.8428
0.3101 -0.6789 -0.8876
0.3101 -0.6789 -0.8876
0.2914 -0.6812 -0.9410
0.2724 -0.7108 -0.9978
0.2435 -0.7457 -1.0575
0.2041 -0.7789 -1.0943
0.1493 -0.7619 -1.1420
0.1493 -0.7619 -1.1420
0.0796 -0.6864 -1.1501
0.0398 -0.5830 -1.0947
0.0737 -0.5191 -0.9308
0.1800 -0.5284 -0.7728
0.2900 -0.5740 -0.6564
0.2900 -0.5740 -0.6564
0.3702 -0.6184 -0.6384
0.4090 -0.6122 -0.6817
0.3931 -0.5377 -0.7921
0.3651 -0.4454 -0.9105
0.3380 -0.3723 -0.9203
0.3380 -0.3723 -0.9203
0.2681 -0.3076 -0.8494
0.1963 -0.3138 -0.8158
0.1357 -0.3384 -0.7930
0.0842 -0.3681 -0.7414
0.0842 -0.3681 -0.7414
0.0259 -0.4056 -0.6862
-0.0235 -0.4510 -0.6109
-0.0672 -0.5003 -0.5635
-0.0922 -0.5488 -0.5124
-0.0894 -0.5675 -0.5231
-0.0894 -0.5675 -0.5231
-0.0809 -0.5769 -0.5499
-0.0604 -0.5844 -0.5797
-0.0255 -0.6106 -0.5929
-0.0069 -0.6500 -0.6175
-0.0101 -0.6696 -0.6442
-0.0101 -0.6696 -0.6442
-0.0299 -0.6590 -0.7313
-0.0534 -0.6292 -0.8683
-0.0616 -0.6234 -0.9680
-0.0672 -0.6098 -1.0401
-0.0768 -0.5561 -1.1606
-0.0768 -0.5561 -1.1606
-0.0925 -0.4210 -1.2797
-0.1076 -0.2768 -1.2966
-0.0958 -0.2340 -1.1775
-0.0885 -0.3486 -1.0605
-0.1244 -0.4921 -0.9218
-0.1244 -0.4921 -0.9218
-0.2093 -0.5173 -0.9123
-0.2669 -0.5395 -0.8413
-0.2355 -0.4760 -0.8091
-0.1665 -0.4477 -0.6885
-0.1665 -0.4477 -0.6885
-0.1069 -0.4873 -0.5704
-0.0372 -0.5233 -0.5152
0.0357 -0.5437 -0.4878
0.0779 -0.5662 -0.4695
0.1315 -0.5948 -0.5137
0.1315 -0.5948 -0.5137
0.1678 -0.6295 -0.5638
0.1878 -0.6748 -0.6122
0.1923 -0.6696 -0.6706
0.1920 -0.6782 -0.7507
0.2026 -0.6728 -0.8507
0.2026 -0.6728 -0.8507
0.2149 -0.6671 -0.9095
0.2243 -0.6769 -0.9187
0.2458 -0.7136 -0.9147
0.2369 -0.7299 -0.9407
0.2027 -0.7307 -0.9840
0.2027 -0.7307 -0.9840
0.1930 -0.7419 -1.0007
0.1978 -0.7674 -0.9882
0.1958 -0.7446 -0.9801
0.2092 -0.6891 -1.0040
0.2350 -0.6156 -0.9748
0.2350 -0.6156 -0.9748
0.2667 -0.5278 -0.8720
0.2961 -0.5092 -0.7188
0.3580 -0.5457 -0.6211
0.4129 -0.6066 -0.5588
0.4129 -0.6066 -0.5588
0.4177 -0.6192 -0.6077
0.3568 -0.5824 -0.7108
0.2867 -0.5106 -0.8716
0.2376 -0.4463 -0.9768
0.1609 -0.3616 -0.9749
0.1609 -0.3616 -0.9749
0.0731 -0.3108 -0.8845
-0.0074 -0.3231 -0.8945
-0.0925 -0.3581 -0.8598
-0.1543 -0.3474 -0.7848
-0.1618 -0.3611 -0.7547
-0.1618 -0.3611 -0.7547
-0.1551 -0.4334 -0.6800
-0.1528 -0.4602 -0.6096
-0.1459 -0.4901 -0.6029
-0.1487 -0.5199 -0.6138
-0.1705 -0.5168 -0.6369
-0.1705 -0.5168 -0.6369
-0.1822 -0.5462 -0.6711
-0.1730 -0.5933 -0.6972
-0.1651 -0.6242 -0.7625
-0.1867 -0.6159 -0.8878
-0.2289 -0.6067 -1.0215
-0.2289 -0.6067 -1.0215
-0.2766 -0.6216 -1.1067
-0.3303 -0.6137 -1.2178
-0.3993 -0.5221 -1.3222
-0.4647 -0.3666 -1.3319
-0.4647 -0.3666 -1.3319
-0.4588 -0.2719 -1.2012
-0.4073 -0.2980 -0.9621
-0.3459 -0.4334 -0.8284
-0.3159 -0.5157 -0.7308
-0.3414 -0.5367 -0.7044
-0.3414 -0.5367 -0.7044
-0.3319 -0.5126 -0.6876
-0.2625 -0.4298 -0.7071
-0.1853 -0.3901 -0.6276
-0.1598 -0.4568 -0.5265
-0.1181 -0.4963 -0.4998
-0.1181 -0.4963 -0.4998
-0.0405 -0.5196 -0.5357
0.0163 -0.5571 -0.6034
0.0387 -0.6036 -0.5831
0.0576 -0.6340 -0.5916
0.0877 -0.6839 -0.6121
0.0877 -0.6839 -0.6121
0.1080 -0.7099 -0.6780
0.1255 -0.6943 -0.7534
0.1572 -0.6967 -0.8169
0.2021 -0.6916 -0.8634
0.2021 -0.6916 -0.8634
0.3041 -0.7087 -0.9283
0.3725 -0.6927 -0.9573
0.3950 -0.6839 -1.0047
0.3680 -0.6436 -1.0098
0.3705 -0.6631 -0.9758
0.3705 -0.6631 -0.9758
0.3804 -0.6964 -0.9227
0.3700 -0.6820 -0.8407
0.3561 -0.6907 -0.7763
0.3391 -0.6394 -0.7657
0.3088 -0.5483 -0.7795
0.3088 -0.5483 -0.7795
0.2958 -0.5065 -0.7202
0.3156 -0.5308 -0.6062
0.3455 -0.5935 -0.5051
0.3507 -0.6433 -0.5057
0.3595 -0.6444 -0.6731
0.3595 -0.6444 -0.6731
0.3909 -0.5551 -0.8636
0.3704 -0.5187 -1.0237
0.3527 -0.3934 -1.0416
0.3469 -0.3327 -0.9647
0.3382 -0.3112 -0.8921
0.3382 -0.3112 -0.8921
0.3053 -0.2851 -0.8880
0.2744 -0.2847 -0.9124
0.2128 -0.2834 -0.9037
0.1654 -0.3063 -0.8716
0.1654 -0.3063 -0.8716
0.1466 -0.3329 -0.8294
0.1232 -0.3425 -0.7910
0.0982 -0.3438 -0.7727
0.0864 -0.3258 -0.7632
0.0920 -0.3062 -0.7603
0.0920 -0.3062 -0.7603
0.0998 -0.2998 -0.7564
0.1120 -0.2844 -0.7784
0.1085 -0.2959 -0.8102
0.0729 -0.3032 -0.8762
0.0679 -0.3509 -0.9215
0.0679 -0.3509 -0.9215
0.0649 -0.4467 -0.9569
0.0256 -0.4595 -1.0155
0.0110 -0.4403 -1.1357
-0.0090 -0.3425 -1.2457
0.0328 -0.2929 -1.2123
0.0328 -0.2929 -1.2123
0.0699 -0.3282 -1.0777
0.0768 -0.3910 -0.9117
0.0835 -0.4588 -0.9179
0.0604 -0.4753 -0.9119
0.0766 -0.4562 -0.9397
0.0766 -0.4562 -0.9397
0.1079 -0.4536 -0.9808
0.1100 -0.4765 -0.8893
0.1461 -0.4343 -0.7592
0.2279 -0.3919 -0.7227
0.2279 -0.3919 -0.7227
0.2184 -0.4549 -0.7216
0.1895 -0.4564 -0.7402
0.1706 -0.4620 -0.7760
0.1700 -0.4610 -0.7936
0.1750 -0.4500 -0.8278
0.1750 -0.4500 -0.8278
0.1755 -0.4274 -0.8857
0.1595 -0.3843 -0.9485
0.1442 -0.3416 -1.0070
0.1100 -0.3008 -1.0283
0.0590 -0.2856 -1.0792
0.0590 -0.2856 -1.0792
-0.0451 -0.2920 -1.0991
-0.1700 -0.3030 -1.1263
-0.2352 -0.2933 -1.0103
-0.1664 -0.3089 -0.9098
-0.1203 -0.3392 -0.8422
-0.1203 -0.3392 -0.8422
-0.0900 -0.3156 -0.8191
-0.0888 -0.2890 -0.8582
-0.0850 -0.2645 -0.9011
-0.1075 -0.2490 -0.9034
-0.1075 -0.2490 -0.9034
-0.1385 -0.2615 -0.8801
-0.1478 -0.2653 -0.8792
-0.1465 -0.2984 -0.8622
-0.1313 -0.3342 -0.8522
-0.1094 -0.3692 -0.8481
-0.1094 -0.3692 -0.8481
-0.0954 -0.3719 -0.9216
-0.0878 -0.3227 -1.0413
-0.0782 -0.2894 -1.1146
-0.0011 -0.2865 -1.0643
0.0783 -0.3228 -0.9224
0.0783 -0.3228 -0.9224
0.1605 -0.4051 -0.8623
0.1840 -0.4331 -0.8635
0.1730 -0.4134 -0.9199
0.1551 -0.3964 -0.9976
0.1574 -0.3719 -1.0127
0.1574 -0.3719 -1.0127
0.1741 -0.3543 -0.9972
0.1979 -0.3549 -0.9955
0.1909 -0.3606 -0.9775
0.1692 -0.3624 -0.9191
0.1776 -0.3889 -0.8787
0.1776 -0.3889 -0.8787
0.1782 -0.4073 -0.8517
0.1659 -0.4057 -0.8817
0.1432 -0.3997 -0.8952
0.1274 -0.3986 -0.8826
0.1274 -0.3986 -0.8826
0.1318 -0.4154 -0.9015
0.1165 -0.4358 -0.9375
0.1326 -0.4736 -0.9926
0.1320 -0.5005 -1.0428
0.1602 -0.5336 -1.1406
0.1602 -0.5336 -1.1406
0.1777 -0.5103 -1.1425
0.1493 -0.4719 -1.1743
0.1350 -0.4457 -1.1321
0.1394 -0.4574 -1.0517
0.1256 -0.5202 -0.9386
0.1256 -0.5202 -0.9386
0.0896 -0.5973 -0.8883
0.0623 -0.6326 -0.8675
0.0079 -0.6312 -0.8982
-0.0240 -0.5731 -0.9648
-0.0839 -0.5255 -1.0282
-0.0839 -0.5255 -1.0282
-0.1473 -0.4958 -0.9588
-0.2064 -0.5000 -0.8041
-0.2291 -0.4982 -0.6467
-0.2239 -0.5230 -0.5554
-0.2239 -0.5230 -0.5554
-0.1991 -0.5298 -0.4732
-0.1634 -0.5093 -0.4864
-0.1413 -0.5269 -0.5619
-0.1872 -0.5496 -0.6224
-0.2094 -0.5028 -0.5809
-0.2094 -0.5028 -0.5809
-0.1620 -0.5594 -0.6015
-0.1335 -0.5944 -0.6227
-0.0983 -0.5851 -0.6634
-0.1350 -0.6040 -0.6883
-0.0958 -0.6274 -0.6687
-0.0958 -0.6274 -0.6687
-0.0789 -0.6536 -0.6226
-0.0404 -0.6600 -0.6772
-0.0360 -0.6706 -0.6978
-0.0503 -0.7092 -0.7364
-0.0101 -0.6974 -0.6665
-0.0101 -0.6974 -0.6665
0.0320 -0.6735 -0.6380
0.0557 -0.6866 -0.6446
0.0350 -0.7081 -0.6627
-0.0259 -0.7101 -0.6804
-0.0417 -0.7188 -0.7108
-0.0417 -0.7188 -0.7108
-0.0111 -0.7185 -0.7069
-0.0141 -0.7115 -0.7356
-0.0406 -0.7196 -0.7458
-0.0254 -0.6953 -0.7130
-0.0254 -0.6953 -0.7130
0.0098 -0.6729 -0.6930
0.0306 -0.6816 -0.6994
0.0242 -0.6861 -0.7296
0.0128 -0.6880 -0.6974
0.0077 -0.6855 -0.6788
0.0077 -0.6855 -0.6788
0.0044 -0.6907 -0.6735
-0.0021 -0.6994 -0.6746
-0.0016 -0.7114 -0.6925
-0.0078 -0.7052 -0.6976
0.0006 -0.6958 -0.6878
0.0006 -0.6958 -0.6878
0.0177 -0.6900 -0.6827
0.0166 -0.6867 -0.6501
0.0082 -0.7027 -0.6582
0.0102 -0.7088 -0.6901
0.0063 -0.6918 -0.7086
0.0063 -0.6918 -0.7086
-0.0009 -0.6851 -0.7028
0.0048 -0.7024 -0.6871
0.0116 -0.7065 -0.6760
0.0134 -0.6973 -0.6818
0.0131 -0.6943 -0.6936
0.0131 -0.6943 -0.6936
0.0070 -0.6914 -0.7183
0.0052 -0.7036 -0.7390
0.0050 -0.7078 -0.7140
0.0090 -0.7057 -0.7002
0.0090 -0.7057 -0.7002
0.0024 -0.7007 -0.7023
-0.0118 -0.6886 -0.6912
-0.0046 -0.7111 -0.7000
-0.0018 -0.7036 -0.6831
0.0053 -0.6923 -0.6724
0.0053 -0.6923 -0.6724
0.0086 -0.6934 -0.6868
0.0045 -0.6938 -0.6997
0.0071 -0.6797 -0.7028
0.0025 -0.6912 -0.7007
-0.0018 -0.6910 -0.7064
-0.0018 -0.6910 -0.7064
-0.0025 -0.6909 -0.7095
-0.0083 -0.6909 -0.7061
-0.0102 -0.6964 -0.6910
-0.0085 -0.7030 -0.6955
-0.0011 -0.7047 -0.6888
-0.0011 -0.7047 -0.6888
0.0023 -0.7084 -0.6794
0.0000 -0.7079 -0.6901
0.0054 -0.7100 -0.6989
0.0088 -0.6955 -0.7204
0.0088 -0.6955 -0.7204
-0.0045 -0.6988 -0.7054
-0.0085 -0.6961 -0.6891
-0.0016 -0.6944 -0.6814
0.0026 -0.6976 -0.6867
-0.0037 -0.7029 -0.6825
-0.0020 -0.7041 -0.6820
-0.0020 -0.7041 -0.6820
0.0023 -0.7045 -0.6796
-0.0040 -0.6951 -0.6910
-0.0124 -0.6995 -0.7034
-0.0135 -0.6956 -0.7055
-0.0006 -0.6982 -0.7135
-0.0006 -0.6982 -0.7135
-0.0007 -0.6970 -0.7006
-0.0073 -0.6997 -0.6759
-0.0059 -0.7103 -0.6952
-0.0017 -0.6961 -0.7151
-0.0017 -0.6961 -0.7151
0.0018 -0.6863 -0.7063
-0.0095 -0.6972 -0.6977
-0.0117 -0.7018 -0.7083
-0.0150 -0.7043 -0.7022
-0.0086 -0.7016 -0.6850
-0.0086 -0.7016 -0.6850
-0.0055 -0.6942 -0.6921
-0.0013 -0.6989 -0.6974
-0.0081 -0.6940 -0.6977
-0.0102 -0.7048 -0.7013
-0.0080 -0.7037 -0.6892
-0.0080 -0.7037 -0.6892
-0.0005 -0.7036 -0.6853
-0.0016 -0.6955 -0.6977
-0.0096 -0.6942 -0.7054
-0.0029 -0.6932 -0.7126
-0.0037 -0.6956 -0.7098
-0.0037 -0.6956 -0.7098
-0.0021 -0.6921 -0.6858
-0.0021 -0.6937 -0.6922
-0.0026 -0.6922 -0.6976
-0.0006 -0.7044 -0.6773
0.0004 -0.7077 -0.6905
0.0004 -0.7077 -0.6905
-0.0012 -0.6958 -0.7145
0.0029 -0.6955 -0.7239
0.0022 -0.7046 -0.7148
0.0003 -0.7035 -0.7045
0.0003 -0.7035 -0.7045
0.0010 -0.7037 -0.6905
0.0064 -0.6957 -0.6943
-0.0018 -0.7032 -0.6986
0.0064 -0.7066 -0.6988
0.0042 -0.6958 -0.6776
0.0082 -0.7065 -0.6900
-0.0066 -0.6995 -0.6806
-0.0100 -0.7016 -0.6834
0.0009 -0.6986 -0.6745
0.0009 -0.6986 -0.6745
0.0020 -0.6998 -0.6761
0.0062 -0.7111 -0.6865
0.0117 -0.6881 -0.6956
0.0077 -0.6920 -0.7030
-0.0018 -0.7003 -0.7035
-0.0018 -0.7003 -0.7035
0.0012 -0.7047 -0.6971
0.0035 -0.7014 -0.6854
-0.0104 -0.7139 -0.6881
0.0063 -0.7062 -0.7003
0.0191 -0.6990 -0.6918
0.0191 -0.6990 -0.6918
0.0033 -0.6982 -0.6938
-0.0034 -0.6951 -0.6827
-0.0072 -0.6968 -0.6791
0.0031 -0.7094 -0.6689
0.0010 -0.7083 -0.6884
0.0010 -0.7083 -0.6884
-0.0070 -0.7098 -0.7095
-0.0045 -0.7015 -0.7141
0.0099 -0.7069 -0.7144
0.0087 -0.7153 -0.6853
0.0016 -0.7072 -0.6919
0.0016 -0.7072 -0.6919
-0.0017 -0.7137 -0.7020
0.0032 -0.7110 -0.7135
0.0066 -0.7046 -0.6930
0.0040 -0.7012 -0.6785
0.0040 -0.7012 -0.6785
0.0080 -0.6992 -0.6801
0.0059 -0.6980 -0.6874
0.0025 -0.6974 -0.6973
-0.0038 -0.6928 -0.6929
-0.0082 -0.6964 -0.6841
-0.0082 -0.6964 -0.6841
-0.0053 -0.7049 -0.6797
0.0027 -0.7076 -0.6730
0.0051 -0.7012 -0.6784
0.0083 -0.6995 -0.6888
0.0010 -0.7111 -0.6971
0.0010 -0.7111 -0.6971
-0.0027 -0.7067 -0.6984
0.0017 -0.6979 -0.6957
0.0102 -0.7025 -0.6962
-0.0026 -0.7058 -0.6824
0.0015 -0.7089 -0.6972
0.0015 -0.7089 -0.6972
0.0043 -0.7015 -0.6903
-0.0055 -0.7001 -0.6909
-0.0051 -0.6988 -0.6951
-0.0083 -0.6983 -0.6955
-0.0083 -0.6983 -0.6955
-0.0067 -0.7074 -0.7030
-0.0043 -0.7001 -0.6994
-0.0008 -0.7023 -0.6901
-0.0038 -0.7036 -0.6888
0.0058 -0.7089 -0.6895
0.0058 -0.7089 -0.6895
0.0044 -0.7018 -0.6982
0.0035 -0.6995 -0.6989
0.0026 -0.7079 -0.6879
0.0045 -0.6968 -0.6886
0.0010 -0.6990 -0.6954
0.0010 -0.6990 -0.6954
-0.0035 -0.6949 -0.6903
0.0004 -0.7015 -0.6965
-0.0025 -0.7029 -0.7026
-0.0067 -0.6972 -0.6994
-0.0088 -0.6931 -0.7045
-0.0088 -0.6931 -0.7045
-0.0079 -0.7012 -0.6938
-0.0057 -0.6999 -0.6814
-0.0004 -0.7027 -0.6845
0.0194 -0.6569 -0.5812
-0.0076 -0.7544 -0.7073
-0.0076 -0.7544 -0.7073
-0.0409 -0.7352 -0.7512
0.0127 -0.6686 -0.7115

