0.0000 0.0000 0.0000
0.0000 0.0000 0.0000
0.0000 0.0000 0.0000
0.0000 0.0000 0.0000
0.0000 0.0000 0.0000
0.0000 0.0000 0.0000
0.0000 0.0000 0.0000
0.0000 0.0000 0.0000
0.0000 0.0000 0.0000
0.0000 0.0000 0.0000
0.0000 0.0000 0.0000
0.0000 0.0000 0.0000
0.1059 -0.3715 -0.8923
0.1036 -0.3775 -0.8929
0.1024 -0.3822 -0.9020
0.1128 -0.3757 -0.9219
0.1158 -0.3698 -0.9339
0.1181 -0.3666 -0.9400
0.1179 -0.3692 -0.9386
0.1179 -0.3692 -0.9386
0.1131 -0.3672 -0.9250
0.1028 -0.3617 -0.8995
0.1031 -0.3610 -0.8994
0.1120 -0.3635 -0.9104
0.1120 -0.3635 -0.9104
0.1121 -0.3571 -0.9183
0.1150 -0.3505 -0.9158
0.1174 -0.3582 -0.9048
0.1141 -0.3639 -0.8939
0.1171 -0.3578 -0.8994
0.1171 -0.3578 -0.8994
0.1191 -0.3564 -0.9078
0.1258 -0.3603 -0.9089
0.1292 -0.3650 -0.9101
0.1337 -0.3706 -0.9144
0.1326 -0.3679 -0.9091
0.1326 -0.3679 -0.9091
0.1291 -0.3692 -0.9167
0.1257 -0.3639 -0.9126
0.1263 -0.3633 -0.9161
0.1249 -0.3703 -0.9154
0.1248 -0.3723 -0.9051
0.1248 -0.3723 -0.9051
0.1277 -0.3725 -0.9026
0.1284 -0.3656 -0.9158
0.1328 -0.3548 -0.9200
0.1348 -0.3610 -0.9179
0.1331 -0.3641 -0.8990
0.1331 -0.3641 -0.8990
0.1271 -0.3657 -0.8824
0.1272 -0.3618 -0.8880
0.1313 -0.3593 -0.9084
0.1224 -0.3584 -0.8945
0.1224 -0.3584 -0.8945
0.1111 -0.3557 -0.8806
0.1105 -0.3527 -0.8970
0.1119 -0.3433 -0.9082
0.1095 -0.3484 -0.9116
0.1092 -0.3591 -0.9118
0.1092 -0.3591 -0.9118
0.1085 -0.3658 -0.9096
0.1009 -0.3597 -0.8980
0.1106 -0.3634 -0.9205
0.1225 -0.3742 -0.9429
0.1278 -0.3711 -0.9445
0.1278 -0.3711 -0.9445
0.1342 -0.3640 -0.9416
0.1364 -0.3660 -0.9299
0.1381 -0.3729 -0.9065
0.1428 -0.3744 -0.8969
0.1356 -0.3734 -0.8928
0.1356 -0.3734 -0.8928
0.1245 -0.3616 -0.8807
0.1184 -0.3533 -0.8724
0.1076 -0.3566 -0.8648
0.1084 -0.3599 -0.8841
0.1084 -0.3599 -0.8841
0.1156 -0.3571 -0.9060
0.1220 -0.3576 -0.9253
0.1281 -0.3576 -0.9354
0.1285 -0.3659 -0.9290
0.1167 -0.3695 -0.9130
0.1167 -0.3695 -0.9130
0.1101 -0.3621 -0.9093
0.1059 -0.3569 -0.9069
0.1087 -0.3585 -0.9119
0.1129 -0.3639 -0.9179
0.1144 -0.3642 -0.9178
0.1144 -0.3642 -0.9178
0.1182 -0.3578 -0.9131
0.1236 -0.3553 -0.9101
0.1251 -0.3641 -0.9070
0.1229 -0.3643 -0.8879
0.1252 -0.3683 -0.8775
0.1252 -0.3683 -0.8775
0.1333 -0.3828 -0.8970
0.1282 -0.3794 -0.9180
0.1239 -0.3595 -0.9310
0.1150 -0.3564 -0.9240
0.1069 -0.3641 -0.9109
0.1069 -0.3641 -0.9109
0.1082 -0.3669 -0.9141
0.0976 -0.3681 -0.9065
0.0908 -0.3695 -0.8924
0.0976 -0.3729 -0.8943
0.0976 -0.3729 -0.8943
0.1151 -0.3723 -0.9163
0.1326 -0.3731 -0.9480
0.1459 -0.3738 -0.9576
0.1492 -0.3742 -0.9355
0.1414 -0.3776 -0.9169
0.1414 -0.3776 -0.9169
0.1228 -0.3669 -0.8840
0.1109 -0.3549 -0.8620
0.1103 -0.3585 -0.8675
0.1152 -0.3656 -0.8822
0.1232 -0.3678 -0.8816
0.1232 -0.3678 -0.8816
0.1258 -0.3694 -0.8838
0.1327 -0.3741 -0.8971
0.1346 -0.3736 -0.9086
0.1265 -0.3737 -0.9066
0.1277 -0.3712 -0.9020
0.1277 -0.3712 -0.9020
0.1320 -0.3811 -0.9067
0.1330 -0.3839 -0.9079
0.1376 -0.3793 -0.9165
0.1394 -0.3824 -0.9127
0.1394 -0.3824 -0.9127
0.1358 -0.3874 -0.9109
0.1362 -0.3824 -0.9113
0.1307 -0.3817 -0.8942
0.1257 -0.3843 -0.8756
0.1215 -0.3832 -0.8777
0.1215 -0.3832 -0.8777
0.1248 -0.3788 -0.8981
0.1268 -0.3692 -0.9078
0.1247 -0.3684 -0.9059
0.1267 -0.3713 -0.9078
0.1258 -0.3730 -0.9051
0.1258 -0.3730 -0.9051
0.1167 -0.3662 -0.9046
0.1125 -0.3632 -0.8964
0.1128 -0.3720 -0.8906
0.1232 -0.3755 -0.8976
0.1261 -0.3683 -0.8885
0.1261 -0.3683 -0.8885
0.1266 -0.3734 -0.8759
0.1333 -0.3878 -0.8759
0.1394 -0.3875 -0.8896
0.1350 -0.3723 -0.9018
0.1228 -0.3624 -0.9054
0.1228 -0.3624 -0.9054
0.1106 -0.3691 -0.9026
0.1075 -0.3752 -0.9103
0.1028 -0.3744 -0.9212
0.1022 -0.3660 -0.9351
0.1022 -0.3660 -0.9351
0.1072 -0.3680 -0.9404
0.1113 -0.3826 -0.9373
0.1183 -0.3755 -0.9305
0.1261 -0.3701 -0.9195
0.1357 -0.3797 -0.9146
0.1357 -0.3797 -0.9146
0.1420 -0.3890 -0.9117
0.1338 -0.3808 -0.8857
0.1088 -0.3757 -0.8587
0.0896 -0.3709 -0.8600
0.0864 -0.3564 -0.8764
0.0864 -0.3564 -0.8764
0.0917 -0.3457 -0.9005
0.1035 -0.3583 -0.9237
0.1076 -0.3728 -0.9278
0.1062 -0.3712 -0.9221
0.1139 -0.3624 -0.9247
0.1139 -0.3624 -0.9247
0.1258 -0.3629 -0.9401
0.1380 -0.3678 -0.9329
0.1433 -0.3844 -0.9177
0.1416 -0.3957 -0.8931
0.1416 -0.3957 -0.8931
0.1328 -0.3819 -0.8828
0.1197 -0.3609 -0.8714
0.1120 -0.3618 -0.8686
0.1102 -0.3762 -0.8731
0.1019 -0.3739 -0.8672
0.1019 -0.3739 -0.8672
0.0968 -0.3633 -0.8810
0.1004 -0.3557 -0.9145
0.0995 -0.3562 -0.9308
0.0992 -0.3625 -0.9213
0.0916 -0.3742 -0.9037
0.0916 -0.3742 -0.9037
0.0939 -0.3784 -0.9064
0.0963 -0.3739 -0.9218
0.0972 -0.3693 -0.9352
0.1006 -0.3657 -0.9388
0.1063 -0.3651 -0.9425
0.1063 -0.3651 -0.9425
0.1072 -0.3640 -0.9325
0.1068 -0.3642 -0.9100
0.1100 -0.3693 -0.8944
0.1133 -0.3701 -0.8967
0.1131 -0.3631 -0.8944
0.1131 -0.3631 -0.8944
0.1147 -0.3661 -0.8900
0.1194 -0.3723 -0.8938
0.1242 -0.3716 -0.9032
0.1212 -0.3668 -0.9055
0.1160 -0.3687 -0.9072
0.1160 -0.3687 -0.9072
0.1084 -0.3681 -0.9056
0.1035 -0.3629 -0.9096
0.1035 -0.3563 -0.9169
0.1071 -0.3573 -0.9247
0.1071 -0.3573 -0.9247
0.1115 -0.3646 -0.9197
0.1111 -0.3693 -0.9057
0.1117 -0.3701 -0.8929
0.1134 -0.3721 -0.8960
0.1189 -0.3770 -0.9202
0.1189 -0.3770 -0.9202
0.1178 -0.3730 -0.9291
0.1111 -0.3624 -0.9139
0.1093 -0.3628 -0.9116
0.1166 -0.3670 -0.9257
0.1202 -0.3669 -0.9224
0.1202 -0.3669 -0.9224
0.1207 -0.3699 -0.9085
0.1169 -0.3781 -0.9049
0.1128 -0.3660 -0.9012
0.1007 -0.3544 -0.8861
0.0899 -0.3596 -0.8783
0.0899 -0.3596 -0.8783
0.0913 -0.3673 -0.8813
0.1055 -0.3674 -0.9051
0.1070 -0.3671 -0.9253
0.1067 -0.3636 -0.9370
0.1068 -0.3673 -0.9368
0.1068 -0.3673 -0.9368
0.1069 -0.3700 -0.9274
0.1076 -0.3651 -0.9175
0.1100 -0.3659 -0.9109
0.1114 -0.3771 -0.9060
0.1114 -0.3771 -0.9060
0.1107 -0.3734 -0.8960
0.1085 -0.3719 -0.8931
0.1091 -0.3720 -0.9020
0.1126 -0.3659 -0.8960
0.1185 -0.3726 -0.8935
0.1185 -0.3726 -0.8935
0.1247 -0.3840 -0.8950
0.1286 -0.3877 -0.9012
0.1239 -0.3836 -0.9055
0.1230 -0.3761 -0.9125
0.1208 -0.3816 -0.9116
0.1208 -0.3816 -0.9116
0.1202 -0.3888 -0.9080
0.1188 -0.3869 -0.9106
0.1185 -0.3814 -0.9071
0.1153 -0.3822 -0.9035
0.1183 -0.3809 -0.9009
0.1183 -0.3809 -0.9009
0.1204 -0.3828 -0.9034
0.1203 -0.3825 -0.9055
0.1165 -0.3766 -0.8987
0.1104 -0.3796 -0.8845
0.1104 -0.3796 -0.8845
0.1081 -0.3859 -0.8849
0.1062 -0.3883 -0.8822
0.1088 -0.3791 -0.8868
0.1112 -0.3810 -0.9010
0.1086 -0.3772 -0.8897
0.1086 -0.3772 -0.8897
0.1104 -0.3816 -0.8881
0.1170 -0.3995 -0.9038
0.1201 -0.3993 -0.9050
0.1191 -0.3915 -0.9065
0.1163 -0.3890 -0.9036
0.1163 -0.3890 -0.9036
0.1148 -0.3859 -0.9091
0.1151 -0.3778 -0.9187
0.1098 -0.3648 -0.9028
0.1037 -0.3685 -0.8765
0.0941 -0.3784 -0.8588
0.0941 -0.3784 -0.8588
0.0849 -0.3721 -0.8576
0.0764 -0.3645 -0.8697
0.0744 -0.3637 -0.8757
0.0788 -0.3728 -0.8932
0.0788 -0.3728 -0.8932
0.0911 -0.3790 -0.9131
0.0952 -0.3880 -0.9258
0.0952 -0.3945 -0.9264
0.1056 -0.3949 -0.9411
0.1099 -0.3951 -0.9490
0.1099 -0.3951 -0.9490
0.1073 -0.3951 -0.9314
0.1079 -0.3989 -0.9135
0.1031 -0.3998 -0.8950
0.1046 -0.3932 -0.8817
0.1056 -0.3939 -0.8933
0.1056 -0.3939 -0.8933
0.1073 -0.3876 -0.9044
0.1074 -0.3825 -0.8949
0.1042 -0.3843 -0.8918
0.0996 -0.3847 -0.8897
0.0972 -0.3736 -0.8852
0.0972 -0.3736 -0.8852
0.0980 -0.3743 -0.8961
0.0963 -0.3739 -0.9052
0.0991 -0.3659 -0.9075
0.0943 -0.3694 -0.9003
0.0942 -0.3760 -0.8959
0.0942 -0.3760 -0.8959
0.0991 -0.3838 -0.9077
0.1045 -0.3818 -0.9134
0.1056 -0.3848 -0.9086
0.1062 -0.3977 -0.9059
0.1062 -0.3977 -0.9059
0.1053 -0.3982 -0.9024
0.1029 -0.3922 -0.9133
0.1054 -0.3862 -0.9162
0.1058 -0.3941 -0.9035
0.1035 -0.4037 -0.9053
0.1035 -0.4037 -0.9053
0.1022 -0.3887 -0.9068
0.0938 -0.3776 -0.9046
0.0911 -0.3813 -0.9042
0.0906 -0.3833 -0.9029
0.0909 -0.3804 -0.9064
0.0909 -0.3804 -0.9064
0.0944 -0.3796 -0.9218
0.0936 -0.3761 -0.9120
0.0973 -0.3719 -0.8980
0.1028 -0.3822 -0.8873
0.1063 -0.3922 -0.8853
0.1063 -0.3922 -0.8853
0.1140 -0.3847 -0.8923
0.1112 -0.3745 -0.8842
0.0983 -0.3759 -0.8701
0.0907 -0.3808 -0.8652
0.0833 -0.3794 -0.8665
0.0833 -0.3794 -0.8665
0.0779 -0.3776 -0.8660
0.0830 -0.3812 -0.8855
0.0981 -0.3949 -0.9214
0.1026 -0.4035 -0.9391
0.1026 -0.4035 -0.9391
0.0951 -0.4023 -0.9325
0.0979 -0.3982 -0.9346
0.0999 -0.3914 -0.9429
0.0920 -0.3832 -0.9190
0.0896 -0.3973 -0.8905
0.0896 -0.3973 -0.8905
0.0873 -0.4091 -0.8848
0.0932 -0.3864 -0.8901
0.1007 -0.3741 -0.9017
0.1050 -0.3882 -0.9057
0.1025 -0.3981 -0.8925
0.1025 -0.3981 -0.8925
0.0906 -0.3872 -0.8804
0.0903 -0.3752 -0.8928
0.0885 -0.3791 -0.9010
0.0926 -0.3844 -0.9030
0.1007 -0.3933 -0.9102
0.1007 -0.3933 -0.9102
0.0982 -0.4004 -0.9028
0.0933 -0.3984 -0.8931
0.1005 -0.4002 -0.9081
0.1058 -0.4036 -0.9204
0.1044 -0.4046 -0.9162
0.1044 -0.4046 -0.9162
0.1013 -0.4052 -0.9125
0.0989 -0.4046 -0.9031
0.0902 -0.4086 -0.8960
0.0933 -0.4078 -0.9204
0.0933 -0.4078 -0.9204
0.0977 -0.4027 -0.9372
0.1004 -0.3931 -0.9367
0.1304 -0.3858 -0.9675
0.1612 -0.3782 -1.0041
0.1787 -0.3698 -1.0008
0.1787 -0.3698 -1.0008
0.1772 -0.3720 -0.9248
0.1687 -0.3843 -0.8490
0.1453 -0.3856 -0.8233
0.1657 -0.3510 -0.7959
0.1322 -0.3317 -0.8500
0.1322 -0.3317 -0.8500
0.1245 -0.3018 -0.9697
0.1416 -0.3188 -0.8663
0.0742 -0.4286 -0.7572
0.0815 -0.4345 -0.7128
0.1008 -0.3865 -0.8067
0.1008 -0.3865 -0.8067
0.0719 -0.3500 -1.0229
0.0901 -0.3205 -1.0432
0.0994 -0.3508 -0.9375
0.0657 -0.4252 -0.8037
0.0574 -0.5034 -0.6993
0.0574 -0.5034 -0.6993
0.0095 -0.4694 -0.7056
-0.0020 -0.3721 -0.7831
0.0454 -0.3906 -0.7932
0.1013 -0.4595 -0.8076
0.1013 -0.4595 -0.8076
0.1805 -0.4936 -0.9323
0.2538 -0.4342 -0.9628
0.2207 -0.3819 -0.9885
0.7403 -0.7986 -1.5423
0.4127 -0.8416 -1.1076
0.4127 -0.8416 -1.1076
0.1333 -0.3248 -0.9125
0.1235 -0.1810 -0.6800
0.0991 -0.2666 -0.7305
0.0027 -0.4324 -0.9095
-0.0019 -0.3943 -0.9490
-0.0019 -0.3943 -0.9490
-0.0349 -0.2733 -0.9488
-0.0336 -0.3613 -0.9577
0.0717 -0.3852 -0.8505
0.0337 -0.4418 -0.8068
0.0827 -0.3590 -0.8855
0.0827 -0.3590 -0.8855
0.0822 -0.3699 -0.9027
0.0940 -0.3593 -0.7994
0.1419 -0.3878 -0.8578
0.1646 -0.3885 -0.9431
0.1646 -0.3885 -0.9431
0.2911 -0.2607 -0.8313
0.4038 -0.1123 -0.8225
0.3874 -0.1862 -0.7992
0.2091 -0.2690 -0.8037
0.0980 -0.3861 -0.7363
0.0980 -0.3861 -0.7363
-0.0382 -0.4444 -0.7167
-0.1057 -0.5047 -0.7845
-0.0050 -0.5115 -0.9797
0.1557 -0.4549 -1.1589
0.1712 -0.4138 -1.0803
0.1712 -0.4138 -1.0803
0.1161 -0.4414 -0.9336
0.0938 -0.4928 -0.8570
0.1297 -0.5026 -0.9349
0.1586 -0.4785 -1.0269
0.2000 -0.4628 -1.0973
0.2000 -0.4628 -1.0973
0.1721 -0.4225 -1.1223
0.0672 -0.3912 -0.9085
0.0170 -0.3902 -0.8933
0.0084 -0.4279 -0.9872
0.0821 -0.5024 -1.0031
0.0821 -0.5024 -1.0031
0.1445 -0.4674 -0.9415
0.1145 -0.4110 -0.8958
0.1326 -0.4042 -0.9439
0.1127 -0.5186 -0.9233
0.1127 -0.5186 -0.9233
0.0610 -0.4935 -0.6742
0.0879 -0.4079 -0.7379
0.1527 -0.4044 -0.7611
0.1472 -0.3765 -0.8382
0.0669 -0.4634 -0.8115
0.0669 -0.4634 -0.8115
-0.0898 -0.4525 -0.7707
-0.0633 -0.4229 -0.6973
0.0809 -0.6331 -0.8355
0.1772 -0.5602 -0.8666
0.1753 -0.4513 -0.8976
0.1753 -0.4513 -0.8976
0.1608 -0.4501 -0.9016
0.1699 -0.4473 -0.8939
0.1769 -0.4679 -0.8259
0.1709 -0.4751 -0.7946
0.1750 -0.5411 -0.7950
0.1750 -0.5411 -0.7950
0.1686 -0.5600 -0.7684
0.1638 -0.5496 -0.7804
0.1675 -0.5735 -0.8585
0.1464 -0.5338 -0.9953
0.1202 -0.4625 -0.9904
0.1202 -0.4625 -0.9904
0.1156 -0.4259 -0.9228
0.0957 -0.4365 -0.8257
0.0854 -0.4870 -0.8347
0.0796 -0.5164 -0.8027
0.0796 -0.5164 -0.8027
0.0910 -0.5260 -0.8409
0.0780 -0.5124 -0.8543
0.0720 -0.4982 -0.9132
0.0600 -0.4776 -0.9607
0.0307 -0.4659 -0.9584
0.0307 -0.4659 -0.9584
0.0016 -0.4702 -0.9277
-0.0172 -0.4651 -0.8565
-0.0238 -0.4606 -0.7876
-0.0163 -0.4574 -0.7538
-0.0167 -0.5194 -0.7661
-0.0167 -0.5194 -0.7661
-0.0234 -0.5296 -0.7146
-0.0019 -0.5399 -0.7307
0.0374 -0.5444 -0.7361
0.0820 -0.5597 -0.8297
0.1478 -0.5744 -0.9904
0.1478 -0.5744 -0.9904
0.1629 -0.5674 -1.0421
0.1231 -0.5312 -1.0273
0.0885 -0.4980 -1.0246
0.0377 -0.4745 -0.9914
0.0377 -0.4745 -0.9914
-0.0393 -0.4626 -0.9290
-0.0871 -0.4587 -0.9497
-0.1116 -0.4238 -0.9606
-0.1487 -0.3589 -0.9837
-0.1884 -0.3478 -0.9486
-0.1884 -0.3478 -0.9486
-0.2110 -0.3306 -0.8955
-0.2136 -0.3732 -0.8760
-0.2069 -0.4253 -0.8389
-0.1933 -0.4608 -0.7862
-0.1638 -0.4872 -0.7252
-0.1638 -0.4872 -0.7252
-0.1890 -0.5259 -0.6544
-0.2122 -0.5471 -0.7445
-0.2160 -0.5349 -0.8340
-0.1851 -0.5717 -0.8585
-0.1027 -0.5786 -0.8662
-0.1027 -0.5786 -0.8662
-0.0081 -0.5367 -0.8519
0.0392 -0.5209 -0.8778
0.0681 -0.4971 -0.9152
0.1009 -0.4760 -0.9165
0.1035 -0.4654 -0.8898
0.1035 -0.4654 -0.8898
0.0569 -0.4819 -0.9556
0.0322 -0.5069 -0.8842
-0.0523 -0.5133 -0.9366
-0.0131 -0.5163 -0.8748
-0.0131 -0.5163 -0.8748
0.0312 -0.4103 -0.8764
0.0677 -0.3923 -0.8302
0.0787 -0.4924 -0.8326
0.0859 -0.5191 -0.8216
0.0755 -0.4986 -0.7952
0.0755 -0.4986 -0.7952
0.0689 -0.5216 -0.8282
0.0695 -0.5716 -0.8879
0.0645 -0.5074 -0.9095
0.0732 -0.5088 -0.8784
0.0757 -0.5451 -0.8071
0.0757 -0.5451 -0.8071
0.0549 -0.5460 -0.8148
0.0503 -0.5630 -0.8352
-0.0036 -0.5276 -0.6696
-0.0085 -0.5455 -0.6336
-0.0137 -0.6442 -0.6528
-0.0137 -0.6442 -0.6528
0.0676 -0.6085 -0.9654
0.0822 -0.5447 -0.8609
0.0476 -0.5794 -0.7683
0.0309 -0.6085 -0.6703
0.0114 -0.6375 -0.6215
0.0114 -0.6375 -0.6215
0.0069 -0.6360 -0.6566
-0.0058 -0.6254 -0.6577
-0.0064 -0.6148 -0.6507
-0.0231 -0.6349 -0.6311
-0.0231 -0.6349 -0.6311
-0.0045 -0.6256 -0.6183
0.0305 -0.6080 -0.6939
0.1384 -0.5074 -0.6712
0.1649 -0.6421 -0.5927
0.0333 -0.7331 -0.6561
0.0333 -0.7331 -0.6561
-0.0897 -0.7669 -0.6310
-0.1464 -0.8130 -0.6203
-0.1325 -0.8113 -0.5831
-0.1080 -0.7456 -0.5360
-0.1402 -0.7931 -0.5260
-0.1402 -0.7931 -0.5260
-0.1385 -0.7764 -0.5797
-0.1306 -0.6844 -0.6568
-0.0499 -0.6552 -0.7238
-0.0470 -0.7325 -0.6546
-0.0602 -0.7374 -0.6363
-0.0602 -0.7374 -0.6363
-0.0669 -0.7130 -0.6305
-0.0568 -0.7224 -0.7123
-0.0711 -0.7497 -0.6939
-0.0692 -0.7660 -0.7064
-0.0692 -0.7660 -0.7064
-0.0925 -0.7564 -0.6670
-0.0889 -0.7527 -0.6685
-0.0935 -0.7441 -0.6450
-0.0977 -0.7383 -0.6153
-0.1212 -0.7616 -0.6131
-0.1462 -0.7597 -0.6023
-0.1462 -0.7597 -0.6023
-0.1653 -0.7536 -0.6091
-0.1155 -0.7381 -0.6665
-0.1057 -0.7525 -0.6657
-0.1153 -0.7420 -0.6792
-0.1153 -0.7420 -0.6792
-0.1078 -0.7340 -0.6797
-0.0942 -0.7524 -0.6801
-0.0972 -0.7797 -0.6308
-0.1670 -0.7706 -0.5752
-0.1514 -0.7479 -0.6644
-0.1514 -0.7479 -0.6644
-0.1685 -0.7600 -0.6558
-0.1943 -0.8047 -0.5942
-0.1807 -0.7639 -0.6124
-0.1687 -0.7595 -0.6522
-0.1739 -0.7754 -0.6833
-0.1739 -0.7754 -0.6833
-0.1803 -0.8023 -0.7030
-0.1266 -0.7504 -0.6705
-0.0673 -0.7139 -0.6476
0.0501 -0.7222 -0.7299
0.0501 -0.7222 -0.7299
0.1292 -0.6360 -0.7881
0.1387 -0.5924 -0.7378
0.1457 -0.5658 -0.7775
0.1247 -0.5998 -0.7278
0.1455 -0.6260 -0.7851
0.1455 -0.6260 -0.7851
0.0853 -0.6017 -0.7657
0.0546 -0.6344 -0.7350
0.0323 -0.6592 -0.7030
0.0312 -0.6377 -0.6786
0.0305 -0.6814 -0.6957
0.0305 -0.6814 -0.6957
0.0226 -0.7008 -0.7079
0.0138 -0.6814 -0.6685
0.0108 -0.6846 -0.6954
-0.0026 -0.6566 -0.7119
0.0081 -0.6614 -0.7242
0.0081 -0.6614 -0.7242
0.0139 -0.6558 -0.7086
0.0128 -0.6629 -0.6992
0.0270 -0.6703 -0.6910
0.0335 -0.6488 -0.6725
0.0288 -0.6687 -0.6778
0.0288 -0.6687 -0.6778
0.0243 -0.6658 -0.7291
0.0317 -0.6654 -0.7286
0.0311 -0.6734 -0.7197
0.0341 -0.6662 -0.7145
0.0341 -0.6662 -0.7145
0.0271 -0.6861 -0.7135
0.0363 -0.6847 -0.7189
0.0270 -0.6743 -0.7032
0.0248 -0.6684 -0.7253
0.0348 -0.6666 -0.7410
0.0348 -0.6666 -0.7410
0.0402 -0.6814 -0.7477
0.0361 -0.6752 -0.7237
0.0342 -0.6747 -0.6896
0.0266 -0.6848 -0.6998
0.0266 -0.6792 -0.7167
0.0266 -0.6792 -0.7167
0.0366 -0.6754 -0.7327
0.0310 -0.6654 -0.7228
0.0392 -0.6734 -0.7083
0.0309 -0.6850 -0.6879
0.0237 -0.6745 -0.6761
0.0237 -0.6745 -0.6761
0.0334 -0.6847 -0.7245
0.0288 -0.6796 -0.7050
0.0322 -0.7206 -0.6770
0.0483 -0.7442 -0.6590
0.0483 -0.7442 -0.6590
0.0812 -0.8056 -0.6355
0.1397 -0.8823 -0.6065
0.1860 -0.8793 -0.5692
0.1562 -0.8279 -0.6135
0.1157 -0.7537 -0.7568
0.1157 -0.7537 -0.7568
0.1503 -0.6756 -0.8622
0.1706 -0.5932 -0.8833
0.1526 -0.5547 -0.8231
0.1664 -0.5628 -0.7340
0.2341 -0.5447 -0.6796
0.2341 -0.5447 -0.6796
0.2737 -0.5376 -0.7072
0.3332 -0.5294 -0.7626
0.3533 -0.5080 -0.7882
0.3203 -0.5132 -0.7820
0.2359 -0.5232 -0.7285
0.2359 -0.5232 -0.7285
0.2012 -0.5472 -0.7599
0.2019 -0.4893 -0.8379
0.1583 -0.4532 -0.9678
0.1428 -0.4594 -0.9758
0.1021 -0.4674 -0.9441
0.1021 -0.4674 -0.9441
0.0455 -0.5060 -0.9036
0.0204 -0.5166 -0.8972
0.0165 -0.5202 -0.8580
0.0208 -0.5511 -0.8375
0.0208 -0.5511 -0.8375
0.0216 -0.5757 -0.7693
0.0000 -0.5786 -0.7156
-0.0089 -0.6205 -0.7079
0.0186 -0.6182 -0.7626
0.0344 -0.6224 -0.8038
0.0344 -0.6224 -0.8038
0.0498 -0.5959 -0.8161
0.0755 -0.5863 -0.8146
0.0821 -0.5950 -0.7856
0.0697 -0.6152 -0.7806
0.0690 -0.6160 -0.7955
0.0690 -0.6160 -0.7955
0.0633 -0.5744 -0.7852
0.0615 -0.5702 -0.7857
0.0775 -0.6024 -0.7974
0.0792 -0.5958 -0.8197
0.0767 -0.6058 -0.7884
0.0767 -0.6058 -0.7884
0.0686 -0.6150 -0.7293
0.0896 -0.6612 -0.7225
0.1061 -0.6490 -0.7074
0.0924 -0.6380 -0.7139
0.0924 -0.6380 -0.7139
0.1026 -0.6367 -0.7108
0.1149 -0.6260 -0.6996
0.1198 -0.6447 -0.7323
0.1224 -0.6368 -0.7319
0.1320 -0.6217 -0.7504
0.1320 -0.6217 -0.7504
0.1441 -0.6185 -0.7613
0.1355 -0.6171 -0.7685
0.1245 -0.6165 -0.7608
0.1182 -0.6234 -0.7531
0.1288 -0.6183 -0.7657
0.1288 -0.6183 -0.7657
0.1284 -0.6139 -0.7642
0.1312 -0.6113 -0.7614
0.1270 -0.6112 -0.7641
0.1254 -0.6148 -0.7542
0.1173 -0.6222 -0.7565
0.1173 -0.6222 -0.7565
0.1156 -0.6294 -0.7457
0.1188 -0.6196 -0.7451
0.1265 -0.6255 -0.7440
0.1346 -0.6257 -0.7515
0.1282 -0.6095 -0.7534
0.1282 -0.6095 -0.7534
0.1248 -0.6220 -0.7641
0.1029 -0.6401 -0.7584
0.1095 -0.6566 -0.7477
0.1257 -0.6307 -0.7447
0.1811 -0.6721 -0.7238
0.1811 -0.6721 -0.7238
0.0771 -0.6308 -0.6985
0.1438 -0.6787 -0.6483
0.1315 -0.6746 -0.7391
0.0867 -0.7147 -0.6326
0.0867 -0.7147 -0.6326
0.1158 -0.6241 -0.6963
0.1555 -0.6555 -0.7046
0.1929 -0.6247 -0.7668
0.1974 -0.5994 -0.7592
0.2030 -0.6116 -0.7760
0.2030 -0.6116 -0.7760
0.1878 -0.6159 -0.7877
0.1399 -0.6294 -0.8208
0.0767 -0.6549 -0.8274
0.0629 -0.6245 -0.8660
0.0295 -0.6369 -0.8663
0.0295 -0.6369 -0.8663
0.0001 -0.6002 -0.7995
-0.0053 -0.6012 -0.7396
0.0166 -0.6429 -0.7186
0.0005 -0.6619 -0.7203
0.0357 -0.6821 -0.7224
0.0357 -0.6821 -0.7224
0.0767 -0.6942 -0.7019
0.0982 -0.7036 -0.6681
0.1083 -0.7398 -0.6664
0.1095 -0.7282 -0.6842
0.1095 -0.7282 -0.6842
0.0952 -0.7268 -0.6957
0.0652 -0.7180 -0.6925
0.0678 -0.7205 -0.6692
0.0432 -0.7854 -0.6674
0.0131 -0.7872 -0.6662
0.0131 -0.7872 -0.6662
0.0140 -0.8182 -0.6938
0.0396 -0.8088 -0.6706
0.0670 -0.8469 -0.6620
0.0689 -0.8481 -0.6305
0.0889 -0.8188 -0.5714
0.0889 -0.8188 -0.5714
0.1138 -0.7911 -0.5177
0.0574 -0.7652 -0.5427
0.0545 -0.7613 -0.6536
0.0737 -0.6725 -0.7390
0.0982 -0.6482 -0.7543
0.0982 -0.6482 -0.7543
0.1484 -0.6607 -0.7308
0.1016 -0.6715 -0.6631
0.0595 -0.6529 -0.6629
0.0938 -0.6826 -0.7048
0.0831 -0.6131 -0.7586
0.0831 -0.6131 -0.7586
0.1038 -0.5794 -0.7612
0.1260 -0.6079 -0.7566
0.0717 -0.6322 -0.7179
0.0095 -0.6323 -0.6735
0.0095 -0.6323 -0.6735
0.0087 -0.6611 -0.6771
0.0004 -0.6834 -0.7039
-0.0277 -0.6835 -0.7098
-0.0254 -0.6604 -0.6844
-0.0042 -0.6773 -0.6944
-0.0042 -0.6773 -0.6944
-0.0078 -0.6983 -0.6764
-0.0272 -0.7070 -0.6557
-0.0154 -0.6971 -0.6644
0.0070 -0.7047 -0.6684
0.0272 -0.6936 -0.6720
0.0272 -0.6936 -0.6720
0.0319 -0.7069 -0.6508
0.0105 -0.7209 -0.6427
-0.0177 -0.7195 -0.6511
-0.0187 -0.6912 -0.6728
-0.0060 -0.6902 -0.6806
-0.0060 -0.6902 -0.6806
-0.0220 -0.7015 -0.6950
-0.0514 -0.6862 -0.6905
-0.0598 -0.6737 -0.6807
-0.0339 -0.6947 -0.6933
-0.0339 -0.6947 -0.6933
-0.0059 -0.7135 -0.6816
-0.0145 -0.6844 -0.6614
-0.0273 -0.6947 -0.6676
-0.0249 -0.6989 -0.6887
-0.0134 -0.6852 -0.6922
-0.0134 -0.6852 -0.6922
-0.0130 -0.6965 -0.6883
-0.0182 -0.7186 -0.6942
-0.0306 -0.7090 -0.7083
-0.0289 -0.7066 -0.6868
-0.0175 -0.7253 -0.7034
-0.0175 -0.7253 -0.7034
-0.0208 -0.7322 -0.6946
-0.0352 -0.7270 -0.6825
-0.0333 -0.7301 -0.6680
-0.0280 -0.7502 -0.6601
-0.0256 -0.7598 -0.6698
-0.0256 -0.7598 -0.6698
-0.0246 -0.7432 -0.6653
-0.0259 -0.7439 -0.6575
-0.0358 -0.7582 -0.6499
-0.0390 -0.7527 -0.6250
-0.0212 -0.7410 -0.6068
-0.0212 -0.7410 -0.6068
-0.0009 -0.7318 -0.6012
0.0233 -0.7413 -0.6224
0.0182 -0.7384 -0.6302
-0.0125 -0.7219 -0.6160
-0.0125 -0.7219 -0.6160
-0.0239 -0.7293 -0.6085
-0.0250 -0.7473 -0.6075
-0.0032 -0.7357 -0.6166
0.0156 -0.7456 -0.6413
0.0075 -0.7354 -0.6168
0.0075 -0.7354 -0.6168
0.0153 -0.7646 -0.6301
0.0251 -0.7695 -0.6172
0.0450 -0.7634 -0.6278
0.0425 -0.7649 -0.6388
0.0254 -0.7659 -0.6685
0.0254 -0.7659 -0.6685
0.0203 -0.7471 -0.6649
0.0255 -0.7290 -0.6693
0.0362 -0.7316 -0.6878
0.0319 -0.7256 -0.7113
0.0014 -0.7149 -0.7237
0.0014 -0.7149 -0.7237
-0.0074 -0.6763 -0.7151
0.0042 -0.6990 -0.7256
0.0113 -0.7233 -0.6931
0.0245 -0.7275 -0.6510
0.0600 -0.7220 -0.6427
0.0600 -0.7220 -0.6427
0.0921 -0.7345 -0.6640
0.0847 -0.7389 -0.6556
0.0537 -0.7274 -0.6340
0.0450 -0.7491 -0.6208
0.0450 -0.7491 -0.6208
0.0535 -0.7436 -0.6111
0.0622 -0.7370 -0.6520
0.0505 -0.7282 -0.6445
0.0332 -0.7183 -0.6294
0.0233 -0.7358 -0.6627
0.0233 -0.7358 -0.6627
0.0002 -0.7305 -0.6478
0.0045 -0.7199 -0.6391
0.0268 -0.7412 -0.6628
0.0219 -0.7249 -0.6887
-0.0077 -0.7132 -0.6982
-0.0077 -0.7132 -0.6982
-0.0092 -0.7001 -0.6893
0.0129 -0.6994 -0.6745
-0.0026 -0.7168 -0.6938
-0.0083 -0.7109 -0.7156
-0.0228 -0.6825 -0.7186
-0.0228 -0.6825 -0.7186
-0.0670 -0.7243 -0.7490
-0.0675 -0.7267 -0.7301
-0.0731 -0.7298 -0.7256
-0.0633 -0.7338 -0.7131
-0.0700 -0.7405 -0.6866
-0.0700 -0.7405 -0.6866
-0.0542 -0.7403 -0.7070
-0.0113 -0.7095 -0.7067
-0.0130 -0.7075 -0.7407
-0.0223 -0.7148 -0.7246
-0.0223 -0.7148 -0.7246
-0.0352 -0.7134 -0.6828
-0.0274 -0.7252 -0.6619
-0.0351 -0.7299 -0.6830
-0.0377 -0.7278 -0.7085
-0.0328 -0.7178 -0.7122
-0.0328 -0.7178 -0.7122
-0.0189 -0.7054 -0.6644
-0.0352 -0.7045 -0.6645
-0.0317 -0.7132 -0.6818
-0.0220 -0.7143 -0.6974
-0.0305 -0.7210 -0.6747
-0.0305 -0.7210 -0.6747
-0.0214 -0.7344 -0.6812
-0.0247 -0.7114 -0.6773
-0.0311 -0.6941 -0.6822
-0.0281 -0.7188 -0.6752
-0.0293 -0.7217 -0.6681
-0.0293 -0.7217 -0.6681
-0.0085 -0.7152 -0.6771
-0.0383 -0.6962 -0.6508
-0.0426 -0.7177 -0.6709
-0.0396 -0.7082 -0.6861
-0.0396 -0.7082 -0.6861
-0.0285 -0.7154 -0.6835
-0.0340 -0.7089 -0.6607
-0.0352 -0.7068 -0.6484
-0.0344 -0.7200 -0.6657
-0.0322 -0.7327 -0.6792
-0.0271 -0.7154 -0.6771
-0.0271 -0.7154 -0.6771
-0.0277 -0.7047 -0.6590
-0.0179 -0.7152 -0.6620
-0.0177 -0.7076 -0.6851
-0.0204 -0.7240 -0.6929
-0.0204 -0.7240 -0.6929
-0.0203 -0.7219 -0.6722
-0.0220 -0.7221 -0.6736
-0.0140 -0.7215 -0.6622
-0.0262 -0.7179 -0.6728
-0.0170 -0.7217 -0.6670
-0.0170 -0.7217 -0.6670
-0.0117 -0.7240 -0.6771
-0.0174 -0.7178 -0.6897
-0.0158 -0.7134 -0.6750
-0.0182 -0.7182 -0.6619
-0.0170 -0.7225 -0.6599
-0.0170 -0.7225 -0.6599
-0.0199 -0.7166 -0.6678
-0.0077 -0.7076 -0.6806
-0.0012 -0.7326 -0.6936
-0.0053 -0.7248 -0.6769
-0.0205 -0.7229 -0.6591
-0.0205 -0.7229 -0.6591
-0.0145 -0.7133 -0.6545
-0.0114 -0.7199 -0.6644
-0.0065 -0.7292 -0.6789
-0.0038 -0.7229 -0.6824
-0.0038 -0.7229 -0.6824
-0.0052 -0.7166 -0.6775
-0.0162 -0.7219 -0.6604
-0.0189 -0.7121 -0.6624
-0.0114 -0.7194 -0.6586
-0.0134 -0.7210 -0.6434
-0.0134 -0.7210 -0.6434
-0.0135 -0.7301 -0.6675
-0.0091 -0.7246 -0.6799
0.0076 -0.7119 -0.6918
-0.0007 -0.7139 -0.6943
-0.0054 -0.7077 -0.6930
-0.0054 -0.7077 -0.6930
-0.0113 -0.7232 -0.6909
-0.0138 -0.7222 -0.6734
-0.0086 -0.7255 -0.6732
-0.0007 -0.7193 -0.6628
-0.0007 -0.7193 -0.6628
-0.0048 -0.7219 -0.6621
-0.0094 -0.7258 -0.6709
-0.0069 -0.7239 -0.6790
-0.0049 -0.7198 -0.6804
-0.0030 -0.7262 -0.6656
-0.0030 -0.7262 -0.6656
-0.0071 -0.7103 -0.6715
-0.0056 -0.7106 -0.6785
-0.0046 -0.7136 -0.6729
-0.0105 -0.7196 -0.6828
-0.0055 -0.7161 -0.6703
-0.0055 -0.7161 -0.6703
-0.0056 -0.7187 -0.6591
-0.0084 -0.7292 -0.6723
-0.0096 -0.7252 -0.6794
-0.0034 -0.7257 -0.6758
-0.0111 -0.7147 -0.6638
-0.0111 -0.7147 -0.6638
-0.0056 -0.7217 -0.6693
-0.0033 -0.7184 -0.6855
0.0016 -0.7155 -0.7017
-0.0005 -0.7206 -0.6893
-0.0033 -0.7220 -0.6676
-0.0033 -0.7220 -0.6676
-0.0069 -0.7192 -0.6563
-0.0061 -0.7225 -0.6689
-0.0098 -0.7170 -0.6735
-0.0036 -0.7132 -0.6532
-0.0036 -0.7132 -0.6532
-0.0057 -0.7198 -0.6451
0.0057 -0.7284 -0.6735
0.0102 -0.7262 -0.6808
0.0036 -0.7144 -0.6789
-0.0068 -0.7143 -0.6691
-0.0068 -0.7143 -0.6691
-0.0191 -0.7187 -0.6603
-0.0176 -0.7321 -0.6666
-0.0154 -0.7237 -0.6824
-0.0024 -0.7148 -0.6920
-0.0093 -0.7079 -0.6909
-0.0093 -0.7079 -0.6909
-0.0098 -0.7155 -0.6839
-0.0068 -0.7117 -0.6787
-0.0084 -0.7225 -0.6818
-0.0150 -0.7196 -0.6732
-0.0082 -0.7194 -0.6732
-0.0082 -0.7194 -0.6732
-0.0028 -0.7142 -0.6696
-0.0059 -0.7154 -0.6755
-0.0085 -0.7225 -0.6864
-0.0127 -0.7118 -0.6762
-0.0128 -0.7169 -0.6685
-0.0128 -0.7169 -0.6685
-0.0063 -0.7241 -0.6562
-0.0134 -0.7185 -0.6712
-0.0003 -0.7190 -0.6897
0.0090 -0.7254 -0.6792
0.0090 -0.7254 -0.6792
-0.0067 -0.7202 -0.6810
-0.0125 -0.7191 -0.6686
-0.0139 -0.7327 -0.6699
-0.0102 -0.7340 -0.6951
-0.0018 -0.7305 -0.7094
-0.0018 -0.7305 -0.7094
-0.0062 -0.7253 -0.6768
-0.0099 -0.7252 -0.6573

