0.0000 0.0000 0.0000
0.0000 0.0000 0.0000
0.0000 0.0000 0.0000
0.0000 0.0000 0.0000
0.0000 0.0000 0.0000
0.0000 0.0000 0.0000
0.0000 0.0000 0.0000
0.0000 0.0000 0.0000
0.0000 0.0000 0.0000
0.0000 0.0000 0.0000
0.0917 -0.3164 -0.9220
0.0879 -0.3152 -0.9182
0.0827 -0.3179 -0.9146
0.0851 -0.3200 -0.9176
0.0845 -0.3204 -0.9269
0.0845 -0.3204 -0.9269
0.0832 -0.3251 -0.9255
0.0871 -0.3261 -0.9208
0.0893 -0.3250 -0.9228
0.0910 -0.3268 -0.9297
0.1028 -0.3124 -0.9091
0.1052 -0.3226 -0.9357
0.1137 -0.2962 -0.9035
0.1018 -0.3304 -0.9095
0.0642 -0.3325 -0.9182
0.0696 -0.3354 -0.9101
0.0230 -0.3700 -0.9158
0.0175 -0.3799 -0.9045
0.0163 -0.3873 -0.9132
0.0075 -0.3915 -0.9162
0.0075 -0.3915 -0.9162
0.0096 -0.3737 -0.9413
0.0252 -0.3731 -0.9296
0.0299 -0.3628 -0.9221
0.0383 -0.3587 -0.8959
0.0197 -0.3582 -0.8934
0.0197 -0.3582 -0.8934
0.0082 -0.3958 -0.9065
-0.0556 -0.4220 -0.8364
-0.0593 -0.4107 -0.9254
-0.0456 -0.3922 -0.9663
-0.0456 -0.3922 -0.9663
-0.0146 -0.4029 -0.9559
-0.0198 -0.4213 -0.9154
-0.0243 -0.4380 -0.9049
-0.0305 -0.3946 -0.9135
0.0018 -0.3911 -0.9259
0.0018 -0.3911 -0.9259
0.0162 -0.4030 -0.8947
0.0021 -0.4057 -0.8910
-0.0309 -0.4159 -0.8690
-0.0403 -0.4216 -0.9338
-0.0524 -0.4374 -0.8979
-0.0492 -0.4218 -0.9730
-0.0448 -0.4096 -0.9794
-0.0448 -0.4096 -0.9794
-0.0387 -0.4237 -0.9883
-0.0217 -0.4120 -0.9435
0.0280 -0.4206 -0.9697
0.0270 -0.3914 -0.9492
0.0008 -0.3965 -0.8977
0.0008 -0.3965 -0.8977
0.0565 -0.4249 -0.9393
0.0815 -0.3706 -0.8707
0.1100 -0.3591 -0.8644
0.1187 -0.3521 -0.8785
0.1144 -0.3325 -0.8889
0.1144 -0.3325 -0.8889
0.1485 -0.3264 -0.8991
0.1406 -0.2961 -0.9034
0.1358 -0.3072 -0.9065
0.1366 -0.3154 -0.8954
0.1359 -0.3273 -0.8793
0.1359 -0.3273 -0.8793
0.1299 -0.3304 -0.8742
0.1198 -0.3231 -0.8840
0.1002 -0.3310 -0.8526
0.0840 -0.3295 -0.8587
0.0840 -0.3295 -0.8587
0.0642 -0.3350 -0.8792
0.0633 -0.3479 -0.9156
0.0777 -0.3492 -0.9203
0.0714 -0.3129 -0.9093
0.0635 -0.2971 -0.8949
0.0635 -0.2971 -0.8949
0.0562 -0.3097 -0.8788
0.0547 -0.3234 -0.9140
0.0568 -0.3304 -0.9341
0.0532 -0.3132 -0.9258
0.0564 -0.2987 -0.9270
0.0564 -0.2987 -0.9270
0.0537 -0.3148 -0.9369
0.0573 -0.3124 -0.9501
0.0732 -0.3123 -0.9652
0.0760 -0.3063 -0.9512
0.0641 -0.3145 -0.9300
0.0641 -0.3145 -0.9300
0.0561 -0.3169 -0.9371
0.0640 -0.3125 -0.9403
0.0562 -0.3152 -0.9277
0.0455 -0.3140 -0.9109
0.0517 -0.3233 -0.9096
0.0582 -0.3214 -0.9240
0.0552 -0.3147 -0.9335
0.0516 -0.3051 -0.9359
0.0512 -0.3033 -0.9343
0.0512 -0.3033 -0.9343
0.0576 -0.3169 -0.9334
0.0593 -0.3185 -0.9215
0.0636 -0.3264 -0.9339
0.0661 -0.3269 -0.9382
0.0639 -0.3188 -0.9483
0.0639 -0.3188 -0.9483
0.0595 -0.3221 -0.9522
0.0603 -0.3138 -0.9332
0.0652 -0.3144 -0.9296
0.0593 -0.3238 -0.9394
0.0600 -0.3144 -0.9323
0.0600 -0.3144 -0.9323
0.0586 -0.3120 -0.9200
0.0572 -0.3178 -0.9296
0.0544 -0.3117 -0.9253
0.0535 -0.3092 -0.9231
0.0551 -0.3187 -0.9344
0.0551 -0.3187 -0.9344
0.0590 -0.3169 -0.9389
0.0606 -0.3166 -0.9355
0.0545 -0.3114 -0.9404
0.0591 -0.3167 -0.9435
0.0593 -0.3179 -0.9348
0.0593 -0.3179 -0.9348
0.0564 -0.3193 -0.9225
0.0589 -0.3262 -0.9266
0.0636 -0.3145 -0.9344
0.0600 -0.3145 -0.9350
0.0600 -0.3145 -0.9350
0.0505 -0.3168 -0.9193
0.0498 -0.3183 -0.9195
0.0567 -0.3256 -0.9187
0.0628 -0.3296 -0.9213
0.0617 -0.3199 -0.9403
0.0617 -0.3199 -0.9403
0.0483 -0.3157 -0.9385
0.0481 -0.3134 -0.9299
0.0528 -0.3211 -0.9147
0.0517 -0.3288 -0.9165
0.0559 -0.3298 -0.9324
0.0559 -0.3298 -0.9324
0.0582 -0.3228 -0.9404
0.0595 -0.3162 -0.9508
0.0594 -0.3151 -0.9465
0.0511 -0.3124 -0.9326
0.0514 -0.3137 -0.9231
0.0514 -0.3137 -0.9231
0.0528 -0.3245 -0.9271
0.0532 -0.3252 -0.9246
0.0514 -0.3173 -0.9247
0.0486 -0.3172 -0.9301
0.0486 -0.3172 -0.9301
0.0502 -0.3208 -0.9272
0.0492 -0.3233 -0.9286
0.0531 -0.3214 -0.9338
0.0553 -0.3165 -0.9436
0.0543 -0.3133 -0.9389
0.0543 -0.3133 -0.9389
0.0534 -0.3151 -0.9310
0.0519 -0.3186 -0.9247
0.0509 -0.3180 -0.9243
0.0510 -0.3143 -0.9274
0.0497 -0.3172 -0.9277
0.0497 -0.3172 -0.9277
0.0534 -0.3187 -0.9308
0.0517 -0.3138 -0.9325
0.0476 -0.3143 -0.9306
0.0520 -0.3113 -0.9280
0.0532 -0.3119 -0.9306
0.0532 -0.3119 -0.9306
0.0571 -0.3216 -0.9291
0.0602 -0.3222 -0.9284
0.0560 -0.3181 -0.9390
0.0446 -0.3067 -0.9342
0.0452 -0.3092 -0.9361
0.0452 -0.3092 -0.9361
0.0496 -0.3149 -0.9418
0.0550 -0.3163 -0.9413
0.0556 -0.3169 -0.9439

