0.0000 0.0000 0.0000
0.0000 0.0000 0.0000
0.0000 0.0000 0.0000
0.0000 0.0000 0.0000
0.0000 0.0000 0.0000
0.0000 0.0000 0.0000
0.0000 0.0000 0.0000
0.0000 0.0000 0.0000
0.0000 0.0000 0.0000
0.0000 0.0000 0.0000
0.0156 -0.0084 0.0046
0.0153 0.0012 0.0029
0.0230 0.0092 0.0066
0.0559 0.0015 0.0118
0.0547 -0.0103 0.0074
0.0370 -0.0055 0.0070
-0.0026 -0.0015 0.0154
0.0044 0.0110 0.0134
0.0216 0.0091 0.0102
0.0539 -0.0070 0.0130
-0.0048 0.0059 0.0369
0.1476 -0.1124 0.0866
0.1339 -0.2530 0.1603
0.1735 -0.3683 0.1937
0.2639 -0.4689 0.1679
0.3429 -0.4648 0.1271
0.2542 -0.2634 0.0462
0.2183 -0.1913 0.0488
0.1859 -0.0748 0.0453
0.1725 -0.0397 0.0561
0.1768 -0.0843 0.0610
0.1795 -0.1953 0.0967
0.2107 -0.2562 0.1364
0.2299 -0.2743 0.1589
0.2458 -0.2710 0.1880
0.2601 -0.2195 0.1842
0.2790 -0.1885 0.1761
0.2573 -0.2032 0.1955
-0.0803 -0.1997 -0.0225
-0.0337 0.0181 -0.0821
0.0019 0.0222 -0.0382
0.1053 0.1281 0.0316
0.0771 -0.0024 0.0724
0.0309 -0.0034 0.0367
-0.0209 0.0472 0.0475
0.0246 0.1358 0.0344
0.0466 0.1285 0.0452
0.0619 0.0582 0.0862
0.0612 -0.0315 0.0852
0.0244 -0.0992 0.0604
0.0620 0.0059 -0.0117
0.0721 -0.0797 -0.0484
0.0224 -0.1135 -0.0722
-0.0111 0.2542 -0.2631
-0.0352 0.3475 -0.4037
-0.0673 0.3539 -0.4432
-0.1537 0.3956 -0.4716
-0.2873 0.4828 -0.4408
-0.3302 0.4726 -0.4139
-0.2823 0.4258 -0.4926
-0.0417 0.5645 -0.6895
0.0047 0.5227 -0.6193
-0.0983 0.2926 -0.4507
-0.2627 0.3266 -0.3528
-0.3127 0.2640 -0.3149
-0.3059 0.1646 -0.2584
-0.2764 0.1213 -0.2365
-0.1466 0.0259 -0.1503
0.0594 -0.1280 -0.1318
0.1440 -0.1391 -0.1584
0.2000 -0.1115 -0.2030
0.1452 -0.0906 -0.1393
0.0963 -0.0589 -0.0890
-0.0233 0.0112 0.0295
-0.1015 -0.0923 0.1202
-0.1147 -0.1800 0.1237
-0.1147 -0.2050 0.1240
-0.1503 -0.1181 0.1110
-0.1899 -0.0661 0.1038
-0.2658 -0.0846 0.0894
-0.3039 -0.1864 0.1225
-0.3147 -0.2285 0.1207
-0.2857 -0.1965 0.1114
-0.1875 -0.1599 0.0930
-0.1469 -0.1560 0.0884
-0.1247 -0.1746 0.0726
-0.1645 -0.1504 0.0711
-0.1680 -0.1052 0.0789
-0.1118 -0.0246 0.0503
-0.0496 0.0002 0.0220
-0.0236 0.0017 0.0166
0.0004 0.0099 0.0014
0.0054 0.0061 -0.0120
0.0310 0.0052 -0.0131
0.0914 -0.0110 -0.0396
0.1078 -0.0106 -0.0423
0.1127 -0.0094 -0.0229
0.1175 0.0157 -0.0185
0.1120 0.0064 -0.0159
0.0999 -0.0072 -0.0061
0.0609 0.0270 -0.0008
0.0361 0.0507 0.0059
-0.0689 0.0388 0.0557
-0.0727 0.0358 0.0568
-0.0421 0.0174 0.0346
-0.0093 0.0205 0.0210
0.0057 0.0247 0.0146
0.0325 0.0471 0.0116
0.0073 0.0445 0.0079
-0.0128 0.0387 0.0081
-0.0255 0.0173 0.0164
0.0008 0.0007 0.0152
0.0178 -0.0011 0.0134
0.0527 0.0206 0.0121
0.0474 0.0290 0.0044
0.0285 0.0267 0.0022
0.0097 0.0216 0.0226
0.0303 0.0141 0.0211
0.0336 0.0129 0.0174
0.0069 -0.0021 0.0212
0.0004 -0.0024 0.0275
0.0169 0.0044 0.0187
0.0389 0.0221 0.0258
0.0415 0.0211 0.0253
0.0184 0.0110 0.0259
0.0158 -0.0006 0.0209
0.0195 0.0040 0.0154
0.0385 0.0013 0.0012
0.0643 0.0027 0.0092
0.0610 0.0047 0.0076
0.0486 -0.0010 0.0087
0.0363 -0.0086 0.0077
0.0584 -0.0554 0.0210
0.0789 -0.0602 -0.0026
0.0675 -0.0552 -0.0054
0.0567 -0.0368 0.0003
0.0475 0.0058 -0.0105
0.0409 0.0439 -0.0017
0.0353 0.0362 0.0091
0.0051 -0.0052 0.0245
-0.0294 -0.0382 0.0295
-0.0281 -0.0323 0.0298
0.0066 -0.0148 0.0250
0.0278 0.0079 0.0142
0.0160 0.0216 0.0109
-0.0111 0.0339 0.0140
-0.0323 0.0159 0.0189
-0.0336 0.0101 0.0242
-0.0325 0.0029 0.0248
-0.0295 0.0005 0.0253
-0.0127 -0.0059 0.0227
0.0370 0.0099 0.0183
0.0580 0.0166 0.0121
0.0397 0.0136 0.0057
-0.0056 -0.0049 0.0172
-0.0174 -0.0099 0.0155
-0.0111 -0.0015 0.0099
0.0255 0.0070 0.0087
0.0355 0.0025 0.0040
0.0058 -0.0009 0.0100
-0.0239 0.0145 0.0151
-0.0292 0.0201 0.0119
-0.0020 0.0093 0.0153
0.0282 0.0023 0.0098
0.0281 -0.0001 0.0061
0.0168 0.0175 0.0021
0.0083 0.0039 0.0010
0.0038 0.0018 0.0003
-0.0099 0.0030 -0.0025
-0.0198 0.0003 -0.0003
-0.0186 -0.0096 0.0018
-0.0061 -0.0055 0.0071
-0.0070 0.0084 0.0038
-0.0073 0.0119 0.0056
-0.0112 0.0116 -0.0007
0.0111 0.0157 -0.0028
0.0211 0.0145 -0.0010
0.0203 0.0123 0.0023
-0.0021 0.0071 0.0066
-0.0240 -0.0488 0.0142
-0.0162 -0.0017 0.0079
-0.0036 0.0247 0.0049
0.0065 0.0606 0.0021
0.0049 0.0520 0.0097
0.0074 0.0488 0.0167
0.0262 0.0220 0.0286

