0.0000 0.0000 0.0000
0.0000 0.0000 0.0000
0.0000 0.0000 0.0000
0.0000 0.0000 0.0000
0.0000 0.0000 0.0000
0.0000 0.0000 0.0000
0.0000 0.0000 0.0000
0.0000 0.0000 0.0000
0.0000 0.0000 0.0000
0.0000 0.0000 0.0000
0.0000 0.0000 0.0000
0.0000 0.0000 0.0000
0.0000 0.0000 0.0000
0.0000 0.0000 0.0000
0.0000 0.0000 0.0000
0.0000 0.0000 0.0000
0.0000 0.0000 0.0000
0.0000 0.0000 0.0000
0.0000 0.0000 0.0000
0.0000 0.0000 0.0000
0.0000 0.0000 0.0000
0.0000 0.0000 0.0000
0.0000 0.0000 0.0000
0.0000 0.0000 0.0000
0.0000 0.0000 0.0000
0.0000 0.0000 0.0000
0.0000 0.0000 0.0000
0.0000 0.0000 0.0000
0.0000 0.0000 0.0000
0.0000 0.0000 0.0000
0.0000 0.0000 0.0000
0.0000 0.0000 0.0000
0.0000 0.0000 0.0000
0.0000 0.0000 0.0000
0.0000 0.0000 0.0000
0.0000 0.0000 0.0000
0.0000 0.0000 0.0000
0.0000 0.0000 0.0000
0.0000 0.0000 0.0000
0.0000 0.0000 0.0000
0.0000 0.0000 0.0000
0.0000 0.0000 0.0000
0.0000 0.0000 0.0000
0.0000 0.0000 0.0000
0.0000 0.0000 0.0000
0.0000 0.0000 0.0000
0.0000 0.0000 0.0000
0.0000 0.0000 0.0000
0.0000 0.0000 0.0000
0.0000 0.0000 0.0000
0.0000 0.0000 0.0000
0.0000 0.0000 0.0000
0.0000 0.0000 0.0000
0.0000 0.0000 0.0000
0.0000 0.0000 0.0000
0.0000 0.0000 0.0000
0.0000 0.0000 0.0000
0.0000 0.0000 0.0000
0.0000 0.0000 0.0000
0.0000 0.0000 0.0000
0.0000 0.0000 0.0000
0.0000 0.0000 0.0000
0.0000 0.0000 0.0000
0.0000 0.0000 0.0000
0.0000 0.0000 0.0000
0.0000 0.0000 0.0000
0.0000 0.0000 0.0000
0.0000 0.0000 0.0000
0.0000 0.0000 0.0000
0.0000 0.0000 0.0000
0.0000 0.0000 0.0000
0.0000 0.0000 0.0000
0.0000 0.0000 0.0000
0.0000 0.0000 0.0000
0.0000 0.0000 0.0000
0.0000 0.0000 0.0000
0.0000 0.0000 0.0000
0.0000 0.0000 0.0000
0.0000 0.0000 0.0000
0.0000 0.0000 0.0000
0.0000 0.0000 0.0000
0.0000 0.0000 0.0000
0.0000 0.0000 0.0000
0.0000 0.0000 0.0000
0.0000 0.0000 0.0000
0.0000 0.0000 0.0000
0.0000 0.0000 0.0000
0.0000 0.0000 0.0000
0.0000 0.0000 0.0000
0.0000 0.0000 0.0000
0.0000 0.0000 0.0000
0.0000 0.0000 0.0000
0.0000 0.0000 0.0000
0.0000 0.0000 0.0000
0.0000 0.0000 0.0000
0.0000 0.0000 0.0000
0.0000 0.0000 0.0000
0.0000 0.0000 0.0000
0.0000 0.0000 0.0000
0.0000 0.0000 0.0000
0.0000 0.0000 0.0000
0.0000 0.0000 0.0000
0.0000 0.0000 0.0000
0.0000 0.0000 0.0000
0.0000 0.0000 0.0000
0.0000 0.0000 0.0000
0.0000 0.0000 0.0000
0.0000 0.0000 0.0000
0.0000 0.0000 0.0000
0.0000 0.0000 0.0000
0.0000 0.0000 0.0000
0.0000 0.0000 0.0000
0.0000 0.0000 0.0000
0.0000 0.0000 0.0000
0.0000 0.0000 0.0000
0.0000 0.0000 0.0000
0.0000 0.0000 0.0000
0.0000 0.0000 0.0000
0.0000 0.0000 0.0000
0.0000 0.0000 0.0000
0.0000 0.0000 0.0000
0.0000 0.0000 0.0000
0.0000 0.0000 0.0000
0.0000 0.0000 0.0000
0.0000 0.0000 0.0000
0.0000 0.0000 0.0000
0.0000 0.0000 0.0000
0.0000 0.0000 0.0000
0.0000 0.0000 0.0000
0.0000 0.0000 0.0000
0.0000 0.0000 0.0000
0.0000 0.0000 0.0000
0.0000 0.0000 0.0000
0.0000 0.0000 0.0000
0.0000 0.0000 0.0000
0.0000 0.0000 0.0000
0.0000 0.0000 0.0000
0.0000 0.0000 0.0000
0.0043 -0.0036 0.0000
0.0087 -0.0073 -0.0001
0.0132 -0.0112 -0.0002
0.0178 -0.0149 -0.0005
0.0225 -0.0187 -0.0009
0.0169 -0.0149 -0.0011
-0.0115 0.0048 -0.0013
-0.0190 0.0094 -0.0018
-0.0197 0.0093 -0.0023
-0.0183 0.0077 -0.0028
-0.0163 0.0058 -0.0035
-0.0416 0.0012 0.0010
-0.0481 -0.0006 0.0017
-0.0502 -0.0021 0.0013
-0.0510 -0.0034 0.0005
-0.0514 -0.0047 -0.0005
-0.0530 -0.0046 -0.0019
-0.0577 -0.0015 -0.0037
-0.0598 -0.0014 -0.0054
-0.0606 -0.0022 -0.0071
-0.0608 -0.0035 -0.0089
-0.0605 -0.0051 -0.0106
-0.0600 -0.0071 -0.0123
-0.0666 -0.0076 -0.0081
-0.0687 -0.0098 -0.0073
-0.0693 -0.0127 -0.0074
-0.0693 -0.0161 -0.0075
-0.0691 -0.0196 -0.0074
-0.0709 -0.0239 -0.0066
-0.0775 -0.0294 -0.0044
-0.0790 -0.0333 -0.0033
-0.0785 -0.0366 -0.0028
-0.0771 -0.0397 -0.0024
-0.0753 -0.0428 -0.0021
-0.0750 -0.0459 -0.0015
-0.0786 -0.0489 -0.0002
-0.0781 -0.0521 0.0003
-0.0760 -0.0555 0.0006
-0.0735 -0.0591 0.0007
-0.0709 -0.0627 0.0008
-0.0691 -0.0644 0.0019
-0.0690 -0.0618 0.0053
-0.0673 -0.0633 0.0064
-0.0650 -0.0661 0.0069
-0.0623 -0.0692 0.0070
-0.0593 -0.0724 0.0071
-0.0572 -0.0736 0.0092
-0.0577 -0.0710 0.0157
-0.0549 -0.0717 0.0183
-0.0509 -0.0734 0.0199
-0.0461 -0.0754 0.0213
-0.0407 -0.0776 0.0229
-0.0372 -0.0768 0.0276
-0.0381 -0.0696 0.0385
-0.0337 -0.0685 0.0440
-0.0272 -0.0691 0.0479
-0.0197 -0.0703 0.0516
-0.0114 -0.0716 0.0554
-0.0026 -0.0728 0.0594
0.0070 -0.0738 0.0635
0.0125 -0.0717 0.0722
0.0090 -0.0635 0.0899
0.0150 -0.0612 0.0992
0.0244 -0.0604 0.1059
0.0352 -0.0599 0.1117
0.0467 -0.0593 0.1171
0.0565 -0.0532 0.1246
0.0626 -0.0363 0.1371
0.0729 -0.0298 0.1450
0.0848 -0.0266 0.1513
0.0974 -0.0246 0.1572
0.1101 -0.0230 0.1628
0.1207 -0.0197 0.1701
0.1268 -0.0123 0.1812
0.1475 -0.0108 0.1955
0.1574 -0.0100 0.2001
0.1653 -0.0073 0.2027
0.1720 -0.0029 0.2063
0.1769 0.0045 0.2135
0.1868 0.0087 0.2175
0.1985 0.0123 0.2197
0.2097 0.0150 0.2218
0.2202 0.0163 0.2244
0.2311 0.0172 0.2285
0.2430 0.0190 0.2346
0.2551 0.0201 0.2385
0.2677 0.0210 0.2416
0.2806 0.0219 0.2443
0.2936 0.0228 0.2467
0.3062 0.0236 0.2499
0.3182 0.0245 0.2552
0.3305 0.0244 0.2587
0.3432 0.0243 0.2612
0.3564 0.0242 0.2629
0.3702 0.0243 0.2643
0.3845 0.0245 0.2657
0.3982 0.0217 0.2687
0.4127 0.0205 0.2707
0.4275 0.0196 0.2726
0.4426 0.0187 0.2746
0.4582 0.0177 0.2767
0.4741 0.0167 0.2787
0.4904 0.0109 0.2806
0.5071 0.0082 0.2824
0.5240 0.0063 0.2842
0.5412 0.0045 0.2860
0.5590 0.0028 0.2877
0.5766 -0.0008 0.2883
0.5933 -0.0083 0.2870
0.6117 -0.0121 0.2875
0.6310 -0.0147 0.2885
0.6508 -0.0170 0.2895
0.6710 -0.0194 0.2905
0.6914 -0.0219 0.2916
0.7049 -0.0326 0.2840
0.7233 -0.0382 0.2825
0.7438 -0.0420 0.2827
0.7652 -0.0452 0.2834
0.7870 -0.0483 0.2845
0.8054 -0.0546 0.2821
0.8167 -0.0675 0.2723
0.8359 -0.0739 0.2701
0.8577 -0.0783 0.2705
0.8806 -0.0820 0.2715
0.9043 -0.0854 0.2726
0.9243 -0.0917 0.2698
0.9362 -0.1037 0.2590
0.9572 -0.1095 0.2556
0.9813 -0.1133 0.2542
1.0065 -0.1164 0.2532
1.0325 -0.1193 0.2523
1.0540 -0.1257 0.2470
1.0659 -0.1394 0.2328
1.0884 -0.1456 0.2272
1.1144 -0.1494 0.2242
1.1419 -0.1526 0.2221
1.1703 -0.1556 0.2202
1.1935 -0.1626 0.2144
1.2059 -0.1774 0.2007
1.2297 -0.1847 0.1952
1.2575 -0.1894 0.1919
1.2868 -0.1933 0.1889
1.3170 -0.1970 0.1858
1.3398 -0.2045 0.1757
1.3476 -0.2193 0.1520
1.3709 -0.2274 0.1416
1.3994 -0.2333 0.1354
1.4301 -0.2385 0.1304
1.4618 -0.2434 0.1256
1.4842 -0.2497 0.1140
1.4875 -0.2586 0.0894
1.5109 -0.2650 0.0776
1.5410 -0.2707 0.0699
1.5733 -0.2763 0.0636
1.6066 -0.2821 0.0576
1.6406 -0.2879 0.0517
1.6380 -0.2977 0.0347
1.6604 -0.3052 0.0250
1.6909 -0.3120 0.0177
1.7243 -0.3188 0.0110
1.7589 -0.3255 0.0045
1.7939 -0.3324 -0.0019
1.7999 -0.3445 -0.0137
1.8258 -0.3534 -0.0221
1.8585 -0.3612 -0.0296
1.8937 -0.3688 -0.0370
1.9300 -0.3763 -0.0444
1.9623 -0.3860 -0.0564
1.9858 -0.4001 -0.0770
2.0190 -0.4099 -0.0894
2.0557 -0.4185 -0.0991
2.0937 -0.4269 -0.1081
2.1324 -0.4352 -0.1170
2.1671 -0.4452 -0.1234
2.1935 -0.4585 -0.1250
2.2293 -0.4687 -0.1317
2.2684 -0.4778 -0.1400
2.3089 -0.4868 -0.1489
2.3502 -0.4958 -0.1580
2.3921 -0.5049 -0.1673
2.4082 -0.5179 -0.1560
2.4424 -0.5285 -0.1587
2.4827 -0.5383 -0.1659
2.5251 -0.5480 -0.1746
2.5687 -0.5576 -0.1839
2.6131 -0.5672 -0.1935
2.6291 -0.5813 -0.1793
2.6651 -0.5926 -0.1814
2.7078 -0.6031 -0.1886
2.7529 -0.6134 -0.1976
2.7992 -0.6237 -0.2071
2.8463 -0.6340 -0.2169
2.8664 -0.6521 -0.2022
2.9055 -0.6651 -0.2041
2.9510 -0.6767 -0.2115
2.9989 -0.6879 -0.2206
3.0480 -0.6990 -0.2304
3.0978 -0.7102 -0.2404
3.1198 -0.7275 -0.2361
3.1615 -0.7408 -0.2417
3.2098 -0.7529 -0.2505
3.2606 -0.7647 -0.2604
3.3126 -0.7765 -0.2708
3.3653 -0.7883 -0.2815
3.3716 -0.8035 -0.2834
3.4099 -0.8166 -0.2914
3.4587 -0.8292 -0.3014
3.5112 -0.8417 -0.3121
3.5652 -0.8542 -0.3231
3.6201 -0.8669 -0.3343
3.6245 -0.8828 -0.3299
3.6639 -0.8966 -0.3363
3.7147 -0.9099 -0.3462
3.7696 -0.9231 -0.3573
3.8262 -0.9364 -0.3689
3.8837 -0.9497 -0.3808
3.8933 -0.9649 -0.3676
3.9363 -0.9790 -0.3716
3.9903 -0.9927 -0.3812
4.0481 -1.0065 -0.3926
4.1075 -1.0203 -0.4047
4.1533 -1.0343 -0.4121
4.1715 -1.0485 -0.4097
4.2190 -1.0627 -0.4175
4.2762 -1.0769 -0.4287
4.3369 -1.0912 -0.4411
4.3993 -1.1056 -0.4539
4.4625 -1.1201 -0.4670
4.4640 -1.1332 -0.4741
4.5080 -1.1475 -0.4855
4.5659 -1.1621 -0.4984
4.6286 -1.1769 -0.5118
4.6933 -1.1919 -0.5256
4.7590 -1.2070 -0.5396
4.7746 -1.2231 -0.5355
4.8251 -1.2386 -0.5438
4.8869 -1.2541 -0.5562
4.9529 -1.2697 -0.5699
5.0205 -1.2853 -0.5842
5.0892 -1.3010 -0.5989
5.1163 -1.3201 -0.5837
5.1725 -1.3370 -0.5888
5.2383 -1.3534 -0.6006
5.3075 -1.3697 -0.6145
5.3783 -1.3860 -0.6292
5.4499 -1.4025 -0.6442
5.5223 -1.4191 -0.6595
5.5954 -1.4359 -0.6750
5.6691 -1.4529 -0.6906
5.7434 -1.4700 -0.7064
5.8184 -1.4873 -0.7224
5.8940 -1.5047 -0.7385
5.9703 -1.5223 -0.7548
6.0472 -1.5400 -0.7713
6.1248 -1.5579 -0.7880
6.2030 -1.5758 -0.8048
6.2819 -1.5939 -0.8218
6.3615 -1.6121 -0.8389
6.4416 -1.6305 -0.8562
6.5225 -1.6490 -0.8736
6.6041 -1.6675 -0.8912
6.6865 -1.6862 -0.9090
6.7696 -1.7049 -0.9270
6.8534 -1.7237 -0.9451
6.9377 -1.7427 -0.9633
7.0228 -1.7618 -0.9817
7.1086 -1.7810 -1.0003
7.1952 -1.8003 -1.0191
7.2825 -1.8197 -1.0381
7.3706 -1.8393 -1.0572
7.4594 -1.8591 -1.0765
7.5489 -1.8790 -1.0960
7.6391 -1.8990 -1.1157
7.7300 -1.9193 -1.1356
7.8218 -1.9396 -1.1557
7.9143 -1.9601 -1.1761
8.0077 -1.9808 -1.1967
8.1018 -2.0017 -1.2174
8.1966 -2.0227 -1.2384
8.2921 -2.0439 -1.2595
8.3885 -2.0652 -1.2809
8.4856 -2.0867 -1.3025
8.5834 -2.1084 -1.3243
8.6819 -2.1303 -1.3463
8.7812 -2.1524 -1.3684
8.8812 -2.1746 -1.3908
8.9820 -2.1970 -1.4133
9.0836 -2.2195 -1.4361
2.8265 -0.6676 -0.4586
0.8508 -0.1792 -0.1500
0.2278 -0.0263 -0.0528
0.0310 0.0209 -0.0223
-0.0316 0.0348 -0.0128
-0.0519 0.0382 -0.0099
-0.0648 0.0373 -0.0189
-0.0695 0.0360 -0.0222
-0.0716 0.0345 -0.0238
-0.0730 0.0330 -0.0248
-0.0740 0.0315 -0.0257
-0.0750 0.0299 -0.0266
-0.0791 0.0318 -0.0339
-0.0813 0.0314 -0.0372
-0.0829 0.0302 -0.0392
-0.0843 0.0288 -0.0407
-0.0856 0.0272 -0.0422
-0.0869 0.0256 -0.0436
-0.0955 0.0277 -0.0642
-0.0994 0.0273 -0.0724
-0.1018 0.0261 -0.0767
-0.1037 0.0246 -0.0798
-0.1055 0.0230 -0.0825
-0.1072 0.0214 -0.0852
-0.1090 0.0197 -0.0879
-0.1051 0.0281 -0.0855
-0.1051 0.0298 -0.0866
-0.1064 0.0295 -0.0888
-0.1080 0.0285 -0.0914
-0.1097 0.0272 -0.0942
-0.1044 0.0342 -0.0900
-0.1037 0.0358 -0.0906
-0.1045 0.0357 -0.0926
-0.1058 0.0349 -0.0950
-0.1072 0.0340 -0.0976
-0.1087 0.0329 -0.1003
-0.1004 0.0408 -0.0919
-0.0987 0.0427 -0.0908
-0.0990 0.0428 -0.0920
-0.1000 0.0423 -0.0940
-0.1012 0.0416 -0.0962
-0.1024 0.0409 -0.0985
-0.0945 0.0484 -0.0862
-0.0925 0.0506 -0.0836
-0.0925 0.0511 -0.0841
-0.0932 0.0510 -0.0855
-0.0941 0.0507 -0.0873
-0.0952 0.0504 -0.0893
-0.0840 0.0597 -0.0730
-0.0811 0.0626 -0.0688
-0.0807 0.0634 -0.0685
-0.0812 0.0636 -0.0695
-0.0821 0.0636 -0.0710
-0.0820 0.0641 -0.0721
-0.0798 0.0657 -0.0722
-0.0797 0.0662 -0.0734
-0.0802 0.0664 -0.0750
-0.0809 0.0666 -0.0767
-0.0817 0.0667 -0.0784
-0.0826 0.0667 -0.0801
-0.0767 0.0695 -0.0701
-0.0753 0.0706 -0.0679
-0.0754 0.0711 -0.0682
-0.0760 0.0713 -0.0693
-0.0768 0.0715 -0.0706
-0.0759 0.0718 -0.0686
-0.0715 0.0723 -0.0601
-0.0706 0.0725 -0.0581
-0.0707 0.0725 -0.0581
-0.0711 0.0725 -0.0587
-0.0717 0.0725 -0.0595
-0.0723 0.0725 -0.0604
-0.0720 0.0721 -0.0597
-0.0722 0.0720 -0.0600
-0.0726 0.0720 -0.0607
-0.0731 0.0720 -0.0615
-0.0736 0.0719 -0.0624
-0.0741 0.0718 -0.0632
-0.0738 0.0732 -0.0647
-0.0742 0.0735 -0.0658
-0.0749 0.0735 -0.0667
-0.0757 0.0733 -0.0676
-0.0766 0.0732 -0.0686
-0.0776 0.0730 -0.0697
-0.0752 0.0743 -0.0673
-0.0751 0.0747 -0.0672
-0.0758 0.0748 -0.0680
-0.0768 0.0748 -0.0691
-0.0779 0.0748 -0.0703
-0.0786 0.0751 -0.0714
-0.0786 0.0758 -0.0722
-0.0795 0.0760 -0.0733
-0.0807 0.0761 -0.0746
-0.0821 0.0761 -0.0760
-0.0836 0.0761 -0.0774
-0.0844 0.0762 -0.0778
-0.0839 0.0766 -0.0759
-0.0850 0.0766 -0.0763
-0.0865 0.0766 -0.0773
-0.0883 0.0765 -0.0786
-0.0902 0.0763 -0.0799
-0.0910 0.0762 -0.0792
-0.0894 0.0761 -0.0744
-0.0902 0.0761 -0.0737
-0.0917 0.0761 -0.0744
-0.0934 0.0761 -0.0755
-0.0953 0.0761 -0.0768
-0.0963 0.0764 -0.0764
-0.0957 0.0772 -0.0725
-0.0969 0.0773 -0.0719
-0.0989 0.0771 -0.0723
-0.1011 0.0768 -0.0729
-0.1034 0.0764 -0.0736
-0.1044 0.0761 -0.0721
-0.1029 0.0758 -0.0664
-0.1038 0.0756 -0.0650
-0.1055 0.0754 -0.0649
-0.1073 0.0753 -0.0653
-0.1092 0.0752 -0.0658
-0.1098 0.0756 -0.0642
-0.1079 0.0764 -0.0582
-0.1085 0.0770 -0.0566
-0.1099 0.0774 -0.0562
-0.1116 0.0779 -0.0563
-0.1134 0.0782 -0.0564
-0.1135 0.0787 -0.0542
-0.1101 0.0793 -0.0471
-0.1102 0.0798 -0.0448
-0.1113 0.0804 -0.0439
-0.1127 0.0810 -0.0436
-0.1142 0.0816 -0.0434
-0.1143 0.0821 -0.0407
-0.1114 0.0827 -0.0327
-0.1113 0.0833 -0.0299
-0.1122 0.0840 -0.0288
-0.1134 0.0847 -0.0282
-0.1147 0.0855 -0.0278
-0.1144 0.0862 -0.0263
-0.1106 0.0869 -0.0225
-0.1101 0.0878 -0.0211
-0.1107 0.0887 -0.0205
-0.1117 0.0897 -0.0201
-0.1128 0.0907 -0.0199
-0.1126 0.0919 -0.0189
-0.1097 0.0937 -0.0164
-0.1094 0.0950 -0.0155
-0.1101 0.0963 -0.0152
-0.1110 0.0975 -0.0150
-0.1121 0.0987 -0.0150
-0.1131 0.0998 -0.0150
-0.1093 0.1019 -0.0129
-0.1087 0.1032 -0.0123
-0.1092 0.1042 -0.0123
-0.1100 0.1050 -0.0125
-0.1107 0.1058 -0.0128
-0.1101 0.1071 -0.0128
-0.1069 0.1097 -0.0122
-0.1063 0.1108 -0.0123
-0.1066 0.1111 -0.0126
-0.1072 0.1112 -0.0131
-0.1079 0.1112 -0.0136
-0.1081 0.1111 -0.0139
-0.1074 0.1113 -0.0137
-0.1078 0.1109 -0.0139
-0.1086 0.1103 -0.0143
-0.1097 0.1096 -0.0147
-0.1108 0.1088 -0.0151
-0.1115 0.1083 -0.0153
-0.1114 0.1084 -0.0153
-0.1122 0.1079 -0.0155
-0.1133 0.1074 -0.0160
-0.1146 0.1068 -0.0165
-0.1160 0.1062 -0.0170
-0.1168 0.1058 -0.0170
-0.1167 0.1059 -0.0158
-0.1177 0.1056 -0.0158
-0.1191 0.1050 -0.0161
-0.1208 0.1042 -0.0165
-0.1226 0.1033 -0.0169
-0.1242 0.1022 -0.0163
-0.1252 0.1005 -0.0135
-0.1266 0.0993 -0.0130
-0.1280 0.0981 -0.0130
-0.1295 0.0968 -0.0132
-0.1310 0.0954 -0.0134
-0.1325 0.0938 -0.0135
-0.1327 0.0921 -0.0098
-0.1340 0.0900 -0.0086
-0.1357 0.0877 -0.0082
-0.1375 0.0851 -0.0079
-0.1395 0.0824 -0.0077
-0.1407 0.0799 -0.0067
-0.1403 0.0779 -0.0038
-0.1410 0.0760 -0.0031
-0.1418 0.0745 -0.0032
-0.1424 0.0733 -0.0037
-0.1429 0.0724 -0.0043
-0.1433 0.0718 -0.0050
-0.1406 0.0712 -0.0013
-0.1399 0.0710 -0.0006
-0.1397 0.0711 -0.0010
-0.1395 0.0714 -0.0016
-0.1393 0.0719 -0.0024
-0.1379 0.0723 -0.0028
-0.1350 0.0723 -0.0024
-0.1338 0.0727 -0.0027
-0.1332 0.0731 -0.0032
-0.1327 0.0735 -0.0038
-0.1322 0.0740 -0.0045
-0.1304 0.0744 -0.0048
-0.1266 0.0745 -0.0047
-0.1249 0.0751 -0.0052
-0.1237 0.0756 -0.0060
-0.1228 0.0762 -0.0067
-0.1221 0.0766 -0.0075
-0.1203 0.0768 -0.0079
-0.1169 0.0765 -0.0077
-0.1152 0.0768 -0.0083
-0.1141 0.0774 -0.0091
-0.1132 0.0779 -0.0100
-0.1122 0.0786 -0.0110
-0.1103 0.0790 -0.0111
-0.1068 0.0791 -0.0101
-0.1048 0.0797 -0.0104
-0.1033 0.0804 -0.0112
-0.1008 0.0817 -0.0129
-0.1008 0.0817 -0.0129
-0.0985 0.0829 -0.0148
-0.0974 0.0836 -0.0157
-0.0963 0.0842 -0.0167
-0.0953 0.0849 -0.0178
-0.0944 0.0855 -0.0188
-0.0930 0.0855 -0.0191
-0.0909 0.0849 -0.0183
-0.0900 0.0849 -0.0187
-0.0895 0.0849 -0.0194
-0.0894 0.0849 -0.0201
-0.0894 0.0847 -0.0209
-0.0883 0.0844 -0.0211
-0.0858 0.0840 -0.0203
-0.0849 0.0838 -0.0206
-0.0844 0.0837 -0.0213
-0.0841 0.0837 -0.0222
-0.0838 0.0837 -0.0231
-0.0831 0.0840 -0.0232
-0.0819 0.0844 -0.0222
-0.0813 0.0845 -0.0224
-0.0810 0.0846 -0.0231
-0.0806 0.0847 -0.0239
-0.0804 0.0847 -0.0246
-0.0795 0.0847 -0.0249
-0.0776 0.0850 -0.0244
-0.0769 0.0850 -0.0247
-0.0766 0.0850 -0.0253
-0.0764 0.0850 -0.0260
-0.0763 0.0850 -0.0267
-0.0762 0.0850 -0.0275
-0.0758 0.0853 -0.0236
-0.0757 0.0855 -0.0228
-0.0756 0.0857 -0.0230
-0.0755 0.0859 -0.0234
-0.0755 0.0862 -0.0240
-0.0756 0.0863 -0.0238
-0.0758 0.0861 -0.0224
-0.0758 0.0863 -0.0222
-0.0757 0.0866 -0.0225
-0.0756 0.0869 -0.0230
-0.0757 0.0871 -0.0234
-0.0759 0.0867 -0.0229
-0.0764 0.0855 -0.0207
-0.0767 0.0851 -0.0202
-0.0768 0.0850 -0.0203
-0.0769 0.0851 -0.0205
-0.0769 0.0853 -0.0209
-0.0771 0.0854 -0.0202
-0.0776 0.0852 -0.0178
-0.0779 0.0852 -0.0172
-0.0780 0.0853 -0.0172
-0.0781 0.0855 -0.0173
-0.0782 0.0857 -0.0176
-0.0786 0.0856 -0.0169
-0.0793 0.0849 -0.0144
-0.0796 0.0848 -0.0137
-0.0798 0.0848 -0.0137
-0.0799 0.0849 -0.0138
-0.0799 0.0851 -0.0140
-0.0799 0.0851 -0.0143
-0.0796 0.0851 -0.0148
-0.0796 0.0851 -0.0150
-0.0795 0.0852 -0.0153
-0.0795 0.0853 -0.0155
-0.0795 0.0853 -0.0156
-0.0793 0.0853 -0.0154
-0.0785 0.0853 -0.0144
-0.0784 0.0852 -0.0142
-0.0784 0.0852 -0.0143
-0.0784 0.0851 -0.0144
-0.0785 0.0851 -0.0146
-0.0786 0.0850 -0.0148
-0.0787 0.0848 -0.0150
-0.0788 0.0848 -0.0153
-0.0789 0.0849 -0.0155
-0.0790 0.0849 -0.0158
-0.0792 0.0849 -0.0160
-0.0794 0.0847 -0.0161
-0.0797 0.0844 -0.0159
-0.0798 0.0843 -0.0160
-0.0799 0.0843 -0.0161
-0.0799 0.0842 -0.0163
-0.0800 0.0841 -0.0165
-0.0801 0.0840 -0.0166
-0.0802 0.0836 -0.0165
-0.0803 0.0835 -0.0166
-0.0803 0.0834 -0.0168
-0.0803 0.0834 -0.0171
-0.0803 0.0834 -0.0174

