-0.0803 0.0834 -0.0175
-0.0804 0.0833 -0.0173
-0.0805 0.0833 -0.0173
-0.0806 0.0833 -0.0176
-0.0806 0.0834 -0.0179
-0.0806 0.0835 -0.0182
-0.0806 0.0835 -0.0185
-0.0803 0.0835 -0.0185
-0.0802 0.0834 -0.0187
-0.0803 0.0834 -0.0190
-0.0803 0.0834 -0.0193
-0.0804 0.0833 -0.0196
-0.0805 0.0832 -0.0199
-0.0802 0.0831 -0.0201
-0.0802 0.0830 -0.0204
-0.0802 0.0828 -0.0206
-0.0804 0.0827 -0.0208
-0.0805 0.0825 -0.0210
-0.0807 0.0823 -0.0212
-0.0806 0.0820 -0.0200
-0.0807 0.0819 -0.0198
-0.0807 0.0817 -0.0198
-0.0808 0.0816 -0.0200
-0.0809 0.0814 -0.0201
-0.0810 0.0812 -0.0203
-0.0809 0.0814 -0.0207
-0.0810 0.0814 -0.0209
-0.0811 0.0813 -0.0212
-0.0812 0.0812 -0.0214
-0.0813 0.0812 -0.0216
-0.0814 0.0811 -0.0219
-0.0818 0.0811 -0.0219
-0.0819 0.0811 -0.0221
-0.0820 0.0811 -0.0223
-0.0820 0.0811 -0.0225
-0.0821 0.0811 -0.0228
-0.0821 0.0811 -0.0230
-0.0820 0.0812 -0.0226
-0.0821 0.0812 -0.0225
-0.0821 0.0812 -0.0227
-0.0821 0.0812 -0.0229
-0.0821 0.0813 -0.0231
-0.0822 0.0813 -0.0234
-0.0811 0.0815 -0.0232
-0.0808 0.0815 -0.0234
-0.0809 0.0814 -0.0236
-0.0809 0.0812 -0.0238
-0.0810 0.0812 -0.0243
-0.0809 0.0813 -0.0248
-0.0813 0.0807 -0.0263
-0.0814 0.0804 -0.0269
-0.0816 0.0801 -0.0276
-0.0818 0.0797 -0.0283
-0.0821 0.0788 -0.0296
-0.0824 0.0772 -0.0319
-0.0828 0.0761 -0.0335
-0.0833 0.0749 -0.0350
-0.0839 0.0738 -0.0366
-0.0846 0.0724 -0.0385
-0.0854 0.0709 -0.0407
-0.0858 0.0688 -0.0427
-0.0868 0.0668 -0.0453
-0.0881 0.0647 -0.0484
-0.0897 0.0625 -0.0519
-0.0918 0.0601 -0.0556
-0.0943 0.0574 -0.0596
-0.0973 0.0538 -0.0628
-0.1005 0.0506 -0.0670
-0.1041 0.0475 -0.0719
-0.1078 0.0444 -0.0772
-0.1118 0.0415 -0.0829
-0.1155 0.0388 -0.0885
-0.1189 0.0366 -0.0936
-0.1226 0.0344 -0.1001
-0.1266 0.0323 -0.1073
-0.1309 0.0301 -0.1149
-0.1353 0.0280 -0.1228
-0.1401 0.0258 -0.1309
-0.1463 0.0231 -0.1379
-0.1519 0.0208 -0.1462
-0.1576 0.0188 -0.1553
-0.1635 0.0169 -0.1650
-0.1696 0.0150 -0.1752
-0.1758 0.0133 -0.1861
-0.1815 0.0130 -0.1962
-0.1877 0.0120 -0.2078
-0.1940 0.0109 -0.2202
-0.2004 0.0098 -0.2332
-0.2070 0.0085 -0.2467
-0.2137 0.0071 -0.2607
-0.2216 0.0055 -0.2735
-0.2288 0.0038 -0.2877
-0.2359 0.0020 -0.3026
-0.2429 0.0002 -0.3178
-0.2500 -0.0016 -0.3335
-0.2570 -0.0035 -0.3496
-0.2650 -0.0058 -0.3647
-0.2723 -0.0079 -0.3809
-0.2794 -0.0099 -0.3976
-0.2865 -0.0121 -0.4145
-0.2935 -0.0143 -0.4314
-0.3004 -0.0165 -0.4483
-0.3068 -0.0179 -0.4642
-0.3132 -0.0195 -0.4810
-0.3198 -0.0211 -0.4979
-0.3265 -0.0227 -0.5151
-0.3333 -0.0244 -0.5326
-0.3400 -0.0260 -0.5495
-0.3466 -0.0271 -0.5656
-0.3524 -0.0275 -0.5824
-0.3577 -0.0273 -0.5993
-0.3629 -0.0266 -0.6159
-0.3683 -0.0259 -0.6321
-0.3739 -0.0248 -0.6475
-0.3801 -0.0233 -0.6616
-0.3865 -0.0226 -0.6764
-0.3933 -0.0223 -0.6911
-0.4005 -0.0222 -0.7054
-0.4078 -0.0223 -0.7194
-0.4151 -0.0224 -0.7331
-0.4238 -0.0222 -0.7448
-0.4317 -0.0227 -0.7577
-0.4394 -0.0231 -0.7707
-0.4473 -0.0238 -0.7837
-0.4553 -0.0247 -0.7965
-0.4635 -0.0258 -0.8092
-0.4721 -0.0269 -0.8218
-0.4867 -0.0275 -0.8299
-0.4982 -0.0289 -0.8406
-0.5091 -0.0308 -0.8519
-0.5200 -0.0329 -0.8633
-0.5313 -0.0351 -0.8747
-0.5470 -0.0370 -0.8819
-0.5605 -0.0391 -0.8915
-0.5737 -0.0413 -0.9018
-0.5871 -0.0435 -0.9123
-0.6007 -0.0457 -0.9227
-0.6147 -0.0478 -0.9333
-0.6314 -0.0489 -0.9401
-0.6468 -0.0506 -0.9498
-0.6619 -0.0524 -0.9608
-0.6771 -0.0540 -0.9722
-0.6923 -0.0552 -0.9837
-0.7076 -0.0562 -0.9955
-0.7245 -0.0544 -1.0070
-0.7407 -0.0537 -1.0194
-0.7568 -0.0529 -1.0323
-0.7730 -0.0515 -1.0453
-0.7890 -0.0493 -1.0580
-0.8046 -0.0462 -1.0702
-0.8214 -0.0400 -1.0814
-0.8366 -0.0354 -1.0934
-0.8510 -0.0315 -1.1059
-0.8652 -0.0281 -1.1191
-0.8793 -0.0250 -1.1328
-0.8931 -0.0221 -1.1466
-0.9087 -0.0169 -1.1593
-0.9224 -0.0134 -1.1725
-0.9353 -0.0104 -1.1858
-0.9476 -0.0080 -1.1991
-0.9596 -0.0060 -1.2125
-0.9725 -0.0036 -1.2257
-0.9868 -0.0001 -1.2383
-0.9997 0.0013 -1.2512
-1.0123 0.0017 -1.2642
-1.0249 0.0012 -1.2773
-1.0378 0.0002 -1.2907
-1.0514 -0.0003 -1.3039
-1.0660 0.0006 -1.3167
-1.0802 -0.0009 -1.3305
-1.0943 -0.0035 -1.3447
-1.1086 -0.0064 -1.3591
-1.1230 -0.0095 -1.3735
-1.1382 -0.0112 -1.3870
-1.1549 -0.0103 -1.3987
-1.1704 -0.0116 -1.4118
-1.1858 -0.0134 -1.4251
-1.2014 -0.0147 -1.4379
-1.2173 -0.0154 -1.4500
-1.2332 -0.0151 -1.4606
-1.2486 -0.0142 -1.4697
-1.2660 -0.0128 -1.4789
-1.2845 -0.0106 -1.4874
-1.3038 -0.0076 -1.4945
-1.3233 -0.0036 -1.4997
-1.3421 0.0011 -1.5030
-1.3600 0.0060 -1.5051
-1.3785 0.0115 -1.5059
-1.3978 0.0168 -1.5061
-1.4181 0.0216 -1.5058
-1.4391 0.0258 -1.5050
-1.4600 0.0292 -1.5035
-1.4799 0.0318 -1.5014
-1.5199 0.0360 -1.4966
-1.5397 0.0369 -1.4945
-1.5596 0.0368 -1.4929
-1.5789 0.0354 -1.4915
-1.5972 0.0328 -1.4899
-1.6169 0.0298 -1.4899
-1.6372 0.0264 -1.4909
-1.6575 0.0226 -1.4927
-1.6778 0.0186 -1.4952
-1.6778 0.0186 -1.4952
-1.6977 0.0146 -1.4985
-1.7165 0.0099 -1.5038
-1.7353 0.0059 -1.5095
-1.7538 0.0023 -1.5163
-1.7718 -0.0008 -1.5244
-1.7892 -0.0031 -1.5337
-1.8060 -0.0045 -1.5442
-1.8225 -0.0052 -1.5555
-1.8400 -0.0064 -1.5685
-1.8566 -0.0060 -1.5817
-1.8725 -0.0045 -1.5953
-1.8880 -0.0021 -1.6095
-1.9028 0.0013 -1.6237
-1.9183 0.0038 -1.6376
-1.9325 0.0075 -1.6514
-1.9463 0.0114 -1.6655
-1.9600 0.0148 -1.6802
-1.9738 0.0174 -1.6958
-1.9877 0.0195 -1.7121
-2.0014 0.0186 -1.7289
-2.0149 0.0192 -1.7460
-2.0279 0.0201 -1.7633
-2.0403 0.0212 -1.7805
-2.0519 0.0225 -1.7975
-2.0628 0.0240 -1.8141
-2.0727 0.0246 -1.8301
-2.0823 0.0262 -1.8455
-2.0917 0.0280 -1.8604
-2.1012 0.0299 -1.8746
-2.1110 0.0316 -1.8880
-2.1213 0.0329 -1.9008
-2.1357 0.0320 -1.9134
-2.1483 0.0317 -1.9259
-2.1606 0.0310 -1.9384
-2.1733 0.0297 -1.9509
-2.1865 0.0278 -1.9636
-2.2014 0.0247 -1.9763
-2.2190 0.0201 -1.9893
-2.2346 0.0161 -2.0023
-2.2496 0.0122 -2.0156
-2.2643 0.0088 -2.0292
-2.2914 0.0081 -2.0544
-2.3112 0.0075 -2.0666
-2.3270 0.0094 -2.0778
-2.3417 0.0128 -2.0883
-2.3566 0.0169 -2.0978
-2.3719 0.0217 -2.1061
-2.3874 0.0268 -2.1131
-2.4186 0.0277 -2.1195
-2.4399 0.0313 -2.1248
-2.4585 0.0352 -2.1298
-2.4770 0.0385 -2.1347
-2.4959 0.0413 -2.1396
-2.5155 0.0435 -2.1443
-2.5459 0.0434 -2.1484
-2.5696 0.0442 -2.1514
-2.5911 0.0451 -2.1539
-2.6118 0.0456 -2.1562
-2.6322 0.0454 -2.1585
-2.6525 0.0445 -2.1611
-2.6728 0.0427 -2.1641
-2.7000 0.0397 -2.1679
-2.7225 0.0366 -2.1720
-2.7435 0.0334 -2.1765
-2.7640 0.0299 -2.1814
-2.7842 0.0262 -2.1868
-2.8045 0.0227 -2.1937
-2.8243 0.0189 -2.2006
-2.8437 0.0153 -2.2077
-2.8624 0.0122 -2.2153
-2.8804 0.0097 -2.2233
-2.8977 0.0078 -2.2318
-2.9225 0.0020 -2.2433
-2.9417 -0.0006 -2.2539
-2.9589 -0.0022 -2.2649
-2.9750 -0.0033 -2.2764
-2.9904 -0.0039 -2.2887
-3.0050 -0.0042 -2.3019
-3.0213 -0.0063 -2.3146
-3.0355 -0.0070 -2.3287
-3.0486 -0.0071 -2.3433
-3.0607 -0.0069 -2.3581
-3.0718 -0.0062 -2.3728
-3.0718 -0.0062 -2.3728
-3.0913 -0.0049 -2.4026
-3.1072 -0.0081 -2.4200
-3.1185 -0.0094 -2.4369
-3.1284 -0.0104 -2.4539
-3.1380 -0.0112 -2.4710
-3.1476 -0.0117 -2.4882
-3.1571 -0.0118 -2.5051
-3.1663 -0.0112 -2.5215
-3.1750 -0.0101 -2.5373
-3.1833 -0.0087 -2.5526
-3.1913 -0.0074 -2.5675
-3.1991 -0.0065 -2.5820
-3.2070 -0.0060 -2.5962
-3.2189 -0.0084 -2.6115
-3.2282 -0.0094 -2.6256
-3.2369 -0.0102 -2.6393
-3.2458 -0.0114 -2.6529
-3.2550 -0.0128 -2.6664
-3.2675 -0.0166 -2.6807
-3.2789 -0.0192 -2.6945
-3.2907 -0.0213 -2.7081
-3.3030 -0.0234 -2.7216
-3.3160 -0.0255 -2.7352
-3.3296 -0.0275 -2.7490
-3.3476 -0.0311 -2.7636
-3.3638 -0.0335 -2.7779
-3.3797 -0.0353 -2.7919
-3.3960 -0.0366 -2.8057
-3.4126 -0.0373 -2.8193
-3.4295 -0.0381 -2.8330
-3.4464 -0.0396 -2.8469
-3.4648 -0.0388 -2.8593
-3.4841 -0.0367 -2.8703
-3.5037 -0.0335 -2.8799
-3.5231 -0.0297 -2.8881
-3.5416 -0.0258 -2.8958
-3.5587 -0.0229 -2.9035
-3.5771 -0.0199 -2.9108
-3.5962 -0.0173 -2.9180
-3.6161 -0.0153 -2.9250
-3.6366 -0.0137 -2.9316
-3.6366 -0.0137 -2.9316
-3.6779 -0.0115 -2.9430
-3.6963 -0.0114 -2.9477
-3.7146 -0.0114 -2.9528
-3.7319 -0.0116 -2.9583
-3.7482 -0.0122 -2.9645
-3.7637 -0.0129 -2.9712
-3.7785 -0.0138 -2.9784
-3.7930 -0.0147 -2.9859
-3.8073 -0.0157 -2.9937
-3.8217 -0.0167 -3.0017
-3.8363 -0.0178 -3.0097
-3.8511 -0.0188 -3.0177
-3.8660 -0.0197 -3.0255
-3.8804 -0.0207 -3.0326
-3.8955 -0.0213 -3.0399
-3.9110 -0.0215 -3.0471
-3.9269 -0.0213 -3.0540
-3.9434 -0.0209 -3.0606
-3.9604 -0.0202 -3.0670
-3.9784 -0.0193 -3.0731
-3.9972 -0.0180 -3.0791
-4.0166 -0.0163 -3.0849
-4.0362 -0.0142 -3.0907
-4.0560 -0.0117 -3.0968
-4.0732 -0.0098 -3.0999
-4.0922 -0.0070 -3.1052
-4.1115 -0.0035 -3.1109
-4.1302 0.0006 -3.1164
-4.1479 0.0052 -3.1215
-4.1630 0.0100 -3.1250
-4.1750 0.0142 -3.1263
-4.1887 0.0185 -3.1305
-4.2028 0.0225 -3.1360
-4.2169 0.0260 -3.1422
-4.2308 0.0289 -3.1491
-4.2428 0.0310 -3.1552
-4.2518 0.0320 -3.1595
-4.2634 0.0336 -3.1659
-4.2755 0.0354 -3.1725
-4.2873 0.0373 -3.1786
-4.2984 0.0394 -3.1840
-4.3087 0.0415 -3.1885
-4.3114 0.0426 -3.1860
-4.3185 0.0439 -3.1873
-4.3269 0.0450 -3.1897
-4.3358 0.0455 -3.1922
-4.3452 0.0455 -3.1946
-4.3551 0.0449 -3.1967
-4.3655 0.0438 -3.1982
-4.3693 0.0414 -3.1891
-4.3784 0.0394 -3.1857
-4.3893 0.0374 -3.1835
-4.4008 0.0354 -3.1811
-4.4125 0.0333 -3.1777
-4.4002 0.0330 -3.1314
-4.4039 0.0313 -3.1119
-4.4121 0.0293 -3.1002
-4.4212 0.0273 -3.0904
-4.4296 0.0255 -3.0806
-4.4369 0.0239 -3.0706
-4.4063 0.0234 -3.0146
-4.3990 0.0225 -2.9890
-4.3984 0.0215 -2.9730
-4.3992 0.0203 -2.9600
-4.3998 0.0189 -2.9480
-4.3996 0.0171 -2.9364
-4.3712 0.0145 -2.8935
-4.3600 0.0123 -2.8728
-4.3538 0.0106 -2.8599
-4.3484 0.0092 -2.8503
-4.3428 0.0082 -2.8423
-4.3321 0.0077 -2.8306
-4.3135 0.0077 -2.8119
-4.3018 0.0078 -2.8025
-4.2918 0.0079 -2.7963
-4.2818 0.0081 -2.7913
-4.2713 0.0082 -2.7868
-4.2569 0.0085 -2.7797
-4.2366 0.0092 -2.7680
-4.2215 0.0094 -2.7619
-4.2078 0.0095 -2.7578
-4.1943 0.0094 -2.7547
-4.1807 0.0094 -2.7520
-4.1667 0.0095 -2.7498
-4.1434 0.0140 -2.7399
-4.1254 0.0159 -2.7358
-4.1089 0.0172 -2.7339
-4.0925 0.0185 -2.7328
-4.0759 0.0197 -2.7322
-4.0589 0.0210 -2.7319
-4.0359 0.0262 -2.7263
-4.0161 0.0287 -2.7245
-3.9970 0.0304 -2.7242
-3.9778 0.0318 -2.7245
-3.9583 0.0329 -2.7252
-3.9384 0.0337 -2.7263
-3.9108 0.0402 -2.7196
-3.8884 0.0426 -2.7185
-3.8680 0.0435 -2.7190
-3.8485 0.0440 -2.7199
-3.8295 0.0442 -2.7207
-3.8106 0.0443 -2.7212
-3.7842 0.0469 -2.7142
-3.7630 0.0479 -2.7127
-3.7438 0.0488 -2.7133
-3.7257 0.0498 -2.7149
-3.7085 0.0509 -2.7168
-3.6918 0.0520 -2.7188
-3.6681 0.0549 -2.7141
-3.6497 0.0564 -2.7140
-3.6331 0.0573 -2.7153
-3.6172 0.0580 -2.7169
-3.6018 0.0583 -2.7185
-3.5865 0.0583 -2.7198
-3.5640 0.0594 -2.7142
-3.5466 0.0592 -2.7129
-3.5309 0.0582 -2.7130
-3.5160 0.0569 -2.7137
-3.5015 0.0553 -2.7147
-3.4873 0.0534 -2.7157
-3.4632 0.0548 -2.7058
-3.4458 0.0533 -2.7028
-3.4306 0.0506 -2.7017
-3.4159 0.0472 -2.7011
-3.4014 0.0435 -2.7003
-3.3869 0.0394 -2.6992
-3.3635 0.0392 -2.6821
-3.3461 0.0360 -2.6748
-3.3307 0.0319 -2.6702
-3.3159 0.0277 -2.6662
-3.3015 0.0237 -2.6619
-3.2874 0.0200 -2.6570
-3.2734 0.0166 -2.6514
-3.2610 0.0151 -2.6350
-3.2479 0.0132 -2.6248
-3.2345 0.0115 -2.6162
-3.2211 0.0102 -2.6078
-3.2075 0.0092 -2.5991
-3.2046 0.0095 -2.5803
-3.1944 0.0092 -2.5673
-3.1817 0.0088 -2.5560
-3.1682 0.0084 -2.5450
-3.1544 0.0082 -2.5340
-3.1403 0.0080 -2.5228
-3.1371 0.0076 -2.5049
-3.1258 0.0074 -2.4912
-3.1116 0.0074 -2.4791
-3.0958 0.0077 -2.4677
-3.0789 0.0084 -2.4573
-3.0611 0.0097 -2.4482
-3.0509 0.0108 -2.4368
-3.0356 0.0138 -2.4300
-3.0191 0.0181 -2.4258
-3.0025 0.0230 -2.4234
-2.9858 0.0280 -2.4221
-2.9685 0.0323 -2.4218
-2.9536 0.0342 -2.4197
-2.9359 0.0358 -2.4201
-2.9173 0.0366 -2.4217
-2.8985 0.0364 -2.4238
-2.8799 0.0354 -2.4262
-2.8617 0.0333 -2.4283
-2.8441 0.0302 -2.4297
-2.8263 0.0267 -2.4318
-2.8084 0.0230 -2.4342
-2.7906 0.0188 -2.4366
-2.7727 0.0144 -2.4389
-2.7546 0.0098 -2.4409
-2.7377 0.0035 -2.4401
-2.7196 -0.0017 -2.4408
-2.7010 -0.0062 -2.4418
-2.6822 -0.0102 -2.4428
-2.6632 -0.0136 -2.4435
-2.6439 -0.0165 -2.4439
-2.6244 -0.0189 -2.4439
-2.6090 -0.0223 -2.4444
-2.5904 -0.0244 -2.4436
-2.5707 -0.0256 -2.4421
-2.5506 -0.0263 -2.4398
-2.5303 -0.0267 -2.4366
-2.5126 -0.0267 -2.4343
-2.4926 -0.0266 -2.4296
-2.4718 -0.0263 -2.4232
-2.4508 -0.0258 -2.4156
-2.4299 -0.0251 -2.4066
-2.4095 -0.0242 -2.3965
-2.3905 -0.0219 -2.3872
-2.3714 -0.0206 -2.3744
-2.3526 -0.0200 -2.3591
-2.3339 -0.0198 -2.3417
-2.3159 -0.0199 -2.3227
-2.2988 -0.0198 -2.3028
-2.2847 -0.0171 -2.2849
-2.2707 -0.0152 -2.2651
-2.2574 -0.0135 -2.2447
-2.2447 -0.0119 -2.2242
-2.2325 -0.0105 -2.2041
-2.2199 -0.0091 -2.1854
-2.2064 -0.0073 -2.1686
-2.1938 -0.0062 -2.1516
-2.1812 -0.0054 -2.1353
-2.1681 -0.0049 -2.1197
-2.1681 -0.0049 -2.1197
-2.1544 -0.0050 -2.1049
-2.1396 -0.0056 -2.0906
-2.1236 -0.0038 -2.0790
-2.1066 -0.0046 -2.0666
-2.0886 -0.0065 -2.0544
-2.0696 -0.0091 -2.0426
-2.0498 -0.0119 -2.0314
-2.0294 -0.0149 -2.0205
-2.0066 -0.0149 -2.0128
-1.9846 -0.0167 -2.0037
-1.9624 -0.0189 -1.9946
-1.9400 -0.0210 -1.9858
-1.9175 -0.0227 -1.9775
-1.8946 -0.0243 -1.9695
-1.8685 -0.0259 -1.9634
-1.8439 -0.0272 -1.9571
-1.8202 -0.0275 -1.9516
-1.7976 -0.0262 -1.9475
-1.7764 -0.0231 -1.9446
-1.7563 -0.0187 -1.9426
-1.7350 -0.0148 -1.9413
-1.7154 -0.0100 -1.9404
-1.6960 -0.0054 -1.9403
-1.6762 -0.0011 -1.9414
-1.6561 0.0029 -1.9436
-1.6361 0.0069 -1.9468
-1.6155 0.0107 -1.9520
-1.5961 0.0141 -1.9565
-1.5771 0.0169 -1.9609
-1.5580 0.0188 -1.9651
-1.5387 0.0198 -1.9691
-1.5191 0.0198 -1.9728
-1.4984 0.0185 -1.9771
-1.4778 0.0165 -1.9799
-1.4568 0.0136 -1.9814
-1.4355 0.0103 -1.9820
-1.4140 0.0066 -1.9820
-1.3925 0.0032 -1.9815
-1.3717 0.0012 -1.9829
-1.3506 -0.0010 -1.9822
-1.3295 -0.0029 -1.9801
-1.3084 -0.0045 -1.9767
-1.2872 -0.0058 -1.9722
-1.2659 -0.0068 -1.9671
-1.2448 -0.0076 -1.9620
-1.2234 -0.0078 -1.9553
-1.2018 -0.0076 -1.9475
-1.1797 -0.0072 -1.9392
-1.1574 -0.0068 -1.9303
-1.1132 -0.0050 -1.9103
-1.0923 -0.0043 -1.8997
-1.0720 -0.0024 -1.8875
-1.0522 -0.0002 -1.8737
-1.0325 0.0017 -1.8583
-1.0129 0.0028 -1.8413
-0.9932 0.0030 -1.8229
-0.9735 0.0026 -1.8034
-0.9541 0.0018 -1.7834
-0.9356 0.0013 -1.7632
-0.9181 0.0013 -1.7430
-0.9016 0.0019 -1.7229
-0.8875 0.0005 -1.7043
-0.8730 0.0007 -1.6852
-0.8586 0.0014 -1.6665
-0.8443 0.0023 -1.6485
-0.8300 0.0031 -1.6314
-0.8156 0.0038 -1.6152
-0.8041 0.0041 -1.5997
-0.7900 0.0039 -1.5847
-0.7747 0.0031 -1.5702
-0.7587 0.0016 -1.5560
-0.7419 -0.0005 -1.5421
-0.7246 -0.0030 -1.5285
-0.7113 -0.0030 -1.5162
-0.6948 -0.0052 -1.5034
-0.6768 -0.0082 -1.4904
-0.6582 -0.0118 -1.4772
-0.6391 -0.0156 -1.4640
-0.6196 -0.0194 -1.4509
-0.6017 -0.0218 -1.4411
-0.5823 -0.0242 -1.4302
-0.5623 -0.0259 -1.4195
-0.5423 -0.0265 -1.4098
-0.5224 -0.0258 -1.4013
-0.5030 -0.0236 -1.3942
-0.4859 -0.0212 -1.3917
-0.4685 -0.0164 -1.3888
-0.4515 -0.0105 -1.3865
-0.4346 -0.0043 -1.3851
-0.4174 0.0014 -1.3847
-0.3993 0.0059 -1.3852
-0.3817 0.0086 -1.3892
-0.3620 0.0107 -1.3929
-0.3418 0.0120 -1.3973
-0.3217 0.0127 -1.4022
-0.3020 0.0127 -1.4072
-0.2829 0.0119 -1.4122
-0.2640 0.0103 -1.4167
-0.2491 0.0072 -1.4254
-0.2316 0.0036 -1.4305
-0.2131 -0.0009 -1.4339
-0.1940 -0.0064 -1.4364
-0.1746 -0.0127 -1.4378
-0.1597 -0.0210 -1.4433
-0.1413 -0.0293 -1.4444
-0.1217 -0.0377 -1.4431
-0.1019 -0.0460 -1.4401
-0.0822 -0.0536 -1.4355
-0.0629 -0.0604 -1.4291
-0.0544 -0.0677 -1.4337
-0.0392 -0.0730 -1.4280
-0.0219 -0.0771 -1.4180
-0.0041 -0.0801 -1.4058
0.0140 -0.0823 -1.3922
0.0325 -0.0840 -1.3778
0.0459 -0.0873 -1.3710
0.0633 -0.0884 -1.3582
0.0819 -0.0880 -1.3432
0.1005 -0.0862 -1.3270
0.1185 -0.0828 -1.3102
0.1354 -0.0784 -1.2939
0.1510 -0.0736 -1.2791
0.1666 -0.0681 -1.2616
0.1822 -0.0629 -1.2428
0.1978 -0.0581 -1.2228
0.2133 -0.0538 -1.2020
0.2284 -0.0503 -1.1814
0.2429 -0.0475 -1.1620
0.2563 -0.0433 -1.1408
0.2683 -0.0381 -1.1192
0.2784 -0.0320 -1.0974
0.2867 -0.0254 -1.0757
0.2931 -0.0187 -1.0541
0.3025 -0.0081 -1.0139
0.3060 -0.0039 -0.9932
0.3091 -0.0007 -0.9726
0.3121 0.0014 -0.9522
0.3121 0.0014 -0.9522
0.3152 0.0026 -0.9321
0.3194 0.0016 -0.9146
0.3194 0.0016 -0.9146
0.3234 0.0010 -0.8959
0.3278 0.0003 -0.8771
0.3325 -0.0008 -0.8584
0.3378 -0.0021 -0.8399
0.3433 -0.0038 -0.8215
0.3512 -0.0071 -0.8055
0.3576 -0.0095 -0.7885
0.3633 -0.0116 -0.7716
0.3685 -0.0135 -0.7551
0.3734 -0.0151 -0.7391
0.3774 -0.0172 -0.7241
0.3803 -0.0202 -0.7101
0.3850 -0.0220 -0.6948
0.3904 -0.0232 -0.6794
0.3961 -0.0237 -0.6646
0.4016 -0.0234 -0.6511
0.4040 -0.0225 -0.6384
0.4016 -0.0218 -0.6260
0.4067 -0.0236 -0.6000
0.4105 -0.0262 -0.5855
0.4147 -0.0296 -0.5699
0.4193 -0.0332 -0.5537
0.4141 -0.0352 -0.5368
0.4154 -0.0374 -0.5209
0.4185 -0.0391 -0.5055
0.4218 -0.0407 -0.4904
0.4246 -0.0425 -0.4750
0.4255 -0.0451 -0.4591
0.4234 -0.0487 -0.4430
0.4231 -0.0514 -0.4264
0.4230 -0.0535 -0.4096
0.4224 -0.0552 -0.3928
0.4214 -0.0564 -0.3759
0.4198 -0.0574 -0.3590
0.4074 -0.0603 -0.3253
0.4029 -0.0611 -0.3087
0.3979 -0.0615 -0.2926
0.3923 -0.0615 -0.2773
0.3923 -0.0615 -0.2773
0.3862 -0.0615 -0.2627
0.3753 -0.0620 -0.2499
0.3753 -0.0620 -0.2499
0.3675 -0.0624 -0.2367
0.3610 -0.0628 -0.2236
0.3552 -0.0630 -0.2109
0.3498 -0.0631 -0.1985
0.3438 -0.0631 -0.1872
0.3366 -0.0629 -0.1772
0.3313 -0.0627 -0.1663
0.3269 -0.0624 -0.1554
0.3227 -0.0621 -0.1447
0.3186 -0.0617 -0.1346
0.3132 -0.0610 -0.1254
0.3056 -0.0596 -0.1174
0.2998 -0.0585 -0.1091
0.2951 -0.0570 -0.1011
0.2914 -0.0548 -0.0939
0.2887 -0.0520 -0.0878
0.2855 -0.0485 -0.0830
0.2809 -0.0447 -0.0793
0.2746 -0.0407 -0.0718
0.2718 -0.0396 -0.0684
0.2692 -0.0385 -0.0654
0.2670 -0.0373 -0.0627
0.2650 -0.0363 -0.0605
0.2611 -0.0346 -0.0616
0.2582 -0.0341 -0.0608
0.2554 -0.0341 -0.0595
0.2526 -0.0343 -0.0579
0.2495 -0.0342 -0.0570
0.2458 -0.0332 -0.0571
0.2428 -0.0327 -0.0554
0.2400 -0.0323 -0.0529
0.2375 -0.0316 -0.0500
0.2351 -0.0304 -0.0470
0.2329 -0.0288 -0.0442
0.2275 -0.0230 -0.0424
0.2254 -0.0203 -0.0406
0.2230 -0.0177 -0.0389
0.2204 -0.0151 -0.0373
0.2204 -0.0151 -0.0373
0.2179 -0.0124 -0.0359
0.2147 -0.0088 -0.0388
0.2129 -0.0052 -0.0395
0.2115 -0.0018 -0.0399
0.2102 0.0013 -0.0403
0.2088 0.0039 -0.0408
0.2073 0.0059 -0.0411
0.2064 0.0080 -0.0466
0.2059 0.0100 -0.0475
0.2057 0.0123 -0.0466
0.2057 0.0146 -0.0451
0.2056 0.0167 -0.0434
0.2055 0.0187 -0.0413
0.2060 0.0222 -0.0424
0.2066 0.0249 -0.0408
0.2074 0.0272 -0.0382
0.2080 0.0292 -0.0351
0.2084 0.0310 -0.0320
0.2089 0.0332 -0.0289
0.2088 0.0366 -0.0277
0.2091 0.0399 -0.0249
0.2095 0.0434 -0.0216
0.2096 0.0470 -0.0180
0.2095 0.0506 -0.0144
0.2089 0.0545 -0.0119
0.2075 0.0590 -0.0116
0.2069 0.0624 -0.0090
0.2065 0.0653 -0.0058
0.2062 0.0681 -0.0025
0.2059 0.0707 0.0008
0.2052 0.0742 0.0026
0.2035 0.0792 0.0020
0.2026 0.0820 0.0040
0.2018 0.0842 0.0068
0.2010 0.0860 0.0097
0.2003 0.0877 0.0128
0.1997 0.0891 0.0158
0.2002 0.0936 0.0097
0.2001 0.0959 0.0097
0.1998 0.0975 0.0115
0.1995 0.0989 0.0139
0.1992 0.1002 0.0163
0.1989 0.1013 0.0186
0.1986 0.1025 0.0209
0.2025 0.1009 -0.0094
0.2035 0.1009 -0.0181
0.2036 0.1016 -0.0200
0.2033 0.1024 -0.0197
0.2030 0.1033 -0.0189
0.2128 0.0938 -0.0562
0.2159 0.0913 -0.0680
0.2168 0.0910 -0.0717
0.2169 0.0911 -0.0727
0.2167 0.0915 -0.0728
0.2165 0.0920 -0.0727
0.2213 0.0781 -0.0909
0.2231 0.0742 -0.0967
0.2239 0.0734 -0.0986
0.2242 0.0734 -0.0993
0.2244 0.0737 -0.0996
0.2246 0.0740 -0.0997
0.2246 0.0743 -0.0998
0.2218 0.0691 -0.1049
0.2209 0.0675 -0.1065
0.2207 0.0671 -0.1071
0.2207 0.0670 -0.1072
0.2207 0.0668 -0.1071
0.2203 0.0661 -0.1079
0.2204 0.0658 -0.1081
0.2207 0.0656 -0.1082
0.2211 0.0653 -0.1082
0.2216 0.0649 -0.1081
0.2224 0.0644 -0.1082
0.2240 0.0639 -0.1088
0.2248 0.0634 -0.1088
0.2252 0.0628 -0.1086
0.2253 0.0622 -0.1083
0.2255 0.0616 -0.1081
0.2257 0.0613 -0.1080
0.2259 0.0613 -0.1079
0.2253 0.0599 -0.1064
0.2251 0.0593 -0.1059
0.2250 0.0590 -0.1056
0.2248 0.0589 -0.1054
0.2247 0.0588 -0.1054
0.2241 0.0590 -0.1042
0.2238 0.0590 -0.1039
0.2237 0.0590 -0.1038
0.2236 0.0589 -0.1038
0.2235 0.0588 -0.1038
0.2231 0.0586 -0.1036
0.2226 0.0584 -0.1029
0.2222 0.0583 -0.1027
0.2219 0.0581 -0.1026
0.2216 0.0579 -0.1026
0.2212 0.0577 -0.1026
0.2208 0.0576 -0.1027
0.2204 0.0576 -0.1028
0.2192 0.0572 -0.1018
0.2185 0.0572 -0.1016
0.2179 0.0573 -0.1016
0.2173 0.0574 -0.1018
0.2166 0.0575 -0.1019
0.2154 0.0577 -0.1004
0.2143 0.0577 -0.1000
0.2132 0.0576 -0.0999
0.2119 0.0575 -0.0999
0.2104 0.0573 -0.0998
0.2089 0.0573 -0.0994
0.2072 0.0578 -0.0984
0.2051 0.0576 -0.0976
0.2024 0.0571 -0.0968
0.1994 0.0563 -0.0958
0.1962 0.0557 -0.0949
0.1926 0.0552 -0.0934
0.1887 0.0552 -0.0909
0.1853 0.0556 -0.0901
0.1820 0.0564 -0.0902
0.1791 0.0578 -0.0910
0.1764 0.0597 -0.0924
0.1741 0.0619 -0.0942
0.1717 0.0651 -0.0947
0.1695 0.0676 -0.0965
0.1674 0.0698 -0.0986
0.1654 0.0717 -0.1010
0.1634 0.0734 -0.1033
0.1617 0.0750 -0.1058
0.1590 0.0756 -0.1061
0.1574 0.0767 -0.1078
0.1562 0.0777 -0.1098
0.1552 0.0785 -0.1119
0.1543 0.0791 -0.1137
0.1534 0.0795 -0.1155
0.1529 0.0820 -0.1168
0.1523 0.0830 -0.1181
0.1518 0.0836 -0.1194
0.1512 0.0839 -0.1205
0.1507 0.0841 -0.1215
0.1501 0.0844 -0.1224
0.1498 0.0853 -0.1221
0.1495 0.0858 -0.1225
0.1491 0.0861 -0.1230
0.1488 0.0865 -0.1235
0.1486 0.0868 -0.1240
0.1485 0.0870 -0.1244
0.1477 0.0873 -0.1244
0.1475 0.0875 -0.1246
0.1473 0.0877 -0.1249
0.1473 0.0878 -0.1251
0.1474 0.0880 -0.1253
0.1472 0.0879 -0.1252
0.1467 0.0876 -0.1246
0.1466 0.0875 -0.1244
0.1466 0.0876 -0.1244
0.1466 0.0876 -0.1244
0.1466 0.0876 -0.1245
0.1462 0.0874 -0.1244
0.1453 0.0870 -0.1239
0.1450 0.0869 -0.1239
0.1449 0.0869 -0.1240
0.1450 0.0869 -0.1241
0.1451 0.0869 -0.1242
0.1454 0.0870 -0.1244
0.1449 0.0870 -0.1243
0.1451 0.0871 -0.1243
0.1456 0.0872 -0.1243
0.1463 0.0872 -0.1242
0.1470 0.0872 -0.1239
0.1479 0.0872 -0.1236
0.1484 0.0870 -0.1237
0.1494 0.0870 -0.1233
0.1505 0.0869 -0.1226
0.1517 0.0868 -0.1217
0.1529 0.0866 -0.1208
0.1542 0.0865 -0.1197
0.1547 0.0866 -0.1179
0.1559 0.0866 -0.1165
0.1573 0.0864 -0.1152
0.1588 0.0863 -0.1138
0.1603 0.0861 -0.1125
0.1619 0.0861 -0.1112
0.1630 0.0869 -0.1092
0.1645 0.0871 -0.1078
0.1661 0.0873 -0.1065
0.1677 0.0873 -0.1052
0.1693 0.0873 -0.1040
0.1708 0.0873 -0.1028
0.1719 0.0866 -0.1004
0.1733 0.0864 -0.0989
0.1747 0.0864 -0.0978
0.1761 0.0864 -0.0968
0.1775 0.0865 -0.0960
0.1784 0.0866 -0.0953
0.1788 0.0869 -0.0948
0.1797 0.0870 -0.0942
0.1807 0.0872 -0.0937
0.1816 0.0873 -0.0932
0.1826 0.0874 -0.0927
0.1845 0.0872 -0.0931
0.1880 0.0865 -0.0946
0.1896 0.0865 -0.0949
0.1906 0.0865 -0.0949
0.1913 0.0866 -0.0948
0.1919 0.0867 -0.0947
0.1924 0.0869 -0.0947
0.1926 0.0855 -0.0951
0.1930 0.0852 -0.0953
0.1934 0.0851 -0.0955
0.1937 0.0852 -0.0957
0.1940 0.0852 -0.0959
0.1942 0.0852 -0.0961
0.1952 0.0870 -0.0961
0.1956 0.0876 -0.0963
0.1959 0.0879 -0.0967
0.1960 0.0882 -0.0970
0.1962 0.0883 -0.0974
0.1963 0.0886 -0.0978
0.1969 0.0891 -0.0975
0.1971 0.0895 -0.0977
0.1973 0.0897 -0.0981
0.1973 0.0899 -0.0985
0.1974 0.0901 -0.0990
0.1975 0.0904 -0.0994
0.1978 0.0906 -0.0994
0.1980 0.0908 -0.0996
0.1981 0.0910 -0.1000
0.1982 0.0912 -0.1003
0.1982 0.0914 -0.1007
0.1982 0.0916 -0.1010
0.1984 0.0918 -0.1013
0.1984 0.0919 -0.1016
0.1983 0.0920 -0.1019
0.1982 0.0921 -0.1023
0.1981 0.0922 -0.1026
0.1981 0.0922 -0.1029
0.1978 0.0922 -0.1029
0.1977 0.0922 -0.1032
0.1977 0.0923 -0.1035
0.1978 0.0924 -0.1038
0.1978 0.0925 -0.1041
0.1979 0.0925 -0.1043
0.1980 0.0924 -0.1046
0.1981 0.0924 -0.1048
0.1982 0.0925 -0.1050
0.1982 0.0925 -0.1052
0.1983 0.0925 -0.1054
0.1984 0.0925 -0.1056
0.1990 0.0932 -0.1056
0.1993 0.0934 -0.1057
0.1994 0.0934 -0.1059
0.1995 0.0934 -0.1060
0.1997 0.0934 -0.1062
0.1999 0.0935 -0.1064
0.2003 0.0940 -0.1063
0.2005 0.0942 -0.1064
0.2007 0.0944 -0.1066
0.2010 0.0945 -0.1067
0.2012 0.0946 -0.1068
0.2014 0.0947 -0.1069
0.2016 0.0946 -0.1067
0.2019 0.0946 -0.1067
0.2021 0.0948 -0.1067
0.2023 0.0949 -0.1068
0.2024 0.0950 -0.1069
0.2026 0.0950 -0.1069
0.1986 0.0975 -0.1027
0.1974 0.0983 -0.1014
0.1971 0.0985 -0.1010
0.1971 0.0986 -0.1009
0.1971 0.0986 -0.1009
0.1972 0.0985 -0.1008
0.1972 0.0979 -0.1011
0.1972 0.0977 -0.1012
0.1972 0.0976 -0.1012
0.1973 0.0976 -0.1012
0.1974 0.0976 -0.1012
0.1974 0.0976 -0.1012
0.1980 0.0971 -0.1017
0.1981 0.0970 -0.1018
0.1982 0.0971 -0.1019
0.1982 0.0971 -0.1019
0.1982 0.0971 -0.1019
0.1983 0.0969 -0.1020
0.1986 0.0964 -0.1022
0.1987 0.0962 -0.1023
0.1987 0.0961 -0.1022
0.1987 0.0962 -0.1021
0.1988 0.0963 -0.1021
0.1989 0.0964 -0.1021
0.1996 0.0962 -0.1023
0.1998 0.0961 -0.1023
0.1999 0.0961 -0.1022
0.1998 0.0961 -0.1020
0.1998 0.0961 -0.1019
0.1997 0.0961 -0.1017
0.2002 0.0956 -0.1021
0.2003 0.0954 -0.1021
0.2003 0.0953 -0.1020
0.2002 0.0952 -0.1018
0.2001 0.0952 -0.1016
0.2001 0.0951 -0.1015
0.2003 0.0945 -0.1007
0.2003 0.0942 -0.1003
0.2002 0.0940 -0.1001
0.2001 0.0938 -0.0998
0.2000 0.0936 -0.0996
0.1999 0.0935 -0.0995
0.2008 0.0931 -0.0986
0.2009 0.0928 -0.0981
0.2009 0.0925 -0.0978
0.2007 0.0923 -0.0976
0.2006 0.0920 -0.0973
0.2004 0.0918 -0.0971
0.2005 0.0908 -0.0960
0.2004 0.0903 -0.0955
0.2001 0.0900 -0.0951
0.1999 0.0897 -0.0949
0.1996 0.0895 -0.0947
0.1994 0.0893 -0.0945
0.1992 0.0883 -0.0940
0.1989 0.0878 -0.0937
0.1987 0.0876 -0.0935
0.1985 0.0874 -0.0933
0.1982 0.0873 -0.0932
0.1979 0.0868 -0.0927
0.1975 0.0858 -0.0919
0.1973 0.0855 -0.0915
0.1972 0.0854 -0.0914
0.1971 0.0855 -0.0914
0.1970 0.0857 -0.0914
0.1968 0.0859 -0.0914
0.1974 0.0852 -0.0913
0.1975 0.0851 -0.0914
0.1975 0.0854 -0.0916
0.1974 0.0857 -0.0918
0.1973 0.0860 -0.0920
0.1972 0.0862 -0.0921
0.1970 0.0865 -0.0923
0.1975 0.0866 -0.0924
0.1976 0.0868 -0.0925
0.1976 0.0870 -0.0927
0.1976 0.0873 -0.0929
0.1976 0.0876 -0.0931
0.1980 0.0879 -0.0929
0.1982 0.0882 -0.0930
0.1982 0.0885 -0.0932
0.1983 0.0888 -0.0934
0.1983 0.0891 -0.0936
0.1983 0.0893 -0.0938
0.1987 0.0894 -0.0936
0.1988 0.0895 -0.0936
0.1989 0.0897 -0.0938
0.1989 0.0899 -0.0940
0.1989 0.0900 -0.0942
0.1989 0.0902 -0.0944
0.1989 0.0905 -0.0944
0.1989 0.0907 -0.0945
0.1988 0.0908 -0.0948
0.1988 0.0909 -0.0950
0.1988 0.0910 -0.0953
0.1990 0.0910 -0.0955
0.1995 0.0908 -0.0956
0.1997 0.0908 -0.0957
0.1998 0.0909 -0.0959
0.1999 0.0910 -0.0960
0.2000 0.0911 -0.0962
0.2001 0.0914 -0.0965
0.2000 0.0918 -0.0969
0.2000 0.0919 -0.0971
0.2000 0.0920 -0.0973
0.2000 0.0920 -0.0974
0.2001 0.0920 -0.0975
0.2001 0.0920 -0.0976
0.2000 0.0919 -0.0976
0.2000 0.0919 -0.0977
0.2000 0.0919 -0.0978
0.2001 0.0921 -0.0980
0.2004 0.0923 -0.0982
0.2005 0.0924 -0.0983
0.2009 0.0930 -0.0988
0.2010 0.0932 -0.0990
0.2012 0.0932 -0.0990
0.2013 0.0932 -0.0991
0.2015 0.0932 -0.0991
0.2016 0.0932 -0.0990
0.2015 0.0929 -0.0987
0.2015 0.0928 -0.0986
0.2015 0.0926 -0.0986
0.2014 0.0923 -0.0985
0.2014 0.0920 -0.0984
0.2013 0.0917 -0.0984
0.2009 0.0910 -0.0981
0.2007 0.0906 -0.0980
0.2006 0.0902 -0.0979
0.2004 0.0898 -0.0978
0.2003 0.0894 -0.0977
0.2001 0.0890 -0.0976
0.2001 0.0883 -0.0976
0.2000 0.0878 -0.0975
0.1999 0.0875 -0.0975
0.1998 0.0873 -0.0974
0.1998 0.0871 -0.0973
0.1998 0.0869 -0.0972
0.1998 0.0865 -0.0971
0.1998 0.0864 -0.0970
0.1998 0.0863 -0.0970
0.1999 0.0863 -0.0969
0.1999 0.0863 -0.0969
0.2001 0.0864 -0.0968
0.2005 0.0865 -0.0967
0.2007 0.0866 -0.0967
0.2008 0.0865 -0.0966
0.2009 0.0865 -0.0966
0.2009 0.0865 -0.0965
0.2009 0.0864 -0.0965
0.2010 0.0863 -0.0964

