-0.0424 -0.0061 -0.0140
-0.0422 -0.0064 -0.0131
-0.0421 -0.0066 -0.0122
-0.0419 -0.0069 -0.0113
-0.0415 -0.0072 -0.0106
-0.0409 -0.0076 -0.0100
-0.0406 -0.0078 -0.0092
-0.0404 -0.0081 -0.0083
-0.0402 -0.0083 -0.0074
-0.0400 -0.0085 -0.0065
-0.0398 -0.0086 -0.0055
-0.0383 -0.0093 -0.0062
-0.0376 -0.0097 -0.0059
-0.0372 -0.0100 -0.0051
-0.0369 -0.0103 -0.0042
-0.0366 -0.0106 -0.0031
-0.0363 -0.0110 -0.0021
-0.0385 -0.0122 -0.0027
-0.0392 -0.0129 -0.0023
-0.0394 -0.0133 -0.0014
-0.0394 -0.0138 -0.0004
-0.0393 -0.0142 0.0007
-0.0391 -0.0146 0.0019
-0.0395 -0.0147 0.0019
-0.0394 -0.0149 0.0027
-0.0392 -0.0152 0.0038
-0.0390 -0.0155 0.0048
-0.0387 -0.0158 0.0059
-0.0383 -0.0161 0.0071
-0.0349 -0.0152 0.0071
-0.0334 -0.0151 0.0079
-0.0326 -0.0153 0.0089
-0.0321 -0.0155 0.0101
-0.0317 -0.0158 0.0113
-0.0312 -0.0161 0.0126
-0.0368 -0.0215 0.0153
-0.0369 -0.0221 0.0166
-0.0367 -0.0226 0.0179
-0.0365 -0.0229 0.0193
-0.0365 -0.0229 0.0193
-0.0362 -0.0233 0.0206
-0.0389 -0.0177 0.0067
-0.0397 -0.0160 0.0028
-0.0397 -0.0156 0.0021
-0.0395 -0.0155 0.0025
-0.0393 -0.0156 0.0031
-0.0390 -0.0157 0.0039
-0.0397 -0.0136 -0.0008
-0.0397 -0.0129 -0.0017
-0.0394 -0.0128 -0.0015
-0.0391 -0.0127 -0.0010
-0.0386 -0.0127 -0.0004
-0.0382 -0.0126 0.0003
-0.0383 -0.0111 -0.0048
-0.0381 -0.0105 -0.0061
-0.0376 -0.0103 -0.0061
-0.0372 -0.0102 -0.0058
-0.0368 -0.0102 -0.0053
-0.0365 -0.0102 -0.0048
-0.0349 -0.0086 -0.0104
-0.0342 -0.0080 -0.0119
-0.0337 -0.0079 -0.0122
-0.0332 -0.0078 -0.0120
-0.0328 -0.0078 -0.0118
-0.0329 -0.0076 -0.0123
-0.0347 -0.0068 -0.0151
-0.0352 -0.0065 -0.0159
-0.0351 -0.0064 -0.0160
-0.0349 -0.0063 -0.0160
-0.0346 -0.0062 -0.0159
-0.0339 -0.0061 -0.0157
-0.0359 -0.0058 -0.0186
-0.0364 -0.0057 -0.0196
-0.0364 -0.0057 -0.0199
-0.0363 -0.0057 -0.0199
-0.0363 -0.0057 -0.0199
-0.0359 -0.0058 -0.0198
-0.0357 -0.0059 -0.0198
-0.0357 -0.0059 -0.0198
-0.0362 -0.0059 -0.0200
-0.0363 -0.0059 -0.0200
-0.0363 -0.0061 -0.0200
-0.0362 -0.0062 -0.0199
-0.0361 -0.0063 -0.0198
-0.0359 -0.0064 -0.0196
-0.0359 -0.0065 -0.0195
-0.0358 -0.0067 -0.0193
-0.0357 -0.0068 -0.0191
-0.0355 -0.0070 -0.0189
-0.0354 -0.0071 -0.0187
-0.0355 -0.0060 -0.0199
-0.0354 -0.0056 -0.0201
-0.0354 -0.0056 -0.0200
-0.0353 -0.0055 -0.0199
-0.0352 -0.0055 -0.0197
-0.0352 -0.0052 -0.0197
-0.0351 -0.0050 -0.0196
-0.0350 -0.0049 -0.0195
-0.0349 -0.0048 -0.0194
-0.0348 -0.0047 -0.0192
-0.0347 -0.0046 -0.0191
-0.0332 -0.0043 -0.0192
-0.0326 -0.0041 -0.0192
-0.0323 -0.0040 -0.0191
-0.0321 -0.0039 -0.0190
-0.0319 -0.0039 -0.0189
-0.0318 -0.0039 -0.0187
-0.0317 -0.0039 -0.0185
-0.0310 -0.0039 -0.0195
-0.0307 -0.0039 -0.0198
-0.0305 -0.0038 -0.0197
-0.0303 -0.0038 -0.0197
-0.0302 -0.0038 -0.0199
-0.0300 -0.0038 -0.0207
-0.0299 -0.0039 -0.0208
-0.0298 -0.0039 -0.0208
-0.0298 -0.0039 -0.0208
-0.0297 -0.0039 -0.0207
-0.0296 -0.0039 -0.0207
-0.0289 -0.0041 -0.0203
-0.0286 -0.0042 -0.0202
-0.0285 -0.0042 -0.0201
-0.0284 -0.0041 -0.0201
-0.0283 -0.0041 -0.0200
-0.0282 -0.0041 -0.0199
-0.0282 -0.0041 -0.0198
-0.0285 -0.0044 -0.0194
-0.0286 -0.0045 -0.0193
-0.0286 -0.0046 -0.0192
-0.0286 -0.0046 -0.0191
-0.0285 -0.0046 -0.0190
-0.0281 -0.0047 -0.0190
-0.0279 -0.0048 -0.0190
-0.0278 -0.0048 -0.0190
-0.0277 -0.0048 -0.0189
-0.0277 -0.0048 -0.0188
-0.0277 -0.0048 -0.0188
-0.0270 -0.0048 -0.0190
-0.0267 -0.0048 -0.0190
-0.0266 -0.0048 -0.0190
-0.0265 -0.0047 -0.0189
-0.0265 -0.0047 -0.0188
-0.0264 -0.0046 -0.0187
-0.0258 -0.0045 -0.0192
-0.0256 -0.0044 -0.0193
-0.0254 -0.0044 -0.0193
-0.0252 -0.0043 -0.0192
-0.0250 -0.0042 -0.0191
-0.0248 -0.0041 -0.0190
-0.0245 -0.0043 -0.0195
-0.0242 -0.0042 -0.0197
-0.0240 -0.0041 -0.0197
-0.0238 -0.0040 -0.0197
-0.0236 -0.0039 -0.0197
-0.0232 -0.0039 -0.0198
-0.0226 -0.0040 -0.0201
-0.0224 -0.0041 -0.0201
-0.0222 -0.0040 -0.0202
-0.0220 -0.0040 -0.0202
-0.0219 -0.0039 -0.0202
-0.0214 -0.0038 -0.0202
-0.0204 -0.0036 -0.0203
-0.0200 -0.0036 -0.0203
-0.0198 -0.0036 -0.0202
-0.0197 -0.0036 -0.0202
-0.0197 -0.0037 -0.0201
-0.0196 -0.0038 -0.0200
-0.0200 -0.0042 -0.0209
-0.0201 -0.0045 -0.0211
-0.0201 -0.0047 -0.0211
-0.0200 -0.0048 -0.0210
-0.0199 -0.0050 -0.0209
-0.0198 -0.0051 -0.0208
-0.0194 -0.0054 -0.0214
-0.0193 -0.0056 -0.0216
-0.0192 -0.0058 -0.0216
-0.0191 -0.0060 -0.0216
-0.0191 -0.0061 -0.0215
-0.0190 -0.0063 -0.0215
-0.0187 -0.0065 -0.0217
-0.0185 -0.0067 -0.0218
-0.0183 -0.0070 -0.0219
-0.0181 -0.0073 -0.0221
-0.0179 -0.0077 -0.0223
-0.0178 -0.0082 -0.0225
-0.0173 -0.0083 -0.0237
-0.0172 -0.0088 -0.0243
-0.0173 -0.0097 -0.0250
-0.0175 -0.0106 -0.0258
-0.0180 -0.0119 -0.0268
-0.0186 -0.0135 -0.0279
-0.0205 -0.0148 -0.0313
-0.0217 -0.0167 -0.0334
-0.0227 -0.0190 -0.0351
-0.0238 -0.0217 -0.0370
-0.0251 -0.0246 -0.0390
-0.0266 -0.0278 -0.0418
-0.0283 -0.0315 -0.0458
-0.0304 -0.0354 -0.0491
-0.0328 -0.0398 -0.0527
-0.0356 -0.0444 -0.0568
-0.0388 -0.0492 -0.0615
-0.0424 -0.0543 -0.0670
-0.0469 -0.0607 -0.0742
-0.0516 -0.0665 -0.0812
-0.0564 -0.0720 -0.0886
-0.0615 -0.0772 -0.0964
-0.0668 -0.0822 -0.1046
-0.0723 -0.0868 -0.1132
-0.0784 -0.0918 -0.1217
-0.0842 -0.0954 -0.1304
-0.0900 -0.0980 -0.1390
-0.0960 -0.1000 -0.1474
-0.1025 -0.1015 -0.1556
-0.1094 -0.1028 -0.1638
-0.1183 -0.1037 -0.1722
-0.1268 -0.1048 -0.1807
-0.1354 -0.1058 -0.1895
-0.1443 -0.1068 -0.1986
-0.1533 -0.1077 -0.2079
-0.1626 -0.1083 -0.2170
-0.1721 -0.1086 -0.2259
-0.1818 -0.1096 -0.2358
-0.1917 -0.1110 -0.2464
-0.2018 -0.1128 -0.2576
-0.2121 -0.1147 -0.2693
-0.2225 -0.1168 -0.2813
-0.2326 -0.1184 -0.2919
-0.2428 -0.1206 -0.3038
-0.2529 -0.1233 -0.3160
-0.2631 -0.1263 -0.3286
-0.2733 -0.1298 -0.3414
-0.2841 -0.1337 -0.3541
-0.2956 -0.1382 -0.3668
-0.3065 -0.1429 -0.3799
-0.3171 -0.1478 -0.3931
-0.3275 -0.1526 -0.4062
-0.3377 -0.1572 -0.4191
-0.3476 -0.1617 -0.4315
-0.3582 -0.1657 -0.4431
-0.3680 -0.1696 -0.4543
-0.3775 -0.1732 -0.4648
-0.3870 -0.1765 -0.4748
-0.3965 -0.1797 -0.4842
-0.3965 -0.1797 -0.4842
-0.4074 -0.1833 -0.4921
-0.4196 -0.1873 -0.4986
-0.4303 -0.1903 -0.5056
-0.4405 -0.1929 -0.5123
-0.4505 -0.1952 -0.5186
-0.4603 -0.1973 -0.5246
-0.4707 -0.1992 -0.5302
-0.4820 -0.2010 -0.5358
-0.4930 -0.2030 -0.5409
-0.5042 -0.2051 -0.5458
-0.5158 -0.2074 -0.5504
-0.5279 -0.2098 -0.5548
-0.5405 -0.2123 -0.5585
-0.5535 -0.2147 -0.5616
-0.5797 -0.2180 -0.5683
-0.5932 -0.2191 -0.5715
-0.6069 -0.2200 -0.5744
-0.6209 -0.2205 -0.5773
-0.6361 -0.2225 -0.5793
-0.6507 -0.2230 -0.5817
-0.6652 -0.2228 -0.5844
-0.6797 -0.2223 -0.5872
-0.6942 -0.2214 -0.5904
-0.7088 -0.2203 -0.5938
-0.7250 -0.2191 -0.5973
-0.7402 -0.2177 -0.6014
-0.7551 -0.2162 -0.6061
-0.7702 -0.2146 -0.6115
-0.7856 -0.2129 -0.6177
-0.8013 -0.2107 -0.6242
-0.8174 -0.2079 -0.6309
-0.8334 -0.2056 -0.6379
-0.8493 -0.2033 -0.6449
-0.8647 -0.2011 -0.6520
-0.8798 -0.1992 -0.6595
-0.8950 -0.1977 -0.6677
-0.9107 -0.1968 -0.6769
-0.9255 -0.1964 -0.6874
-0.9399 -0.1964 -0.6991
-0.9538 -0.1966 -0.7116
-0.9669 -0.1966 -0.7244
-0.9796 -0.1964 -0.7372
-0.9918 -0.1959 -0.7497
-1.0029 -0.1949 -0.7623
-1.0133 -0.1937 -0.7747
-1.0236 -0.1926 -0.7870
-1.0339 -0.1917 -0.7991
-1.0445 -0.1911 -0.8110
-1.0557 -0.1908 -0.8226
-1.0676 -0.1902 -0.8340
-1.0799 -0.1904 -0.8452
-1.0927 -0.1911 -0.8563
-1.1061 -0.1922 -0.8673
-1.1200 -0.1937 -0.8782
-1.1371 -0.1946 -0.8895
-1.1529 -0.1964 -0.9004
-1.1683 -0.1986 -0.9111
-1.1838 -0.2010 -0.9218
-1.1996 -0.2036 -0.9324
-1.2155 -0.2061 -0.9429
-1.2362 -0.2085 -0.9525
-1.2539 -0.2106 -0.9620
-1.2707 -0.2125 -0.9711
-1.2873 -0.2139 -0.9796
-1.3040 -0.2147 -0.9872
-1.3207 -0.2149 -0.9936
-1.3399 -0.2158 -0.9989
-1.3565 -0.2144 -1.0022
-1.3716 -0.2120 -1.0038
-1.3860 -0.2093 -1.0043
-1.4002 -0.2067 -1.0041
-1.4155 -0.2048 -1.0035
-1.4325 -0.2038 -1.0022
-1.4497 -0.2034 -1.0002
-1.4671 -0.2036 -0.9974
-1.4842 -0.2040 -0.9937
-1.5007 -0.2047 -0.9894
-1.5172 -0.2058 -0.9850
-1.5342 -0.2073 -0.9808
-1.5504 -0.2094 -0.9770
-1.5665 -0.2120 -0.9737
-1.5829 -0.2152 -0.9708
-1.5996 -0.2188 -0.9684
-1.6166 -0.2225 -0.9663
-1.6388 -0.2258 -0.9679
-1.6580 -0.2294 -0.9675
-1.6763 -0.2330 -0.9667
-1.6943 -0.2363 -0.9662
-1.7122 -0.2394 -0.9661
-1.7299 -0.2420 -0.9666
-1.7501 -0.2449 -0.9694
-1.7686 -0.2471 -0.9721
-1.7867 -0.2490 -0.9755
-1.8048 -0.2505 -0.9798
-1.8233 -0.2516 -0.9851
-1.8420 -0.2522 -0.9914
-1.8633 -0.2514 -0.9996
-1.8827 -0.2502 -1.0078
-1.9010 -0.2481 -1.0163
-1.9185 -0.2453 -1.0253
-1.9350 -0.2420 -1.0347
-1.9508 -0.2385 -1.0447
-1.9689 -0.2354 -1.0563
-1.9851 -0.2325 -1.0683
-2.0009 -0.2300 -1.0812
-2.0166 -0.2279 -1.0948
-2.0323 -0.2260 -1.1087
-2.0475 -0.2241 -1.1227
-2.0651 -0.2219 -1.1364
-2.0797 -0.2196 -1.1498
-2.0929 -0.2172 -1.1629
-2.1052 -0.2148 -1.1756
-2.1172 -0.2126 -1.1878
-2.1300 -0.2103 -1.1996
-2.1442 -0.2077 -1.2110
-2.1574 -0.2063 -1.2213
-2.1707 -0.2056 -1.2308
-2.1846 -0.2056 -1.2394
-2.1994 -0.2064 -1.2473
-2.2318 -0.2093 -1.2616
-2.2492 -0.2107 -1.2683
-2.2669 -0.2140 -1.2746
-2.2850 -0.2182 -1.2806
-2.3034 -0.2232 -1.2865
-2.3034 -0.2232 -1.2865
-2.3221 -0.2285 -1.2925
-2.3410 -0.2339 -1.2984
-2.3599 -0.2391 -1.3040
-2.3786 -0.2437 -1.3093
-2.3970 -0.2474 -1.3141
-2.4151 -0.2502 -1.3180
-2.4327 -0.2518 -1.3210
-2.4498 -0.2522 -1.3230
-2.4701 -0.2509 -1.3234
-2.4870 -0.2490 -1.3229
-2.5025 -0.2466 -1.3216
-2.5175 -0.2440 -1.3196
-2.5324 -0.2412 -1.3170
-2.5483 -0.2381 -1.3139
-2.5643 -0.2357 -1.3100
-2.5806 -0.2338 -1.3054
-2.5969 -0.2323 -1.3002
-2.6131 -0.2313 -1.2945
-2.6290 -0.2310 -1.2887
-2.6440 -0.2289 -1.2818
-2.6601 -0.2295 -1.2762
-2.6768 -0.2316 -1.2715
-2.6940 -0.2347 -1.2675
-2.7116 -0.2384 -1.2643
-2.7296 -0.2426 -1.2617
-2.7495 -0.2440 -1.2592
-2.7686 -0.2477 -1.2579
-2.7874 -0.2520 -1.2573
-2.8061 -0.2562 -1.2577
-2.8243 -0.2599 -1.2590
-2.8421 -0.2628 -1.2613
-2.8610 -0.2625 -1.2645
-2.8785 -0.2631 -1.2689
-2.8955 -0.2637 -1.2741
-2.9126 -0.2640 -1.2802
-2.9297 -0.2638 -1.2871
-2.9470 -0.2619 -1.2949
-2.9645 -0.2581 -1.3036
-2.9819 -0.2555 -1.3125
-2.9991 -0.2531 -1.3219
-3.0160 -0.2506 -1.3319
-3.0324 -0.2482 -1.3424
-3.0482 -0.2460 -1.3539
-3.0637 -0.2415 -1.3671
-3.0788 -0.2394 -1.3812
-3.0939 -0.2386 -1.3966
-3.1091 -0.2387 -1.4134
-3.1245 -0.2395 -1.4315
-3.1396 -0.2408 -1.4505
-3.1546 -0.2403 -1.4707
-3.1682 -0.2408 -1.4910
-3.1802 -0.2411 -1.5112
-3.1905 -0.2407 -1.5312
-3.1991 -0.2395 -1.5506
-3.2063 -0.2378 -1.5694
-3.2080 -0.2338 -1.5890
-3.2123 -0.2310 -1.6071
-3.2176 -0.2289 -1.6243
-3.2233 -0.2273 -1.6408
-3.2296 -0.2261 -1.6569
-3.2365 -0.2255 -1.6725
-3.2416 -0.2232 -1.6879
-3.2489 -0.2230 -1.7028
-3.2573 -0.2239 -1.7172
-3.2664 -0.2256 -1.7313
-3.2759 -0.2278 -1.7451
-3.2854 -0.2304 -1.7587
-3.2936 -0.2318 -1.7725
-3.3028 -0.2341 -1.7858
-3.3125 -0.2365 -1.7989
-3.3225 -0.2386 -1.8114
-3.3326 -0.2400 -1.8229
-3.3423 -0.2409 -1.8327
-3.3513 -0.2416 -1.8407
-3.3599 -0.2415 -1.8478
-3.3681 -0.2412 -1.8543
-3.3764 -0.2413 -1.8608
-3.3851 -0.2417 -1.8676
-3.3939 -0.2420 -1.8752
-3.4026 -0.2418 -1.8833
-3.4138 -0.2421 -1.8908
-3.4260 -0.2424 -1.8975
-3.4385 -0.2424 -1.9031
-3.4509 -0.2423 -1.9078
-3.4632 -0.2423 -1.9122
-3.4731 -0.2400 -1.9190
-3.4844 -0.2397 -1.9250
-3.4964 -0.2404 -1.9312
-3.5088 -0.2418 -1.9379
-3.5215 -0.2438 -1.9453
-3.5345 -0.2465 -1.9534
-3.5464 -0.2459 -1.9657
-3.5592 -0.2484 -1.9766
-3.5720 -0.2522 -1.9876
-3.5844 -0.2562 -1.9987
-3.5963 -0.2599 -2.0100
-3.6076 -0.2631 -2.0216
-3.6172 -0.2627 -2.0346
-3.6266 -0.2639 -2.0473
-3.6355 -0.2651 -2.0602
-3.6436 -0.2657 -2.0734
-3.6513 -0.2659 -2.0869
-3.6588 -0.2649 -2.1018
-3.6660 -0.2624 -2.1179
-3.6729 -0.2606 -2.1333
-3.6792 -0.2584 -2.1482
-3.6847 -0.2558 -2.1626
-3.6892 -0.2532 -2.1768
-3.6927 -0.2506 -2.1918
-3.6953 -0.2482 -2.2081
-3.6968 -0.2472 -2.2246
-3.6972 -0.2471 -2.2421
-3.6970 -0.2475 -2.2605
-3.6963 -0.2480 -2.2795
-3.6953 -0.2475 -2.2990
-3.6938 -0.2456 -2.3183
-3.6919 -0.2430 -2.3362
-3.6895 -0.2393 -2.3525
-3.6866 -0.2349 -2.3677
-3.6831 -0.2300 -2.3819
-3.6794 -0.2249 -2.3958
-3.6758 -0.2197 -2.4096
-3.6717 -0.2151 -2.4226
-3.6675 -0.2109 -2.4350
-3.6634 -0.2072 -2.4471
-3.6597 -0.2038 -2.4588
-3.6564 -0.2010 -2.4702
-3.6527 -0.1967 -2.4810
-3.6499 -0.1945 -2.4919
-3.6477 -0.1934 -2.5026
-3.6458 -0.1933 -2.5133
-3.6440 -0.1939 -2.5238
-3.6422 -0.1952 -2.5343
-3.6404 -0.1971 -2.5448
-3.6375 -0.1982 -2.5549
-3.6353 -0.2003 -2.5655
-3.6337 -0.2028 -2.5762
-3.6326 -0.2051 -2.5862
-3.6321 -0.2069 -2.5948
-3.6340 -0.2094 -2.6023
-3.6341 -0.2110 -2.6082
-3.6331 -0.2127 -2.6138
-3.6311 -0.2147 -2.6199
-3.6285 -0.2173 -2.6272
-3.6258 -0.2204 -2.6358
-3.6266 -0.2231 -2.6451
-3.6262 -0.2250 -2.6545
-3.6260 -0.2256 -2.6629
-3.6259 -0.2249 -2.6704
-3.6255 -0.2235 -2.6771
-3.6245 -0.2218 -2.6837
-3.6237 -0.2191 -2.6910
-3.6216 -0.2173 -2.6983
-3.6189 -0.2157 -2.7058
-3.6160 -0.2141 -2.7134
-3.6128 -0.2124 -2.7210
-3.6099 -0.2103 -2.7285
-3.6070 -0.2077 -2.7359
-3.6032 -0.2064 -2.7436
-3.5985 -0.2058 -2.7512
-3.5932 -0.2057 -2.7587
-3.5871 -0.2059 -2.7659
-3.5807 -0.2058 -2.7731
-3.5742 -0.2051 -2.7802
-3.5674 -0.2051 -2.7871
-3.5607 -0.2050 -2.7936
-3.5544 -0.2045 -2.7994
-3.5485 -0.2035 -2.8045
-3.5429 -0.2021 -2.8087
-3.5374 -0.1988 -2.8132
-3.5319 -0.1969 -2.8165
-3.5264 -0.1956 -2.8191
-3.5209 -0.1947 -2.8212
-3.5157 -0.1940 -2.8229
-3.5109 -0.1937 -2.8243
-3.5063 -0.1918 -2.8272
-3.5020 -0.1917 -2.8288
-3.4976 -0.1926 -2.8301
-3.4930 -0.1943 -2.8314
-3.4884 -0.1965 -2.8325
-3.4837 -0.1990 -2.8334
-3.4792 -0.1982 -2.8363
-3.4750 -0.1995 -2.8372
-3.4712 -0.2012 -2.8369
-3.4676 -0.2029 -2.8359
-3.4643 -0.2045 -2.8343
-3.4612 -0.2044 -2.8326
-3.4585 -0.2021 -2.8312
-3.4557 -0.2021 -2.8291
-3.4534 -0.2024 -2.8268
-3.4518 -0.2027 -2.8243
-3.4509 -0.2029 -2.8215
-3.4504 -0.2032 -2.8185
-3.4498 -0.1995 -2.8145
-3.4494 -0.1990 -2.8107
-3.4489 -0.2001 -2.8069
-3.4482 -0.2020 -2.8028
-3.4472 -0.2045 -2.7982
-3.4465 -0.2062 -2.7925
-3.4464 -0.2066 -2.7857
-3.4455 -0.2084 -2.7784
-3.4441 -0.2108 -2.7707
-3.4425 -0.2134 -2.7627
-3.4406 -0.2161 -2.7545
-3.4392 -0.2184 -2.7458
-3.4385 -0.2199 -2.7368
-3.4367 -0.2220 -2.7275
-3.4345 -0.2241 -2.7179
-3.4322 -0.2261 -2.7081
-3.4296 -0.2280 -2.6982
-3.4267 -0.2299 -2.6881
-3.4264 -0.2297 -2.6778
-3.4240 -0.2305 -2.6673
-3.4208 -0.2315 -2.6564
-3.4170 -0.2325 -2.6451
-3.4129 -0.2335 -2.6336
-3.4084 -0.2343 -2.6219
-3.4059 -0.2337 -2.6091
-3.4018 -0.2338 -2.5966
-3.3974 -0.2341 -2.5839
-3.3927 -0.2344 -2.5710
-3.3879 -0.2346 -2.5580
-3.3830 -0.2348 -2.5448
-3.3789 -0.2342 -2.5319
-3.3742 -0.2341 -2.5186
-3.3692 -0.2343 -2.5052
-3.3639 -0.2347 -2.4917
-3.3584 -0.2353 -2.4780
-3.3526 -0.2360 -2.4643
-3.3481 -0.2357 -2.4513
-3.3422 -0.2363 -2.4376
-3.3356 -0.2371 -2.4236
-3.3289 -0.2378 -2.4095
-3.3221 -0.2383 -2.3952
-3.3153 -0.2384 -2.3810
-3.3108 -0.2368 -2.3679
-3.3050 -0.2359 -2.3544
-3.2989 -0.2351 -2.3411
-3.2926 -0.2344 -2.3281
-3.2860 -0.2337 -2.3155
-3.2798 -0.2328 -2.3034
-3.2741 -0.2314 -2.2919
-3.2673 -0.2308 -2.2805
-3.2600 -0.2305 -2.2694
-3.2526 -0.2304 -2.2586
-3.2452 -0.2303 -2.2480
-3.2383 -0.2298 -2.2372
-3.2325 -0.2287 -2.2261
-3.2253 -0.2286 -2.2159
-3.2175 -0.2290 -2.2062
-3.2094 -0.2296 -2.1967
-3.2011 -0.2306 -2.1875
-3.1924 -0.2319 -2.1785
-3.1847 -0.2312 -2.1696
-3.1757 -0.2324 -2.1611
-3.1659 -0.2344 -2.1528
-3.1555 -0.2369 -2.1448
-3.1447 -0.2396 -2.1369
-3.1333 -0.2425 -2.1291
-3.1214 -0.2456 -2.1213
-3.1111 -0.2467 -2.1157
-3.0989 -0.2490 -2.1091
-3.0860 -0.2514 -2.1026
-3.0724 -0.2537 -2.0967
-3.0585 -0.2557 -2.0915
-3.0444 -0.2581 -2.0889
-3.0302 -0.2594 -2.0852
-3.0159 -0.2600 -2.0812
-3.0014 -0.2600 -2.0772
-2.9866 -0.2594 -2.0729
-2.9714 -0.2584 -2.0686
-2.9559 -0.2568 -2.0643
-2.9405 -0.2544 -2.0603
-2.9254 -0.2511 -2.0566
-2.9109 -0.2472 -2.0533
-2.8967 -0.2430 -2.0500
-2.8826 -0.2388 -2.0466
-2.8689 -0.2357 -2.0462
-2.8548 -0.2325 -2.0428
-2.8404 -0.2297 -2.0379
-2.8258 -0.2274 -2.0319
-2.8110 -0.2255 -2.0251
-2.7964 -0.2239 -2.0185
-2.7822 -0.2225 -2.0125
-2.7685 -0.2211 -2.0047
-2.7556 -0.2195 -1.9961
-2.7435 -0.2178 -1.9870
-2.7322 -0.2160 -1.9775
-2.7222 -0.2143 -1.9685
-2.7136 -0.2129 -1.9603
-2.7038 -0.2121 -1.9505
-2.6936 -0.2119 -1.9400
-2.6831 -0.2122 -1.9293
-2.6723 -0.2130 -1.9186
-2.6611 -0.2140 -1.9079
-2.6495 -0.2144 -1.8988
-2.6376 -0.2155 -1.8888
-2.6253 -0.2168 -1.8785
-2.6127 -0.2182 -1.8682
-2.6000 -0.2194 -1.8578
-2.5872 -0.2204 -1.8475
-2.5745 -0.2211 -1.8374
-2.5617 -0.2214 -1.8273
-2.5489 -0.2215 -1.8173
-2.5359 -0.2214 -1.8074
-2.5228 -0.2211 -1.7976
-2.5095 -0.2205 -1.7880
-2.4965 -0.2209 -1.7808
-2.4834 -0.2201 -1.7727
-2.4703 -0.2184 -1.7646
-2.4572 -0.2163 -1.7569
-2.4440 -0.2139 -1.7497
-2.4305 -0.2113 -1.7433
-2.4177 -0.2087 -1.7377
-2.4045 -0.2057 -1.7331
-2.3916 -0.2026 -1.7296
-2.3792 -0.1993 -1.7271
-2.3673 -0.1962 -1.7253
-2.3557 -0.1935 -1.7241
-2.3424 -0.1912 -1.7222
-2.3297 -0.1899 -1.7212
-2.3167 -0.1897 -1.7207
-2.3033 -0.1903 -1.7208
-2.2900 -0.1916 -1.7212
-2.2770 -0.1933 -1.7218
-2.2622 -0.1962 -1.7218
-2.2492 -0.1991 -1.7221
-2.2365 -0.2025 -1.7220
-2.2233 -0.2066 -1.7215
-2.2094 -0.2115 -1.7205
-2.1941 -0.2166 -1.7184
-2.1774 -0.2216 -1.7152
-2.1610 -0.2274 -1.7122
-2.1446 -0.2334 -1.7089
-2.1281 -0.2394 -1.7053
-2.1114 -0.2451 -1.7012
-2.0947 -0.2502 -1.6967
-2.0775 -0.2537 -1.6914
-2.0609 -0.2571 -1.6860
-2.0445 -0.2600 -1.6804
-2.0280 -0.2624 -1.6745
-2.0112 -0.2645 -1.6685
-1.9940 -0.2662 -1.6623
-1.9757 -0.2675 -1.6556
-1.9575 -0.2685 -1.6489
-1.9392 -0.2690 -1.6418
-1.9209 -0.2689 -1.6342
-1.9026 -0.2681 -1.6260
-1.8844 -0.2665 -1.6171
-1.8651 -0.2626 -1.6059
-1.8475 -0.2590 -1.5951
-1.8310 -0.2551 -1.5841
-1.8150 -0.2510 -1.5726
-1.7993 -0.2470 -1.5604
-1.7837 -0.2434 -1.5475
-1.7672 -0.2385 -1.5327
-1.7507 -0.2354 -1.5178
-1.7342 -0.2331 -1.5024
-1.7179 -0.2312 -1.4866
-1.7023 -0.2291 -1.4707
-1.6878 -0.2266 -1.4548
-1.6752 -0.2220 -1.4380
-1.6632 -0.2182 -1.4224
-1.6516 -0.2150 -1.4074
-1.6403 -0.2123 -1.3928
-1.6288 -0.2101 -1.3785
-1.6171 -0.2085 -1.3646
-1.6041 -0.2061 -1.3501
-1.5913 -0.2051 -1.3367
-1.5783 -0.2048 -1.3239
-1.5649 -0.2050 -1.3115
-1.5513 -0.2055 -1.2995
-1.5375 -0.2059 -1.2878
-1.5236 -0.2061 -1.2763
-1.5093 -0.2070 -1.2655
-1.4948 -0.2084 -1.2554
-1.4801 -0.2100 -1.2457
-1.4652 -0.2118 -1.2364
-1.4348 -0.2157 -1.2187
-1.4193 -0.2177 -1.2105
-1.4038 -0.2195 -1.2029
-1.3881 -0.2212 -1.1960
-1.3722 -0.2227 -1.1900
-1.3562 -0.2238 -1.1851
-1.3404 -0.2244 -1.1814
-1.3404 -0.2244 -1.1814
-1.3250 -0.2263 -1.1795
-1.3107 -0.2262 -1.1787
-1.2973 -0.2253 -1.1789
-1.2848 -0.2239 -1.1800
-1.2726 -0.2225 -1.1815
-1.2606 -0.2228 -1.1825
-1.2474 -0.2230 -1.1846
-1.2331 -0.2236 -1.1878
-1.2182 -0.2248 -1.1920
-1.2035 -0.2262 -1.1972
-1.1895 -0.2278 -1.2031
-1.1754 -0.2291 -1.2066
-1.1622 -0.2313 -1.2118
-1.1490 -0.2343 -1.2171
-1.1354 -0.2383 -1.2220
-1.1211 -0.2431 -1.2262
-1.1063 -0.2485 -1.2298
-1.0907 -0.2543 -1.2311
-1.0750 -0.2602 -1.2328
-1.0591 -0.2659 -1.2339
-1.0430 -0.2714 -1.2344
-1.0269 -0.2762 -1.2340
-1.0110 -0.2804 -1.2323
-0.9955 -0.2838 -1.2292
-0.9800 -0.2861 -1.2257
-0.9643 -0.2876 -1.2216
-0.9483 -0.2885 -1.2169
-0.9319 -0.2889 -1.2116
-0.9152 -0.2885 -1.2055
-0.8983 -0.2872 -1.1987
-0.8812 -0.2857 -1.1921
-0.8642 -0.2839 -1.1852
-0.8471 -0.2817 -1.1778
-0.8300 -0.2791 -1.1695
-0.8132 -0.2762 -1.1602
-0.7977 -0.2718 -1.1488
-0.7817 -0.2683 -1.1369
-0.7660 -0.2651 -1.1240
-0.7505 -0.2623 -1.1099
-0.7352 -0.2599 -1.0946
-0.7199 -0.2580 -1.0779
-0.7062 -0.2568 -1.0588
-0.6914 -0.2559 -1.0399
-0.6764 -0.2551 -1.0210
-0.6620 -0.2539 -1.0022
-0.6489 -0.2520 -0.9840
-0.6373 -0.2494 -0.9664
-0.6297 -0.2454 -0.9489
-0.6211 -0.2420 -0.9323
-0.6122 -0.2392 -0.9162
-0.6029 -0.2372 -0.9006
-0.5932 -0.2359 -0.8854
-0.5830 -0.2355 -0.8708
-0.5743 -0.2348 -0.8563
-0.5637 -0.2356 -0.8427
-0.5522 -0.2372 -0.8298
-0.5402 -0.2394 -0.8173
-0.5279 -0.2421 -0.8055
-0.5151 -0.2454 -0.7943
-0.5050 -0.2471 -0.7824
-0.4927 -0.2505 -0.7717
-0.4796 -0.2547 -0.7614
-0.4660 -0.2591 -0.7512
-0.4522 -0.2634 -0.7413
-0.4383 -0.2674 -0.7318
-0.4258 -0.2700 -0.7228
-0.4121 -0.2724 -0.7143
-0.3979 -0.2742 -0.7064
-0.3837 -0.2749 -0.6992
-0.3698 -0.2744 -0.6933
-0.3567 -0.2726 -0.6891
-0.3450 -0.2700 -0.6871
-0.3340 -0.2661 -0.6860
-0.3237 -0.2619 -0.6858
-0.3136 -0.2579 -0.6861
-0.3029 -0.2547 -0.6866
-0.2913 -0.2525 -0.6872
-0.2795 -0.2516 -0.6866
-0.2663 -0.2516 -0.6873
-0.2525 -0.2524 -0.6888
-0.2389 -0.2540 -0.6908
-0.2258 -0.2561 -0.6931
-0.2133 -0.2587 -0.6953
-0.2005 -0.2616 -0.6949
-0.1881 -0.2651 -0.6955
-0.1755 -0.2692 -0.6958
-0.1624 -0.2739 -0.6957
-0.1485 -0.2790 -0.6950
-0.1340 -0.2843 -0.6938
-0.1170 -0.2888 -0.6890
-0.1007 -0.2938 -0.6860
-0.0844 -0.2985 -0.6835
-0.0681 -0.3026 -0.6810
-0.0519 -0.3057 -0.6784
-0.0359 -0.3079 -0.6758
-0.0186 -0.3093 -0.6713
-0.0024 -0.3099 -0.6676
0.0137 -0.3098 -0.6636
0.0298 -0.3091 -0.6593
0.0461 -0.3078 -0.6545
0.0626 -0.3060 -0.6493
0.0796 -0.3024 -0.6434
0.0962 -0.2991 -0.6372
0.1125 -0.2955 -0.6305
0.1284 -0.2916 -0.6229
0.1439 -0.2873 -0.6146
0.1586 -0.2821 -0.6058
0.1723 -0.2755 -0.5965
0.1848 -0.2701 -0.5871
0.1962 -0.2655 -0.5771
0.2068 -0.2617 -0.5660
0.2168 -0.2589 -0.5535
0.2263 -0.2565 -0.5393
0.2352 -0.2544 -0.5235
0.2448 -0.2540 -0.5066
0.2545 -0.2546 -0.4887
0.2640 -0.2557 -0.4700
0.2729 -0.2572 -0.4508
0.2802 -0.2581 -0.4319
0.2855 -0.2576 -0.4139
0.2896 -0.2570 -0.3968
0.2924 -0.2561 -0.3805
0.2939 -0.2549 -0.3645
0.2947 -0.2537 -0.3488
0.2949 -0.2527 -0.3332
0.2938 -0.2505 -0.3180
0.2931 -0.2495 -0.3030
0.2927 -0.2489 -0.2885
0.2922 -0.2487 -0.2744
0.2918 -0.2490 -0.2607
0.2912 -0.2497 -0.2473
0.2900 -0.2502 -0.2343
0.2891 -0.2516 -0.2213
0.2883 -0.2536 -0.2083
0.2875 -0.2560 -0.1952
0.2867 -0.2586 -0.1818
0.2861 -0.2614 -0.1685
0.2836 -0.2632 -0.1560
0.2825 -0.2651 -0.1444
0.2814 -0.2664 -0.1342
0.2797 -0.2669 -0.1254
0.2774 -0.2669 -0.1177
0.2746 -0.2664 -0.1106
0.2716 -0.2662 -0.1033
0.2693 -0.2670 -0.0955
0.2676 -0.2690 -0.0867
0.2664 -0.2721 -0.0767
0.2655 -0.2760 -0.0659
0.2642 -0.2795 -0.0554
0.2621 -0.2819 -0.0454
0.2600 -0.2850 -0.0354
0.2575 -0.2879 -0.0259
0.2545 -0.2904 -0.0167
0.2510 -0.2926 -0.0077
0.2470 -0.2943 0.0012
0.2427 -0.2956 0.0099
0.2385 -0.2967 0.0185
0.2346 -0.2980 0.0273
0.2308 -0.2995 0.0363
0.2270 -0.3009 0.0453
0.2231 -0.3020 0.0538
0.2187 -0.3020 0.0625
0.2143 -0.3021 0.0704
0.2098 -0.3023 0.0779
0.2053 -0.3026 0.0852
0.2008 -0.3032 0.0925
0.1961 -0.3042 0.0999
0.1912 -0.3035 0.1085
0.1861 -0.3046 0.1166
0.1807 -0.3064 0.1246
0.1750 -0.3084 0.1326
0.1688 -0.3105 0.1406
0.1624 -0.3122 0.1482
0.1562 -0.3115 0.1570
0.1498 -0.3111 0.1640
0.1438 -0.3099 0.1698
0.1384 -0.3078 0.1743
0.1339 -0.3049 0.1778
0.1302 -0.3009 0.1808
0.1272 -0.2961 0.1837
0.1244 -0.2931 0.1854
0.1218 -0.2915 0.1868
0.1191 -0.2914 0.1884
0.1164 -0.2927 0.1903
0.1135 -0.2951 0.1926
0.1113 -0.2968 0.1966
0.1088 -0.3001 0.1997
0.1063 -0.3042 0.2021
0.1041 -0.3084 0.2040
0.1020 -0.3124 0.2051
0.1000 -0.3156 0.2066
0.0977 -0.3178 0.2090
0.0953 -0.3211 0.2094
0.0927 -0.3250 0.2092
0.0897 -0.3291 0.2088
0.0864 -0.3332 0.2084
0.0833 -0.3371 0.2090
0.0805 -0.3407 0.2109
0.0770 -0.3440 0.2116
0.0735 -0.3469 0.2122
0.0705 -0.3492 0.2130
0.0685 -0.3507 0.2139
0.0674 -0.3515 0.2146
0.0690 -0.3524 0.2177
0.0689 -0.3524 0.2185
0.0682 -0.3521 0.2184
0.0670 -0.3516 0.2181
0.0657 -0.3513 0.2178
0.0644 -0.3511 0.2178
0.0666 -0.3500 0.2195
0.0665 -0.3499 0.2205
0.0655 -0.3501 0.2215
0.0643 -0.3504 0.2224
0.0629 -0.3506 0.2232
0.0615 -0.3506 0.2238
0.0649 -0.3475 0.2248
0.0648 -0.3462 0.2253
0.0633 -0.3457 0.2255
0.0610 -0.3456 0.2255
0.0583 -0.3455 0.2251
0.0581 -0.3438 0.2246
0.0618 -0.3397 0.2242
0.0616 -0.3377 0.2229
0.0601 -0.3363 0.2211
0.0583 -0.3351 0.2185
0.0562 -0.3340 0.2155
0.0539 -0.3332 0.2120
0.0592 -0.3263 0.2056
0.0594 -0.3241 0.2010
0.0580 -0.3237 0.1971
0.0557 -0.3243 0.1934
0.0528 -0.3254 0.1896
0.0495 -0.3262 0.1857
0.0496 -0.3241 0.1811
0.0473 -0.3229 0.1772
0.0440 -0.3213 0.1736
0.0401 -0.3188 0.1700
0.0361 -0.3148 0.1663
0.0329 -0.3091 0.1627
0.0310 -0.3017 0.1592
0.0277 -0.2936 0.1557
0.0238 -0.2849 0.1525
0.0195 -0.2760 0.1496
0.0149 -0.2668 0.1469
0.0106 -0.2571 0.1446
0.0074 -0.2465 0.1425
0.0034 -0.2360 0.1404
-0.0007 -0.2257 0.1383
-0.0050 -0.2158 0.1361
-0.0095 -0.2066 0.1339
-0.0141 -0.1982 0.1318
-0.0179 -0.1894 0.1291
-0.0220 -0.1821 0.1271
-0.0261 -0.1756 0.1254
-0.0297 -0.1696 0.1236
-0.0329 -0.1639 0.1219
-0.0357 -0.1586 0.1201
-0.0362 -0.1516 0.1179
-0.0378 -0.1466 0.1161
-0.0397 -0.1426 0.1145
-0.0416 -0.1392 0.1128
-0.0435 -0.1363 0.1112
-0.0451 -0.1339 0.1097
-0.0452 -0.1324 0.1116
-0.0460 -0.1308 0.1115
-0.0470 -0.1293 0.1108
-0.0480 -0.1281 0.1100
-0.0489 -0.1271 0.1092
-0.0496 -0.1263 0.1087
-0.0467 -0.1242 0.1111
-0.0460 -0.1232 0.1118
-0.0460 -0.1225 0.1120
-0.0462 -0.1220 0.1121
-0.0464 -0.1216 0.1122
-0.0467 -0.1206 0.1132
-0.0472 -0.1187 0.1155
-0.0473 -0.1179 0.1163
-0.0472 -0.1174 0.1166
-0.0471 -0.1171 0.1168
-0.0470 -0.1168 0.1171
-0.0468 -0.1163 0.1176
-0.0467 -0.1153 0.1184
-0.0461 -0.1145 0.1192
-0.0452 -0.1137 0.1201
-0.0441 -0.1129 0.1212
-0.0430 -0.1122 0.1224
-0.0419 -0.1116 0.1236
-0.0393 -0.1098 0.1248
-0.0377 -0.1089 0.1258
-0.0366 -0.1084 0.1266
-0.0358 -0.1082 0.1272
-0.0352 -0.1082 0.1276
-0.0347 -0.1082 0.1279
-0.0327 -0.1073 0.1269
-0.0318 -0.1072 0.1265
-0.0313 -0.1073 0.1261
-0.0308 -0.1073 0.1258
-0.0303 -0.1073 0.1255
-0.0299 -0.1074 0.1253
-0.0270 -0.1056 0.1233
-0.0259 -0.1050 0.1225
-0.0254 -0.1048 0.1222
-0.0249 -0.1046 0.1219
-0.0245 -0.1044 0.1217
-0.0240 -0.1041 0.1215
-0.0223 -0.1034 0.1202
-0.0215 -0.1030 0.1196
-0.0209 -0.1026 0.1193
-0.0203 -0.1023 0.1191
-0.0198 -0.1021 0.1190
-0.0193 -0.1019 0.1190
-0.0180 -0.1016 0.1186
-0.0173 -0.1015 0.1185
-0.0168 -0.1014 0.1185
-0.0164 -0.1013 0.1185
-0.0160 -0.1012 0.1185
-0.0159 -0.1013 0.1187
-0.0162 -0.1017 0.1189
-0.0159 -0.1016 0.1191
-0.0155 -0.1014 0.1191
-0.0151 -0.1010 0.1192
-0.0147 -0.1007 0.1192
-0.0147 -0.1004 0.1193
-0.0152 -0.1005 0.1194
-0.0151 -0.1002 0.1194
-0.0148 -0.0998 0.1194
-0.0144 -0.0993 0.1194
-0.0141 -0.0989 0.1193
-0.0137 -0.0985 0.1193
-0.0133 -0.0977 0.1183
-0.0129 -0.0971 0.1179
-0.0124 -0.0967 0.1178
-0.0118 -0.0963 0.1177
-0.0113 -0.0958 0.1177
-0.0107 -0.0955 0.1176
-0.0092 -0.0951 0.1173
-0.0083 -0.0948 0.1172
-0.0076 -0.0945 0.1171
-0.0070 -0.0942 0.1171
-0.0065 -0.0941 0.1171
-0.0059 -0.0940 0.1171
-0.0050 -0.0942 0.1169
-0.0043 -0.0942 0.1170
-0.0036 -0.0942 0.1171
-0.0030 -0.0941 0.1172
-0.0024 -0.0941 0.1173
-0.0019 -0.0942 0.1176
0.0011 -0.0080 0.0377
0.0023 0.0191 0.0127
0.0028 0.0275 0.0051
0.0031 0.0300 0.0030
0.0033 0.0307 0.0026
0.0035 0.0308 0.0027
0.0036 0.0309 0.0001
0.0037 0.0308 -0.0006
0.0039 0.0307 -0.0006
0.0041 0.0307 -0.0004
0.0043 0.0306 -0.0002
0.0045 0.0307 0.0000
-0.0010 0.0288 -0.0016
-0.0027 0.0282 -0.0020
-0.0032 0.0281 -0.0021
-0.0034 0.0281 -0.0020
-0.0035 0.0281 -0.0019
-0.0036 0.0284 -0.0028
-0.0036 0.0287 -0.0053
-0.0036 0.0289 -0.0061
-0.0035 0.0291 -0.0063
-0.0035 0.0292 -0.0064
-0.0035 0.0292 -0.0064
-0.0034 0.0293 -0.0064
-0.0033 0.0294 -0.0064
-0.0031 0.0296 -0.0064
-0.0029 0.0297 -0.0063
-0.0027 0.0298 -0.0063
-0.0024 0.0300 -0.0062
-0.0022 0.0301 -0.0061
-0.0034 0.0298 -0.0093
-0.0037 0.0298 -0.0104
-0.0037 0.0299 -0.0107
-0.0036 0.0301 -0.0108
-0.0034 0.0302 -0.0109
-0.0032 0.0304 -0.0109
-0.0043 0.0304 -0.0127
-0.0046 0.0305 -0.0132
-0.0046 0.0306 -0.0134
-0.0046 0.0308 -0.0134
-0.0045 0.0309 -0.0134
-0.0043 0.0310 -0.0133
-0.0052 0.0307 -0.0146
-0.0054 0.0305 -0.0149
-0.0055 0.0305 -0.0149
-0.0055 0.0304 -0.0148
-0.0055 0.0304 -0.0147
-0.0054 0.0303 -0.0145
-0.0065 0.0300 -0.0162
-0.0068 0.0298 -0.0167
-0.0069 0.0298 -0.0169
-0.0070 0.0297 -0.0169
-0.0071 0.0296 -0.0169
-0.0071 0.0296 -0.0172
-0.0072 0.0295 -0.0177
-0.0072 0.0295 -0.0180
-0.0073 0.0295 -0.0181
-0.0074 0.0295 -0.0182
-0.0075 0.0295 -0.0183
-0.0077 0.0294 -0.0183
-0.0081 0.0293 -0.0183
-0.0082 0.0292 -0.0183
-0.0083 0.0292 -0.0182
-0.0083 0.0293 -0.0181
-0.0083 0.0293 -0.0180
-0.0083 0.0294 -0.0179
-0.0084 0.0292 -0.0179
-0.0084 0.0292 -0.0179
-0.0084 0.0292 -0.0178
-0.0083 0.0293 -0.0176
-0.0082 0.0293 -0.0175
-0.0082 0.0293 -0.0173
-0.0085 0.0291 -0.0176
-0.0085 0.0291 -0.0176
-0.0084 0.0291 -0.0175
-0.0083 0.0291 -0.0174
-0.0082 0.0291 -0.0172
-0.0081 0.0291 -0.0170
-0.0076 0.0290 -0.0165
-0.0073 0.0290 -0.0162
-0.0070 0.0290 -0.0160
-0.0069 0.0291 -0.0157
-0.0067 0.0291 -0.0154
-0.0064 0.0290 -0.0152
-0.0058 0.0289 -0.0154
-0.0056 0.0288 -0.0153
-0.0055 0.0288 -0.0151
-0.0053 0.0288 -0.0148
-0.0053 0.0287 -0.0146
-0.0052 0.0287 -0.0144
-0.0048 0.0284 -0.0146
-0.0047 0.0282 -0.0145
-0.0046 0.0281 -0.0144
-0.0046 0.0280 -0.0143
-0.0047 0.0280 -0.0141
-0.0046 0.0278 -0.0139
-0.0045 0.0274 -0.0139
-0.0044 0.0273 -0.0138
-0.0044 0.0273 -0.0138
-0.0042 0.0273 -0.0137
-0.0041 0.0274 -0.0136
-0.0039 0.0275 -0.0135
-0.0039 0.0275 -0.0134
-0.0039 0.0275 -0.0132
-0.0039 0.0275 -0.0130
-0.0040 0.0275 -0.0129
-0.0040 0.0275 -0.0129
-0.0041 0.0274 -0.0126
-0.0042 0.0274 -0.0124
-0.0042 0.0274 -0.0124
-0.0043 0.0274 -0.0123
-0.0043 0.0275 -0.0121
-0.0044 0.0275 -0.0120
-0.0044 0.0276 -0.0118
-0.0033 0.0277 -0.0115
-0.0029 0.0278 -0.0114
-0.0028 0.0279 -0.0113
-0.0028 0.0280 -0.0112
-0.0028 0.0281 -0.0111
-0.0028 0.0282 -0.0110
-0.0004 0.0286 -0.0120
0.0004 0.0287 -0.0123
0.0007 0.0288 -0.0123
0.0007 0.0288 -0.0122
0.0008 0.0289 -0.0121
0.0009 0.0289 -0.0120
0.0008 0.0278 -0.0103
0.0008 0.0275 -0.0096
0.0008 0.0273 -0.0094
0.0009 0.0273 -0.0092
0.0009 0.0272 -0.0090
0.0009 0.0272 -0.0089
0.0029 0.0276 -0.0090
0.0036 0.0277 -0.0090
0.0039 0.0277 -0.0089
0.0040 0.0277 -0.0089
0.0042 0.0277 -0.0088
0.0043 0.0277 -0.0087
0.0033 0.0282 -0.0082
0.0031 0.0284 -0.0080
0.0032 0.0285 -0.0079
0.0034 0.0286 -0.0079
0.0036 0.0288 -0.0078
0.0039 0.0290 -0.0078
0.0037 0.0282 -0.0069
0.0038 0.0281 -0.0066
0.0040 0.0282 -0.0065
0.0043 0.0284 -0.0064
0.0045 0.0285 -0.0063
0.0048 0.0287 -0.0062
0.0044 0.0285 -0.0058
0.0044 0.0286 -0.0056
0.0046 0.0287 -0.0055
0.0048 0.0289 -0.0054
0.0049 0.0290 -0.0054
0.0052 0.0292 -0.0054
0.0054 0.0293 -0.0054
0.0058 0.0295 -0.0054
0.0061 0.0296 -0.0055
0.0063 0.0296 -0.0055
0.0065 0.0297 -0.0056
0.0065 0.0296 -0.0056
0.0063 0.0294 -0.0055
0.0063 0.0293 -0.0056
0.0064 0.0292 -0.0056
0.0065 0.0291 -0.0056
0.0066 0.0291 -0.0057
0.0067 0.0290 -0.0058
0.0065 0.0287 -0.0055
0.0065 0.0287 -0.0055
0.0067 0.0287 -0.0055
0.0068 0.0287 -0.0056
0.0069 0.0288 -0.0057
0.0070 0.0289 -0.0058
0.0074 0.0290 -0.0057
0.0076 0.0291 -0.0058
0.0077 0.0292 -0.0058
0.0078 0.0293 -0.0059
0.0078 0.0294 -0.0061
0.0080 0.0294 -0.0061
0.0085 0.0295 -0.0061
0.0087 0.0295 -0.0062
0.0088 0.0296 -0.0062
0.0090 0.0296 -0.0062
0.0092 0.0297 -0.0062
0.0094 0.0297 -0.0061
0.0097 0.0297 -0.0060
0.0100 0.0297 -0.0059
0.0103 0.0298 -0.0059
0.0106 0.0298 -0.0059
0.0109 0.0298 -0.0059
0.0111 0.0297 -0.0058
0.0120 0.0299 -0.0059
0.0124 0.0299 -0.0059
0.0127 0.0299 -0.0060
0.0130 0.0300 -0.0060
0.0133 0.0300 -0.0060
0.0139 0.0301 -0.0060
0.0149 0.0302 -0.0061
0.0154 0.0304 -0.0061
0.0158 0.0305 -0.0061
0.0162 0.0307 -0.0061
0.0165 0.0309 -0.0060
0.0172 0.0311 -0.0060
0.0184 0.0313 -0.0061
0.0190 0.0314 -0.0060
0.0195 0.0316 -0.0060
0.0199 0.0317 -0.0059
0.0202 0.0319 -0.0059
0.0206 0.0319 -0.0058
0.0209 0.0318 -0.0056
0.0212 0.0318 -0.0055
0.0215 0.0319 -0.0054
0.0218 0.0320 -0.0053
0.0221 0.0321 -0.0053
0.0227 0.0322 -0.0052
0.0240 0.0324 -0.0053
0.0247 0.0325 -0.0052
0.0251 0.0326 -0.0051
0.0254 0.0326 -0.0050
0.0256 0.0326 -0.0049
0.0263 0.0326 -0.0050
0.0277 0.0326 -0.0054

