-1.3003 -1.6313 0.0231
-0.6453 -1.6385 1.1508
-0.6017 -1.4977 1.0869
-1.1267 -0.8704 0.1684
-0.8030 -1.5777 0.2793
-0.8629 -0.8457 0.6103
-1.1114 -0.8713 0.2796
-1.1096 -0.8850 1.8649
-0.4957 -1.6774 1.4876
-1.1037 -1.5856 0.2464
-1.0920 -0.8670 0.2994
-1.1275 -0.8759 0.2474
-0.5017 -1.5692 0.5229
-1.1427 -0.8597 0.5694
-1.2465 -0.9349 0.9361
-1.0472 -0.8630 0.3612
-0.9546 -0.8445 0.4658
-1.0987 -0.8383 0.2190
-0.5533 -1.5585 0.6822
-1.0906 -0.8579 0.6463
-0.8626 -0.8647 0.6512
-0.9854 -0.8608 0.4572
-0.4115 -1.5399 0.5744
-0.9314 -0.7309 1.4788
-1.0236 -0.8573 0.4363
-0.9687 -0.8642 0.5402
-1.1626 -0.8704 0.2157
-1.1185 -0.8599 0.6049
-0.5182 -1.5389 0.7166
-0.2229 -1.5301 0.9450
-0.4630 -1.5909 1.2215
-0.7600 -1.6197 0.7911
-0.9940 -0.8570 0.5867
-1.0648 -0.8701 0.4007
-1.0322 -0.8586 0.5827
-0.9457 -0.8800 0.5577
-0.8066 -0.8488 0.7128
-0.7658 -0.8625 0.8018
-1.0977 -0.8841 0.3299
-1.1313 -0.8976 0.2530
-0.8934 -0.8727 0.6728
-0.8617 -0.8636 0.6280
-0.4538 -0.2937 0.1789
-0.2173 -0.1163 0.1625
-0.1301 0.0299 0.0226
-0.1589 0.0109 0.0241
-0.1843 -0.0181 0.0199
-1.1072 -0.8714 0.3376
-0.1323 -0.0903 0.0393
-0.1839 -0.0234 0.0415
-0.1373 0.0199 0.0288
-0.4114 -0.2484 0.1197
-0.2071 -0.0468 0.0542
-0.2775 -0.1473 0.1242
-0.1526 -0.0012 0.0342
-0.1486 0.0023 0.0327
-0.1436 0.0154 0.0263
-0.9247 -0.8673 0.5113
-1.2427 -0.8970 0.2941
-0.1204 0.0364 0.0241
-0.1302 0.0215 0.0236
-0.1200 0.0368 0.0122
-0.2315 -0.0735 0.0709
-0.1195 0.0380 0.0123
-1.3015 -0.8939 0.3595
-0.2635 -0.0959 0.1473
-0.2156 -0.0522 0.0315
-0.1714 -0.0214 0.0631
-0.1476 -0.0035 0.0495
-0.2571 -0.1232 0.0744
-0.2154 -0.0478 0.0955
-0.2495 -0.0811 0.0778
-0.2340 -0.1386 0.1676
-0.1690 0.0052 0.0298
-0.1658 0.0071 0.0294
-0.2589 -0.0696 0.1006
-0.6856 -0.5006 0.4800
-0.8022 -0.9006 0.9029
-0.9792 -1.0752 0.8619
-0.8795 -0.8582 0.6366
-1.2340 -0.8500 0.2662
-1.1755 -0.8617 0.2283
-0.7758 -0.9207 0.8873
-1.2505 -0.8864 0.2796
-0.7821 -0.8717 0.8335
-0.9128 -0.8530 0.5567
-1.2351 -0.9620 0.2519
-1.1184 -0.8653 0.2243
-1.3261 -1.0465 1.0394
-0.7826 -0.8573 0.7987
-0.8966 -1.0367 0.9654
-0.7743 -0.8759 0.8003
-1.1157 -0.8753 0.1988
-1.9400 -1.4048 0.4247
-0.4802 -0.4376 0.4405
-1.2060 -0.8585 0.5072
-1.1611 -0.8736 0.5692
-1.0193 -0.8750 0.4247
-1.0182 -0.8763 0.4839
-0.9855 -0.8638 0.4564
-0.9593 -0.8603 0.4415
-1.0876 -0.8750 0.3584
-1.2056 -0.8910 0.5392
-1.0527 -0.8816 0.8273
-0.6980 -0.8126 0.8192
-1.3572 -1.0228 1.0032
-0.2248 -0.0441 0.0385
-1.0896 -0.9386 0.3833
-1.1048 -0.8651 0.2463
-1.0725 -0.9084 0.4023
-0.4399 -0.2721 0.0537
-1.0950 -0.8669 0.2688
-1.3688 -0.9778 1.8076
-1.0066 -0.8546 0.8345
-0.9387 -0.8878 0.6435
-0.1287 -0.0891 0.0516
-0.2252 -0.1438 0.0218
-0.1873 -0.1122 0.0229
-0.2079 -0.1375 0.0302
-0.1355 -0.0798 0.0322
-0.2102 -0.0376 0.0199
-0.2753 -0.1865 0.0418
-0.2182 -0.1229 0.0898
-0.2215 -0.1228 0.0756

