0.0000 -0.3306 -0.9253
-0.0009 -0.3404 -0.9450
-0.0029 -0.3374 -0.9310
-0.0049 -0.3365 -0.9304
-0.0014 -0.3378 -0.9296
-0.0014 -0.3378 -0.9296
-0.0033 -0.3416 -0.9276
0.0002 -0.3476 -0.9189
0.0048 -0.3465 -0.9103
-0.0061 -0.3356 -0.9286
-0.0104 -0.3308 -0.9342
-0.0104 -0.3308 -0.9342
-0.0090 -0.3316 -0.9180
-0.0036 -0.3357 -0.9062
0.0015 -0.3394 -0.9090
-0.0043 -0.3376 -0.9240
-0.0043 -0.3376 -0.9240
0.0030 -0.3325 -0.9394
0.0076 -0.3340 -0.9398
-0.0019 -0.3319 -0.9234
-0.0014 -0.3329 -0.9223
-0.0029 -0.3366 -0.9168
-0.0029 -0.3366 -0.9168
-0.0020 -0.3416 -0.9209
-0.0006 -0.3357 -0.9349
0.0031 -0.3340 -0.9344
-0.0034 -0.3312 -0.9254
0.0013 -0.3408 -0.9342
0.0013 -0.3408 -0.9342
-0.0013 -0.3417 -0.9236
-0.0065 -0.3364 -0.9296
0.0023 -0.3351 -0.9055
0.0239 -0.2836 -0.9197
0.0150 -0.4035 -0.9868
0.0150 -0.4035 -0.9868
0.0007 -0.3667 -0.9554
0.0155 -0.3126 -0.9420
0.0150 -0.3196 -0.9177
0.0220 -0.3085 -0.9479
0.0058 -0.3614 -0.9214
0.0113 -0.3331 -0.9084
0.0210 -0.3442 -0.9171
0.0148 -0.3433 -0.9210
0.0148 -0.3433 -0.9210
0.0109 -0.3364 -0.9084
0.0192 -0.3445 -0.9104
0.0184 -0.3428 -0.9081
0.0221 -0.3394 -0.9066
0.0182 -0.3461 -0.8982
0.0182 -0.3461 -0.8982
0.0251 -0.3463 -0.9010
0.0339 -0.3351 -0.9022
0.0399 -0.3364 -0.9037
0.0463 -0.3379 -0.8978
0.0541 -0.3335 -0.9054
0.0541 -0.3335 -0.9054
0.0522 -0.3270 -0.9008
0.0485 -0.3250 -0.8887
0.0558 -0.3354 -0.8907
0.0699 -0.3327 -0.8893
0.0699 -0.3327 -0.8893
0.0891 -0.3312 -0.9130
0.0895 -0.3252 -0.9083
0.0937 -0.3208 -0.9176
0.1129 -0.3186 -0.9216
0.1265 -0.2996 -0.9141
0.1265 -0.2996 -0.9141
0.1385 -0.2836 -0.9092
0.1493 -0.2541 -0.8856
0.1880 -0.2752 -0.8815
0.2118 -0.3070 -0.8558
0.2278 -0.3338 -0.8782
0.2278 -0.3338 -0.8782
0.2557 -0.3071 -0.9238
0.2540 -0.3111 -0.9731
0.2482 -0.2945 -1.0423
0.2269 -0.3021 -1.0851
0.2121 -0.2934 -1.0912
0.2121 -0.2934 -1.0912
0.1877 -0.2790 -1.0470
0.1669 -0.2831 -0.9918
0.1644 -0.3094 -0.9545
0.1720 -0.3345 -0.9323
0.1861 -0.3512 -0.9306
0.1861 -0.3512 -0.9306
0.2169 -0.3407 -0.9367
0.2481 -0.3195 -0.9356
0.2747 -0.3221 -0.9241
0.2848 -0.3307 -0.8593
0.2848 -0.3307 -0.8593
0.2808 -0.3232 -0.8039
0.2657 -0.3384 -0.7713
0.2689 -0.3484 -0.7963
0.2447 -0.3576 -0.8813
0.1197 -0.4212 -0.8460
0.1197 -0.4212 -0.8460
0.1419 -0.3300 -0.8397
0.1510 -0.3112 -0.8580
0.2090 -0.4411 -0.9011
0.2103 -0.3749 -0.9757
0.1991 -0.4608 -1.0694
0.1991 -0.4608 -1.0694
0.1757 -0.3917 -1.1116
0.1722 -0.3632 -1.1130
0.1556 -0.3663 -0.9892
0.0706 -0.3512 -0.9697
0.0015 -0.3860 -1.0450
0.0015 -0.3860 -1.0450
-0.0352 -0.2934 -0.9188
-0.0209 -0.2634 -0.9786
-0.0504 -0.2731 -0.9881
-0.0638 -0.2933 -0.9166
-0.0492 -0.3171 -0.8228
-0.0492 -0.3171 -0.8228
-0.0133 -0.3692 -0.7657
0.0065 -0.3885 -0.7623
-0.0135 -0.3984 -0.7643
-0.0635 -0.4060 -0.8426
-0.0635 -0.4060 -0.8426
-0.1162 -0.4395 -0.8272
-0.1456 -0.3837 -0.8730
-0.1126 -0.4451 -0.8346
-0.0882 -0.4464 -0.8187
-0.0682 -0.4628 -0.8128
-0.0682 -0.4628 -0.8128
-0.0526 -0.5037 -0.8138
-0.0479 -0.5067 -0.8226
-0.0457 -0.5089 -0.8105
-0.0141 -0.5217 -0.8408
0.0269 -0.5241 -0.8454
0.0269 -0.5241 -0.8454
0.0618 -0.5121 -0.8422
0.0863 -0.5230 -0.8744
0.0883 -0.5268 -0.8831
0.0795 -0.5199 -0.8886
0.0944 -0.5427 -0.9306
0.0944 -0.5427 -0.9306
0.1092 -0.5679 -0.9667
0.1391 -0.6148 -0.9730
0.1609 -0.6617 -1.0117
0.1351 -0.6705 -1.1500
0.0625 -0.6309 -1.2898
0.0625 -0.6309 -1.2898
-0.0246 -0.4875 -1.3035
-0.0383 -0.3765 -1.1905
0.0388 -0.3549 -0.9845
0.1397 -0.4030 -0.7893
0.1397 -0.4030 -0.7893
0.2132 -0.4519 -0.6964
0.2117 -0.4687 -0.7260
0.1269 -0.4443 -0.7406
0.0403 -0.3833 -0.7814
0.0195 -0.3495 -0.8034
0.0195 -0.3495 -0.8034
0.0300 -0.3508 -0.7930
0.0396 -0.3520 -0.7337
0.0315 -0.3766 -0.6736
0.0251 -0.4138 -0.6359
0.0053 -0.4371 -0.5956
0.0053 -0.4371 -0.5956
-0.0069 -0.4569 -0.5787
-0.0187 -0.4953 -0.5970
-0.0356 -0.5190 -0.6012
-0.0363 -0.5315 -0.6356
-0.0137 -0.5551 -0.6854
-0.0137 -0.5551 -0.6854
0.0034 -0.5517 -0.7138
0.0179 -0.5542 -0.7614
0.0474 -0.5738 -0.8148
0.0761 -0.5783 -0.8489
0.0792 -0.5981 -0.9725
0.0792 -0.5981 -0.9725
0.0229 -0.5912 -1.0762
-0.0227 -0.5902 -1.1978
-0.0602 -0.5969 -1.2097
-0.1070 -0.5777 -1.2365
-0.1070 -0.5777 -1.2365
-0.1698 -0.5314 -1.2476
-0.2651 -0.3808 -1.2877
-0.3191 -0.2514 -1.1818
-0.2849 -0.2025 -0.9846
-0.1856 -0.3006 -0.8198
-0.1856 -0.3006 -0.8198
-0.1718 -0.3719 -0.7228
-0.2105 -0.4206 -0.7530
-0.2463 -0.4409 -0.7498
-0.2440 -0.3484 -0.7059
-0.1648 -0.2887 -0.6604
-0.1648 -0.2887 -0.6604
-0.0322 -0.3009 -0.6039
0.0862 -0.3743 -0.6150
0.1624 -0.4489 -0.5964
0.1982 -0.5001 -0.5950
0.1970 -0.5536 -0.5962
0.1970 -0.5536 -0.5962
0.1877 -0.6006 -0.6531
0.1725 -0.6366 -0.7472
0.1571 -0.6341 -0.8366
0.1639 -0.6217 -0.9155
0.1639 -0.6217 -0.9155
0.1954 -0.6047 -0.9779
0.2239 -0.5772 -0.9869
0.2576 -0.5915 -1.0033
0.2695 -0.6322 -1.0063
0.2464 -0.6638 -1.0029
0.2309 -0.7352 -1.0265
0.2309 -0.7352 -1.0265
0.1953 -0.7545 -1.0945
0.1281 -0.7084 -1.2038
0.0222 -0.5971 -1.2060
-0.0455 -0.4481 -1.0853
-0.0455 -0.4481 -1.0853
-0.0194 -0.3713 -0.8694
0.0906 -0.4063 -0.6639
0.2201 -0.4711 -0.4993
0.2948 -0.5549 -0.4761
0.2828 -0.6045 -0.5633
0.2013 -0.5875 -0.6789
0.2013 -0.5875 -0.6789
0.1153 -0.5374 -0.8214
0.0351 -0.4698 -0.9623
-0.0124 -0.4089 -0.9656
-0.0174 -0.3873 -0.9160
-0.0174 -0.3873 -0.9160
-0.0238 -0.4339 -0.8315
-0.0396 -0.4720 -0.7255
-0.0697 -0.4843 -0.6067
-0.0970 -0.5248 -0.5450
-0.1206 -0.5618 -0.5084
-0.1206 -0.5618 -0.5084
-0.1272 -0.5935 -0.5020
-0.1315 -0.6021 -0.4890
-0.1147 -0.5952 -0.5168
-0.0752 -0.6088 -0.5770
-0.0318 -0.6140 -0.6386
-0.0318 -0.6140 -0.6386
-0.0084 -0.6365 -0.7329
-0.0115 -0.6519 -0.8376
-0.0250 -0.6604 -1.0012
-0.0533 -0.7037 -1.1295
-0.1040 -0.6992 -1.2414
-0.1040 -0.6992 -1.2414
-0.1797 -0.6449 -1.3533
-0.2803 -0.4960 -1.4094
-0.3358 -0.3369 -1.2508
-0.2979 -0.2816 -0.9784
-0.2979 -0.2816 -0.9784
-0.0739 -0.5071 -0.5631
-0.0739 -0.5071 -0.5631
-0.0977 -0.6080 -0.5637
-0.1609 -0.6669 -0.6129
-0.2011 -0.5829 -0.5920
-0.2011 -0.5829 -0.5920
-0.1934 -0.4587 -0.6303
-0.1075 -0.4288 -0.6186
0.0074 -0.4396 -0.6081
0.1198 -0.4688 -0.5925
0.1907 -0.5117 -0.5865
0.1907 -0.5117 -0.5865
0.2049 -0.5620 -0.6149
0.1823 -0.5858 -0.6188
0.1635 -0.6101 -0.7014
0.1600 -0.6561 -0.7745
0.1600 -0.6561 -0.7745
0.1748 -0.6454 -0.8395
0.1860 -0.6137 -0.9133
0.2002 -0.5981 -0.9593
0.2170 -0.5927 -0.9664
0.2263 -0.6290 -0.9700
0.2263 -0.6290 -0.9700
0.2094 -0.6875 -0.9748
0.1824 -0.7370 -0.9925
0.1530 -0.7762 -1.0208
0.1353 -0.7942 -1.0937
0.1241 -0.7688 -1.1366
0.1241 -0.7688 -1.1366
0.0847 -0.6413 -1.1621
0.0504 -0.4917 -1.0370
0.0864 -0.3943 -0.7915
0.1818 -0.4268 -0.5823
0.3000 -0.5231 -0.4555
0.3000 -0.5231 -0.4555
0.3586 -0.6041 -0.4110
0.3389 -0.6204 -0.5274
0.2880 -0.6048 -0.7755
0.2286 -0.5155 -0.9445
0.1640 -0.3571 -1.0105
0.1640 -0.3571 -1.0105
0.1228 -0.2823 -0.9608
0.1076 -0.2917 -0.9279
0.0813 -0.3462 -0.8915
0.0639 -0.4089 -0.8285
0.0395 -0.4302 -0.7325
0.0395 -0.4302 -0.7325
0.0021 -0.4645 -0.6727
-0.0454 -0.5180 -0.6792
-0.0764 -0.5522 -0.6785
-0.1015 -0.5645 -0.6823
-0.1015 -0.5645 -0.6823
-0.1165 -0.5639 -0.6830
-0.0938 -0.5523 -0.6992
-0.0664 -0.5443 -0.7413
-0.0469 -0.5506 -0.7829
-0.0290 -0.5906 -0.8360
-0.0290 -0.5906 -0.8360
-0.0224 -0.6976 -0.9747
-0.0925 -0.7319 -1.1448
-0.1853 -0.5946 -1.3125
-0.2751 -0.3291 -1.2606
-0.2950 -0.1036 -0.9974
-0.2950 -0.1036 -0.9974
-0.2061 -0.1442 -0.7919
-0.0658 -0.3006 -0.6601
0.0461 -0.4202 -0.4950
0.0252 -0.5160 -0.4798
0.0252 -0.5160 -0.4798
-0.0608 -0.6738 -0.6093
-0.1396 -0.7207 -0.7555
-0.1912 -0.6126 -0.8593
-0.1639 -0.4720 -0.8994
-0.0640 -0.4624 -0.8473
0.0464 -0.5425 -0.8599
0.1077 -0.5921 -0.8097
0.1290 -0.6174 -0.7886
0.1039 -0.6366 -0.7876
0.0673 -0.6343 -0.8160
0.0673 -0.6343 -0.8160
0.0629 -0.6064 -0.8507
0.0815 -0.5834 -0.9053
0.0951 -0.5401 -0.9472
0.1038 -0.4881 -0.9814
0.1027 -0.4543 -1.0187
0.0898 -0.4419 -1.0158
0.0784 -0.4573 -0.9854
0.0823 -0.5142 -0.9312
0.0927 -0.5568 -0.9396
0.0927 -0.5568 -0.9396
0.0703 -0.5535 -1.0001
0.0502 -0.5072 -1.0540
0.0616 -0.4637 -1.0771
0.1014 -0.4562 -1.0501
0.1317 -0.4044 -1.0365
0.1317 -0.4044 -1.0365
0.1402 -0.3461 -0.9717
0.1417 -0.3203 -0.8171
0.1585 -0.3501 -0.6691
0.2080 -0.3953 -0.5708
0.3364 -0.3902 -0.5317
0.3364 -0.3902 -0.5317
0.3181 -0.4167 -0.5570
0.2591 -0.4527 -0.3716
0.1428 -0.2514 -0.6141
0.0417 -0.4216 -0.5600
0.1172 -0.5557 -0.7448
0.1172 -0.5557 -0.7448
0.1728 -0.5496 -1.0538
0.1603 -0.4737 -1.2384
0.1303 -0.4086 -1.3158
0.0718 -0.4150 -1.2778
0.0329 -0.4593 -1.1290
0.0329 -0.4593 -1.1290
0.0115 -0.4998 -0.9953
0.0302 -0.5678 -0.9143
0.0024 -0.6183 -0.9044
-0.0610 -0.6538 -0.8967
-0.0610 -0.6538 -0.8967
-0.1128 -0.6472 -0.8529
-0.1246 -0.6185 -0.8984
-0.1443 -0.5592 -0.9189
-0.1660 -0.5238 -0.9062
-0.1834 -0.4948 -0.8757
-0.1834 -0.4948 -0.8757
-0.1685 -0.4761 -0.8678
-0.1669 -0.4464 -0.8589
-0.1632 -0.4059 -0.8536
-0.1311 -0.3919 -0.8663
-0.1156 -0.4010 -0.8328
-0.0933 -0.4008 -0.7799
-0.0542 -0.4062 -0.6946
-0.0059 -0.4418 -0.6610
0.0250 -0.4922 -0.6158
0.0400 -0.5192 -0.5878
0.0400 -0.5192 -0.5878
0.0367 -0.5264 -0.6133
0.0123 -0.5072 -0.6512
-0.0396 -0.5196 -0.7396
-0.0889 -0.5536 -0.7860
-0.1378 -0.5631 -0.8131
-0.1378 -0.5631 -0.8131
-0.1879 -0.5850 -0.8261
-0.2417 -0.6300 -0.8091
-0.2912 -0.6745 -0.7785
-0.3187 -0.7076 -0.7635
-0.3187 -0.7076 -0.7635
-0.3169 -0.7310 -0.7659
-0.3043 -0.7571 -0.7518
-0.2684 -0.7597 -0.7575
-0.2260 -0.7524 -0.7411
-0.1932 -0.7304 -0.7570
-0.1932 -0.7304 -0.7570
-0.1686 -0.7306 -0.7352
-0.1729 -0.7317 -0.6737
-0.1830 -0.7583 -0.6323
-0.1849 -0.7847 -0.5775
-0.1837 -0.7947 -0.5481
-0.1837 -0.7947 -0.5481
-0.1952 -0.8128 -0.5522
-0.2136 -0.8093 -0.5767
-0.2399 -0.7874 -0.6147
-0.2547 -0.7555 -0.6180
-0.2253 -0.7333 -0.6533
-0.2253 -0.7333 -0.6533
-0.1526 -0.6793 -0.6173
-0.1526 -0.6793 -0.6173
-0.0473 -0.6634 -0.5585
-0.0473 -0.6634 -0.5585
0.0005 -0.6691 -0.5237
0.0493 -0.6819 -0.5071
0.0836 -0.6945 -0.5118
0.1029 -0.7079 -0.5565
0.1118 -0.7068 -0.6202
0.1118 -0.7068 -0.6202
0.1023 -0.7018 -0.6918
0.0626 -0.7235 -0.7982
0.0141 -0.7333 -0.8945
-0.0295 -0.7397 -1.0238
-0.0445 -0.7643 -1.0678
-0.0445 -0.7643 -1.0678
-0.0278 -0.7626 -1.1267
-0.0189 -0.7254 -1.2017
-0.0518 -0.6411 -1.3195
-0.1269 -0.5224 -1.3291
-0.1735 -0.4314 -1.1787
-0.1735 -0.4314 -1.1787
-0.1107 -0.4119 -1.0275
-0.0163 -0.4601 -0.8857
0.0261 -0.4585 -0.8465
-0.0153 -0.4290 -0.9265
-0.1257 -0.3714 -1.0127
-0.1257 -0.3714 -1.0127
-0.2240 -0.3269 -1.1070
-0.2890 -0.2838 -1.0296
-0.2794 -0.2854 -0.9404
-0.2481 -0.3018 -0.8308
-0.2481 -0.3018 -0.8308
-0.2352 -0.2908 -0.6877
-0.2272 -0.3172 -0.5975
-0.2239 -0.3689 -0.5177
-0.2225 -0.4211 -0.5020
-0.2203 -0.4701 -0.5061
-0.2203 -0.4701 -0.5061
-0.2122 -0.4990 -0.5444
-0.1959 -0.5199 -0.6061
-0.1894 -0.5226 -0.6268
-0.2303 -0.5577 -0.6806
-0.2303 -0.5577 -0.6806
-0.2218 -0.5859 -0.6962
-0.2173 -0.6030 -0.7379
-0.2294 -0.6203 -0.7787
-0.2809 -0.6127 -0.9082
-0.3555 -0.6018 -0.9528
-0.3555 -0.6018 -0.9528
-0.3966 -0.5758 -0.9741
-0.4136 -0.5542 -1.0205
-0.4390 -0.4955 -1.0568
-0.4784 -0.3601 -1.1087
-0.4909 -0.2716 -1.0657
-0.4909 -0.2716 -1.0657
-0.4355 -0.2796 -0.9158
-0.3520 -0.3468 -0.8113
-0.3136 -0.4134 -0.7397
-0.3436 -0.4704 -0.7234
-0.3436 -0.4704 -0.7234
-0.3600 -0.4885 -0.8005
-0.3206 -0.4442 -0.7934
-0.2038 -0.4092 -0.7792
-0.0572 -0.4193 -0.7240
0.0409 -0.4632 -0.6653
0.0409 -0.4632 -0.6653
0.1048 -0.4971 -0.6532
0.1593 -0.5081 -0.6202
0.2057 -0.5369 -0.6629
0.2641 -0.5545 -0.7250
0.3048 -0.5272 -0.8489
0.3048 -0.5272 -0.8489
0.3256 -0.5141 -0.9910
0.3322 -0.4685 -1.0641
0.3224 -0.4037 -1.1128
0.2995 -0.3678 -1.1060
0.2651 -0.3963 -1.0922
0.2651 -0.3963 -1.0922
0.2160 -0.4507 -1.1168
0.1558 -0.5138 -1.1244
0.1001 -0.5945 -1.1505
0.0546 -0.6055 -1.1946
0.0424 -0.5130 -1.2631
0.0478 -0.3943 -1.2475
0.0934 -0.2903 -1.1377
0.1727 -0.2382 -0.9564
0.2468 -0.2787 -0.7670
0.2894 -0.3802 -0.6789
0.2894 -0.3802 -0.6789
0.2655 -0.4381 -0.6965
0.1991 -0.4284 -0.8254
0.1256 -0.3688 -0.9568
0.1052 -0.2932 -1.0661
0.1052 -0.2932 -1.0661
0.1018 -0.2420 -1.0554
0.0712 -0.2180 -0.9679
0.0294 -0.2537 -0.8815
-0.0105 -0.2883 -0.8111
-0.0424 -0.3197 -0.7342
-0.0424 -0.3197 -0.7342
-0.0678 -0.3577 -0.6649
-0.0872 -0.3869 -0.6535
-0.0965 -0.4198 -0.6585
-0.1151 -0.4192 -0.6755
-0.1210 -0.4083 -0.7055
-0.1210 -0.4083 -0.7055
-0.1161 -0.4010 -0.7442
-0.0991 -0.4091 -0.7558
-0.0760 -0.4176 -0.7820
-0.0698 -0.4212 -0.8295
-0.0906 -0.4265 -0.9211
-0.0906 -0.4265 -0.9211
-0.1301 -0.4523 -0.9795
-0.1612 -0.5119 -0.9980
-0.1840 -0.5353 -1.0773
-0.2131 -0.4720 -1.1907
-0.2131 -0.4720 -1.1907
-0.2426 -0.3517 -1.2193
-0.1988 -0.3179 -1.0806
-0.1046 -0.4188 -0.9774
-0.0541 -0.4999 -0.9561
-0.1364 -0.4951 -1.0185
-0.1364 -0.4951 -1.0185
-0.2663 -0.4877 -1.0137
-0.3142 -0.4546 -0.9569
-0.2418 -0.4262 -0.7799
-0.1161 -0.4616 -0.6448
-0.0293 -0.4801 -0.5163
0.0239 -0.4825 -0.4373
0.0499 -0.5098 -0.3925
0.0696 -0.5330 -0.3719
0.0909 -0.5376 -0.3892
0.1155 -0.5183 -0.4795
0.1155 -0.5183 -0.4795
0.1353 -0.4568 -0.6523
0.1563 -0.4350 -0.8746
0.1572 -0.3872 -1.0014
0.1610 -0.3898 -1.0907
0.1610 -0.3898 -1.0907
0.1542 -0.4432 -1.1549
0.1319 -0.4970 -1.1991
0.0820 -0.5239 -1.2003
-0.0151 -0.5523 -1.2264
-0.0757 -0.5821 -1.1965
-0.0757 -0.5821 -1.1965
-0.0713 -0.6195 -1.1670
-0.0374 -0.6111 -1.1447
-0.0206 -0.5931 -1.0814
0.0279 -0.5604 -1.0780
0.0540 -0.4176 -1.0358
0.0540 -0.4176 -1.0358
0.1035 -0.3338 -0.8985
0.1938 -0.3542 -0.7042
0.3081 -0.4328 -0.5798
0.3788 -0.4947 -0.5592
0.3687 -0.4764 -0.6899
0.3687 -0.4764 -0.6899
0.2612 -0.4022 -0.9403
0.1460 -0.2902 -1.1542
0.1001 -0.2070 -1.2134
0.1092 -0.1678 -1.0939
0.1103 -0.2276 -0.9688
0.1103 -0.2276 -0.9688
0.0720 -0.2813 -0.8468
0.0109 -0.3096 -0.7381
-0.0455 -0.3502 -0.6895
-0.0788 -0.4017 -0.6652
-0.0788 -0.4017 -0.6652
-0.0896 -0.4384 -0.6547
-0.0882 -0.4757 -0.6630
-0.0836 -0.4849 -0.7011
-0.0672 -0.4699 -0.7558
-0.0412 -0.4458 -0.8052
-0.0412 -0.4458 -0.8052
-0.0094 -0.4394 -0.8545
0.0214 -0.4277 -0.8702
0.0384 -0.4238 -0.8803
0.0100 -0.4344 -0.9130
-0.0406 -0.4348 -0.9373
-0.0406 -0.4348 -0.9373
-0.0946 -0.4293 -0.9786
-0.1378 -0.4727 -1.0284
-0.1681 -0.5530 -1.0492
-0.2296 -0.5858 -1.1146
-0.3201 -0.5529 -1.2063
-0.3201 -0.5529 -1.2063
-0.3878 -0.4488 -1.2065
-0.3976 -0.3546 -1.0253
-0.3135 -0.3804 -0.8007
-0.1857 -0.4962 -0.6910
-0.0849 -0.5502 -0.5948
-0.0849 -0.5502 -0.5948
-0.0181 -0.5677 -0.6184
-0.0113 -0.5392 -0.7214
0.0081 -0.4768 -0.8573
0.0737 -0.3896 -0.9216
0.0737 -0.3896 -0.9216
0.1740 -0.3332 -0.8564
0.3730 -0.3457 -0.7025
0.4043 -0.3689 -0.6911
0.3535 -0.4076 -0.7117
0.3535 -0.4076 -0.7117
0.2734 -0.4427 -0.7359
0.1986 -0.4676 -0.7879
0.1182 -0.4690 -0.8827
0.0294 -0.4431 -0.9512
-0.0562 -0.4012 -1.0632
-0.0562 -0.4012 -1.0632
-0.1329 -0.3724 -1.1532
-0.1915 -0.3435 -1.1519
-0.2139 -0.3431 -1.1463
-0.2413 -0.3478 -1.0574
-0.2450 -0.3547 -0.9616
-0.2450 -0.3547 -0.9616
-0.2304 -0.3723 -0.8934
-0.2082 -0.4022 -0.8862
-0.1648 -0.3897 -0.8895
-0.1207 -0.3636 -0.9088
-0.0706 -0.3686 -0.9230
-0.0706 -0.3686 -0.9230
-0.0304 -0.3975 -0.9124
-0.0096 -0.4391 -0.8829
0.0013 -0.4163 -0.9683
-0.0687 -0.3464 -1.1641
-0.0687 -0.3464 -1.1641
-0.1285 -0.2453 -1.1826
-0.1235 -0.1609 -0.9822
-0.0134 -0.1956 -0.8464
0.0912 -0.3067 -0.7589
0.1061 -0.3950 -0.8143
0.1061 -0.3950 -0.8143
0.0958 -0.3761 -0.8369
0.0474 -0.3436 -0.8998
0.0128 -0.3308 -0.9076
0.0176 -0.3513 -0.9549
0.0415 -0.3369 -0.9112
0.0415 -0.3369 -0.9112
0.0567 -0.3105 -0.9756
0.0707 -0.2847 -0.9766
0.0771 -0.2682 -0.9466
0.0564 -0.3137 -0.9293
0.0363 -0.3646 -0.9223
0.0363 -0.3646 -0.9223
0.0294 -0.3652 -0.8811
0.0361 -0.3750 -0.8970
0.0572 -0.3736 -0.9004
0.0905 -0.3362 -0.9259
0.1216 -0.3344 -0.9496
0.1216 -0.3344 -0.9496
0.1182 -0.3452 -0.9156
0.1033 -0.3658 -0.9197
0.1024 -0.3748 -0.9117
0.0984 -0.3407 -0.9007
0.0984 -0.3407 -0.9007
0.0911 -0.3334 -0.9081
0.0951 -0.3438 -0.8978
0.0931 -0.3498 -0.8808
0.0781 -0.3648 -0.9109
0.0609 -0.3737 -0.9206
0.0495 -0.3688 -0.9333
0.0365 -0.3799 -0.9262
0.0446 -0.3763 -0.8894
0.0647 -0.3795 -0.8966
0.0701 -0.3920 -0.9123
0.0701 -0.3920 -0.9123
0.0755 -0.3780 -0.9119
0.0723 -0.3710 -0.9102
0.0517 -0.3765 -0.8952
0.0357 -0.3688 -0.9034
0.0255 -0.3558 -0.8959
0.0255 -0.3558 -0.8959
0.0266 -0.3512 -0.9075
0.0352 -0.3627 -0.9125
0.0420 -0.3655 -0.9095
0.0434 -0.3745 -0.9023
0.0434 -0.3745 -0.9023
0.0432 -0.3832 -0.9141
0.0372 -0.3785 -0.9191
0.0412 -0.3598 -0.9318
0.0353 -0.3518 -0.9327
0.0250 -0.3616 -0.9410
0.0250 -0.3616 -0.9410
0.0174 -0.3544 -0.9344
0.0178 -0.3421 -0.9188
0.0121 -0.3343 -0.9311
0.0144 -0.3414 -0.9337
0.0129 -0.3282 -0.9120
0.0083 -0.3224 -0.8930
0.0083 -0.3224 -0.8930
0.0155 -0.3217 -0.8775
0.0163 -0.3234 -0.9036
0.0244 -0.3300 -0.9320
0.0244 -0.3300 -0.9320
0.0355 -0.3409 -0.9293
0.0301 -0.3470 -0.9295
0.0239 -0.3361 -0.9339
0.0152 -0.3350 -0.9395
0.0046 -0.3367 -0.9452
0.0046 -0.3367 -0.9452
0.0045 -0.3353 -0.9348
0.0107 -0.3340 -0.9140
0.0138 -0.3367 -0.9228
0.0079 -0.3323 -0.9378
0.0108 -0.3272 -0.9547
0.0108 -0.3272 -0.9547
0.0113 -0.3232 -0.9393
0.0131 -0.3290 -0.9257
0.0188 -0.3283 -0.9188
0.0234 -0.3267 -0.8949
0.0234 -0.3267 -0.8949
0.0081 -0.3285 -0.9412
0.0210 -0.3374 -0.9543
0.0312 -0.3240 -0.9494
0.0267 -0.3221 -0.9304
0.0222 -0.3261 -0.9385
0.0222 -0.3261 -0.9385
0.0231 -0.3200 -0.9334
0.0275 -0.3159 -0.9374
0.0241 -0.3206 -0.9445
0.0221 -0.3138 -0.9306
0.0242 -0.3129 -0.9194
0.0242 -0.3129 -0.9194
0.0242 -0.3073 -0.9114
0.0285 -0.3131 -0.9212
0.0227 -0.3229 -0.9347
0.0225 -0.3221 -0.9395
0.0308 -0.3160 -0.9348
0.0308 -0.3160 -0.9348
0.0262 -0.3138 -0.9359
0.0211 -0.3084 -0.9158
0.0162 -0.3287 -0.9497
0.0031 -0.3291 -0.9601
0.0031 -0.3291 -0.9601
0.0105 -0.3292 -0.9680
0.0317 -0.3205 -0.9574
0.0226 -0.3184 -0.9341
0.0344 -0.3084 -0.9234
0.0266 -0.3102 -0.9173
0.0266 -0.3102 -0.9173
0.0274 -0.3241 -0.9328
0.0281 -0.3236 -0.9390
0.0234 -0.3092 -0.9325
0.0172 -0.3123 -0.9126
0.0187 -0.3176 -0.9081
0.0187 -0.3176 -0.9081
0.0173 -0.3183 -0.9187
0.0265 -0.3174 -0.9343
0.0259 -0.3107 -0.9358
0.0128 -0.3156 -0.9421
0.0218 -0.3157 -0.9409
0.0218 -0.3157 -0.9409
0.0225 -0.3073 -0.9437
0.0177 -0.3136 -0.9460
0.0166 -0.3236 -0.9337
0.0232 -0.3241 -0.9252
0.0302 -0.3187 -0.9341
0.0302 -0.3187 -0.9341
0.0300 -0.3147 -0.9338
0.0209 -0.3119 -0.9359
0.0200 -0.3124 -0.9322
0.0219 -0.3166 -0.9293
0.0219 -0.3166 -0.9293
0.0225 -0.3183 -0.9352
0.0220 -0.3127 -0.9250
0.0246 -0.3119 -0.9245
0.0246 -0.3125 -0.9313
0.0287 -0.3139 -0.9325
0.0287 -0.3139 -0.9325
0.0297 -0.3164 -0.9408
0.0235 -0.3162 -0.9308
0.0167 -0.3221 -0.9272
0.0224 -0.3165 -0.9315
0.0220 -0.3170 -0.9315
0.0220 -0.3170 -0.9315
0.0214 -0.3173 -0.9391
0.0183 -0.3172 -0.9575
0.0217 -0.3057 -0.8793
0.0352 -0.3248 -0.9889
-0.0081 -0.3469 -0.9709
-0.0081 -0.3469 -0.9709

