0.0000 0.0000 0.0000
0.0000 0.0000 0.0000
0.0000 0.0000 0.0000
0.0000 0.0000 0.0000
0.0000 0.0000 0.0000
0.0000 0.0000 0.0000
0.0000 0.0000 0.0000
0.0000 0.0000 0.0000
0.0000 0.0000 0.0000
0.0000 0.0000 0.0000
0.0000 0.0000 0.0000
0.0000 0.0000 0.0000
0.0000 0.0000 0.0000
0.0000 0.0000 0.0000
0.0000 0.0000 0.0000
0.0000 0.0000 0.0000
0.0000 0.0000 0.0000
0.0000 0.0000 0.0000
0.0000 0.0000 0.0000
0.0000 0.0000 0.0000
0.0000 0.0000 0.0000
0.0000 0.0000 0.0000
0.0000 0.0000 0.0000
0.0000 0.0000 0.0000
0.0000 0.0000 0.0000
0.0000 0.0000 0.0000
0.0000 0.0000 0.0000
0.0000 0.0000 0.0000
0.0000 0.0000 0.0000
0.0000 0.0000 0.0000
0.0000 0.0000 0.0000
0.0000 0.0000 0.0000
0.0000 0.0000 0.0000
0.0000 0.0000 0.0000
0.0000 0.0000 0.0000
0.0000 0.0000 0.0000
0.0000 0.0000 0.0000
0.0000 0.0000 0.0000
0.0000 0.0000 0.0000
0.0000 0.0000 0.0000
0.0000 0.0000 0.0000
0.0000 0.0000 0.0000
0.0000 0.0000 0.0000
0.0000 0.0000 0.0000
0.0000 0.0000 0.0000
0.0000 0.0000 0.0000
0.0000 0.0000 0.0000
0.0000 0.0000 0.0000
0.0000 0.0000 0.0000
0.0000 0.0000 0.0000
0.0000 0.0000 0.0000
0.0000 0.0000 0.0000
0.0000 0.0000 0.0000
0.0000 0.0000 0.0000
0.0000 0.0000 0.0000
0.0000 0.0000 0.0000
0.0000 0.0000 0.0000
0.0000 0.0000 0.0000
0.0000 0.0000 0.0000
0.0000 0.0000 0.0000
0.0000 0.0000 0.0000
0.0000 0.0000 0.0000
0.0000 0.0000 0.0000
0.0000 0.0000 0.0000
0.0000 0.0000 0.0000
0.0000 0.0000 0.0000
0.0000 0.0000 0.0000
0.0000 0.0000 0.0000
0.0000 0.0000 0.0000
0.0017 -0.0024 -0.0102
0.0032 -0.0048 -0.0212
0.0045 -0.0073 -0.0331
0.0056 -0.0098 -0.0456
0.0067 -0.0123 -0.0585
0.0097 -0.0169 -0.0672
0.0166 -0.0257 -0.0665
0.0199 -0.0308 -0.0748
0.0221 -0.0348 -0.0863
0.0240 -0.0384 -0.0990
0.0260 -0.0417 -0.1125
0.0446 -0.0502 -0.1405
0.0990 -0.0698 -0.1989
0.1214 -0.0792 -0.2299
0.1336 -0.0853 -0.2523
0.1427 -0.0905 -0.2723
0.1511 -0.0954 -0.2919
0.1616 -0.0966 -0.3175
0.1770 -0.0910 -0.3562
0.1884 -0.0921 -0.3845
0.1987 -0.0955 -0.4100
0.2089 -0.0997 -0.4350
0.2192 -0.1044 -0.4602
0.2200 -0.1018 -0.4573
0.2002 -0.0833 -0.3943
0.1996 -0.0802 -0.3876
0.2051 -0.0822 -0.3990
0.2127 -0.0858 -0.4164
0.2212 -0.0900 -0.4361
0.2133 -0.0736 -0.4141
0.1704 -0.0153 -0.3036
0.1605 0.0015 -0.2769
0.1609 0.0051 -0.2772
0.1647 0.0045 -0.2861
0.1694 0.0027 -0.2980
0.1684 0.0159 -0.2818
0.1539 0.0597 -0.2040
0.1512 0.0729 -0.1840
0.1523 0.0766 -0.1825
0.1546 0.0772 -0.1869
0.1572 0.0769 -0.1934
0.1084 0.0474 -0.0796
-0.0378 -0.0391 0.2688
-0.0826 -0.0686 0.3786
-0.0955 -0.0802 0.4129
-0.0983 -0.0861 0.4232
-0.0981 -0.0903 0.4259
-0.0969 -0.0940 0.4260
-0.0925 -0.0464 0.4658
-0.0905 -0.0331 0.4775
-0.0893 -0.0307 0.4803
-0.0884 -0.0318 0.4801
-0.0877 -0.0341 0.4789
-0.0870 -0.0368 0.4772
-0.0821 -0.0224 0.4765
-0.0802 -0.0194 0.4750
-0.0792 -0.0202 0.4731
-0.0785 -0.0221 0.4709
-0.0778 -0.0243 0.4685
-0.0779 -0.0234 0.4661
-0.0796 -0.0156 0.4648
-0.0801 -0.0145 0.4628
-0.0801 -0.0155 0.4604
-0.0801 -0.0173 0.4578
-0.0801 -0.0192 0.4551
-0.0801 -0.0213 0.4521
-0.0800 -0.0136 0.4549
-0.0803 -0.0124 0.4540
-0.0807 -0.0133 0.4519
-0.0813 -0.0147 0.4493
-0.0819 -0.0164 0.4464
-0.0827 -0.0182 0.4433
-0.0786 -0.0182 0.4387
-0.0780 -0.0194 0.4353
-0.0786 -0.0209 0.4321
-0.0796 -0.0226 0.4288
-0.0807 -0.0244 0.4253
-0.0818 -0.0262 0.4217
-0.0789 -0.0268 0.4227
-0.0789 -0.0283 0.4206
-0.0797 -0.0302 0.4174
-0.0810 -0.0321 0.4137
-0.0824 -0.0341 0.4098
-0.0839 -0.0360 0.4057
-0.0802 -0.0354 0.4165
-0.0802 -0.0364 0.4173
-0.0814 -0.0379 0.4147
-0.0831 -0.0397 0.4109
-0.0851 -0.0415 0.4066
-0.0862 -0.0437 0.4053
-0.0852 -0.0465 0.4105
-0.0865 -0.0488 0.4089
-0.0886 -0.0508 0.4050
-0.0911 -0.0529 0.4002
-0.0937 -0.0549 0.3951
-0.0969 -0.0587 0.3909
-0.1011 -0.0659 0.3885
-0.1047 -0.0699 0.3837
-0.1081 -0.0729 0.3781
-0.1115 -0.0756 0.3721
-0.1151 -0.0780 0.3658
-0.1193 -0.0808 0.3603
-0.1247 -0.0841 0.3566
-0.1291 -0.0868 0.3506
-0.1333 -0.0894 0.3439
-0.1376 -0.0920 0.3367
-0.1419 -0.0944 0.3293
-0.1469 -0.0965 0.3237
-0.1530 -0.0978 0.3222
-0.1582 -0.0999 0.3162
-0.1632 -0.1023 0.3087
-0.1682 -0.1048 0.3005
-0.1733 -0.1074 0.2920
-0.1786 -0.1093 0.2847
-0.1842 -0.1096 0.2798
-0.1898 -0.1117 0.2721
-0.1956 -0.1142 0.2635
-0.2015 -0.1170 0.2543
-0.2076 -0.1198 0.2449
-0.2134 -0.1217 0.2363
-0.2186 -0.1217 0.2297
-0.2246 -0.1236 0.2207
-0.2311 -0.1262 0.2109
-0.2379 -0.1291 0.2007
-0.2449 -0.1320 0.1902
-0.2521 -0.1349 0.1795
-0.2559 -0.1333 0.1727
-0.2622 -0.1348 0.1630
-0.2694 -0.1372 0.1522
-0.2770 -0.1401 0.1409
-0.2848 -0.1431 0.1294
-0.2928 -0.1461 0.1175
-0.2952 -0.1449 0.1116
-0.3017 -0.1465 0.1014
-0.3095 -0.1491 0.0898
-0.3180 -0.1520 0.0775
-0.3267 -0.1550 0.0650
-0.3356 -0.1581 0.0522
-0.3372 -0.1545 0.0443
-0.3439 -0.1554 0.0329
-0.3524 -0.1577 0.0201
-0.3616 -0.1604 0.0068
-0.3711 -0.1633 -0.0069
-0.3808 -0.1662 -0.0209
-0.3828 -0.1615 -0.0291
-0.3902 -0.1620 -0.0415
-0.3994 -0.1641 -0.0552
-0.4094 -0.1667 -0.0696
-0.4197 -0.1695 -0.0843
-0.4303 -0.1725 -0.0993
-0.4319 -0.1677 -0.1070
-0.4398 -0.1681 -0.1199
-0.4498 -0.1703 -0.1344
-0.4606 -0.1731 -0.1497
-0.4718 -0.1760 -0.1654
-0.4832 -0.1791 -0.1813
-0.4874 -0.1748 -0.1883
-0.4968 -0.1755 -0.2016
-0.5080 -0.1778 -0.2171
-0.5200 -0.1805 -0.2334
-0.5323 -0.1835 -0.2501
-0.5430 -0.1843 -0.2644
-0.5502 -0.1807 -0.2735
-0.5613 -0.1815 -0.2883
-0.5736 -0.1837 -0.3050
-0.5865 -0.1863 -0.3226
-0.5997 -0.1890 -0.3407
-0.6130 -0.1919 -0.3590
-0.6183 -0.1868 -0.3655
-0.6292 -0.1871 -0.3802
-0.6420 -0.1891 -0.3977
-0.6555 -0.1917 -0.4163
-0.6694 -0.1945 -0.4353
-0.6813 -0.1954 -0.4510
-0.6889 -0.1925 -0.4593
-0.7012 -0.1937 -0.4752
-0.7151 -0.1963 -0.4937
-0.7297 -0.1993 -0.5131
-0.7447 -0.2026 -0.5331
-0.7600 -0.2060 -0.5533
-0.7658 -0.2032 -0.5580
-0.7782 -0.2047 -0.5734
-0.7930 -0.2076 -0.5925
-0.8087 -0.2108 -0.6129
-0.8247 -0.2142 -0.6339
-0.8391 -0.2162 -0.6496
-0.8500 -0.2153 -0.6542
-0.8649 -0.2172 -0.6705
-0.8812 -0.2201 -0.6907
-0.8982 -0.2233 -0.7122
-0.9155 -0.2267 -0.7344
-0.9318 -0.2290 -0.7500
-0.9460 -0.2292 -0.7522
-0.9629 -0.2318 -0.7683
-0.9810 -0.2354 -0.7888
-0.9996 -0.2396 -0.8108
-1.0187 -0.2444 -0.8333
-1.0376 -0.2487 -0.8484
-1.0556 -0.2518 -0.8488
-1.0757 -0.2584 -0.8637
-1.0967 -0.2671 -0.8831
-1.1183 -0.2772 -0.9041
-1.1401 -0.2882 -0.9259
-1.1632 -0.2986 -0.9408
-1.1885 -0.3066 -0.9416
-1.2117 -0.3151 -0.9581
-1.2343 -0.3227 -0.9802
-1.2568 -0.3291 -1.0046
-1.2792 -0.3344 -1.0302
-1.3047 -0.3387 -1.0476
-1.3362 -0.3420 -1.0479
-1.3620 -0.3455 -1.0660
-1.3861 -0.3491 -1.0897
-1.4099 -0.3527 -1.1154
-1.4336 -0.3564 -1.1418
-1.4575 -0.3603 -1.1685
-1.5034 -0.3617 -1.1572
-1.5350 -0.3648 -1.1717
-1.5622 -0.3684 -1.1945
-1.5880 -0.3722 -1.2201
-1.6137 -0.3761 -1.2469
-1.6502 -0.3801 -1.2597
-1.7084 -0.3845 -1.2442
-1.7454 -0.3887 -1.2579
-1.7760 -0.3929 -1.2810
-1.8046 -0.3970 -1.3072
-1.8328 -0.4013 -1.3347
-1.8610 -0.4056 -1.3628
-1.9374 -0.4103 -1.3301
-1.9821 -0.4148 -1.3386
-2.0168 -0.4194 -1.3603
-2.0486 -0.4240 -1.3863
-2.0797 -0.4287 -1.4138
-2.1215 -0.4332 -1.4264
-2.1846 -0.4371 -1.4089
-2.2268 -0.4408 -1.4226
-2.2626 -0.4436 -1.4463
-2.2967 -0.4456 -1.4735
-2.3307 -0.4466 -1.5022
-2.3736 -0.4462 -1.5187
-2.4337 -0.4441 -1.5107
-2.4789 -0.4425 -1.5285
-2.5199 -0.4410 -1.5549
-2.5603 -0.4394 -1.5844
-2.6009 -0.4380 -1.6150
-2.6504 -0.4359 -1.6319
-2.7166 -0.4323 -1.6211
-2.7670 -0.4315 -1.6389
-2.8127 -0.4319 -1.6661
-2.8571 -0.4332 -1.6963
-2.9013 -0.4351 -1.7278
-2.9455 -0.4375 -1.7598
-2.9898 -0.4403 -1.7923
-3.0341 -0.4435 -1.8251
-3.0783 -0.4470 -1.8582
-3.1225 -0.4507 -1.8916
-3.1667 -0.4547 -1.9253
-3.2108 -0.4589 -1.9591
-3.2550 -0.4635 -1.9931
-3.2993 -0.4684 -2.0272
-3.3437 -0.4735 -2.0615
-3.3882 -0.4788 -2.0958
-3.4329 -0.4843 -2.1303
-3.4778 -0.4901 -2.1649
-3.5229 -0.4960 -2.1997
-3.5682 -0.5020 -2.2347
-3.6136 -0.5081 -2.2700
-3.6593 -0.5141 -2.3055
-3.7052 -0.5202 -2.3413
-3.7514 -0.5263 -2.3772
-3.7978 -0.5324 -2.4135
-3.8445 -0.5384 -2.4501
-3.8914 -0.5443 -2.4870
-3.9386 -0.5503 -2.5241
-3.9860 -0.5563 -2.5615
-4.0339 -0.5625 -2.5991
-4.0821 -0.5687 -2.6369
-4.1306 -0.5751 -2.6749
-4.1795 -0.5816 -2.7131
-4.2287 -0.5882 -2.7515
-4.2782 -0.5949 -2.7902
-4.3281 -0.6017 -2.8292
-4.3783 -0.6085 -2.8685
-4.4288 -0.6154 -2.9082
-4.4797 -0.6224 -2.9481
-4.5309 -0.6294 -2.9884
-4.5824 -0.6364 -3.0290
-4.6343 -0.6436 -3.0699
-4.6865 -0.6509 -3.1111
-4.7391 -0.6582 -3.1526
-4.7921 -0.6656 -3.1945
-4.8454 -0.6731 -3.2367
-4.8991 -0.6806 -3.2792
-4.9532 -0.6882 -3.3221
-5.0077 -0.6958 -3.3653
-5.0625 -0.7034 -3.4089
-5.1177 -0.7111 -3.4528
-5.1733 -0.7188 -3.4970
-5.2293 -0.7266 -3.5416
-5.2857 -0.7344 -3.5865
-1.6626 -0.2298 -1.0527
-0.5186 -0.0714 -0.2530
-0.1580 -0.0220 -0.0011
-0.0441 -0.0069 0.0782
-0.0080 -0.0026 0.1032
0.0037 -0.0018 0.1110
0.0079 -0.0021 0.1134
0.0084 0.0001 0.1146
0.0094 0.0002 0.1151
0.0107 -0.0004 0.1154
0.0124 -0.0013 0.1157
0.0146 -0.0023 0.1161
0.0172 -0.0035 0.1165
0.0228 -0.0043 0.1168
0.0274 -0.0054 0.1172
0.0319 -0.0065 0.1176
0.0368 -0.0077 0.1180
0.0420 -0.0088 0.1183
0.0476 -0.0098 0.1185
0.0516 -0.0084 0.1173
0.0572 -0.0083 0.1168
0.0635 -0.0085 0.1163
0.0701 -0.0087 0.1156
0.0768 -0.0088 0.1147
0.0822 -0.0056 0.1132
0.0885 -0.0045 0.1118
0.0950 -0.0040 0.1103
0.1015 -0.0039 0.1087
0.1078 -0.0038 0.1070
0.1137 -0.0039 0.1053
0.1202 -0.0033 0.1049
0.1258 -0.0033 0.1038
0.1308 -0.0036 0.1023
0.1354 -0.0040 0.1008
0.1397 -0.0045 0.0992
0.1435 -0.0052 0.0977
0.1482 -0.0043 0.1017
0.1517 -0.0046 0.1022
0.1545 -0.0052 0.1017
0.1569 -0.0059 0.1008
0.1590 -0.0067 0.0998
0.1608 -0.0075 0.0987
0.1585 -0.0073 0.1021
0.1586 -0.0078 0.1027
0.1594 -0.0084 0.1022
0.1604 -0.0091 0.1015
0.1613 -0.0097 0.1007
0.1602 -0.0101 0.1009
0.1548 -0.0099 0.1032
0.1533 -0.0102 0.1035
0.1530 -0.0107 0.1032
0.1531 -0.0111 0.1027
0.1532 -0.0116 0.1020
0.1524 -0.0114 0.1019
0.1495 -0.0100 0.1028
0.1485 -0.0098 0.1028
0.1481 -0.0099 0.1024
0.1478 -0.0101 0.1019
0.1477 -0.0104 0.1014
0.1470 -0.0101 0.1014
0.1452 -0.0087 0.1025
0.1445 -0.0084 0.1026
0.1442 -0.0085 0.1023
0.1441 -0.0089 0.1019
0.1439 -0.0094 0.1016
0.1434 -0.0096 0.1017
0.1422 -0.0087 0.1027
0.1416 -0.0093 0.1030
0.1413 -0.0106 0.1033
0.1410 -0.0124 0.1036
0.1407 -0.0147 0.1042
0.1401 -0.0169 0.1051
0.1390 -0.0183 0.1067
0.1383 -0.0213 0.1079
0.1378 -0.0249 0.1090
0.1373 -0.0283 0.1098
0.1368 -0.0312 0.1102
0.1363 -0.0335 0.1103
0.1352 -0.0324 0.1121
0.1346 -0.0326 0.1122
0.1340 -0.0329 0.1119
0.1336 -0.0332 0.1113
0.1332 -0.0335 0.1107
0.1328 -0.0337 0.1101
0.1329 -0.0320 0.1117
0.1328 -0.0317 0.1121
0.1326 -0.0318 0.1121
0.1326 -0.0320 0.1119
0.1326 -0.0322 0.1117
0.1325 -0.0321 0.1119
0.1321 -0.0315 0.1133
0.1320 -0.0313 0.1136
0.1320 -0.0314 0.1135
0.1320 -0.0314 0.1132
0.1320 -0.0313 0.1129
0.1318 -0.0310 0.1130
0.1314 -0.0299 0.1141
0.1313 -0.0295 0.1142
0.1312 -0.0293 0.1140
0.1312 -0.0292 0.1137
0.1312 -0.0290 0.1134
0.1311 -0.0289 0.1135
0.1309 -0.0288 0.1144
0.1308 -0.0288 0.1146
0.1308 -0.0288 0.1145
0.1308 -0.0288 0.1145
0.1307 -0.0289 0.1144
0.1307 -0.0289 0.1145
0.1307 -0.0288 0.1152
0.1307 -0.0288 0.1154
0.1307 -0.0289 0.1154
0.1307 -0.0289 0.1153
0.1307 -0.0289 0.1151
0.1308 -0.0289 0.1152
0.1309 -0.0287 0.1158
0.1310 -0.0287 0.1160
0.1311 -0.0288 0.1159
0.1313 -0.0288 0.1158
0.1314 -0.0289 0.1157
0.1316 -0.0289 0.1158
0.1319 -0.0288 0.1166
0.1321 -0.0288 0.1168
0.1322 -0.0289 0.1167
0.1323 -0.0290 0.1167
0.1324 -0.0291 0.1166
0.1325 -0.0293 0.1167
0.1327 -0.0294 0.1175
0.1329 -0.0295 0.1177
0.1330 -0.0297 0.1177
0.1331 -0.0299 0.1176
0.1332 -0.0301 0.1175
0.1332 -0.0301 0.1177
0.1331 -0.0298 0.1182
0.1331 -0.0298 0.1183
0.1331 -0.0299 0.1183
0.1331 -0.0299 0.1182
0.1330 -0.0300 0.1181
0.1330 -0.0305 0.1185
0.1331 -0.0317 0.1199
0.1331 -0.0322 0.1203
0.1330 -0.0323 0.1204
0.1329 -0.0324 0.1204
0.1329 -0.0324 0.1203
0.1329 -0.0324 0.1203
0.1330 -0.0322 0.1206
0.1331 -0.0321 0.1207
0.1330 -0.0322 0.1207
0.1329 -0.0324 0.1206
0.1328 -0.0326 0.1206
0.1330 -0.0327 0.1204
0.1337 -0.0328 0.1199
0.1338 -0.0329 0.1197
0.1338 -0.0330 0.1195
0.1338 -0.0332 0.1194
0.1337 -0.0334 0.1194
0.1337 -0.0337 0.1194
0.1341 -0.0342 0.1196
0.1342 -0.0344 0.1196
0.1342 -0.0344 0.1196
0.1341 -0.0345 0.1195
0.1340 -0.0345 0.1194
0.1340 -0.0345 0.1194
0.1342 -0.0342 0.1194
0.1342 -0.0342 0.1193
0.1342 -0.0342 0.1192

