0.0000 0.0000 0.0000
0.0000 0.0000 0.0000
0.0000 0.0000 0.0000
0.0000 0.0000 0.0000
0.0000 0.0000 0.0000
0.0000 0.0000 0.0000
0.0000 0.0000 0.0000
0.0000 0.0000 0.0000
0.0000 0.0000 0.0000
0.0000 0.0000 0.0000
0.0000 0.0000 0.0000
0.0000 0.0000 0.0000
0.0000 0.0000 0.0000
0.0000 0.0000 0.0000
0.0000 0.0000 0.0000
0.0000 0.0000 0.0000
0.0000 0.0000 0.0000
0.0000 0.0000 0.0000
0.0000 0.0000 0.0000
0.0000 0.0000 0.0000
0.0000 0.0000 0.0000
0.0000 0.0000 0.0000
0.0000 0.0000 0.0000
0.0000 0.0000 0.0000
0.0000 0.0000 0.0000
0.0000 0.0000 0.0000
0.0000 0.0000 0.0000
0.0000 0.0000 0.0000
0.0000 0.0000 0.0000
0.0000 0.0000 0.0000
0.0000 0.0000 0.0000
0.0000 0.0000 0.0000
0.0000 0.0000 0.0000
0.0000 0.0000 0.0000
0.0000 0.0000 0.0000
0.0000 0.0000 0.0000
0.0000 0.0000 0.0000
0.0000 0.0000 0.0000
0.0000 0.0000 0.0000
0.0000 0.0000 0.0000
0.0000 0.0000 0.0000
0.0000 0.0000 0.0000
0.0000 0.0000 0.0000
0.0000 0.0000 0.0000
0.0000 0.0000 0.0000
0.0000 0.0000 0.0000
0.0000 0.0000 0.0000
0.0000 0.0000 0.0000
0.0000 0.0000 0.0000
0.0000 0.0000 0.0000
0.0000 0.0000 0.0000
0.0000 0.0000 0.0000
0.0000 0.0000 0.0000
0.0000 0.0000 0.0000
0.0000 0.0000 0.0000
0.0000 0.0000 0.0000
0.0000 0.0000 0.0000
0.0000 0.0000 0.0000
0.0000 0.0000 0.0000
0.0000 0.0000 0.0000
0.0000 0.0000 0.0000
0.0000 0.0000 0.0000
0.0000 0.0000 0.0000
0.0000 0.0000 0.0000
0.0000 0.0000 0.0000
0.0000 0.0000 0.0000
0.0000 0.0000 0.0000
0.0000 0.0000 0.0000
0.0000 0.0000 0.0000
0.0000 0.0000 0.0000
0.0000 0.0000 0.0000
0.0000 0.0000 0.0000
0.0000 0.0000 0.0000
0.0000 0.0000 0.0000
0.0000 0.0000 0.0000
0.0000 0.0000 0.0000
0.0000 0.0000 0.0000
0.0000 0.0000 0.0000
0.0000 0.0000 0.0000
0.0000 0.0000 0.0000
0.0000 0.0000 0.0000
-0.0066 -0.0041 -0.0006
-0.0135 -0.0083 -0.0010
-0.0209 -0.0120 -0.0016
-0.0289 -0.0150 -0.0027
-0.0376 -0.0172 -0.0043
0.0360 -0.0108 0.0136
0.0593 -0.0091 0.0198
0.0658 -0.0089 0.0223
0.0668 -0.0092 0.0238
0.0661 -0.0096 0.0253
0.0648 -0.0100 0.0270
0.0633 -0.0105 0.0290
0.0724 -0.0111 0.0341
0.0744 -0.0112 0.0371
0.0739 -0.0109 0.0395
0.0725 -0.0104 0.0416
0.0707 -0.0098 0.0436
0.0688 -0.0092 0.0454
0.0696 -0.0081 0.0507
0.0682 -0.0074 0.0535
0.0657 -0.0069 0.0554
0.0626 -0.0068 0.0569
0.0590 -0.0071 0.0585
0.0549 -0.0077 0.0600
0.0467 -0.0032 0.0556
0.0410 -0.0026 0.0550
0.0361 -0.0035 0.0558
0.0315 -0.0053 0.0570
0.0270 -0.0075 0.0585
0.0223 -0.0100 0.0601
0.0086 -0.0058 0.0581
0.0006 -0.0055 0.0583
-0.0057 -0.0063 0.0588
-0.0116 -0.0069 0.0594
-0.0173 -0.0073 0.0600
-0.0230 -0.0074 0.0606
-0.0276 -0.0058 0.0579
-0.0323 -0.0055 0.0579
-0.0370 -0.0058 0.0590
-0.0416 -0.0064 0.0609
-0.0463 -0.0071 0.0631
-0.0424 -0.0055 0.0641
-0.0444 -0.0051 0.0658
-0.0484 -0.0047 0.0675
-0.0533 -0.0039 0.0687
-0.0586 -0.0028 0.0695
-0.0641 -0.0014 0.0698
-0.0545 0.0035 0.0666
-0.0548 0.0057 0.0656
-0.0585 0.0066 0.0652
-0.0632 0.0067 0.0653
-0.0683 0.0061 0.0655
-0.0736 0.0050 0.0659
-0.0724 0.0027 0.0672
-0.0759 0.0006 0.0678
-0.0812 -0.0014 0.0682
-0.0872 -0.0035 0.0684
-0.0937 -0.0056 0.0685
-0.1003 -0.0076 0.0684
-0.0935 -0.0066 0.0691
-0.0958 -0.0072 0.0689
-0.1013 -0.0081 0.0682
-0.1080 -0.0088 0.0673
-0.1153 -0.0093 0.0664
-0.1174 -0.0082 0.0648
-0.1085 -0.0039 0.0621
-0.1098 -0.0024 0.0607
-0.1142 -0.0017 0.0595
-0.1195 -0.0012 0.0582
-0.1251 -0.0008 0.0567
-0.1311 -0.0003 0.0552
-0.1140 0.0042 0.0614
-0.1125 0.0056 0.0628
-0.1160 0.0058 0.0627
-0.1211 0.0056 0.0622
-0.1269 0.0054 0.0613
-0.1330 0.0054 0.0600
-0.1135 0.0093 0.0657
-0.1112 0.0108 0.0669
-0.1145 0.0114 0.0669
-0.1194 0.0115 0.0670
-0.1248 0.0112 0.0674
-0.1304 0.0106 0.0680
-0.1064 0.0125 0.0842
-0.1022 0.0130 0.0899
-0.1045 0.0132 0.0921
-0.1092 0.0135 0.0928
-0.1151 0.0136 0.0930
-0.1216 0.0135 0.0929
-0.1025 0.0165 0.0885
-0.1011 0.0165 0.0870
-0.1058 0.0151 0.0866
-0.1131 0.0129 0.0864
-0.1220 0.0105 0.0861
-0.1320 0.0081 0.0855
-0.1174 0.0088 0.0944
-0.1204 0.0073 0.0969
-0.1294 0.0051 0.0975
-0.1408 0.0027 0.0977
-0.1529 0.0004 0.0978
-0.1655 -0.0016 0.0978
-0.1519 0.0028 0.0907
-0.1651 0.0045 0.0861
-0.1651 0.0045 0.0861
-0.1763 0.0055 0.0843
-0.1881 0.0070 0.0824
-0.2000 0.0087 0.0805
-0.1777 0.0073 0.0775
-0.1778 0.0084 0.0754
-0.1846 0.0103 0.0736
-0.1931 0.0124 0.0720
-0.2016 0.0147 0.0707
-0.2096 0.0171 0.0695
-0.1920 0.0242 0.0639
-0.1910 0.0283 0.0612
-0.1951 0.0315 0.0594
-0.2006 0.0346 0.0579
-0.2064 0.0374 0.0565
-0.2122 0.0400 0.0555
-0.2179 0.0421 0.0547
-0.2235 0.0437 0.0541
-0.2293 0.0451 0.0537
-0.2352 0.0462 0.0533
-0.2092 0.0529 0.0628
-0.2045 0.0556 0.0659
-0.2066 0.0570 0.0670
-0.2110 0.0579 0.0675
-0.2163 0.0584 0.0679
-0.2219 0.0585 0.0684
-0.1991 0.0627 0.0683
-0.1953 0.0639 0.0689
-0.1974 0.0642 0.0695
-0.2012 0.0645 0.0699
-0.2056 0.0652 0.0701
-0.2100 0.0660 0.0701
-0.1825 0.0717 0.0653
-0.1761 0.0742 0.0638
-0.1764 0.0756 0.0634
-0.1790 0.0766 0.0632
-0.1822 0.0775 0.0631
-0.1857 0.0784 0.0628
-0.1600 0.0797 0.0610
-0.1539 0.0807 0.0601
-0.1541 0.0813 0.0596
-0.1566 0.0815 0.0591
-0.1602 0.0812 0.0587
-0.1641 0.0806 0.0582
-0.1432 0.0774 0.0581
-0.1385 0.0757 0.0578
-0.1386 0.0746 0.0577
-0.1400 0.0737 0.0578
-0.1418 0.0730 0.0581
-0.1436 0.0726 0.0584
-0.1293 0.0711 0.0610
-0.1256 0.0707 0.0620
-0.1255 0.0706 0.0624
-0.1266 0.0708 0.0624
-0.1281 0.0713 0.0622
-0.1298 0.0719 0.0618
-0.1192 0.0708 0.0647
-0.1169 0.0709 0.0653
-0.1172 0.0713 0.0653
-0.1183 0.0718 0.0650
-0.1198 0.0723 0.0646
-0.1214 0.0728 0.0642
-0.1054 0.0714 0.0640
-0.1012 0.0714 0.0635
-0.1008 0.0717 0.0629
-0.1015 0.0723 0.0622
-0.1026 0.0728 0.0614
-0.1038 0.0734 0.0606
-0.1050 0.0740 0.0598
-0.0966 0.0742 0.0608
-0.0946 0.0747 0.0607
-0.0945 0.0752 0.0604
-0.0951 0.0759 0.0599
-0.0960 0.0766 0.0593
-0.0891 0.0764 0.0588
-0.0875 0.0769 0.0582
-0.0877 0.0775 0.0575
-0.0885 0.0779 0.0570
-0.0893 0.0783 0.0566
-0.0902 0.0788 0.0559
-0.0843 0.0753 0.0583
-0.0830 0.0746 0.0584
-0.0830 0.0748 0.0579
-0.0835 0.0751 0.0573
-0.0841 0.0754 0.0567
-0.0848 0.0757 0.0562
-0.0826 0.0761 0.0568
-0.0823 0.0765 0.0567
-0.0827 0.0767 0.0563
-0.0832 0.0768 0.0559
-0.0837 0.0769 0.0556
-0.0842 0.0769 0.0553
-0.0815 0.0783 0.0553
-0.0809 0.0788 0.0550
-0.0811 0.0790 0.0546
-0.0816 0.0793 0.0541
-0.0822 0.0794 0.0536
-0.0827 0.0795 0.0532
-0.0758 0.0798 0.0529
-0.0739 0.0797 0.0526
-0.0736 0.0796 0.0524
-0.0737 0.0794 0.0522
-0.0741 0.0791 0.0519
-0.0744 0.0788 0.0516
-0.0705 0.0799 0.0516
-0.0694 0.0801 0.0515
-0.0693 0.0800 0.0514
-0.0694 0.0798 0.0511
-0.0696 0.0796 0.0509
-0.0699 0.0795 0.0506
-0.0635 0.0801 0.0521
-0.0616 0.0801 0.0525
-0.0612 0.0800 0.0526
-0.0612 0.0799 0.0525
-0.0614 0.0798 0.0523
-0.0617 0.0797 0.0521
-0.0571 0.0792 0.0535
-0.0559 0.0790 0.0538
-0.0557 0.0790 0.0538
-0.0560 0.0790 0.0535
-0.0563 0.0791 0.0532
-0.0568 0.0793 0.0528
-0.0544 0.0796 0.0527
-0.0540 0.0795 0.0527
-0.0542 0.0793 0.0526
-0.0545 0.0793 0.0523
-0.0550 0.0793 0.0520
-0.0555 0.0792 0.0517
-0.0547 0.0792 0.0515
-0.0548 0.0790 0.0513
-0.0552 0.0789 0.0511
-0.0558 0.0787 0.0510
-0.0565 0.0786 0.0508
-0.0572 0.0784 0.0506
-0.0580 0.0799 0.0457
-0.0584 0.0803 0.0440
-0.0587 0.0805 0.0433
-0.0589 0.0806 0.0428
-0.0593 0.0807 0.0423
-0.0597 0.0811 0.0416
-0.0604 0.0823 0.0377
-0.0608 0.0831 0.0357
-0.0612 0.0839 0.0343
-0.0618 0.0847 0.0331
-0.0624 0.0855 0.0319
-0.0631 0.0862 0.0307
-0.0627 0.0875 0.0306
-0.0631 0.0881 0.0300
-0.0639 0.0885 0.0293
-0.0647 0.0889 0.0284
-0.0654 0.0892 0.0276
-0.0661 0.0897 0.0268
-0.0663 0.0917 0.0261
-0.0667 0.0928 0.0254
-0.0674 0.0936 0.0246
-0.0682 0.0944 0.0238
-0.0690 0.0951 0.0229
-0.0699 0.0958 0.0219
-0.0669 0.0930 0.0308
-0.0663 0.0924 0.0333
-0.0666 0.0924 0.0339
-0.0671 0.0924 0.0338
-0.0678 0.0925 0.0335
-0.0686 0.0926 0.0331
-0.0697 0.0948 0.0363
-0.0707 0.0956 0.0370
-0.0716 0.0962 0.0369
-0.0725 0.0966 0.0364
-0.0735 0.0971 0.0359
-0.0745 0.0974 0.0353
-0.0730 0.0990 0.0376
-0.0732 0.0997 0.0380
-0.0739 0.1002 0.0378
-0.0748 0.1005 0.0375
-0.0757 0.1008 0.0372
-0.0745 0.1004 0.0370
-0.0680 0.0985 0.0373
-0.0664 0.0979 0.0372
-0.0664 0.0978 0.0370
-0.0668 0.0977 0.0367
-0.0674 0.0977 0.0365
-0.0680 0.0977 0.0362
-0.0633 0.0967 0.0368
-0.0621 0.0964 0.0369
-0.0620 0.0962 0.0368
-0.0623 0.0961 0.0366
-0.0628 0.0960 0.0365
-0.0633 0.0958 0.0363
-0.0613 0.0955 0.0367
-0.0613 0.0952 0.0366
-0.0621 0.0946 0.0363
-0.0632 0.0940 0.0359
-0.0645 0.0933 0.0355
-0.0658 0.0924 0.0352
-0.0647 0.0935 0.0338
-0.0650 0.0934 0.0332
-0.0657 0.0930 0.0328
-0.0665 0.0926 0.0325
-0.0674 0.0922 0.0322
-0.0683 0.0919 0.0320
-0.0686 0.0909 0.0317
-0.0691 0.0906 0.0314
-0.0698 0.0905 0.0309
-0.0704 0.0905 0.0305
-0.0710 0.0907 0.0301
-0.0716 0.0911 0.0296
-0.0690 0.0920 0.0294
-0.0686 0.0926 0.0289
-0.0691 0.0931 0.0283
-0.0697 0.0935 0.0277
-0.0706 0.0940 0.0269
-0.0715 0.0944 0.0262
-0.0665 0.0965 0.0258
-0.0655 0.0974 0.0253
-0.0657 0.0977 0.0248
-0.0663 0.0978 0.0242
-0.0669 0.0979 0.0238
-0.0675 0.0979 0.0233
-0.0655 0.0986 0.0231
-0.0653 0.0989 0.0227
-0.0658 0.0992 0.0223
-0.0666 0.0994 0.0217
-0.0674 0.0996 0.0214
-0.0682 0.0996 0.0212
-0.0688 0.0990 0.0210
-0.0696 0.0990 0.0206
-0.0703 0.0992 0.0203
-0.0710 0.0994 0.0199
-0.0717 0.0997 0.0196
-0.0723 0.0998 0.0194
-0.0689 0.1000 0.0194
-0.0682 0.1000 0.0195
-0.0683 0.0999 0.0195
-0.0686 0.0997 0.0196
-0.0692 0.0995 0.0196
-0.0699 0.0992 0.0196
-0.0649 0.0988 0.0211
-0.0637 0.0985 0.0214
-0.0638 0.0982 0.0215
-0.0643 0.0980 0.0214
-0.0650 0.0977 0.0213
-0.0659 0.0975 0.0212
-0.0627 0.0969 0.0226
-0.0622 0.0967 0.0229
-0.0626 0.0965 0.0227
-0.0633 0.0963 0.0225
-0.0641 0.0962 0.0224
-0.0648 0.0960 0.0222
-0.0626 0.0960 0.0228
-0.0622 0.0961 0.0228
-0.0624 0.0963 0.0227
-0.0625 0.0967 0.0226
-0.0625 0.0973 0.0224
-0.0624 0.0981 0.0222
-0.0607 0.1088 0.0370
-0.0600 0.1127 0.0415
-0.0596 0.1146 0.0429
-0.0593 0.1160 0.0431
-0.0590 0.1172 0.0429
-0.0587 0.1184 0.0426
-0.0537 0.1177 0.0439
-0.0523 0.1177 0.0443
-0.0521 0.1179 0.0443
-0.0524 0.1180 0.0442
-0.0529 0.1181 0.0440
-0.0534 0.1182 0.0437
-0.0524 0.1183 0.0423
-0.0525 0.1182 0.0417
-0.0530 0.1181 0.0414
-0.0536 0.1180 0.0411
-0.0542 0.1179 0.0409
-0.0549 0.1178 0.0407
-0.0551 0.1180 0.0405
-0.0556 0.1181 0.0402
-0.0562 0.1181 0.0399
-0.0568 0.1181 0.0396
-0.0575 0.1182 0.0392
-0.0582 0.1182 0.0389
-0.0575 0.1195 0.0375
-0.0577 0.1199 0.0369
-0.0581 0.1201 0.0365
-0.0587 0.1202 0.0361
-0.0592 0.1203 0.0358
-0.0597 0.1202 0.0355
-0.0586 0.1190 0.0385
-0.0585 0.1186 0.0393
-0.0588 0.1184 0.0394
-0.0592 0.1183 0.0392
-0.0596 0.1183 0.0390
-0.0601 0.1182 0.0387
-0.0591 0.1197 0.0381
-0.0591 0.1202 0.0378
-0.0594 0.1204 0.0376
-0.0597 0.1205 0.0374
-0.0601 0.1206 0.0372
-0.0605 0.1208 0.0369
-0.0584 0.1214 0.0377
-0.0580 0.1217 0.0379
-0.0581 0.1220 0.0378
-0.0585 0.1222 0.0376
-0.0589 0.1224 0.0375
-0.0594 0.1226 0.0374
-0.0556 0.1219 0.0392
-0.0547 0.1218 0.0398
-0.0547 0.1219 0.0399
-0.0551 0.1220 0.0399
-0.0555 0.1220 0.0399
-0.0560 0.1221 0.0399
-0.0552 0.1243 0.0395
-0.0553 0.1251 0.0394
-0.0556 0.1255 0.0393
-0.0559 0.1257 0.0393
-0.0564 0.1258 0.0393
-0.0568 0.1260 0.0392
-0.0557 0.1254 0.0412
-0.0557 0.1253 0.0418
-0.0559 0.1254 0.0420
-0.0563 0.1255 0.0421
-0.0567 0.1255 0.0421
-0.0572 0.1257 0.0421
-0.0545 0.1262 0.0416
-0.0539 0.1266 0.0414
-0.0540 0.1268 0.0413
-0.0544 0.1270 0.0412
-0.0548 0.1272 0.0412
-0.0553 0.1274 0.0411
-0.0540 0.1275 0.0413
-0.0538 0.1277 0.0414
-0.0540 0.1279 0.0414
-0.0544 0.1280 0.0414
-0.0548 0.1282 0.0414
-0.0553 0.1283 0.0415
-0.0549 0.1281 0.0424
-0.0551 0.1281 0.0427
-0.0554 0.1282 0.0427
-0.0559 0.1283 0.0428
-0.0563 0.1284 0.0428
-0.0568 0.1284 0.0427
-0.0565 0.1285 0.0442
-0.0567 0.1285 0.0448
-0.0571 0.1286 0.0450
-0.0576 0.1286 0.0451
-0.0581 0.1286 0.0451
-0.0586 0.1285 0.0452
-0.0570 0.1291 0.0452
-0.0567 0.1292 0.0453
-0.0570 0.1291 0.0454
-0.0574 0.1290 0.0455
-0.0579 0.1288 0.0455
-0.0585 0.1287 0.0456
-0.0560 0.1286 0.0460
-0.0555 0.1284 0.0463
-0.0556 0.1282 0.0464
-0.0560 0.1280 0.0466
-0.0564 0.1278 0.0467
-0.0569 0.1277 0.0468
-0.0545 0.1281 0.0467
-0.0540 0.1282 0.0467
-0.0541 0.1282 0.0468
-0.0544 0.1281 0.0469
-0.0548 0.1280 0.0470
-0.0552 0.1278 0.0471
-0.0530 0.1277 0.0473
-0.0525 0.1276 0.0474
-0.0526 0.1274 0.0476
-0.0529 0.1273 0.0477
-0.0532 0.1272 0.0479
-0.0535 0.1271 0.0479
-0.0482 0.1275 0.0469
-0.0468 0.1276 0.0466
-0.0465 0.1276 0.0466
-0.0467 0.1276 0.0466
-0.0470 0.1275 0.0466
-0.0474 0.1275 0.0467
-0.0471 0.1277 0.0466
-0.0472 0.1277 0.0466
-0.0474 0.1277 0.0466
-0.0478 0.1277 0.0466
-0.0481 0.1277 0.0466
-0.0485 0.1277 0.0466
-0.0478 0.1273 0.0474
-0.0478 0.1271 0.0477
-0.0480 0.1270 0.0479
-0.0483 0.1269 0.0480
-0.0487 0.1270 0.0480
-0.0492 0.1270 0.0480
-0.0485 0.1273 0.0477
-0.0485 0.1275 0.0476
-0.0487 0.1276 0.0476
-0.0491 0.1276 0.0476
-0.0494 0.1276 0.0477
-0.0498 0.1277 0.0476
-0.0484 0.1278 0.0473
-0.0481 0.1278 0.0472
-0.0483 0.1278 0.0472
-0.0485 0.1277 0.0473
-0.0488 0.1276 0.0472
-0.0492 0.1275 0.0473
-0.0482 0.1272 0.0476
-0.0481 0.1270 0.0477
-0.0482 0.1269 0.0477
-0.0485 0.1268 0.0477
-0.0488 0.1267 0.0477
-0.0491 0.1266 0.0477
-0.0485 0.1268 0.0473
-0.0484 0.1269 0.0472
-0.0486 0.1269 0.0471
-0.0488 0.1268 0.0471
-0.0491 0.1267 0.0471
-0.0493 0.1267 0.0470
-0.0476 0.1265 0.0474
-0.0472 0.1264 0.0475
-0.0472 0.1263 0.0476
-0.0473 0.1263 0.0475
-0.0475 0.1262 0.0475
-0.0477 0.1262 0.0474
-0.0469 0.1264 0.0473
-0.0467 0.1265 0.0472
-0.0468 0.1265 0.0472
-0.0470 0.1265 0.0471
-0.0472 0.1264 0.0471
-0.0474 0.1264 0.0471
-0.0468 0.1265 0.0473
-0.0467 0.1266 0.0473
-0.0468 0.1266 0.0473
-0.0470 0.1265 0.0472
-0.0472 0.1265 0.0472
-0.0474 0.1264 0.0471
-0.0472 0.1262 0.0478
-0.0472 0.1261 0.0480
-0.0474 0.1261 0.0480
-0.0476 0.1260 0.0479
-0.0479 0.1260 0.0479
-0.0481 0.1260 0.0478
-0.0470 0.1259 0.0480
-0.0468 0.1258 0.0481
-0.0469 0.1257 0.0481
-0.0471 0.1257 0.0481
-0.0474 0.1257 0.0480
-0.0477 0.1258 0.0479
-0.0468 0.1259 0.0481
-0.0467 0.1259 0.0481
-0.0468 0.1260 0.0481
-0.0469 0.1260 0.0480
-0.0472 0.1261 0.0480
-0.0474 0.1261 0.0479
-0.0468 0.1266 0.0481
-0.0468 0.1267 0.0481
-0.0469 0.1268 0.0480
-0.0471 0.1268 0.0480
-0.0473 0.1268 0.0479
-0.0476 0.1267 0.0478
-0.0463 0.1268 0.0481
-0.0460 0.1268 0.0482
-0.0461 0.1268 0.0482
-0.0462 0.1267 0.0481
-0.0464 0.1267 0.0480
-0.0466 0.1267 0.0478
-0.0462 0.1267 0.0477
-0.0462 0.1267 0.0475
-0.0464 0.1268 0.0474
-0.0465 0.1268 0.0472
-0.0468 0.1268 0.0470
-0.0471 0.1269 0.0468
-0.0471 0.1271 0.0462
-0.0473 0.1272 0.0459
-0.0475 0.1272 0.0457
-0.0478 0.1272 0.0455
-0.0481 0.1273 0.0453
-0.0484 0.1273 0.0450
-0.0466 0.1274 0.0459
-0.0462 0.1275 0.0461
-0.0462 0.1276 0.0460
-0.0464 0.1276 0.0458
-0.0466 0.1277 0.0456
-0.0469 0.1278 0.0454
-0.0462 0.1281 0.0450
-0.0462 0.1282 0.0448
-0.0463 0.1282 0.0446
-0.0466 0.1283 0.0444
-0.0468 0.1283 0.0442
-0.0471 0.1284 0.0440
-0.0466 0.1289 0.0437
-0.0466 0.1291 0.0435
-0.0467 0.1292 0.0433
-0.0469 0.1292 0.0431
-0.0472 0.1292 0.0430
-0.0474 0.1292 0.0428
-0.0463 0.1292 0.0434
-0.0461 0.1292 0.0436

