0.0000 0.0000 0.0000
0.0000 0.0000 0.0000
0.0000 0.0000 0.0000
0.0000 0.0000 0.0000
0.0000 0.0000 0.0000
0.0000 0.0000 0.0000
0.0000 0.0000 0.0000
0.0000 0.0000 0.0000
0.0000 0.0000 0.0000
0.0000 0.0000 0.0000
1.0607 -0.1463 -0.8021
0.8638 -0.1263 -0.6589
0.5704 -0.2410 -0.4807
0.5216 -0.4569 -0.5316
0.5780 -0.5393 -0.6006
0.7675 -0.6508 -0.7063
0.8562 -0.6824 -0.7095
0.9279 -0.6239 -0.6707
0.8370 -0.4208 -0.5236
0.5766 -0.2437 -0.3863
0.4037 -0.1755 -0.3462
0.2213 -0.1238 -0.3101
-0.2346 -0.2769 -0.2047
-0.3202 -0.4202 -0.1644
-0.3347 -0.5830 -0.0716
-0.2878 -0.5980 -0.0458
-0.2054 -0.5472 -0.0640
-0.5309 0.0422 -0.3321
-0.4505 -0.0888 -0.2833
-0.4095 -0.1595 -0.2626
-0.3796 -0.2191 -0.2405
-0.3741 -0.3315 -0.1545
-0.3723 -0.4068 -0.1003
-0.3426 -0.4749 -0.0544
-0.1707 -0.4703 -0.0007
0.0288 -0.3293 0.0150
0.0806 -0.2541 0.0139
0.0378 -0.2545 -0.0135
-0.0749 -0.4341 -0.0381
-0.1135 -0.5342 -0.0613
-0.1337 -0.5291 -0.1746
-0.1647 -0.3034 -0.3409
-0.1735 -0.0957 -0.4073
-0.1386 0.4251 -0.4373
-0.0799 0.6698 -0.3161
-0.0588 0.5889 -0.2435
-0.0656 0.2480 -0.1365
-0.0820 -0.1294 -0.0784
-0.0770 -0.3078 -0.0245
0.0333 -0.5261 0.0660
0.3791 -0.5163 0.0736
0.5326 -0.3942 0.0401
0.5539 -0.3704 0.0278
0.4774 -0.3263 0.0508
0.2964 -0.1705 0.0498
0.2164 -0.0855 0.0349
0.1636 0.0587 -0.0607
0.1875 0.0454 -0.0443
0.2157 0.0085 -0.0087
0.2659 0.0092 0.0737
0.2977 0.0856 0.1473
0.3070 0.1080 0.1761
0.3132 0.0652 0.2057
0.3262 0.0330 0.2125
0.3478 0.0538 0.2139
0.3816 0.0597 0.2075
0.3146 0.0763 0.2111
0.2282 0.0372 0.2101
0.0048 -0.2078 0.1700
-0.1759 -0.4234 0.0776
-0.1847 -0.4284 0.0254
0.0002 -0.1347 -0.0538
0.2699 0.3088 -0.0665
0.3328 0.4213 -0.0290
0.2826 0.3145 0.0602
0.1189 0.0396 0.0627
-0.0082 -0.1266 0.0124
-0.3347 -0.4059 -0.1589
-0.5083 -0.4963 -0.2523
-0.8050 -0.6549 -0.3961
-0.7595 -0.6274 -0.4542
-0.5649 -0.3907 -0.4716
-0.0821 0.0956 -0.4732
0.1731 0.1824 -0.3654
0.2043 0.1432 -0.2891
0.2011 0.0941 -0.1851
0.2185 0.0354 -0.1859
0.2403 -0.0081 -0.2142
0.2260 -0.1705 -0.3038
0.1959 -0.3393 -0.3413
0.2163 -0.3613 -0.3272
0.3166 -0.3462 -0.2804
0.3757 -0.3249 -0.2677
0.3672 -0.2868 -0.2819
0.2674 -0.2395 -0.3478
0.1553 -0.1865 -0.4061
0.1253 -0.1216 -0.4126
0.1454 0.1414 -0.3499
0.2350 0.3674 -0.2072
0.2680 0.3821 -0.1258
0.3082 0.1708 0.0308
0.3218 -0.1280 0.1339
0.3188 -0.2006 0.1405
0.2574 -0.1429 0.0582
0.1813 -0.0804 0.0013
-0.0507 -0.0037 -0.0575
-0.3312 -0.0915 -0.0445
-0.4421 -0.1329 -0.0313
-0.5520 -0.1761 0.0199
-0.4578 -0.1278 0.1171
-0.3315 -0.0404 0.1659
0.0316 0.2081 0.2674
0.3671 0.2486 0.3446
0.4529 0.1931 0.3530
0.4410 0.0881 0.2774
0.2644 0.1077 0.1199
0.1449 0.1360 0.0520
-0.0996 0.1002 -0.0248
-0.2348 -0.0300 -0.0074
-0.2449 -0.0950 0.0151
-0.1750 -0.2263 0.0659
0.0073 -0.1818 0.1373
0.1424 -0.0534 0.1705
0.4319 0.2599 0.2406
0.6150 0.4370 0.2486
0.6246 0.4496 0.2463
0.5349 0.3641 0.2147
0.3668 0.2304 0.1620
0.2705 0.1546 0.1325
0.0572 0.0263 0.0569
-0.1106 0.0420 0.0165
-0.1493 0.0571 0.0204
-0.1494 0.0053 0.0551
-0.1064 -0.0373 0.0732
-0.0315 -0.1225 0.0674
-0.1059 -0.1879 0.0128
-0.1897 -0.1997 -0.0150
-0.2904 -0.1134 -0.0411
-0.1503 0.1060 -0.0282
-0.0056 0.1828 0.0025
0.3048 0.1007 0.0974
0.4677 -0.2086 0.1421
0.4992 -0.3519 0.1213
0.4486 -0.4430 -0.0555
0.2532 -0.3358 -0.2608
0.1640 -0.2263 -0.3241
0.1216 0.2017 -0.3455
0.2571 0.5466 -0.3128
0.3367 0.5592 -0.2729
0.3676 0.2920 -0.1649
0.1481 -0.0905 -0.0478
-0.0310 -0.2027 0.0106
-0.2972 -0.1604 0.0908
-0.1865 0.1906 0.1562
0.0109 0.4219 0.1890
0.4466 0.6163 0.2414
0.6232 0.4097 0.2893
0.5695 0.2138 0.2902
0.2389 -0.1270 0.2014
0.0333 -0.1875 0.1266
-0.2620 -0.0915 0.0075
-0.2682 0.0070 -0.0320
-0.1645 0.0074 -0.0213
0.1229 -0.0205 0.0259
0.3249 -0.0273 0.0918
0.3451 -0.0342 0.1275
0.2001 -0.0186 0.1739
-0.1654 0.0590 0.2010
-0.3888 0.1028 0.2168
-0.7949 0.1076 0.2992
-1.0264 0.0028 0.4603
-1.0164 -0.0131 0.5691
-0.7766 0.3048 0.7185
-0.6133 0.7051 0.7818
-0.6918 0.7933 0.8875
-0.7746 0.7035 0.9655
-0.8708 0.4880 0.9583
-0.8880 0.4162 0.8504
-0.9240 0.3053 0.6244
-0.9233 0.3423 0.5307
-0.8529 0.5216 0.5251
-0.5310 1.0264 0.5656
-0.0477 1.3548 0.6502
0.1563 1.3380 0.6881
0.4230 0.4501 0.7685
0.4825 0.1268 0.8196
0.5203 -0.0613 0.8786
0.4783 -0.0953 0.8941
0.3884 -0.0561 0.8177
0.2392 0.0351 0.5302
0.2888 0.1047 0.2638
0.3818 0.0914 0.2054
0.6273 -0.2096 0.1699
0.9388 -0.4488 0.1790
1.0470 -0.5438 0.1317
1.0490 -0.5858 -0.0274
0.8687 -0.4500 -0.1157
0.7267 -0.2745 -0.1042
0.4770 0.0154 -0.0086
0.2926 0.2851 0.0628
0.2430 0.3538 0.0498
0.2279 0.2822 -0.0091
0.2302 0.1848 -0.0008
0.2241 0.1541 0.0170
0.1726 0.1792 0.0303
0.0761 0.2905 0.0388
0.0052 0.4169 0.0446
-0.3420 0.4684 0.2448
-0.4405 0.4275 0.2046
-0.2819 0.3213 0.0805
0.1395 -0.0057 -0.0816
0.4027 -0.0713 -0.0934
0.4234 -0.0323 -0.0646
0.3094 0.0702 0.0039
0.1827 0.0952 0.0135
0.1221 0.0844 0.0318
0.0778 0.1168 0.0296
0.0874 0.1008 0.0177
0.1246 0.0606 0.0531
0.1883 0.0671 0.1284
0.1939 0.0339 0.1490
0.1025 0.0646 0.2408
-0.0908 -0.0664 0.3632
-0.1397 -0.0915 0.4078
-0.0730 -0.2246 0.3532
0.0137 -0.2348 0.1687
-0.0079 -0.1977 0.0751
-0.2022 -0.1337 -0.0697
-0.4147 -0.0740 -0.1546
-0.4210 -0.1324 -0.1650
-0.2500 -0.1439 -0.2149
-0.0685 -0.0629 -0.2727
-0.0278 -0.0335 -0.2455
-0.0345 -0.0098 -0.1273
0.0352 -0.0579 -0.0324
0.1250 -0.0908 -0.0244
0.2716 -0.1287 -0.0274
0.2891 -0.1479 0.0027
0.2495 -0.1164 0.0077
0.1545 -0.0360 0.0169
0.1013 -0.0265 0.0190
0.1009 -0.0542 0.0204
0.1406 -0.1136 0.0303
0.1942 -0.1205 0.0363
0.2140 -0.1090 0.0260
0.2486 -0.0828 0.0138
0.2360 -0.0932 0.0037
0.1929 -0.1091 0.0052
0.1873 -0.0792 -0.0120
0.2160 -0.0298 0.0020
0.1647 -0.0484 0.0005
0.1168 -0.0272 0.0012
0.0864 -0.0061 0.0081
0.1088 -0.0105 0.0320
0.2023 -0.0516 0.0479
0.2462 -0.0630 0.0544
0.2987 -0.1144 0.0589
0.1108 -0.4034 0.0463
-0.0181 -0.3711 0.0448
0.0156 0.0311 -0.0033
0.1789 0.0850 -0.0405
0.2239 0.1108 -0.0278
0.2502 0.1695 -0.0549
0.1338 0.1565 -0.0523
0.0465 0.1373 -0.0430
-0.0694 0.2069 -0.0215
-0.0851 0.2184 -0.0007
-0.0511 0.1809 -0.0126
0.0358 0.1422 -0.0167
0.0250 0.1080 -0.0055
-0.0008 0.1015 -0.0056
-0.0553 0.1634 -0.0299
-0.0639 0.1942 -0.0362
-0.0529 0.1883 -0.0408
0.0102 0.0730 -0.0373
0.0473 0.0226 -0.0399
0.0728 0.0028 -0.0415
0.0410 0.0185 -0.0397
0.0226 0.0288 -0.0502
0.0030 0.0384 -0.0474
-0.0203 0.0025 -0.0292
-0.0331 -0.0204 -0.0247
-0.0475 -0.0266 -0.0137
-0.0311 -0.0395 -0.0218
-0.0248 -0.0537 -0.0242
-0.0269 -0.0382 -0.0379
-0.0393 -0.0242 -0.0391
-0.0329 -0.0196 -0.0382
0.0019 -0.0023 -0.0401
0.0213 -0.0158 -0.0320
0.0199 -0.0207 -0.0307
0.0023 -0.0063 -0.0326
-0.0335 -0.0192 -0.0280
-0.0351 -0.0342 -0.0197
0.0178 -0.0476 -0.0142
0.0650 -0.0387 -0.0230
0.0622 -0.0253 -0.0177
0.0364 -0.0014 -0.0041
0.0480 -0.0114 0.0034
0.0739 -0.0273 0.0066
0.1392 -0.0689 0.0119
0.1564 -0.0916 0.0117
0.1497 -0.0971 0.0253
-0.0673 -0.2186 0.0234
-0.1177 -0.0613 0.0252
0.0166 0.1903 -0.0091
0.1496 0.1736 -0.0085
0.1367 0.1684 -0.0102
-0.0549 0.1841 0.0132
-0.2020 0.2679 0.0326
-0.2107 0.3368 0.0278
-0.1913 0.4039 0.0304
-0.2066 0.3950 0.0438
-0.2305 0.3583 0.0497
-0.2803 0.3396 0.0278
-0.3209 0.3480 -0.0685
-0.3319 0.3745 -0.1078
-0.3360 0.4068 -0.1068
-0.3114 0.4180 -0.0485
-0.2631 0.3403 -0.0110
-0.1016 0.2080 -0.0337
0.0367 0.0499 -0.0884
0.0739 0.0212 -0.0811
0.0717 -0.0009 -0.0047
0.0638 0.0568 0.0814
0.0544 0.0973 0.1000
0.0156 0.2493 0.1070
-0.0878 0.2724 0.0989
-0.1206 0.1869 0.1196
-0.0680 0.1429 0.1149
-0.0112 0.1518 0.0788
0.0665 0.1288 -0.0196
0.0688 0.0824 -0.0564
0.0860 0.0886 -0.1042
0.2101 0.1904 -0.1075
0.1852 0.1227 0.0144
0.1678 0.0909 0.0538
0.1694 0.1038 0.0635
0.1671 0.1092 0.0662
0.1479 0.1046 0.0456
0.0644 0.1187 -0.0036
-0.0292 0.0998 0.0322
-0.0427 0.0979 0.0403
-0.0449 0.1687 0.0303
-0.0044 0.1080 0.0490
0.0112 0.0925 0.0631
0.0353 0.0801 0.0622
0.0807 0.1016 0.0524
0.1097 0.0860 0.0459
0.1176 0.0379 0.0276
0.0663 0.0100 0.0438
0.0681 0.0479 0.0294
0.0618 0.0465 0.0244
0.0812 0.0278 0.0231
0.0763 0.0262 0.0198
0.0488 0.0327 0.0344
0.0410 0.0398 0.0349
0.0504 0.0574 0.0294
0.0436 0.0083 0.0275
0.0321 -0.0093 0.0341
0.0186 -0.0059 0.0353
0.0171 0.0227 0.0188
0.0151 0.0407 0.0178
0.0374 0.0763 0.0157
0.0427 0.0712 0.0251
0.0272 0.0639 0.0291
-0.0187 0.0444 0.0296
-0.0336 0.0547 0.0128
-0.0397 0.0837 0.0309
0.0138 0.0114 0.0487
-0.0156 0.0790 0.1826
-0.0480 0.0891 0.2438
-0.0174 0.0026 0.2424
-0.0435 -0.0686 0.2225
-0.1003 -0.1026 0.2557
-0.1572 -0.1452 0.2570
-0.0277 -0.0416 0.1020
0.0199 -0.0055 0.0320
-0.0625 -0.0378 0.0857
-0.1646 -0.0962 0.1378
-0.1080 -0.0637 0.0912
0.0980 -0.0111 0.0007
0.1439 -0.0143 -0.0011
0.1109 -0.1015 0.0173
0.1274 -0.1285 -0.0355
0.1738 -0.1495 -0.0714
0.2748 -0.2438 -0.0886
0.2852 -0.2271 -0.0453
0.2537 -0.2364 -0.0196
0.2418 -0.3121 0.0084
0.3341 -0.3067 -0.0083
0.3643 -0.2999 0.0064
0.3456 -0.3391 0.0539
0.3164 -0.3375 0.0821
0.2902 -0.3038 0.0975
0.2087 -0.2880 0.0982
0.1819 -0.2578 0.0446
0.1891 -0.2419 0.0110
0.1735 -0.2250 -0.0117
0.1755 -0.2001 -0.0009
0.1845 -0.1948 0.0048
0.2040 -0.2228 0.0173
0.1361 -0.3810 0.0387
-0.0533 -0.4589 0.0300
-0.0697 -0.1007 0.0118
0.0489 -0.0002 -0.0042
0.0810 0.0167 -0.0145
0.1282 0.0769 -0.0208
0.1103 0.1181 -0.0616
0.0555 0.1280 -0.0830
-0.1108 0.1521 -0.0944
-0.2534 0.2189 -0.0672
-0.2757 0.2900 -0.0933
-0.2750 0.3018 -0.1089
-0.2816 0.2879 -0.1140
-0.3127 0.2656 -0.0871
-0.3096 0.2497 -0.0654
-0.2914 0.2113 -0.0614
-0.2370 0.1955 -0.0663
-0.2264 0.2086 -0.0621
-0.2282 0.1879 -0.0484
-0.2092 0.1786 -0.0163
-0.1813 0.1259 0.0036
-0.1436 0.0798 0.0121
-0.0685 0.0334 0.0042
-0.0469 0.0227 0.0071
-0.0605 0.0262 0.0010
-0.0946 0.0575 -0.0170
-0.1130 0.0834 -0.0325
-0.1224 0.0676 -0.0321
-0.1021 0.0627 -0.0303
-0.0276 0.0999 -0.1066
0.0034 0.0990 -0.1535
0.0371 0.0313 -0.1985
0.0284 -0.0911 -0.2024
0.0335 -0.0954 -0.1867
0.0700 -0.0470 -0.1412
0.1316 -0.0294 -0.1195
0.1621 -0.0335 -0.1317
0.2258 -0.0707 -0.1452
0.2178 0.1038 -0.1692
0.1174 0.1742 -0.0865
-0.0612 0.2543 0.0927
-0.0781 0.2032 0.1230
0.0051 0.1221 0.1039
0.0936 0.0979 -0.0034
0.0917 0.0839 -0.0456
0.0036 0.1435 -0.0271
-0.0368 0.2089 0.0335
-0.0209 0.2007 0.0281
-0.0185 0.1378 -0.0077
-0.0463 0.1383 0.0067
-0.0383 0.1629 0.0054
0.0131 0.1256 0.0053
0.0382 0.0428 0.0313
0.0516 0.0165 0.0406
0.0655 -0.0139 0.0307
0.0113 -0.0226 0.0190
-0.0173 -0.0092 0.0188
-0.0240 0.0739 0.0297
0.0532 0.0855 0.0464
0.0848 0.0555 0.0414
0.0486 -0.0176 0.0325
0.0048 -0.0228 0.0175
0.0119 -0.0255 0.0082
0.0450 -0.0552 0.0138
0.0697 -0.0282 -0.0024
0.0686 -0.0324 -0.0140
0.0473 -0.0995 -0.0151
0.0552 -0.1251 -0.0131
0.0741 -0.1109 -0.0183
0.0818 -0.0648 -0.0072
0.0751 -0.0536 -0.0023
0.0545 -0.0148 0.0038
0.0599 0.0048 -0.0015
0.0740 0.0267 -0.0081
0.0673 0.0239 -0.0060
0.0818 0.0324 -0.0105
0.1029 0.0234 -0.0159
0.1142 -0.0025 -0.0107
0.0849 -0.0033 -0.0029
0.0697 0.0074 0.0063
0.0567 0.0371 -0.0036
0.0551 0.0024 0.0074
0.0653 -0.0150 0.0043
0.0789 0.0007 -0.0106
0.0812 0.0308 -0.0082
0.0649 0.0362 -0.0106
0.0276 0.0087 0.0041
0.0285 -0.0123 0.0182
0.0503 0.0074 0.0110
0.0749 0.0456 -0.0076
0.0598 0.0179 -0.0001
0.0558 0.0042 0.0050
0.0526 0.0094 0.0068
0.0719 0.0014 0.0085
0.0792 -0.0100 0.0102
0.0541 0.0099 0.0035
0.0349 0.0230 -0.0003
0.0304 0.0151 0.0005
0.0611 0.0159 -0.0047
0.0727 0.0084 -0.0004
0.0787 -0.0148 0.0159
0.0642 -0.0043 0.0197
0.0605 0.0007 0.0209
0.0743 -0.0061 0.0194
0.0722 -0.0066 0.0100
0.0768 0.0089 0.0061
0.0763 0.0488 0.0018
0.0731 0.0360 0.0009
0.0744 0.0157 0.0045
0.0676 0.0012 0.0009
0.0315 0.0154 -0.0038
0.0214 0.0156 0.0038
0.0348 0.0003 0.0125
0.0393 -0.0062 0.0121
0.0470 0.0088 0.0065
0.0675 0.0225 0.0056
0.0514 0.0241 0.0148
0.0355 0.0204 0.0170
0.0107 0.0146 0.0238
0.0238 -0.0095 0.0298
0.0381 -0.0093 0.0309
0.0187 0.0014 0.0217
0.0022 0.0148 0.0233
-0.0054 0.0098 0.0101
0.0035 0.0270 0.0146
0.0101 0.0244 0.0142
0.0015 0.0246 0.0146
-0.0155 0.0056 0.0127
-0.0193 0.0051 0.0137
-0.0162 0.0128 0.0089
-0.0207 0.0240 0.0138
-0.0264 0.0276 0.0147
-0.0153 0.0354 0.0199
0.0023 0.0435 0.0105
-0.0031 0.0460 0.0061
-0.0056 0.0312 0.0104
0.0098 0.0393 0.0107
0.0150 0.0343 0.0126
0.0020 0.0254 0.0193
-0.0127 0.0274 0.0202
-0.0144 0.0319 0.0205
-0.0175 0.0159 0.0229
-0.0205 -0.0019 0.0184
-0.0224 -0.0004 0.0179
-0.0172 0.0146 0.0121
0.0001 0.0313 0.0057
0.0054 0.0215 0.0066
0.0044 0.0049 0.0032
0.0124 0.0066 0.0006
0.0269 0.0223 0.0022
0.0342 0.0089 0.0052
0.0258 0.0050 0.0093
0.0172 -0.0009 0.0137
0.0294 -0.0033 -0.0013
0.0254 -0.0163 -0.0010
0.0002 -0.0148 -0.0071
0.0313 0.0202 -0.0078
0.0520 0.0118 -0.0093
0.0885 -0.1594 -0.0174
0.0349 -0.0489 -0.0104
-0.0117 0.0431 -0.0123
0.0007 0.0414 -0.0032
0.0016 -0.0025 0.0343
0.0017 0.0058 0.0366
0.0189 0.0298 0.0428
0.0469 -0.0085 0.0496
0.0578 0.0123 0.0492
0.0147 0.0500 0.0416
-0.0139 0.0460 0.0295
0.0116 0.0592 0.0114
0.0645 0.0049 0.0003
0.0349 -0.0355 0.0107
0.0043 -0.0141 0.0025
-0.0100 0.0398 0.0033
0.0298 0.0322 0.0076
0.0293 0.0137 0.0139
-0.0129 0.0065 0.0103
-0.0421 0.0379 0.0037
-0.0248 0.0336 0.0060
0.0044 -0.0119 0.0056
0.0033 0.0019 0.0041
0.0053 0.0310 0.0044
0.0145 0.0427 0.0095
0.0106 0.0370 0.0099
-0.0042 0.0203 0.0071
-0.0126 -0.0023 0.0059
-0.0136 -0.0050 0.0022
-0.0033 0.0040 -0.0083
0.0029 -0.0041 -0.0083
0.0043 -0.0040 -0.0067
0.0104 0.0117 -0.0052
-0.0024 -0.0072 -0.0078
-0.0081 -0.0136 -0.0053
0.0089 -0.0059 -0.0046
0.0138 0.0109 -0.0016
0.0178 0.0079 -0.0032
0.0088 -0.0135 -0.0005
0.0058 0.0110 -0.0081
0.0121 0.0220 -0.0125
0.0154 0.0064 -0.0041
0.0037 0.0078 0.0045
0.0083 0.0209 0.0059
0.0305 0.0109 0.0057
0.0053 -0.0215 -0.0035
-0.0230 -0.0282 -0.0095
-0.0029 0.0118 -0.0168
0.0289 0.0124 -0.0161
0.0470 0.0094 -0.0026
0.0069 0.0148 0.0045
-0.0010 0.0141 0.0073
0.0143 -0.0116 0.0011
0.0347 0.0042 -0.0051
0.0390 0.0140 -0.0026
0.0273 0.0166 0.0005
-0.0075 0.0271 0.0021
-0.0160 0.0275 0.0053
0.0097 -0.0119 0.0037
0.0246 -0.0316 0.0063
0.0180 -0.0282 -0.0027
0.0213 0.0076 -0.0010
0.0333 0.0367 0.0055
0.0307 0.0425 0.0056
0.0042 0.0137 0.0130
0.0035 -0.0188 0.0063
0.0135 -0.0201 -0.0014
0.0343 -0.0102 -0.0011
0.0186 0.0278 -0.0058
0.0099 0.0341 -0.0004
0.0113 0.0137 0.0040
0.0135 0.0212 0.0068
0.0178 0.0251 0.0020
0.0229 0.0195 -0.0022
0.0158 -0.0032 -0.0041
0.0123 -0.0068 -0.0098
0.0071 -0.0056 -0.0042
0.0179 0.0018 -0.0019
0.0369 0.0334 0.0025
0.0273 0.0404 -0.0005
0.0189 0.0313 -0.0037
0.0197 0.0184 -0.0032
0.0284 0.0002 0.0051
0.0241 0.0047 0.0078
0.0262 0.0101 0.0129
0.0334 0.0135 0.0110
0.0295 0.0128 0.0121
0.0209 0.0109 0.0094
0.0136 0.0213 0.0095
0.0123 0.0238 0.0065
0.0214 0.0028 0.0071
0.0354 0.0067 0.0057
0.0412 0.0114 0.0055
0.0297 0.0175 0.0034
0.0176 0.0151 0.0088
0.0317 0.0202 0.0096
0.0506 0.0099 0.0081
0.0228 0.0064 0.0071
0.0121 0.0112 0.0103
0.0098 0.0037 0.0048
0.0163 -0.0016 0.0006
0.0179 -0.0087 0.0039
0.0197 -0.0193 0.0090
0.0220 0.0126 0.0104
0.0281 0.0234 0.0123
0.0167 -0.0063 0.0016
0.0089 -0.0136 0.0047
0.0542 -0.1011 -0.0037
0.0501 -0.0091 -0.0068
0.0106 0.0297 -0.0023
-0.0242 0.0261 0.0088
-0.0250 0.0053 0.0196
-0.0240 0.0233 0.0237
0.0253 0.0042 0.0232

