0.0000 0.0000 0.0000
0.0000 0.0000 0.0000
0.0000 0.0000 0.0000
0.0000 0.0000 0.0000
0.0000 0.0000 0.0000
0.0000 0.0000 0.0000
0.0000 0.0000 0.0000
0.0000 0.0000 0.0000
0.0000 0.0000 0.0000
0.0000 0.0000 0.0000
-0.0768 -0.5236 -0.9984
-0.1117 -0.5275 -1.1642
-0.1486 -0.5480 -1.3238
-0.1754 -0.5999 -1.5056
-0.2096 -0.6797 -1.5441
-0.2691 -0.8042 -1.5266
-0.2894 -0.8532 -1.4318
-0.2894 -0.8532 -1.4318
-0.2177 -0.8385 -1.3231
-0.1208 -0.7803 -1.2316
-0.0734 -0.7022 -1.1090
-0.0671 -0.5967 -1.0207
-0.0638 -0.5029 -0.9869
-0.0638 -0.5029 -0.9869
-0.0578 -0.3083 -0.8133
-0.0060 -0.2365 -0.7043
0.0401 -0.2638 -0.5884
0.0515 -0.2831 -0.4979
0.0258 -0.3177 -0.4716
0.0258 -0.3177 -0.4716
-0.0051 -0.2767 -0.4185
0.0013 -0.2858 -0.4140
0.0068 -0.3836 -0.4370
-0.0090 -0.4629 -0.5006
-0.0090 -0.4629 -0.5006
-0.0453 -0.4802 -0.4965
-0.0800 -0.5210 -0.4969
-0.0787 -0.6218 -0.5522
-0.0863 -0.6675 -0.5460
-0.0809 -0.7037 -0.5674
-0.0809 -0.7037 -0.5674
-0.0544 -0.7334 -0.5976
-0.0369 -0.7258 -0.6062
-0.0112 -0.7215 -0.6202
0.0102 -0.7367 -0.6354
0.0266 -0.7308 -0.6471
0.0266 -0.7308 -0.6471
0.0464 -0.7124 -0.6339
0.0839 -0.6835 -0.7267
0.1088 -0.6940 -0.7442
0.1000 -0.7348 -0.6742
0.0748 -0.7507 -0.6373
0.0748 -0.7507 -0.6373
0.0559 -0.7453 -0.6169
0.0618 -0.7540 -0.6024
0.0474 -0.7357 -0.6355
0.0346 -0.7368 -0.6530
0.0313 -0.7469 -0.6508
0.0313 -0.7469 -0.6508
0.0300 -0.7414 -0.6423
0.0331 -0.7334 -0.6448
0.0265 -0.7276 -0.6290
0.0329 -0.7374 -0.6220
0.0329 -0.7374 -0.6220
0.0433 -0.7404 -0.6326
0.0605 -0.7442 -0.6235
0.0636 -0.7238 -0.6167
0.0515 -0.7325 -0.6398
0.0439 -0.7420 -0.6675
0.0439 -0.7420 -0.6675
0.0389 -0.7591 -0.6691
0.0226 -0.7393 -0.6297
0.0153 -0.7492 -0.6423
0.0161 -0.7498 -0.6573
0.0112 -0.7348 -0.6578
0.0112 -0.7348 -0.6578
0.0176 -0.7352 -0.6621
0.0171 -0.7230 -0.6649
0.0145 -0.7175 -0.6695
0.0211 -0.7437 -0.6714
0.0150 -0.7425 -0.6576
0.0150 -0.7425 -0.6576
0.0125 -0.7309 -0.6500
0.0217 -0.7441 -0.6513
0.0244 -0.7408 -0.6468
0.0234 -0.7439 -0.6590
0.0239 -0.7360 -0.6682
0.0239 -0.7360 -0.6682
0.0340 -0.7346 -0.6595
0.0402 -0.7430 -0.6498
0.0295 -0.7441 -0.6569
0.0221 -0.7417 -0.6634
0.0221 -0.7417 -0.6634
0.0266 -0.7390 -0.6629
0.0375 -0.7497 -0.6678
0.0289 -0.7325 -0.6595
0.0331 -0.7289 -0.6583
0.0147 -0.7194 -0.6389
0.0147 -0.7194 -0.6389
0.0141 -0.7268 -0.6505
0.0099 -0.7075 -0.6433
0.0046 -0.7082 -0.6628
-0.0027 -0.7177 -0.6630
-0.0194 -0.6571 -0.6458
-0.0194 -0.6571 -0.6458
0.0074 -0.7506 -0.6772
-0.0214 -0.7177 -0.6648
-0.0261 -0.7258 -0.6673
-0.0284 -0.7403 -0.6726
-0.0329 -0.7296 -0.6692
-0.0329 -0.7296 -0.6692
-0.0219 -0.7295 -0.6743
-0.0132 -0.7285 -0.6724
-0.0129 -0.7213 -0.7010
-0.0051 -0.7396 -0.7118
-0.0105 -0.7360 -0.6849
-0.0105 -0.7360 -0.6849
-0.0067 -0.7338 -0.6749
0.0007 -0.7288 -0.6767
0.0000 -0.7259 -0.6647
-0.0094 -0.7261 -0.6420
-0.0094 -0.7261 -0.6420
-0.0099 -0.7246 -0.6376
-0.0092 -0.7235 -0.6331
-0.0131 -0.7306 -0.6399
-0.0184 -0.7319 -0.6337
-0.0186 -0.7394 -0.6211
-0.0186 -0.7394 -0.6211
-0.0139 -0.7427 -0.6228
-0.0157 -0.7461 -0.6248
-0.0144 -0.7596 -0.6356
-0.0133 -0.7651 -0.6357
-0.0119 -0.7568 -0.6308
-0.0119 -0.7568 -0.6308
-0.0194 -0.7664 -0.6175
-0.0294 -0.7719 -0.5980
-0.0415 -0.7792 -0.5861
-0.0664 -0.7604 -0.6198
-0.0376 -0.7742 -0.6405
-0.0376 -0.7742 -0.6405
-0.0430 -0.7771 -0.5920
-0.0344 -0.7625 -0.6037
-0.0114 -0.7793 -0.6112
-0.0071 -0.7843 -0.6063
-0.0071 -0.7843 -0.6063
-0.0144 -0.7945 -0.5784
-0.0256 -0.7951 -0.5813
-0.0379 -0.8113 -0.5593
-0.0452 -0.7816 -0.6295
-0.0287 -0.7957 -0.6132
-0.0287 -0.7957 -0.6132
-0.0455 -0.7885 -0.6049
-0.0374 -0.7811 -0.6148
-0.0244 -0.7820 -0.6283
-0.0238 -0.7786 -0.6173
-0.0100 -0.7706 -0.6407
0.0002 -0.7638 -0.6392
-0.0062 -0.7558 -0.6313
-0.0105 -0.7597 -0.6379
-0.0055 -0.7513 -0.6249
0.0017 -0.7428 -0.6303
0.0017 -0.7428 -0.6303
0.0090 -0.7561 -0.6484
-0.0029 -0.7669 -0.6488
-0.0167 -0.7684 -0.6546
-0.0228 -0.7510 -0.6552
-0.0231 -0.7629 -0.6553
-0.0231 -0.7629 -0.6553
-0.0235 -0.7540 -0.6405
-0.0131 -0.7414 -0.6402
-0.0102 -0.7391 -0.6541
-0.0124 -0.7376 -0.6556
-0.0124 -0.7376 -0.6556
-0.0203 -0.7452 -0.6316
-0.0380 -0.7479 -0.6276
-0.0457 -0.7500 -0.6346
-0.0522 -0.7481 -0.6628
-0.0453 -0.7453 -0.6329
-0.0453 -0.7453 -0.6329
-0.0317 -0.7488 -0.6389
-0.0321 -0.7199 -0.6259
-0.0152 -0.7202 -0.6446
-0.0019 -0.7211 -0.6439
0.0065 -0.7181 -0.6305
0.0065 -0.7181 -0.6305
0.0181 -0.7298 -0.6197
0.0229 -0.7373 -0.6217
0.0299 -0.7402 -0.6242
0.0299 -0.7371 -0.6215
-0.0096 -0.7744 -0.6264
-0.0096 -0.7744 -0.6264
-0.0139 -0.7695 -0.6381
0.0052 -0.7552 -0.6445
0.0274 -0.7496 -0.6585
0.0278 -0.7439 -0.6593
0.0189 -0.7403 -0.6680
0.0189 -0.7403 -0.6680
0.0111 -0.7358 -0.6788
0.0031 -0.7442 -0.6299
-0.0102 -0.7561 -0.6934
-0.0135 -0.7424 -0.6558
-0.0135 -0.7424 -0.6558
-0.0092 -0.7339 -0.6803
-0.0070 -0.7430 -0.6925
-0.0087 -0.7413 -0.6797
-0.0134 -0.7403 -0.6618
-0.0052 -0.7451 -0.6568
-0.0052 -0.7451 -0.6568
0.0048 -0.7431 -0.6469
0.0034 -0.7403 -0.6470
-0.0011 -0.7420 -0.6420
-0.0071 -0.7412 -0.6410
-0.0051 -0.7421 -0.6402
-0.0051 -0.7421 -0.6402
-0.0056 -0.7500 -0.6399
-0.0036 -0.7436 -0.6340
0.0001 -0.7430 -0.6382
-0.0053 -0.7462 -0.6429
-0.0120 -0.7452 -0.6494
-0.0120 -0.7452 -0.6494
-0.0004 -0.7474 -0.6586
0.0011 -0.7465 -0.6606
-0.0023 -0.7435 -0.6526
-0.0105 -0.7486 -0.6437
-0.0093 -0.7517 -0.6390
-0.0093 -0.7517 -0.6390
-0.0020 -0.7492 -0.6439
-0.0018 -0.7410 -0.6496
-0.0032 -0.7395 -0.6494
-0.0040 -0.7399 -0.6453
-0.0040 -0.7399 -0.6453
-0.0073 -0.7399 -0.6407
-0.0064 -0.7440 -0.6359
-0.0032 -0.7481 -0.6419
-0.0023 -0.7435 -0.6416
-0.0031 -0.7431 -0.6389
-0.0031 -0.7431 -0.6389
-0.0028 -0.7470 -0.6352
-0.0056 -0.7454 -0.6371
-0.0011 -0.7492 -0.6471
0.0056 -0.7441 -0.6591
0.0024 -0.7389 -0.6569
0.0024 -0.7389 -0.6569
-0.0017 -0.7483 -0.6552
-0.0027 -0.7539 -0.6520
-0.0029 -0.7535 -0.6447
0.0041 -0.7513 -0.6407
0.0055 -0.7519 -0.6364
0.0055 -0.7519 -0.6364
0.0048 -0.7552 -0.6445
0.0072 -0.7530 -0.6479
0.0060 -0.7489 -0.6386
0.0046 -0.7504 -0.6310
0.0032 -0.7493 -0.6367
0.0032 -0.7493 -0.6367
0.0059 -0.7413 -0.6469
0.0043 -0.7415 -0.6543
0.0036 -0.7401 -0.6497
0.0085 -0.7454 -0.6521
0.0085 -0.7454 -0.6521
0.0105 -0.7449 -0.6512
0.0100 -0.7475 -0.6512
0.0101 -0.7493 -0.6464
0.0093 -0.7421 -0.6394
0.0043 -0.7466 -0.6418
0.0043 -0.7466 -0.6418
0.0077 -0.7474 -0.6482
0.0105 -0.7357 -0.6598
0.0080 -0.7364 -0.6523
0.0136 -0.7393 -0.6456
0.0172 -0.7418 -0.6475
0.0172 -0.7418 -0.6475
0.0151 -0.7418 -0.6423
0.0142 -0.7438 -0.6381
0.0159 -0.7475 -0.6396
0.0152 -0.7466 -0.6444
0.0141 -0.7503 -0.6452
0.0141 -0.7503 -0.6452
0.0157 -0.7456 -0.6482
0.0163 -0.7501 -0.6598
0.0167 -0.7471 -0.6706
0.0180 -0.7402 -0.6618
0.0180 -0.7402 -0.6618
0.0208 -0.7439 -0.6628
0.0182 -0.7364 -0.6559
0.0133 -0.7364 -0.6553
0.0086 -0.7349 -0.6633
0.0163 -0.7270 -0.6702
0.0163 -0.7270 -0.6702
0.0179 -0.7239 -0.6678
0.0116 -0.7313 -0.6633
0.0119 -0.7317 -0.6590
0.0165 -0.7276 -0.6681
0.0242 -0.7254 -0.6649
0.0242 -0.7254 -0.6649
0.0229 -0.7281 -0.6641
0.0202 -0.7274 -0.6671
0.0233 -0.7259 -0.6652
0.0240 -0.7291 -0.6711
0.0286 -0.7258 -0.6744
0.0286 -0.7258 -0.6744
0.0236 -0.7167 -0.6624
0.0186 -0.7252 -0.6530
0.0210 -0.7281 -0.6470
0.0200 -0.7292 -0.6487
0.0288 -0.7201 -0.6595
0.0288 -0.7201 -0.6595
0.0327 -0.7214 -0.6561
0.0298 -0.7312 -0.6596
0.0270 -0.7319 -0.6607
0.0302 -0.7338 -0.6692
0.0302 -0.7338 -0.6692
0.0282 -0.7397 -0.6768
0.0284 -0.7352 -0.6739
0.0267 -0.7392 -0.6605
0.0249 -0.7365 -0.6504
0.0226 -0.7313 -0.6509
0.0226 -0.7313 -0.6509
0.0201 -0.7331 -0.6569
0.0205 -0.7333 -0.6635
0.0220 -0.7329 -0.6571
0.0234 -0.7315 -0.6573
0.0265 -0.7303 -0.6596
0.0265 -0.7303 -0.6596
0.0269 -0.7251 -0.6688
0.0302 -0.7300 -0.6724
0.0304 -0.7233 -0.6748
0.0292 -0.7282 -0.6704
0.0263 -0.7283 -0.6593
0.0263 -0.7283 -0.6593
0.0320 -0.7294 -0.6564
0.0386 -0.7344 -0.6547
0.0313 -0.7347 -0.6600
0.0368 -0.7332 -0.6641
0.0411 -0.7332 -0.6594
0.0411 -0.7332 -0.6594
0.0371 -0.7287 -0.6505
0.0345 -0.7316 -0.6534
0.0328 -0.7375 -0.6501
0.0312 -0.7344 -0.6517
0.0312 -0.7344 -0.6517
0.0329 -0.7313 -0.6598
0.0353 -0.7346 -0.6652
0.0370 -0.7351 -0.6671
0.0380 -0.7322 -0.6625
0.0397 -0.7373 -0.6644
0.0397 -0.7373 -0.6644
0.0343 -0.7389 -0.6626
0.0338 -0.7355 -0.6624
0.0372 -0.7360 -0.6611
0.0311 -0.7413 -0.6524
0.0303 -0.7436 -0.6520
0.0303 -0.7436 -0.6520
0.0309 -0.7377 -0.6478
0.0313 -0.7376 -0.6379
0.0368 -0.7392 -0.6427
0.0377 -0.7340 -0.6586
0.0322 -0.7237 -0.6635
0.0322 -0.7237 -0.6635
0.0284 -0.7267 -0.6689
0.0313 -0.7169 -0.6691
0.0290 -0.7117 -0.6755
0.0258 -0.7273 -0.6795
0.0177 -0.7243 -0.6716
0.0177 -0.7243 -0.6716
0.0227 -0.7211 -0.6609
0.0309 -0.7230 -0.6571
0.0282 -0.7297 -0.6547
0.0226 -0.7329 -0.6576
0.0226 -0.7329 -0.6576
0.0224 -0.7258 -0.6617
0.0265 -0.7311 -0.6711
0.0277 -0.7318 -0.6700
0.0355 -0.7263 -0.6668
0.0385 -0.7266 -0.6742
0.0385 -0.7266 -0.6742
0.0326 -0.7281 -0.6769
0.0317 -0.7284 -0.6721
0.0319 -0.7272 -0.6731
0.0264 -0.7298 -0.6723
0.0273 -0.7258 -0.6645
0.0273 -0.7258 -0.6645
0.0314 -0.7271 -0.6571
0.0312 -0.7264 -0.6526
0.0305 -0.7209 -0.6565
0.0273 -0.7309 -0.6576
0.0233 -0.7323 -0.6607
0.0233 -0.7323 -0.6607
0.0226 -0.7298 -0.6728
0.0196 -0.7271 -0.6735
0.0195 -0.7295 -0.6649
0.0244 -0.7320 -0.6540
0.0265 -0.7266 -0.6638
0.0265 -0.7266 -0.6638
0.0258 -0.7309 -0.6773
0.0323 -0.7294 -0.6726
0.0331 -0.7239 -0.6713
0.0271 -0.7198 -0.6714
0.0271 -0.7198 -0.6714
0.0274 -0.7290 -0.6668
0.0273 -0.7273 -0.6619
0.0280 -0.7223 -0.6628
0.0329 -0.7250 -0.6711
0.0338 -0.7266 -0.6663
0.0338 -0.7266 -0.6663
0.0304 -0.7212 -0.6597
0.0350 -0.7239 -0.6658
0.0319 -0.7245 -0.6646
0.0288 -0.7290 -0.6596
0.0326 -0.7291 -0.6622
0.0326 -0.7291 -0.6622
0.0339 -0.7300 -0.6635
0.0327 -0.7256 -0.6582
0.0309 -0.7260 -0.6584
0.0289 -0.7283 -0.6605
0.0224 -0.7287 -0.6653
0.0224 -0.7287 -0.6653
0.0201 -0.7222 -0.6710
0.0169 -0.7218 -0.6747
0.0168 -0.7272 -0.6721
0.0232 -0.7267 -0.6754
0.0232 -0.7267 -0.6754
0.0259 -0.7232 -0.6750
0.0219 -0.7226 -0.6695
0.0155 -0.7236 -0.6646
0.0160 -0.7292 -0.6651
0.0183 -0.7255 -0.6743
0.0183 -0.7255 -0.6743
0.0181 -0.7242 -0.6814
0.0155 -0.7206 -0.6767
0.0186 -0.7167 -0.6670
0.0195 -0.7269 -0.6718
0.0155 -0.7245 -0.6704
0.0155 -0.7245 -0.6704
0.0162 -0.7217 -0.6729
0.0141 -0.7230 -0.6764
0.0109 -0.7240 -0.6715
0.0113 -0.7216 -0.6731
0.0154 -0.7192 -0.6849
0.0154 -0.7192 -0.6849
0.0164 -0.7194 -0.6807
0.0100 -0.7207 -0.6706
0.0116 -0.7210 -0.6677
0.0117 -0.7266 -0.6661
0.0081 -0.7224 -0.6605
0.0081 -0.7224 -0.6605
0.0088 -0.7228 -0.6631
0.0136 -0.7197 -0.6674
0.0158 -0.7217 -0.6709
0.0199 -0.7213 -0.6709
0.0199 -0.7213 -0.6709
0.0224 -0.7219 -0.6715
0.0281 -0.7253 -0.6710
0.0261 -0.7280 -0.6627
0.0244 -0.7281 -0.6703
0.0266 -0.7258 -0.6796
0.0266 -0.7258 -0.6796
0.0321 -0.7236 -0.6844
0.0292 -0.7226 -0.6785
0.0298 -0.7255 -0.6737
0.0279 -0.7288 -0.6645
0.0281 -0.7269 -0.6744
0.0281 -0.7269 -0.6744
0.0322 -0.7278 -0.6843
0.0310 -0.7220 -0.6778
0.0327 -0.7256 -0.6730
0.0358 -0.7189 -0.6669
0.0295 -0.7194 -0.6669
0.0295 -0.7194 -0.6669
0.0250 -0.7265 -0.6649
0.0273 -0.7188 -0.6575
0.0346 -0.7186 -0.6647
0.0385 -0.7127 -0.6657
0.0368 -0.7075 -0.6630
0.0368 -0.7075 -0.6630
0.0349 -0.7064 -0.6600
0.0339 -0.7116 -0.6548
0.0336 -0.7105 -0.6538
0.0331 -0.7091 -0.6555
0.0331 -0.7091 -0.6555
0.0280 -0.7171 -0.6608
0.0255 -0.7142 -0.6640
0.0211 -0.7147 -0.6617
0.0246 -0.7241 -0.6779
0.0234 -0.7245 -0.6804
0.0234 -0.7245 -0.6804
0.0269 -0.7241 -0.6891
0.0313 -0.7155 -0.6935
0.0256 -0.7277 -0.6905
0.0148 -0.7313 -0.6872
0.0218 -0.7251 -0.6982
0.0218 -0.7251 -0.6982
0.0255 -0.7167 -0.7035
0.0245 -0.7144 -0.6887
0.0237 -0.7118 -0.6767
0.0239 -0.7107 -0.6796
0.0235 -0.7069 -0.6815
0.0235 -0.7069 -0.6815
0.0225 -0.7135 -0.6794
0.0191 -0.7133 -0.6789
0.0212 -0.7128 -0.6808
0.0258 -0.7094 -0.6827
0.0251 -0.7084 -0.6817
0.0251 -0.7084 -0.6817
0.0217 -0.7172 -0.6748
0.0277 -0.7126 -0.6746
0.0247 -0.7191 -0.6798
0.0270 -0.7127 -0.6813
0.0270 -0.7127 -0.6813
0.0331 -0.7048 -0.6850
0.0348 -0.7075 -0.6825
0.0292 -0.7085 -0.6820
0.0258 -0.7111 -0.6881
0.0289 -0.7093 -0.6880
0.0289 -0.7093 -0.6880
0.0325 -0.7097 -0.6900
0.0336 -0.7079 -0.6943
0.0353 -0.7069 -0.6910
0.0337 -0.7061 -0.6887
0.0325 -0.7088 -0.6819
0.0325 -0.7088 -0.6819
0.0282 -0.7113 -0.6812
0.0391 -0.7096 -0.6889
0.0396 -0.7027 -0.6946
0.0375 -0.7042 -0.6896
0.0352 -0.7096 -0.6786
0.0352 -0.7096 -0.6786
0.0347 -0.7099 -0.6749
0.0404 -0.7137 -0.6921
0.0421 -0.7156 -0.7029
0.0367 -0.7160 -0.7058
0.0367 -0.7160 -0.7058
0.0365 -0.7108 -0.7041
0.0356 -0.7114 -0.7055
0.0338 -0.7120 -0.7029
0.0347 -0.7115 -0.7102
0.0375 -0.7073 -0.7259
0.0375 -0.7073 -0.7259
0.0290 -0.7038 -0.7239
0.0198 -0.7050 -0.7210
0.0236 -0.7081 -0.7478
0.0215 -0.7041 -0.7680
0.0231 -0.7130 -0.7708
0.0231 -0.7130 -0.7708
0.0240 -0.7180 -0.7809
0.0170 -0.7266 -0.7572
0.0114 -0.7289 -0.7344
0.0211 -0.7173 -0.7329
0.0147 -0.7056 -0.7270
0.0147 -0.7056 -0.7270
0.0123 -0.6769 -0.7335
0.0184 -0.6562 -0.7567
0.0263 -0.6485 -0.7121
0.0156 -0.6562 -0.6749
0.0156 -0.6562 -0.6749
0.0052 -0.6492 -0.6604
0.0288 -0.6302 -0.7020
0.0582 -0.6324 -0.6969
0.0799 -0.6471 -0.6846
0.0799 -0.6471 -0.6846
0.0553 -0.6732 -0.6497
0.0375 -0.6917 -0.6674
0.0488 -0.7041 -0.6356
0.0280 -0.7449 -0.6028
0.0180 -0.7737 -0.5842
0.0180 -0.7737 -0.5842
0.0159 -0.7950 -0.5879
-0.0071 -0.7634 -0.5779
-0.0207 -0.8371 -0.5865
-0.0271 -0.8487 -0.6146
-0.0417 -0.8502 -0.5755
-0.0417 -0.8502 -0.5755
-0.0483 -0.8357 -0.5708
0.0023 -0.7805 -0.6268
0.0014 -0.7658 -0.6113
-0.0185 -0.7404 -0.5721
-0.0044 -0.7429 -0.5577
-0.0044 -0.7429 -0.5577
0.0029 -0.7324 -0.5720
0.0183 -0.7340 -0.5986
0.0113 -0.7279 -0.5646
0.0057 -0.7495 -0.5632
0.0163 -0.7639 -0.5708
0.0163 -0.7639 -0.5708
0.0267 -0.7578 -0.5888
0.0417 -0.7762 -0.6031
0.0550 -0.8216 -0.5371
0.0269 -0.8244 -0.6532
0.0269 -0.8244 -0.6532
0.0184 -0.7173 -0.5262
0.0359 -0.7577 -0.2499
-0.0052 -0.8386 -0.8771
0.0978 -0.6282 -1.4359
0.1159 -0.7208 -0.5751
0.1159 -0.7208 -0.5751
0.1300 -0.7245 -0.7518
0.0917 -0.8395 -0.8027
0.0324 -0.8329 -0.6979
0.0162 -0.7884 -0.6791
0.0534 -0.7992 -0.6713
0.0534 -0.7992 -0.6713
0.0793 -0.8004 -0.6528
0.0761 -0.7823 -0.6022
0.0713 -0.7677 -0.5603
0.0807 -0.7596 -0.5290
0.0622 -0.7619 -0.5435
0.0622 -0.7619 -0.5435
0.0691 -0.7745 -0.5363
0.0632 -0.7800 -0.5408
0.0482 -0.8012 -0.4561
0.0394 -0.7946 -0.4572
0.0394 -0.7946 -0.4572
0.0296 -0.8075 -0.4832
0.0186 -0.8301 -0.4626
0.0153 -0.8507 -0.4688
0.0274 -0.8644 -0.4655
0.0264 -0.8587 -0.4527
0.0264 -0.8587 -0.4527
0.0219 -0.8538 -0.4656
0.0081 -0.8684 -0.4766
0.0072 -0.8682 -0.4558
-0.0088 -0.8504 -0.4491
0.0075 -0.8505 -0.4786
0.0075 -0.8505 -0.4786
-0.0153 -0.8182 -0.5188
-0.0087 -0.8234 -0.5466
-0.0151 -0.8089 -0.5612
-0.0215 -0.8060 -0.5448
0.0131 -0.7951 -0.5066
0.0131 -0.7951 -0.5066
0.0020 -0.7941 -0.5082
-0.0191 -0.8020 -0.5308
-0.0343 -0.8193 -0.5745
-0.0280 -0.7999 -0.5681
-0.0101 -0.7939 -0.5658
-0.0101 -0.7939 -0.5658
-0.0018 -0.7946 -0.6170
-0.0037 -0.7786 -0.6178
-0.0042 -0.7811 -0.6058
-0.0065 -0.7950 -0.6392
0.0048 -0.7960 -0.6406
0.0048 -0.7960 -0.6406
0.0087 -0.7871 -0.6209
-0.0001 -0.7843 -0.6054
-0.0050 -0.7837 -0.6060
0.0008 -0.7873 -0.6107
0.0008 -0.7873 -0.6107
-0.0003 -0.7912 -0.6035
-0.0106 -0.7891 -0.5941
-0.0067 -0.7876 -0.5922
-0.0044 -0.7808 -0.5872
-0.0044 -0.7808 -0.5872
-0.0043 -0.7934 -0.5893
-0.0100 -0.7864 -0.5822
-0.0079 -0.7859 -0.5618
0.0013 -0.8024 -0.5796
0.0013 -0.8024 -0.5796
0.0079 -0.7960 -0.5973
0.0104 -0.7940 -0.6065
0.0123 -0.8024 -0.6063
0.0033 -0.8079 -0.5793
0.0041 -0.8080 -0.5700
0.0041 -0.8080 -0.5700
0.0066 -0.8123 -0.5771
0.0140 -0.8144 -0.5667
0.0084 -0.8140 -0.5513
0.0013 -0.8163 -0.5384
0.0013 -0.8163 -0.5384
-0.0041 -0.8242 -0.5332
0.0033 -0.8225 -0.5384
0.0078 -0.8223 -0.5382
0.0066 -0.8242 -0.5343
0.0044 -0.8355 -0.5411
0.0044 -0.8355 -0.5411
0.0023 -0.8335 -0.5544
0.0060 -0.8217 -0.5463
0.0147 -0.8266 -0.5454
0.0092 -0.8292 -0.5513
0.0089 -0.8344 -0.5603
0.0089 -0.8344 -0.5603
0.0085 -0.8392 -0.5549
0.0111 -0.8288 -0.5365
0.0180 -0.8258 -0.5364
0.0240 -0.8308 -0.5382
0.0113 -0.8307 -0.5400
0.0113 -0.8307 -0.5400
0.0101 -0.8288 -0.5337
0.0164 -0.8244 -0.5222
0.0177 -0.8248 -0.5165
0.0079 -0.8197 -0.5116
0.0128 -0.8276 -0.5151
0.0128 -0.8276 -0.5151
0.0206 -0.8357 -0.5279
0.0176 -0.8295 -0.5325
0.0036 -0.8312 -0.5280
0.0002 -0.8402 -0.5339
0.0002 -0.8402 -0.5339
0.0023 -0.8378 -0.5333
0.0120 -0.8306 -0.5406
0.0154 -0.8297 -0.5414
0.0160 -0.8286 -0.5418
0.0113 -0.8285 -0.5415
0.0113 -0.8285 -0.5415
0.0089 -0.8320 -0.5430
0.0133 -0.8296 -0.5361
0.0158 -0.8271 -0.5348
0.0070 -0.8314 -0.5306
0.0053 -0.8308 -0.5141
0.0053 -0.8308 -0.5141
0.0122 -0.8396 -0.5076
0.0219 -0.8388 -0.5210
0.0215 -0.8313 -0.5237
0.0177 -0.8384 -0.5236
0.0166 -0.8378 -0.5246
0.0166 -0.8378 -0.5246
0.0162 -0.8347 -0.5247
0.0163 -0.8372 -0.5318
0.0224 -0.8374 -0.5325
0.0238 -0.8314 -0.5448
0.0217 -0.8331 -0.5446
0.0217 -0.8331 -0.5446
0.0210 -0.8317 -0.5262
0.0231 -0.8357 -0.5197
0.0160 -0.8358 -0.5300
0.0124 -0.8354 -0.5291
0.0124 -0.8354 -0.5291
0.0168 -0.8312 -0.5302
0.0224 -0.8369 -0.5290
0.0217 -0.8363 -0.5191
0.0223 -0.8348 -0.5256
0.0265 -0.8332 -0.5261
0.0265 -0.8332 -0.5261
0.0296 -0.8208 -0.5190
0.0177 -0.8149 -0.5177
0.0127 -0.8128 -0.5019
0.0118 -0.8023 -0.4887
0.0158 -0.7905 -0.4706
0.0158 -0.7905 -0.4706
0.0115 -0.7740 -0.4546
0.0137 -0.7568 -0.4444
0.0371 -0.7147 -0.4152
0.0363 -0.7362 -0.3882
0.0087 -0.7700 -0.3558
0.0087 -0.7700 -0.3558
0.0191 -0.7861 -0.3568
0.0442 -0.8091 -0.4165
0.0561 -0.8085 -0.5708
0.0416 -0.8042 -0.6120
0.0329 -0.8225 -0.6225
0.0329 -0.8225 -0.6225
0.0005 -0.8167 -0.6428
0.0005 -0.8167 -0.6428
0.0132 -0.8380 -0.5925
0.0132 -0.8380 -0.5925
-0.0009 -0.8408 -0.5875
0.0010 -0.8408 -0.5482
0.0080 -0.8505 -0.5034
0.0025 -0.8466 -0.4895
0.0013 -0.8374 -0.4906
0.0013 -0.8374 -0.4906
0.0051 -0.8297 -0.5219
0.0119 -0.8394 -0.5513
0.0263 -0.8540 -0.5723
0.0215 -0.8527 -0.5609
0.0133 -0.8588 -0.5761
0.0133 -0.8588 -0.5761
0.0117 -0.8800 -0.5948
0.0277 -0.8817 -0.6153
0.0403 -0.8729 -0.6140
0.0310 -0.8694 -0.6108
0.0243 -0.8693 -0.6129
0.0243 -0.8693 -0.6129
0.0223 -0.8588 -0.6109
0.0241 -0.8394 -0.6027
0.0274 -0.8348 -0.5860
0.0298 -0.8360 -0.5903
0.0298 -0.8360 -0.5903
0.0278 -0.8295 -0.5887
0.0269 -0.8284 -0.5907
0.0327 -0.8191 -0.5906
0.0291 -0.8160 -0.5920
0.0294 -0.8201 -0.5916
0.0294 -0.8201 -0.5916
0.0349 -0.8143 -0.5750
0.0423 -0.8154 -0.5756
0.0387 -0.8112 -0.5858
0.0328 -0.8096 -0.5921
0.0291 -0.8043 -0.5827
0.0291 -0.8043 -0.5827
0.0290 -0.8030 -0.5677
0.0271 -0.8037 -0.5602
0.0267 -0.8020 -0.5628
0.0383 -0.8132 -0.5521
0.0395 -0.8201 -0.5616
0.0395 -0.8201 -0.5616
0.0359 -0.8138 -0.5441
0.0338 -0.8102 -0.5324
0.0416 -0.8239 -0.5374
0.0464 -0.8184 -0.5343
0.0390 -0.8198 -0.5350
0.0390 -0.8198 -0.5350
0.0354 -0.8268 -0.5469
0.0345 -0.8304 -0.5489
0.0343 -0.8263 -0.5378
0.0326 -0.8268 -0.5332
0.0326 -0.8268 -0.5332
0.0359 -0.8298 -0.5334
0.0398 -0.8335 -0.5336
0.0350 -0.8272 -0.5370
0.0294 -0.8363 -0.5241
0.0296 -0.8340 -0.5087
0.0296 -0.8340 -0.5087
0.0388 -0.8335 -0.5081
0.0358 -0.8298 -0.5164
0.0199 -0.8297 -0.5133
0.0188 -0.8347 -0.5095
0.0300 -0.8374 -0.5198
0.0300 -0.8374 -0.5198
0.0392 -0.8325 -0.5372
0.0380 -0.8280 -0.5368
0.0301 -0.8376 -0.5255
0.0223 -0.8425 -0.5224
0.0271 -0.8441 -0.5307
0.0271 -0.8441 -0.5307
0.0327 -0.8457 -0.5387
0.0243 -0.8437 -0.5225
0.0255 -0.8456 -0.5093
0.0383 -0.8426 -0.5020
0.0377 -0.8391 -0.5124
0.0377 -0.8391 -0.5124
0.0283 -0.8417 -0.5098
0.0273 -0.8464 -0.4939
0.0302 -0.8451 -0.5005
0.0301 -0.8410 -0.5048
0.0301 -0.8410 -0.5048
0.0311 -0.8426 -0.5001
0.0401 -0.8527 -0.5075
0.0469 -0.8469 -0.5233
0.0411 -0.8401 -0.5189
0.0410 -0.8445 -0.5102
0.0410 -0.8445 -0.5102
0.0426 -0.8522 -0.5050
0.0432 -0.8534 -0.5123
0.0365 -0.8534 -0.5040
0.0353 -0.8543 -0.4945
0.0393 -0.8587 -0.5018
0.0393 -0.8587 -0.5018
0.0354 -0.8544 -0.5043
0.0315 -0.8508 -0.5021
0.0351 -0.8544 -0.4945
0.0404 -0.8484 -0.4868
0.0392 -0.8464 -0.4918
0.0348 -0.8526 -0.4946
0.0350 -0.8557 -0.4922
0.0417 -0.8549 -0.4974
0.0409 -0.8533 -0.4931
0.0383 -0.8539 -0.4879
0.0383 -0.8539 -0.4879
0.0373 -0.8584 -0.4912
0.0329 -0.8532 -0.4987
0.0298 -0.8552 -0.4964
0.0268 -0.8513 -0.4883
0.0268 -0.8513 -0.4883
0.0329 -0.8495 -0.4895
0.0306 -0.8460 -0.4753
0.0325 -0.8534 -0.4720
0.0406 -0.8614 -0.4811
0.0430 -0.8494 -0.4843
0.0430 -0.8494 -0.4843
0.0352 -0.8474 -0.4809
0.0341 -0.8551 -0.4810
0.0353 -0.8521 -0.4820
0.0404 -0.8540 -0.4914
0.0388 -0.8587 -0.4951
0.0388 -0.8587 -0.4951
0.0394 -0.8612 -0.4947
0.0363 -0.8555 -0.5012
0.0317 -0.8572 -0.5053
0.0308 -0.8605 -0.5033
0.0337 -0.8532 -0.4949
0.0337 -0.8532 -0.4949
0.0239 -0.8605 -0.4905
0.0280 -0.8618 -0.4853
0.0397 -0.8619 -0.4798
0.0372 -0.8524 -0.4888
0.0372 -0.8524 -0.4888
0.0346 -0.8556 -0.4865
0.0368 -0.8587 -0.4813
0.0334 -0.8556 -0.4839
0.0360 -0.8539 -0.4876
0.0392 -0.8552 -0.4949
0.0392 -0.8552 -0.4949
0.0298 -0.8551 -0.4951
0.0296 -0.8652 -0.4890
0.0345 -0.8611 -0.4954
0.0392 -0.8564 -0.4928
0.0374 -0.8579 -0.4886
0.0374 -0.8579 -0.4886
0.0390 -0.8627 -0.4902
0.0331 -0.8561 -0.4964
0.0296 -0.8546 -0.5004
0.0373 -0.8604 -0.4933
0.0386 -0.8532 -0.4777
0.0386 -0.8532 -0.4777
0.0346 -0.8466 -0.4738
0.0348 -0.8521 -0.4837
0.0375 -0.8540 -0.4825
0.0399 -0.8568 -0.4878
0.0364 -0.8519 -0.5032
0.0364 -0.8519 -0.5032
0.0344 -0.8551 -0.5014
0.0345 -0.8630 -0.5115
0.0337 -0.8573 -0.5015
0.0303 -0.8564 -0.4975
0.0303 -0.8564 -0.4975
0.0216 -0.8585 -0.4974
0.0355 -0.8629 -0.4968

