-0.0114 -0.0085 0.0036
-0.0013 -0.0131 0.0018
0.0306 0.0025 -0.0026
0.0073 0.0166 0.0025
-0.0122 0.0130 0.0075
-0.0066 -0.0026 0.0107
0.0247 0.0003 0.0032
0.0290 0.0046 0.0084
0.0083 0.0080 0.0080
0.0060 -0.0116 0.0210
0.0138 -0.0146 0.0242
0.0185 -0.0210 0.0261
-0.0009 -0.0215 0.0231
-0.0006 0.0002 0.0229
0.0170 0.0263 0.0077
0.0169 0.0382 0.0189
0.0054 0.0364 0.0222
-0.0050 0.0117 0.0186
0.0081 -0.0307 0.0130
0.0170 -0.0323 0.0144
0.0294 0.0090 0.0183
0.0357 0.0215 0.0215
0.0348 0.0132 0.0158
0.0379 0.0075 0.0025
0.0214 0.0173 0.0040
0.0147 0.0342 0.0144
0.0122 0.0351 0.0176
0.0181 0.0183 0.0053
0.0258 0.0081 0.0005
0.0251 0.0317 0.0000
0.0297 0.0294 -0.0004
0.0369 0.0194 -0.0079
0.0111 0.0085 -0.0050
-0.0013 0.0154 0.0068
-0.0200 0.0089 0.0183
0.0193 0.0063 -0.0027
0.0422 -0.0157 -0.0178
0.0373 -0.0177 -0.0300
-0.0086 -0.0005 -0.0051
-0.0175 0.0102 0.0082
0.0127 0.0228 0.0002
0.0495 -0.0054 -0.0137
0.0496 -0.0224 -0.0183
0.0309 -0.0141 -0.0116
0.0110 -0.0015 0.0023
0.0035 0.0030 0.0090
0.0206 -0.0173 -0.0061
0.0484 0.0026 -0.0103
0.0383 0.0202 -0.0043
-0.0075 0.0263 0.0131
-0.0076 -0.0143 0.0163
0.0171 -0.0335 -0.0014
0.0502 -0.0273 -0.0224
0.0089 0.0077 -0.0059
-0.0176 0.0166 0.0031
-0.0141 -0.0020 0.0112
0.0104 -0.0103 -0.0014
0.0514 -0.0175 -0.0143
0.0381 -0.0055 -0.0011
0.0120 0.0095 0.0072
-0.0164 -0.0076 0.0211
0.0297 -0.0426 0.0047
0.0492 -0.0333 -0.0042
0.0387 0.0126 -0.0047
0.0026 0.0124 0.0097
-0.0091 -0.0124 0.0105
-0.0017 -0.0485 0.0013
0.0325 0.0036 -0.0100
0.0319 0.0438 -0.0095
-0.0034 0.0424 0.0095
-0.0231 -0.0053 0.0244
-0.0195 -0.0323 0.0206
0.0004 -0.0380 0.0200
0.0094 0.0026 0.0214
0.0082 0.0158 0.0213
0.0129 0.0299 0.0183
0.0355 0.0136 0.0016
0.0376 0.0087 0.0003
0.0275 0.0088 -0.0003
0.0190 -0.0058 0.0100
0.0252 -0.0101 0.0067
0.0625 0.0122 0.0064
0.0647 0.0282 0.0001
0.0445 0.0326 0.0059
-0.0082 0.0157 0.0178
-0.0133 0.0106 0.0240
0.0110 0.0074 0.0227
0.0362 0.0028 0.0102
0.0336 0.0033 0.0088
0.0267 0.0106 0.0119
0.0245 0.0183 0.0135
0.0212 0.0219 0.0155
0.0184 0.0267 0.0147
0.0345 0.0204 0.0057
0.0352 0.0276 0.0048
0.0287 0.0263 0.0101
0.0230 -0.0062 0.0144
0.0241 -0.0068 0.0140
0.0145 0.0052 0.0140
0.0036 0.0174 0.0128
0.0107 0.0123 0.0096
0.0385 0.0135 -0.0079
0.0378 0.0232 -0.0035
0.0258 0.0230 0.0099
0.0012 0.0154 0.0167
0.0262 -0.0011 0.0106
0.0378 -0.0074 0.0013
0.0375 0.0074 0.0036
0.0077 0.0148 0.0084
-0.0063 0.0017 0.0162
0.0323 -0.0532 0.0151
0.0761 -0.0558 -0.0032
0.0942 0.0140 -0.0328
0.0092 0.0833 -0.0201
-0.0204 0.0879 -0.0077
-0.0442 0.0060 0.0069
-0.0353 -0.0308 -0.0077
-0.0227 -0.0085 -0.0074
0.0125 0.0418 0.0102
0.0449 0.0459 0.0050
0.0346 0.0120 0.0081
0.0049 -0.0316 0.0133
0.0198 -0.0254 -0.0054
0.0180 -0.0272 0.0002
-0.0070 -0.0326 0.0216
-0.0002 -0.0131 0.0138
0.0166 0.0032 -0.0003
0.0359 0.0201 -0.0095
0.0157 0.0182 -0.0011
0.0017 0.0007 0.0017
0.0041 -0.0293 0.0018
0.0119 -0.0104 0.0055
0.0120 0.0055 0.0123
0.0063 0.0162 0.0207
-0.0018 -0.0240 0.0189
0.0086 -0.0271 0.0171
0.0306 -0.0108 0.0163
0.0250 0.0088 0.0202
-0.0049 0.0276 0.0208
-0.0110 -0.0024 0.0141
0.0049 -0.0194 0.0031
0.0402 -0.0230 -0.0164
0.0195 0.0150 -0.0176
0.0024 0.0203 -0.0108
-0.0025 -0.0037 0.0055
0.0256 -0.0120 -0.0050
0.0447 -0.0052 -0.0055
0.0429 0.0118 -0.0005
0.0203 -0.0272 0.0093
0.0195 -0.0170 0.0015
0.0125 0.0155 -0.0070
0.0228 0.0180 0.0016
0.0147 0.0152 -0.0024
-0.0151 0.0022 -0.0070
-0.0267 0.0053 -0.0065
-0.0130 0.0149 -0.0103
0.0251 0.0268 -0.0164
0.0338 0.0313 -0.0156
0.0199 0.0298 -0.0057
0.0068 0.0032 0.0050
0.0198 -0.0153 0.0090
0.0245 -0.0068 0.0033
0.0194 0.0110 -0.0017
0.0207 0.0074 -0.0041
0.0243 0.0097 -0.0018
0.0106 -0.0131 0.0052
0.0010 -0.0191 0.0056
0.0062 0.0045 -0.0008
0.0326 0.0155 -0.0031
0.0316 0.0110 -0.0027
-0.0045 -0.0146 -0.0043
-0.0025 -0.0143 -0.0081
0.0195 -0.0019 -0.0186
0.0386 0.0172 -0.0277
0.0003 -0.0074 -0.0141
-0.0093 -0.0153 -0.0080
0.0164 -0.0096 -0.0163
0.0532 0.0211 -0.0245
0.0304 0.0124 -0.0135
0.0131 0.0007 -0.0081
0.0175 -0.0024 -0.0176
0.0314 0.0257 -0.0238
0.0097 0.0244 -0.0131
-0.0033 0.0171 -0.0066
0.0066 0.0050 -0.0051
0.0430 0.0179 -0.0148
0.0469 0.0272 -0.0178
0.0253 0.0181 -0.0013
0.0390 0.0197 0.0021
0.0423 0.0489 -0.0165
0.0235 0.0659 -0.0342
0.0079 0.0622 -0.0126
-0.0441 0.0826 0.0047
-0.0359 0.0397 0.0199
-0.0169 0.0190 0.0170
0.0066 0.0518 0.0062
0.0034 0.0892 0.0102
0.0025 0.0900 0.0182
-0.0100 0.0372 0.0217
-0.0170 0.0001 0.0225
-0.0153 0.0090 0.0180
-0.0106 0.0491 0.0086
-0.0052 0.0803 0.0106
-0.0081 0.0823 0.0119
-0.0284 0.0339 0.0056
-0.0245 0.0020 -0.0046
-0.0136 0.0054 -0.0114
-0.0120 0.0339 -0.0029
-0.0346 0.0386 0.0035
-0.0376 0.0363 0.0006
-0.0291 0.0174 -0.0075
-0.0251 0.0101 -0.0100
-0.0298 0.0175 -0.0134
-0.0332 0.0464 -0.0051
-0.0243 0.0275 -0.0040
-0.0208 -0.0016 -0.0091
-0.0057 -0.0059 -0.0260
0.0221 0.0316 -0.0384
0.0204 0.0519 -0.0465
0.0173 0.0575 -0.0441
0.0121 0.0409 -0.0292
0.0013 0.0324 -0.0152
0.0015 0.0266 -0.0099
-0.0112 0.0181 -0.0174
-0.0339 0.0188 -0.0052
-0.0499 0.0112 0.0029
-0.0515 -0.0042 -0.0038
-0.0528 0.0118 0.0008
-0.0456 0.0211 0.0032
-0.0384 0.0214 0.0009
-0.0368 -0.0027 -0.0112
-0.0453 0.0132 -0.0212
-0.0515 0.0243 -0.0173
-0.0471 0.0396 -0.0115
-0.0510 0.0720 -0.0118
-0.0597 0.0610 -0.0162
-0.0721 0.0984 -0.0327
0.1105 0.3519 -0.1907
0.0387 0.2276 -0.1930
-0.2479 -0.0508 0.0268
-0.3141 -0.1287 0.0618
-0.2564 -0.1278 0.0818
-0.0974 -0.0044 0.0519
-0.0574 0.0902 -0.0084
-0.0485 0.1280 -0.0277
-0.0712 -0.0232 -0.0076
-0.0531 -0.0883 0.0478
-0.0327 -0.0880 0.0440
-0.0013 -0.0292 0.0331
-0.0043 0.0141 0.0537
0.0019 0.0167 0.0718
0.0261 0.0220 0.0716
0.0376 0.0626 0.0585
0.0204 0.0709 0.0460
-0.0028 0.0531 0.0500
-0.0075 0.0481 0.0584
-0.0161 0.0575 0.0616
-0.0604 0.0850 0.0794
-0.0972 0.0558 0.0783
-0.1740 0.0262 0.0823
-0.2106 0.0452 0.1032
-0.2156 0.0737 0.1196
-0.2454 0.1214 0.1349
-0.2408 0.1112 0.1392
-0.1816 0.1100 0.0611
0.0299 0.2283 0.0140
-0.0930 0.0610 0.1215
-0.1439 -0.0037 0.1464
-0.1213 0.1278 0.0979
-0.1314 0.1734 0.1179
-0.1270 0.1854 0.1351
-0.1157 0.2571 0.1241
-0.1517 0.2816 0.1074
-0.1593 0.3016 0.1095
-0.1789 0.3401 0.1086
-0.1717 0.3618 0.0789
-0.1646 0.3811 0.0728
-0.1507 0.4005 0.0640
-0.1162 0.4369 0.0667
-0.0927 0.4552 0.0933
-0.0636 0.4719 0.1282
-0.0853 0.5239 0.1407
-0.1244 0.5337 0.1364
-0.2128 0.5376 0.1357
-0.2897 0.5160 0.1330
-0.3222 0.5074 0.1403
-0.4117 0.4541 0.1568
-0.4828 0.3689 0.1905
-0.5027 0.3165 0.2031
-0.5143 0.2290 0.2421
-0.5064 0.2204 0.2733
-0.4788 0.2271 0.3458
-0.4126 0.2841 0.4408
-0.3694 0.3188 0.4909
-0.2747 0.3860 0.5817
-0.2504 0.4485 0.6498
-0.2681 0.4936 0.6811
-0.2839 0.6231 0.7456
-0.2364 0.8143 0.7944
-0.2474 0.8829 0.7997
-0.3462 1.0741 0.7707
-0.5463 1.1188 0.6731
-0.6769 1.0534 0.6251
-0.8856 0.8707 0.5611
-0.9517 0.6380 0.5523
-0.9338 0.5681 0.5659
-0.8572 0.6400 0.5792
-0.6950 0.6724 0.6172
-0.6437 0.6549 0.6509
-0.5544 0.6329 0.7196
-0.4837 0.5736 0.7959
-0.4453 0.5330 0.8416
-0.3777 0.4502 0.9313
-0.3386 0.4163 0.9765
-0.3299 0.4133 0.9886
-0.3350 0.4318 0.9907
-0.3351 0.4227 0.9918
-0.3490 0.3901 1.0327
-0.3589 0.4436 1.0971
-0.4250 0.5130 1.1708
-0.6553 0.5667 1.2369
-0.8063 0.5759 1.2731
-0.8063 0.6100 1.2739
-0.7838 0.7422 1.3083
-0.7691 0.7559 1.4253
-0.7477 0.6906 1.4975
-0.6753 0.5871 1.5966
-0.6890 0.4451 1.6669
-0.7521 0.4151 1.6743
-0.9986 0.4023 1.7737
-1.2574 0.0810 1.5942
-1.3700 -0.2646 1.3811
-1.3091 -0.5922 0.8310
-0.8046 -0.4454 0.3647
-0.0949 0.0255 0.2091
0.1947 0.2809 0.2499
0.4445 0.5854 0.4276
0.4260 0.6751 0.4963
0.2674 0.7367 0.4968
0.1707 0.7413 0.4510
-0.0447 0.6993 0.2869
-0.3162 0.5041 -0.0463
-0.6731 0.1089 -0.5209
-0.8319 -0.1361 -0.7510
-0.9363 -0.3333 -1.0295
-0.8674 -0.2480 -1.0649
-0.5680 0.1175 -0.9508
-0.2723 0.4981 -0.6128
-0.1931 0.6187 -0.3936
-0.1975 0.6456 0.0332
-0.3249 0.4070 0.3207
-0.3895 0.2522 0.3879
-0.4186 0.0699 0.3608
-0.3467 0.0130 0.2069
-0.3170 -0.0400 0.1388
-0.2814 -0.1845 0.0663
-0.2678 -0.2824 0.0418
-0.2503 -0.2968 0.0248
-0.1826 -0.2626 0.0128
-0.0378 -0.1601 0.0181
0.0361 -0.1175 0.0201
0.1487 -0.0628 0.0180
0.2256 0.0032 -0.0107
0.2500 0.0609 -0.0280
0.2881 0.1940 -0.0366
0.3307 0.3335 -0.0361
0.3319 0.3852 -0.0322
0.2687 0.4191 -0.0095
0.2037 0.3961 0.0025
0.0898 0.2579 0.0188
0.1061 0.0140 0.0630
0.2652 -0.1497 0.1818
0.3124 -0.1770 0.2570
0.2454 -0.1806 0.4204
0.1356 -0.2038 0.4939
-0.1277 -0.4016 0.5833
-0.2416 -0.7756 0.5667
-0.1705 -0.9152 0.4981
0.2647 -0.7668 0.3001
0.8695 0.1229 0.1993
1.0668 0.6342 0.2372
1.0648 1.4887 0.5246
0.6600 1.7976 0.8216
0.4034 1.7262 0.9185
-0.0570 1.2110 1.0274
-0.3130 0.4065 0.9354
-0.3326 0.0357 0.8072
-0.2136 -0.3910 0.4934
-0.1658 -0.3928 0.2307
-0.2319 -0.3859 0.1551
-0.4069 -0.3993 0.1772
-0.3404 -0.1536 0.3565
-0.1989 0.0724 0.4820
0.1530 0.5175 0.7683
0.3491 0.7392 1.0573
0.3582 0.6966 1.1773
0.3015 0.4930 1.3142
0.2751 0.4158 1.3003
0.2195 0.3026 1.1043
0.1267 0.2239 0.7598
0.0377 0.1540 0.5735
-0.1975 -0.0371 0.2319
-0.4136 -0.2009 -0.0481
-0.4911 -0.2805 -0.1764
-0.5964 -0.4365 -0.3558
-0.6415 -0.5799 -0.4198
-0.6408 -0.6720 -0.4178
-0.6283 -0.8921 -0.3914
-0.5442 -0.9778 -0.3226
-0.4634 -0.9269 -0.2729
-0.3016 -0.7245 -0.1809
-0.2560 -0.5918 -0.0571
-0.2676 -0.5515 0.0210
-0.4143 -0.4349 0.1077
-0.8987 -0.5582 -0.1639
-1.1795 -0.7299 -0.4484
-1.3161 -0.9579 -1.0617
-0.5314 -0.4147 -1.4405
0.0573 0.0109 -1.4619
1.0784 0.5216 -1.1467
1.5076 0.4848 -0.6711
1.4748 0.2844 -0.5164
1.0878 -0.3622 -0.5068
0.7704 -0.6937 -0.6507
0.0204 -1.1558 -1.1895
-0.5579 -1.2620 -1.9557
-0.6337 -0.9437 -2.7087
-0.5403 -0.6559 -2.9772
-0.3464 -0.2007 -3.1722
-0.3146 -0.0468 -3.1335
-0.4379 0.2092 -2.9680
-0.6930 0.4859 -2.8501
-0.8381 0.5254 -2.7903
-0.7906 0.4395 -2.7610
-0.4165 0.1405 -2.5990
-0.1388 -0.0846 -2.4764
0.3900 -0.6126 -2.1589
0.7378 -0.8310 -1.7744
0.8078 -0.7485 -1.5793
0.7351 -0.4862 -1.3130
0.4860 -0.4809 -1.1463
0.4041 -0.5040 -1.0514
0.4410 -0.4625 -0.8318
0.6149 -0.2281 -0.6190
0.6768 -0.0592 -0.5165
0.6466 0.2002 -0.3042
0.4706 0.2706 -0.1199
0.3631 0.2527 -0.0391
0.2231 0.1897 0.1357
0.2111 0.2181 0.2418
0.2045 0.3858 0.4296
0.1209 0.5978 0.6205
-0.1260 0.4815 0.8142
-0.2690 0.2748 0.8737
-0.3470 0.0896 0.9514
0.0430 0.4579 1.0872
0.3605 0.8627 1.2114
0.9178 1.5996 1.5527
1.0499 1.7920 1.7384
0.9230 1.8274 2.0551
0.3743 1.2858 2.2166
0.0548 0.8997 2.2293
-0.4219 0.3925 2.1263
-0.5883 0.3976 1.9071
-0.6232 0.4557 1.7932
-0.6266 0.5287 1.6122
-0.4155 0.8110 1.5898
-0.2409 0.9143 1.6300
0.0890 0.9471 1.7555
0.2991 0.8198 1.8547
0.3491 0.6864 1.8811
0.4269 0.4165 1.8863
0.4813 0.4261 1.7635
0.5035 0.4991 1.6250
0.5378 0.5247 1.2352
0.5668 0.5064 1.0437
0.6081 0.3127 0.6947
0.5661 0.0358 0.3498
0.4911 -0.1036 0.1909
0.2379 -0.3981 -0.0674
-0.0346 -0.7022 -0.2578
-0.1217 -0.7984 -0.3462
-0.2004 -0.8161 -0.5262
-0.3358 -0.8356 -0.6904
-0.4143 -0.8470 -0.7474
-0.4805 -0.8108 -0.8256
-0.3790 -0.7552 -0.8789
-0.2845 -0.7588 -0.8863
-0.0646 -0.7816 -0.8177
-0.1113 -0.8649 -0.8328
-0.3063 -1.0848 -0.9381
-0.7340 -1.6802 -1.2685
-0.5638 -1.7023 -1.5203
-0.1904 -1.3395 -1.5905
0.8205 -0.2043 -1.5203
1.4890 0.4397 -1.2013
1.5435 0.3976 -1.0379
1.1845 -0.1979 -0.8741
0.4829 -1.1113 -0.9670
0.1105 -1.4446 -1.1091
-0.4091 -1.5198 -1.4844
-0.5175 -1.0429 -1.8514
-0.4958 -0.7239 -1.9844
-0.4685 -0.2698 -2.1163
-0.5389 -0.2208 -2.1526
-0.5884 -0.2687 -2.1557
-0.6679 -0.2831 -2.1218
-0.6730 -0.2558 -2.0786
-0.5901 -0.0771 -1.9186
-0.4491 0.0994 -1.6219
-0.3632 0.0846 -1.2175
-0.3500 0.0191 -0.9975
-0.3133 -0.1166 -0.5422
-0.2957 -0.1533 -0.3263
-0.2774 -0.1531 0.0441
-0.2462 -0.1768 0.2853
-0.0956 -0.2128 0.3953
0.0296 -0.1217 0.4036
0.2770 0.2599 0.3573
0.3516 0.4661 0.3233
0.3065 0.6343 0.3227
0.1009 0.5169 0.3684
0.0121 0.4365 0.3732
-0.0144 0.4921 0.3403
0.0946 0.6570 0.2706
0.1215 0.7317 0.2520
0.0983 0.8348 0.3235
-0.0476 0.7098 0.5012
-0.1726 0.4834 0.5836
-0.3873 0.0155 0.7017
-0.2641 0.1385 0.7552
-0.0573 0.4460 0.8143
0.4982 1.2579 1.1335
0.7628 1.6273 1.4092
1.0067 2.0387 1.9830
0.6761 1.8130 2.3123
0.3300 1.4804 2.3915
-0.5204 0.6045 2.3855
-1.1290 -0.0483 2.2134
-1.2370 -0.1758 2.1034
-1.1245 -0.1275 1.9004
-0.6999 0.2356 1.7983
-0.4555 0.4387 1.8114
-0.1395 0.5583 1.9612
-0.0880 0.4012 2.1679
-0.0752 0.3383 2.2179
0.0533 0.5594 2.1409
0.1804 0.9496 1.8945
0.1942 1.0632 1.7730
0.1353 1.0791 1.6061
0.0248 0.9437 1.4656
-0.0366 0.8327 1.3638
-0.1178 0.5089 1.1300
-0.1454 0.2810 0.9553
-0.1645 0.1871 0.8810
-0.2214 0.0807 0.6933
-0.3091 0.0255 0.4456
-0.3464 -0.0442 0.3229
-0.3348 -0.1949 0.0908
-0.2791 -0.2674 -0.0171
-0.1426 -0.4842 -0.2134
-0.0010 -0.6755 -0.2986
0.1223 -0.6890 -0.2776
0.1536 -0.6396 -0.2595
0.1807 -0.4389 -0.1713
0.1754 -0.3647 -0.0869
0.0134 -0.5929 0.0348
-0.2424 -1.2397 -0.0683
-0.2732 -1.4824 -0.2305
-0.0409 -1.4597 -0.6520
0.4637 -0.7734 -0.9757
0.7349 -0.3332 -1.0207
1.1250 0.3234 -0.8226
1.1670 0.4914 -0.4204
1.0654 0.4145 -0.2465
0.6571 -0.0539 -0.1032
0.1022 -0.5661 -0.3094
-0.1928 -0.7383 -0.5487
-0.7034 -0.9286 -1.2366
-0.8830 -0.6549 -1.9569
-0.8384 -0.3768 -2.2157
-0.6328 0.0110 -2.3907
-0.4048 0.0857 -2.1107
-0.3228 0.0953 -1.8566
-0.2939 0.1233 -1.2950
-0.3788 0.2158 -0.8543
-0.4066 0.2088 -0.7413
-0.3494 0.1255 -0.6762
-0.1615 0.0969 -0.7214
-0.0538 0.0910 -0.7467
0.1249 0.0811 -0.7476
0.1772 0.0807 -0.7219
0.1936 0.0683 -0.6501
0.1363 0.0111 -0.5677
0.1388 -0.0443 -0.4670
0.1731 -0.0233 -0.4152
0.2562 0.0839 -0.3239
0.2818 0.1458 -0.2713
0.2685 0.2477 -0.1558
0.2009 0.2954 -0.0692
0.1718 0.3306 -0.0417
0.1318 0.4465 0.0088
0.1044 0.5922 0.0944
0.0871 0.6633 0.1608
0.0024 0.6877 0.3192
-0.1892 0.4116 0.5115
-0.2930 0.1576 0.6027
-0.3166 -0.1531 0.7576
0.0286 0.0962 0.8524
0.2696 0.3678 0.9027
0.6631 0.8638 1.0993
0.7601 1.0197 1.3825
0.7166 1.0025 1.5042
0.5928 0.9015 1.6934
0.5237 0.8120 1.8395
0.4872 0.7821 1.8960
0.3638 0.5948 1.9550
0.2730 0.4180 1.9495
0.0527 -0.0060 1.8393
-0.1828 -0.5192 1.6118
-0.1649 -0.7566 1.3529
0.0275 -0.5853 1.2083
0.5401 0.0573 0.9031
0.7191 0.4168 0.7735
0.7831 0.9139 0.6237
0.6374 1.0617 0.5743
0.5682 1.0508 0.5444
0.4792 0.8953 0.4155
0.3700 0.6118 0.1632
0.2818 0.4142 -0.0158
0.0862 -0.0228 -0.4473
-0.1113 -0.3964 -0.9289
-0.1959 -0.5344 -1.1341
-0.2652 -0.6127 -1.4203
-0.2791 -0.6032 -1.5749
-0.2867 -0.5991 -1.5577
-0.3132 -0.6339 -1.5035
-0.4092 -0.8398 -1.3680
-0.4316 -0.9590 -1.3218
-0.3863 -1.1656 -1.3362
-0.3257 -1.2502 -1.3766
-0.1617 -1.3805 -1.4359
-0.0405 -1.4014 -1.4287
-0.0279 -1.4128 -1.4061
-0.0507 -1.4576 -1.4186
-0.1102 -1.4470 -1.5199
-0.2823 -1.3533 -1.7196
-0.4227 -1.3147 -1.8384
-0.7439 -1.3035 -2.0995
-0.8914 -1.3712 -2.2436
-1.0449 -1.6495 -2.5076
-0.9165 -1.7527 -2.7004
-0.7546 -1.6307 -2.7501
-0.3934 -1.0951 -2.6283
-0.1952 -0.5963 -2.1888
-0.1973 -0.4942 -1.9369
-0.3540 -0.5437 -1.5770
-0.4527 -0.7246 -1.4025
-0.3811 -0.7891 -1.3460
0.1829 -0.8660 -1.4379
0.4157 -1.0060 -1.4323
0.4033 -1.1135 -1.4300
0.1100 -1.2065 -1.3934
-0.1779 -0.9666 -1.4680
-0.2421 -0.7647 -1.5105
-0.1944 -0.5403 -1.5579
-0.0276 -0.5913 -1.5389
0.0462 -0.6833 -1.5041
0.1564 -0.9132 -1.4057
0.2012 -1.2808 -1.4095
0.1982 -1.4665 -1.4895
0.2447 -1.4967 -1.7249
0.3896 -1.1169 -1.9820
0.4552 -0.9188 -2.0715
0.4551 -0.7191 -2.1543
0.3859 -0.6936 -2.1757
0.1787 -0.7990 -2.2262
-0.0283 -0.9489 -2.2746
-0.1285 -0.9262 -2.2382
-0.1185 -0.8385 -2.1803
-0.1238 -0.6237 -2.0021
-0.1811 -0.5636 -1.8848
-0.3167 -0.5664 -1.6051
-0.3538 -0.6944 -1.3266
-0.3242 -0.7657 -1.2012
-0.1799 -0.8630 -0.9679
-0.0011 -0.7449 -0.7948
0.0583 -0.6289 -0.7250
0.0934 -0.4621 -0.5647
0.0354 -0.4567 -0.4024
0.0038 -0.4927 -0.3476
-0.0160 -0.5935 -0.3067
0.0289 -0.6813 -0.3649
0.0691 -0.7107 -0.4101
0.0734 -0.9263 -0.5383
-0.0052 -1.4781 -0.7278
0.0346 -1.6646 -0.8507
0.3860 -1.5609 -1.1326
0.8595 -0.8899 -1.3134
0.9922 -0.5267 -1.3076
0.8980 -0.1402 -1.1245
0.7464 -0.1006 -1.0314
0.4630 -0.3222 -0.9702
0.3587 -0.7330 -1.0545
0.3973 -1.0421 -1.2428
0.4071 -1.1128 -1.3589
0.2877 -1.1500 -1.5637
0.0995 -1.0873 -1.6304
0.0439 -1.0202 -1.6328
0.0269 -0.8948 -1.5997
0.0474 -0.8607 -1.5783
0.0431 -0.8463 -1.5806
-0.1255 -0.8508 -1.6461
-0.3755 -0.8484 -1.7360
-0.4814 -0.8569 -1.7765
-0.6101 -0.9230 -1.8523
-0.6388 -0.9622 -1.8794
-0.6313 -1.0842 -1.8702
-0.6215 -1.1196 -1.7854
-0.6394 -1.0871 -1.7445
-0.7011 -0.9561 -1.6987
-0.7441 -0.8382 -1.6755
-0.7448 -0.7845 -1.6499
-0.6966 -0.7424 -1.5544
-0.5783 -0.7345 -1.4522
-0.5102 -0.7708 -1.4078
-0.3497 -0.9567 -1.3472
-0.2503 -1.0157 -1.3312
-0.0699 -1.0089 -1.3330
-0.0048 -0.9992 -1.3180
-0.0105 -0.9383 -1.2774
-0.0063 -0.8972 -1.2561
0.0534 -0.8045 -1.1844
0.1021 -0.7745 -1.1232
0.1844 -0.7181 -0.9705
0.2009 -0.6766 -0.8296
0.1987 -0.6625 -0.7752
0.2287 -0.5820 -0.6901
0.2563 -0.5313 -0.6244
0.2399 -0.6046 -0.6145
0.2092 -0.8163 -0.6301
0.2187 -0.9423 -0.7115
0.2055 -0.9694 -0.7744
0.1312 -1.0634 -0.8954
0.1705 -1.1825 -0.9892
0.3194 -1.1542 -1.0187
0.7884 -0.8239 -1.0161
1.1078 -0.2994 -0.8567
1.1088 -0.1097 -0.7225
0.7777 -0.0378 -0.4779
0.4928 -0.1607 -0.4348
-0.1908 -0.6136 -0.5838
-0.7809 -0.9646 -1.0083
-1.0367 -0.8576 -1.5844
-1.0507 -0.6986 -1.8544
-0.9829 -0.3872 -2.0919
-0.9748 -0.3636 -1.8616
-0.9932 -0.4696 -1.6560
-0.9694 -0.7544 -1.3100
-0.9184 -0.8571 -1.2259
-0.7358 -0.8579 -1.2175
-0.4915 -0.5499 -1.3133
-0.3157 -0.2595 -1.3500
-0.2972 -0.1911 -1.3153
-0.3448 -0.1517 -1.2091
-0.3436 -0.1534 -1.1658
-0.2713 -0.1377 -1.1228
-0.2000 -0.1046 -1.1025
-0.1810 -0.0964 -1.0856
-0.1649 -0.0898 -1.0215
-0.1482 -0.1184 -0.9110
-0.1335 -0.1495 -0.8462
-0.0839 -0.1762 -0.7235
-0.0462 -0.1909 -0.6143
-0.0225 -0.1922 -0.5496
0.0452 -0.2416 -0.4066
0.2011 -0.3901 -0.2446
0.3185 -0.4621 -0.1506
0.5451 -0.6251 0.0632
0.5844 -0.7309 0.2342
0.5294 -0.6925 0.2910
0.4124 -0.5357 0.3478
0.3869 -0.3999 0.3310
0.4659 0.1336 0.2465
0.6876 0.8807 0.2385
0.7997 1.1669 0.3080
0.8910 1.5483 0.5976
0.7757 1.5901 0.9471
0.6628 1.4775 1.1214
0.3300 1.0705 1.4171
-0.0661 0.3716 1.5440
-0.2294 -0.0202 1.4970
-0.4178 -0.6337 1.1994
-0.1616 -0.5123 0.7632
0.0993 -0.0801 0.5518
0.5013 0.9709 0.2863
0.4437 1.6144 0.4637
0.3165 1.7473 0.6924
0.1489 1.8175 1.1678
0.2309 1.8036 1.3969
0.3214 1.7447 1.4034
0.4319 1.4882 1.2823
0.3948 0.9978 1.0282
0.3601 0.7022 0.8772
0.3377 0.2230 0.5780
0.2769 -0.0199 0.3425
0.2235 -0.0518 0.2608
0.1209 0.0335 0.1435
0.0817 0.1253 0.0519
0.0781 0.1560 0.0080
0.0880 0.0818 -0.0797
0.1017 -0.0008 -0.1069
0.1001 -0.2237 -0.1457
0.0655 -0.4441 -0.2003
0.0480 -0.5236 -0.2419
0.0781 -0.5529 -0.2949
0.1153 -0.5570 -0.2737
0.0951 -0.6067 -0.2380
-0.0005 -0.8504 -0.1952
0.0383 -0.9830 -0.2251
0.0718 -0.9874 -0.2848
-0.1106 -1.0337 -0.5020
-0.4555 -1.1834 -0.8881
-0.4744 -1.1705 -1.1170
-0.0798 -0.8388 -1.4792
0.5154 -0.3622 -1.5238
0.6927 -0.2299 -1.4065
0.6569 -0.2410 -1.0367
0.2214 -0.6896 -0.7896
-0.0512 -1.0092 -0.7763
-0.4829 -1.5267 -1.0157
-0.5787 -1.4971 -1.5431
-0.5268 -1.2882 -1.8279
-0.4923 -0.7507 -2.1799
-0.5589 -0.5401 -2.1870
-0.7452 -0.3181 -1.9604
-0.8298 -0.2817 -1.6295
-0.8211 -0.2755 -1.3498
-0.8117 -0.2293 -1.2592
-0.8235 -0.1376 -1.1398
-0.8517 -0.0606 -1.0241
-0.8638 -0.0552 -0.9553
-0.8904 -0.0702 -0.7834
-0.8982 -0.0607 -0.6928
-0.7796 -0.0283 -0.4289
-0.6803 -0.0361 -0.3374
-0.5530 -0.0624 -0.2379
-0.2490 -0.0895 -0.0170
0.0351 0.0173 0.2392
0.1389 0.1025 0.3746
0.2391 0.2666 0.6349
0.2591 0.3894 0.8094
0.2619 0.4764 0.8563
0.2656 0.6497 0.8957
0.2331 0.7003 0.9086
0.1914 0.6441 0.8794
0.1150 0.4441 0.7445
0.1024 0.2391 0.5669
0.1560 0.2373 0.4984
0.4250 0.4864 0.4858
0.7429 0.9789 0.7590
0.8343 1.2447 1.0317
0.7872 1.6340 1.7102
0.6530 1.7033 2.0439
0.1995 1.5217 2.5398
-0.3134 0.8951 2.7414
-0.5537 0.1673 2.6357
-0.5571 -0.0813 2.4960
-0.3765 -0.2923 2.1355
-0.2109 -0.2174 1.9918
0.2022 0.2872 1.8487
0.4660 0.8644 1.9473
0.4895 1.0840 2.0496
0.4702 1.3301 2.2273
0.5542 1.4394 2.2806
0.5985 1.4272 2.2534
0.6394 1.2886 2.1518
0.6518 1.1472 1.9722
0.6592 1.0818 1.8439
0.6361 0.9467 1.5238
0.5132 0.7811 1.1300
0.4375 0.6745 0.9210
0.3250 0.4177 0.5084
0.2807 0.2415 0.1857
0.2582 0.2054 0.0685
0.1406 0.1403 -0.0692
-0.0813 -0.0395 -0.0974
-0.2025 -0.1730 -0.0970
-0.3235 -0.4673 -0.1059
-0.3060 -0.6635 -0.1214
-0.3456 -0.7579 -0.1457
-0.6334 -0.9451 -0.2672
-0.8170 -0.9815 -0.3508
-1.1269 -0.8071 -0.6221
-1.3137 -0.6386 -1.0977
-1.3003 -0.5581 -1.3799
-0.9083 -0.3379 -1.8242
-0.2181 -0.1133 -1.8683
0.0747 -0.0294 -1.7270
0.2950 0.0762 -1.2888
0.1683 -0.0354 -0.9730
0.0786 -0.1660 -0.9536
-0.0325 -0.5044 -1.2272
-0.0036 -0.6761 -1.7681
0.0601 -0.6249 -2.0453
0.2026 -0.3210 -2.4283
0.2998 0.0394 -2.4703
0.3102 0.1735 -2.3750
0.2678 0.3695 -2.0511
0.1403 0.4106 -1.6926
0.0443 0.3761 -1.5418
-0.1262 0.2896 -1.3194
-0.2433 0.1742 -1.1448
-0.2999 0.0576 -1.0336
-0.4031 -0.2426 -0.7263
-0.5002 -0.5579 -0.3088
-0.5277 -0.7663 -0.0766
-0.5262 -1.2364 0.4026
-0.4891 -1.3975 0.6151
-0.2716 -1.4137 0.8855
0.1606 -1.0106 0.9271
0.6133 -0.5376 0.8593
0.7507 -0.3790 0.8367
0.8114 -0.2143 0.7688
0.7790 -0.1915 0.7090
0.7550 -0.1803 0.5140
0.8331 -0.0375 0.2928
0.8493 0.2270 0.1681
0.6080 0.2393 0.0354
0.4868 0.1828 -0.0488
0.4251 0.0504 -0.1616
0.4374 0.0330 -0.1559
0.4842 0.0815 -0.0885
0.5193 0.2349 -0.0494
0.5806 0.7522 0.1113
0.5418 1.3949 0.5093
0.4437 1.7099 0.7889
0.0454 2.0002 1.3743
-0.5720 1.5360 1.7834
-0.8700 0.9891 1.8653
-1.1723 -0.3735 1.8380
-0.9118 -1.1666 1.6836
-0.5637 -1.1066 1.5488
0.2173 -0.4551 1.1818
0.5287 -0.0588 1.0241
0.9171 0.6963 0.8515
1.1096 1.2015 0.7955
1.1844 1.2505 0.7640
1.3245 1.0157 0.6475
1.3181 0.5772 0.4462
1.2753 0.4753 0.3227
1.1398 0.4049 0.0500
0.9689 0.3332 -0.1985
0.8910 0.3172 -0.2884
0.7583 0.3420 -0.3885
0.5820 0.2892 -0.3709
0.4590 0.2356 -0.3316
0.1456 0.1122 -0.2372
-0.1723 0.0452 -0.2095
-0.2930 -0.0005 -0.2260
-0.4020 -0.0799 -0.2580
-0.4230 -0.1943 -0.2455
-0.4234 -0.2537 -0.2133
-0.3643 -0.3815 -0.1088
-0.2602 -0.4265 0.0170
-0.2633 -0.5134 0.0526
-0.3297 -0.6072 0.0841
-0.4414 -0.3014 -0.0308
-0.5398 -0.1573 -0.1727
-0.6827 -0.0341 -0.5014
-0.6149 0.0567 -0.6547
-0.4485 0.1691 -0.5831
0.0697 0.5124 -0.1130
0.5398 0.5811 0.5887
0.6664 0.4736 0.8439
0.6740 0.2500 0.9916
0.3759 0.0573 0.7381
0.1322 0.0132 0.5332
-0.3701 0.0948 0.1829
-0.5319 0.2399 0.1027
-0.5490 0.6224 0.0760
-0.3438 1.0053 0.1082
-0.2773 1.0686 0.1449
-0.3360 0.8954 0.2278
-0.5580 0.4881 0.2639
-0.6505 0.3115 0.3040
-0.7809 -0.2465 0.3307
-0.6995 -0.2277 0.2681
-0.6097 0.1103 0.4752
-0.4416 0.6137 1.0847
-0.4975 0.6815 1.5622
-0.5843 0.6135 1.7900
-0.7508 0.6557 2.2363
-0.7002 1.1138 2.5851
-0.6246 1.1920 2.6427
-0.4331 0.9642 2.5664
-0.2455 1.0408 2.3594
-0.1879 1.0750 2.2057
-0.0962 1.0946 1.8807
-0.0234 1.0773 1.6068
0.0236 1.0118 1.5189
0.1302 0.8682 1.4366
0.1544 0.8508 1.4130
0.1083 0.8391 1.3616
0.0332 0.8302 1.3230
0.0265 0.8464 1.3056
0.0584 0.8593 1.2432
0.0774 0.8884 1.1678
0.0507 0.9251 1.1523
-0.0591 1.1282 1.2319
-0.1559 1.2812 1.4397
-0.2488 1.0825 1.6227
-0.4185 0.4437 1.6278
-0.4999 0.1388 1.5513
-0.5122 -0.0408 1.4371
-0.2593 0.0489 1.1722
0.1236 0.6518 0.9945
0.2327 0.8489 0.9557
0.2607 0.9505 0.9423
0.2046 0.8159 0.9633
0.1959 0.8340 0.9729
0.1033 0.9814 0.9334
-0.2201 0.9961 0.8260
-0.4134 0.8987 0.7841
-0.7662 0.5501 0.7137
-1.0202 0.3969 0.6157
-1.0584 0.3779 0.5949
-0.5099 0.3954 0.5374
-0.4241 0.2401 0.4267
-0.5056 0.2288 0.4325
-0.5007 0.0954 0.6328
-0.4948 0.1658 0.5746
-0.4503 0.3426 0.4097
-0.3091 0.4140 0.3089
-0.2215 0.3922 0.2689
-0.0374 0.2668 0.1874
0.1016 0.0886 0.0986
0.1201 0.0275 0.0621
0.0741 -0.0343 0.0660
0.0224 -0.1286 0.1572
0.0186 -0.1326 0.1895
0.0633 -0.1393 0.1825
0.1512 -0.2620 0.1164
0.2035 -0.3205 0.0758
0.2855 -0.3354 0.0323
0.3848 -0.1014 0.0565
0.4358 0.0559 0.0980
0.5081 0.2237 0.2324
0.4880 0.0961 0.3663
0.4498 -0.0266 0.4150
0.3750 -0.2512 0.4785
0.2984 -0.4425 0.4942
0.2422 -0.4966 0.4931
0.1071 -0.4524 0.4962
-0.0872 -0.2761 0.5069
-0.1410 -0.1393 0.5291
-0.0684 0.2066 0.5633
0.0268 0.3305 0.5611
0.1826 0.3887 0.5302
0.2176 0.3542 0.5219
0.2018 0.4040 0.5456
0.1341 0.5048 0.6464
0.0090 0.4818 0.8141
-0.0524 0.4325 0.8809
-0.1086 0.3341 0.9638
-0.1070 0.2129 0.9869
-0.1079 0.1497 0.9970
-0.1036 0.1096 1.0664
-0.0839 0.1715 1.2031
-0.0785 0.1798 1.2680
0.0305 0.4818 1.3579
0.1232 0.9352 1.4499
0.0758 1.0894 1.5265
-0.1357 1.2626 1.7286
-0.2871 1.2792 1.8658
-0.3248 1.3496 1.8654
-0.4305 1.5833 1.7359
-0.5200 1.6449 1.4935
-0.4421 1.5419 1.3942
0.0120 1.1808 1.2993
0.4635 0.7954 1.2775
0.5567 0.6803 1.2540
0.7129 0.6777 1.1989
1.0095 1.0432 1.1078
1.1862 1.2373 1.0179
1.5517 1.3768 0.8857
1.8223 0.8982 0.9353
1.8254 0.4612 0.9753
1.7007 -0.2619 0.8865
1.6706 -0.2240 0.7199
1.7433 0.2750 0.3465
1.7075 0.4629 0.3027
1.4612 0.4585 0.4987
1.3085 0.3365 0.5694
1.0990 -0.2538 0.5334
1.1050 -0.3153 0.4262
1.2081 0.1627 -0.0208
1.1402 0.2008 -0.0365
1.0034 0.1570 0.0133
0.5278 -0.0903 0.1573
0.1172 -0.2434 0.2165
0.0344 -0.1500 0.1770
0.0630 0.2682 0.0134
0.2207 0.7592 -0.1538
0.1469 0.7001 -0.1623
-0.0803 0.5738 -0.0698
-0.1238 0.2748 0.0238
-0.0711 0.1962 0.0149
-0.0139 0.1410 -0.0276
0.0046 0.0796 -0.0800
0.0403 0.1082 -0.1008
0.0442 0.2777 -0.1492
-0.0589 0.2487 -0.1521
-0.2277 0.1607 -0.1321
-0.1483 0.1962 -0.0556
-0.0807 0.1937 -0.0147
-0.0349 0.0568 0.0508
0.0263 -0.0701 0.0653
0.0815 -0.0708 0.0531
0.1430 0.0370 -0.0113
0.0695 0.1255 -0.0586
0.0684 0.1445 -0.0277
0.1277 0.0802 0.0500
0.1624 -0.0390 0.0643
0.1793 -0.0490 0.0638
0.1954 -0.0445 0.0464
0.2006 -0.0615 0.0186
0.2218 -0.0881 0.0068
0.2765 -0.1142 -0.0135
0.2126 -0.1167 -0.0584
0.1460 -0.1188 -0.0763
0.0742 -0.1219 -0.0675
0.1141 -0.1349 -0.0384
0.1337 -0.1212 -0.0301
0.1030 -0.0999 -0.0287
0.0212 -0.1033 -0.0231
-0.0246 -0.0937 -0.0138
-0.0495 -0.0951 0.0094
-0.0379 -0.0975 -0.0048
-0.0520 -0.1037 -0.0092
-0.1045 -0.1180 0.0161
-0.1115 -0.0819 0.0442
-0.0992 -0.0568 0.0518
-0.0666 -0.0247 0.0587
-0.0420 -0.0493 0.0435
-0.0209 -0.0619 0.0334
0.0073 -0.0670 0.0019
0.0212 -0.0519 0.0043
0.0340 -0.0183 0.0117
0.0448 -0.0097 0.0146
0.0485 -0.0071 0.0127
0.0876 -0.0313 0.0137
0.1273 -0.0347 0.0191
0.1340 -0.0157 0.0159
0.1271 -0.0136 0.0151
0.1369 -0.0293 0.0090
0.1514 -0.0208 0.0045
0.1619 -0.0039 0.0059
0.1594 0.0043 0.0122
0.1620 0.0066 0.0031
0.1739 0.0179 -0.0002
0.1701 0.0069 0.0090
0.1605 -0.0070 0.0223
0.1511 -0.0049 0.0406
0.1499 0.0106 0.0373
0.1716 0.0461 0.0456
0.1951 0.0574 0.0658
0.1828 0.0516 0.0576
0.1637 0.0336 0.0494
0.1717 -0.0177 0.0378
0.1868 -0.0281 0.0293
0.2259 -0.0301 0.0331
0.2626 -0.0153 0.0312
0.2630 -0.0174 0.0232
0.2502 -0.0145 0.0190
0.2360 -0.0064 0.0171
0.2283 -0.0058 0.0256
0.2336 -0.0050 0.0206
0.2438 0.0180 0.0044
0.2114 0.0325 0.0105
0.1455 0.0523 0.0369
0.1221 0.0518 0.0342
0.1159 0.0458 0.0296
0.1458 0.0284 0.0318
0.1643 -0.0104 0.0240
0.1656 -0.0223 0.0240
0.1280 -0.0160 0.0259
0.0657 0.0013 0.0326
0.0379 0.0149 0.0292
0.0294 0.0187 0.0330
0.0603 0.0020 0.0297
0.0738 -0.0096 0.0245
0.0642 -0.0092 0.0118
0.0276 0.0272 0.0266
0.0229 0.0566 0.0359
0.0253 0.0706 0.0342
0.0308 0.0609 0.0328
0.0406 0.0231 0.0314
0.0477 0.0072 0.0321
0.0330 0.0298 0.0290
0.0245 0.0385 0.0263
0.0240 0.0285 0.0210
0.0381 0.0214 0.0138
0.0571 0.0175 0.0020
0.0584 0.0423 0.0073
0.0599 0.0520 0.0121
0.0640 0.0441 0.0177
0.0735 0.0184 0.0175
0.0849 0.0133 0.0228
0.1029 0.0286 0.0267
0.0856 0.0400 0.0346
0.0747 0.0436 0.0349
0.0863 0.0333 0.0301
0.1058 0.0179 0.0236
0.1134 0.0118 0.0215
0.1093 0.0158 0.0202
0.1035 0.0186 0.0118
0.0969 0.0169 0.0198
0.0835 0.0288 0.0177
0.0906 0.0299 0.0143
0.1081 0.0191 0.0061
0.1299 0.0397 -0.0047
0.1247 0.0425 -0.0095
0.0987 0.0208 -0.0056
0.1050 0.0058 -0.0033
0.1067 0.0169 -0.0026
0.1152 0.0424 -0.0060
0.1200 0.0593 0.0016
0.1049 0.0568 0.0031
0.0531 0.0334 0.0236
0.0319 0.0172 0.0224
0.0346 0.0244 0.0140
0.0694 0.0389 0.0107
0.0712 0.0451 0.0209
0.0587 0.0429 0.0207
0.0447 0.0284 0.0039
0.0411 0.0051 0.0048
0.0422 0.0027 0.0137
0.0364 0.0132 0.0239
0.0251 0.0191 0.0278
0.0240 0.0218 0.0289
0.0264 0.0170 0.0276
0.0179 -0.0113 0.0257
0.0119 -0.0257 0.0192
0.0185 -0.0253 0.0041
0.0509 -0.0282 0.0027
0.0605 -0.0230 -0.0062
0.0372 -0.0026 -0.0151
0.0145 -0.0061 -0.0024
-0.0127 -0.0240 0.0286
-0.0208 -0.0670 0.0300
0.0585 -0.0929 0.0118
0.0788 -0.0581 -0.0092
0.0404 0.0106 -0.0169
0.0076 0.0340 -0.0111
-0.0367 0.0255 -0.0082
-0.0331 0.0303 -0.0051
-0.0287 -0.0034 0.0035
-0.0594 -0.0447 0.0241
-0.0588 0.0114 0.0138
-0.0377 0.0427 -0.0055
0.0175 0.0658 -0.0271
0.0331 0.0402 -0.0239
0.0160 0.0270 -0.0140
-0.0120 0.0006 0.0046
0.0029 -0.0193 0.0102
0.0119 -0.0215 0.0101
0.0111 0.0050 0.0102
0.0098 0.0407 0.0109
0.0099 0.0416 0.0072
0.0037 0.0097 -0.0022
0.0289 -0.0003 0.0046
0.0448 0.0201 0.0058
0.0355 0.0413 0.0012
0.0149 0.0422 0.0057
-0.0155 0.0164 0.0219
0.0026 0.0188 0.0163
0.0312 0.0180 -0.0087
0.0275 0.0155 -0.0131
-0.0043 0.0054 -0.0131
-0.0066 0.0054 -0.0065
0.0208 0.0079 -0.0053
0.0348 -0.0202 -0.0119
0.0587 -0.0659 -0.0064
0.0512 0.0018 -0.0225
0.0047 0.0592 -0.0203
-0.0233 0.0558 -0.0113
-0.0416 0.0421 0.0083
0.0044 -0.0069 0.0343
0.0222 -0.0290 0.0374
0.0142 0.0032 0.0224
-0.0049 0.0465 0.0167
-0.0002 0.0393 0.0163
0.0228 0.0046 0.0164
0.0197 -0.0302 0.0001
0.0158 -0.0364 -0.0043
0.0219 -0.0123 -0.0016
0.0363 0.0196 0.0102
0.0366 0.0195 0.0148
0.0300 0.0188 0.0153
0.0081 0.0229 0.0185
-0.0020 0.0209 0.0247
0.0043 0.0113 0.0196
0.0135 0.0091 0.0127
0.0285 0.0196 -0.0046
0.0242 0.0399 0.0051
0.0145 0.0549 0.0147
0.0035 0.0449 0.0161
-0.0137 0.0140 0.0092
-0.0167 -0.0026 0.0034
-0.0100 0.0031 -0.0005
0.0091 0.0236 -0.0060
0.0125 0.0350 -0.0094
0.0118 0.0459 -0.0104
0.0160 0.0100 -0.0032
0.0105 -0.0171 0.0024
-0.0054 -0.0285 0.0122
0.0046 -0.0058 0.0075
0.0214 0.0088 0.0033
0.0344 0.0328 0.0154
0.0075 0.0177 0.0304
-0.0067 0.0019 0.0332
0.0073 -0.0122 0.0157
0.0246 -0.0050 -0.0103
0.0211 0.0029 -0.0103
0.0115 0.0309 -0.0043
0.0107 0.0335 -0.0003
0.0036 0.0135 0.0032
-0.0115 -0.0190 -0.0024
-0.0086 -0.0137 -0.0181
0.0059 -0.0014 -0.0235
0.0271 0.0349 -0.0349
0.0273 0.0285 -0.0297
0.0081 -0.0092 -0.0257
0.0226 -0.0239 -0.0344
0.0266 -0.0149 -0.0289
0.0171 0.0014 -0.0119
0.0110 0.0185 0.0006
0.0153 0.0146 0.0022
0.0217 -0.0117 0.0036
0.0097 -0.0312 -0.0044
0.0056 -0.0335 -0.0096
0.0114 -0.0291 -0.0022
0.0186 -0.0167 0.0098
0.0192 -0.0116 0.0178
0.0135 -0.0046 0.0237
0.0226 -0.0115 0.0147
0.0273 -0.0194 0.0083
0.0280 -0.0357 -0.0068
0.0045 -0.0434 -0.0090
0.0233 -0.0388 -0.0176
0.0953 -0.0480 -0.0408
0.1800 -0.0669 -0.0363
0.1660 -0.0481 -0.0475
0.0487 0.0357 -0.0344
-0.0403 0.1347 -0.0045
-0.0518 0.1501 0.0142
-0.0396 0.0619 0.0457
-0.0566 0.0147 0.0653
-0.0512 0.0258 0.0691
-0.0059 0.0772 0.0362
0.0455 0.1138 0.0066
0.0471 0.1190 0.0084
-0.0029 0.0810 0.0237
-0.0260 0.0519 0.0271
-0.0381 0.0025 0.0202
0.0044 -0.0010 -0.0022
0.0182 0.0214 -0.0062
0.0148 0.0736 0.0002
0.0031 0.0587 0.0081
0.0023 0.0298 0.0137
0.0054 -0.0050 0.0126
0.0147 -0.0063 0.0193
0.0166 0.0004 0.0264
0.0259 0.0128 0.0239
0.0317 0.0059 0.0140
0.0290 0.0007 0.0088
0.0156 -0.0014 0.0040
0.0120 0.0037 0.0036
0.0173 -0.0057 0.0039
0.0363 -0.0198 0.0029
0.0369 -0.0148 -0.0063
0.0384 -0.0127 -0.0033
0.0349 -0.0028 0.0009
0.0205 0.0049 0.0002
0.0126 -0.0016 0.0015
0.0341 -0.0042 0.0027
0.0416 -0.0133 -0.0010
0.0319 -0.0292 0.0029
0.0249 -0.0245 0.0025
0.0429 -0.0178 -0.0010
0.0518 -0.0117 -0.0039
0.0424 -0.0026 -0.0012
0.0297 -0.0035 0.0042
0.0101 -0.0298 0.0110
0.0213 -0.0202 0.0123
0.0328 -0.0116 0.0060
0.0426 0.0073 -0.0043
0.0205 0.0038 -0.0005
0.0134 -0.0015 0.0006
0.0055 -0.0121 -0.0118
0.0120 -0.0207 -0.0108
0.0135 -0.0207 -0.0032
0.0078 -0.0087 0.0111
0.0070 -0.0142 0.0194
0.0109 -0.0050 0.0097
-0.0003 -0.0018 0.0134
-0.0132 -0.0139 0.0140
-0.0110 -0.0187 0.0032
0.0108 -0.0174 0.0028
0.0125 -0.0198 0.0139
-0.0002 -0.0151 0.0168
0.0004 -0.0509 0.0187
0.0439 -0.0573 0.0104
0.0860 0.0078 -0.0129
0.0042 0.0664 -0.0002
-0.0606 0.0197 0.0194
-0.0643 0.0017 0.0200
-0.0526 0.0063 0.0169
-0.0374 -0.0079 0.0314
-0.0071 -0.0272 0.0433
0.0220 0.0132 0.0102
0.0167 0.0289 -0.0068
0.0129 0.0662 -0.0114
0.0085 0.0434 0.0004
0.0028 0.0153 0.0058
-0.0038 -0.0213 0.0091
0.0156 -0.0051 0.0137
0.0266 0.0050 0.0205
0.0500 0.0243 0.0200
0.0333 0.0263 0.0170
0.0219 0.0229 0.0227
0.0189 0.0025 0.0237
0.0273 0.0013 0.0048
0.0284 0.0065 0.0051
0.0189 0.0349 0.0170
0.0131 0.0362 0.0104
0.0142 0.0255 0.0120
0.0125 0.0202 0.0181
0.0041 0.0091 0.0148
-0.0019 -0.0012 0.0101
0.0002 -0.0121 0.0032
0.0148 0.0049 -0.0053
0.0417 0.0337 -0.0184
0.0189 0.0217 -0.0094
-0.0053 0.0039 0.0101
0.0021 0.0075 0.0088
0.0366 0.0279 -0.0072
0.0443 0.0226 -0.0158
0.0370 0.0104 -0.0279
0.0100 0.0361 -0.0150
-0.0068 0.0308 0.0065
-0.0045 0.0145 0.0281
-0.0060 -0.0046 0.0189
-0.0122 -0.0084 0.0209
-0.0287 0.0037 0.0299
-0.0316 0.0696 0.0343
-0.0313 0.0887 0.0332
0.0053 0.1148 0.0318
-0.0069 0.1032 -0.0120
0.1689 0.2245 -0.1250
0.1793 0.1577 -0.1023
-0.0109 -0.0411 0.0509
-0.1410 -0.0608 0.0960
-0.1870 -0.0455 0.1287
-0.0409 -0.0031 0.0583
0.0476 0.0541 -0.0043

