0.0000 0.0000 0.0000
0.0000 0.0000 0.0000
0.0000 0.0000 0.0000
0.0000 0.0000 0.0000
0.0000 0.0000 0.0000
0.0000 0.0000 0.0000
0.0000 0.0000 0.0000
0.0000 0.0000 0.0000
0.0000 0.0000 0.0000
0.0000 0.0000 0.0000
0.0000 0.0000 0.0000
0.0000 0.0000 0.0000
0.0489 -0.0875 -0.0248
0.0413 0.0222 -0.0028
0.0118 0.0798 0.0037
0.0143 0.0713 -0.0052
0.0074 0.0190 -0.0365
0.0014 -0.0001 -0.0544
0.0003 0.0273 -0.0530
0.0332 0.2508 0.0124
0.0457 0.3606 0.0435
0.0861 0.4313 0.0563
0.1193 0.2572 0.0022
0.1174 0.1359 -0.0322
0.0892 -0.0852 -0.0829
0.0529 -0.1322 -0.0753
0.0420 -0.1010 -0.0570
0.0444 0.0204 0.0012
0.0732 0.0525 0.0181
0.0832 0.0444 -0.0077
0.0887 0.0064 -0.0393
0.1038 -0.0386 -0.0920
0.1012 -0.0199 -0.0929
0.0855 0.0622 -0.0687
0.0750 0.0815 -0.0595
0.0794 0.0682 -0.0748
0.1049 0.0499 -0.1206
0.1730 0.1398 -0.1645
0.1996 0.1851 -0.1808
0.2331 0.3006 -0.2058
0.3713 0.5706 -0.2969
0.4383 0.6967 -0.3499
0.4979 0.7970 -0.3884
0.4338 0.7189 -0.3553
0.3864 0.6465 -0.3316
0.3357 0.5728 -0.3104
0.3139 0.5761 -0.2958
0.2996 0.5756 -0.2889
0.2489 0.5435 -0.2572
0.2095 0.4948 -0.2376
0.1197 0.2719 -0.1898
0.0880 0.1949 -0.1600
0.0542 0.1080 -0.1190
0.0177 0.0040 -0.0094
0.0148 -0.0097 0.0514
0.0122 0.0154 0.0615
0.0295 0.0766 0.0348
0.0432 0.0735 -0.0094
0.0314 0.0154 -0.0102
-0.0190 -0.1308 0.0272
-0.0960 -0.2417 0.1049
-0.1378 -0.2858 0.1495
-0.1884 -0.3247 0.1917
-0.1710 -0.3062 0.1908
-0.1509 -0.2862 0.1630
-0.1072 -0.2484 0.1003
-0.0597 -0.1919 0.0605
-0.0337 -0.1521 0.0433
0.0126 -0.0579 0.0159
0.0431 0.0077 -0.0277
0.0549 0.0192 -0.0515
0.0572 -0.0056 -0.0734
0.0302 -0.0688 -0.0492
0.0147 -0.0882 -0.0256
-0.0190 -0.1030 0.0294
-0.0501 -0.0940 0.0738
-0.0648 -0.0930 0.0835
-0.0725 -0.0840 0.0835
-0.0513 -0.0809 0.0684
-0.0327 -0.0697 0.0595
-0.0043 -0.0636 0.0381
-0.0030 -0.0660 0.0347
-0.0023 -0.0833 0.0196
-0.0008 -0.1029 -0.0011
0.0000 -0.1007 -0.0160
0.0040 -0.0744 -0.0374
0.0040 -0.0574 -0.0441
0.0064 -0.0524 -0.0414
0.0038 -0.0553 -0.0417
0.0013 -0.0417 -0.0410
-0.0021 -0.0411 -0.0400
-0.0062 -0.0460 -0.0374
0.0029 -0.0398 -0.0264
0.0072 -0.0402 -0.0253
0.0062 -0.0550 -0.0423
0.0157 -0.0514 -0.0439
0.0180 -0.0453 -0.0476
0.0022 -0.0422 -0.0336
-0.0021 -0.0148 -0.0041
-0.0058 -0.0042 0.0131
-0.0196 0.0068 0.0222
-0.0130 0.0286 0.0090
-0.0021 0.0434 -0.0027
0.0128 0.0768 -0.0079
0.0061 0.0854 -0.0128
0.0051 0.0762 -0.0136
0.0048 0.0442 -0.0095
-0.0020 0.0312 -0.0033
0.0031 0.0166 0.0037
0.0032 0.0316 0.0121
-0.0026 0.0330 0.0184
-0.0094 0.0244 0.0267
-0.0101 0.0075 0.0385
-0.0080 0.0024 0.0360
0.0079 0.0070 0.0199
0.0106 0.0135 0.0087
0.0118 0.0198 0.0056
0.0098 0.0266 0.0089
0.0103 0.0374 0.0002
0.0165 0.0497 -0.0081
0.0241 0.0710 -0.0271
0.0255 0.0962 -0.0391
0.0198 0.1064 -0.0403
0.0130 0.1047 -0.0303
0.0119 0.1099 -0.0259
0.0146 0.1216 -0.0289
0.0362 0.1544 -0.0513
0.0644 0.1750 -0.0804
0.0701 0.1741 -0.0910
0.0629 0.1603 -0.0964
0.0642 0.1517 -0.0912
0.0670 0.1544 -0.0935
0.0824 0.1688 -0.0903
0.0897 0.1863 -0.0933
0.0816 0.1944 -0.0911
0.0557 0.2035 -0.0961
0.0425 0.2026 -0.0851
0.0426 0.2036 -0.0588
0.0551 0.2086 -0.0247
0.0590 0.2064 -0.0141
0.0510 0.2079 -0.0047
0.0237 0.2327 -0.0149
-0.0072 0.2657 -0.0111
-0.0524 0.3058 -0.0061
-0.0323 0.2851 0.0349
-0.0086 0.2478 0.0565
0.0307 0.1462 0.0902
0.0544 0.0683 0.1054
0.0547 0.0394 0.1058
0.0365 0.0167 0.0885
0.0049 0.0449 0.0613
-0.0040 0.0502 0.0560
-0.0087 0.0545 0.0585
-0.0113 0.0729 0.0710
-0.0096 0.0813 0.0734
0.0110 0.1026 0.0664
0.0311 0.1070 0.0605
0.0405 0.1037 0.0636
0.0392 0.0635 0.0754
0.0165 0.0412 0.0797
0.0051 0.0359 0.0811
-0.0162 0.0421 0.0786
-0.0202 0.0497 0.0722
-0.0184 0.0559 0.0696
-0.0162 0.0575 0.0709
-0.0138 0.0630 0.0656
-0.0138 0.0869 0.0385
-0.0391 0.0745 -0.0589
-0.0398 0.0443 -0.0866
-0.0291 -0.0108 -0.2093
-0.0180 -0.0117 -0.3048
-0.0085 0.0082 -0.3213
0.0154 0.0488 -0.2727
0.0437 0.1123 -0.1352
0.0576 0.1377 -0.0577
0.0576 0.1414 0.0674
-0.0186 0.0811 -0.0612
-0.0520 0.0392 -0.0322
-0.0686 0.0175 0.0320
-0.0399 0.0005 0.1060
-0.0235 -0.0091 0.1065
-0.0134 0.0153 0.0378
0.0149 0.0340 0.0195
0.0122 0.0447 0.0107
0.0298 0.0408 -0.0073
0.0460 -0.0128 -0.0471
0.0635 -0.0766 -0.0832
0.0736 -0.2849 -0.0988
0.0791 -0.2314 -0.1287
0.1125 -0.3062 -0.1750
0.1535 -0.6187 -0.2331
0.1496 -0.8358 -0.2261
0.0721 -1.2940 -0.0850
-0.0296 -1.4523 0.1232
-0.0607 -1.4858 0.2018
-0.0771 -1.2691 0.2677
-0.0347 -1.1455 0.1846
-0.0077 -1.0969 0.1623
-0.0742 -0.8068 0.2420
-0.0280 -0.6069 0.2095
-0.0134 -0.4506 0.1487
-0.0007 -0.2087 0.0007
0.0489 -0.2159 -0.1227
0.0565 -0.2877 -0.1775
0.0916 -0.6743 -0.2744
0.1157 -1.4673 -0.3442
0.1150 -1.9538 -0.3741
0.1132 -1.7927 -0.3701
0.0440 -0.7198 -0.3458
0.0606 -0.7124 -0.3127
0.0601 -1.5625 -0.2896
0.0712 -0.8467 -0.2822
0.0236 0.0512 -0.2265
0.0280 -0.2643 -0.1016
0.0152 -0.2557 -0.0146
0.0150 -0.2640 0.0023
0.0140 -0.3759 0.0033
0.0143 -0.5496 0.0114
0.0169 -0.6223 0.0094
0.0137 -0.9714 0.0115
0.0111 -1.3070 0.0170
0.2856 -2.1745 0.0832
0.0045 -0.0003 0.0047
0.0124 0.0030 0.0076
0.0151 0.0055 0.0045
0.0149 0.0051 0.0054
0.0145 0.0054 0.0061
0.0139 0.0054 0.0092
0.0141 0.0038 0.0088
0.0152 0.0040 0.0091
0.0132 0.0102 0.0045
0.0124 0.0042 0.0066
0.0132 0.0090 0.0060
0.0146 0.0053 0.0032
0.0144 0.0072 0.0078
0.0142 0.0085 0.0083
0.0147 0.0072 0.0062
0.0153 0.0080 0.0070
0.0163 0.0084 0.0059
0.0141 0.0080 0.0075
0.0150 0.0075 0.0062
0.0130 0.0060 0.0027
0.0165 0.0079 0.0053
0.0141 0.0028 0.0064
0.0138 0.0065 0.0054
0.0145 0.0077 0.0058
0.0143 0.0090 0.0064
0.0138 0.0091 0.0046
0.0123 0.0083 0.0080
0.0150 0.0086 0.0078
0.0153 0.0087 0.0048
0.0146 0.0083 0.0063
0.0145 0.0090 0.0068
0.0148 0.0065 0.0079
0.0146 0.0072 0.0064
0.0153 0.0072 0.0049
0.0140 0.0090 0.0078
0.0135 0.0103 0.0045
0.0159 0.0071 0.0066
0.0185 0.0083 0.0046
0.0150 0.0063 0.0056
0.0150 0.0076 0.0038
0.0142 0.0067 0.0080
0.0139 0.0064 0.0067
0.0142 0.0062 0.0082
0.0134 0.0100 0.0043
0.0146 0.0087 0.0063
0.0136 0.0090 0.0085
0.0143 0.0082 0.0049
0.0159 0.0066 0.0043
0.0131 0.0071 0.0075
0.0168 0.0089 0.0072
0.0136 0.0053 0.0062
0.0149 0.0120 0.0057
0.0113 0.0090 0.0089
0.0138 0.0074 0.0079
0.0161 0.0059 0.0036
0.0142 0.0063 0.0076
0.0142 0.0077 0.0057
0.0142 0.0064 0.0043
0.0138 0.0076 0.0087
0.0161 0.0085 0.0070
0.0142 0.0064 0.0079
0.0144 0.0072 0.0055
0.0132 0.0079 0.0056
0.0135 0.0069 0.0062
0.0131 0.0082 0.0078
0.0136 0.0095 0.0067
0.0174 0.0105 0.0071
0.0140 0.0073 0.0072
0.0131 0.0080 0.0071
0.0143 0.0052 0.0081
0.0138 0.0072 0.0068
0.0145 0.0094 0.0072
0.0123 0.0087 0.0072
0.0135 0.0098 0.0070
0.0145 0.0042 0.0071
0.0154 0.0079 0.0046
0.0144 0.0133 0.0069
0.0134 0.0061 0.0049
0.0125 0.0087 0.0075
0.0146 0.0046 0.0046
0.0122 0.0072 0.0057
0.0135 0.0091 0.0075
0.0124 0.0065 0.0070
0.0133 0.0067 0.0082
0.0138 0.0089 0.0069
0.0155 0.0063 0.0070
0.0161 0.0086 0.0091
0.0161 0.0080 0.0061
0.0131 0.0072 0.0082
0.0158 0.0077 0.0056
0.0127 0.0087 0.0061
0.0168 0.0075 0.0054
0.0155 0.0080 0.0076
0.0163 0.0065 0.0055
0.0139 0.0055 0.0062
0.0146 0.0069 0.0041
0.0123 0.0073 0.0062
0.0124 0.0068 0.0063
0.0154 0.0072 0.0069
0.0144 0.0050 0.0042
0.0153 0.0076 0.0043
0.0123 0.0063 0.0053
0.0115 0.0072 0.0082
0.0138 0.0051 0.0053
0.0159 0.0085 0.0045
0.0159 0.0067 0.0068
0.0160 0.0063 0.0056
0.0134 0.0088 0.0036
0.0144 0.0064 0.0065
0.0153 0.0077 0.0049
0.0126 0.0102 0.0080
0.0141 0.0074 0.0046
0.0152 0.0094 0.0061
0.0133 0.0082 0.0053
0.0132 0.0077 0.0053
0.0136 0.0078 0.0049
0.0146 0.0085 0.0072
0.0109 0.0064 0.0072
0.0153 0.0051 0.0067
0.0141 0.0083 0.0053
0.0150 0.0050 0.0061
0.0150 0.0087 0.0076
0.0141 0.0097 0.0071
0.0127 0.0064 0.0081
0.0155 0.0077 0.0044
0.0146 0.0066 0.0050
0.0150 0.0064 0.0038
0.0114 0.0077 0.0049
0.0152 0.0058 0.0048
0.0172 0.0071 0.0048
0.0148 0.0069 0.0057
0.0144 0.0083 0.0081
0.0162 0.0077 0.0059
0.0151 0.0050 0.0061
0.0134 0.0097 0.0057
0.0148 0.0089 0.0055
0.0139 0.0065 0.0077
0.0164 0.0067 0.0063
0.0132 0.0079 0.0042
0.0154 0.0074 0.0052
0.0155 0.0082 0.0073
0.0154 0.0078 0.0038
0.0159 0.0053 0.0047
0.0115 0.0061 0.0076
0.0147 0.0088 0.0061
0.0138 0.0073 0.0053
0.0141 0.0062 0.0061
0.0143 0.0081 0.0058
0.0135 0.0053 0.0047
0.0142 0.0083 0.0061
0.0133 0.0063 0.0047
0.0158 0.0075 0.0060
0.0143 0.0070 0.0033
0.0151 0.0063 0.0067
0.0146 0.0095 0.0049
0.0151 0.0073 0.0068
0.0142 0.0091 0.0072
0.0147 0.0067 0.0077
0.0161 0.0057 0.0046
0.0143 0.0090 0.0063
0.0173 0.0102 0.0042
0.0151 0.0076 0.0072
0.0162 0.0089 0.0083
0.0147 0.0078 0.0071
0.0163 0.0087 0.0054
0.0157 0.0075 0.0069
0.0147 0.0082 0.0081
0.0154 0.0089 0.0054
0.0161 0.0087 0.0047
0.0144 0.0066 0.0072
0.0125 0.0092 0.0055
0.0147 0.0078 0.0051
0.0139 0.0100 0.0060
0.0142 0.0081 0.0026
0.0133 0.0085 0.0042
0.0157 0.0063 0.0037
0.0126 0.0078 0.0047
0.0145 0.0080 0.0066
0.0170 0.0058 0.0046
0.0149 0.0066 0.0054
0.0129 0.0058 0.0060
0.0163 0.0089 0.0057
0.0154 0.0049 0.0071
0.0136 0.0067 0.0065
0.0145 0.0063 0.0055
0.0134 0.0061 0.0063
0.0145 0.0075 0.0088
0.0130 0.0071 0.0080
0.0119 0.0097 0.0076
0.0159 0.0078 0.0054
0.0132 0.0040 0.0072
0.0154 0.0071 0.0056
0.0152 0.0054 0.0045
0.0133 0.0078 0.0046
0.0161 0.0088 0.0064
0.0154 0.0077 0.0082
0.0137 0.0085 0.0071
0.0132 0.0090 0.0055
0.0160 0.0076 0.0048
0.0152 0.0076 0.0052
0.0146 0.0051 0.0032
0.0145 0.0059 0.0056
0.0151 0.0066 0.0054
0.0141 0.0063 0.0076
0.0159 0.0076 0.0059
0.0146 0.0094 0.0068
0.0140 0.0065 0.0055
0.0125 0.0083 0.0035
0.0143 0.0072 0.0063
0.0138 0.0076 0.0050
0.0153 0.0063 0.0079
0.0144 0.0060 0.0055
0.0143 0.0076 0.0084
0.0152 0.0079 0.0054
0.0150 0.0090 0.0054
0.0118 0.0073 0.0069
0.0144 0.0078 0.0096
0.0137 0.0054 0.0059
0.0143 0.0100 0.0063
0.0129 0.0055 0.0043
0.0143 0.0080 0.0062
0.0146 0.0080 0.0057
0.0125 0.0081 0.0065
0.0137 0.0085 0.0058
0.0132 0.0093 0.0086
0.0152 0.0067 0.0055
0.0144 0.0066 0.0067
0.0121 0.0090 0.0068
0.0147 0.0071 0.0053
0.0135 0.0065 0.0053
0.0137 0.0101 0.0056
0.0160 0.0076 0.0084
0.0152 0.0088 0.0042
0.0162 0.0076 0.0058
0.0142 0.0105 0.0058
0.0164 0.0074 0.0021
0.0153 0.0065 0.0053
0.0124 0.0064 0.0080
0.0163 0.0062 0.0060
0.0126 0.0090 0.0044
0.0152 0.0074 0.0063
0.0149 0.0055 0.0063
0.0161 0.0071 0.0028
0.0168 0.0053 0.0052
0.0143 0.0078 0.0068
0.0143 0.0091 0.0057
0.0167 0.0067 0.0065
0.0161 0.0102 0.0057
0.0148 0.0055 0.0077
0.0159 0.0055 0.0047
0.0138 0.0093 0.0072
0.0145 0.0065 0.0060
0.0152 0.0093 0.0068
0.0143 0.0089 0.0065
0.0150 0.0090 0.0072
0.0149 0.0097 0.0053
0.0145 0.0079 0.0033
0.0157 0.0081 0.0074
0.0155 0.0072 0.0073
0.0133 0.0072 0.0062
0.0107 0.0072 0.0035
0.0134 0.0082 0.0041
0.0140 0.0057 0.0043
0.0131 0.0068 0.0054
0.0151 0.0065 0.0036
0.0145 0.0054 0.0084
0.0128 0.0108 0.0071
0.0142 0.0051 0.0035
0.0124 0.0073 0.0056
0.0137 0.0074 0.0052
0.0148 0.0066 0.0039
0.0158 0.0087 0.0061
0.0150 0.0040 0.0043
0.0149 0.0084 0.0057
0.0150 0.0068 0.0040
0.0151 0.0071 0.0058
0.0148 0.0067 0.0054
0.0144 0.0085 0.0050
0.0162 0.0081 0.0083
0.0142 0.0086 0.0050
0.0142 0.0101 0.0064
0.0149 0.0079 0.0061
0.0142 0.0077 0.0073
0.0131 0.0074 0.0043
0.0145 0.0052 0.0053
0.0128 0.0064 0.0057
0.0134 0.0068 0.0057
0.0133 0.0062 0.0046
0.0159 0.0070 0.0062
0.0140 0.0087 0.0069
0.0155 0.0056 0.0083
0.0148 0.0059 0.0061
0.0144 0.0070 0.0060
0.0133 0.0081 0.0058
0.0122 0.0071 0.0062
0.0153 0.0071 0.0042
0.0133 0.0072 0.0065
0.0129 0.0063 0.0074
0.0152 0.0061 0.0063
0.0148 0.0057 0.0064
0.0150 0.0099 0.0066
0.0127 0.0087 0.0061
0.0162 0.0078 0.0066
0.0158 0.0096 0.0047
0.0146 0.0067 0.0067
0.0143 0.0078 0.0039
0.0145 0.0093 0.0069
0.0143 0.0062 0.0062
0.0142 0.0078 0.0105
0.0124 0.0072 0.0053
0.0148 0.0052 0.0048
0.0123 0.0063 0.0032
0.0135 0.0054 0.0058
0.0129 0.0086 0.0067
0.0146 0.0061 0.0042
0.0154 0.0109 0.0051
0.0179 0.0056 0.0058
0.0143 0.0064 0.0044
0.0159 0.0087 0.0042
0.0143 0.0072 0.0063
0.0152 0.0102 0.0055
0.0151 0.0063 0.0057
0.0142 0.0084 0.0072
0.0134 0.0069 0.0082
0.0163 0.0075 0.0061
0.0135 0.0110 0.0056
0.0135 0.0061 0.0064
0.0147 0.0076 0.0069
0.0150 0.0073 0.0055
0.0139 0.0086 0.0062
0.0123 0.0060 0.0044
0.0128 0.0047 0.0066
0.0134 0.0091 0.0072
0.0162 0.0072 0.0042
0.0152 0.0061 0.0049
0.0152 0.0093 0.0055
0.0133 0.0062 0.0087
0.0139 0.0089 0.0034
0.0150 0.0078 0.0053
0.0152 0.0098 0.0060
0.0129 0.0061 0.0062
0.0148 0.0090 0.0060
0.0133 0.0089 0.0073
0.0139 0.0066 0.0064
0.0154 0.0059 0.0067
0.0159 0.0062 0.0027
0.0148 0.0044 0.0043
0.0158 0.0071 0.0054
0.0134 0.0054 0.0057
0.0139 0.0065 0.0044
0.0140 0.0073 0.0067
0.0125 0.0064 0.0061
0.0132 0.0066 0.0054
0.0167 0.0090 0.0065
0.0148 0.0086 0.0068
0.0158 0.0083 0.0049
0.0144 0.0096 0.0045
0.0149 0.0119 0.0093
0.0144 0.0056 0.0078
0.0148 0.0089 0.0051
0.0135 0.0056 0.0067
0.0173 0.0074 0.0051
0.0152 0.0100 0.0047
0.0126 0.0065 0.0043
0.0143 0.0095 0.0059
0.0163 0.0061 0.0069
0.0135 0.0065 0.0048
0.0141 0.0062 0.0054
0.0134 0.0077 0.0056
0.0133 0.0095 0.0047
0.0150 0.0068 0.0055
0.0125 0.0080 0.0067
0.0144 0.0088 0.0055
0.0133 0.0070 0.0063
0.0137 0.0070 0.0045
0.0162 0.0085 0.0044
0.0128 0.0057 0.0048
0.0164 0.0098 0.0048
0.0155 0.0077 0.0056
0.0167 0.0086 0.0073
0.0160 0.0053 0.0048
0.0132 0.0123 0.0031
0.0158 0.0084 0.0060
0.0143 0.0069 0.0075
0.0144 0.0101 0.0043
0.0136 0.0078 0.0072
0.0134 0.0091 0.0054
0.0158 0.0081 0.0051
0.0165 0.0068 0.0052
0.0158 0.0072 0.0054
0.0154 0.0086 0.0057
0.0170 0.0073 0.0045
0.0169 0.0066 0.0066
0.0123 0.0077 0.0057
0.0169 0.0074 0.0069
0.0143 0.0047 0.0051
0.0134 0.0069 0.0058
0.0123 0.0078 0.0060
0.0158 0.0082 0.0070
0.0139 0.0078 0.0043
0.0133 0.0062 0.0074
0.0131 0.0062 0.0042
0.0137 0.0057 0.0043
0.0137 0.0054 0.0062
0.0154 0.0053 0.0072
0.0147 0.0075 0.0067
0.0114 0.0077 0.0070
0.0139 0.0071 0.0057
0.0141 0.0091 0.0052
0.0160 0.0068 0.0046
0.0145 0.0076 0.0049
0.0150 0.0067 0.0055
0.0154 0.0067 0.0046
0.0150 0.0062 0.0059
0.0153 0.0063 0.0050
0.0145 0.0085 0.0060
0.0142 0.0071 0.0061
0.0162 0.0066 0.0065
0.0144 0.0067 0.0058
0.0145 0.0051 0.0031
0.0111 0.0056 0.0058
0.0140 0.0085 0.0069
0.0139 0.0069 0.0046
0.0141 0.0078 0.0058
0.0140 0.0075 0.0041
0.0144 0.0079 0.0070
0.0158 0.0062 0.0067
0.0127 0.0073 0.0059
0.0155 0.0079 0.0083
0.0124 0.0075 0.0042
0.0144 0.0089 0.0051
0.0163 0.0079 0.0061
0.0138 0.0083 0.0053
0.0146 0.0061 0.0042
0.0147 0.0073 0.0054
0.0134 0.0074 0.0050
0.0153 0.0076 0.0081
0.0130 0.0090 0.0065
0.0146 0.0086 0.0052
0.0144 0.0045 0.0080
0.0129 0.0063 0.0051
0.0145 0.0083 0.0070
0.0145 0.0081 0.0042
0.0142 0.0075 0.0060
0.0149 0.0068 0.0057
0.0160 0.0110 0.0075
0.0134 0.0054 0.0048
0.0117 0.0066 0.0064
0.0143 0.0069 0.0069
0.0144 0.0072 0.0064
0.0137 0.0082 0.0069
0.0137 0.0069 0.0094
0.0167 0.0081 0.0059
0.0147 0.0075 0.0062
0.0149 0.0057 0.0063
0.0141 0.0062 0.0046
0.0131 0.0083 0.0068
0.0150 0.0088 0.0077
0.0139 0.0081 0.0069
0.0150 0.0061 0.0082
0.0151 0.0082 0.0060
0.0134 0.0092 0.0055
0.0155 0.0077 0.0066
0.0157 0.0063 0.0053
0.0115 0.0066 0.0077
0.0163 0.0056 0.0036
0.0152 0.0067 0.0034
0.0146 0.0069 0.0050
0.0145 0.0074 0.0055
0.0154 0.0050 0.0070
0.0138 0.0098 0.0038
0.0153 0.0080 0.0044
0.0155 0.0094 0.0059
0.0146 0.0078 0.0062
0.0134 0.0072 0.0033
0.0145 0.0099 0.0083
0.0154 0.0073 0.0035
0.0139 0.0106 0.0057
0.0138 0.0060 0.0062
0.0138 0.0062 0.0078
0.0147 0.0069 0.0071
0.0149 0.0061 0.0075
0.0112 0.0079 0.0060
0.0125 0.0064 0.0064
0.0145 0.0089 0.0046
0.0162 0.0056 0.0047
0.0141 0.0050 0.0065
0.0150 0.0083 0.0073
0.0120 0.0084 0.0052
0.0146 0.0105 0.0067
0.0147 0.0052 0.0061
0.0158 0.0078 0.0055
0.0137 0.0064 0.0061
0.0142 0.0076 0.0065
0.0124 0.0113 0.0078
0.0126 0.0068 0.0052
0.0150 0.0060 0.0066
0.0164 0.0088 0.0051
0.0124 0.0064 0.0061
0.0142 0.0091 0.0047
0.0138 0.0076 0.0066
0.0160 0.0082 0.0023
0.0150 0.0054 0.0071
0.0150 0.0074 0.0071
0.0157 0.0084 0.0049
0.0151 0.0088 0.0035
0.0159 0.0085 0.0078
0.0163 0.0096 0.0044
0.0153 0.0080 0.0056
0.0129 0.0084 0.0081
0.0136 0.0094 0.0059
0.0143 0.0086 0.0054
0.0154 0.0055 0.0056
0.0143 0.0085 0.0063
0.0143 0.0073 0.0032
0.0149 0.0075 0.0079
0.0152 0.0083 0.0064
0.0135 0.0098 0.0043
0.0159 0.0080 0.0048
0.0149 0.0059 0.0058
0.0142 0.0101 0.0036
0.0164 0.0074 0.0054
0.0149 0.0077 0.0070
0.0135 0.0080 0.0060
0.0136 0.0052 0.0068
0.0152 0.0052 0.0072
0.0139 0.0070 0.0078
0.0162 0.0054 0.0059
0.0147 0.0072 0.0088
0.0144 0.0061 0.0041
0.0138 0.0079 0.0042
0.0127 0.0080 0.0045
0.0150 0.0057 0.0053
0.0167 0.0054 0.0060
0.0151 0.0100 0.0053
0.0136 0.0062 0.0035
0.0140 0.0072 0.0063
0.0143 0.0061 0.0059
0.0149 0.0053 0.0059
0.0147 0.0072 0.0072
0.0142 0.0074 0.0045
0.0144 0.0086 0.0058
0.0151 0.0079 0.0058
0.0159 0.0090 0.0052
0.0145 0.0063 0.0055
0.0166 0.0058 0.0064
0.0148 0.0070 0.0070
0.0128 0.0078 0.0063
0.0150 0.0067 0.0032
0.0135 0.0074 0.0077
0.0123 0.0083 0.0056
0.0162 0.0080 0.0057
0.0147 0.0068 0.0061
0.0142 0.0091 0.0053
0.0122 0.0078 0.0038
0.0138 0.0089 0.0056
0.0159 0.0054 0.0056
0.0147 0.0045 0.0040
0.0139 0.0120 0.0067
0.0146 0.0064 0.0069
0.0136 0.0058 0.0064
0.0149 0.0085 0.0061
0.0151 0.0081 0.0058
0.0139 0.0073 0.0038
0.0132 0.0079 0.0042
0.0150 0.0073 0.0048
0.0136 0.0077 0.0061
0.0145 0.0085 0.0047
0.0156 0.0102 0.0072
0.0153 0.0053 0.0042
0.0130 0.0049 0.0071
0.0149 0.0070 0.0064
0.0121 0.0074 0.0063
0.0146 0.0066 0.0072
0.0149 0.0060 0.0062
0.0150 0.0089 0.0045
0.0148 0.0030 0.0056
0.0140 0.0068 0.0048
0.0140 0.0101 0.0069
0.0152 0.0060 0.0052
0.0152 0.0064 0.0037
0.0134 0.0073 0.0049
0.0141 0.0077 0.0055
0.0137 0.0085 0.0061
0.0162 0.0070 0.0066
0.0131 0.0107 0.0062
0.0141 0.0070 0.0073
0.0134 0.0073 0.0053
0.0147 0.0092 0.0064
0.0150 0.0081 0.0060
0.0151 0.0077 0.0062
0.0148 0.0052 0.0062
0.0134 0.0067 0.0078
0.0143 0.0092 0.0055
0.0163 0.0083 0.0051
-0.0194 0.0468 0.0280
-0.1289 0.0662 0.6596
-0.0336 0.0139 0.6114
-0.3693 -0.1451 0.6123
-1.4779 -0.0362 0.5095
-2.0726 -0.0270 0.4848
-2.8359 -0.0311 0.3736
-3.0478 -0.0547 0.3249
-3.0273 -0.0513 0.2390
-2.9399 0.0317 -0.1727
-2.8291 0.2036 -0.6981
-2.6689 0.2928 -0.9124
-1.9493 0.3747 -1.0652
-1.0953 0.3452 -0.8492
-0.6636 0.2719 -0.6282
-0.1796 -0.0330 0.1096
0.3781 -0.2799 0.7655
0.7261 0.1222 0.5987
1.3055 3.1548 -0.1668
2.0321 3.5873 -0.1719
2.3243 3.6794 0.1924
2.6275 3.5968 0.8000
1.9136 2.5886 1.0818
-0.1069 0.3233 0.3136
-1.2716 -1.0194 0.2996
-1.2953 -0.8772 0.4271
-0.1086 -0.1799 0.6938
1.9716 0.9475 0.4977
3.0093 1.6542 0.2894
4.6337 2.3204 -0.1432
5.1104 1.6180 -0.6524
4.8386 1.0156 -0.9199
3.6884 -0.0212 -1.2474
1.8438 -0.7935 -1.1982
1.5515 -0.9653 -1.1806
1.4443 -1.2002 -1.2110
1.5596 -1.6234 -1.3535
1.6665 -1.7598 -1.2650
1.9555 -1.6176 -1.3714
2.1916 -1.9140 -1.3302
2.3111 -1.9371 -1.2931
2.5089 -1.8156 -1.3566
2.6326 -1.7609 -1.4320
2.6681 -1.6769 -1.4854
2.7116 -1.3879 -1.6503
2.6890 -0.9161 -1.7572
2.6274 -0.6047 -1.7759
2.4367 0.0712 -1.8562
2.3022 0.6103 -1.9375
1.9632 2.2914 -2.2695
1.9666 2.9920 -1.1941
1.9962 1.9659 0.2330
1.5531 0.2523 1.2848
0.8811 0.2116 0.4851
0.3089 0.2877 -0.3178
-0.4296 0.2521 -0.7307
-0.0874 -1.9199 -0.6971
0.0107 -2.9246 -0.7207
-0.5866 -4.2658 -0.7186
-1.4904 -2.2396 -0.9567
-0.9775 -2.1651 -0.9673
-1.1412 -3.6791 -1.1577
-1.6572 -1.9350 -0.8936
-1.6054 -0.8598 -0.6802
-0.9967 0.4723 -0.0929
-0.2711 0.8219 0.0294
0.0303 0.6365 -0.0877
0.4889 0.0989 -0.4562
0.7413 -0.6298 -0.8097
0.7601 -1.0171 -0.9454
0.6606 -1.6629 -1.0335
0.4303 -1.9101 -0.9451
0.2006 -1.9278 -0.8668
-0.1889 -1.7264 -0.7588
0.5520 -0.7219 -1.3907
0.9301 -0.5142 -1.4387
0.7566 -0.8671 -1.2380
0.4707 -0.9861 -1.1414
0.0949 -1.1853 -0.9290
0.2429 -1.4274 -0.7698
0.4207 -1.4878 -0.7638
0.6695 -1.5094 -0.8002
0.7348 -1.5083 -0.7985
0.6641 -1.4802 -0.8194
0.1420 -0.9467 -0.9157
-0.0106 -0.7198 -0.9341
-0.1039 -0.5325 -0.9480
-0.0393 -0.4047 -0.9605
0.1689 -0.7371 -1.0128
-0.0509 -0.8692 -1.0936
0.0006 -0.7604 -1.0768
-0.1090 -0.6867 -0.9876
-0.2153 -0.5892 -0.9880
-0.4036 -0.5329 -1.0128
-0.3028 -0.5839 -0.9264
-0.1982 -0.6201 -0.9160
-0.1028 -0.6266 -0.9371
-0.1962 -0.6020 -0.9484
-0.3530 -0.6342 -0.9458
-0.4105 -0.3967 -0.9299
-0.2278 -0.4617 -0.9412
-0.1383 -0.4734 -0.9508
-0.1232 -0.5760 -0.9325
-0.1718 -0.5512 -0.8753
-0.2428 -0.5587 -0.8367
-0.2784 -0.4834 -0.8171
-0.3030 -0.3981 -0.7999
-0.2773 -0.2523 -0.7829
-0.2214 -0.2603 -0.8082
-0.2112 -0.2763 -0.8311
-0.2132 -0.2629 -0.8667
-0.2159 -0.2405 -0.8912
-0.2127 -0.2486 -0.8921
-0.1723 -0.2221 -0.9048
-0.1420 -0.0960 -0.9299
-0.1405 -0.0605 -0.9432
-0.1830 -0.0374 -0.9356
-0.2340 -0.1326 -0.9019
-0.2340 -0.1870 -0.8894
-0.1880 -0.2327 -0.8852
-0.0576 -0.2743 -0.9137
0.0328 -0.3108 -0.9263
0.1442 -0.4026 -0.9501
0.1285 -0.5564 -1.0076
0.0844 -0.6427 -1.0425
-0.0849 -0.7712 -1.1004
-0.3232 -0.7867 -1.1451
-0.4250 -0.7004 -1.1521
-0.5755 -0.4230 -1.0693
-0.6402 -0.1270 -0.8204
-0.6589 -0.0237 -0.6491
-0.6645 0.1074 -0.3593
-0.6297 0.1494 -0.2609
-0.3562 0.1851 -0.3193
-0.3562 0.1851 -0.3193
-0.2981 0.1784 -0.4105
-0.2068 0.1543 -0.5921
-0.1724 0.1004 -0.7864
-0.1748 -0.0654 -0.8603
-0.1470 -0.4683 -0.9597
-0.1293 -0.5654 -0.9504
-0.1128 -0.6348 -0.9183
-0.0809 -0.6098 -0.9322
-0.0856 -0.5930 -1.0324
-0.0774 -0.5558 -1.0707
-0.0258 -0.4859 -1.1352
0.0510 -0.4521 -1.2152
0.0847 -0.4407 -1.2611
0.1212 -0.3655 -1.2942
0.1156 -0.3162 -1.3323
0.1059 -0.3202 -1.3618
0.0876 -0.3969 -1.4426
0.0501 -0.3726 -1.5157
0.0116 -0.3496 -1.5503
-0.1152 -0.2901 -1.5847
-0.3198 -0.3558 -1.4641
-0.4150 -0.4146 -1.2909
-0.4156 -0.2843 -0.8499
-0.1765 -0.0545 -0.5160
-0.0259 0.0239 -0.3880
0.2219 0.0502 -0.2067
0.3054 -0.2696 -0.0869
0.3440 -0.3143 -0.1226
0.2796 -0.4884 -0.5174
0.2315 -0.5279 -0.6402
0.0601 -0.4829 -0.7924
-0.0846 -0.3184 -0.8410
-0.1702 -0.2289 -0.8567
-0.3255 0.0008 -0.8272
-0.4304 0.2246 -0.7267
-0.4550 0.2878 -0.6610
-0.4005 0.3041 -0.5257
-0.2171 0.3100 -0.3928
-0.0875 0.3427 -0.3362
0.1326 0.2989 -0.3011
0.2311 0.0931 -0.3801
0.2600 0.0467 -0.4482
0.3855 0.0817 -0.5738
0.4940 0.1588 -0.6225
0.4763 0.1727 -0.6150
0.2600 0.1313 -0.5776
-0.0829 -0.1317 -0.5081
-0.2167 -0.2589 -0.4467
-0.2223 -0.2574 -0.3029
0.0732 -0.0660 -0.1861
0.2538 0.0129 -0.1151
0.5118 0.0664 0.0502
0.5506 -0.0215 0.2294
0.5141 -0.0718 0.3082
0.3621 -0.1961 0.3778
0.2654 -0.2755 0.3678
0.1084 -0.4030 0.2727
0.0286 -0.4619 0.1205
-0.0008 -0.4827 0.0516
-0.0662 -0.6105 -0.0574
-0.1286 -0.7921 -0.1846
-0.1502 -0.8759 -0.2755
-0.1710 -1.0645 -0.4855
-0.1878 -1.0125 -0.6606
-0.0945 -0.6834 -0.7287
0.1996 -0.1894 -0.7896
0.1694 -0.4355 -0.7383
0.1335 -0.4954 -0.7558
0.1260 -0.4345 -0.8697
0.1147 -0.3386 -0.8794
0.1077 -0.2888 -0.8688
0.1316 -0.2545 -0.8953
0.1410 -0.2819 -0.8893
0.1220 -0.3224 -0.8514
0.0820 -0.4466 -0.7653
0.0192 -0.5521 -0.6273
-0.0265 -0.2725 -0.5278
-0.0921 -0.2585 -0.4584
-0.0737 -0.2032 -0.3266
-0.0652 -0.2427 -0.2449
-0.0877 -0.3364 -0.0096
-0.0308 -0.2718 0.0445
0.1416 -0.2769 -0.1342
0.1994 -0.1362 -0.1654
0.2615 -0.0011 -0.1070
0.2890 0.1461 -0.2608
0.2491 0.1438 -0.4761
0.2509 0.1002 -0.5230
0.2818 -0.0709 -0.6721
0.2987 -0.3492 -0.8401
0.2847 -0.4936 -0.8821
0.2439 -0.5635 -0.9369
0.1520 -0.5483 -0.9882
0.0631 -0.5253 -0.9839
-0.5201 -0.7759 -0.5556
-0.6765 -0.5740 -0.4483
-0.6180 -0.6046 -0.4978
-0.4975 -0.6437 -0.5311
-0.6519 -0.5365 -0.7410
-0.7351 -0.4984 -0.8609
-0.5523 -0.2846 -0.8834
0.1095 -0.3572 -0.8301
0.5047 -0.5523 -0.7763
1.1885 -0.9473 -0.6644
1.4466 -0.8810 -0.5153
1.3853 -0.8006 -0.4311
0.9477 -0.6544 -0.3779
0.1936 -0.4110 -0.6049
-0.1467 -0.1855 -0.7224
-0.6170 0.3837 -0.8304
-0.7229 0.6540 -0.7530
-0.6203 0.9560 -0.5497
-0.3117 0.9427 -0.4298
-0.1731 0.8247 -0.3611
-0.0630 0.5255 -0.2260
-0.1306 0.2235 -0.1721
-0.1940 0.0814 -0.1474
-0.2298 -0.1124 -0.0988
-0.1809 -0.1977 -0.0439
-0.1620 -0.2196 -0.0023
-0.1343 -0.2913 0.0682
-0.1071 -0.2487 0.0772
-0.0781 -0.1731 0.1002
0.0250 -0.0666 0.1656
0.1794 0.0118 0.2373
0.2227 0.0147 0.2443
0.1977 0.0442 0.2618
0.1402 0.1862 0.3175
0.1836 0.3365 0.3629
0.2501 0.3862 0.3730
0.3565 0.4252 0.3491
0.4225 0.4227 0.3364
0.4728 0.3928 0.2418
0.4172 0.3486 0.1850
0.3813 0.3451 0.1608
0.2490 0.2531 0.0921
-0.0050 0.1555 0.0679
-0.1346 0.1029 0.0757
-0.2934 0.0541 0.1437
-0.3043 0.1061 0.2096
-0.1690 0.2262 0.3408
0.0354 0.2931 0.4011
0.1065 0.2864 0.4084
0.1708 0.2847 0.4303
0.1530 0.2861 0.3677
0.1348 0.3235 0.3467
0.0777 0.4070 0.2882
-0.0199 0.3946 0.2424
-0.0559 0.3844 0.2461
-0.0440 0.3351 0.2636
-0.0109 0.2745 0.2505
0.0168 0.2760 0.2497
0.1063 0.2112 0.2474
0.2255 0.1376 0.2335
0.2684 0.0936 0.2089
0.2546 0.0005 0.1356
0.1419 -0.1366 0.0765
0.0831 -0.1155 0.0492
-0.0429 -0.0845 -0.0201
-0.1639 -0.0472 -0.0682
-0.1961 -0.0444 -0.0765
-0.1423 -0.0477 -0.0664
-0.0011 -0.0917 -0.1008
0.0564 -0.1010 -0.1138
0.1722 -0.0810 -0.1347
0.2112 -0.0726 -0.1724
0.2227 -0.0777 -0.2349
0.1547 -0.1254 -0.2837
0.0945 -0.1460 -0.3004
-0.0326 -0.1201 -0.2892
-0.1062 -0.0357 -0.2459
-0.1083 0.0087 -0.2098
-0.1093 0.0296 -0.1798
-0.1388 -0.0066 -0.1654
-0.1564 -0.0367 -0.1719
-0.1554 -0.1071 -0.1897
-0.0495 -0.1505 -0.1970
0.0254 -0.1592 -0.1908
0.1702 -0.1801 -0.1657
0.2493 -0.1342 -0.1349
0.2370 -0.0945 -0.1306
0.1353 -0.0568 -0.1152
0.0170 -0.0922 -0.0986
-0.0274 -0.1074 -0.0909
-0.0835 -0.1199 -0.0778
-0.1106 -0.0903 -0.0870
-0.1318 -0.0623 -0.1055
-0.1648 -0.0395 -0.1414
-0.1715 -0.0679 -0.1654
-0.1508 -0.0868 -0.1703
-0.0664 -0.1166 -0.1723
0.0066 -0.0996 -0.1399
0.0255 -0.0768 -0.1140
0.0489 -0.0221 -0.0748
0.0385 -0.0172 -0.0665
-0.0116 -0.0364 -0.0447
-0.0453 -0.0518 -0.0188
-0.0463 -0.0459 -0.0142
-0.0457 -0.0399 -0.0040
-0.0447 -0.0492 -0.0065
-0.0532 -0.0480 -0.0099
-0.0523 -0.0285 -0.0410
-0.0431 -0.0110 -0.0532
-0.0309 -0.0071 -0.0493
-0.0023 0.0376 -0.0297
0.0083 0.0334 -0.0185
-0.0034 0.0282 -0.0075
-0.0259 0.0163 0.0151
0.0078 0.0088 0.0561
0.0487 0.0099 0.0676
0.1072 0.0316 0.0955
0.1241 0.0380 0.0975
0.1174 0.0398 0.0922
0.0877 0.0435 0.0872
0.0553 0.0542 0.0822
0.0395 0.0512 0.0851
0.0378 0.0406 0.0859
0.0618 0.0495 0.0632
0.0763 0.0629 0.0522
0.1020 0.0722 0.0341
0.0964 0.0951 0.0234
0.0829 0.0997 0.0168
0.0475 0.0731 0.0095
0.0352 0.0657 0.0133
0.0425 0.0396 0.0226
0.0614 0.0310 0.0193
0.0727 0.0312 0.0240
0.0865 0.0348 0.0317
0.0785 0.0223 0.0337
0.0809 0.0133 0.0296
0.0796 0.0181 0.0244
0.0768 0.0012 0.0273
0.0861 -0.0063 0.0343
0.1284 -0.0166 0.0307
0.1211 -0.0308 0.0222
0.1026 -0.0272 0.0282
0.0531 -0.0164 0.0339
0.0128 -0.0008 0.0306
-0.0015 -0.0117 0.0310
-0.0288 -0.0308 0.0305
-0.0300 -0.0281 0.0192
-0.0253 -0.0236 0.0119
-0.0111 -0.0184 0.0007
-0.0257 -0.0301 -0.0043
-0.0282 -0.0219 -0.0044
-0.0166 -0.0065 0.0035
0.0093 -0.0244 0.0030
0.0081 -0.0359 0.0056
-0.0034 -0.0460 0.0071
-0.0040 -0.0426 0.0077
0.0062 -0.0247 0.0070
0.0237 0.0114 0.0027
0.0272 0.0166 0.0002
0.0165 0.0026 0.0062
0.0002 -0.0075 0.0112
-0.0094 -0.0044 0.0140
-0.0145 0.0009 0.0056
0.0001 -0.0099 -0.0054
0.0030 -0.0122 -0.0032
0.0022 -0.0182 0.0010
0.0072 -0.0219 0.0061
0.0129 -0.0121 0.0111
0.0252 0.0340 0.0176
0.0322 0.0522 0.0274
0.0246 0.0491 0.0284
0.0115 0.0336 0.0232
-0.0032 -0.0012 0.0092
-0.0115 -0.0045 0.0016
-0.0037 0.0214 -0.0013
0.0247 0.0423 -0.0064
0.0314 0.0438 -0.0058
0.0337 0.0422 -0.0033
0.0351 0.0358 -0.0033
0.0384 0.0296 -0.0009
0.0350 0.0188 0.0003
0.0101 0.0285 0.0055
0.0070 0.0227 0.0037
0.0150 0.0079 -0.0017
0.0257 0.0036 -0.0001
0.0469 -0.0005 -0.0019
0.0418 -0.0068 -0.0083
0.0326 0.0025 -0.0068
0.0164 0.0224 -0.0076
0.0090 0.0222 -0.0060
0.0079 0.0180 -0.0003
0.0134 0.0244 0.0091
0.0121 0.0288 0.0016
0.0059 0.0231 -0.0036
-0.0017 0.0093 0.0001
0.0266 0.0135 -0.0027
0.0334 0.0203 -0.0059
0.0103 0.0179 -0.0018
-0.0028 0.0225 -0.0005
0.0086 0.0182 -0.0008
0.0348 0.0186 0.0006
0.0286 0.0093 0.0128
0.0118 0.0011 0.0055
-0.0106 -0.0085 -0.0040
0.0005 0.0146 -0.0043
0.0134 0.0201 -0.0015
0.0371 0.0322 0.0100
0.0305 0.0177 0.0201
0.0265 0.0134 0.0205
0.0188 -0.0071 0.0109
0.0251 -0.0048 0.0089
0.0353 -0.0027 0.0084
0.0528 0.0073 0.0139
0.0594 0.0114 0.0140
0.0599 0.0199 0.0090
0.0346 0.0111 0.0064
0.0289 0.0076 0.0127
0.0423 0.0067 0.0110
0.0711 0.0068 0.0068
0.0636 -0.0075 0.0039
0.0381 -0.0279 0.0051
0.0328 -0.0137 0.0031
0.0432 -0.0066 0.0092
0.0629 -0.0010 0.0068
0.0467 0.0145 0.0112
0.0273 0.0151 0.0107
0.0102 0.0155 0.0148
0.0255 0.0029 0.0135
0.0327 0.0003 0.0101
0.0446 0.0061 0.0039
0.0401 0.0086 -0.0002
0.0327 0.0091 -0.0043
0.0287 0.0086 0.0028
0.0231 0.0113 0.0050
0.0198 0.0089 0.0053
0.0127 0.0051 0.0049
0.0231 0.0025 0.0110
0.0374 0.0121 0.0126
0.0465 0.0241 0.0112
0.0338 0.0260 0.0147
0.0071 0.0203 0.0102
0.0193 0.0196 0.0167
0.0329 0.0159 0.0152
0.0439 0.0250 0.0154
0.0291 0.0141 0.0200
0.0221 0.0110 0.0203
0.0295 0.0072 0.0131
-0.0015 0.0139 0.0005
-0.0197 0.0157 0.0029
-0.0135 0.0193 0.0020
0.0124 0.0084 -0.0049
0.0141 0.0068 -0.0057
0.0109 0.0130 0.0053
0.0083 0.0076 0.0175
0.0169 0.0007 0.0133
0.0527 -0.0225 0.0047
0.0892 -0.0572 0.0030
0.0946 -0.0359 -0.0011
0.0847 0.0001 -0.0156
0.0408 0.0129 -0.0248
0.0100 0.0512 -0.0176
0.0091 0.0912 0.0136
0.1023 0.0471 0.0519
0.1422 0.0068 0.0444

