0.0102 -0.7109 -0.6889
0.0062 -0.7185 -0.6760
-0.0069 -0.7170 -0.6719
-0.0069 -0.7170 -0.6719
-0.0033 -0.7215 -0.6747
-0.0011 -0.7197 -0.6671
0.0085 -0.7222 -0.6685
0.0128 -0.7172 -0.6685
0.0145 -0.7172 -0.6808
0.0145 -0.7172 -0.6808
0.0107 -0.7131 -0.6852
0.0209 -0.7163 -0.6926
0.0135 -0.7136 -0.6731
0.0125 -0.7184 -0.6683
0.0125 -0.7184 -0.6683
0.0180 -0.7160 -0.6738
0.0124 -0.7174 -0.6792
0.0185 -0.7168 -0.6827
0.0173 -0.7134 -0.6860
0.0157 -0.7142 -0.6859
0.0157 -0.7142 -0.6859
0.0143 -0.7184 -0.6771
0.0115 -0.7155 -0.6717
0.0108 -0.7119 -0.6790
0.0129 -0.7153 -0.6771
0.0150 -0.7179 -0.6709
0.0150 -0.7179 -0.6709
0.0141 -0.7156 -0.6761
0.0087 -0.7158 -0.6814
0.0090 -0.7200 -0.6805
0.0134 -0.7218 -0.6783
0.0100 -0.7160 -0.6778
0.0100 -0.7160 -0.6778
0.0125 -0.7195 -0.6794
0.0088 -0.7206 -0.6752
0.0106 -0.7220 -0.6729
0.0135 -0.7172 -0.6721
0.0135 -0.7172 -0.6721
0.0107 -0.7182 -0.6661
0.0093 -0.7203 -0.6635
0.0124 -0.7164 -0.6744
0.0149 -0.7175 -0.6775
0.0092 -0.7159 -0.6768
0.0077 -0.7167 -0.6762
0.0077 -0.7167 -0.6762
0.0102 -0.7199 -0.6797
0.0119 -0.7193 -0.6766
0.0086 -0.7159 -0.6719
0.0058 -0.7188 -0.6573
0.0076 -0.7187 -0.6660
0.0076 -0.7187 -0.6660
0.0217 -0.7174 -0.6699
0.0149 -0.7121 -0.6714
0.0044 -0.7148 -0.6701
0.0011 -0.7207 -0.6685
0.0011 -0.7207 -0.6685
-0.0006 -0.7263 -0.6691
0.0054 -0.7228 -0.6777
0.0064 -0.7164 -0.6877
0.0069 -0.7177 -0.6851
0.0073 -0.7137 -0.6871
0.0073 -0.7137 -0.6871
0.0076 -0.7210 -0.6840
0.0038 -0.7189 -0.6782
0.0064 -0.7214 -0.6754
0.0078 -0.7258 -0.6728
0.0078 -0.7258 -0.6728
0.0119 -0.7231 -0.6716
0.0132 -0.7208 -0.6699
0.0091 -0.7180 -0.6753
0.0094 -0.7197 -0.6770
0.0038 -0.7166 -0.6764
0.0038 -0.7166 -0.6764
0.0035 -0.7183 -0.6703
0.0008 -0.7165 -0.6693
0.0050 -0.7186 -0.6739
0.0085 -0.7205 -0.6720
0.0074 -0.7183 -0.6739
0.0074 -0.7183 -0.6739
0.0131 -0.7203 -0.6805
0.0141 -0.7235 -0.6752
0.0104 -0.7249 -0.6674
0.0111 -0.7201 -0.6655
0.0098 -0.7217 -0.6766
0.0098 -0.7217 -0.6766
0.0111 -0.7172 -0.6813
0.0108 -0.7163 -0.6771
0.0038 -0.7180 -0.6685
0.0033 -0.7183 -0.6640
0.0056 -0.7210 -0.6732
0.0056 -0.7210 -0.6732
0.0074 -0.7170 -0.6776
0.0152 -0.7192 -0.6761
0.0104 -0.7191 -0.6694
0.0098 -0.7197 -0.6682
0.0112 -0.7185 -0.6717
0.0112 -0.7185 -0.6717
0.0089 -0.7219 -0.6688
0.0095 -0.7227 -0.6661
0.0137 -0.7211 -0.6753
0.0094 -0.7192 -0.6812
0.0092 -0.7172 -0.6764
0.0092 -0.7172 -0.6764
0.0109 -0.7218 -0.6767
-0.0020 -0.7105 -0.6674
0.0077 -0.7225 -0.6761
0.0078 -0.7165 -0.6693
0.0078 -0.7165 -0.6693
0.0047 -0.7243 -0.6715
0.0069 -0.7110 -0.6752
0.0069 -0.7210 -0.6706
0.0129 -0.7245 -0.6695
0.0163 -0.7214 -0.6682
0.0163 -0.7214 -0.6682
0.0136 -0.7189 -0.6740
0.0109 -0.7203 -0.6794
0.0034 -0.7202 -0.6786
-0.0005 -0.7218 -0.6775
-0.0007 -0.7205 -0.6745
-0.0007 -0.7205 -0.6745
0.0067 -0.7213 -0.6786
0.0111 -0.7140 -0.6850
0.0106 -0.7139 -0.6842
0.0028 -0.7167 -0.6785
0.0019 -0.7209 -0.6703
0.0019 -0.7209 -0.6703
0.0061 -0.7228 -0.6651
0.0104 -0.7203 -0.6703
0.0142 -0.7176 -0.6749
0.0155 -0.7193 -0.6740
0.0155 -0.7193 -0.6740
0.0139 -0.7220 -0.6886
0.0139 -0.7220 -0.6886
0.0101 -0.7189 -0.6691
0.0052 -0.7149 -0.6674
0.0009 -0.7138 -0.6673
0.0009 -0.7138 -0.6673
0.0049 -0.7224 -0.6710
0.0151 -0.7197 -0.6740
0.0137 -0.7143 -0.6684
0.0070 -0.7149 -0.6577
0.0030 -0.7168 -0.6709
0.0030 -0.7168 -0.6709
0.0095 -0.7338 -0.6787
0.0136 -0.7227 -0.6763
0.0085 -0.7248 -0.6848
0.0090 -0.7218 -0.6849
0.0090 -0.7218 -0.6849
-0.0029 -0.7183 -0.6643
-0.0029 -0.7183 -0.6643
0.0075 -0.7190 -0.6744
0.0029 -0.7177 -0.6716
-0.0034 -0.7208 -0.6730
-0.0030 -0.7183 -0.6758
-0.0030 -0.7183 -0.6758
0.0077 -0.7188 -0.6782
0.0071 -0.7183 -0.6697
0.0039 -0.7155 -0.6698
0.0047 -0.7207 -0.6700
0.0047 -0.7207 -0.6700
0.0057 -0.7182 -0.6622
0.0071 -0.7206 -0.6677
0.0063 -0.7142 -0.6724
0.0036 -0.7187 -0.6675
0.0044 -0.7203 -0.6758
0.0044 -0.7203 -0.6758
0.0073 -0.7167 -0.6827
0.0039 -0.7175 -0.6817
0.0023 -0.7177 -0.6763
0.0061 -0.7183 -0.6742
0.0086 -0.7159 -0.6696
0.0086 -0.7159 -0.6696
0.0132 -0.7215 -0.6673
0.0172 -0.7232 -0.6709
0.0144 -0.7192 -0.6782
0.0113 -0.7153 -0.6823
0.0113 -0.7153 -0.6823
0.0109 -0.7175 -0.6803
0.0054 -0.7218 -0.6746
0.0018 -0.7196 -0.6744
0.0015 -0.7181 -0.6790
0.0101 -0.7129 -0.6875
0.0101 -0.7129 -0.6875
0.0130 -0.7119 -0.6888
0.0086 -0.7122 -0.6759
0.0057 -0.7203 -0.6694
0.0079 -0.7243 -0.6665
0.0075 -0.7158 -0.6686
0.0075 -0.7158 -0.6686
0.0174 -0.7238 -0.6809
0.0105 -0.7118 -0.6817
0.0117 -0.7218 -0.6839
0.0076 -0.7175 -0.6755
0.0037 -0.7194 -0.6786
0.0037 -0.7194 -0.6786
0.0051 -0.7154 -0.6812
0.0021 -0.7170 -0.6733
0.0002 -0.7176 -0.6774
0.0052 -0.7186 -0.6831
0.0052 -0.7186 -0.6831
0.0077 -0.7159 -0.6783
0.0108 -0.7218 -0.6704
0.0092 -0.7207 -0.6684
0.0088 -0.7173 -0.6780
0.0071 -0.7215 -0.6794
0.0119 -0.7202 -0.6787
0.0119 -0.7202 -0.6787
0.0079 -0.7169 -0.6770
0.0032 -0.7172 -0.6804
-0.0008 -0.7203 -0.6756
0.0002 -0.7174 -0.6695
0.0041 -0.7171 -0.6668
0.0041 -0.7171 -0.6668
0.0045 -0.7164 -0.6694
0.0041 -0.7231 -0.6728
0.0092 -0.7175 -0.6737
0.0121 -0.7194 -0.6689
0.0121 -0.7194 -0.6689
0.0091 -0.7153 -0.6651
0.0081 -0.7189 -0.6707
0.0089 -0.7174 -0.6727
0.0092 -0.7123 -0.6682
0.0098 -0.7056 -0.6392
0.0098 -0.7056 -0.6392
0.0155 -0.7310 -0.6866
0.0044 -0.7189 -0.6853
0.0063 -0.7334 -0.6796
0.0040 -0.7182 -0.6758
0.0122 -0.7248 -0.6895
0.0122 -0.7248 -0.6895
0.0132 -0.7153 -0.6929
0.0154 -0.7137 -0.6590
0.0146 -0.7235 -0.6600
0.0146 -0.7235 -0.6600
0.0120 -0.7223 -0.6608
0.0143 -0.7227 -0.6731
0.0187 -0.7149 -0.6841
0.0155 -0.7177 -0.6828
0.0105 -0.7230 -0.6770
0.0105 -0.7230 -0.6770
0.0061 -0.7233 -0.6687
0.0113 -0.7219 -0.6720
0.0126 -0.7171 -0.6776
0.0088 -0.7148 -0.6715
0.0099 -0.7173 -0.6687
0.0099 -0.7173 -0.6687
0.0092 -0.7194 -0.6699
0.0125 -0.7186 -0.6717
0.0130 -0.7150 -0.6700
0.0136 -0.7175 -0.6696
0.0127 -0.7188 -0.6676
0.0127 -0.7188 -0.6676
0.0123 -0.7193 -0.6685
0.0152 -0.7177 -0.6772
0.0096 -0.7166 -0.6784
0.0053 -0.7202 -0.6718
0.0074 -0.7204 -0.6754
0.0074 -0.7204 -0.6754
0.0112 -0.7213 -0.6802
0.0155 -0.7205 -0.6817
0.0145 -0.7213 -0.6720
0.0118 -0.7229 -0.6737
0.0123 -0.7191 -0.6748
0.0123 -0.7191 -0.6748
0.0144 -0.7201 -0.6779
0.0136 -0.7163 -0.6725
0.0136 -0.7166 -0.6706
0.0120 -0.7103 -0.6640
0.0120 -0.7103 -0.6640
0.0137 -0.7084 -0.6633
0.0197 -0.7065 -0.6602
0.0259 -0.7031 -0.6619
0.0306 -0.7055 -0.6638
0.0421 -0.7067 -0.6554
0.0421 -0.7067 -0.6554
0.0543 -0.7097 -0.6542
0.0728 -0.7130 -0.6551
0.0961 -0.7065 -0.6573
0.1160 -0.7053 -0.6662
0.1303 -0.7005 -0.6558
0.1303 -0.7005 -0.6558
0.1334 -0.6954 -0.6434
0.1414 -0.6836 -0.6409
0.1462 -0.6576 -0.6358
0.1601 -0.6518 -0.6366
0.1705 -0.6471 -0.6131
0.1705 -0.6471 -0.6131
0.1772 -0.6565 -0.6011
0.1794 -0.6524 -0.6137
0.1792 -0.6465 -0.6427
0.1676 -0.6403 -0.6882
0.1676 -0.6403 -0.6882
0.1692 -0.6266 -0.7410
0.1576 -0.6305 -0.7573
0.1442 -0.6452 -0.7392
0.1352 -0.6525 -0.7170
0.1391 -0.6471 -0.7340
0.1391 -0.6471 -0.7340
0.1498 -0.6425 -0.7633
0.1446 -0.6334 -0.7842
0.1307 -0.6225 -0.7889
0.1177 -0.6057 -0.7897
0.1052 -0.6056 -0.7953
0.1052 -0.6056 -0.7953
0.1030 -0.6005 -0.7997
0.1018 -0.6017 -0.8135
0.1060 -0.5990 -0.8053
0.1112 -0.5868 -0.7958
0.1145 -0.5800 -0.8020
0.1145 -0.5800 -0.8020
0.1154 -0.5737 -0.8123
0.1120 -0.5853 -0.8268
0.1040 -0.5916 -0.8243
0.0930 -0.5967 -0.8043
0.0930 -0.5967 -0.8043
0.0882 -0.5852 -0.7961
0.0883 -0.5844 -0.8136
0.0946 -0.5848 -0.8298
0.0990 -0.5783 -0.8333
0.0928 -0.5742 -0.8289
0.0977 -0.5472 -0.8456
0.0977 -0.5472 -0.8456
0.0791 -0.5237 -0.8730
0.0463 -0.5110 -0.8719
0.0269 -0.5350 -0.8642
0.0109 -0.5448 -0.8201
0.0109 -0.5448 -0.8201
0.0189 -0.5739 -0.8208
0.0260 -0.5513 -0.8914
0.0091 -0.5089 -0.9966
-0.0169 -0.4444 -1.0425
-0.0612 -0.4290 -1.0084
-0.0612 -0.4290 -1.0084
-0.0933 -0.4330 -0.9527
-0.1117 -0.4367 -0.8839
-0.1012 -0.4370 -0.8343
-0.0785 -0.4438 -0.7832
-0.0713 -0.4613 -0.7512
-0.0713 -0.4613 -0.7512
-0.0580 -0.4647 -0.7806
-0.0522 -0.4726 -0.8503
-0.0716 -0.4314 -0.9358
-0.1151 -0.4126 -0.9821
-0.1391 -0.4048 -0.9761
-0.1391 -0.4048 -0.9761
-0.1584 -0.4247 -0.8813
-0.1713 -0.4617 -0.7668
-0.1561 -0.5083 -0.6661
-0.1342 -0.5265 -0.6310
-0.1342 -0.5265 -0.6310
-0.1152 -0.5398 -0.6756
-0.0974 -0.5346 -0.7444
-0.0803 -0.5039 -0.8065
-0.0649 -0.4884 -0.8575
-0.0543 -0.4821 -0.9043
-0.0543 -0.4821 -0.9043
-0.0570 -0.4807 -0.9285
-0.0461 -0.4793 -0.9034
-0.0475 -0.4828 -0.8584
-0.0476 -0.4858 -0.8313
-0.0625 -0.4927 -0.8070
-0.0625 -0.4927 -0.8070
-0.0701 -0.5092 -0.8081
-0.0806 -0.5136 -0.8091
-0.0807 -0.5381 -0.8132
-0.0817 -0.5524 -0.8311
-0.0768 -0.5609 -0.8567
-0.0768 -0.5609 -0.8567
-0.0756 -0.5582 -0.8779
-0.0811 -0.5585 -0.8934
-0.0844 -0.5437 -0.9124
-0.0937 -0.5329 -0.9122
-0.0865 -0.5288 -0.9085
-0.0562 -0.5314 -0.9214
-0.0562 -0.5314 -0.9214
-0.0319 -0.5712 -0.9161
0.0262 -0.5900 -0.9230
0.1032 -0.5839 -0.9514
0.1032 -0.5839 -0.9514
0.1855 -0.5979 -0.9957
0.2402 -0.5615 -1.0460
0.2704 -0.5042 -1.1015
0.2943 -0.4371 -1.1226
0.2710 -0.3962 -1.0524
0.2710 -0.3962 -1.0524
0.2366 -0.3792 -0.9201
0.2342 -0.3833 -0.8074
0.2610 -0.4204 -0.7294
0.3150 -0.4337 -0.6622
0.3633 -0.4510 -0.6296
0.3633 -0.4510 -0.6296
0.4173 -0.4474 -0.6806
0.4337 -0.4224 -0.7696
0.3902 -0.3822 -0.8676
0.3186 -0.3438 -0.8942
0.2184 -0.3250 -0.9092
0.2184 -0.3250 -0.9092
0.1119 -0.3173 -0.8288
0.0288 -0.3386 -0.7063
-0.0273 -0.3962 -0.5952
-0.0607 -0.4603 -0.5534
-0.0607 -0.4603 -0.5534
-0.0738 -0.5075 -0.5680
-0.0428 -0.5128 -0.6653
0.0007 -0.5322 -0.7634
0.0187 -0.5441 -0.7908
0.0340 -0.5549 -0.8236
0.0549 -0.5730 -0.8710
0.0549 -0.5730 -0.8710
0.0693 -0.5775 -0.9187
0.0651 -0.5702 -0.9543
0.0409 -0.5637 -0.9560
-0.0152 -0.5820 -0.9370
-0.0702 -0.5824 -0.9324
-0.0702 -0.5824 -0.9324
-0.1201 -0.5704 -0.9518
-0.1557 -0.5718 -0.9841
-0.1683 -0.5925 -1.0277
-0.1962 -0.5805 -1.0308
-0.1962 -0.5805 -1.0308
-0.2115 -0.5604 -1.0637
-0.2184 -0.5660 -1.1094
-0.2045 -0.4972 -1.1491
-0.1671 -0.3971 -1.2700
-0.1671 -0.3971 -1.2700
-0.1377 -0.2905 -1.3035
-0.1424 -0.2300 -1.1464
-0.1867 -0.2089 -0.8128
-0.1915 -0.2523 -0.5227
-0.1945 -0.3129 -0.3658
-0.1945 -0.3129 -0.3658
-0.2119 -0.3418 -0.3071
-0.1798 -0.3183 -0.4653
-0.0599 -0.2891 -0.7226
0.0396 -0.2376 -0.9334
0.1256 -0.2472 -1.0503
0.1256 -0.2472 -1.0503
0.1921 -0.2700 -0.9772
0.2538 -0.3524 -0.8693
0.2821 -0.4438 -0.7014
0.2699 -0.4929 -0.6015
0.2461 -0.5513 -0.5948
0.2461 -0.5513 -0.5948
0.2279 -0.5955 -0.6523
0.2063 -0.5996 -0.6943
0.1739 -0.6174 -0.7375
0.1315 -0.6346 -0.7878
0.1002 -0.6423 -0.8351
0.1002 -0.6423 -0.8351
0.0861 -0.6507 -0.9004
0.0815 -0.6435 -0.9553
0.0810 -0.6486 -0.9698
0.0943 -0.6558 -0.9687
0.1380 -0.6523 -0.9630
0.1380 -0.6523 -0.9630
0.1788 -0.6442 -1.0013
0.2030 -0.6516 -1.0447
0.2140 -0.6347 -1.0193
0.2227 -0.6094 -0.9997
0.2227 -0.6094 -0.9997
0.2314 -0.6238 -0.9771
0.2639 -0.5839 -0.9578
0.2980 -0.5038 -0.9983
0.2995 -0.4246 -1.0696
0.2793 -0.3563 -1.0191
0.2793 -0.3563 -1.0191
0.2208 -0.3052 -0.7954
0.1923 -0.3304 -0.5812
0.1917 -0.4074 -0.4418
0.2008 -0.4511 -0.3521
0.2171 -0.4488 -0.4764
0.2171 -0.4488 -0.4764
0.2309 -0.4448 -0.8060
0.2182 -0.4018 -1.0510
0.1149 -0.3709 -1.1263
-0.0118 -0.3075 -1.0815
-0.0906 -0.3193 -1.0256
-0.0906 -0.3193 -1.0256
-0.1499 -0.3571 -0.9084
-0.1800 -0.3958 -0.7453
-0.2243 -0.4323 -0.6074
-0.2342 -0.4918 -0.5709
-0.2342 -0.4918 -0.5709
-0.1991 -0.5128 -0.6007
-0.1473 -0.5267 -0.6825
-0.1096 -0.5275 -0.7531
-0.0914 -0.5198 -0.8234
-0.0934 -0.5149 -0.8596
-0.0934 -0.5149 -0.8596
-0.1044 -0.5055 -0.8871
-0.1250 -0.5160 -0.9083
-0.1525 -0.5405 -0.9205
-0.1849 -0.5599 -0.9226
-0.2427 -0.5559 -0.9518
-0.2427 -0.5559 -0.9518
-0.2824 -0.5763 -1.0043
-0.2960 -0.5936 -1.0609
-0.2830 -0.5628 -1.0993
-0.2973 -0.5921 -1.1172
-0.3011 -0.5767 -1.0994
-0.3011 -0.5767 -1.0994
-0.2651 -0.4806 -1.1718
-0.2171 -0.3544 -1.2460
-0.1600 -0.2902 -1.2203
-0.1274 -0.2484 -0.9239
-0.0887 -0.2594 -0.6395
-0.0887 -0.2594 -0.6395
-0.0840 -0.3397 -0.4670
-0.0926 -0.3747 -0.4091
-0.0713 -0.3661 -0.5034
-0.0091 -0.3597 -0.6945
-0.0091 -0.3597 -0.6945
0.0610 -0.3322 -0.8582
0.1347 -0.3403 -0.9340
0.1957 -0.3385 -0.8916
0.2549 -0.3773 -0.8015
0.2948 -0.4235 -0.6865
0.2948 -0.4235 -0.6865
0.3071 -0.4684 -0.6455
0.2990 -0.5397 -0.6793
0.2914 -0.5917 -0.7193
0.2876 -0.6040 -0.7409
0.2307 -0.6232 -0.7754
0.2307 -0.6232 -0.7754
0.1405 -0.6551 -0.8086
0.0517 -0.6485 -0.8489
-0.0095 -0.6483 -0.8914
-0.0425 -0.6425 -0.9127
-0.0531 -0.6382 -0.9370
-0.0531 -0.6382 -0.9370
-0.0406 -0.6263 -0.9310
0.0322 -0.6187 -0.9503
0.1020 -0.5970 -0.9803
0.1476 -0.5679 -1.0003
0.1476 -0.5679 -1.0003
0.1726 -0.5568 -0.9744
0.1831 -0.5828 -0.9050
0.2083 -0.5770 -0.8536
0.2456 -0.6201 -0.8325
0.2945 -0.6425 -0.8273
0.2945 -0.6425 -0.8273
0.3410 -0.5944 -0.9121
0.3687 -0.5166 -1.0783
0.3689 -0.4174 -1.1616
0.3285 -0.3590 -1.0407
0.2511 -0.3343 -0.7686
0.2329 -0.3748 -0.5622
0.2329 -0.3748 -0.5622
0.2471 -0.4472 -0.4299
0.2462 -0.4670 -0.4164
0.2253 -0.4563 -0.6072
0.2093 -0.4246 -0.8803
0.2093 -0.4246 -0.8803
0.1665 -0.3759 -1.0662
0.0590 -0.3222 -1.0855
-0.0477 -0.2912 -1.0463
-0.1276 -0.3253 -0.9802
-0.1881 -0.3714 -0.8443
-0.1881 -0.3714 -0.8443
-0.2014 -0.3906 -0.6845
-0.2047 -0.4453 -0.6065
-0.2133 -0.4908 -0.5867
-0.2163 -0.5156 -0.6058
-0.2056 -0.5468 -0.6530
-0.2056 -0.5468 -0.6530
-0.1895 -0.5580 -0.7053
-0.1758 -0.5661 -0.7491
-0.1618 -0.5665 -0.7816
-0.1340 -0.5711 -0.8051
-0.1340 -0.5711 -0.8051
-0.1117 -0.5952 -0.8444
-0.1134 -0.6143 -0.8814
-0.1411 -0.6068 -0.9418
-0.1893 -0.6145 -1.0078
-0.2497 -0.6251 -1.0411
-0.2855 -0.6082 -1.0614
-0.2855 -0.6082 -1.0614
-0.3077 -0.6664 -1.0504
-0.3165 -0.6411 -1.0651
-0.2896 -0.5426 -1.2156
-0.2244 -0.4160 -1.3269
-0.2244 -0.4160 -1.3269
-0.1500 -0.3268 -1.2513
-0.0927 -0.2468 -0.9243
-0.0508 -0.2495 -0.6216
-0.0021 -0.3566 -0.4485
0.0202 -0.4622 -0.3226
0.0202 -0.4622 -0.3226
0.0163 -0.4886 -0.3027
-0.0026 -0.4831 -0.5109
0.0157 -0.4438 -0.8640
0.0658 -0.3912 -1.2097
0.1582 -0.3634 -1.1868
0.1582 -0.3634 -1.1868
0.2229 -0.3142 -0.9372
0.2322 -0.3900 -0.7028
0.2170 -0.4775 -0.5340
0.2169 -0.5382 -0.4654
0.2169 -0.5382 -0.4654
0.2523 -0.5848 -0.4828
0.2928 -0.6105 -0.5840
0.3158 -0.6239 -0.6968
0.2934 -0.6261 -0.7616
0.2117 -0.6279 -0.7988
0.2117 -0.6279 -0.7988
0.1493 -0.6471 -0.8439
0.1003 -0.6547 -0.8825
0.0696 -0.6584 -0.9086
0.0614 -0.6644 -0.9174
0.0809 -0.6700 -0.9172
0.0809 -0.6700 -0.9172
0.1332 -0.6667 -0.9162
0.1894 -0.6517 -0.9299
0.2145 -0.6237 -0.9685
0.2050 -0.5802 -0.9668
0.1657 -0.5721 -0.9161
0.1657 -0.5721 -0.9161
0.1349 -0.6070 -0.8591
0.1413 -0.5997 -0.8293
0.1756 -0.6432 -0.8451
0.2155 -0.6591 -0.8550
0.2557 -0.6155 -0.9119
0.2557 -0.6155 -0.9119
0.2842 -0.5631 -1.0358
0.2766 -0.4885 -1.0845
0.2279 -0.4178 -0.9760
0.1694 -0.3694 -0.8044
0.1694 -0.3694 -0.8044
0.1418 -0.3757 -0.6271
0.1377 -0.4088 -0.5126
0.1382 -0.4653 -0.4519
0.1531 -0.4876 -0.5109
0.1662 -0.4798 -0.6980
0.1662 -0.4798 -0.6980
0.1597 -0.4367 -0.9038
0.0961 -0.4240 -1.0474
0.0006 -0.3905 -1.0611
-0.0821 -0.3717 -1.0235
-0.1541 -0.3907 -0.8853
-0.1541 -0.3907 -0.8853
-0.1958 -0.4294 -0.7120
-0.2271 -0.4722 -0.5622
-0.2458 -0.5239 -0.4888
-0.2516 -0.5600 -0.5112
-0.2516 -0.5600 -0.5112
-0.2313 -0.5857 -0.6019
-0.1868 -0.5795 -0.6820
-0.1469 -0.5747 -0.7568
-0.1112 -0.5741 -0.8211
-0.0737 -0.5848 -0.8607
-0.0737 -0.5848 -0.8607
-0.0457 -0.5892 -0.8831
-0.0353 -0.6037 -0.8997
-0.0393 -0.6236 -0.9192
-0.0715 -0.6278 -0.9533
-0.1397 -0.6241 -0.9898
-0.1397 -0.6241 -0.9898
-0.1868 -0.6087 -1.0166
-0.2113 -0.5964 -1.0176
-0.2328 -0.6208 -0.9607
-0.2457 -0.6365 -0.9124
-0.2553 -0.6869 -0.8753
-0.2553 -0.6869 -0.8753
-0.2357 -0.7368 -0.8765
-0.2192 -0.6558 -0.9365
-0.2182 -0.5168 -1.1849
-0.2262 -0.3967 -1.2630
-0.1252 -0.2882 -1.1669
-0.1252 -0.2882 -1.1669
-0.0088 -0.2372 -0.8172
0.0428 -0.2776 -0.5380
0.1020 -0.4080 -0.3485
0.1349 -0.5212 -0.2249
0.1244 -0.5922 -0.2457
0.1244 -0.5922 -0.2457
0.1263 -0.5796 -0.5189
0.1671 -0.5470 -0.9838
0.2540 -0.5260 -1.2457
0.3679 -0.4735 -1.1323
0.3679 -0.4735 -1.1323
0.3917 -0.4601 -0.8959
0.3866 -0.5016 -0.6466
0.3767 -0.5204 -0.4534
0.3589 -0.5393 -0.3643
0.3300 -0.5574 -0.3879
0.3300 -0.5574 -0.3879
0.3185 -0.5662 -0.5052
0.2875 -0.5393 -0.6696
0.2452 -0.5128 -0.8271
0.2159 -0.5103 -0.9838
0.1756 -0.4887 -1.0736
0.1756 -0.4887 -1.0736
0.1417 -0.4754 -1.1040
0.1319 -0.4675 -1.0787
0.1534 -0.4959 -1.0659
0.1943 -0.5023 -1.0357
0.2335 -0.4857 -1.0731
0.2335 -0.4857 -1.0731
0.2515 -0.4505 -1.1563
0.2414 -0.3735 -1.2567
0.2104 -0.3041 -1.2478
0.1437 -0.2474 -1.1530
0.1437 -0.2474 -1.1530
0.0780 -0.2121 -1.0201
0.0291 -0.1963 -0.8955
-0.0274 -0.2116 -0.7478
-0.0709 -0.2298 -0.6213
-0.0948 -0.2660 -0.5505
-0.0948 -0.2660 -0.5505
-0.0693 -0.2709 -0.6425
0.0196 -0.3675 -0.8269
0.0633 -0.4604 -0.9855
0.1524 -0.3634 -1.0171
0.1960 -0.4321 -1.1048
0.2057 -0.4252 -1.1198
0.2057 -0.4252 -1.1198
0.1977 -0.4022 -1.0496
0.1676 -0.4284 -0.9458
0.1490 -0.4330 -0.8556
0.1358 -0.4349 -0.8398
0.1358 -0.4349 -0.8398
0.1358 -0.4731 -0.8860
0.1511 -0.4731 -0.9332
0.1609 -0.4753 -0.9336
0.2031 -0.4818 -0.9600
0.2031 -0.4818 -0.9600
0.2057 -0.4704 -0.9609
0.1848 -0.4734 -0.9575
0.1436 -0.4887 -0.9424
0.1142 -0.4993 -0.9008
0.0462 -0.4859 -0.8617
0.0462 -0.4859 -0.8617
-0.0096 -0.4977 -0.8220
-0.0808 -0.5149 -0.7905
-0.1263 -0.5485 -0.7491
-0.1191 -0.5707 -0.7347
-0.1685 -0.5927 -0.5545
-0.1685 -0.5927 -0.5545
-0.1988 -0.6259 -0.5661
-0.2071 -0.6564 -0.5403
-0.2206 -0.6695 -0.5361
-0.2124 -0.6718 -0.5441
-0.1684 -0.6823 -0.5842
-0.1684 -0.6823 -0.5842
-0.1061 -0.6807 -0.6036
-0.0367 -0.6946 -0.6367
0.0297 -0.7274 -0.6588
0.0685 -0.7926 -0.6693
0.0710 -0.8361 -0.6670
0.0710 -0.8361 -0.6670
0.0389 -0.7679 -0.8481
-0.0175 -0.7367 -1.0288
-0.0919 -0.7044 -1.1099
-0.0724 -0.6365 -0.8523
-0.0658 -0.5945 -0.6246
-0.0658 -0.5945 -0.6246
-0.0467 -0.6174 -0.5028
-0.0337 -0.6676 -0.4713
-0.0372 -0.7518 -0.5661
-0.1076 -0.7938 -0.7437
-0.1076 -0.7938 -0.7437
-0.2450 -0.8333 -0.9589
-0.4589 -0.8333 -0.9472
-0.5527 -0.7869 -0.9191
-0.5027 -0.6838 -0.7410
-0.3969 -0.5986 -0.5201
-0.3969 -0.5986 -0.5201
-0.2763 -0.5903 -0.4285
-0.2155 -0.6073 -0.3647
-0.2098 -0.6133 -0.3207
-0.2338 -0.6171 -0.3540
-0.2400 -0.6284 -0.4355
-0.2400 -0.6284 -0.4355
-0.2583 -0.6284 -0.5423
-0.2790 -0.6530 -0.6604
-0.2894 -0.6619 -0.7012
-0.2893 -0.6828 -0.7383
-0.2720 -0.7061 -0.7593
-0.2720 -0.7061 -0.7593
-0.2425 -0.7018 -0.7470
-0.2072 -0.6966 -0.7325
-0.1950 -0.6820 -0.6863
-0.1897 -0.6822 -0.6251
-0.1781 -0.6818 -0.5984
-0.1781 -0.6818 -0.5984
-0.1651 -0.6951 -0.6070
-0.1555 -0.7160 -0.6276
-0.1551 -0.7474 -0.6834
-0.1665 -0.8047 -0.7674
-0.1613 -0.8537 -0.8303
-0.1613 -0.8537 -0.8303
-0.1373 -0.9177 -0.9326
-0.0799 -0.9575 -1.0534
-0.0435 -0.9311 -1.2418
-0.0389 -0.8340 -1.4187
-0.0389 -0.8340 -1.4187
-0.0597 -0.7005 -1.4102
-0.0921 -0.5619 -1.1262
-0.0850 -0.4667 -0.8288
-0.0379 -0.4315 -0.5601
0.0181 -0.4303 -0.3574
0.0181 -0.4303 -0.3574
0.0900 -0.4346 -0.2530
0.1423 -0.4540 -0.2837
0.1541 -0.4683 -0.4251
0.1315 -0.4696 -0.6424
0.0836 -0.4975 -0.8134
0.0836 -0.4975 -0.8134
0.0183 -0.4629 -0.8492
-0.0563 -0.4608 -0.8094
-0.1227 -0.4735 -0.6895
-0.1633 -0.5076 -0.5681
-0.1595 -0.5383 -0.4712
-0.1595 -0.5383 -0.4712
-0.1451 -0.5786 -0.4582
-0.1385 -0.6256 -0.5088
-0.1150 -0.6747 -0.6096
-0.0865 -0.7052 -0.6894
-0.0865 -0.7052 -0.6894
-0.0517 -0.7385 -0.7613
-0.0352 -0.7545 -0.7928
-0.0406 -0.7670 -0.8109
-0.0598 -0.7695 -0.8091
-0.0938 -0.7700 -0.7718
-0.0938 -0.7700 -0.7718
-0.1128 -0.7815 -0.7606
-0.1659 -0.7892 -0.8088
-0.2403 -0.7961 -0.9085
-0.2875 -0.8049 -0.9599
-0.3247 -0.7971 -1.0258
-0.3247 -0.7971 -1.0258
-0.3486 -0.7340 -1.0467
-0.3869 -0.7304 -1.0559
-0.3785 -0.7085 -1.0010
-0.3768 -0.5919 -1.0199
-0.3785 -0.5079 -1.1324
-0.3785 -0.5079 -1.1324
-0.3535 -0.4137 -1.0995
-0.3183 -0.3529 -0.8179
-0.2912 -0.3142 -0.5322
-0.2861 -0.3497 -0.3502
-0.2861 -0.3497 -0.3502
-0.2827 -0.3861 -0.3307
-0.2352 -0.4304 -0.5060
-0.1742 -0.4643 -0.7116
-0.0711 -0.4490 -0.8720
0.0272 -0.4484 -0.8808
0.0272 -0.4484 -0.8808
0.0861 -0.4530 -0.7509
0.1286 -0.4904 -0.6240
0.1507 -0.5529 -0.5568
0.1339 -0.6082 -0.5228
0.1176 -0.6546 -0.5195
0.1176 -0.6546 -0.5195
0.0872 -0.7004 -0.5644
0.0497 -0.7298 -0.6347
0.0285 -0.7511 -0.6824
0.0169 -0.7516 -0.7152
0.0071 -0.7628 -0.7373
0.0071 -0.7628 -0.7373
-0.0003 -0.7680 -0.7479
0.0103 -0.7745 -0.7576
0.0338 -0.7779 -0.7514
0.0676 -0.7783 -0.7611
0.0676 -0.7783 -0.7611
0.1011 -0.7802 -0.8089
0.1338 -0.7835 -0.8792
0.1671 -0.7908 -0.9207
0.1915 -0.7750 -0.9235
0.2179 -0.7839 -0.9209
0.2179 -0.7839 -0.9209
0.2471 -0.7523 -0.9287
0.2807 -0.6821 -1.0127
0.3118 -0.5939 -1.1345
0.3210 -0.4918 -1.0705
0.3027 -0.4131 -0.8386
0.3027 -0.4131 -0.8386
0.2845 -0.3901 -0.5972
0.2578 -0.4022 -0.4483
0.2252 -0.4179 -0.4383
0.1663 -0.4395 -0.6287
0.1120 -0.4588 -0.8908
0.1120 -0.4588 -0.8908
0.0408 -0.4496 -1.0333
-0.0534 -0.4105 -1.0207
-0.1407 -0.3897 -0.9357
-0.2359 -0.3904 -0.8207
-0.2986 -0.4217 -0.6943
-0.2986 -0.4217 -0.6943
-0.3285 -0.4675 -0.5614
-0.3443 -0.5051 -0.4697
-0.2745 -0.5802 -0.4735
-0.2551 -0.6049 -0.5889
-0.2230 -0.6561 -0.6391
-0.2230 -0.6561 -0.6391
-0.1976 -0.6605 -0.7035
-0.1758 -0.6772 -0.7528
-0.1650 -0.6664 -0.7925
-0.1629 -0.6755 -0.8057
-0.1629 -0.6755 -0.8057
-0.1650 -0.6979 -0.7962
-0.1933 -0.7242 -0.7940
-0.2373 -0.7337 -0.8169
-0.2918 -0.7328 -0.8747
-0.3674 -0.7435 -0.9280
-0.3674 -0.7435 -0.9280
-0.4454 -0.6830 -0.9685
-0.5155 -0.6840 -1.0319
-0.5264 -0.6349 -1.1058
-0.4913 -0.4906 -1.1316
-0.4167 -0.4101 -1.1017
-0.4167 -0.4101 -1.1017
-0.3271 -0.3734 -0.8933
-0.2593 -0.3751 -0.5926
-0.2184 -0.4273 -0.4040
-0.2637 -0.4400 -0.3315
-0.2720 -0.4426 -0.5244
-0.2720 -0.4426 -0.5244
-0.2026 -0.4465 -0.8504
-0.1066 -0.4309 -1.1494
0.0171 -0.4096 -1.2034
0.0881 -0.3784 -1.0222
0.1536 -0.4446 -0.8001
0.1536 -0.4446 -0.8001
0.1787 -0.4878 -0.6189
0.1957 -0.5765 -0.4915
0.1872 -0.6280 -0.4436
0.1767 -0.6545 -0.4693
0.1767 -0.6545 -0.4693
0.1895 -0.6661 -0.5644
0.2204 -0.6730 -0.6799
0.2293 -0.6745 -0.7411
0.2245 -0.6720 -0.7738
0.2040 -0.6963 -0.7744
0.2040 -0.6963 -0.7744
0.1774 -0.7090 -0.7328
0.1614 -0.7513 -0.7004
0.1625 -0.7564 -0.7114
0.2058 -0.7390 -0.7853
0.2443 -0.7277 -0.8785
0.2443 -0.7277 -0.8785
0.2710 -0.6989 -0.9450
0.2852 -0.6850 -1.0214
0.2902 -0.6712 -1.0555
0.2936 -0.5559 -1.0713
0.2851 -0.4640 -1.0836
0.2851 -0.4640 -1.0836
0.2794 -0.4048 -0.9247
0.2805 -0.4109 -0.6837
0.2929 -0.4737 -0.5075
0.3195 -0.4811 -0.4172
0.3420 -0.4372 -0.5502
0.3420 -0.4372 -0.5502
0.3120 -0.4124 -0.8442
0.2302 -0.3812 -1.0904
0.1340 -0.3657 -1.1964
0.0250 -0.3314 -1.0529
0.0250 -0.3314 -1.0529
-0.0882 -0.3434 -0.8976
-0.1870 -0.3967 -0.7515
-0.2303 -0.4339 -0.6259
-0.2598 -0.4847 -0.5462
-0.2783 -0.5299 -0.5773
-0.2783 -0.5299 -0.5773
-0.2729 -0.6075 -0.7135
-0.2884 -0.5881 -0.7309
-0.2302 -0.5742 -0.7643
-0.2307 -0.5720 -0.7517
-0.2536 -0.5919 -0.6898
-0.2536 -0.5919 -0.6898
-0.2894 -0.6175 -0.6849
-0.3133 -0.6449 -0.7268
-0.3289 -0.6496 -0.8304
-0.3393 -0.6763 -0.9215
-0.3393 -0.6763 -0.9215
-0.3818 -0.6409 -1.0089
-0.4333 -0.6251 -1.1277
-0.4615 -0.4751 -1.2705
-0.4140 -0.3896 -1.3260
-0.3414 -0.3747 -1.0968
-0.3414 -0.3747 -1.0968
-0.3066 -0.3906 -0.7476
-0.2670 -0.4610 -0.4903
-0.3161 -0.4968 -0.3733
-0.3252 -0.5270 -0.4536
-0.2824 -0.5170 -0.7691
-0.2824 -0.5170 -0.7691
-0.1640 -0.4820 -1.0666
-0.0287 -0.4460 -1.1557
0.0577 -0.3967 -0.9625
0.1125 -0.4315 -0.7516
0.1498 -0.4829 -0.5809
0.1498 -0.4829 -0.5809
0.1534 -0.5373 -0.4870
0.1609 -0.5978 -0.4131
0.1457 -0.6218 -0.4164
0.1694 -0.6586 -0.5379
0.2057 -0.6653 -0.6363
0.2057 -0.6653 -0.6363
0.2150 -0.6576 -0.6867
0.2194 -0.6792 -0.7505
0.1938 -0.7075 -0.7790
0.1695 -0.7268 -0.7365
0.1695 -0.7268 -0.7365
0.1304 -0.7462 -0.6637
0.1173 -0.7540 -0.6155
0.1308 -0.7476 -0.6534
0.1912 -0.7476 -0.7669
0.2376 -0.7708 -0.8756
0.2376 -0.7708 -0.8756
0.2387 -0.7709 -0.9361
0.1700 -0.8471 -0.8660
0.1769 -0.7430 -0.8602
0.2550 -0.5766 -0.9670
0.3431 -0.4942 -1.1044
0.3431 -0.4942 -1.1044
0.3766 -0.4531 -0.9823
0.3392 -0.4270 -0.6502
0.3083 -0.4432 -0.3909
0.3743 -0.4546 -0.3820
0.4711 -0.4306 -0.5536
0.4711 -0.4306 -0.5536
0.5334 -0.4473 -0.8196
0.4742 -0.4200 -1.0313
0.3761 -0.4380 -1.1086
0.2217 -0.4203 -1.0182
0.0948 -0.4007 -0.9085
0.0948 -0.4007 -0.9085
0.0121 -0.4294 -0.8052
-0.0715 -0.4416 -0.7384
-0.1111 -0.4715 -0.7629
-0.0902 -0.4676 -0.8289
-0.0902 -0.4676 -0.8289
-0.0498 -0.4288 -0.9275
-0.0159 -0.3780 -0.9841
-0.0069 -0.3608 -1.0001
-0.0131 -0.3439 -0.9711
-0.0429 -0.3570 -0.9279
-0.0429 -0.3570 -0.9279
-0.0624 -0.3750 -0.9044
-0.0660 -0.4052 -0.8944
-0.0356 -0.3707 -1.0424
-0.0017 -0.2596 -1.2380
-0.0605 -0.1461 -1.2861
-0.0605 -0.1461 -1.2861
-0.1974 -0.1421 -1.0143
-0.3242 -0.2436 -0.7037
-0.3153 -0.3575 -0.5106
-0.1568 -0.4234 -0.4662
0.0457 -0.4355 -0.7353
0.0457 -0.4355 -0.7353
0.2390 -0.4021 -1.0698
0.3492 -0.3701 -1.2500
0.3496 -0.3406 -1.1477
0.2934 -0.3260 -0.9751
0.1525 -0.3282 -0.8519
0.1525 -0.3282 -0.8519
0.0091 -0.3243 -0.7784
-0.0897 -0.3123 -0.7660
-0.1316 -0.3089 -0.7825
-0.1280 -0.2924 -0.8481
-0.1228 -0.2664 -0.9081
-0.1228 -0.2664 -0.9081
-0.1108 -0.2551 -0.9423
-0.0847 -0.2650 -1.0063
-0.0771 -0.2601 -1.0240
-0.0823 -0.2309 -1.0246
-0.0823 -0.2309 -1.0246
-0.0836 -0.2127 -1.0261
-0.0771 -0.2120 -1.0284
-0.0789 -0.2153 -1.0341
-0.0827 -0.2131 -1.0384
-0.0762 -0.2072 -1.0316
-0.0762 -0.2072 -1.0316
-0.1047 -0.2125 -0.9832
-0.1318 -0.2283 -0.9431
-0.1694 -0.2844 -0.9042
-0.1610 -0.3444 -0.8733
-0.0188 -0.2751 -1.0272
-0.0188 -0.2751 -1.0272
0.1065 -0.2138 -1.2615
0.1480 -0.2008 -1.2016
0.1303 -0.2074 -0.8989
0.1749 -0.2780 -0.7094
0.2670 -0.3595 -0.6845
0.2670 -0.3595 -0.6845
0.3334 -0.3473 -0.8242
0.3145 -0.2978 -0.9382
0.2081 -0.2893 -0.9574
0.0993 -0.3025 -0.9150
0.0318 -0.3178 -0.8562
0.0318 -0.3178 -0.8562
-0.0104 -0.3264 -0.8447
-0.0178 -0.3250 -0.8891
0.0374 -0.3023 -0.9729
0.1070 -0.2748 -1.0670
0.1469 -0.2516 -1.1105
0.1469 -0.2516 -1.1105
0.1479 -0.2260 -1.1273
0.0948 -0.2485 -1.0528
0.0244 -0.2707 -0.9499
0.0125 -0.2201 -0.9619
0.0125 -0.2201 -0.9619
0.0208 -0.1835 -0.9981
0.0045 -0.1986 -0.9762
-0.0383 -0.2506 -0.9180
-0.0668 -0.3157 -0.8809
-0.0757 -0.3816 -0.9458
-0.0757 -0.3816 -0.9458
-0.0424 -0.4462 -1.1306
0.0094 -0.4172 -1.2694
0.0486 -0.3649 -1.3028
0.0496 -0.3420 -1.1831
-0.0107 -0.3492 -1.0289
-0.0107 -0.3492 -1.0289
-0.0970 -0.4066 -0.8960
-0.1401 -0.4436 -0.8347
-0.1172 -0.4235 -0.8794
-0.0757 -0.3608 -0.9850
-0.0185 -0.3412 -1.0363
-0.0185 -0.3412 -1.0363
-0.0220 -0.3103 -0.9868
-0.0546 -0.3255 -0.8683
-0.0562 -0.3573 -0.7719
-0.0525 -0.4279 -0.7621
-0.0525 -0.4279 -0.7621
-0.0656 -0.4873 -0.8498
-0.0259 -0.4792 -0.9134
-0.0063 -0.4694 -1.0700
0.0036 -0.4168 -1.1002
-0.0188 -0.3626 -1.0755
-0.0188 -0.3626 -1.0755
-0.1208 -0.3699 -0.8756
-0.1208 -0.3699 -0.8756
-0.1381 -0.4018 -0.7713
-0.1243 -0.4603 -0.7481
-0.1369 -0.4753 -0.6763
-0.1369 -0.4753 -0.6763
-0.1010 -0.4617 -0.7363
-0.1105 -0.4368 -0.8028
-0.1096 -0.4167 -0.9073
-0.0933 -0.3938 -0.8817
-0.0933 -0.3938 -0.8817
-0.0901 -0.4068 -0.7418
-0.0304 -0.4485 -0.6664
0.0443 -0.4890 -0.6660
0.0986 -0.5407 -0.7841
0.0755 -0.5491 -0.7590
0.0755 -0.5491 -0.7590
0.0075 -0.5734 -0.7016
-0.0088 -0.5986 -0.6892
0.0068 -0.6043 -0.6960
0.0288 -0.5868 -0.7432
0.0410 -0.5801 -0.7414
0.0410 -0.5801 -0.7414
0.0342 -0.6057 -0.7251
0.0255 -0.6180 -0.6892
0.0352 -0.6487 -0.6916
0.0166 -0.6453 -0.6754
0.0296 -0.6524 -0.6986
0.0296 -0.6524 -0.6986
0.0347 -0.6461 -0.7056
0.0291 -0.6545 -0.6957
0.0298 -0.6628 -0.7053
0.0416 -0.6571 -0.6980
0.0416 -0.6571 -0.6980
0.0495 -0.6587 -0.7182
0.0483 -0.6591 -0.7077
0.0507 -0.6541 -0.7124
0.0499 -0.6606 -0.7142
0.0528 -0.6597 -0.7134
0.0563 -0.6574 -0.7239
0.0563 -0.6574 -0.7239
0.0379 -0.6576 -0.7215
0.0449 -0.6739 -0.7296
0.0364 -0.6629 -0.7218
0.0377 -0.6707 -0.7232
0.0325 -0.6671 -0.7297
0.0325 -0.6671 -0.7297
0.0389 -0.6738 -0.7290
0.0439 -0.6778 -0.7271
0.0402 -0.6790 -0.7296
0.0302 -0.6814 -0.7217
0.0302 -0.6814 -0.7217
0.0340 -0.6943 -0.7109
0.0331 -0.6972 -0.7222
0.0361 -0.6918 -0.7262
0.0386 -0.6911 -0.7199
0.0350 -0.6982 -0.7080
0.0350 -0.6982 -0.7080
0.0426 -0.7003 -0.7055
0.0437 -0.6890 -0.7010
0.0451 -0.6892 -0.7013
0.0362 -0.6893 -0.6922
0.0362 -0.6893 -0.6922
0.0320 -0.6888 -0.6828
0.0303 -0.6936 -0.6896
0.0261 -0.6949 -0.6884
0.0231 -0.6916 -0.7005
0.0369 -0.6941 -0.7203
0.0369 -0.6941 -0.7203
0.0348 -0.6890 -0.7046
0.0273 -0.6971 -0.6999
0.0315 -0.6950 -0.6998
0.0334 -0.6927 -0.7139
0.0182 -0.6881 -0.7087
0.0182 -0.6881 -0.7087
0.0192 -0.6890 -0.6930
0.0158 -0.6910 -0.6866
0.0178 -0.6904 -0.6900
0.0205 -0.6899 -0.6909
0.0210 -0.6955 -0.6882
0.0210 -0.6955 -0.6882
0.0213 -0.6945 -0.6877
0.0141 -0.6913 -0.6825
0.0149 -0.7013 -0.6810
0.0168 -0.7032 -0.6817
0.0128 -0.7035 -0.6857
0.0128 -0.7035 -0.6857
0.0189 -0.7033 -0.6977
0.0179 -0.7035 -0.6934
0.0220 -0.7123 -0.6858
0.0273 -0.7069 -0.6887
0.0253 -0.7028 -0.6980
0.0253 -0.7028 -0.6980
0.0274 -0.7077 -0.7020
0.0253 -0.7087 -0.6873
0.0291 -0.7087 -0.6850
0.0210 -0.7043 -0.6862
0.0163 -0.7071 -0.6835
0.0163 -0.7071 -0.6835
0.0225 -0.7120 -0.6816
0.0211 -0.7056 -0.6852
0.0260 -0.7065 -0.6884
0.0213 -0.7075 -0.6806
0.0213 -0.7075 -0.6806
0.0166 -0.7083 -0.6818
0.0265 -0.7086 -0.6858
0.0325 -0.7108 -0.6854
0.0343 -0.7148 -0.6781
0.0364 -0.7112 -0.6833
0.0364 -0.7112 -0.6833
0.0275 -0.7134 -0.6815
0.0265 -0.7168 -0.6795
0.0189 -0.7136 -0.6723
0.0178 -0.7181 -0.6777
0.0266 -0.7182 -0.6900
0.0266 -0.7182 -0.6900
0.0254 -0.7125 -0.6923
0.0246 -0.7131 -0.6852
0.0252 -0.7137 -0.6768
0.0278 -0.7127 -0.6720
0.0236 -0.7082 -0.6755
0.0236 -0.7082 -0.6755
0.0222 -0.7139 -0.6764
0.0271 -0.7151 -0.6697
0.0331 -0.7128 -0.6693
0.0260 -0.7176 -0.6685
0.0281 -0.7152 -0.6763
0.0281 -0.7152 -0.6763
0.0247 -0.7150 -0.6800
0.0204 -0.7133 -0.6780
0.0185 -0.7200 -0.6755
0.0274 -0.7163 -0.6795
0.0274 -0.7163 -0.6795
0.0245 -0.7161 -0.6804
0.0240 -0.7163 -0.6816
0.0247 -0.7169 -0.6743
0.0301 -0.7164 -0.6746
0.0309 -0.7158 -0.6750
0.0309 -0.7158 -0.6750
0.0232 -0.7237 -0.6675
0.0282 -0.7178 -0.6738
0.0219 -0.7203 -0.6812
0.0270 -0.7176 -0.6835
0.0314 -0.7187 -0.6792
0.0314 -0.7187 -0.6792
0.0214 -0.7147 -0.6786
0.0222 -0.7154 -0.6674
0.0267 -0.7199 -0.6721
0.0344 -0.7155 -0.6754
0.0280 -0.7149 -0.6709
0.0280 -0.7149 -0.6709
0.0221 -0.7207 -0.6687
0.0279 -0.7196 -0.6763
0.0348 -0.7213 -0.6855
0.0212 -0.7148 -0.6835
0.0187 -0.7241 -0.6773
0.0187 -0.7241 -0.6773
0.0232 -0.7186 -0.6710
0.0195 -0.7203 -0.6732
0.0261 -0.7212 -0.6744
0.0229 -0.7191 -0.6725
0.0229 -0.7191 -0.6725
0.0194 -0.7189 -0.6763
0.0235 -0.7130 -0.6748
0.0112 -0.7168 -0.6748
0.0109 -0.7230 -0.6553
0.0207 -0.7233 -0.6794
0.0207 -0.7233 -0.6794
0.0288 -0.7115 -0.6834
0.0261 -0.7103 -0.6677
0.0143 -0.7154 -0.6923
0.0171 -0.7161 -0.6794
0.0171 -0.7161 -0.6794
0.0239 -0.7167 -0.6934
0.0246 -0.7140 -0.6860
0.0149 -0.7196 -0.6746
0.0165 -0.7230 -0.6593
0.0183 -0.7214 -0.6613
0.0183 -0.7214 -0.6613
0.0178 -0.7262 -0.6575
0.0206 -0.7226 -0.6638
0.0229 -0.7202 -0.6812
0.0208 -0.7141 -0.6855
0.0227 -0.7161 -0.6800
0.0152 -0.7143 -0.6841
0.0152 -0.7143 -0.6841
0.0242 -0.7169 -0.6853
0.0280 -0.7113 -0.6776
0.0240 -0.7141 -0.6767
0.0228 -0.7151 -0.6810
0.0228 -0.7151 -0.6810
0.0239 -0.7149 -0.6857
0.0205 -0.7124 -0.6752
0.0205 -0.7097 -0.6816
0.0223 -0.7112 -0.6758
0.0154 -0.7162 -0.6691
0.0154 -0.7162 -0.6691
0.0192 -0.7159 -0.6752
0.0211 -0.7122 -0.6787
0.0241 -0.7094 -0.6818
0.0224 -0.7153 -0.6835
0.0224 -0.7153 -0.6835
0.0157 -0.7150 -0.6883
0.0227 -0.7153 -0.6868
0.0244 -0.7183 -0.6946
0.0273 -0.7141 -0.6870
0.0211 -0.7166 -0.6778
0.0211 -0.7166 -0.6778
0.0233 -0.7170 -0.6810
0.0202 -0.7142 -0.6869
0.0199 -0.7118 -0.6836
0.0282 -0.7106 -0.6770
0.0237 -0.7117 -0.6739
0.0237 -0.7117 -0.6739
0.0254 -0.7184 -0.6741
0.0315 -0.7167 -0.6787
0.0333 -0.7121 -0.6872
0.0272 -0.7092 -0.6866
0.0211 -0.7128 -0.6807
0.0211 -0.7128 -0.6807
0.0206 -0.7158 -0.6770
0.0223 -0.7167 -0.6831
0.0274 -0.7115 -0.6900
0.0317 -0.7086 -0.6909
0.0263 -0.7130 -0.6882
0.0263 -0.7130 -0.6882
0.0250 -0.7166 -0.6895
0.0242 -0.7162 -0.6838
0.0214 -0.7156 -0.6814
0.0197 -0.7171 -0.6703
0.0197 -0.7171 -0.6703
0.0290 -0.7191 -0.6701
0.0274 -0.7175 -0.6696
0.0284 -0.7126 -0.6792
0.0418 -0.6884 -0.6284
0.0370 -0.7253 -0.6780
0.0370 -0.7253 -0.6780
0.0190 -0.7211 -0.6948
0.0173 -0.7204 -0.6976
0.0248 -0.7079 -0.6945
0.0145 -0.7039 -0.6606

