0.0683 -0.3743 -0.8998
0.0674 -0.3705 -0.9058
0.0664 -0.3685 -0.9031
0.0664 -0.3685 -0.9031
0.0624 -0.3707 -0.9025
0.0604 -0.3661 -0.9041
0.0659 -0.3689 -0.9020
0.0612 -0.3657 -0.8966
0.0665 -0.3724 -0.9094
0.0665 -0.3724 -0.9094
0.0643 -0.3673 -0.9076
0.0679 -0.3761 -0.9042
0.0743 -0.3775 -0.9059
0.0746 -0.3765 -0.9127
0.0663 -0.3710 -0.9144
0.0663 -0.3710 -0.9144
0.0613 -0.3686 -0.9023
0.0599 -0.3734 -0.8995
0.0661 -0.3748 -0.9124
0.0757 -0.3720 -0.9189
0.0757 -0.3720 -0.9189
0.0726 -0.3679 -0.9184
0.0700 -0.3680 -0.9092
0.0654 -0.3691 -0.9092
0.0681 -0.3681 -0.9116
0.0670 -0.3741 -0.9076
0.0670 -0.3741 -0.9076
0.0658 -0.3750 -0.8972
0.0668 -0.3741 -0.8919
0.0665 -0.3748 -0.9028
0.0710 -0.3700 -0.9136
0.0659 -0.3691 -0.9102
0.0659 -0.3691 -0.9102
0.0591 -0.3717 -0.9142
0.0641 -0.3716 -0.9134
0.0689 -0.3724 -0.9137
0.0682 -0.3763 -0.9026
0.0673 -0.3749 -0.8986
0.0673 -0.3749 -0.8986
0.0683 -0.3716 -0.9036
0.0649 -0.3710 -0.9057
0.0664 -0.3704 -0.9110
0.0658 -0.3705 -0.9105
0.0667 -0.3714 -0.9059
0.0667 -0.3714 -0.9059
0.0633 -0.3717 -0.8997
0.0674 -0.3733 -0.9024
0.0672 -0.3702 -0.8899
0.0658 -0.3769 -0.8990
0.0658 -0.3769 -0.8990
0.0675 -0.3752 -0.9050
0.0744 -0.3782 -0.9286
0.0719 -0.3750 -0.9220
0.0724 -0.3731 -0.9084
0.0685 -0.3754 -0.9003
0.0685 -0.3754 -0.9003
0.0651 -0.3751 -0.9114
0.0674 -0.3742 -0.9182
0.0652 -0.3755 -0.9122
0.0661 -0.3772 -0.9083
0.0669 -0.3766 -0.9077
0.0669 -0.3766 -0.9077
0.0657 -0.3725 -0.9025
0.0659 -0.3703 -0.9001
0.0666 -0.3738 -0.9043
0.0686 -0.3721 -0.9088
0.0677 -0.3698 -0.9101
0.0677 -0.3698 -0.9101
0.0636 -0.3710 -0.9053
0.0630 -0.3719 -0.8977
0.0668 -0.3729 -0.9015
0.0687 -0.3695 -0.9044
0.0669 -0.3723 -0.8983
0.0669 -0.3723 -0.8983
0.0712 -0.3762 -0.9028
0.0708 -0.3779 -0.9032
0.0806 -0.3643 -0.9211
0.0692 -0.3732 -0.9166
0.0692 -0.3732 -0.9166
0.0604 -0.3825 -0.9225
0.0586 -0.3789 -0.9173
0.0738 -0.3695 -0.9210
0.0648 -0.3467 -0.9050
0.0749 -0.3907 -0.9108
0.0749 -0.3907 -0.9108
0.0663 -0.3864 -0.8947
0.0704 -0.3773 -0.8937
0.0706 -0.3716 -0.9008
0.0662 -0.3750 -0.9020
0.0649 -0.3747 -0.9051
0.0702 -0.3731 -0.9105
0.0711 -0.3713 -0.9105
0.0688 -0.3749 -0.9080
0.0641 -0.3754 -0.9084
0.0600 -0.3718 -0.9069
0.0600 -0.3718 -0.9069
0.0619 -0.3719 -0.9106
0.0639 -0.3687 -0.9093
0.0660 -0.3724 -0.9019
0.0665 -0.3719 -0.9008
0.0665 -0.3719 -0.9008
0.0637 -0.3696 -0.8951
0.0726 -0.3688 -0.9033
0.0719 -0.3660 -0.9033
0.0713 -0.3660 -0.9063
0.0706 -0.3650 -0.9107
0.0706 -0.3650 -0.9107
0.0703 -0.3643 -0.9087
0.0750 -0.3652 -0.9069
0.0734 -0.3643 -0.9079
0.0734 -0.3649 -0.9111
0.0704 -0.3609 -0.9142
0.0704 -0.3609 -0.9142
0.0704 -0.3618 -0.9191
0.0704 -0.3603 -0.9133
0.0742 -0.3575 -0.9151
0.0766 -0.3556 -0.9205
0.0805 -0.3563 -0.9182
0.0805 -0.3563 -0.9182
0.0846 -0.3537 -0.9150
0.0857 -0.3576 -0.9046
0.0886 -0.3551 -0.8960
0.0955 -0.3509 -0.8932
0.0988 -0.3482 -0.8940
0.0988 -0.3482 -0.8940
0.0977 -0.3385 -0.9051
0.1086 -0.3390 -0.9104
0.1229 -0.3426 -0.9017
0.1321 -0.3464 -0.9036
0.1321 -0.3464 -0.9036
0.1529 -0.3341 -0.8896
0.1497 -0.3514 -0.8814
0.1441 -0.3584 -0.8561
0.1777 -0.3704 -0.8540
0.2163 -0.3676 -0.8684
0.2163 -0.3676 -0.8684
0.2450 -0.3649 -0.8813
0.2756 -0.3445 -0.8573
0.2959 -0.3254 -0.8735
0.3096 -0.2854 -0.8636
0.3085 -0.2699 -0.8517
0.3085 -0.2699 -0.8517
0.3583 -0.2132 -0.8510
0.2995 -0.2374 -0.8132
0.3007 -0.2451 -0.7921
0.3252 -0.2661 -0.7784
0.3553 -0.2951 -0.7904
0.3553 -0.2951 -0.7904
0.3915 -0.2995 -0.8612
0.4172 -0.2818 -0.9695
0.3925 -0.2426 -1.0726
0.3315 -0.2111 -1.0972
0.2568 -0.2069 -1.0403
0.2568 -0.2069 -1.0403
0.1795 -0.2275 -0.9701
0.1076 -0.2744 -0.9318
0.0674 -0.2731 -0.8883
0.0390 -0.2469 -0.9317
0.0390 -0.2469 -0.9317
0.0659 -0.2351 -1.0538
0.0925 -0.2207 -1.0623
0.1059 -0.2492 -1.0508
0.0824 -0.3169 -1.0192
0.1197 -0.3287 -0.9910
0.1197 -0.3287 -0.9910
0.1290 -0.3076 -0.9658
0.1047 -0.4337 -0.8929
0.1882 -0.3317 -0.8573
0.2520 -0.3290 -0.8453
0.2884 -0.3527 -0.8399
0.2884 -0.3527 -0.8399
0.2928 -0.3642 -0.7945
0.3251 -0.3966 -0.7858
0.3504 -0.4212 -0.8211
0.3677 -0.4056 -0.8848
0.3597 -0.3809 -0.9831
0.3597 -0.3809 -0.9831
0.3100 -0.3643 -1.0504
0.2507 -0.3399 -1.0779
0.1883 -0.2770 -1.0868
0.1298 -0.2051 -1.0976
0.1298 -0.2051 -1.0976
0.0780 -0.1603 -1.0421
0.0520 -0.1673 -0.8941
0.0657 -0.1778 -0.7880
0.0978 -0.2002 -0.7873
0.1218 -0.2089 -0.8426
0.1218 -0.2089 -0.8426
0.1365 -0.2273 -0.8855
0.1528 -0.2551 -0.8930
0.1678 -0.2515 -0.8845
0.1697 -0.2517 -0.9082
0.1599 -0.2629 -0.9552
0.1599 -0.2629 -0.9552
0.1314 -0.2604 -0.9691
0.1061 -0.2530 -0.9931
0.0787 -0.2463 -1.0203
0.0478 -0.2342 -1.0210
0.0029 -0.2234 -0.9873
0.0029 -0.2234 -0.9873
-0.0534 -0.2057 -0.9625
-0.0958 -0.1836 -0.9468
-0.1149 -0.1753 -0.9441
-0.1337 -0.1759 -0.9098
-0.1166 -0.1931 -0.9031
-0.1166 -0.1931 -0.9031
-0.0994 -0.2117 -0.9026
-0.0928 -0.2335 -0.9110
-0.0731 -0.2589 -0.8954
-0.0598 -0.2661 -0.8767
-0.0595 -0.2772 -0.8646
-0.0539 -0.2829 -0.8678
-0.0513 -0.2898 -0.8817
-0.0387 -0.2987 -0.9153
-0.0291 -0.3051 -0.9416
-0.0291 -0.3051 -0.9416
-0.0257 -0.3143 -0.9591
-0.0349 -0.3237 -0.9598
-0.0457 -0.3340 -0.9577
-0.0517 -0.3569 -0.9885
-0.0532 -0.3724 -1.0118
-0.0532 -0.3724 -1.0118
-0.0513 -0.3619 -1.0045
-0.0701 -0.4040 -1.0127
-0.0822 -0.4397 -1.0820
-0.0780 -0.4537 -1.1126
-0.0514 -0.4558 -1.1257
-0.0514 -0.4558 -1.1257
-0.0236 -0.4962 -1.1417
0.0063 -0.5422 -1.1061
0.0887 -0.5846 -1.0836
0.1046 -0.4916 -1.1267
0.1046 -0.4916 -1.1267
0.1352 -0.5112 -1.2422
0.1807 -0.4461 -1.0931
0.2610 -0.2721 -1.0030
0.3493 -0.1641 -0.8665
0.3885 -0.1546 -0.8374
0.3885 -0.1546 -0.8374
0.4456 -0.1179 -0.5327
0.4056 -0.0321 -0.4513
0.3916 -0.1758 -0.4800
0.3385 -0.3231 -0.6607
0.1176 -0.3027 -0.7875
0.1176 -0.3027 -0.7875
0.1505 -0.2907 -1.0979
0.1696 -0.3124 -1.1854
0.0959 -0.3149 -1.0685
0.0197 -0.3351 -0.9735
-0.0302 -0.3503 -0.8826
-0.0302 -0.3503 -0.8826
-0.0647 -0.3738 -0.7894
-0.0873 -0.4065 -0.7446
-0.1017 -0.4236 -0.7324
-0.1299 -0.4444 -0.7578
-0.1362 -0.4366 -0.8456
-0.1362 -0.4366 -0.8456
-0.1187 -0.4409 -0.9745
-0.1622 -0.1449 -1.0764
-0.1414 -0.4423 -0.9941
-0.1071 -0.6229 -0.9570
-0.1071 -0.6229 -0.9570
-0.1440 -0.4395 -0.8498
-0.1823 -0.3867 -0.7430
-0.1806 -0.4834 -0.7333
-0.1640 -0.5376 -0.7797
-0.1891 -0.5393 -0.7692
-0.1891 -0.5393 -0.7692
-0.1992 -0.5426 -0.8089
-0.1339 -0.5284 -0.9506
-0.0630 -0.5355 -0.9935
-0.0460 -0.5057 -1.0658
-0.0254 -0.4442 -1.1882
-0.0254 -0.4442 -1.1882
0.0135 -0.3107 -1.5385
0.1039 -0.1672 -1.5693
0.0661 -0.2002 -1.2089
-0.0255 -0.2049 -0.8099
-0.0910 -0.2211 -0.5582
-0.0910 -0.2211 -0.5582
-0.1018 -0.2989 -0.4709
-0.1042 -0.3078 -0.5683
0.0117 -0.2753 -0.6882
0.1675 -0.2612 -0.8579
0.2911 -0.2501 -0.8363
0.2911 -0.2501 -0.8363
0.3601 -0.2471 -0.7901
0.3956 -0.2835 -0.7386
0.3900 -0.3418 -0.6814
0.3626 -0.3918 -0.5826
0.3626 -0.3918 -0.5826
0.3231 -0.4391 -0.5443
0.2843 -0.4765 -0.5782
0.2427 -0.5047 -0.6731
0.2048 -0.5200 -0.7880
0.1423 -0.5448 -0.8978
0.1423 -0.5448 -0.8978
0.0884 -0.5498 -1.0029
0.0542 -0.5571 -1.0249
0.0450 -0.5469 -1.0638
0.0413 -0.5327 -1.0281
0.0457 -0.5261 -0.9876
0.0457 -0.5261 -0.9876
0.0676 -0.5447 -0.9678
0.1073 -0.5302 -0.9583
0.1415 -0.5319 -0.9489
0.1477 -0.5560 -0.9647
0.1463 -0.5609 -0.9967
0.1463 -0.5609 -0.9967
0.1577 -0.5299 -1.0866
0.1518 -0.5303 -1.2060
0.1241 -0.4718 -1.3003
0.0801 -0.3830 -1.2980
0.0341 -0.2925 -1.1806
0.0341 -0.2925 -1.1806
0.0061 -0.2426 -0.9521
0.0278 -0.2383 -0.7254
0.0860 -0.2341 -0.5460
0.1446 -0.2389 -0.4948
0.1446 -0.2389 -0.4948
0.1690 -0.2184 -0.5921
0.1548 -0.1858 -0.7924
0.1212 -0.1640 -0.9816
0.0531 -0.1912 -1.0468
-0.0709 -0.1853 -0.9787
-0.0709 -0.1853 -0.9787
-0.1912 -0.1935 -0.8806
-0.2751 -0.2672 -0.7936
-0.3107 -0.3464 -0.7491
-0.3154 -0.3734 -0.6932
-0.2921 -0.3941 -0.7436
-0.2921 -0.3941 -0.7436
-0.1992 -0.3843 -0.8522
-0.1287 -0.3687 -0.9473
-0.0365 -0.3400 -1.0157
0.0473 -0.3363 -1.1379
0.0664 -0.3242 -1.2175
0.0664 -0.3242 -1.2175
0.0238 -0.2664 -1.2096
0.0665 -0.2515 -1.1674
0.0309 -0.1536 -1.1280
0.0151 -0.1023 -1.0989
-0.0169 -0.0368 -1.1420
-0.0169 -0.0368 -1.1420
0.0060 0.0747 -1.1142
0.0672 0.1210 -1.0777
0.1207 0.1356 -1.0071
0.1566 0.1010 -0.9129
0.1566 0.1010 -0.9129
0.1916 0.0446 -0.8684
0.2664 0.0038 -0.8514
0.3371 -0.0605 -0.9790
0.3781 -0.0839 -1.1215
0.3984 -0.1312 -1.1757
0.3984 -0.1312 -1.1757
0.4015 -0.1842 -1.0967
0.3512 -0.2190 -0.9751
0.2701 -0.2692 -0.8873
0.1740 -0.3534 -0.8743
0.0826 -0.4303 -0.9113
0.0826 -0.4303 -0.9113
-0.0332 -0.4525 -0.9946
-0.1945 -0.4162 -1.1000
-0.3204 -0.3774 -1.2251
-0.3292 -0.4277 -1.2631
-0.2776 -0.2911 -1.2196
-0.2776 -0.2911 -1.2196
-0.1507 -0.3048 -1.1158
-0.0501 -0.2852 -1.0416
0.0043 -0.2967 -0.9752
0.0539 -0.3234 -0.8860
0.0905 -0.3225 -0.7904
0.0905 -0.3225 -0.7904
0.1086 -0.3465 -0.7105
0.1144 -0.3492 -0.6690
0.1660 -0.2998 -0.6941
0.2549 -0.2690 -0.7037
0.2549 -0.2690 -0.7037
0.2959 -0.2657 -0.8411
0.2323 -0.2996 -0.8867
0.2110 -0.3168 -0.8755
0.1813 -0.3413 -0.8903
0.1355 -0.3890 -0.8881
0.1355 -0.3890 -0.8881
0.1197 -0.4355 -0.9017
0.1082 -0.5011 -0.9013
0.1200 -0.5632 -0.8850
0.1666 -0.5840 -0.9336
0.2191 -0.5328 -1.0967
0.2191 -0.5328 -1.0967
0.3636 -0.4187 -1.3210
0.3981 -0.3641 -1.3376
0.4520 -0.3781 -1.2003
0.2607 -0.3183 -1.0191
0.2588 -0.3566 -0.7670
0.2588 -0.3566 -0.7670
0.2173 -0.2800 -0.6508
0.1998 -0.1735 -0.6020
0.1974 -0.2046 -0.6258
0.2273 -0.3599 -0.6590
0.2273 -0.3599 -0.6590
0.2971 -0.3840 -0.6755
0.3236 -0.3795 -0.8000
0.3369 -0.3634 -0.9379
0.3054 -0.3531 -0.8805
0.2018 -0.3194 -0.7686
0.2018 -0.3194 -0.7686
0.1875 -0.4262 -0.6540
0.1373 -0.4704 -0.6419
0.1104 -0.4871 -0.6817
0.1033 -0.5105 -0.7204
0.0907 -0.5291 -0.7851
0.0907 -0.5291 -0.7851
0.0708 -0.5745 -0.8619
0.0720 -0.5981 -0.8885
0.0839 -0.5778 -0.8890
0.0706 -0.5612 -0.9276
0.1361 -0.5844 -0.9435
0.1361 -0.5844 -0.9435
0.1160 -0.5370 -0.9597
0.0977 -0.4977 -0.9687
0.0759 -0.4767 -0.9751
0.0404 -0.4698 -0.9510
0.0404 -0.4698 -0.9510
0.0023 -0.4401 -0.9432
-0.0034 -0.4197 -0.9152
-0.0259 -0.4614 -0.8817
-0.0505 -0.4609 -0.8938
-0.0650 -0.4579 -0.9184
-0.0650 -0.4579 -0.9184
-0.0836 -0.4546 -0.9720
-0.0878 -0.4167 -1.0268
-0.0815 -0.4129 -1.0576
-0.0729 -0.4060 -1.1011
-0.0668 -0.3409 -1.1577
-0.0668 -0.3409 -1.1577
-0.0724 -0.2521 -1.2263
-0.0915 -0.2269 -1.1420
-0.1310 -0.2140 -0.9534
-0.1782 -0.2179 -0.7593
-0.1824 -0.2433 -0.6812
-0.1824 -0.2433 -0.6812
-0.1443 -0.3007 -0.6674
-0.0373 -0.3279 -0.6596
0.0752 -0.3195 -0.6236
0.1625 -0.3417 -0.5748
0.2258 -0.3894 -0.5863
0.2258 -0.3894 -0.5863
0.2744 -0.4139 -0.6575
0.3086 -0.4076 -0.7012
0.3184 -0.4129 -0.7318
0.2863 -0.4429 -0.7852
0.2863 -0.4429 -0.7852
0.2746 -0.4309 -0.8664
0.2328 -0.4598 -0.9080
0.1970 -0.4960 -0.9243
0.1642 -0.4985 -0.9411
0.1306 -0.5114 -0.9545
0.1306 -0.5114 -0.9545
0.1164 -0.5025 -0.9436
0.1255 -0.4901 -0.9110
0.1570 -0.4770 -0.8952
0.2052 -0.5013 -0.9003
0.2620 -0.4920 -0.8975
0.2620 -0.4920 -0.8975
0.3219 -0.4745 -0.9108
0.3571 -0.4722 -0.9528
0.3635 -0.4880 -0.9930
0.3688 -0.4567 -1.0424
0.3706 -0.4007 -1.0996
0.3706 -0.4007 -1.0996
0.3656 -0.3464 -1.1712
0.3460 -0.2199 -1.2926
0.2227 -0.0985 -1.3543
0.1215 -0.0342 -1.1963
0.0939 -0.0211 -0.9196
0.0939 -0.0211 -0.9196
0.1122 -0.0408 -0.7120
0.0990 -0.1445 -0.5529
0.1376 -0.1673 -0.6362
0.1922 -0.1783 -0.8729
0.1922 -0.1783 -0.8729
0.1987 -0.1387 -1.0785
0.1564 -0.0953 -1.1585
0.0822 -0.0402 -1.0866
-0.0362 -0.0164 -0.9470
-0.1445 -0.0938 -0.8181
-0.1445 -0.0938 -0.8181
-0.1985 -0.1783 -0.7287
-0.2047 -0.2653 -0.6837
-0.1975 -0.2835 -0.7198
-0.1661 -0.2919 -0.7814
-0.1531 -0.2883 -0.9272
-0.1531 -0.2883 -0.9272
-0.1283 -0.3101 -0.9890
-0.1550 -0.2518 -1.0082
-0.2153 -0.2275 -0.9680
-0.1491 -0.2538 -0.9914
-0.1080 -0.2789 -1.0135
-0.1080 -0.2789 -1.0135
-0.0676 -0.3184 -0.9912
-0.0807 -0.3393 -1.0543
-0.1078 -0.3291 -1.0165
-0.0950 -0.3126 -1.0223
-0.1011 -0.3366 -1.0442
-0.1011 -0.3366 -1.0442
-0.1276 -0.3363 -1.0744
-0.1573 -0.3672 -1.1066
-0.1472 -0.2991 -1.1592
-0.1669 -0.1393 -1.3255
-0.1669 -0.1393 -1.3255
-0.0974 -0.0788 -1.3306
0.0124 -0.0786 -1.1899
0.0840 -0.1193 -0.9175
0.1370 -0.1553 -0.6530
0.1291 -0.2953 -0.4832
0.1291 -0.2953 -0.4832
0.2450 -0.3725 -0.4300
0.3361 -0.4506 -0.5993
0.3770 -0.3736 -0.8447
0.3126 -0.2677 -1.1591
0.3304 -0.2214 -1.2006
0.3304 -0.2214 -1.2006
0.3871 -0.2285 -1.0243
0.3545 -0.2578 -0.7980
0.3033 -0.3376 -0.6705
0.2641 -0.4147 -0.6136
0.2534 -0.4241 -0.6858
0.2534 -0.4241 -0.6858
0.2178 -0.3686 -0.7783
0.1480 -0.3256 -0.8698
0.0560 -0.3033 -0.9691
-0.0202 -0.2953 -1.0444
-0.0202 -0.2953 -1.0444
-0.0578 -0.2807 -1.0843
-0.0569 -0.2648 -1.1217
-0.0788 -0.2581 -1.1240
-0.1015 -0.2405 -1.0627
-0.0924 -0.2303 -1.0398
-0.0924 -0.2303 -1.0398
-0.1234 -0.2935 -1.0107
-0.0897 -0.2534 -1.0302
-0.0720 -0.2419 -1.0104
-0.0861 -0.2400 -1.0042
-0.0838 -0.2641 -0.9946
-0.0838 -0.2641 -0.9946
-0.1011 -0.2460 -0.9675
-0.2458 -0.2792 -0.9595
-0.1227 -0.3528 -0.8639
-0.0803 -0.2123 -0.9472
-0.0712 -0.1978 -0.9749
-0.0712 -0.1978 -0.9749
-0.1131 -0.1559 -1.0471
-0.1370 -0.1774 -1.0854
-0.1077 -0.1756 -1.0410
-0.0838 -0.1635 -0.9435
-0.0739 -0.1980 -0.8859
-0.0739 -0.1980 -0.8859
-0.0613 -0.2313 -0.8407
-0.0390 -0.2732 -0.8029
-0.0070 -0.3196 -0.8029
0.0062 -0.3360 -0.8362
0.0062 -0.3360 -0.8362
0.0196 -0.3347 -0.8966
0.0513 -0.3265 -0.9496
0.0648 -0.3168 -0.9575
0.0804 -0.3160 -0.9790
0.1017 -0.3170 -1.0327
0.1017 -0.3170 -1.0327
0.1141 -0.2996 -1.0311
0.1180 -0.2772 -0.9615
0.1148 -0.2683 -0.8903
0.1105 -0.2867 -0.8616
0.1122 -0.3076 -0.8582
0.1122 -0.3076 -0.8582
0.1150 -0.3216 -0.8758
0.1161 -0.3296 -0.8871
0.1148 -0.3306 -0.9116
0.1063 -0.3331 -0.9280
0.0802 -0.3350 -0.9278
0.0802 -0.3350 -0.9278
0.0728 -0.3376 -0.9265
0.0854 -0.3479 -0.9247
0.1003 -0.3452 -0.9310
0.0992 -0.3479 -0.9206
0.0992 -0.3479 -0.9206
0.1021 -0.3591 -0.9035
0.1039 -0.3733 -0.8898
0.0995 -0.3908 -0.8850
0.1012 -0.4046 -0.8858
0.0802 -0.4011 -0.9005
0.0802 -0.4011 -0.9005
0.0535 -0.3856 -0.9159
0.0541 -0.3723 -0.9537
0.0756 -0.3625 -0.9808
0.0929 -0.3528 -0.9708
0.0936 -0.3504 -0.9377
0.0936 -0.3504 -0.9377
0.0891 -0.3543 -0.9076
0.0918 -0.3672 -0.8919
0.0841 -0.3789 -0.8920
0.0772 -0.3853 -0.8903
0.0838 -0.3757 -0.9089
0.0838 -0.3757 -0.9089
0.0860 -0.3693 -0.9299
0.0946 -0.3666 -0.9457
0.1045 -0.3576 -0.9360
0.1092 -0.3526 -0.9250
0.1030 -0.3570 -0.9050
0.1030 -0.3570 -0.9050
0.0802 -0.3523 -0.8977
0.0634 -0.3530 -0.8989
0.0559 -0.3538 -0.8992
0.0536 -0.3480 -0.9043
0.0536 -0.3480 -0.9043
0.0560 -0.3466 -0.8940
0.0625 -0.3615 -0.9026
0.0587 -0.3593 -0.9019
0.0602 -0.3660 -0.9043
0.0672 -0.3676 -0.9065
0.0672 -0.3676 -0.9065
0.0586 -0.3660 -0.9095
0.0505 -0.3584 -0.9099
0.0453 -0.3542 -0.9024
0.0506 -0.3603 -0.9117
0.0646 -0.3654 -0.9153
0.0646 -0.3654 -0.9153
0.0712 -0.3725 -0.9100
0.0649 -0.3722 -0.9049
0.0596 -0.3701 -0.9088
0.0580 -0.3661 -0.9166
0.0608 -0.3607 -0.9197
0.0608 -0.3607 -0.9197
0.0569 -0.3631 -0.9187
0.0542 -0.3614 -0.9247
0.0609 -0.3644 -0.9187
0.0643 -0.3655 -0.9191
0.0646 -0.3647 -0.9183
0.0646 -0.3647 -0.9183
0.0607 -0.3604 -0.9125
0.0559 -0.3635 -0.9121
0.0633 -0.3667 -0.9137
0.0673 -0.3687 -0.9109
0.0672 -0.3651 -0.9160
0.0672 -0.3651 -0.9160
0.0655 -0.3631 -0.9188
0.0671 -0.3611 -0.9168
0.0665 -0.3612 -0.9082
0.0626 -0.3669 -0.9022
0.0626 -0.3669 -0.9022
0.0666 -0.3647 -0.9097
0.0701 -0.3609 -0.9168
0.0675 -0.3599 -0.9153
0.0630 -0.3591 -0.9113
0.0619 -0.3605 -0.9135
0.0619 -0.3605 -0.9135
0.0579 -0.3619 -0.9097
0.0549 -0.3615 -0.9140
0.0531 -0.3645 -0.9187
0.0551 -0.3601 -0.9084
0.0564 -0.3647 -0.9082
0.0564 -0.3647 -0.9082
0.0625 -0.3696 -0.9070
0.0668 -0.3710 -0.9154
0.0667 -0.3642 -0.9203
0.0538 -0.3603 -0.9115
0.0466 -0.3599 -0.9073
0.0466 -0.3599 -0.9073
0.0492 -0.3624 -0.9064
0.0522 -0.3648 -0.9093
0.0561 -0.3607 -0.9143
0.0542 -0.3604 -0.9209
0.0542 -0.3604 -0.9209
0.0536 -0.3631 -0.9172
0.0536 -0.3619 -0.9098
0.0521 -0.3678 -0.9177
0.0536 -0.3689 -0.9193
0.0605 -0.3682 -0.9092
0.0605 -0.3682 -0.9092
0.0632 -0.3725 -0.9115
0.0617 -0.3722 -0.9022
0.0564 -0.3672 -0.9059
0.0593 -0.3695 -0.9100
0.0564 -0.3660 -0.9097
0.0564 -0.3660 -0.9097
0.0605 -0.3706 -0.9223
0.0641 -0.3730 -0.9169
0.0615 -0.3702 -0.9042
0.0611 -0.3732 -0.9056
0.0609 -0.3710 -0.9063
0.0609 -0.3710 -0.9063
0.0555 -0.3690 -0.9027
0.0592 -0.3687 -0.9125
0.0581 -0.3704 -0.9109
0.0529 -0.3708 -0.9079
0.0529 -0.3708 -0.9079
0.0485 -0.3719 -0.8998
0.0488 -0.3725 -0.8982
0.0498 -0.3719 -0.9110
0.0494 -0.3687 -0.9245
0.0537 -0.3705 -0.9186
0.0537 -0.3705 -0.9186
0.0500 -0.3697 -0.9035
0.0549 -0.3734 -0.9031
0.0543 -0.3691 -0.8997
0.0537 -0.3711 -0.9026
0.0524 -0.3700 -0.9107
0.0524 -0.3700 -0.9107
0.0542 -0.3693 -0.9102
0.0579 -0.3651 -0.9161
0.0541 -0.3713 -0.9149
0.0506 -0.3724 -0.9149
0.0529 -0.3703 -0.9131
0.0529 -0.3703 -0.9131
0.0531 -0.3661 -0.9155
0.0577 -0.3662 -0.9093
0.0590 -0.3753 -0.8996
0.0666 -0.3772 -0.8984
0.0676 -0.3759 -0.9104
0.0676 -0.3759 -0.9104
0.0561 -0.3695 -0.9222
0.0492 -0.3626 -0.9166
0.0491 -0.3634 -0.9161
0.0545 -0.3724 -0.9173
0.0545 -0.3724 -0.9173
0.0591 -0.3741 -0.9133
0.0597 -0.3717 -0.9110
0.0661 -0.3675 -0.9107
0.0580 -0.3664 -0.9029
0.0562 -0.3690 -0.9109
0.0562 -0.3690 -0.9109
0.0564 -0.3699 -0.9171
0.0560 -0.3689 -0.9143
0.0549 -0.3716 -0.9014
0.0535 -0.3677 -0.9017
0.0582 -0.3672 -0.9154
0.0582 -0.3672 -0.9154
0.0574 -0.3658 -0.9129
0.0488 -0.3684 -0.9087
0.0468 -0.3681 -0.9171
0.0479 -0.3657 -0.9169
0.0534 -0.3719 -0.9138
0.0534 -0.3719 -0.9138
0.0536 -0.3727 -0.9084
0.0516 -0.3746 -0.9049
0.0583 -0.3732 -0.9184
0.0485 -0.3676 -0.9218
0.0587 -0.3709 -0.9150
0.0587 -0.3709 -0.9150
0.0474 -0.3692 -0.9024
0.0493 -0.3697 -0.9057
0.0473 -0.3689 -0.9064
0.0519 -0.3712 -0.9119
0.0519 -0.3712 -0.9119
0.0558 -0.3763 -0.9220
0.0613 -0.3737 -0.9203
0.0584 -0.3737 -0.9126
0.0507 -0.3761 -0.9043
0.0502 -0.3759 -0.9021
0.0502 -0.3759 -0.9021
0.0536 -0.3767 -0.9001
0.0535 -0.3726 -0.9056
0.0544 -0.3719 -0.9050
0.0467 -0.3702 -0.9058
0.0424 -0.3671 -0.9073
0.0424 -0.3671 -0.9073
0.0484 -0.3708 -0.9112
0.0506 -0.3730 -0.9137
0.0465 -0.3760 -0.9104
0.0479 -0.3755 -0.9116
0.0453 -0.3460 -0.8420
0.0453 -0.3460 -0.8420
0.0634 -0.3926 -0.9008
0.0472 -0.3964 -0.9364
0.0442 -0.3697 -0.9386
0.0489 -0.3589 -0.9158

