0.0249 0.0013 0.0170
0.0155 0.0085 0.0170
0.0181 0.0029 0.0167
0.0286 0.0030 0.0123
0.0242 -0.0029 -0.0003
0.0217 0.0031 0.0026
0.0189 -0.0063 0.0024
0.0108 0.0023 -0.0062
0.0034 -0.0009 -0.0057
0.0040 0.0090 -0.0053
0.0186 0.0094 0.0007
0.0169 0.0173 0.0059
-0.0012 0.0063 0.0117
-0.0180 -0.0219 0.0088
-0.0105 -0.0299 0.0035
0.0235 -0.0194 -0.0049
0.0336 0.0079 -0.0153
0.0273 0.0232 -0.0104
0.0124 0.0216 -0.0043
0.0112 -0.0117 0.0087
0.0150 -0.0160 0.0129
0.0194 -0.0135 0.0066
0.0199 0.0090 0.0011
0.0249 0.0101 0.0035
0.0236 0.0083 0.0052
0.0288 0.0082 0.0085
0.0382 -0.0016 0.0092
0.0254 0.0112 0.0123
0.0120 0.0192 0.0154
-0.0011 0.0139 0.0171
0.0124 -0.0143 0.0103
0.0161 -0.0213 0.0043
0.0095 -0.0027 -0.0057
0.0214 0.0334 -0.0049
0.0398 0.0368 0.0009
0.0502 0.0197 0.0095
0.0234 -0.0010 0.0053
0.0019 0.0058 0.0073
0.0026 0.0189 0.0064
0.0182 0.0093 0.0092
0.0198 0.0085 0.0043
0.0097 0.0019 0.0014
0.0107 -0.0022 -0.0009
0.0201 -0.0109 -0.0020
0.0168 -0.0041 0.0013
0.0190 0.0319 0.0031
0.0492 0.0029 0.0019
0.0650 -0.0073 -0.0035
0.0084 0.0307 -0.0046
-0.0045 0.0317 -0.0019
-0.0056 0.0361 0.0077
0.0048 0.0249 0.0147
0.0054 0.0144 0.0216
0.0063 -0.0028 0.0217
0.0050 0.0043 0.0194
-0.0035 0.0276 0.0138
0.0102 0.0143 0.0069
0.0174 0.0059 0.0085
0.0160 0.0014 0.0073
0.0123 0.0113 0.0160
0.0119 0.0059 0.0109
0.0251 0.0060 0.0128
0.0270 0.0134 0.0033
0.0155 0.0129 0.0015
-0.0080 -0.0005 0.0030
0.0011 -0.0097 0.0046
0.0147 -0.0122 0.0065
0.0238 -0.0099 0.0083
0.0178 0.0189 0.0086
0.0105 0.0261 0.0057
0.0114 0.0234 0.0048
0.0049 0.0043 -0.0007
-0.0005 0.0023 -0.0054
-0.0135 0.0063 -0.0060
-0.0102 0.0504 0.0092
0.0197 0.0802 0.0004
0.0707 0.0161 -0.0055
0.0429 -0.0506 -0.0104
0.0078 -0.0602 -0.0089
-0.0373 0.0229 -0.0014
0.0267 0.0602 0.0054
0.1003 0.0452 -0.0016
0.1919 0.0126 -0.0160
0.0433 -0.0440 -0.0039
-0.0368 -0.0335 -0.0034
-0.0586 -0.0255 0.0020
0.0077 0.0004 0.0012
0.0224 0.0121 0.0040
0.0103 0.0242 0.0032
-0.0302 0.0085 0.0027
-0.0058 0.0060 0.0016
0.0057 0.0080 0.0030
0.0022 -0.0031 0.0013
-0.0069 0.0145 -0.0071
-0.0141 0.0161 -0.0114
-0.0136 0.0190 -0.0081
0.0078 0.0234 -0.0107
0.0236 0.0194 -0.0131
0.0125 0.0110 -0.0127
-0.0131 0.0317 -0.0102
-0.0148 0.0392 -0.0100
-0.0019 0.0288 -0.0061
0.0069 0.0206 -0.0028
0.0046 0.0128 -0.0063
-0.0263 0.0198 -0.0064
-0.0287 0.0297 -0.0060
-0.0118 0.0371 -0.0040
-0.0033 0.0372 0.0021
-0.0076 0.0346 -0.0030
-0.0276 0.0375 0.0011
-0.0271 0.0518 0.0137
-0.0165 0.0546 0.0174
-0.0102 0.0516 0.0256
-0.0112 0.0619 0.0402
-0.0128 0.0626 0.0458
-0.0104 0.0772 0.0570
-0.0121 0.0713 0.0741
-0.0125 0.0778 0.0852
-0.0167 0.0930 0.1097
-0.0061 0.1122 0.1273
-0.0080 0.1135 0.1399
-0.0282 0.1305 0.1624
-0.0519 0.1433 0.1824
-0.0634 0.1540 0.1905
-0.0545 0.1732 0.2103
-0.0089 0.1733 0.2323
0.0145 0.1740 0.2505
0.0338 0.1934 0.2938
0.0551 0.2154 0.3392
0.0615 0.2145 0.3643
0.0734 0.2378 0.4000
0.0275 0.3927 0.4445
-0.0220 0.4819 0.4789
-0.1345 0.6324 0.5770
-0.2398 0.7138 0.7146
-0.3035 0.7530 0.8057
-0.4182 0.8942 1.0047
-0.4313 0.9551 1.0463
-0.4315 1.0132 1.2198
-0.4835 1.1065 1.3316
-0.5230 1.1892 1.4288
-0.6682 1.2389 1.8499
-0.6375 1.3354 1.8829
-0.5945 1.3842 1.8765
-0.5909 1.4160 1.9452
-0.7253 1.4088 2.0677
-0.8224 1.3796 2.1080
-1.0735 1.1787 2.1112
-1.3311 0.7998 2.0946
-1.4176 0.5612 2.0776
-1.4083 0.1464 2.0345
-1.1314 -0.1370 1.9965
-0.9642 -0.2515 1.9549
-0.6820 -0.4372 1.8165
-0.5838 -0.5348 1.5537
-0.5601 -0.5770 1.3867
-0.4887 -0.5842 1.0055
-0.3191 -0.5599 0.8137
-0.1685 -0.5415 0.7695
0.2454 -0.3747 0.6609
0.4426 -0.2907 0.6092
0.6139 -0.2903 0.5822
0.5604 -0.2457 0.6430
0.5154 -0.1771 0.6540
0.3584 -0.1854 0.7538
0.4252 0.1488 0.6434
0.5034 0.1334 0.5201
0.5653 0.2435 0.4681
0.4513 0.2328 0.5129
0.3898 0.1933 0.5212
0.3512 0.2449 0.5661
0.3034 0.3601 0.6113
0.2414 0.3791 0.6327
0.0575 0.3515 0.6562
-0.1428 0.2650 0.6655
-0.2079 0.2183 0.6727
-0.2333 0.0906 0.6494
-0.1822 -0.1505 0.5608
-0.1673 -0.2591 0.5003
-0.1357 -0.3341 0.4055
-0.0013 -0.2256 0.3299
0.1112 -0.1194 0.3091
0.3817 0.1456 0.3007
0.5651 0.3477 0.2959
0.5657 0.4289 0.3166
0.3772 0.5395 0.4397
0.0867 0.6773 0.6557
-0.0327 0.7479 0.7902
-0.1971 0.8007 1.0810
-0.2561 0.8097 1.2222
-0.3653 0.7982 1.4643
-0.4797 0.7350 1.6449
-0.5243 0.6822 1.7210
-0.5552 0.5800 1.8699
-0.5848 0.4935 1.9862
-0.5885 0.4581 2.0440
-0.5705 0.3966 2.1317
-0.4970 0.2626 2.1529
-0.4474 0.2134 2.1425
-0.3349 0.1818 2.0869
-0.1932 0.2188 1.9730
-0.1494 0.2686 1.9121
-0.0831 0.4167 1.7672
-0.0935 0.5953 1.6272
-0.1293 0.6417 1.5645
-0.1742 0.6483 1.4619
-0.2070 0.6048 1.3937
-0.2539 0.5711 1.3673
-0.3796 0.5123 1.3295
-0.4848 0.4541 1.2728
-0.4975 0.4285 1.1635
-0.4937 0.4296 1.0898
-0.5018 0.4225 1.0456
-0.5077 0.3948 0.9518
-0.4885 0.3768 0.9034
-0.4154 0.3337 0.7647
-0.3208 0.3231 0.6045
-0.2668 0.3342 0.5224
-0.1503 0.3009 0.3757
-0.0222 0.2318 0.2268
0.0802 0.2102 0.1329
0.3610 0.1709 -0.1092
0.5467 0.1277 -0.2089
0.5929 0.0473 -0.1973
0.6932 -0.1276 -0.1547
0.9165 -0.2243 -0.2019
1.0348 -0.2495 -0.2463
1.2163 -0.2591 -0.2713
1.1945 -0.2177 -0.2286
1.0962 -0.0895 -0.1741
0.8585 0.0954 -0.0803
0.5840 0.3045 -0.1911
0.5318 0.1045 -0.3617
0.5230 -0.3307 -0.7470
0.5920 -0.1262 -0.5327
0.6637 0.0568 -0.3068
0.8944 0.3641 0.1720
1.2350 -0.2017 0.6377
1.3045 -0.1497 0.7786
1.0980 -0.1178 0.7634
0.8207 -0.0053 0.7387
-0.0253 0.2110 0.8292
-1.0981 0.1396 1.0073
-1.5225 0.5034 0.9854
-1.9855 0.7487 0.7685
-1.7769 0.2840 0.8755
-1.4903 0.0161 0.9731
-0.7317 -0.3423 0.9623
-0.0723 -0.4567 0.8275
0.1378 -0.4584 0.7665
0.3417 -0.3532 0.6378
0.3224 -0.2108 0.5061
0.2654 -0.1740 0.4303
0.1106 -0.0776 0.3327
0.0589 0.0275 0.3035
0.0853 0.0303 0.2981
0.2774 -0.1024 0.3424
0.6288 -0.4240 0.1014
0.8640 -0.7128 -0.2273
1.3003 -0.6280 -0.2527
1.2475 -0.6266 0.0078
1.0966 -0.6119 0.0117
0.8106 -0.3269 -0.1987
0.6416 0.0363 -0.3791
0.5393 0.0089 -0.4300
0.2385 -0.2499 -0.4984
-0.0282 -0.0942 -0.6556
-0.1555 0.1259 -0.7432
-0.4467 0.3196 -0.8628
-0.5936 0.2357 -0.8838
-0.7542 0.0469 -0.9477
-0.7682 -0.0477 -1.1584
-0.8098 0.1039 -1.2448
-0.8834 -0.0075 -1.3619
-0.4198 -1.0124 -1.4249
0.0094 -1.2787 -1.3851
0.9626 -1.7447 -1.3515
1.5794 -1.7081 -1.3945
1.6389 -1.6342 -1.4471
1.2348 -1.3030 -1.4875
0.4108 -0.4683 -1.4871
-0.0116 -0.0231 -1.5150
-0.5467 0.9440 -1.4152
-0.5833 1.1961 -1.2497
-0.4655 1.1791 -1.1641
-0.1755 0.9974 -0.9929
-0.0115 0.7359 -0.8607
0.0354 0.5991 -0.8047
0.0591 0.2711 -0.7284
0.0265 0.0984 -0.6540
-0.0221 0.0263 -0.6136
-0.1685 -0.0926 -0.4889
-0.2948 -0.2242 -0.3210
-0.3229 -0.2737 -0.2370
-0.3173 -0.3560 0.0020
-0.2994 -0.4020 0.1405
-0.3135 -0.5103 0.3860
-0.3716 -0.4012 0.6586
-0.3904 -0.3105 0.7748
-0.3157 -0.0951 0.9082
-0.0802 0.2118 0.9503
0.0370 0.3334 0.9717
0.1910 0.4821 1.0077
0.1981 0.5527 1.0326
0.1646 0.5576 1.0464
0.0844 0.5598 1.0682
0.0347 0.5645 1.0770
0.0295 0.5734 1.0729
0.0257 0.4783 1.0460
-0.0611 0.2766 1.0252
-0.1104 0.1802 1.0143
-0.0572 0.0851 1.0094
0.2641 0.0722 0.9924
0.4870 0.0767 0.9631
0.9722 0.1702 0.8993
1.3966 0.3225 0.8243
1.5192 0.4425 0.7938
1.4631 0.6958 0.7720
0.9507 0.8043 0.7685
0.5438 0.8306 0.7577
-0.3644 0.7972 0.7118
-1.0657 0.4389 0.6587
-1.2228 0.1077 0.6287
-1.0771 -0.6095 0.4810
-0.5644 -0.8863 0.1713
-0.2908 -0.8861 -0.0198
0.1258 -0.6991 -0.3990
0.2079 -0.5872 -0.5927
0.1438 -0.2953 -1.0071
-0.0927 0.0779 -1.3972
-0.2198 0.2408 -1.5777
-0.3383 0.4286 -1.8596
-0.2819 0.3120 -2.0094
-0.2340 0.1967 -2.0506
-0.1220 -0.0465 -2.0792
0.1237 -0.5110 -2.0267
0.2942 -0.8056 -1.9751
0.6355 -1.3001 -1.9531
0.6666 -1.9403 -1.9594
0.5830 -2.1430 -1.9953
0.3329 -2.4446 -2.1921
0.1537 -2.5310 -2.4178
0.1121 -2.5660 -2.5028
0.0913 -2.4706 -2.7270
0.1738 -2.4525 -2.9247
0.2183 -2.4417 -2.9905
0.2696 -2.3967 -3.0858
0.1808 -2.2511 -3.1621
0.0720 -2.0946 -3.2169
-0.2523 -1.6432 -3.3873
-0.5221 -1.4388 -3.4601
-1.0645 -1.0216 -3.5742
-1.2766 -0.7111 -3.7140
-1.2090 -0.6923 -3.7538
-0.8882 -0.9239 -3.6531
-0.5603 -1.3453 -3.4810
-0.4590 -1.4831 -3.3984
-0.3799 -1.5739 -3.2109
-0.3616 -1.5944 -2.9786
-0.3803 -1.5677 -2.8376
-0.4386 -1.4754 -2.5420
-0.5588 -1.2291 -2.2645
-0.6054 -0.9878 -2.1330
-0.5143 -0.3951 -1.8642
-0.0550 0.0506 -1.5974
0.2494 0.1941 -1.5600
0.7792 0.4305 -1.6566
1.0433 0.5092 -1.8653
1.0937 0.4951 -1.9809
1.1140 0.3923 -2.1888
1.0751 0.3177 -2.3359
1.0022 0.3349 -2.4042
0.7212 0.4654 -2.5903
0.3994 0.6846 -2.8015
0.3078 0.7463 -2.9009
0.2501 0.5678 -2.8773
0.2209 0.4420 -2.6919
0.3358 -0.2256 -2.2419
0.6191 -0.9573 -2.0371
0.7497 -1.1377 -2.0009
0.7859 -1.3299 -1.8569
0.6679 -1.3808 -1.6680
0.6243 -1.3105 -1.5724
0.5968 -1.0991 -1.3801
0.5656 -0.8697 -1.1494
0.5222 -0.7408 -1.0118
0.3134 -0.5350 -0.7409
-0.1294 -0.3863 -0.5451
-0.3633 -0.3440 -0.5350
-0.7787 -0.3857 -0.3522
-0.7967 -0.5147 -0.3412
-0.6103 -0.6740 -0.2357
0.0764 -0.3445 0.2384
0.8501 -0.1839 0.4063
1.1101 -0.2295 0.5204
1.3146 -0.5556 0.7463
1.1879 -0.9063 0.5190
1.1068 -0.9188 0.2336
0.9427 -0.8646 -0.2996
0.7610 -0.7664 -0.6127
0.5414 -0.5535 -0.7101
0.0561 -0.3055 -0.8333
-0.2126 -0.5435 -0.9790
-0.2188 -0.7346 -1.0250
-0.0287 -0.8873 -1.0470
0.0669 -0.9543 -1.1002
0.1606 -0.8792 -1.1357
0.0769 -0.7268 -1.1015
-0.0119 -0.6874 -1.1426
-0.1974 -0.6624 -1.2699
-0.3473 -0.5919 -1.2761
-0.3751 -0.5439 -1.2077
-0.3231 -0.5026 -1.0270
-0.2686 -0.4101 -0.8954
-0.2783 -0.3080 -0.8456
-0.2895 -0.1682 -0.7653
-0.3058 -0.2174 -0.6395
-0.2882 -0.2130 -0.6961
-0.2736 -0.3814 -0.7458
-0.2008 -0.5303 -0.7711
-0.1348 -0.6215 -0.7723
0.0772 -0.7573 -0.7400
0.3184 -0.8346 -0.6760
0.4206 -0.9053 -0.6559
0.5800 -1.1753 -0.6828
0.6122 -1.1403 -0.6616
0.5599 -1.0664 -0.6564
0.3772 -0.9321 -0.6640
0.2039 -0.9000 -0.7005
0.1239 -0.9168 -0.7148
0.0074 -0.8597 -0.7720
-0.0221 -0.8135 -0.8200
-0.0121 -0.6183 -0.9589
-0.0544 -0.5170 -1.1224
-0.1004 -0.5400 -1.1881
-0.1473 -0.8001 -1.3127
0.0360 -1.1536 -1.4411
0.2155 -1.3040 -1.4985
0.5802 -1.4363 -1.5480
0.7496 -1.1085 -1.5133
0.7182 -0.8150 -1.4761
0.4724 -0.0459 -1.3654
0.2216 0.6209 -1.2139
0.1504 0.8300 -1.1248
0.0124 1.0403 -0.9616
-0.2086 1.0579 -0.7736
-0.3657 1.0270 -0.6587
-0.6609 0.9758 -0.4799
-0.8640 0.8328 -0.4357
-0.9183 0.7295 -0.4457
-0.9126 0.5289 -0.4774
-0.6633 0.3328 -0.4613
-0.5181 0.1625 -0.4357
-0.2798 -0.0744 -0.3722
-0.1761 -0.2905 -0.1976
-0.1802 -0.3292 -0.1049
-0.2504 -0.2878 0.1241
-0.2748 -0.1612 0.3712
-0.2800 -0.0786 0.4874
-0.2399 0.1266 0.6871
-0.1853 0.2566 0.7568
-0.0804 0.4832 0.8453
-0.0118 0.5943 0.9457
-0.0118 0.6422 1.0005
-0.0900 0.7128 1.0980
-0.2620 0.7152 1.1770
-0.3588 0.6899 1.2175
-0.4766 0.5984 1.2858
-0.5153 0.3707 1.3534
-0.5369 0.2309 1.3931
-0.6436 0.0074 1.4630
-0.8169 -0.1351 1.5327
-0.8438 -0.1366 1.5850
-0.5974 -0.1333 1.6625
0.0200 -0.0758 1.6953
0.3660 -0.0262 1.7006
0.7702 0.0525 1.5689
0.7334 0.3691 1.5945
0.4924 0.5834 1.6542
-0.3370 0.7932 1.7255
-1.2151 0.7105 1.7537
-1.5110 0.5502 1.7778
-1.5842 0.0502 1.7770
-1.0056 -0.5125 1.6683
-0.5920 -0.6764 1.6045
0.1066 -0.7147 1.4192
0.2984 -0.6223 1.3288
0.3499 -0.3250 1.1745
0.2294 0.0061 1.0873
0.1209 0.1438 1.0422
-0.0742 0.2731 0.9087
-0.2354 0.3064 0.7781
-0.2842 0.1896 0.7881
-0.2522 0.0783 0.7175
0.0010 -0.0245 0.5590
0.1319 0.0904 0.5674
0.3659 0.4277 0.5965
0.4317 0.6126 0.4539
0.4059 0.6545 0.3119
0.3661 0.6735 0.0766
0.3331 0.4565 0.3352
0.3401 0.2240 0.3304
0.3960 -0.1327 0.0343
0.4388 -0.5014 -0.4292
0.4242 -0.7246 -0.6303
0.2832 -1.1963 -1.0033
0.0429 -1.5474 -1.3588
-0.1034 -1.6098 -1.5265
-0.2278 -0.9598 -1.6807
-0.1887 -0.4282 -1.5902
-0.1159 -0.2348 -1.4844
0.3156 0.0360 -1.2387
1.0552 0.0202 -0.9721
1.3912 -0.0332 -0.8736
1.6551 -0.0331 -0.6284
1.6048 -0.0473 -0.5691
1.0636 0.0651 -0.5060
0.1272 0.1014 -0.3213
-0.3722 0.2372 -0.1964
-1.0364 0.7445 0.0524
-1.0701 0.6756 0.3507
-0.8469 0.4666 0.5154
-0.1221 0.0436 0.7904
0.5210 0.1033 0.8821
0.6915 0.2282 0.8649
0.5655 0.5612 0.8522
0.0926 0.7173 0.8976
-0.1201 0.6443 0.9327
-0.3544 0.3361 1.0117
-0.3285 0.1147 1.1703
-0.2608 0.0757 1.2534
-0.1565 0.1613 1.3801
-0.1557 0.3023 1.4922
-0.1820 0.3875 1.5658
-0.2047 0.4535 1.7081
-0.0846 0.4694 1.7947
0.0075 0.5239 1.8208
0.1106 0.7454 1.8587
0.0653 0.8334 1.7991
0.0760 0.8486 1.8577
0.0992 0.8135 1.8810
0.1391 0.8575 1.8736
0.2119 0.9516 1.8511
0.1965 0.9234 1.8168
0.1725 0.8711 1.7902
0.1024 0.7515 1.6702
0.0140 0.5152 1.2376
0.0468 0.5697 0.9266
-0.0494 0.6161 0.7630
-0.2633 0.5170 1.0499
-0.3418 0.4881 1.2515
-0.3042 0.4952 1.4778
-0.0146 0.5139 1.3194
0.1362 0.5213 1.2231
0.2970 0.5273 1.0880
0.3485 0.4721 0.9699
0.3765 0.4203 0.9076
0.4210 0.3011 0.7894
0.3662 0.2460 0.6482
0.2984 0.2418 0.5807
0.1217 0.1956 0.4736
-0.0155 0.2185 0.3864
-0.0520 0.2557 0.3579
-0.0422 0.2736 0.3640
0.0025 0.3387 0.3833
-0.0078 0.3906 0.3882
-0.0861 0.4740 0.3885
-0.1237 0.4446 0.4008
-0.1466 0.3185 0.3778
-0.0849 0.2579 0.3388
-0.0315 0.2563 0.3077
0.0314 0.2942 0.2559
-0.0082 0.2943 0.2042
-0.0614 0.2872 0.1734
-0.1522 0.2601 0.1272
-0.2040 0.1874 0.1075
-0.2062 0.1542 0.0893
-0.1666 0.0973 0.0410
-0.0983 0.0925 0.0004
-0.0576 0.1204 -0.0296
0.0081 0.1921 -0.1026
0.0357 0.1876 -0.1471
0.0431 0.1476 -0.1679
0.0786 0.0833 -0.1947
0.1380 0.0857 -0.2229
0.1745 0.0799 -0.2269
0.2126 0.0462 -0.2277
0.2052 -0.0514 -0.2192
0.1813 -0.1076 -0.2052
0.0993 -0.1696 -0.1643
-0.0196 -0.1187 -0.1379
-0.0715 -0.0739 -0.1292
-0.0949 -0.0270 -0.0881
-0.0802 -0.0281 -0.0665
-0.0032 0.0142 -0.0240
0.1040 0.0567 -0.0219
0.1406 0.0645 -0.0251
0.1324 0.0296 -0.0300
0.1026 -0.0061 -0.0421
0.0845 -0.0133 -0.0545
0.0471 -0.0206 -0.0638
0.0226 0.0115 -0.0542
0.0198 0.0360 -0.0508
0.0269 0.0882 -0.0366
0.0295 0.1215 -0.0119
0.0413 0.1383 -0.0029
0.0798 0.1227 0.0148
0.1044 0.0652 0.0284
0.1022 0.0352 0.0365
0.0649 -0.0065 0.0460
0.0207 -0.0026 0.0378
0.0056 -0.0045 0.0359
0.0021 0.0152 0.0271
0.0474 0.0331 0.0136
0.0655 0.0400 0.0027
0.0529 0.0255 0.0018
0.0343 0.0254 0.0076
0.0373 0.0361 0.0060
0.0376 0.0386 0.0189
-0.0108 -0.0039 0.0342
-0.0379 -0.0186 0.0357
-0.0706 -0.0601 0.0240
-0.0694 -0.0600 0.0127
-0.0397 -0.0102 -0.0132
0.0032 0.0271 -0.0232
0.0163 0.0298 -0.0232
-0.0008 -0.0156 -0.0162
-0.0297 -0.0634 -0.0052
-0.0425 -0.0703 -0.0034
-0.0601 -0.0568 -0.0043
-0.0471 -0.0393 -0.0085
-0.0371 -0.0398 -0.0138
-0.0124 -0.0327 -0.0241
0.0157 -0.0111 -0.0265
0.0226 -0.0020 -0.0256
0.0118 0.0067 -0.0125
-0.0086 -0.0075 -0.0010
-0.0060 -0.0197 0.0032
0.0294 -0.0414 0.0099
0.0438 -0.0193 0.0097
0.0442 0.0041 0.0098
0.0442 0.0156 0.0136
0.0314 -0.0131 0.0248
0.0200 -0.0246 0.0253
0.0071 -0.0263 0.0276
0.0343 -0.0113 0.0285
0.0530 -0.0004 0.0299
0.0748 0.0124 0.0263
0.0643 0.0214 0.0321
0.0344 0.0325 0.0376
0.0269 0.0034 0.0376
0.0270 -0.0053 0.0366
0.0347 0.0023 0.0340
0.0433 0.0116 0.0349
0.0479 0.0087 0.0333
0.0472 -0.0024 0.0292
0.0301 0.0001 0.0221
0.0235 -0.0035 0.0206
0.0485 0.0078 0.0229
0.0659 0.0214 0.0180
0.0570 0.0174 0.0174
0.0368 0.0234 0.0239
0.0186 0.0040 0.0252
0.0103 -0.0159 0.0282
0.0094 -0.0513 0.0240
0.0189 -0.0336 0.0104
0.0256 -0.0200 0.0069
0.0335 -0.0031 -0.0032
0.0244 0.0045 -0.0041
0.0265 0.0051 -0.0030
0.0035 -0.0171 -0.0112
-0.0084 -0.0303 -0.0168
-0.0001 -0.0289 -0.0168
0.0333 -0.0024 -0.0116
0.0306 0.0053 -0.0086
0.0223 -0.0022 -0.0080
0.0138 -0.0200 -0.0041
0.0269 -0.0094 -0.0049
0.0268 -0.0142 -0.0045
0.0262 -0.0209 0.0105
0.0296 -0.0194 0.0059
0.0157 -0.0225 -0.0025
0.0094 -0.0157 0.0002
0.0218 0.0037 -0.0040
0.0332 0.0172 -0.0027
0.0408 0.0047 0.0124
0.0459 0.0077 0.0193
0.0509 0.0182 0.0203
0.0294 0.0084 0.0266
0.0082 0.0047 0.0298
0.0068 0.0109 0.0263
0.0242 0.0156 0.0261
0.0272 0.0124 0.0272
0.0255 -0.0016 0.0266
0.0192 -0.0086 0.0260
0.0168 -0.0008 0.0258
0.0041 0.0142 0.0194
-0.0096 0.0223 0.0135
-0.0048 0.0264 0.0180
0.0202 0.0096 0.0147
0.0243 -0.0102 0.0210
0.0192 -0.0013 0.0209
0.0096 0.0230 0.0158
0.0115 0.0149 0.0167
0.0087 0.0064 0.0158
-0.0093 0.0044 0.0191
-0.0241 0.0023 0.0162
-0.0168 0.0009 0.0134
0.0147 0.0010 0.0145
0.0201 -0.0054 0.0141
0.0022 -0.0032 0.0119
-0.0073 0.0046 0.0136
0.0005 0.0116 0.0141
0.0331 0.0249 0.0083
0.0352 0.0277 0.0065
0.0253 0.0291 0.0067
0.0202 0.0365 0.0163
0.0141 0.0270 0.0199
0.0065 0.0106 0.0169
-0.0264 -0.0269 0.0158
-0.0119 -0.0281 0.0017
0.0111 -0.0073 -0.0032
0.0507 0.0367 -0.0057
0.0533 0.0448 0.0072
0.0424 0.0356 0.0157
0.0187 0.0146 0.0334
0.0048 -0.0048 0.0334
0.0010 -0.0130 0.0315
0.0101 -0.0010 0.0242
0.0077 0.0109 0.0232
0.0142 0.0171 0.0245
0.0259 -0.0067 0.0277
0.0224 -0.0096 0.0281
0.0145 0.0075 0.0284
0.0070 0.0248 0.0204
0.0113 0.0248 0.0171
0.0316 0.0053 0.0198
0.0209 -0.0138 0.0082
0.0061 -0.0122 0.0071
0.0107 0.0112 0.0016
0.0431 0.0161 -0.0058
0.0405 0.0147 -0.0043
0.0156 0.0077 -0.0043
0.0009 -0.0047 0.0058
0.0031 0.0130 0.0096
0.0163 0.0110 0.0142
0.0420 -0.0151 0.0135
0.0323 -0.0218 0.0157
0.0098 -0.0292 0.0037
0.0107 -0.0214 0.0067
0.0277 -0.0079 -0.0008
0.0451 0.0253 -0.0061
0.0346 0.0119 0.0005
0.0305 0.0149 0.0092
0.0332 0.0133 0.0199
0.0522 -0.0136 0.0142
0.0501 -0.0210 0.0135
0.0297 -0.0074 0.0134
0.0266 0.0031 0.0083
0.0262 0.0014 0.0046
0.0157 0.0007 0.0081
0.0149 -0.0147 0.0056
0.0113 -0.0372 -0.0006
0.0198 -0.0114 0.0052
0.0298 0.0070 0.0050
0.0306 0.0189 0.0050
0.0178 -0.0029 0.0083
0.0025 0.0011 0.0084
0.0058 0.0216 0.0078
0.0542 0.0310 0.0120
0.1214 0.1146 -0.0211
0.0878 0.0038 -0.0382
-0.0827 -0.0428 0.0179
-0.1215 -0.0268 0.0370
-0.0370 0.0233 0.0248
0.1723 0.1095 -0.0311

