-0.1406 -0.6165 1.0443
0.2758 -1.4389 0.2196
0.0718 -0.6455 0.6407
-0.1795 -0.6270 1.0287
0.1366 -0.6256 1.1404
-0.0197 -0.5340 0.7444
-0.1568 -0.5742 0.6790
-0.1112 -0.6525 1.0557
0.8069 -1.4303 0.4794
0.5473 -0.6390 0.7507
-0.1953 -0.6304 0.9836
0.0981 -1.4169 1.4776
-0.0754 -0.6059 1.1923
0.8409 -1.3753 0.4511
0.8603 -1.4080 0.5017
0.5775 -0.6162 0.8345
0.3342 -0.6191 1.0458
0.0754 -0.6919 0.9739
-0.1438 -0.5518 0.8994
0.5279 -0.6633 0.5255
0.1134 -0.6532 0.6782
-0.0960 -0.6212 1.0777
0.7703 -1.3435 0.4902
0.1073 -0.6276 1.1294
0.0244 -0.6393 1.0831
-0.1151 -0.5914 1.1248
-0.1416 -0.5843 0.9465
0.6435 -0.6846 0.9059
-0.1042 -0.5808 1.0782
-0.1328 -0.6859 0.7128
0.5374 -0.6459 0.5826
0.6040 -0.6102 0.8917
0.1874 -0.7051 -0.0033
0.0220 -0.0374 0.0561
0.3211 -0.6616 0.7918
0.1670 -0.6329 0.9909
-0.0516 -0.1600 0.2563
-0.2045 -0.6780 0.7135
-0.2189 -0.6569 0.8129
0.5854 -0.5931 0.9908
0.5190 -0.6359 0.7833
0.5574 -0.6274 0.9397
0.5546 -0.6086 0.9800
0.0325 -0.0748 0.0037
0.5193 -0.6531 1.0575
0.4359 -0.6617 0.8037
0.4064 -0.6535 0.8365
0.4101 -0.6075 0.9409
0.4770 -0.6904 1.1308
0.2859 -0.6635 0.5302
0.3749 -0.5935 0.9590
0.3407 -0.6555 0.8548
0.2940 -0.6583 0.8513
0.3202 -0.6717 1.0187
0.2117 -0.7067 0.6052
0.2957 -0.6644 1.1267
0.1357 -0.6138 1.0015
0.0689 -0.6631 1.1542
0.0033 -0.6264 0.5677
0.0039 -0.5176 0.6921
-0.0103 -0.6232 1.0309
-0.0008 -0.6768 1.1883
-0.0254 -0.6257 1.1453
-0.0430 -0.6945 1.1855
0.6005 -0.6654 0.7555
0.5442 -0.6485 0.6706
0.4302 -0.6699 0.5971
0.3289 -0.6343 0.6861
0.5537 -0.6265 0.6925
0.5470 -0.6359 0.7096
0.6185 -0.6149 0.9497
0.5940 -0.6292 0.8939
0.5220 -0.6007 1.0139
0.4773 -0.6095 0.9292
0.2503 -0.6205 1.1004
0.2046 -0.6177 1.0655
0.1686 -0.6625 0.8850
0.1449 -0.6326 1.0963
0.0494 -0.6310 1.0334
-0.0503 -0.6689 1.0705
-0.0755 -0.6600 1.0969
-0.2097 -0.6624 0.9701
-0.2231 -0.6757 0.9096
0.4142 -0.6174 0.6191
0.3610 -0.6234 0.5223
0.2884 -0.6538 0.6038
-0.1834 -0.7556 0.8168
-0.2461 -0.6672 0.6598
0.1274 -0.2581 0.2708
0.0259 0.0645 0.0326
-0.0805 -0.6562 0.7210
-0.0114 -0.6146 0.6604
0.0657 -0.0691 0.0748
-0.0395 -0.4383 0.0388
0.3714 -0.6068 0.9121
0.3566 -0.6073 1.0197
0.1005 -0.0032 0.1375
0.0424 -0.0176 0.0651
0.0778 0.0325 0.0204
0.0263 -0.1222 0.1062
0.1380 -0.0666 0.1278
0.0580 0.0604 0.0722
0.0603 0.0575 0.0459
0.0937 0.0013 0.1674
0.0504 -0.0056 0.0511
0.0544 0.0310 0.0980
0.0533 0.0293 0.1193
0.0538 0.0584 0.0322
0.0362 0.0162 0.1497
0.0658 -0.0091 0.1792
0.0380 -0.0184 0.0652
0.0348 0.0426 0.1715
0.0789 0.0577 0.0285
0.0764 0.0652 0.0577
0.0696 0.0674 0.0432
0.0025 -0.1473 0.1156
0.1684 -0.1434 0.3719
0.1408 -0.0454 0.1167
0.1312 -0.0751 0.1436
0.0884 0.0594 0.0664
0.1867 -0.0265 0.1905
0.3484 -0.4753 0.1969
0.1344 -0.0418 0.0473
0.1176 -0.0282 0.0453
0.1353 -0.0176 0.1703
0.8371 -1.1385 0.8642
0.0782 0.0469 0.0175
0.1957 -0.0161 0.3939
0.1051 -0.4422 0.4146
0.1080 -0.0748 0.1452
0.0833 -0.0690 0.0662
0.2621 -0.1116 0.1298
0.1736 0.0001 0.0222
0.1905 -0.2200 0.1108
0.0995 -0.1195 0.2907
1.0844 -0.6460 1.6935
0.1691 -0.7206 1.3164
0.0948 -0.0907 0.5062
0.1470 -0.1537 0.3927

