0.0158 -0.7164 -0.6705
0.0113 -0.7194 -0.6558
0.0197 -0.7225 -0.6642
0.0170 -0.7111 -0.6650
0.0067 -0.7157 -0.6837
0.0067 -0.7157 -0.6837
0.0141 -0.7198 -0.6835
0.0136 -0.7177 -0.6789
0.0152 -0.7151 -0.6741
0.0209 -0.7166 -0.6789
0.0172 -0.7121 -0.6842
0.0172 -0.7121 -0.6842
0.0159 -0.7156 -0.6843
0.0157 -0.7156 -0.6823
0.0152 -0.7136 -0.6723
0.0128 -0.7146 -0.6707
0.0184 -0.7185 -0.6706
0.0184 -0.7185 -0.6706
0.0243 -0.7141 -0.6756
0.0164 -0.7133 -0.6799
0.0190 -0.7169 -0.6833
0.0268 -0.7188 -0.6801
0.0211 -0.7147 -0.6820
0.0211 -0.7147 -0.6820
0.0185 -0.7168 -0.6970
0.0285 -0.7208 -0.6896
0.0264 -0.7242 -0.6759
0.0234 -0.7175 -0.6694
0.0234 -0.7175 -0.6694
0.0222 -0.7143 -0.6721
0.0162 -0.7150 -0.6738
0.0200 -0.7137 -0.6773
0.0250 -0.7166 -0.6822
0.0190 -0.7115 -0.6749
0.0190 -0.7115 -0.6749
0.0166 -0.7055 -0.6729
0.0156 -0.7162 -0.6831
0.0201 -0.7198 -0.6790
0.0248 -0.7214 -0.6736
0.0269 -0.7157 -0.6738
0.0269 -0.7157 -0.6738
0.0267 -0.7128 -0.6730
0.0143 -0.7169 -0.6840
0.0261 -0.7248 -0.6838
0.0256 -0.7201 -0.6673
0.0221 -0.7168 -0.6717
0.0221 -0.7168 -0.6717
0.0196 -0.7152 -0.6799
0.0146 -0.7219 -0.6798
0.0154 -0.7178 -0.6816
0.0110 -0.7186 -0.6839
0.0173 -0.7150 -0.6842
0.0173 -0.7150 -0.6842
0.0243 -0.7165 -0.6847
0.0200 -0.7158 -0.6818
0.0178 -0.7134 -0.6851
0.0153 -0.7195 -0.6708
0.0153 -0.7195 -0.6708
0.0190 -0.7209 -0.6695
0.0195 -0.7255 -0.6709
0.0168 -0.7150 -0.6759
0.0207 -0.7193 -0.6771
0.0294 -0.7202 -0.6650
0.0294 -0.7202 -0.6650
0.0276 -0.7166 -0.6757
0.0247 -0.7164 -0.6832
0.0220 -0.7156 -0.6646
0.0222 -0.7204 -0.6676
0.0228 -0.7182 -0.6735
0.0228 -0.7182 -0.6735
0.0203 -0.7183 -0.6740
0.0220 -0.7139 -0.6725
0.0173 -0.7241 -0.6712
0.0154 -0.7231 -0.6730
0.0194 -0.7246 -0.6784
0.0194 -0.7246 -0.6784
0.0165 -0.7183 -0.6763
0.0179 -0.7244 -0.6772
0.0194 -0.7211 -0.6687
0.0204 -0.7179 -0.6762
0.0218 -0.7161 -0.6897
0.0218 -0.7161 -0.6897
0.0197 -0.7178 -0.6835
0.0180 -0.7236 -0.6671
0.0238 -0.7208 -0.6576
0.0257 -0.7170 -0.6776
0.0231 -0.7185 -0.6796
0.0231 -0.7185 -0.6796
0.0227 -0.7137 -0.6709
0.0261 -0.7168 -0.6654
0.0244 -0.7182 -0.6725
0.0263 -0.7215 -0.6769
0.0263 -0.7215 -0.6769
0.0278 -0.7182 -0.6830
0.0256 -0.7238 -0.6768
0.0269 -0.7220 -0.6689
0.0226 -0.7211 -0.6731
0.0246 -0.7248 -0.6770
0.0246 -0.7248 -0.6770
0.0264 -0.7229 -0.6754
0.0294 -0.7164 -0.6775
0.0280 -0.7138 -0.6806
0.0253 -0.7174 -0.6793
0.0239 -0.7163 -0.6744
0.0239 -0.7163 -0.6744
0.0259 -0.7163 -0.6682
0.0333 -0.7222 -0.6631
0.0156 -0.7185 -0.6492
0.0217 -0.7157 -0.6678
0.0168 -0.7147 -0.6657
0.0168 -0.7147 -0.6657
0.0211 -0.7231 -0.6804
0.0259 -0.7176 -0.7073
0.0238 -0.7140 -0.7095
0.0163 -0.7141 -0.7033
0.0163 -0.7141 -0.7033
0.0125 -0.7114 -0.6754
0.0201 -0.7234 -0.6655
0.0189 -0.7242 -0.6728
0.0233 -0.7152 -0.6788
0.0200 -0.7148 -0.6868
0.0200 -0.7148 -0.6868
0.0225 -0.7123 -0.6931
0.0243 -0.7160 -0.6834
0.0179 -0.7134 -0.6842
0.0185 -0.7175 -0.6746
0.0142 -0.7141 -0.6731
0.0142 -0.7141 -0.6731
0.0209 -0.7161 -0.6741
0.0224 -0.7185 -0.6826
0.0276 -0.7128 -0.6745
0.0225 -0.7145 -0.6807
0.0196 -0.7202 -0.6759
0.0196 -0.7202 -0.6759
0.0171 -0.7208 -0.6681
0.0201 -0.7195 -0.6654
0.0216 -0.7103 -0.6767
0.0202 -0.7121 -0.6819
0.0202 -0.7121 -0.6819
0.0185 -0.7102 -0.6847
0.0197 -0.7171 -0.6905
0.0224 -0.7171 -0.6779
0.0179 -0.7172 -0.6699
0.0203 -0.7225 -0.6732
0.0203 -0.7225 -0.6732
0.0226 -0.7170 -0.6727
0.0200 -0.7176 -0.6804
0.0233 -0.7152 -0.6834
0.0212 -0.7162 -0.6858
0.0210 -0.7185 -0.6810
0.0210 -0.7185 -0.6810
0.0192 -0.7171 -0.6722
0.0242 -0.7172 -0.6763
0.0242 -0.7173 -0.6765
0.0246 -0.7184 -0.6786
0.0231 -0.7161 -0.6747
0.0231 -0.7161 -0.6747
0.0233 -0.7136 -0.6746
0.0228 -0.7156 -0.6737
0.0249 -0.7166 -0.6798
0.0276 -0.7189 -0.6769
0.0270 -0.7185 -0.6726
0.0270 -0.7185 -0.6726
0.0277 -0.7210 -0.6731
0.0299 -0.7233 -0.6731
0.0283 -0.7202 -0.6797
0.0261 -0.7178 -0.6841
0.0261 -0.7178 -0.6841
0.0271 -0.7216 -0.6826
0.0242 -0.7196 -0.6771
0.0286 -0.7230 -0.6708
0.0263 -0.7171 -0.6597
0.0229 -0.7241 -0.6591
0.0229 -0.7241 -0.6591
0.0222 -0.7237 -0.6613
0.0250 -0.7208 -0.6465
0.0329 -0.7020 -0.6777
0.0241 -0.7321 -0.7104
0.0213 -0.7197 -0.6831
0.0213 -0.7197 -0.6831
0.0287 -0.7251 -0.7018
0.0312 -0.6927 -0.6718
0.0261 -0.6951 -0.6966
0.0140 -0.7437 -0.6734
0.0248 -0.7239 -0.6662
0.0237 -0.7248 -0.6652
0.0209 -0.7265 -0.6602
0.0196 -0.7225 -0.6636
0.0176 -0.7240 -0.6699
0.0237 -0.7229 -0.6687
0.0237 -0.7229 -0.6687
0.0235 -0.7215 -0.6694
0.0211 -0.7179 -0.6675
0.0229 -0.7227 -0.6702
0.0214 -0.7205 -0.6665
0.0214 -0.7205 -0.6665
0.0147 -0.7237 -0.6768
0.0142 -0.7156 -0.6721
0.0183 -0.7203 -0.6753
0.0173 -0.7200 -0.6752
0.0263 -0.7184 -0.6749
0.0263 -0.7184 -0.6749
0.0281 -0.7231 -0.6793
0.0222 -0.7204 -0.6698
0.0232 -0.7217 -0.6728
0.0233 -0.7239 -0.6671
0.0258 -0.7216 -0.6676
0.0258 -0.7216 -0.6676
0.0224 -0.7204 -0.6716
0.0210 -0.7195 -0.6647
0.0224 -0.7185 -0.6704
0.0212 -0.7167 -0.6761
0.0205 -0.7202 -0.6805
0.0205 -0.7202 -0.6805
0.0203 -0.7170 -0.6693
0.0160 -0.7180 -0.6640
0.0193 -0.7216 -0.6699
0.0203 -0.7153 -0.6742
0.0194 -0.7162 -0.6781
0.0194 -0.7162 -0.6781
0.0216 -0.7176 -0.6751
0.0225 -0.7137 -0.6690
0.0246 -0.7176 -0.6734
0.0281 -0.7139 -0.6746
0.0292 -0.7173 -0.6738
0.0292 -0.7173 -0.6738
0.0284 -0.7197 -0.6745
0.0304 -0.7237 -0.6704
0.0290 -0.7212 -0.6696
0.0326 -0.7179 -0.6757
0.0326 -0.7179 -0.6757
0.0327 -0.7167 -0.6845
0.0302 -0.7179 -0.6848
0.0273 -0.7192 -0.6790
0.0260 -0.7151 -0.6692
0.0270 -0.7179 -0.6728
0.0270 -0.7179 -0.6728
0.0308 -0.7156 -0.6741
0.0327 -0.7140 -0.6631
0.0367 -0.7160 -0.6619
0.0363 -0.7132 -0.6532
0.0353 -0.7117 -0.6467
0.0353 -0.7117 -0.6467
0.0433 -0.7197 -0.6364
0.0579 -0.7021 -0.6208
0.0764 -0.6871 -0.6403
0.0940 -0.6711 -0.6846
0.0940 -0.6711 -0.6846
0.1061 -0.6646 -0.6951
0.1076 -0.6747 -0.6992
0.1140 -0.6883 -0.6820
0.1283 -0.6958 -0.6658
0.1382 -0.6993 -0.6575
0.1382 -0.6993 -0.6575
0.1449 -0.7016 -0.6516
0.1519 -0.7021 -0.6436
0.1574 -0.7018 -0.6415
0.1573 -0.7032 -0.6401
0.1548 -0.7050 -0.6406
0.1548 -0.7050 -0.6406
0.1498 -0.7019 -0.6509
0.1585 -0.6922 -0.6720
0.1608 -0.6850 -0.6652
0.1618 -0.6850 -0.6800
0.1708 -0.6758 -0.7014
0.1708 -0.6758 -0.7014
0.1778 -0.6417 -0.7073
0.1867 -0.6270 -0.6955
0.1933 -0.6030 -0.6652
0.2000 -0.5955 -0.6416
0.1936 -0.5739 -0.6100
0.1936 -0.5739 -0.6100
0.1725 -0.5632 -0.5995
0.1425 -0.5737 -0.6073
0.1198 -0.5734 -0.6553
0.1279 -0.5827 -0.7321
0.1367 -0.5765 -0.7912
0.1367 -0.5765 -0.7912
0.1273 -0.5697 -0.8362
0.1276 -0.5801 -0.9377
0.1301 -0.5928 -0.9898
0.1333 -0.5931 -1.0020
0.1333 -0.5931 -1.0020
0.1361 -0.6021 -0.9874
0.1378 -0.5988 -0.9634
0.1302 -0.5865 -0.9192
0.1055 -0.5548 -0.8748
0.0788 -0.5251 -0.8211
0.0788 -0.5251 -0.8211
0.0492 -0.4891 -0.7573
0.0310 -0.4912 -0.7198
0.0321 -0.5057 -0.6946
0.0314 -0.5121 -0.6669
0.0480 -0.4832 -0.7090
0.0480 -0.4832 -0.7090
0.0763 -0.4612 -0.7995
0.0755 -0.4575 -0.8298
0.0707 -0.5097 -0.7934
0.0690 -0.5913 -0.7402
0.0856 -0.5957 -0.7488
0.0856 -0.5957 -0.7488
0.1175 -0.5282 -0.9045
0.1689 -0.4486 -1.1633
0.1679 -0.4120 -1.2551
0.1063 -0.4020 -1.1109
0.0720 -0.4263 -0.9156
0.0720 -0.4263 -0.9156
0.0313 -0.4493 -0.7723
0.0125 -0.6217 -0.7500
-0.0849 -0.5920 -0.7748
-0.0849 -0.5920 -0.7748
-0.0305 -0.6126 -0.8774
-0.0197 -0.5725 -1.0452
0.0452 -0.5086 -1.1762
0.0553 -0.4558 -1.1475
0.0341 -0.4613 -0.9537
0.0341 -0.4613 -0.9537
0.0096 -0.5072 -0.8192
0.0045 -0.5478 -0.6810
0.0016 -0.5622 -0.6227
0.0175 -0.5771 -0.6232
0.0375 -0.5593 -0.6407
0.0375 -0.5593 -0.6407
0.0576 -0.5435 -0.7108
0.0659 -0.5217 -0.7383
0.0681 -0.5132 -0.7862
0.0477 -0.5426 -0.8407
0.0352 -0.5769 -0.8513
0.0352 -0.5769 -0.8513
0.0062 -0.5948 -0.8125
0.0046 -0.6205 -0.7990
0.0337 -0.6419 -0.8424
0.0826 -0.6519 -0.9090
0.0826 -0.6519 -0.9090
0.1246 -0.6468 -0.9115
0.1508 -0.6443 -0.9118
0.1629 -0.6585 -0.9096
0.1780 -0.6684 -0.8899
0.2006 -0.6751 -0.8683
0.2006 -0.6751 -0.8683
0.2096 -0.6768 -0.8288
0.2194 -0.6712 -0.7980
0.2398 -0.7008 -0.7563
0.2752 -0.7223 -0.6984
0.3346 -0.7424 -0.6689
0.3346 -0.7424 -0.6689
0.3952 -0.7939 -0.6566
0.4341 -0.7593 -0.6910
0.4581 -0.6379 -0.7993
0.4674 -0.5163 -0.9192
0.4733 -0.4686 -0.9075
0.4733 -0.4686 -0.9075
0.4234 -0.4454 -0.7022
0.3604 -0.4767 -0.5297
0.3010 -0.5233 -0.4130
0.2618 -0.5518 -0.4070
0.2572 -0.5455 -0.4764
0.2572 -0.5455 -0.4764
0.2698 -0.5361 -0.6378
0.2583 -0.5159 -0.8056
0.2407 -0.5400 -0.7489
0.1600 -0.4908 -0.6787
0.1600 -0.4908 -0.6787
0.0873 -0.4973 -0.6550
0.0393 -0.5098 -0.6799
0.0130 -0.5073 -0.6913
-0.0213 -0.5118 -0.6508
-0.0671 -0.5261 -0.6408
-0.0671 -0.5261 -0.6408
-0.0892 -0.5722 -0.6997
-0.0889 -0.6142 -0.7106
-0.0802 -0.6260 -0.6998
-0.0592 -0.6422 -0.7327
-0.0274 -0.6582 -0.8121
-0.0274 -0.6582 -0.8121
-0.0001 -0.6518 -0.8792
0.0282 -0.6732 -0.9471
0.0242 -0.6851 -0.9659
-0.0195 -0.6774 -0.9684
-0.0568 -0.6738 -0.9800
-0.0568 -0.6738 -0.9800
-0.0742 -0.6760 -0.9802
-0.0885 -0.6560 -0.9825
-0.0989 -0.6495 -1.0149
-0.0757 -0.6939 -1.0132
-0.0757 -0.6939 -1.0132
-0.0873 -0.6687 -1.0055
-0.0210 -0.5926 -1.0071
-0.0041 -0.4591 -1.1839
-0.0130 -0.4677 -1.1703
-0.0575 -0.4287 -1.0120
-0.0575 -0.4287 -1.0120
-0.0674 -0.4256 -0.7662
-0.1668 -0.4492 -0.5278
-0.2079 -0.4806 -0.4924
-0.1951 -0.4845 -0.6153
-0.1254 -0.4571 -0.7242
-0.1254 -0.4571 -0.7242
-0.0117 -0.3917 -0.8208
0.1192 -0.3318 -0.8175
0.1959 -0.3712 -0.7327
0.2240 -0.4447 -0.6051
0.2159 -0.5363 -0.5544
0.2159 -0.5363 -0.5544
0.2191 -0.5910 -0.5544
0.2469 -0.6348 -0.6347
0.2377 -0.6510 -0.6430
0.2105 -0.6753 -0.6882
0.1752 -0.6908 -0.7469
0.1752 -0.6908 -0.7469
0.1350 -0.6953 -0.6866
0.0626 -0.6457 -0.7645
0.0184 -0.6250 -0.7590
0.0988 -0.6988 -0.8539
0.0988 -0.6988 -0.8539
0.1153 -0.6754 -0.8587
0.1388 -0.6958 -0.8869
0.1454 -0.6915 -0.8923
0.1535 -0.6823 -0.8885
0.1910 -0.7112 -0.8770
0.1910 -0.7112 -0.8770
0.2214 -0.7240 -0.9064
0.2396 -0.7501 -0.9651
0.2372 -0.7533 -1.0344
0.1819 -0.6769 -1.0862
0.0875 -0.5446 -1.0695
0.0875 -0.5446 -1.0695
0.0498 -0.4289 -0.9721
0.0833 -0.3863 -0.7963
0.1676 -0.3963 -0.6544
0.2438 -0.4318 -0.5357
0.2769 -0.4761 -0.5300
0.2769 -0.4761 -0.5300
0.2678 -0.5164 -0.6142
0.2205 -0.5279 -0.7237
0.1842 -0.5012 -0.8160
0.1524 -0.4708 -0.9470
0.1006 -0.3842 -1.0885
0.1006 -0.3842 -1.0885
-0.0299 -0.5063 -0.8605
-0.0983 -0.4230 -0.8537
-0.1759 -0.4090 -0.8111
-0.2096 -0.4348 -0.7517
-0.2096 -0.4348 -0.7517
-0.2029 -0.4205 -0.7265
-0.1646 -0.3736 -0.7170
-0.1749 -0.4309 -0.6108
-0.1694 -0.4584 -0.5966
-0.1290 -0.4869 -0.6315
-0.1290 -0.4869 -0.6315
-0.0917 -0.5152 -0.6655
-0.0624 -0.5364 -0.7096
-0.0324 -0.5641 -0.7919
-0.0100 -0.5694 -0.8392
-0.0034 -0.5870 -0.9447
-0.0034 -0.5870 -0.9447
-0.0082 -0.6301 -1.0021
-0.0500 -0.6263 -1.0037
-0.1230 -0.5486 -1.0540
-0.1622 -0.4708 -1.1085
-0.1386 -0.4700 -1.0199
-0.1386 -0.4700 -1.0199
-0.1387 -0.4276 -0.8892
-0.1771 -0.3544 -0.9662
-0.1935 -0.2959 -1.0625
-0.1734 -0.2413 -0.9846
-0.1393 -0.2309 -0.8416
-0.1393 -0.2309 -0.8416
-0.0945 -0.2678 -0.7155
-0.0617 -0.2975 -0.7317
-0.0965 -0.3209 -0.8933
-0.1185 -0.3892 -1.0723
-0.1185 -0.3892 -1.0723
-0.1588 -0.3937 -1.0750
-0.1931 -0.3665 -0.9239
-0.1993 -0.3822 -0.7997
-0.1522 -0.4211 -0.7768
-0.0889 -0.4457 -0.7591
-0.0889 -0.4457 -0.7591
-0.0667 -0.4576 -0.7197
-0.0756 -0.4859 -0.7606
-0.1111 -0.5185 -0.7768
-0.1533 -0.5216 -0.7832
-0.1480 -0.5284 -0.8141
-0.1480 -0.5284 -0.8141
-0.1460 -0.5190 -0.8459
-0.1370 -0.5124 -0.8790
-0.1309 -0.5081 -0.9187
-0.1211 -0.5095 -0.9423
-0.0985 -0.5210 -0.9292
-0.0985 -0.5210 -0.9292
-0.0730 -0.5337 -0.9374
-0.0506 -0.5551 -0.9655
-0.0388 -0.5718 -0.9883
-0.0176 -0.5919 -1.0053
-0.0039 -0.5940 -0.9690
-0.0039 -0.5940 -0.9690
-0.0173 -0.6181 -0.9943
-0.0321 -0.6467 -1.1014
-0.0360 -0.6237 -1.1612
-0.0517 -0.5432 -1.1131
-0.0517 -0.5432 -1.1131
-0.0740 -0.4551 -0.9508
-0.0495 -0.4229 -0.7518
-0.0003 -0.4361 -0.6207
0.0804 -0.5027 -0.5965
0.1455 -0.5362 -0.6231
0.1455 -0.5362 -0.6231
0.1747 -0.5603 -0.7473
0.1812 -0.5838 -0.9335
0.1764 -0.5774 -1.0713
0.1421 -0.4937 -1.1159
0.0706 -0.3840 -1.0891
0.0706 -0.3840 -1.0891
-0.0133 -0.3212 -0.9810
-0.0799 -0.2860 -0.8775
-0.1027 -0.2934 -0.7832
-0.0979 -0.3109 -0.7104
-0.1056 -0.3117 -0.6679
-0.1056 -0.3117 -0.6679
-0.1273 -0.3501 -0.6225
-0.1437 -0.4032 -0.6363
-0.1530 -0.4405 -0.6527
-0.1762 -0.4408 -0.6355
-0.1762 -0.4408 -0.6355
-0.2182 -0.4348 -0.6259
-0.2367 -0.4400 -0.6257
-0.2618 -0.4407 -0.5972
-0.2920 -0.4302 -0.6281
-0.3130 -0.4540 -0.7277
-0.3130 -0.4540 -0.7277
-0.3046 -0.5192 -0.8513
-0.3448 -0.5273 -0.9507
-0.3948 -0.4840 -1.0983
-0.3848 -0.4516 -1.2601
-0.3490 -0.4048 -1.1938
-0.3490 -0.4048 -1.1938
-0.3255 -0.3739 -0.9547
-0.2815 -0.4262 -0.7890
-0.1887 -0.4951 -0.8030
-0.0913 -0.4821 -0.9240
-0.0694 -0.5190 -1.0266
-0.0694 -0.5190 -1.0266
-0.0704 -0.6037 -1.0845
-0.0886 -0.6160 -1.0272
-0.1030 -0.5925 -0.9148
-0.0585 -0.5987 -0.8682
0.0047 -0.5914 -0.8842
0.0047 -0.5914 -0.8842
0.0631 -0.5816 -0.9010
0.0836 -0.5558 -0.8672
0.0947 -0.5239 -0.8741
0.0953 -0.5081 -0.8831
0.0953 -0.5081 -0.8831
0.0816 -0.4579 -0.8917
0.0565 -0.4016 -0.8913
0.0170 -0.3461 -0.8879
-0.0254 -0.3078 -0.8635
-0.0614 -0.2948 -0.8737
-0.0614 -0.2948 -0.8737
-0.0969 -0.2846 -0.8866
-0.1385 -0.2740 -0.9221
-0.1745 -0.2765 -0.9415
-0.1984 -0.2625 -0.9241
-0.2158 -0.2555 -0.9194
-0.2158 -0.2555 -0.9194
-0.2386 -0.2553 -0.9235
-0.2729 -0.2581 -0.9841
-0.2893 -0.2689 -1.0186
-0.2660 -0.2785 -0.9972
-0.2058 -0.2861 -1.0019
-0.2058 -0.2861 -1.0019
-0.1403 -0.3408 -1.0244
-0.1034 -0.4229 -1.1433
-0.0631 -0.5271 -1.2968
-0.0396 -0.5356 -1.3853
-0.0618 -0.4344 -1.3564
-0.0618 -0.4344 -1.3564
-0.0848 -0.3746 -1.2733
-0.0977 -0.3675 -1.2394
-0.1140 -0.3756 -1.2216
-0.1333 -0.4009 -1.1570
-0.1609 -0.4093 -1.0882
-0.1609 -0.4093 -1.0882
-0.1993 -0.4257 -1.0167
-0.2349 -0.4312 -0.9525
-0.2704 -0.4097 -0.8843
-0.3081 -0.3781 -0.7947
-0.3081 -0.3781 -0.7947
-0.3564 -0.3424 -0.7216
-0.4017 -0.3336 -0.6281
-0.4288 -0.3604 -0.5352
-0.4090 -0.3937 -0.4712
-0.3572 -0.4431 -0.4633
-0.3572 -0.4431 -0.4633
-0.3140 -0.4926 -0.4975
-0.2890 -0.5438 -0.5487
-0.2846 -0.5705 -0.5680
-0.2993 -0.5805 -0.5946
-0.3050 -0.6080 -0.6355
-0.3050 -0.6080 -0.6355
-0.3052 -0.6390 -0.6692
-0.2936 -0.6691 -0.6834
-0.2873 -0.6995 -0.7070
-0.2824 -0.7472 -0.7433
-0.2971 -0.7850 -0.8344
-0.2971 -0.7850 -0.8344
-0.3392 -0.8154 -0.9550
-0.3766 -0.7869 -1.0638
-0.4206 -0.6689 -1.1211
-0.4667 -0.4920 -1.0568
-0.4667 -0.4920 -1.0568
-0.4944 -0.3291 -0.9321
-0.4921 -0.2375 -0.8360
-0.4908 -0.2154 -0.8006
-0.4888 -0.2413 -0.7644
-0.5020 -0.2830 -0.7209
-0.5020 -0.2830 -0.7209
-0.5113 -0.3235 -0.6677
-0.5055 -0.3466 -0.5774
-0.4838 -0.3620 -0.5077
-0.4609 -0.3913 -0.4876
-0.4433 -0.4344 -0.4983
-0.4433 -0.4344 -0.4983
-0.4276 -0.4721 -0.5125
-0.4277 -0.5062 -0.5558
-0.4349 -0.5274 -0.6328
-0.4480 -0.5535 -0.7208
-0.4408 -0.5674 -0.7954
-0.4408 -0.5674 -0.7954
-0.4366 -0.5663 -0.8534
-0.4379 -0.5746 -0.8766
-0.4393 -0.5910 -0.8715
-0.4134 -0.6193 -0.8560
-0.4134 -0.6193 -0.8560
-0.3740 -0.6421 -0.8483
-0.3382 -0.6602 -0.8584
-0.3045 -0.6733 -0.8685
-0.2943 -0.6765 -0.8833
-0.2758 -0.7020 -0.9016
-0.2758 -0.7020 -0.9016
-0.2394 -0.7375 -0.9196
-0.2541 -0.7567 -1.0710
-0.2909 -0.7672 -1.3040
-0.3764 -0.5143 -1.1302
-0.3764 -0.5143 -1.1302
-0.3180 -0.4543 -0.8801
-0.1799 -0.4719 -0.7967
-0.0682 -0.5100 -0.7781
-0.0233 -0.5271 -0.8589
-0.0469 -0.5184 -0.9518
-0.0469 -0.5184 -0.9518
-0.1284 -0.4809 -0.9832
-0.2339 -0.3962 -0.9511
-0.3038 -0.3377 -0.8619
-0.3018 -0.3300 -0.7952
-0.2742 -0.3285 -0.7378
-0.2742 -0.3285 -0.7378
-0.2578 -0.3125 -0.6560
-0.2603 -0.3286 -0.5681
-0.2677 -0.3681 -0.4926
-0.2795 -0.3961 -0.4516
-0.2947 -0.4064 -0.4410
-0.2947 -0.4064 -0.4410
-0.3122 -0.4374 -0.4533
-0.3303 -0.4541 -0.4803
-0.3471 -0.4435 -0.4814
-0.3456 -0.4430 -0.5157
-0.3456 -0.4430 -0.5157
-0.3560 -0.4569 -0.5662
-0.3875 -0.4696 -0.6433
-0.4572 -0.4810 -0.7641
-0.5305 -0.5218 -0.8441
-0.5961 -0.5363 -0.9180
-0.5961 -0.5363 -0.9180
-0.6532 -0.5337 -0.9492
-0.6874 -0.5409 -0.9156
-0.6851 -0.5309 -0.9326
-0.6339 -0.5111 -0.9952
-0.5790 -0.4438 -0.8798
-0.5790 -0.4438 -0.8798
-0.5376 -0.3575 -0.7514
-0.4638 -0.3457 -0.6891
-0.3817 -0.3781 -0.6621
-0.3162 -0.4212 -0.6686
-0.2768 -0.4797 -0.6486
-0.2768 -0.4797 -0.6486
-0.2342 -0.5210 -0.6266
-0.1684 -0.5358 -0.6399
-0.0998 -0.5445 -0.6858
-0.0437 -0.5492 -0.7417
-0.0437 -0.5492 -0.7417
-0.0098 -0.5488 -0.7983
-0.0033 -0.5530 -0.8435
-0.0111 -0.5611 -0.8733
-0.0254 -0.5807 -0.9085
-0.0319 -0.6143 -0.9367
-0.0319 -0.6143 -0.9367
-0.0692 -0.6305 -0.9394
-0.1200 -0.6419 -0.9094
-0.1773 -0.6520 -0.8676
-0.2249 -0.6668 -0.8150
-0.2541 -0.6927 -0.7796
-0.2541 -0.6927 -0.7796
-0.2725 -0.7239 -0.7785
-0.2854 -0.7614 -0.8102
-0.2775 -0.8162 -0.8470
-0.2741 -0.8285 -0.9979
-0.2823 -0.8012 -1.2050
-0.2823 -0.8012 -1.2050
-0.3217 -0.6715 -1.3080
-0.3543 -0.5006 -1.1724
-0.3316 -0.3803 -0.8859
-0.1910 -0.3889 -0.7644
-0.0401 -0.4488 -0.7772
-0.0401 -0.4488 -0.7772
0.0531 -0.4841 -0.9025
0.0549 -0.4897 -0.9927
-0.0304 -0.4662 -0.9948
-0.1583 -0.3832 -0.9465
-0.1583 -0.3832 -0.9465
-0.2705 -0.3288 -0.8907
-0.3137 -0.3263 -0.8075
-0.3212 -0.3246 -0.7351
-0.3354 -0.3291 -0.6328
-0.3493 -0.3520 -0.5018
-0.3493 -0.3520 -0.5018
-0.3567 -0.3792 -0.4366
-0.3470 -0.4178 -0.4075
-0.3237 -0.4308 -0.4122
-0.2984 -0.4228 -0.4487
-0.2885 -0.4099 -0.4892
-0.2885 -0.4099 -0.4892
-0.2687 -0.4034 -0.5738
-0.2464 -0.3750 -0.6428
-0.2396 -0.3395 -0.7091
-0.2192 -0.3450 -0.8325
-0.1890 -0.3904 -0.9811
-0.1890 -0.3904 -0.9811
-0.1890 -0.4184 -1.0683
-0.2227 -0.4698 -1.1671
-0.2929 -0.5508 -1.1882
-0.3811 -0.5770 -1.2319
-0.4524 -0.5650 -1.2015
-0.4524 -0.5650 -1.2015
-0.5038 -0.5102 -1.0144
-0.5380 -0.4574 -0.8201
-0.5630 -0.4796 -0.6782
-0.5818 -0.4966 -0.6047
-0.5818 -0.4966 -0.6047
-0.5949 -0.4969 -0.5670
-0.5541 -0.5268 -0.5438
-0.4749 -0.5242 -0.5729
-0.3797 -0.4700 -0.6067
-0.2737 -0.4216 -0.6778
-0.2737 -0.4216 -0.6778
-0.1620 -0.3858 -0.7375
-0.0732 -0.3497 -0.7628
-0.0073 -0.3362 -0.7845
0.0416 -0.3433 -0.8133
0.0730 -0.3648 -0.8501
0.0730 -0.3648 -0.8501
0.0833 -0.4068 -0.8953
0.0378 -0.4329 -0.9161
-0.0400 -0.4637 -0.8868
-0.0843 -0.4923 -0.9125
-0.1134 -0.4974 -0.9271
-0.1134 -0.4974 -0.9271
-0.1923 -0.5018 -0.8637
-0.2636 -0.5330 -0.8119
-0.3023 -0.6035 -0.8149
-0.2991 -0.6599 -0.8704
-0.2991 -0.6599 -0.8704
-0.2658 -0.6815 -0.9482
-0.2326 -0.6854 -0.9882
-0.1995 -0.6585 -1.1249
-0.2011 -0.6258 -1.2942
-0.2862 -0.4947 -1.3911
-0.2862 -0.4947 -1.3911
-0.3718 -0.3641 -1.3116
-0.3759 -0.3104 -1.0991
-0.2930 -0.2942 -0.8685
-0.2070 -0.3006 -0.7062
-0.1706 -0.3120 -0.6519
-0.1706 -0.3120 -0.6519
-0.1771 -0.3495 -0.6900
-0.1873 -0.4090 -0.7829
-0.2375 -0.4180 -0.8374
-0.3140 -0.3795 -0.9100
-0.3752 -0.3605 -0.9840
-0.3752 -0.3605 -0.9840
-0.3860 -0.3448 -1.0018
-0.3643 -0.3194 -0.9360
-0.3324 -0.3071 -0.8231
-0.2946 -0.3192 -0.7092
-0.2524 -0.3431 -0.6516
-0.2524 -0.3431 -0.6516
-0.2056 -0.3684 -0.6099
-0.1645 -0.3699 -0.6211
-0.1347 -0.3799 -0.6473
-0.1376 -0.3640 -0.6816
-0.1376 -0.3640 -0.6816
-0.1500 -0.3311 -0.7389
-0.1503 -0.2950 -0.7920
-0.1457 -0.2529 -0.8476
-0.1477 -0.2181 -0.9414
-0.1675 -0.1962 -1.0241
-0.1675 -0.1962 -1.0241
-0.2065 -0.1916 -1.0359
-0.2672 -0.2020 -1.0197
-0.3307 -0.2276 -1.0202
-0.3494 -0.3280 -1.0069
-0.3637 -0.3783 -1.0337
-0.3637 -0.3783 -1.0337
-0.3916 -0.3842 -1.0850
-0.3742 -0.3931 -1.0641
-0.3185 -0.3845 -0.8936
-0.2372 -0.3729 -0.7226
-0.1414 -0.3953 -0.6704
-0.1414 -0.3953 -0.6704
-0.0727 -0.4276 -0.7029
-0.0680 -0.4173 -0.7436
-0.1281 -0.4294 -0.8399
-0.1862 -0.5104 -1.0042
-0.1757 -0.5433 -1.0296
-0.1757 -0.5433 -1.0296
-0.0950 -0.4412 -1.0148
-0.0146 -0.3846 -0.9683
0.0455 -0.3770 -0.9303
0.0652 -0.3401 -0.9084
0.0652 -0.3401 -0.9084
0.0634 -0.3132 -0.9145
0.0132 -0.3085 -0.9272
-0.0710 -0.2946 -0.9542
-0.1805 -0.2760 -1.0004
-0.2629 -0.2537 -1.0425
-0.2629 -0.2537 -1.0425
-0.3083 -0.2291 -1.0694
-0.3230 -0.2134 -1.0264
-0.3187 -0.1903 -0.9249
-0.2921 -0.1761 -0.8648
-0.2467 -0.1961 -0.8607
-0.2467 -0.1961 -0.8607
-0.2081 -0.2114 -0.8468
-0.1912 -0.2041 -0.8510
-0.1764 -0.2114 -0.8459
-0.1589 -0.2067 -0.8704
-0.1245 -0.2116 -0.8778
-0.1245 -0.2116 -0.8778
-0.0923 -0.1986 -0.8575
-0.0494 -0.1928 -0.8483
-0.0151 -0.1837 -0.8451
-0.0072 -0.1312 -0.8988
-0.0480 -0.0782 -0.9550
-0.0480 -0.0782 -0.9550
-0.1165 -0.0123 -1.0592
-0.2186 0.0770 -1.3543
-0.3083 0.0692 -1.4221
-0.4049 0.0928 -1.3193
-0.4049 0.0928 -1.3193
-0.4213 0.0832 -1.1263
-0.3147 -0.0098 -1.0147
-0.1981 -0.0893 -0.9409
-0.1381 -0.1346 -0.8946
-0.1302 -0.1574 -0.8649
-0.1302 -0.1574 -0.8649
-0.1436 -0.1716 -0.8454
-0.1363 -0.1725 -0.8543
-0.1043 -0.1835 -0.8752
-0.0785 -0.2041 -0.8793
-0.0689 -0.2168 -0.8957
-0.0689 -0.2168 -0.8957
-0.0743 -0.2406 -0.9090
-0.0866 -0.2512 -0.9393
-0.1024 -0.2566 -0.9873
-0.1244 -0.2437 -1.0489
-0.1441 -0.2393 -1.1687
-0.1441 -0.2393 -1.1687
-0.1624 -0.2484 -1.2320
-0.1849 -0.2235 -1.2349
-0.1888 -0.2354 -1.1917
-0.1987 -0.2519 -1.1544
-0.1987 -0.2519 -1.1544
-0.1894 -0.2417 -1.1134
-0.1418 -0.2567 -0.9959
-0.0637 -0.2509 -0.8477
-0.0166 -0.2397 -0.7383
0.0234 -0.2269 -0.7329
0.0234 -0.2269 -0.7329
0.0060 -0.2968 -0.7581
-0.0689 -0.3056 -0.8510
-0.1484 -0.3191 -0.9614
-0.1832 -0.4119 -1.0342
-0.1631 -0.1858 -1.1335
-0.1631 -0.1858 -1.1335
-0.1298 -0.3342 -0.9771
-0.1260 -0.2908 -1.0046
-0.1677 -0.3344 -0.9347
-0.1529 -0.3372 -0.8215
-0.0918 -0.3849 -0.8289
-0.0918 -0.3849 -0.8289
-0.0275 -0.3450 -0.8899
-0.0720 -0.2756 -0.9458
-0.1139 -0.2493 -1.0390
-0.0921 -0.2626 -1.0401
-0.0422 -0.2484 -0.9819
-0.0422 -0.2484 -0.9819
0.0261 -0.2448 -0.9915
0.0460 -0.2318 -0.9978
0.0590 -0.2531 -1.0292
0.0512 -0.2784 -1.0682
0.0512 -0.2784 -1.0682
0.0336 -0.3549 -1.1291
0.0136 -0.4113 -1.1814
0.0119 -0.4526 -1.2139
-0.0416 -0.4827 -1.2558
-0.1640 -0.4903 -1.2644
-0.1640 -0.4903 -1.2644
-0.2566 -0.4946 -1.2255
-0.2464 -0.4641 -1.1559
-0.1847 -0.4677 -1.0696
-0.1192 -0.4319 -0.9315
-0.0624 -0.4090 -0.9639
-0.0624 -0.4090 -0.9639
-0.0296 -0.3679 -0.9061
0.0183 -0.3642 -0.8615
0.0583 -0.3497 -0.8038
0.0463 -0.3313 -0.7748
-0.0031 -0.3602 -0.8168
-0.0031 -0.3602 -0.8168
-0.0346 -0.3722 -0.7655
-0.0436 -0.3145 -0.6933
-0.0277 -0.3604 -0.6389
-0.0171 -0.3996 -0.5950
-0.0262 -0.4616 -0.5758
-0.0262 -0.4616 -0.5758
-0.0346 -0.4301 -0.5365
-0.0248 -0.4200 -0.5737
-0.0314 -0.4996 -0.6184
-0.0976 -0.5034 -0.7101
-0.0976 -0.5034 -0.7101
-0.0707 -0.5488 -0.7777
0.0051 -0.5770 -0.7242
0.0184 -0.5822 -0.6846
-0.0093 -0.5712 -0.6647
-0.0205 -0.5779 -0.6677
-0.0205 -0.5779 -0.6677
-0.0324 -0.6153 -0.6876
-0.0273 -0.6395 -0.7076
-0.0172 -0.6428 -0.7038
-0.0003 -0.6539 -0.7297
0.0277 -0.6649 -0.7550
0.0277 -0.6649 -0.7550
0.0157 -0.6516 -0.7359
0.0209 -0.6334 -0.7347
0.0261 -0.6314 -0.7168
0.0256 -0.6416 -0.7177
0.0179 -0.6364 -0.7345
0.0179 -0.6364 -0.7345
0.0213 -0.6221 -0.7400
0.0201 -0.6272 -0.7335
0.0199 -0.6400 -0.7487
0.0292 -0.6413 -0.7517
0.0231 -0.6402 -0.7616
0.0231 -0.6402 -0.7616
0.0172 -0.6253 -0.7659
0.0163 -0.6240 -0.7399
0.0122 -0.6413 -0.7545
0.0144 -0.6357 -0.7663
0.0144 -0.6357 -0.7663
0.0167 -0.6284 -0.7780
0.0210 -0.6302 -0.7839
0.0236 -0.6357 -0.7824
0.0175 -0.6336 -0.7544
0.0250 -0.6461 -0.7369
0.0250 -0.6461 -0.7369
0.0248 -0.6492 -0.7357
0.0287 -0.6589 -0.7530
0.0210 -0.6705 -0.7391
0.0089 -0.6617 -0.7381
0.0073 -0.6619 -0.7250
0.0073 -0.6619 -0.7250
0.0015 -0.6556 -0.7263
0.0087 -0.6507 -0.7385
0.0160 -0.6506 -0.7520
0.0170 -0.6517 -0.7523
0.0078 -0.6508 -0.7109
0.0078 -0.6508 -0.7109
0.0002 -0.6712 -0.7126
0.0006 -0.6735 -0.7233
0.0049 -0.6707 -0.7325
0.0108 -0.6809 -0.7267
0.0108 -0.6809 -0.7267
0.0002 -0.6850 -0.7052
-0.0062 -0.6894 -0.6858
0.0162 -0.6918 -0.6929
0.0191 -0.6909 -0.7045
0.0132 -0.6811 -0.7120
0.0132 -0.6811 -0.7120
0.0148 -0.6931 -0.7140
0.0130 -0.6950 -0.7012
0.0096 -0.6941 -0.6804
0.0057 -0.6986 -0.6817
0.0084 -0.6992 -0.6973
0.0084 -0.6992 -0.6973
0.0069 -0.6938 -0.7038
0.0033 -0.6992 -0.7074
0.0017 -0.6947 -0.7074
0.0025 -0.6955 -0.6898
-0.0031 -0.6987 -0.6742
-0.0031 -0.6987 -0.6742
0.0043 -0.7050 -0.6869
0.0053 -0.6968 -0.6794
0.0019 -0.6946 -0.6734
0.0070 -0.6915 -0.6668
0.0022 -0.6909 -0.6842
0.0022 -0.6909 -0.6842
0.0071 -0.6926 -0.6890
0.0225 -0.6953 -0.6963
0.0203 -0.6980 -0.6906
0.0067 -0.6929 -0.6864
0.0067 -0.6929 -0.6864
0.0117 -0.7024 -0.6852
0.0127 -0.7032 -0.6802
0.0201 -0.7002 -0.6865
0.0271 -0.7019 -0.6952
0.0186 -0.6968 -0.7031
0.0186 -0.6968 -0.7031
0.0228 -0.6981 -0.7114
0.0272 -0.6923 -0.7056
0.0195 -0.6913 -0.7090
0.0211 -0.6996 -0.6989
0.0244 -0.7025 -0.6927
0.0244 -0.7025 -0.6927
0.0215 -0.7013 -0.6937
0.0258 -0.7029 -0.6865
0.0356 -0.7029 -0.6777
0.0267 -0.6975 -0.6752
0.0231 -0.6957 -0.6884
0.0231 -0.6957 -0.6884
0.0250 -0.7009 -0.6953
0.0248 -0.7042 -0.6926
0.0247 -0.7012 -0.6882
0.0163 -0.6983 -0.6882
0.0181 -0.7092 -0.6917
0.0181 -0.7092 -0.6917
0.0257 -0.7119 -0.7047
0.0196 -0.7029 -0.7060
0.0099 -0.6936 -0.6921
0.0139 -0.7034 -0.6991
0.0139 -0.7034 -0.6991
0.0168 -0.7129 -0.7060
0.0093 -0.7053 -0.6969
0.0050 -0.7017 -0.6846
0.0123 -0.7120 -0.6754
0.0127 -0.7147 -0.6758
0.0127 -0.7147 -0.6758
0.0043 -0.7046 -0.6758
0.0116 -0.7102 -0.6839
0.0212 -0.7062 -0.6833
0.0106 -0.7032 -0.6694
0.0136 -0.7084 -0.6622
0.0136 -0.7084 -0.6622
0.0109 -0.7138 -0.6722
0.0164 -0.7159 -0.6930
0.0165 -0.7132 -0.6975
0.0135 -0.7071 -0.7124
0.0097 -0.7089 -0.6801
0.0097 -0.7089 -0.6801
0.0001 -0.7168 -0.6802
0.0142 -0.7164 -0.6784
0.0177 -0.7068 -0.6804
0.0134 -0.7043 -0.6895
0.0112 -0.7072 -0.6837
0.0112 -0.7072 -0.6837
0.0156 -0.7149 -0.6843
0.0064 -0.7188 -0.6708
0.0069 -0.7138 -0.6703
0.0163 -0.7115 -0.6663
0.0163 -0.7115 -0.6663
0.0252 -0.7075 -0.6838
0.0219 -0.6982 -0.6938
0.0148 -0.6960 -0.6912
0.0128 -0.7007 -0.6889
0.0081 -0.7028 -0.6918
0.0081 -0.7028 -0.6918
0.0056 -0.7009 -0.6929
-0.0019 -0.7023 -0.7034
-0.0042 -0.7032 -0.6944
-0.0025 -0.7092 -0.7008
0.0028 -0.7030 -0.6912
0.0028 -0.7030 -0.6912
0.0040 -0.7058 -0.6965
0.0053 -0.7067 -0.6838
-0.0022 -0.6944 -0.6907
0.0030 -0.7154 -0.7033
0.0110 -0.7115 -0.6962
0.0110 -0.7115 -0.6962
0.0094 -0.7090 -0.7079
0.0064 -0.6952 -0.7088
0.0089 -0.6951 -0.6926
0.0096 -0.7021 -0.6844
0.0085 -0.7052 -0.6993
0.0085 -0.7052 -0.6993
0.0117 -0.6924 -0.7006
0.0129 -0.7025 -0.7004
0.0079 -0.7054 -0.6998
0.0060 -0.7016 -0.6947
0.0060 -0.7016 -0.6947
0.0112 -0.7050 -0.6837
0.0116 -0.7036 -0.6806
0.0126 -0.7039 -0.6773
0.0129 -0.7049 -0.6781
0.0131 -0.7054 -0.6830
0.0131 -0.7054 -0.6830
0.0166 -0.7067 -0.6962
0.0122 -0.6987 -0.6938
0.0059 -0.6964 -0.6919
0.0099 -0.7036 -0.6841
0.0100 -0.7097 -0.6870
0.0100 -0.7097 -0.6870
0.0079 -0.7090 -0.6900
0.0055 -0.7015 -0.6913
0.0075 -0.6960 -0.6966
0.0113 -0.7009 -0.7098
0.0077 -0.7046 -0.6977
0.0077 -0.7046 -0.6977
0.0035 -0.7006 -0.6931
0.0061 -0.7054 -0.6971
0.0060 -0.7072 -0.7038
0.0117 -0.7089 -0.6963
0.0117 -0.7089 -0.6963
0.0131 -0.7042 -0.6813
0.0136 -0.7077 -0.6876
0.0082 -0.7030 -0.6820
0.0087 -0.7037 -0.6957
0.0087 -0.7045 -0.6866
0.0087 -0.7045 -0.6866
0.0050 -0.7073 -0.6901
0.0116 -0.7092 -0.6968
0.0095 -0.7044 -0.6780
0.0112 -0.7051 -0.6855
0.0110 -0.7135 -0.6915
0.0110 -0.7135 -0.6915
0.0078 -0.7057 -0.6834
0.0066 -0.7045 -0.6818
0.0051 -0.7024 -0.6835
0.0051 -0.7069 -0.6850
0.0099 -0.7059 -0.6838
0.0099 -0.7059 -0.6838
0.0092 -0.7008 -0.6934
-0.0018 -0.6982 -0.6854
0.0009 -0.6760 -0.6360
0.0075 -0.7011 -0.7089
-0.0002 -0.7359 -0.7478
-0.0002 -0.7359 -0.7478
0.0080 -0.6970 -0.7077
0.0192 -0.7113 -0.6584

