0.0375 0.1581 0.0138
0.0374 0.1583 0.0136
0.0374 0.1585 0.0134
0.0376 0.1587 0.0131
0.0378 0.1588 0.0129
0.0380 0.1589 0.0127
0.0392 0.1594 0.0125
0.0398 0.1596 0.0124
0.0401 0.1597 0.0123
0.0405 0.1598 0.0122
0.0408 0.1598 0.0121
0.0411 0.1599 0.0120
0.0397 0.1598 0.0119
0.0394 0.1598 0.0119
0.0395 0.1598 0.0118
0.0396 0.1598 0.0117
0.0399 0.1599 0.0116
0.0401 0.1599 0.0115
0.0391 0.1601 0.0105
0.0389 0.1602 0.0101
0.0390 0.1602 0.0099
0.0392 0.1602 0.0098
0.0394 0.1602 0.0097
0.0396 0.1602 0.0096
0.0413 0.1601 0.0092
0.0420 0.1601 0.0090
0.0423 0.1601 0.0089
0.0426 0.1601 0.0087
0.0429 0.1602 0.0085
0.0431 0.1603 0.0083
0.0434 0.1607 0.0079
0.0436 0.1609 0.0077
0.0438 0.1611 0.0075
0.0439 0.1612 0.0074
0.0442 0.1613 0.0072
0.0444 0.1614 0.0070
0.0440 0.1615 0.0069
0.0440 0.1616 0.0068
0.0441 0.1617 0.0066
0.0443 0.1617 0.0065
0.0445 0.1618 0.0063
0.0447 0.1618 0.0061
0.0437 0.1616 0.0068
0.0435 0.1615 0.0070
0.0436 0.1615 0.0069
0.0437 0.1615 0.0068
0.0439 0.1616 0.0066
0.0440 0.1616 0.0064
0.0423 0.1615 0.0073
0.0418 0.1614 0.0076
0.0417 0.1614 0.0076
0.0418 0.1614 0.0076
0.0419 0.1615 0.0076
0.0420 0.1615 0.0075
0.0398 0.1610 0.0092
0.0391 0.1609 0.0097
0.0390 0.1609 0.0098
0.0390 0.1610 0.0098
0.0391 0.1611 0.0098
0.0393 0.1612 0.0097
0.0397 0.1613 0.0093
0.0400 0.1614 0.0091
0.0402 0.1615 0.0090
0.0403 0.1616 0.0090
0.0405 0.1616 0.0089
0.0406 0.1617 0.0089
0.0403 0.1620 0.0082
0.0402 0.1621 0.0080
0.0403 0.1621 0.0079
0.0403 0.1621 0.0078
0.0403 0.1622 0.0078
0.0402 0.1622 0.0076
0.0398 0.1622 0.0074
0.0397 0.1622 0.0073
0.0397 0.1622 0.0072
0.0397 0.1622 0.0071
0.0397 0.1622 0.0071
0.0398 0.1622 0.0070
0.0386 0.1620 0.0076
0.0383 0.1620 0.0078
0.0382 0.1620 0.0078
0.0383 0.1620 0.0078
0.0384 0.1620 0.0079
0.0385 0.1620 0.0079
0.0386 0.1619 0.0076
0.0387 0.1619 0.0075
0.0388 0.1620 0.0075
0.0389 0.1620 0.0074
0.0390 0.1620 0.0074
0.0391 0.1620 0.0075
0.0382 0.1619 0.0076
0.0380 0.1618 0.0077
0.0380 0.1618 0.0077
0.0380 0.1618 0.0077
0.0380 0.1617 0.0078
0.0381 0.1617 0.0078
0.0382 0.1619 0.0074
0.0382 0.1620 0.0073
0.0382 0.1620 0.0072
0.0382 0.1620 0.0073
0.0382 0.1620 0.0073
0.0383 0.1620 0.0074
0.0382 0.1621 0.0070
0.0381 0.1621 0.0070
0.0381 0.1622 0.0070
0.0380 0.1622 0.0071
0.0380 0.1622 0.0071
0.0380 0.1623 0.0071
0.0380 0.1624 0.0068
0.0379 0.1624 0.0068
0.0379 0.1624 0.0068
0.0378 0.1623 0.0069
0.0378 0.1622 0.0071
0.0378 0.1622 0.0071
0.0378 0.1622 0.0069
0.0379 0.1621 0.0069
0.0379 0.1620 0.0070
0.0379 0.1619 0.0071
0.0380 0.1619 0.0071
0.0381 0.1620 0.0070
0.0383 0.1623 0.0066
0.0385 0.1624 0.0065
0.0386 0.1625 0.0064
0.0388 0.1626 0.0064
0.0389 0.1626 0.0064
0.0391 0.1627 0.0065
0.0393 0.1630 0.0059
0.0394 0.1631 0.0057
0.0395 0.1633 0.0055
0.0396 0.1634 0.0054
0.0397 0.1635 0.0054
0.0399 0.1636 0.0054
0.0400 0.1640 0.0052
0.0401 0.1641 0.0052
0.0402 0.1642 0.0052
0.0403 0.1643 0.0052
0.0404 0.1643 0.0052
0.0405 0.1644 0.0052
0.0399 0.1645 0.0049
0.0398 0.1646 0.0048
0.0398 0.1645 0.0049
0.0399 0.1645 0.0050
0.0399 0.1645 0.0050
0.0400 0.1645 0.0051
0.0397 0.1645 0.0049
0.0396 0.1645 0.0048
0.0397 0.1645 0.0048
0.0397 0.1645 0.0048
0.0398 0.1644 0.0049
0.0399 0.1644 0.0049
0.0398 0.1644 0.0048
0.0398 0.1643 0.0048
0.0399 0.1643 0.0048
0.0400 0.1643 0.0048
0.0401 0.1644 0.0048
0.0401 0.1643 0.0049
0.0398 0.1642 0.0052
0.0397 0.1641 0.0052
0.0397 0.1641 0.0053
0.0398 0.1641 0.0053
0.0399 0.1641 0.0054
0.0399 0.1641 0.0054
0.0395 0.1643 0.0051
0.0394 0.1644 0.0051
0.0393 0.1644 0.0050
0.0393 0.1644 0.0050
0.0393 0.1644 0.0050
0.0393 0.1644 0.0051
0.0390 0.1643 0.0049
0.0389 0.1643 0.0049
0.0389 0.1643 0.0049
0.0388 0.1643 0.0049
0.0387 0.1644 0.0049
0.0387 0.1644 0.0049
0.0386 0.1646 0.0045
0.0386 0.1647 0.0044
0.0385 0.1647 0.0044
0.0384 0.1647 0.0044
0.0383 0.1647 0.0046
0.0383 0.1646 0.0047
0.0382 0.1648 0.0043
0.0381 0.1648 0.0043
0.0380 0.1647 0.0044
0.0380 0.1647 0.0045
0.0378 0.1648 0.0044
0.0378 0.1649 0.0040
0.0378 0.1650 0.0037
0.0378 0.1650 0.0036
0.0378 0.1650 0.0035
0.0377 0.1650 0.0034
0.0377 0.1651 0.0033
0.0377 0.1653 0.0031
0.0377 0.1654 0.0030
0.0377 0.1654 0.0030
0.0377 0.1654 0.0030
0.0377 0.1654 0.0031
0.0377 0.1654 0.0031
0.0377 0.1655 0.0030
0.0376 0.1654 0.0030
0.0377 0.1654 0.0030
0.0377 0.1654 0.0031
0.0378 0.1653 0.0031
0.0380 0.1652 0.0032
0.0381 0.1652 0.0032
0.0382 0.1651 0.0032
0.0383 0.1651 0.0032
0.0384 0.1650 0.0033
0.0385 0.1650 0.0033
0.0385 0.1651 0.0032
0.0385 0.1651 0.0032
0.0386 0.1651 0.0032
0.0387 0.1650 0.0033
0.0388 0.1649 0.0034
0.0389 0.1648 0.0035
0.0387 0.1650 0.0032
0.0387 0.1650 0.0031
0.0388 0.1650 0.0032
0.0390 0.1649 0.0032
0.0391 0.1648 0.0033
0.0393 0.1647 0.0034
0.0392 0.1648 0.0031
0.0393 0.1647 0.0031
0.0394 0.1646 0.0032
0.0397 0.1644 0.0032
0.0399 0.1643 0.0033
0.0401 0.1641 0.0034
0.0400 0.1637 0.0033
0.0401 0.1634 0.0033
0.0402 0.1632 0.0034
0.0404 0.1630 0.0035
0.0406 0.1628 0.0036
0.0404 0.1626 0.0035
0.0398 0.1624 0.0031
0.0397 0.1622 0.0030
0.0397 0.1620 0.0031
0.0398 0.1619 0.0032
0.0399 0.1617 0.0032
0.0397 0.1616 0.0034
0.0393 0.1614 0.0038
0.0391 0.1612 0.0039
0.0391 0.1610 0.0041
0.0391 0.1608 0.0043
0.0391 0.1606 0.0045
0.0390 0.1603 0.0047
0.0387 0.1600 0.0046
0.0385 0.1596 0.0049
0.0383 0.1590 0.0054
0.0380 0.1584 0.0060
0.0376 0.1575 0.0068
0.0370 0.1565 0.0075
0.0361 0.1555 0.0083
0.0341 0.1542 0.0091
0.0324 0.1530 0.0097
0.0306 0.1519 0.0103
0.0285 0.1507 0.0108
0.0261 0.1495 0.0115
0.0227 0.1486 0.0118
0.0193 0.1473 0.0124
0.0157 0.1459 0.0134
0.0118 0.1444 0.0144
0.0076 0.1427 0.0157
0.0030 0.1410 0.0171
-0.0026 0.1389 0.0178
-0.0081 0.1369 0.0193
-0.0137 0.1348 0.0210
-0.0197 0.1327 0.0228
-0.0261 0.1305 0.0248
-0.0328 0.1282 0.0269
-0.0404 0.1263 0.0290
-0.0480 0.1240 0.0311
-0.0559 0.1216 0.0332
-0.0641 0.1190 0.0352
-0.0727 0.1161 0.0373
-0.0817 0.1132 0.0393
-0.0913 0.1101 0.0412
-0.1011 0.1063 0.0433
-0.1113 0.1018 0.0457
-0.1217 0.0969 0.0483
-0.1325 0.0916 0.0510
-0.1433 0.0860 0.0538
-0.1541 0.0803 0.0569
-0.1655 0.0748 0.0596
-0.1772 0.0696 0.0620
-0.1891 0.0650 0.0641
-0.2012 0.0609 0.0660
-0.2136 0.0576 0.0676
-0.2262 0.0541 0.0694
-0.2391 0.0516 0.0708
-0.2522 0.0497 0.0720
-0.2655 0.0482 0.0732
-0.2790 0.0469 0.0742
-0.2925 0.0456 0.0752
-0.3060 0.0437 0.0770
-0.3196 0.0418 0.0783
-0.3333 0.0398 0.0796
-0.3470 0.0373 0.0809
-0.3610 0.0343 0.0824
-0.3751 0.0308 0.0839
-0.3892 0.0278 0.0848
-0.4034 0.0241 0.0858
-0.4175 0.0201 0.0868
-0.4315 0.0161 0.0878
-0.4458 0.0119 0.0890
-0.4603 0.0074 0.0904
-0.4752 0.0039 0.0907
-0.4898 -0.0002 0.0914
-0.5041 -0.0039 0.0918
-0.5179 -0.0067 0.0916
-0.5312 -0.0089 0.0909
-0.5443 -0.0102 0.0901
-0.5573 -0.0108 0.0894
-0.5701 -0.0120 0.0888
-0.5829 -0.0134 0.0885
-0.5960 -0.0151 0.0886
-0.6091 -0.0170 0.0894
-0.6220 -0.0188 0.0911
-0.6345 -0.0200 0.0939
-0.6469 -0.0211 0.0960
-0.6589 -0.0213 0.0977
-0.6704 -0.0209 0.0991
-0.6815 -0.0198 0.1003
-0.6924 -0.0185 0.1017
-0.7033 -0.0172 0.1034
-0.7145 -0.0165 0.1054
-0.7260 -0.0165 0.1078
-0.7379 -0.0172 0.1107
-0.7501 -0.0187 0.1140
-0.7624 -0.0206 0.1176
-0.7737 -0.0217 0.1215
-0.7856 -0.0236 0.1257
-0.7975 -0.0258 0.1301
-0.8092 -0.0278 0.1347
-0.8208 -0.0298 0.1398
-0.8324 -0.0317 0.1452
-0.8421 -0.0316 0.1516
-0.8530 -0.0326 0.1582
-0.8643 -0.0338 0.1651
-0.8757 -0.0347 0.1724
-0.8872 -0.0353 0.1800
-0.8986 -0.0354 0.1877
-0.9078 -0.0348 0.1964
-0.9186 -0.0339 0.2047
-0.9300 -0.0326 0.2130
-0.9416 -0.0310 0.2212
-0.9534 -0.0289 0.2295
-0.9654 -0.0266 0.2378
-0.9769 -0.0235 0.2463
-0.9893 -0.0207 0.2547
-1.0024 -0.0180 0.2630
-1.0162 -0.0154 0.2712
-1.0308 -0.0127 0.2793
-1.0463 -0.0099 0.2870
-1.0616 -0.0064 0.2942
-1.0776 -0.0030 0.3007
-1.0934 0.0005 0.3063
-1.1090 0.0043 0.3109
-1.1243 0.0082 0.3148
-1.1396 0.0118 0.3181
-1.1533 0.0152 0.3212
-1.1687 0.0175 0.3240
-1.1850 0.0189 0.3267
-1.2019 0.0193 0.3292
-1.2190 0.0190 0.3315
-1.2361 0.0185 0.3335
-1.2526 0.0170 0.3359
-1.2690 0.0159 0.3375
-1.2853 0.0146 0.3389
-1.3015 0.0130 0.3403
-1.3174 0.0109 0.3417
-1.3333 0.0084 0.3432
-1.3472 0.0042 0.3451
-1.3621 0.0004 0.3472
-1.3773 -0.0035 0.3499
-1.3925 -0.0075 0.3532
-1.4078 -0.0117 0.3571
-1.4231 -0.0160 0.3616
-1.4361 -0.0199 0.3649
-1.4509 -0.0241 0.3698
-1.4663 -0.0283 0.3755
-1.4820 -0.0323 0.3817
-1.4976 -0.0357 0.3882
-1.5132 -0.0386 0.3950
-1.5277 -0.0426 0.4003
-1.5428 -0.0449 0.4072
-1.5581 -0.0463 0.4150
-1.5734 -0.0470 0.4235
-1.5885 -0.0471 0.4326
-1.6033 -0.0466 0.4424
-1.6185 -0.0488 0.4506
-1.6331 -0.0482 0.4609
-1.6474 -0.0464 0.4721
-1.6613 -0.0438 0.4840
-1.6742 -0.0405 0.4961
-1.6861 -0.0364 0.5082
-1.6979 -0.0333 0.5193
-1.7084 -0.0289 0.5312
-1.7182 -0.0244 0.5434
-1.7277 -0.0206 0.5562
-1.7370 -0.0176 0.5695
-1.7463 -0.0155 0.5834
-1.7554 -0.0158 0.5975
-1.7642 -0.0157 0.6119
-1.7726 -0.0158 0.6262
-1.7805 -0.0163 0.6402
-1.7882 -0.0173 0.6536
-1.7961 -0.0191 0.6663
-1.8048 -0.0217 0.6783
-1.8135 -0.0245 0.6903
-1.8224 -0.0276 0.7021
-1.8319 -0.0309 0.7136
-1.8420 -0.0343 0.7250
-1.8527 -0.0380 0.7363
-1.8650 -0.0423 0.7471
-1.8774 -0.0463 0.7581
-1.8900 -0.0500 0.7693
-1.9028 -0.0534 0.7807
-1.9156 -0.0567 0.7923
-1.9288 -0.0597 0.8039
-1.9377 -0.0606 0.8150
-1.9499 -0.0624 0.8266
-1.9633 -0.0643 0.8383
-1.9773 -0.0658 0.8499
-1.9917 -0.0668 0.8614
-2.0064 -0.0675 0.8728
-2.0172 -0.0666 0.8851
-2.0314 -0.0660 0.8964
-2.0468 -0.0652 0.9073
-2.0629 -0.0637 0.9179
-2.0792 -0.0616 0.9281
-2.0954 -0.0586 0.9380
-2.1084 -0.0532 0.9503
-2.1226 -0.0488 0.9604
-2.1371 -0.0448 0.9695
-2.1517 -0.0414 0.9777
-2.1667 -0.0388 0.9852
-2.1822 -0.0371 0.9921
-2.1970 -0.0369 0.9989
-2.2132 -0.0371 1.0050
-2.2300 -0.0379 1.0107
-2.2468 -0.0388 1.0162
-2.2635 -0.0398 1.0216
-2.2796 -0.0404 1.0270
-2.2943 -0.0403 1.0332
-2.3092 -0.0404 1.0391
-2.3241 -0.0406 1.0451
-2.3386 -0.0410 1.0513
-2.3528 -0.0414 1.0581
-2.3667 -0.0417 1.0657
-2.3801 -0.0417 1.0744
-2.3936 -0.0426 1.0830
-2.4070 -0.0442 1.0920
-2.4207 -0.0465 1.1014
-2.4345 -0.0492 1.1112
-2.4485 -0.0524 1.1213
-2.4617 -0.0530 1.1317
-2.4757 -0.0558 1.1426
-2.4902 -0.0592 1.1539
-2.5049 -0.0628 1.1656
-2.5197 -0.0664 1.1776
-2.5346 -0.0700 1.1899
-2.5482 -0.0737 1.2012
-2.5631 -0.0770 1.2134
-2.5782 -0.0799 1.2258
-2.5931 -0.0823 1.2385
-2.6076 -0.0841 1.2511
-2.6218 -0.0854 1.2636
-2.6353 -0.0846 1.2751
-2.6487 -0.0847 1.2871
-2.6614 -0.0848 1.2994
-2.6735 -0.0848 1.3118
-2.6848 -0.0850 1.3242
-2.6957 -0.0857 1.3363
-2.7073 -0.0855 1.3472
-2.7184 -0.0870 1.3580
-2.7292 -0.0893 1.3686
-2.7397 -0.0918 1.3791
-2.7498 -0.0940 1.3898
-2.7594 -0.0958 1.4007
-2.7690 -0.0957 1.4112
-2.7782 -0.0967 1.4219
-2.7875 -0.0981 1.4325
-2.7970 -0.0998 1.4428
-2.8069 -0.1017 1.4531
-2.8171 -0.1040 1.4634
-2.8266 -0.1039 1.4734
-2.8371 -0.1057 1.4838
-2.8481 -0.1081 1.4947
-2.8594 -0.1107 1.5059
-2.8710 -0.1134 1.5174
-2.8822 -0.1152 1.5288
-2.8924 -0.1156 1.5400
-2.9040 -0.1173 1.5518
-2.9161 -0.1194 1.5638
-2.9286 -0.1215 1.5759
-2.9413 -0.1233 1.5880
-2.9543 -0.1249 1.5999
-2.9651 -0.1237 1.6115
-2.9778 -0.1236 1.6231
-2.9914 -0.1236 1.6346
-3.0055 -0.1231 1.6460
-3.0200 -0.1220 1.6570
-3.0350 -0.1205 1.6677
-3.0491 -0.1176 1.6784
-3.0643 -0.1146 1.6884
-3.0798 -0.1110 1.6980
-3.0952 -0.1068 1.7073
-3.1103 -0.1025 1.7163
-3.1254 -0.0983 1.7250
-3.1393 -0.0938 1.7334
-3.1545 -0.0906 1.7411
-3.1705 -0.0884 1.7481
-3.1871 -0.0869 1.7544
-3.2042 -0.0860 1.7601
-3.2215 -0.0852 1.7654
-3.2381 -0.0836 1.7707
-3.2549 -0.0818 1.7755
-3.2716 -0.0796 1.7799
-3.2876 -0.0768 1.7841
-3.3031 -0.0737 1.7878
-3.3179 -0.0705 1.7910
-3.3310 -0.0668 1.7940
-3.3445 -0.0638 1.7965
-3.3578 -0.0612 1.7987
-3.3710 -0.0593 1.8008
-3.3839 -0.0579 1.8032
-3.3967 -0.0571 1.8059
-3.4070 -0.0561 1.8069
-3.4191 -0.0562 1.8098
-3.4318 -0.0571 1.8138
-3.4449 -0.0588 1.8186
-3.4582 -0.0613 1.8242
-3.4717 -0.0646 1.8304
-3.4824 -0.0677 1.8352
-3.4952 -0.0722 1.8422
-3.5087 -0.0774 1.8503
-3.5222 -0.0828 1.8592
-3.5356 -0.0882 1.8688
-3.5486 -0.0932 1.8792
-3.5585 -0.0968 1.8889
-3.5689 -0.0998 1.9002
-3.5789 -0.1019 1.9121
-3.5882 -0.1035 1.9240
-3.5972 -0.1048 1.9354
-3.6063 -0.1061 1.9460
-3.6134 -0.1067 1.9548
-3.6219 -0.1074 1.9635
-3.6309 -0.1077 1.9718
-3.6402 -0.1075 1.9797
-3.6497 -0.1068 1.9870
-3.6596 -0.1057 1.9937
-3.6688 -0.1046 1.9987
-3.6793 -0.1035 2.0032
-3.6906 -0.1025 2.0068
-3.7025 -0.1016 2.0092
-3.7149 -0.1008 2.0103
-3.7279 -0.1002 2.0100
-3.7409 -0.0999 2.0067
-3.7544 -0.0996 2.0028
-3.7680 -0.0994 1.9977
-3.7815 -0.0992 1.9911
-3.7946 -0.0991 1.9832
-3.8074 -0.0992 1.9739
-3.8200 -0.0995 1.9631
-3.8312 -0.1003 1.9516
-3.8413 -0.1018 1.9393
-3.8502 -0.1037 1.9263
-3.8579 -0.1060 1.9128
-3.8647 -0.1086 1.8989
-3.8709 -0.1114 1.8848
-3.8749 -0.1145 1.8708
-3.8772 -0.1177 1.8570
-3.8780 -0.1211 1.8436
-3.8775 -0.1246 1.8309
-3.8763 -0.1280 1.8189
-3.8749 -0.1315 1.8079
-3.8714 -0.1352 1.7973
-3.8666 -0.1390 1.7872
-3.8607 -0.1429 1.7775
-3.8537 -0.1464 1.7681
-3.8460 -0.1492 1.7590
-3.8382 -0.1509 1.7505
-3.8275 -0.1516 1.7426
-3.8149 -0.1515 1.7355
-3.8006 -0.1506 1.7291
-3.7847 -0.1493 1.7236
-3.7675 -0.1476 1.7187
-3.7511 -0.1457 1.7146
-3.7326 -0.1435 1.7110
-3.7131 -0.1411 1.7080
-3.6932 -0.1383 1.7055
-3.6731 -0.1354 1.7037
-3.6530 -0.1323 1.7024
-3.6346 -0.1296 1.7020
-3.6157 -0.1270 1.7018
-3.5971 -0.1248 1.7019
-3.5791 -0.1232 1.7020
-3.5618 -0.1226 1.7021
-3.5453 -0.1229 1.7019
-3.5306 -0.1244 1.7017
-3.5155 -0.1267 1.7008
-3.5003 -0.1297 1.6993
-3.4852 -0.1333 1.6973
-3.4702 -0.1374 1.6949
-3.4553 -0.1418 1.6921
-3.4431 -0.1457 1.6920
-3.4292 -0.1500 1.6895
-3.4147 -0.1544 1.6860
-3.3999 -0.1586 1.6820
-3.3847 -0.1627 1.6774
-3.3705 -0.1670 1.6736
-3.3579 -0.1720 1.6715
-3.3429 -0.1752 1.6666
-3.3269 -0.1772 1.6604
-3.3108 -0.1780 1.6538
-3.2947 -0.1776 1.6470
-3.2789 -0.1771 1.6417
-3.2633 -0.1775 1.6391
-3.2485 -0.1765 1.6346
-3.2343 -0.1754 1.6296
-3.2207 -0.1746 1.6248
-3.2077 -0.1741 1.6200
-3.1963 -0.1734 1.6163
-3.1871 -0.1721 1.6147
-3.1769 -0.1723 1.6100
-3.1670 -0.1734 1.6039
-3.1574 -0.1752 1.5967
-3.1481 -0.1779 1.5887
-3.1390 -0.1812 1.5799
-3.1321 -0.1824 1.5740
-3.1240 -0.1860 1.5647
-3.1156 -0.1907 1.5538
-3.1071 -0.1957 1.5417
-3.0987 -0.2008 1.5289
-3.0899 -0.2049 1.5163
-3.0802 -0.2073 1.5048
-3.0712 -0.2106 1.4913
-3.0621 -0.2137 1.4771
-3.0529 -0.2165 1.4623
-3.0434 -0.2189 1.4471
-3.0324 -0.2205 1.4321
-3.0190 -0.2210 1.4178
-3.0069 -0.2220 1.4021
-2.9948 -0.2229 1.3858
-2.9823 -0.2236 1.3692
-2.9691 -0.2239 1.3525
-2.9541 -0.2230 1.3359
-2.9368 -0.2203 1.3200
-2.9037 -0.2140 1.2873
-2.8871 -0.2088 1.2713
-2.8704 -0.2025 1.2559
-2.8537 -0.1956 1.2410
-2.8362 -0.1873 1.2279
-2.8185 -0.1803 1.2143
-2.8002 -0.1741 1.2009
-2.7814 -0.1682 1.1879
-2.7622 -0.1625 1.1754
-2.7430 -0.1562 1.1640
-2.7241 -0.1489 1.1541
-2.7055 -0.1421 1.1439
-2.6874 -0.1354 1.1341
-2.6699 -0.1289 1.1247
-2.6528 -0.1228 1.1157
-2.6361 -0.1174 1.1069
-2.6196 -0.1109 1.0992
-2.6035 -0.1067 1.0909
-2.5876 -0.1039 1.0821
-2.5718 -0.1023 1.0731
-2.5561 -0.1016 1.0635
-2.5406 -0.1019 1.0535
-2.5245 -0.1014 1.0431
-2.5091 -0.1028 1.0321
-2.4939 -0.1053 1.0205
-2.4790 -0.1087 1.0085
-2.4643 -0.1128 0.9961
-2.4500 -0.1175 0.9834
-2.4348 -0.1231 0.9699
-2.4211 -0.1282 0.9563
-2.4082 -0.1328 0.9425
-2.3963 -0.1370 0.9281
-2.3852 -0.1404 0.9133
-2.3750 -0.1432 0.8979
-2.3652 -0.1476 0.8821
-2.3566 -0.1497 0.8657
-2.3489 -0.1505 0.8489
-2.3420 -0.1505 0.8319
-2.3360 -0.1504 0.8147
-2.3305 -0.1504 0.7975
-2.3238 -0.1492 0.7797
-2.3183 -0.1494 0.7625
-2.3132 -0.1504 0.7453
-2.3082 -0.1518 0.7281
-2.3030 -0.1538 0.7107
-2.2974 -0.1557 0.6933
-2.2912 -0.1572 0.6763
-2.2847 -0.1601 0.6590
-2.2777 -0.1636 0.6417
-2.2699 -0.1675 0.6248
-2.2612 -0.1715 0.6084
-2.2518 -0.1755 0.5926
-2.2414 -0.1790 0.5776
-2.2301 -0.1825 0.5628
-2.2178 -0.1856 0.5484
-2.2046 -0.1883 0.5343
-2.1905 -0.1906 0.5204
-2.1756 -0.1925 0.5067
-2.1591 -0.1928 0.4916
-2.1426 -0.1937 0.4771
-2.1258 -0.1945 0.4626
-2.1085 -0.1952 0.4478
-2.0908 -0.1956 0.4324
-2.0725 -0.1957 0.4165
-2.0534 -0.1937 0.4010
-2.0340 -0.1919 0.3848
-2.0141 -0.1892 0.3684
-1.9941 -0.1853 0.3524
-1.9744 -0.1800 0.3369
-1.9550 -0.1740 0.3222
-1.9363 -0.1668 0.3090
-1.9171 -0.1607 0.2960
-1.8972 -0.1554 0.2836
-1.8769 -0.1507 0.2720
-1.8560 -0.1464 0.2613
-1.8351 -0.1422 0.2513
-1.8148 -0.1376 0.2433
-1.7944 -0.1331 0.2353
-1.7745 -0.1286 0.2277
-1.7552 -0.1240 0.2207
-1.7365 -0.1195 0.2141
-1.7183 -0.1153 0.2076
-1.7007 -0.1105 0.2027
-1.6834 -0.1072 0.1963
-1.6663 -0.1050 0.1889
-1.6492 -0.1039 0.1806
-1.6320 -0.1039 0.1714
-1.6150 -0.1047 0.1618
-1.5984 -0.1060 0.1521
-1.5812 -0.1088 0.1412
-1.5640 -0.1125 0.1298
-1.5469 -0.1170 0.1181
-1.5301 -0.1221 0.1066
-1.5140 -0.1276 0.0958
-1.4987 -0.1334 0.0865
-1.4835 -0.1391 0.0768
-1.4686 -0.1445 0.0676
-1.4541 -0.1495 0.0591
-1.4399 -0.1537 0.0513
-1.4260 -0.1571 0.0442
-1.4151 -0.1634 0.0401
-1.4028 -0.1657 0.0344
-1.3903 -0.1661 0.0281
-1.3780 -0.1655 0.0215
-1.3659 -0.1645 0.0143
-1.3540 -0.1632 0.0065
-1.3449 -0.1617 0.0010
-1.3341 -0.1606 -0.0079
-1.3229 -0.1601 -0.0187
-1.3114 -0.1600 -0.0309
-1.2999 -0.1605 -0.0443
-1.2884 -0.1616 -0.0584
-1.2793 -0.1628 -0.0699
-1.2687 -0.1647 -0.0830
-1.2574 -0.1672 -0.0961
-1.2457 -0.1703 -0.1085
-1.2335 -0.1738 -0.1200
-1.2208 -0.1778 -0.1305
-1.2089 -0.1817 -0.1381
-1.1953 -0.1860 -0.1458
-1.1807 -0.1904 -0.1530
-1.1653 -0.1948 -0.1595
-1.1493 -0.1991 -0.1655
-1.1328 -0.2031 -0.1711
-1.1193 -0.2054 -0.1734
-1.1031 -0.2084 -0.1774
-1.0859 -0.2114 -0.1820
-1.0681 -0.2145 -0.1869
-1.0497 -0.2175 -0.1923
-1.0308 -0.2202 -0.1980
-1.0149 -0.2217 -0.2000
-0.9960 -0.2234 -0.2049
-0.9758 -0.2245 -0.2105
-0.9549 -0.2248 -0.2159
-0.9336 -0.2237 -0.2206
-0.9124 -0.2212 -0.2247
-0.8939 -0.2160 -0.2259
-0.8744 -0.2107 -0.2279
-0.8549 -0.2053 -0.2298
-0.8355 -0.2002 -0.2313
-0.8161 -0.1958 -0.2325
-0.7968 -0.1923 -0.2335
-0.7798 -0.1894 -0.2327
-0.7612 -0.1873 -0.2331
-0.7421 -0.1856 -0.2340
-0.7228 -0.1839 -0.2352
-0.7039 -0.1820 -0.2367
-0.6854 -0.1796 -0.2383
-0.6687 -0.1746 -0.2380
-0.6517 -0.1704 -0.2387
-0.6350 -0.1665 -0.2395
-0.6185 -0.1628 -0.2404
-0.6023 -0.1596 -0.2413
-0.5861 -0.1570 -0.2423
-0.5716 -0.1535 -0.2422
-0.5558 -0.1521 -0.2431
-0.5393 -0.1520 -0.2444
-0.5226 -0.1528 -0.2457
-0.5059 -0.1544 -0.2469
-0.4893 -0.1566 -0.2481
-0.4724 -0.1595 -0.2497
-0.4564 -0.1625 -0.2509
-0.4412 -0.1657 -0.2518
-0.4267 -0.1688 -0.2524
-0.4130 -0.1720 -0.2528
-0.4001 -0.1750 -0.2528
-0.3896 -0.1782 -0.2537
-0.3788 -0.1810 -0.2538
-0.3683 -0.1834 -0.2536
-0.3580 -0.1856 -0.2533
-0.3480 -0.1873 -0.2533
-0.3381 -0.1886 -0.2537
-0.3309 -0.1920 -0.2549
-0.3221 -0.1934 -0.2561
-0.3129 -0.1943 -0.2571
-0.3033 -0.1952 -0.2578
-0.2933 -0.1965 -0.2579
-0.2837 -0.1977 -0.2570
-0.2750 -0.1982 -0.2550
-0.2646 -0.2000 -0.2532
-0.2534 -0.2020 -0.2515
-0.2417 -0.2039 -0.2498
-0.2295 -0.2053 -0.2480
-0.2169 -0.2064 -0.2461
-0.2058 -0.2048 -0.2419
-0.1933 -0.2051 -0.2380
-0.1804 -0.2061 -0.2332
-0.1672 -0.2076 -0.2273
-0.1540 -0.2094 -0.2204
-0.1408 -0.2111 -0.2125
-0.1272 -0.2109 -0.2031
-0.1140 -0.2116 -0.1938
-0.1010 -0.2122 -0.1846
-0.0881 -0.2124 -0.1756
-0.0754 -0.2122 -0.1669
-0.0629 -0.2116 -0.1584
-0.0492 -0.2100 -0.1496
-0.0366 -0.2091 -0.1413
-0.0246 -0.2088 -0.1332
-0.0129 -0.2088 -0.1251
-0.0014 -0.2092 -0.1170
0.0098 -0.2098 -0.1089
0.0224 -0.2093 -0.1002
0.0337 -0.2098 -0.0918
0.0444 -0.2110 -0.0833
0.0545 -0.2125 -0.0746
0.0643 -0.2143 -0.0656
0.0735 -0.2166 -0.0563
0.0845 -0.2185 -0.0460
0.0932 -0.2212 -0.0357
0.1008 -0.2244 -0.0253
0.1074 -0.2277 -0.0149
0.1131 -0.2311 -0.0048
0.1178 -0.2340 0.0047
0.1229 -0.2357 0.0137
0.1262 -0.2365 0.0213
0.1284 -0.2363 0.0276
0.1299 -0.2356 0.0327
0.1308 -0.2348 0.0370
0.1315 -0.2333 0.0413
0.1325 -0.2307 0.0461
0.1326 -0.2302 0.0496
0.1325 -0.2306 0.0524
0.1323 -0.2316 0.0548
0.1322 -0.2331 0.0568
0.1318 -0.2350 0.0587
0.1327 -0.2348 0.0611
0.1322 -0.2364 0.0631
0.1309 -0.2385 0.0649
0.1293 -0.2408 0.0668
0.1275 -0.2431 0.0685
0.1256 -0.2453 0.0703
0.1281 -0.2481 0.0723
0.1278 -0.2502 0.0739
0.1267 -0.2517 0.0752
0.1253 -0.2525 0.0763
0.1239 -0.2525 0.0771
0.1223 -0.2516 0.0776
0.1276 -0.2507 0.0792
0.1284 -0.2486 0.0798
0.1278 -0.2458 0.0799
0.1268 -0.2426 0.0799
0.1256 -0.2394 0.0798
0.1242 -0.2364 0.0799
0.1276 -0.2319 0.0783
0.1275 -0.2297 0.0780
0.1263 -0.2287 0.0785
0.1247 -0.2284 0.0794
0.1230 -0.2283 0.0805
0.1213 -0.2281 0.0818
0.1233 -0.2282 0.0834
0.1231 -0.2270 0.0844
0.1221 -0.2251 0.0853
0.1207 -0.2229 0.0863
0.1191 -0.2206 0.0874
0.1179 -0.2182 0.0883
0.1178 -0.2159 0.0890
0.1170 -0.2145 0.0905
0.1160 -0.2136 0.0925
0.1149 -0.2128 0.0946
0.1138 -0.2117 0.0966
0.1127 -0.2102 0.0986
0.1118 -0.2081 0.1005
0.1105 -0.2063 0.1025
0.1087 -0.2044 0.1044
0.1065 -0.2023 0.1063
0.1038 -0.1999 0.1083
0.1007 -0.1971 0.1102
0.0977 -0.1935 0.1122
0.0941 -0.1893 0.1142
0.0901 -0.1843 0.1163
0.0861 -0.1783 0.1185
0.0821 -0.1714 0.1207
0.0781 -0.1636 0.1229
0.0739 -0.1546 0.1258
0.0703 -0.1450 0.1282
0.0675 -0.1347 0.1302
0.0652 -0.1239 0.1320
0.0635 -0.1129 0.1338
0.0621 -0.1018 0.1354
0.0618 -0.0908 0.1362
0.0608 -0.0795 0.1371
0.0597 -0.0681 0.1376
0.0583 -0.0570 0.1379
0.0567 -0.0463 0.1380
0.0548 -0.0362 0.1378
0.0531 -0.0269 0.1370
0.0515 -0.0175 0.1358
0.0502 -0.0084 0.1343
0.0492 0.0001 0.1325
0.0482 0.0076 0.1306
0.0472 0.0141 0.1288
0.0459 0.0201 0.1260
0.0450 0.0251 0.1240
0.0444 0.0292 0.1222
0.0439 0.0325 0.1204
0.0435 0.0352 0.1188
0.0434 0.0377 0.1170
0.0418 0.0406 0.1165
0.0414 0.0430 0.1150
0.0412 0.0452 0.1132
0.0411 0.0470 0.1114
0.0411 0.0484 0.1096
0.0407 0.0506 0.1079
0.0397 0.0539 0.1066
0.0395 0.0556 0.1052
0.0396 0.0567 0.1039
0.0399 0.0576 0.1027
0.0402 0.0584 0.1016
0.0405 0.0592 0.1006
0.0401 0.0601 0.1012
0.0401 0.0609 0.1008
0.0403 0.0617 0.1002
0.0404 0.0624 0.0996
0.0406 0.0629 0.0991
0.0408 0.0633 0.0987
0.0405 0.0661 0.0979
0.0404 0.0673 0.0973
0.0404 0.0681 0.0968
0.0403 0.0686 0.0964
0.0403 0.0691 0.0961
0.0401 0.0696 0.0957
0.0395 0.0709 0.0956
0.0392 0.0717 0.0952
0.0390 0.0722 0.0949
0.0388 0.0727 0.0946
0.0387 0.0733 0.0943
0.0385 0.0738 0.0939
0.0382 0.0745 0.0939
0.0379 0.0753 0.0934
0.0377 0.0761 0.0929
0.0375 0.0769 0.0923
0.0373 0.0777 0.0917
0.0371 0.0784 0.0911
0.0366 0.0794 0.0904
0.0362 0.0803 0.0897
0.0358 0.0812 0.0891
0.0355 0.0821 0.0886
0.0352 0.0829 0.0881
0.0349 0.0837 0.0876
0.0341 0.0843 0.0872
0.0337 0.0849 0.0866
0.0334 0.0857 0.0859
0.0331 0.0865 0.0851
0.0329 0.0873 0.0842
0.0328 0.0881 0.0834
0.0326 0.0888 0.0826
0.0325 0.0896 0.0818
0.0324 0.0903 0.0809
0.0324 0.0910 0.0800
0.0323 0.0918 0.0791
0.0323 0.0925 0.0783
0.0316 0.0916 0.0780
0.0314 0.0917 0.0774
0.0312 0.0922 0.0768
0.0312 0.0928 0.0761
0.0311 0.0934 0.0754
0.0311 0.0941 0.0747
0.0308 0.0950 0.0730
0.0307 0.0958 0.0720
0.0306 0.0964 0.0713
0.0306 0.0970 0.0707
0.0306 0.0976 0.0702
0.0307 0.0982 0.0697
0.0317 0.0927 0.0749
0.0321 0.0913 0.0764
0.0323 0.0910 0.0767
0.0325 0.0912 0.0767
0.0327 0.0914 0.0766
0.0330 0.0917 0.0765
0.0325 0.0946 0.0730
0.0325 0.0957 0.0718
0.0328 0.0961 0.0713
0.0331 0.0964 0.0711
0.0335 0.0965 0.0710
0.0339 0.0966 0.0708
0.0337 0.0971 0.0702
0.0338 0.0973 0.0699
0.0340 0.0974 0.0697
0.0343 0.0974 0.0696
0.0346 0.0974 0.0695
0.0349 0.0974 0.0695
0.0343 0.0985 0.0675
0.0343 0.0990 0.0667
0.0345 0.0992 0.0664
0.0347 0.0993 0.0662
0.0349 0.0995 0.0660
0.0350 0.0994 0.0660
0.0350 0.0990 0.0663
0.0351 0.0990 0.0663
0.0352 0.0990 0.0661
0.0353 0.0991 0.0660
0.0353 0.0993 0.0658
0.0352 0.0994 0.0657
0.0348 0.0988 0.0662
0.0345 0.0986 0.0664
0.0343 0.0985 0.0664
0.0341 0.0985 0.0663
0.0339 0.0985 0.0663
0.0336 0.0985 0.0663
0.0335 0.0986 0.0656
0.0333 0.0987 0.0653
0.0331 0.0987 0.0652
0.0328 0.0988 0.0651
0.0324 0.0989 0.0651
0.0321 0.0990 0.0649
0.0320 0.0991 0.0640
0.0318 0.0992 0.0636
0.0315 0.0994 0.0632
0.0313 0.0996 0.0630
0.0311 0.0998 0.0627
0.0309 0.1000 0.0625
0.0307 0.0996 0.0622
0.0306 0.0996 0.0619
0.0305 0.0996 0.0618
0.0304 0.0998 0.0616
0.0303 0.0999 0.0615
0.0302 0.1000 0.0614
0.0300 0.0998 0.0609
0.0299 0.0997 0.0606
0.0299 0.0997 0.0606
0.0298 0.0996 0.0605
0.0297 0.0996 0.0606
0.0297 0.0996 0.0605
0.0296 0.0996 0.0606
0.0295 0.0996 0.0606
0.0295 0.0996 0.0606
0.0294 0.0997 0.0605
0.0293 0.0998 0.0606
0.0291 0.0998 0.0605
0.0285 0.0998 0.0602
0.0283 0.0999 0.0601
0.0282 0.0999 0.0601
0.0280 0.1000 0.0602
0.0279 0.1000 0.0603
0.0279 0.1000 0.0605
0.0266 0.0997 0.0619
0.0260 0.0996 0.0625
0.0257 0.0995 0.0628
0.0255 0.0995 0.0630
0.0252 0.0994 0.0632
0.0250 0.0993 0.0634
0.0249 0.0986 0.0633
0.0248 0.0983 0.0633
0.0247 0.0981 0.0633
0.0246 0.0981 0.0633
0.0245 0.0980 0.0634
0.0245 0.0980 0.0634
0.0241 0.0977 0.0636
0.0240 0.0976 0.0637
0.0239 0.0976 0.0637
0.0240 0.0976 0.0637
0.0240 0.0976 0.0637
0.0241 0.0976 0.0637
0.0234 0.0973 0.0643
0.0232 0.0973 0.0645
0.0231 0.0973 0.0646
0.0231 0.0974 0.0645
0.0231 0.0975 0.0645
0.0231 0.0976 0.0644
0.0230 0.0975 0.0646
0.0230 0.0976 0.0646
0.0230 0.0977 0.0645
0.0230 0.0978 0.0644
0.0230 0.0980 0.0643
0.0230 0.0981 0.0641
0.0229 0.0984 0.0642
0.0229 0.0986 0.0641
0.0228 0.0987 0.0641
0.0228 0.0988 0.0640
0.0227 0.0988 0.0640
0.0227 0.0989 0.0640
0.0227 0.0991 0.0639
0.0227 0.0992 0.0639
0.0226 0.0992 0.0638
0.0225 0.0992 0.0638
0.0224 0.0992 0.0637
0.0224 0.0992 0.0637
0.0227 0.0994 0.0635
0.0228 0.0994 0.0634
0.0228 0.0994 0.0634
0.0228 0.0994 0.0634
0.0228 0.0995 0.0633
0.0228 0.0995 0.0632
0.0228 0.0995 0.0631
0.0228 0.0996 0.0630
0.0228 0.0996 0.0629
0.0228 0.0998 0.0627
0.0228 0.0999 0.0626
0.0228 0.1000 0.0625
0.0228 0.0997 0.0627
0.0228 0.0997 0.0627
0.0228 0.0998 0.0626
0.0228 0.0998 0.0625
0.0228 0.0999 0.0625
0.0228 0.1000 0.0624
0.0228 0.1000 0.0624
0.0227 0.1001 0.0623
0.0227 0.1002 0.0623
0.0227 0.1003 0.0623
0.0226 0.1003 0.0623
0.0226 0.1004 0.0623
0.0226 0.1000 0.0625
0.0225 0.0999 0.0626
0.0225 0.0998 0.0626
0.0225 0.0998 0.0627
0.0224 0.0998 0.0627
0.0224 0.0998 0.0628
0.0224 0.0994 0.0628
0.0224 0.0992 0.0628
0.0224 0.0990 0.0627

