0.0000 0.0000 0.0000
0.0000 0.0000 0.0000
0.0000 0.0000 0.0000
0.0000 0.0000 0.0000
0.0000 0.0000 0.0000
0.0000 0.0000 0.0000
0.0000 0.0000 0.0000
0.0000 0.0000 0.0000
0.0000 0.0000 0.0000
0.0000 0.0000 0.0000
0.0000 0.0000 0.0000
0.0000 0.0000 0.0000
0.0000 0.0000 0.0000
0.0000 0.0000 0.0000
0.0000 0.0000 0.0000
0.0000 0.0000 0.0000
0.0000 0.0000 0.0000
0.0000 0.0000 0.0000
0.0000 0.0000 0.0000
0.0000 0.0000 0.0000
0.0000 0.0000 0.0000
0.0000 0.0000 0.0000
0.0000 0.0000 0.0000
0.0000 0.0000 0.0000
0.0000 0.0000 0.0000
0.0000 0.0000 0.0000
0.0000 0.0000 0.0000
0.0000 0.0000 0.0000
0.0000 0.0000 0.0000
0.0000 0.0000 0.0000
0.0000 0.0000 0.0000
0.0000 0.0000 0.0000
0.0000 0.0000 0.0000
0.0000 0.0000 0.0000
0.0000 0.0000 0.0000
0.0000 0.0000 0.0000
0.0000 0.0000 0.0000
0.0000 0.0000 0.0000
0.0000 0.0000 0.0000
0.0000 0.0000 0.0000
0.0000 0.0000 0.0000
0.0000 0.0000 0.0000
0.0000 0.0000 0.0000
0.0000 0.0000 0.0000
0.0000 0.0000 0.0000
0.0000 0.0000 0.0000
0.0000 0.0000 0.0000
0.0000 0.0000 0.0000
0.0000 0.0000 0.0000
0.0000 0.0000 0.0000
0.0000 0.0000 0.0000
0.0000 0.0000 0.0000
0.0000 0.0000 0.0000
0.0000 0.0000 0.0000
0.0000 0.0000 0.0000
0.0000 0.0000 0.0000
0.0001 -0.0004 0.0008
0.0001 -0.0006 0.0016
0.0001 -0.0007 0.0024
0.0000 -0.0008 0.0033
0.0000 -0.0009 0.0044
0.0002 -0.0008 0.0056
0.0008 0.0009 0.0034
0.0015 0.0020 0.0037
0.0022 0.0032 0.0049
0.0030 0.0049 0.0066
0.0038 0.0073 0.0086
0.0046 0.0106 0.0107
0.0104 0.0180 0.0058
0.0136 0.0241 0.0053
0.0162 0.0303 0.0059
0.0192 0.0368 0.0072
0.0222 0.0434 0.0089
0.0252 0.0498 0.0110
0.0297 0.0579 0.0109
0.0330 0.0647 0.0124
0.0357 0.0710 0.0141
0.0382 0.0770 0.0158
0.0405 0.0826 0.0172
0.0427 0.0879 0.0185
0.0397 0.0945 0.0170
0.0397 0.0997 0.0170
0.0405 0.1042 0.0173
0.0415 0.1080 0.0176
0.0424 0.1115 0.0178
0.0435 0.1144 0.0180
0.0378 0.1200 0.0205
0.0366 0.1234 0.0212
0.0368 0.1259 0.0214
0.0375 0.1279 0.0214
0.0383 0.1295 0.0213
0.0392 0.1306 0.0212
0.0354 0.1343 0.0211
0.0346 0.1360 0.0210
0.0347 0.1370 0.0208
0.0352 0.1377 0.0203
0.0358 0.1381 0.0198
0.0364 0.1383 0.0193
0.0334 0.1402 0.0217
0.0328 0.1408 0.0222
0.0330 0.1409 0.0222
0.0335 0.1409 0.0220
0.0341 0.1406 0.0218
0.0348 0.1403 0.0216
0.0321 0.1426 0.0229
0.0317 0.1431 0.0232
0.0322 0.1431 0.0233
0.0329 0.1429 0.0233
0.0337 0.1425 0.0234
0.0338 0.1430 0.0233
0.0322 0.1454 0.0227
0.0322 0.1459 0.0227
0.0328 0.1457 0.0229
0.0336 0.1453 0.0232
0.0344 0.1448 0.0235
0.0341 0.1449 0.0237
0.0317 0.1460 0.0237
0.0314 0.1463 0.0238
0.0317 0.1462 0.0240
0.0322 0.1462 0.0242
0.0329 0.1461 0.0245
0.0325 0.1466 0.0242
0.0297 0.1481 0.0231
0.0292 0.1487 0.0228
0.0294 0.1490 0.0227
0.0299 0.1493 0.0227
0.0305 0.1495 0.0228
0.0303 0.1498 0.0229
0.0287 0.1502 0.0228
0.0285 0.1502 0.0231
0.0288 0.1502 0.0235
0.0292 0.1501 0.0240
0.0297 0.1500 0.0245
0.0297 0.1502 0.0245
0.0287 0.1513 0.0235
0.0286 0.1516 0.0232
0.0289 0.1518 0.0232
0.0292 0.1519 0.0231
0.0295 0.1520 0.0231
0.0295 0.1523 0.0230
0.0288 0.1529 0.0227
0.0288 0.1532 0.0226
0.0290 0.1533 0.0225
0.0293 0.1533 0.0225
0.0296 0.1533 0.0224
0.0298 0.1533 0.0222
0.0298 0.1535 0.0218
0.0301 0.1536 0.0216
0.0304 0.1536 0.0214
0.0307 0.1537 0.0213
0.0310 0.1537 0.0212
0.0310 0.1539 0.0208
0.0303 0.1545 0.0200
0.0304 0.1548 0.0196
0.0307 0.1550 0.0193
0.0310 0.1551 0.0191
0.0314 0.1552 0.0189
0.0313 0.1554 0.0186
0.0302 0.1558 0.0183
0.0300 0.1560 0.0181
0.0302 0.1562 0.0179
0.0305 0.1564 0.0177
0.0308 0.1565 0.0176
0.0310 0.1566 0.0176
0.0309 0.1567 0.0180
0.0311 0.1568 0.0180
0.0314 0.1569 0.0180
0.0316 0.1570 0.0178
0.0319 0.1571 0.0177
0.0323 0.1572 0.0175
0.0326 0.1573 0.0170
0.0329 0.1574 0.0168
0.0332 0.1575 0.0167
0.0335 0.1576 0.0166
0.0338 0.1578 0.0165
0.0339 0.1578 0.0165
0.0336 0.1577 0.0165
0.0337 0.1578 0.0165
0.0340 0.1578 0.0165
0.0343 0.1578 0.0164
0.0346 0.1578 0.0164
0.0345 0.1575 0.0166
0.0334 0.1565 0.0174
0.0333 0.1562 0.0176
0.0334 0.1561 0.0176
0.0336 0.1560 0.0175
0.0339 0.1559 0.0175
0.0342 0.1560 0.0173
0.0346 0.1566 0.0167
0.0348 0.1567 0.0165
0.0351 0.1566 0.0164
0.0353 0.1565 0.0164
0.0355 0.1564 0.0164
0.0359 0.1566 0.0161
0.0367 0.1573 0.0151
0.0372 0.1575 0.0147
0.0374 0.1575 0.0145
0.0377 0.1576 0.0143
0.0379 0.1576 0.0142
0.0381 0.1576 0.0140
0.0383 0.1577 0.0139
0.0382 0.1578 0.0138

