0.6078 -0.5714 0.7254
0.5132 -1.1682 0.2627
0.3203 -1.2853 0.0771
0.4620 -0.5686 0.6377
0.3506 -0.5387 0.4977
0.2359 -1.2770 0.1385
0.3568 -0.5549 0.6722
0.2425 -0.5917 0.6035
0.1994 -0.6087 0.5654
0.2636 -0.5788 0.7888
0.1611 -0.5746 0.6830
0.1353 -0.5802 0.7085
0.0859 -0.5755 0.6324
0.0510 -0.5556 0.8852
0.5827 -0.5567 0.7015
0.4657 -0.5676 0.4498
0.4765 -0.5603 0.5813
0.1553 -0.5780 0.3935
0.1403 -0.5611 0.7555
-0.1208 -1.2056 0.2646
0.4557 -0.5725 0.4058
0.3988 -0.5822 0.4346
0.3799 -0.5787 0.4358
0.3867 -1.2440 0.1007
0.2348 -0.5760 0.6638
-0.1068 -0.5837 0.5943
0.3072 -0.5731 0.6574
0.2897 -0.5746 0.7070
-0.0835 -1.2700 0.1460
0.2474 -0.5648 0.8032
0.3084 -0.5512 0.4993
-0.0783 -1.1925 -0.1043
0.4383 -0.5703 0.6448
0.0520 -0.5701 0.5298
-0.4574 -1.2154 0.0888
0.1263 -0.5742 0.3981
0.0457 -0.5692 0.7137
-0.0481 -0.5501 0.7219
0.1588 -0.5516 0.7066
0.4530 -0.5696 0.4101
0.4453 -0.5688 0.6094
0.4181 -0.5699 0.6249
0.3630 -0.5994 0.6453
0.3085 -0.5679 0.5741
0.2067 -0.5740 0.5978
0.1764 -0.5765 0.5074
-0.0216 -0.5703 0.5525
0.4324 -0.5783 0.6972
-0.0856 -0.5760 0.5758
0.0563 -0.6016 0.5518
0.0609 -0.5356 0.5024
0.1374 -0.5811 0.6359
-0.1514 -1.2267 0.0617
0.3299 -0.6153 0.5073
-0.0001 -0.5545 0.7642
0.3043 -0.5654 0.6185
0.4188 -0.6733 0.2781
-0.3989 -1.2061 0.6983
-0.1069 -0.5078 0.7519
0.0118 -0.5888 0.5617
0.0386 -0.5602 0.5267
0.1261 -0.5478 0.7068
0.2597 -0.5543 0.8391
-0.3874 -1.2180 0.0691
-0.2526 -1.2755 0.1841
0.4041 -1.2214 0.2023
0.2500 -0.5802 0.6249
-0.1026 -0.5662 0.6229
0.2225 -0.5735 0.6852
0.4183 -0.5708 0.6591
0.5899 -0.5843 0.7879
0.3782 -0.6515 0.7143
0.3031 -0.5277 0.6159
0.1967 -1.3096 0.1558
0.2603 -0.5478 0.5878
0.1308 -0.6484 0.6057
-0.3658 -1.2394 0.7015
0.3568 -0.5785 0.4459
-0.1586 -0.5708 0.7147
-0.0861 -0.5780 0.5865
0.3020 -0.5887 0.5925
0.1056 -0.5326 0.6536
0.0750 -0.5456 0.5121
0.1475 -0.5591 0.6312
0.0078 -0.5806 0.7292
-0.3362 -1.0953 0.4868
0.5261 -0.8220 0.3269
0.2479 -0.5864 0.7343
0.1223 -0.5419 0.8323
-0.3671 -1.2224 0.2478
0.3940 -0.6035 0.4599
0.3238 -0.5667 0.5745
0.3660 -0.5602 0.4722
0.3863 -0.5772 0.6190
0.0183 -0.1247 0.1982
0.1256 -0.5593 0.6719
0.1025 -0.5490 0.7295
-0.0089 -0.2075 0.0697
0.0035 -0.0383 0.0935
0.4264 -0.6135 0.4638
0.1077 -0.4954 0.6762
-0.0624 -0.5855 1.0110
0.1268 -0.5470 0.8525
0.2534 -0.5726 0.8775
0.0447 -0.2753 0.2764
0.6319 -0.6189 0.6350
0.2849 -0.5543 0.4539
0.3614 -0.6136 1.0870
0.1751 -0.6063 0.7736
0.0043 -0.0938 0.0635
0.3132 -0.8054 0.1940
0.6704 -1.1160 0.3085
0.0626 -0.2236 0.0970
0.1781 -0.5909 0.9030
0.6690 -0.6446 0.6702
-0.0258 0.0361 0.0669
1.3059 -0.6782 1.4540
0.1828 -0.0823 0.4924
0.3116 -0.6094 0.6143
-0.0312 0.0285 0.0475
-0.0014 0.0990 0.0060
-0.0587 -0.5376 0.9506
-0.0106 0.1382 0.0583

