-1.9271 0.4366 0.0846
-1.9270 0.4366 0.0845
-1.9269 0.4367 0.0844
-1.9268 0.4367 0.0842
-1.9268 0.4368 0.0840
-1.9269 0.4371 0.0837
-1.9269 0.4372 0.0835
-1.9269 0.4372 0.0834
-1.9269 0.4372 0.0833
-1.9268 0.4372 0.0832
-1.9269 0.4371 0.0830
-1.9269 0.4370 0.0829
-1.9269 0.4370 0.0828
-1.9268 0.4370 0.0827
-1.9268 0.4371 0.0827
-1.9267 0.4371 0.0827
-1.9266 0.4370 0.0825
-1.9265 0.4370 0.0825
-1.9265 0.4370 0.0825
-1.9265 0.4370 0.0825
-1.9264 0.4370 0.0825
-1.9263 0.4371 0.0826
-1.9262 0.4372 0.0825
-1.9261 0.4373 0.0825
-1.9260 0.4374 0.0826
-1.9259 0.4374 0.0827
-1.9259 0.4374 0.0828
-1.9258 0.4374 0.0830
-1.9257 0.4374 0.0831
-1.9257 0.4375 0.0829
-1.9256 0.4375 0.0829
-1.9255 0.4376 0.0829
-1.9254 0.4378 0.0829
-1.9253 0.4379 0.0829
-1.9252 0.4379 0.0829
-1.9252 0.4378 0.0829
-1.9252 0.4377 0.0829
-1.9252 0.4375 0.0829
-1.9252 0.4374 0.0830
-1.9252 0.4374 0.0830
-1.9250 0.4373 0.0834
-1.9248 0.4372 0.0836
-1.9247 0.4372 0.0836
-1.9247 0.4372 0.0837
-1.9246 0.4371 0.0837
-1.9247 0.4370 0.0837
-1.9246 0.4372 0.0834
-1.9245 0.4373 0.0833
-1.9245 0.4374 0.0832
-1.9244 0.4374 0.0833
-1.9244 0.4374 0.0833
-1.9244 0.4373 0.0834
-1.9243 0.4374 0.0833
-1.9243 0.4374 0.0834
-1.9243 0.4374 0.0834
-1.9244 0.4374 0.0834
-1.9244 0.4374 0.0834
-1.9243 0.4375 0.0835
-1.9242 0.4373 0.0833
-1.9242 0.4372 0.0832
-1.9242 0.4372 0.0832
-1.9242 0.4372 0.0832
-1.9242 0.4371 0.0832
-1.9244 0.4368 0.0831
-1.9244 0.4366 0.0831
-1.9245 0.4366 0.0830
-1.9245 0.4365 0.0830
-1.9245 0.4365 0.0830
-1.9246 0.4363 0.0829
-1.9243 0.4364 0.0838
-1.9241 0.4365 0.0841
-1.9241 0.4365 0.0841
-1.9241 0.4366 0.0842
-1.9240 0.4366 0.0842
-1.9240 0.4366 0.0843
-1.9240 0.4367 0.0843
-1.9240 0.4366 0.0844
-1.9240 0.4366 0.0845
-1.9240 0.4366 0.0846
-1.9240 0.4365 0.0847
-1.9241 0.4364 0.0848
-1.9241 0.4363 0.0849
-1.9244 0.4368 0.0833
-1.9245 0.4370 0.0828
-1.9246 0.4371 0.0826
-1.9247 0.4371 0.0825
-1.9247 0.4372 0.0825
-1.9247 0.4373 0.0825
-1.9247 0.4369 0.0828
-1.9248 0.4368 0.0829
-1.9249 0.4367 0.0830
-1.9250 0.4366 0.0830
-1.9251 0.4365 0.0831
-1.9250 0.4363 0.0831
-1.9250 0.4362 0.0832
-1.9250 0.4361 0.0833
-1.9251 0.4360 0.0834
-1.9251 0.4359 0.0834
-1.9251 0.4359 0.0834
-1.9251 0.4358 0.0834
-1.9250 0.4363 0.0832
-1.9249 0.4365 0.0831
-1.9249 0.4366 0.0830
-1.9248 0.4367 0.0830
-1.9248 0.4367 0.0829
-1.9247 0.4368 0.0829
-1.9247 0.4368 0.0829
-1.9247 0.4368 0.0829
-1.9247 0.4368 0.0829
-1.9247 0.4367 0.0829
-1.9248 0.4366 0.0829
-1.9247 0.4365 0.0831
-1.9245 0.4369 0.0832
-1.9243 0.4373 0.0834
-1.9241 0.4375 0.0835
-1.9241 0.4377 0.0836
-1.9241 0.4377 0.0836
-1.9241 0.4378 0.0836
-1.9240 0.4379 0.0837
-1.9240 0.4379 0.0838
-1.9239 0.4379 0.0840
-1.9239 0.4378 0.0842
-1.9239 0.4378 0.0841
-1.9239 0.4377 0.0842
-1.9239 0.4375 0.0844
-1.9238 0.4373 0.0845
-1.9238 0.4370 0.0846
-1.9238 0.4367 0.0847
-1.9236 0.4368 0.0846
-1.9234 0.4367 0.0845
-1.9232 0.4366 0.0844
-1.9229 0.4363 0.0842
-1.9226 0.4361 0.0840
-1.9223 0.4358 0.0837
-1.9215 0.4359 0.0841
-1.9210 0.4356 0.0838
-1.9205 0.4351 0.0834
-1.9201 0.4344 0.0828
-1.9197 0.4335 0.0821
-1.9194 0.4323 0.0813
-1.9187 0.4316 0.0808
-1.9182 0.4303 0.0800
-1.9177 0.4288 0.0791
-1.9172 0.4272 0.0780
-1.9166 0.4255 0.0768
-1.9159 0.4237 0.0754
-1.9153 0.4220 0.0736
-1.9143 0.4201 0.0716
-1.9131 0.4182 0.0693
-1.9118 0.4160 0.0666
-1.9102 0.4138 0.0635
-1.9085 0.4113 0.0600
-1.9070 0.4086 0.0562
-1.9052 0.4058 0.0517
-1.9032 0.4030 0.0467
-1.9012 0.4001 0.0412
-1.8992 0.3972 0.0352
-1.8972 0.3943 0.0286
-1.8954 0.3918 0.0222
-1.8935 0.3893 0.0149
-1.8918 0.3868 0.0071
-1.8900 0.3848 -0.0010
-1.8882 0.3833 -0.0090
-1.8863 0.3828 -0.0168
-1.8845 0.3830 -0.0236
-1.8826 0.3841 -0.0304
-1.8807 0.3857 -0.0370
-1.8790 0.3876 -0.0434
-1.8775 0.3895 -0.0496
-1.8763 0.3913 -0.0558
-1.8746 0.3934 -0.0614
-1.8734 0.3951 -0.0678
-1.8724 0.3965 -0.0748
-1.8715 0.3976 -0.0823
-1.8704 0.3986 -0.0906
-1.8691 0.3995 -0.0996
-1.8663 0.4015 -0.1081
-1.8639 0.4025 -0.1183
-1.8613 0.4030 -0.1295
-1.8583 0.4034 -0.1417
-1.8547 0.4039 -0.1548
-1.8504 0.4046 -0.1685
-1.8455 0.4060 -0.1819
-1.8404 0.4069 -0.1966
-1.8350 0.4073 -0.2122
-1.8295 0.4074 -0.2285
-1.8237 0.4074 -0.2454
-1.8175 0.4076 -0.2626
-1.8107 0.4083 -0.2799
-1.8034 0.4092 -0.2976
-1.7957 0.4102 -0.3157
-1.7877 0.4111 -0.3339
-1.7797 0.4116 -0.3523
-1.7715 0.4117 -0.3708
-1.7635 0.4114 -0.3885
-1.7553 0.4108 -0.4066
-1.7469 0.4101 -0.4246
-1.7383 0.4099 -0.4421
-1.7293 0.4104 -0.4588
-1.7200 0.4116 -0.4747
-1.7103 0.4136 -0.4896
-1.7007 0.4151 -0.5041
-1.6915 0.4160 -0.5181
-1.6825 0.4162 -0.5319
-1.6737 0.4157 -0.5453
-1.6653 0.4146 -0.5584
-1.6571 0.4127 -0.5708
-1.6494 0.4108 -0.5831
-1.6421 0.4088 -0.5950
-1.6352 0.4065 -0.6068
-1.6287 0.4041 -0.6183
-1.6226 0.4016 -0.6297
-1.6179 0.3992 -0.6407
-1.6130 0.3969 -0.6518
-1.6082 0.3947 -0.6629
-1.6038 0.3926 -0.6739
-1.5998 0.3903 -0.6850
-1.5961 0.3879 -0.6962
-1.5944 0.3850 -0.7093
-1.5919 0.3824 -0.7214
-1.5894 0.3800 -0.7333
-1.5870 0.3777 -0.7454
-1.5848 0.3754 -0.7577
-1.5828 0.3730 -0.7704
-1.5809 0.3690 -0.7854
-1.5794 0.3661 -0.7994
-1.5783 0.3636 -0.8132
-1.5776 0.3617 -0.8270
-1.5773 0.3605 -0.8408
-1.5771 0.3598 -0.8546
-1.5769 0.3582 -0.8690
-1.5772 0.3580 -0.8833
-1.5777 0.3588 -0.8977
-1.5783 0.3602 -0.9122
-1.5788 0.3623 -0.9270
-1.5799 0.3688 -0.9570
-1.5812 0.3734 -0.9719
-1.5831 0.3778 -0.9868
-1.5852 0.3834 -1.0006
-1.5871 0.3892 -1.0136
-1.5886 0.3947 -1.0263
-1.5898 0.3992 -1.0388
-1.5908 0.4025 -1.0515
-1.5918 0.4047 -1.0644
-1.5932 0.4061 -1.0775
-1.5953 0.4070 -1.0906
-1.5983 0.4077 -1.1035
-1.6019 0.4076 -1.1170
-1.6062 0.4078 -1.1295
-1.6110 0.4081 -1.1415
-1.6161 0.4082 -1.1531
-1.6214 0.4080 -1.1644
-1.6270 0.4075 -1.1758
-1.6325 0.4057 -1.1883
-1.6388 0.4040 -1.2005
-1.6456 0.4021 -1.2129
-1.6528 0.3998 -1.2258
-1.6607 0.3974 -1.2391
-1.6692 0.3949 -1.2530
-1.6749 0.3931 -1.2725
-1.6836 0.3907 -1.2893
-1.6938 0.3880 -1.3056
-1.7051 0.3852 -1.3222
-1.7172 0.3825 -1.3389
-1.7300 0.3799 -1.3558
-1.7410 0.3771 -1.3757
-1.7538 0.3748 -1.3937
-1.7675 0.3730 -1.4109
-1.7817 0.3716 -1.4278
-1.7963 0.3707 -1.4442
-1.8106 0.3703 -1.4614
-1.8240 0.3702 -1.4798
-1.8388 0.3709 -1.4956
-1.8542 0.3721 -1.5100
-1.8699 0.3736 -1.5234
-1.8856 0.3752 -1.5358
-1.8856 0.3752 -1.5358
-1.9160 0.3789 -1.5581
-1.9299 0.3807 -1.5693
-1.9447 0.3816 -1.5789
-1.9602 0.3818 -1.5875
-1.9762 0.3816 -1.5952
-1.9924 0.3812 -1.6020
-2.0086 0.3808 -1.6080
-2.0246 0.3803 -1.6134
-2.0404 0.3796 -1.6186
-2.0562 0.3787 -1.6237
-2.0721 0.3776 -1.6289
-2.0882 0.3764 -1.6340
-2.1045 0.3752 -1.6392
-2.1200 0.3745 -1.6458
-2.1366 0.3731 -1.6518
-2.1537 0.3712 -1.6579
-2.1712 0.3690 -1.6644
-2.1889 0.3666 -1.6711
-2.2043 0.3637 -1.6791
-2.2213 0.3611 -1.6870
-2.2386 0.3585 -1.6953
-2.2561 0.3559 -1.7041
-2.2733 0.3533 -1.7135
-2.2901 0.3509 -1.7237
-2.3045 0.3495 -1.7346
-2.3195 0.3476 -1.7464
-2.3341 0.3455 -1.7594
-2.3480 0.3435 -1.7736
-2.3610 0.3417 -1.7889
-2.3730 0.3405 -1.8051
-2.3836 0.3406 -1.8212
-2.3934 0.3420 -1.8376
-2.4024 0.3447 -1.8539
-2.4104 0.3484 -1.8701
-2.4176 0.3522 -1.8867
-2.4241 0.3550 -1.9035
-2.4299 0.3561 -1.9205
-2.4359 0.3572 -1.9383
-2.4419 0.3582 -1.9565
-2.4483 0.3592 -1.9745
-2.4552 0.3608 -1.9920
-2.4626 0.3633 -2.0090
-2.4716 0.3661 -2.0253
-2.4800 0.3702 -2.0412
-2.4881 0.3750 -2.0569
-2.4958 0.3799 -2.0727
-2.5033 0.3846 -2.0885
-2.5106 0.3889 -2.1044
-2.5180 0.3928 -2.1203
-2.5268 0.3956 -2.1364
-2.5352 0.3983 -2.1520
-2.5440 0.4005 -2.1672
-2.5534 0.4020 -2.1820
-2.5633 0.4028 -2.1964
-2.5741 0.4029 -2.2105
-2.5851 0.4019 -2.2242
-2.5962 0.3997 -2.2376
-2.6074 0.3964 -2.2509
-2.6186 0.3922 -2.2639
-2.6299 0.3874 -2.2768
-2.6409 0.3819 -2.2892
-2.6523 0.3765 -2.3013
-2.6640 0.3716 -2.3130
-2.6759 0.3676 -2.3244
-2.6881 0.3649 -2.3355
-2.7010 0.3636 -2.3463
-2.7139 0.3628 -2.3565
-2.7280 0.3643 -2.3662
-2.7430 0.3676 -2.3752
-2.7584 0.3722 -2.3834
-2.7740 0.3776 -2.3911
-2.7896 0.3832 -2.3985
-2.8048 0.3881 -2.4063
-2.8207 0.3927 -2.4135
-2.8372 0.3966 -2.4204
-2.8542 0.3998 -2.4270
-2.8717 0.4020 -2.4334
-2.8894 0.4032 -2.4398
-2.9059 0.4039 -2.4456
-2.9230 0.4034 -2.4522
-2.9399 0.4019 -2.4592
-2.9562 0.3999 -2.4668
-2.9718 0.3972 -2.4751
-3.0008 0.3905 -2.4942
-3.0142 0.3867 -2.5051
-3.0268 0.3829 -2.5168
-3.0388 0.3793 -2.5292
-3.0500 0.3763 -2.5421
-3.0500 0.3763 -2.5421
-3.0707 0.3720 -2.5693
-3.0883 0.3693 -2.5958
-3.0883 0.3693 -2.5958
-3.0981 0.3685 -2.6104
-3.1083 0.3680 -2.6253
-3.1189 0.3678 -2.6404
-3.1298 0.3680 -2.6558
-3.1408 0.3683 -2.6718
-3.1518 0.3688 -2.6886
-3.1626 0.3695 -2.7063
-3.1731 0.3706 -2.7242
-3.1828 0.3727 -2.7420
-3.1915 0.3759 -2.7597
-3.1980 0.3792 -2.7762
-3.2039 0.3828 -2.7940
-3.2089 0.3859 -2.8128
-3.2132 0.3880 -2.8319
-3.2165 0.3897 -2.8503
-3.2183 0.3918 -2.8669
-3.2210 0.3949 -2.8834
-3.2235 0.3994 -2.8990
-3.2255 0.4048 -2.9135
-3.2270 0.4106 -2.9274
-3.2274 0.4168 -2.9401
-3.2269 0.4237 -2.9516
-3.2271 0.4289 -2.9634
-3.2277 0.4331 -2.9751
-3.2290 0.4365 -2.9864
-3.2309 0.4390 -2.9974
-3.2331 0.4411 -3.0073
-3.2352 0.4428 -3.0158
-3.2393 0.4428 -3.0256
-3.2447 0.4416 -3.0358
-3.2512 0.4393 -3.0462
-3.2587 0.4361 -3.0567
-3.2670 0.4318 -3.0675
-3.2747 0.4286 -3.0763
-3.2835 0.4237 -3.0866
-3.2928 0.4185 -3.0971
-3.3024 0.4135 -3.1074
-3.3119 0.4091 -3.1174
-3.3211 0.4062 -3.1263
-3.3299 0.4049 -3.1337
-3.3398 0.4042 -3.1414
-3.3500 0.4048 -3.1483
-3.3601 0.4064 -3.1542
-3.3698 0.4087 -3.1594
-3.3783 0.4112 -3.1648
-3.3853 0.4137 -3.1713
-3.3921 0.4154 -3.1778
-3.3984 0.4166 -3.1846
-3.4044 0.4172 -3.1919
-3.4102 0.4176 -3.1995
-3.4156 0.4182 -3.2076
-3.4201 0.4196 -3.2163
-3.4237 0.4212 -3.2246
-3.4259 0.4233 -3.2329
-3.4264 0.4256 -3.2415
-3.4251 0.4279 -3.2506
-3.4217 0.4299 -3.2603
-3.4164 0.4313 -3.2707
-3.4099 0.4325 -3.2809
-3.4021 0.4334 -3.2908
-3.3929 0.4339 -3.3004
-3.3825 0.4340 -3.3095
-3.3705 0.4336 -3.3176
-3.3570 0.4327 -3.3242
-3.3427 0.4314 -3.3303
-3.3276 0.4298 -3.3354
-3.3117 0.4277 -3.3392
-3.2951 0.4254 -3.3414
-3.2781 0.4223 -3.3422
-3.2607 0.4184 -3.3415
-3.2434 0.4155 -3.3393
-3.2262 0.4132 -3.3356
-3.2092 0.4112 -3.3303
-3.1925 0.4099 -3.3237
-3.1761 0.4093 -3.3155
-3.1602 0.4093 -3.3057
-3.1454 0.4117 -3.2942
-3.1318 0.4158 -3.2810
-3.1196 0.4208 -3.2666
-3.1084 0.4263 -3.2515
-3.0976 0.4309 -3.2358
-3.0868 0.4337 -3.2199
-3.0769 0.4370 -3.2041
-3.0672 0.4398 -3.1884
-3.0576 0.4416 -3.1727
-3.0478 0.4425 -3.1570
-3.0377 0.4422 -3.1414
-3.0270 0.4407 -3.1257
-3.0167 0.4393 -3.1101
-3.0066 0.4377 -3.0945
-2.9967 0.4357 -3.0791
-2.9870 0.4333 -3.0636
-2.9776 0.4302 -3.0475
-2.9683 0.4263 -3.0305
-2.9593 0.4222 -3.0143
-2.9503 0.4176 -2.9984
-2.9414 0.4123 -2.9826
-2.9323 0.4064 -2.9668
-2.9226 0.3999 -2.9509
-2.9120 0.3927 -2.9349
-2.9010 0.3858 -2.9196
-2.8892 0.3790 -2.9046
-2.8764 0.3729 -2.8896
-2.8630 0.3678 -2.8744
-2.8490 0.3642 -2.8586
-2.8347 0.3622 -2.8422
-2.8217 0.3627 -2.8259
-2.8097 0.3649 -2.8097
-2.7986 0.3680 -2.7935
-2.7883 0.3712 -2.7772
-2.7687 0.3756 -2.7449
-2.7591 0.3770 -2.7290
-2.7493 0.3781 -2.7136
-2.7390 0.3786 -2.6999
-2.7281 0.3787 -2.6875
-2.7046 0.3773 -2.6659
-2.6921 0.3756 -2.6559
-2.6793 0.3729 -2.6460
-2.6661 0.3694 -2.6361
-2.6526 0.3653 -2.6260
-2.6526 0.3653 -2.6260
-2.6249 0.3565 -2.6054
-2.6107 0.3521 -2.5951
-2.5963 0.3481 -2.5849
-2.5817 0.3445 -2.5746
-2.5670 0.3414 -2.5643
-2.5520 0.3389 -2.5538
-2.5370 0.3369 -2.5420
-2.5216 0.3352 -2.5306
-2.5059 0.3339 -2.5193
-2.4897 0.3329 -2.5079
-2.4732 0.3322 -2.4963
-2.4562 0.3319 -2.4841
-2.4390 0.3322 -2.4711
-2.4216 0.3328 -2.4582
-2.4041 0.3338 -2.4451
-2.3867 0.3354 -2.4315
-2.3695 0.3379 -2.4173
-2.3527 0.3431 -2.3961
-2.3369 0.3523 -2.3646
-2.3212 0.3595 -2.3437
-2.3062 0.3668 -2.3262
-2.2919 0.3742 -2.3095
-2.2784 0.3814 -2.2928
-2.2660 0.3886 -2.2731
-2.2547 0.3960 -2.2483
-2.2429 0.4011 -2.2274
-2.2309 0.4054 -2.2076
-2.2189 0.4099 -2.1884
-2.2069 0.4155 -2.1699
-2.1956 0.4222 -2.1507
-2.1852 0.4294 -2.1298
-2.1748 0.4367 -2.1117
-2.1647 0.4438 -2.0948
-2.1549 0.4503 -2.0782
-2.1452 0.4563 -2.0620
-2.1356 0.4615 -2.0462
-2.1282 0.4649 -2.0283
-2.1191 0.4679 -2.0121
-2.1094 0.4701 -1.9964
-2.0992 0.4713 -1.9807
-2.0885 0.4715 -1.9650
-2.0785 0.4705 -1.9491
-2.0696 0.4682 -1.9330
-2.0587 0.4659 -1.9174
-2.0470 0.4630 -1.9020
-2.0348 0.4596 -1.8868
-2.0223 0.4557 -1.8718
-2.0117 0.4509 -1.8576
-2.0043 0.4450 -1.8443
-1.9925 0.4397 -1.8305
-1.9790 0.4347 -1.8169
-1.9647 0.4301 -1.8038
-1.9501 0.4261 -1.7913
-1.9352 0.4228 -1.7795
-1.9274 0.4160 -1.7633
-1.9147 0.4127 -1.7511
-1.9004 0.4108 -1.7405
-1.8858 0.4096 -1.7305
-1.8710 0.4087 -1.7208
-1.8559 0.4079 -1.7111
-1.8449 0.3995 -1.6973
-1.8300 0.3963 -1.6865
-1.8135 0.3953 -1.6772
-1.7965 0.3955 -1.6687
-1.7797 0.3964 -1.6607
-1.7649 0.3962 -1.6524
-1.7526 0.3942 -1.6434
-1.7389 0.3946 -1.6344
-1.7249 0.3958 -1.6250
-1.7109 0.3969 -1.6153
-1.6969 0.3977 -1.6050
-1.6828 0.3980 -1.5941
-1.6715 0.3981 -1.5841
-1.6584 0.3972 -1.5722
-1.6449 0.3957 -1.5592
-1.6314 0.3939 -1.5454
-1.6183 0.3920 -1.5309
-1.6056 0.3902 -1.5160
-1.5962 0.3903 -1.5004
-1.5853 0.3895 -1.4846
-1.5743 0.3887 -1.4684
-1.5634 0.3882 -1.4519
-1.5526 0.3880 -1.4349
-1.5441 0.3887 -1.4185
-1.5388 0.3905 -1.4029
-1.5302 0.3924 -1.3854
-1.5207 0.3952 -1.3672
-1.5112 0.3991 -1.3488
-1.5020 0.4040 -1.3304
-1.4956 0.4103 -1.3134
-1.4933 0.4178 -1.2982
-1.4882 0.4243 -1.2804
-1.4824 0.4302 -1.2611
-1.4767 0.4354 -1.2408
-1.4709 0.4401 -1.2200
-1.4668 0.4447 -1.2003
-1.4655 0.4495 -1.1825
-1.4617 0.4542 -1.1635
-1.4576 0.4591 -1.1446
-1.4541 0.4643 -1.1262
-1.4513 0.4695 -1.1083
-1.4507 0.4750 -1.0924
-1.4533 0.4809 -1.0791
-1.4532 0.4857 -1.0641
-1.4521 0.4898 -1.0487
-1.4507 0.4930 -1.0334
-1.4489 0.4952 -1.0181
-1.4486 0.4970 -1.0046
-1.4509 0.4984 -0.9937
-1.4495 0.4983 -0.9799
-1.4468 0.4971 -0.9651
-1.4435 0.4951 -0.9499
-1.4397 0.4923 -0.9345
-1.4358 0.4889 -0.9190
-1.4369 0.4854 -0.9072
-1.4341 0.4815 -0.8929
-1.4299 0.4776 -0.8780
-1.4250 0.4739 -0.8632
-1.4196 0.4707 -0.8485
-1.4155 0.4676 -0.8346
-1.4134 0.4645 -0.8216
-1.4081 0.4629 -0.8078
-1.4011 0.4624 -0.7941
-1.3934 0.4629 -0.7809
-1.3852 0.4642 -0.7681
-1.3769 0.4659 -0.7557
-1.3736 0.4637 -0.7424
-1.3671 0.4641 -0.7297
-1.3593 0.4652 -0.7173
-1.3509 0.4664 -0.7049
-1.3419 0.4674 -0.6926
-1.3330 0.4674 -0.6809
-1.3247 0.4659 -0.6702
-1.3153 0.4657 -0.6590
-1.3060 0.4656 -0.6477
-1.2975 0.4654 -0.6365
-1.2901 0.4649 -0.6250
-1.2844 0.4634 -0.6142
-1.2807 0.4606 -0.6043
-1.2769 0.4583 -0.5925
-1.2736 0.4560 -0.5795
-1.2708 0.4532 -0.5658
-1.2685 0.4501 -0.5513
-1.2671 0.4459 -0.5368
-1.2668 0.4406 -0.5227
-1.2667 0.4363 -0.5070
-1.2673 0.4323 -0.4905
-1.2686 0.4286 -0.4736
-1.2707 0.4253 -0.4564
-1.2733 0.4219 -0.4392
-1.2762 0.4184 -0.4218
-1.2798 0.4162 -0.4044
-1.2841 0.4149 -0.3869
-1.2888 0.4143 -0.3693
-1.2939 0.4143 -0.3517
-1.2995 0.4144 -0.3338
-1.3056 0.4144 -0.3158
-1.3123 0.4157 -0.2979
-1.3197 0.4178 -0.2801
-1.3278 0.4205 -0.2628
-1.3367 0.4237 -0.2461
-1.3465 0.4268 -0.2307
-1.3572 0.4293 -0.2166
-1.3683 0.4325 -0.2035
-1.3799 0.4354 -0.1909
-1.3919 0.4373 -0.1789
-1.4042 0.4380 -0.1670
-1.4172 0.4376 -0.1548
-1.4310 0.4361 -0.1422
-1.4447 0.4353 -0.1308
-1.4580 0.4351 -0.1209
-1.4710 0.4355 -0.1126
-1.4837 0.4361 -0.1057
-1.4962 0.4367 -0.1001
-1.5081 0.4370 -0.0956
-1.5199 0.4373 -0.0919
-1.5310 0.4373 -0.0890
-1.5413 0.4369 -0.0865
-1.5510 0.4359 -0.0841
-1.5600 0.4341 -0.0812
-1.5684 0.4314 -0.0774
-1.5764 0.4282 -0.0737
-1.5842 0.4244 -0.0699
-1.5915 0.4202 -0.0657
-1.5985 0.4157 -0.0614
-1.6051 0.4112 -0.0566
-1.6112 0.4067 -0.0512
-1.6172 0.4022 -0.0460
-1.6228 0.3980 -0.0409
-1.6280 0.3943 -0.0358
-1.6327 0.3913 -0.0306
-1.6367 0.3885 -0.0241
-1.6399 0.3857 -0.0155
-1.6459 0.3841 -0.0011
-1.6481 0.3847 0.0064
-1.6496 0.3861 0.0142
-1.6663 0.3924 -0.0081
-1.7051 0.4050 -0.0737
-1.7176 0.4101 -0.0891
-1.7221 0.4122 -0.0886
-1.7244 0.4127 -0.0830
-1.7264 0.4121 -0.0754
-1.7288 0.4106 -0.0670
-1.7314 0.4094 -0.0588
-1.7343 0.4071 -0.0498
-1.7374 0.4043 -0.0405
-1.7406 0.4013 -0.0315
-1.7441 0.3985 -0.0232
-1.7479 0.3959 -0.0161
-1.7519 0.3941 -0.0115
-1.7570 0.3919 -0.0075
-1.7629 0.3896 -0.0043
-1.7693 0.3871 -0.0020
-1.7761 0.3843 -0.0002
-1.7834 0.3810 0.0011
-1.7900 0.3792 0.0014
-1.7971 0.3769 0.0023
-1.8046 0.3741 0.0035
-1.8129 0.3708 0.0045
-1.8214 0.3674 0.0051
-1.8300 0.3644 0.0054
-1.8380 0.3626 0.0048
-1.8462 0.3607 0.0045
-1.8543 0.3592 0.0043
-1.8621 0.3582 0.0038
-1.8697 0.3578 0.0033
-1.8770 0.3579 0.0029
-1.8835 0.3594 0.0021
-1.8901 0.3608 0.0020
-1.8966 0.3624 0.0024
-1.9030 0.3643 0.0031
-1.9092 0.3664 0.0038
-1.9153 0.3688 0.0041
-1.9207 0.3719 0.0038
-1.9258 0.3751 0.0042
-1.9306 0.3784 0.0050
-1.9350 0.3820 0.0059
-1.9391 0.3857 0.0070
-1.9428 0.3895 0.0084
-1.9456 0.3936 0.0096
-1.9483 0.3977 0.0111
-1.9506 0.4018 0.0130
-1.9524 0.4058 0.0151
-1.9540 0.4095 0.0174
-1.9553 0.4128 0.0200
-1.9574 0.4184 0.0257
-1.9570 0.4219 0.0283
-1.9572 0.4245 0.0312
-1.9576 0.4266 0.0343
-1.9580 0.4283 0.0376
-1.9577 0.4302 0.0406
-1.9577 0.4302 0.0406
-1.9578 0.4314 0.0440
-1.9580 0.4322 0.0475
-1.9581 0.4329 0.0510
-1.9579 0.4337 0.0544
-1.9576 0.4345 0.0577
-1.9567 0.4342 0.0617
-1.9561 0.4345 0.0651
-1.9554 0.4350 0.0683
-1.9547 0.4356 0.0713
-1.9540 0.4362 0.0742
-1.9530 0.4364 0.0769
-1.9517 0.4360 0.0792
-1.9508 0.4360 0.0815
-1.9500 0.4362 0.0838
-1.9493 0.4363 0.0860
-1.9487 0.4363 0.0881
-1.9479 0.4360 0.0901
-1.9469 0.4351 0.0920
-1.9461 0.4349 0.0937
-1.9453 0.4349 0.0952
-1.9445 0.4350 0.0965
-1.9436 0.4353 0.0976
-1.9425 0.4355 0.0984
-1.9412 0.4355 0.0985
-1.9392 0.4360 0.0995
-1.9384 0.4362 0.0999
-1.9377 0.4364 0.1003
-1.9368 0.4367 0.1006
-1.9358 0.4369 0.1008
-1.9351 0.4369 0.1010
-1.9347 0.4368 0.1012
-1.9343 0.4367 0.1013
-1.9340 0.4366 0.1014
-1.9338 0.4366 0.1014
-1.9334 0.4359 0.1018
-1.9331 0.4356 0.1019
-1.9329 0.4355 0.1018
-1.9328 0.4355 0.1017
-1.9327 0.4355 0.1015
-1.9327 0.4354 0.1013
-1.9328 0.4353 0.1011
-1.9327 0.4349 0.0999
-1.9328 0.4348 0.0993
-1.9329 0.4349 0.0989
-1.9330 0.4351 0.0985
-1.9332 0.4353 0.0981
-1.9334 0.4356 0.0977
-1.9327 0.4363 0.0968
-1.9326 0.4367 0.0962
-1.9325 0.4369 0.0957
-1.9326 0.4371 0.0952
-1.9326 0.4373 0.0947
-1.9324 0.4370 0.0935
-1.9324 0.4370 0.0927
-1.9324 0.4369 0.0920
-1.9325 0.4369 0.0914
-1.9326 0.4369 0.0907
-1.9326 0.4370 0.0901
-1.9327 0.4371 0.0895
-1.9325 0.4370 0.0881
-1.9325 0.4370 0.0873
-1.9326 0.4370 0.0867
-1.9328 0.4371 0.0862
-1.9329 0.4372 0.0857
-1.9329 0.4367 0.0847
-1.9329 0.4367 0.0841
-1.9331 0.4368 0.0837
-1.9332 0.4369 0.0834
-1.9334 0.4370 0.0831
-1.9335 0.4371 0.0829
-1.9329 0.4374 0.0820
-1.9328 0.4376 0.0816
-1.9329 0.4378 0.0813
-1.9331 0.4380 0.0811
-1.9333 0.4382 0.0809
-1.9334 0.4384 0.0807
-1.9329 0.4384 0.0801
-1.9328 0.4385 0.0797
-1.9329 0.4387 0.0795
-1.9331 0.4388 0.0793
-1.9333 0.4391 0.0792
-1.9334 0.4393 0.0790
-1.9336 0.4396 0.0788
-1.9334 0.4393 0.0773
-1.9335 0.4394 0.0767
-1.9336 0.4396 0.0764
-1.9338 0.4397 0.0763
-1.9339 0.4399 0.0761
-1.9341 0.4400 0.0760
-1.9332 0.4413 0.0756
-1.9330 0.4418 0.0754
-1.9330 0.4421 0.0753
-1.9330 0.4423 0.0752
-1.9331 0.4424 0.0751
-1.9332 0.4426 0.0751
-1.9330 0.4421 0.0744
-1.9330 0.4420 0.0742
-1.9332 0.4419 0.0740
-1.9333 0.4420 0.0739
-1.9335 0.4420 0.0738
-1.9336 0.4409 0.0729
-1.9338 0.4405 0.0725
-1.9340 0.4403 0.0723
-1.9342 0.4403 0.0722
-1.9344 0.4402 0.0721
-1.9346 0.4402 0.0720
-1.9339 0.4410 0.0712
-1.9338 0.4412 0.0709
-1.9337 0.4414 0.0708
-1.9338 0.4414 0.0707
-1.9338 0.4414 0.0707
-1.9339 0.4415 0.0708
-1.9336 0.4413 0.0703
-1.9336 0.4412 0.0702
-1.9337 0.4412 0.0701
-1.9337 0.4412 0.0700
-1.9338 0.4412 0.0700
-1.9339 0.4413 0.0699
-1.9336 0.4413 0.0694
-1.9334 0.4414 0.0691
-1.9334 0.4414 0.0690
-1.9334 0.4415 0.0689
-1.9334 0.4415 0.0688
-1.9335 0.4415 0.0688
-1.9335 0.4415 0.0687
-1.9328 0.4417 0.0684
-1.9325 0.4419 0.0683
-1.9325 0.4419 0.0684
-1.9325 0.4419 0.0684
-1.9325 0.4419 0.0685
-1.9325 0.4419 0.0685
-1.9321 0.4418 0.0683
-1.9320 0.4418 0.0683
-1.9319 0.4419 0.0683
-1.9319 0.4419 0.0683
-1.9319 0.4421 0.0683
-1.9318 0.4422 0.0683
-1.9314 0.4424 0.0682
-1.9312 0.4427 0.0682
-1.9311 0.4429 0.0682
-1.9310 0.4430 0.0683
-1.9310 0.4431 0.0683
-1.9307 0.4428 0.0681
-1.9305 0.4427 0.0681
-1.9304 0.4428 0.0682
-1.9303 0.4428 0.0683
-1.9303 0.4429 0.0683
-1.9302 0.4430 0.0684
-1.9301 0.4432 0.0684
-1.9297 0.4441 0.0680
-1.9295 0.4445 0.0678
-1.9294 0.4447 0.0678
-1.9294 0.4450 0.0678
-1.9293 0.4451 0.0678
-1.9293 0.4452 0.0677
-1.9294 0.4452 0.0677
-1.9294 0.4453 0.0678
-1.9294 0.4453 0.0679
-1.9294 0.4453 0.0680
-1.9295 0.4453 0.0681
-1.9296 0.4452 0.0682
-1.9296 0.4439 0.0680
-1.9296 0.4435 0.0680
-1.9296 0.4434 0.0680
-1.9297 0.4433 0.0681
-1.9297 0.4432 0.0682
-1.9298 0.4432 0.0683
-1.9298 0.4435 0.0682
-1.9298 0.4435 0.0682
-1.9299 0.4436 0.0682
-1.9299 0.4436 0.0683
-1.9300 0.4436 0.0684
-1.9300 0.4437 0.0685
-1.9302 0.4439 0.0684
-1.9303 0.4439 0.0684
-1.9304 0.4440 0.0685
-1.9305 0.4440 0.0685
-1.9306 0.4440 0.0686
-1.9307 0.4441 0.0686
-1.9305 0.4439 0.0688
-1.9305 0.4439 0.0689
-1.9306 0.4438 0.0690
-1.9307 0.4437 0.0691
-1.9308 0.4436 0.0691

