0.0102 0.0564 0.0263
0.0102 0.0566 0.0260
0.0102 0.0567 0.0259
0.0103 0.0568 0.0258
0.0105 0.0569 0.0256
0.0106 0.0570 0.0254
0.0106 0.0570 0.0251
0.0107 0.0570 0.0249
0.0109 0.0571 0.0248
0.0110 0.0572 0.0247
0.0111 0.0573 0.0246
0.0111 0.0573 0.0246
0.0109 0.0573 0.0248
0.0109 0.0573 0.0248
0.0109 0.0574 0.0249
0.0109 0.0574 0.0249
0.0109 0.0575 0.0249
0.0110 0.0576 0.0248
0.0111 0.0575 0.0246
0.0112 0.0575 0.0245
0.0112 0.0576 0.0245
0.0112 0.0576 0.0245
0.0112 0.0576 0.0246
0.0110 0.0576 0.0247
0.0107 0.0576 0.0249
0.0106 0.0576 0.0250
0.0105 0.0576 0.0251
0.0104 0.0576 0.0251
0.0104 0.0577 0.0251
0.0103 0.0577 0.0252
0.0104 0.0579 0.0252
0.0103 0.0580 0.0253
0.0103 0.0581 0.0253
0.0103 0.0583 0.0253
0.0102 0.0584 0.0252
0.0100 0.0585 0.0251
0.0098 0.0585 0.0250
0.0097 0.0586 0.0249
0.0096 0.0587 0.0248
0.0096 0.0588 0.0247
0.0095 0.0589 0.0247
0.0095 0.0590 0.0245
0.0096 0.0593 0.0240
0.0095 0.0594 0.0239
0.0095 0.0594 0.0238
0.0095 0.0594 0.0238
0.0096 0.0594 0.0237
0.0096 0.0594 0.0236
0.0096 0.0596 0.0234
0.0097 0.0597 0.0232
0.0097 0.0597 0.0230
0.0098 0.0598 0.0229
0.0099 0.0598 0.0228
0.0100 0.0598 0.0227
0.0100 0.0599 0.0227
0.0101 0.0600 0.0226
0.0102 0.0600 0.0226
0.0102 0.0599 0.0225
0.0103 0.0600 0.0225
0.0104 0.0601 0.0223
0.0107 0.0603 0.0221
0.0108 0.0603 0.0220
0.0109 0.0603 0.0220
0.0110 0.0603 0.0219
0.0110 0.0603 0.0219
0.0112 0.0602 0.0216
0.0112 0.0601 0.0215
0.0113 0.0601 0.0215
0.0112 0.0602 0.0215
0.0112 0.0603 0.0213
0.0112 0.0605 0.0209
0.0115 0.0606 0.0203
0.0116 0.0607 0.0201
0.0116 0.0608 0.0198
0.0115 0.0609 0.0196
0.0115 0.0610 0.0193
0.0117 0.0614 0.0186
0.0117 0.0615 0.0183
0.0117 0.0616 0.0181
0.0117 0.0617 0.0179
0.0117 0.0617 0.0178
0.0117 0.0617 0.0177
0.0118 0.0619 0.0170
0.0119 0.0618 0.0168
0.0119 0.0617 0.0167
0.0120 0.0616 0.0166
0.0121 0.0615 0.0165
0.0121 0.0613 0.0165
0.0122 0.0612 0.0161
0.0123 0.0610 0.0159
0.0123 0.0608 0.0158
0.0123 0.0606 0.0158
0.0123 0.0603 0.0159
0.0122 0.0601 0.0159
0.0121 0.0599 0.0169
0.0120 0.0597 0.0173
0.0118 0.0595 0.0176
0.0117 0.0593 0.0178
0.0115 0.0590 0.0180
0.0112 0.0587 0.0183
0.0111 0.0587 0.0192
0.0108 0.0584 0.0197
0.0104 0.0582 0.0201
0.0099 0.0578 0.0204
0.0092 0.0575 0.0208
0.0085 0.0570 0.0212
0.0078 0.0566 0.0206
0.0069 0.0561 0.0207
0.0059 0.0554 0.0212
0.0047 0.0546 0.0219
0.0034 0.0536 0.0226
0.0000 0.0510 0.0244
-0.0021 0.0488 0.0252
-0.0044 0.0468 0.0262
-0.0071 0.0446 0.0273
-0.0102 0.0420 0.0285
-0.0138 0.0391 0.0299
-0.0179 0.0359 0.0314
-0.0226 0.0324 0.0329
-0.0280 0.0285 0.0344
-0.0340 0.0241 0.0360
-0.0405 0.0194 0.0379
-0.0473 0.0144 0.0397
-0.0554 0.0096 0.0411
-0.0635 0.0047 0.0424
-0.0719 -0.0003 0.0433
-0.0808 -0.0053 0.0439
-0.0903 -0.0102 0.0442
-0.1002 -0.0151 0.0444
-0.1107 -0.0201 0.0445
-0.1221 -0.0259 0.0448
-0.1337 -0.0311 0.0450
-0.1455 -0.0361 0.0451
-0.1575 -0.0409 0.0448
-0.1696 -0.0455 0.0442
-0.1814 -0.0506 0.0437
-0.1932 -0.0552 0.0422
-0.2046 -0.0597 0.0400
-0.2157 -0.0642 0.0375
-0.2264 -0.0690 0.0348
-0.2368 -0.0742 0.0323
-0.2469 -0.0795 0.0302
-0.2567 -0.0852 0.0284
-0.2663 -0.0914 0.0271
-0.2759 -0.0979 0.0261
-0.2854 -0.1047 0.0254
-0.2951 -0.1119 0.0251
-0.3056 -0.1191 0.0241
-0.3159 -0.1266 0.0236
-0.3262 -0.1340 0.0229
-0.3367 -0.1412 0.0220
-0.3472 -0.1481 0.0206
-0.3472 -0.1481 0.0206
-0.3680 -0.1596 0.0168
-0.3783 -0.1638 0.0144
-0.3880 -0.1668 0.0115
-0.3973 -0.1687 0.0083
-0.4061 -0.1697 0.0048
-0.4146 -0.1700 0.0011
-0.4226 -0.1695 -0.0026
-0.4302 -0.1685 -0.0064
-0.4373 -0.1669 -0.0104
-0.4441 -0.1649 -0.0143
-0.4506 -0.1628 -0.0183
-0.4567 -0.1607 -0.0221
-0.4627 -0.1588 -0.0256
-0.4693 -0.1572 -0.0293
-0.4758 -0.1562 -0.0326
-0.4824 -0.1559 -0.0359
-0.4893 -0.1562 -0.0391
-0.4964 -0.1569 -0.0424
-0.5022 -0.1579 -0.0469
-0.5085 -0.1588 -0.0508
-0.5147 -0.1596 -0.0548
-0.5204 -0.1599 -0.0591
-0.5256 -0.1598 -0.0637
-0.5303 -0.1594 -0.0684
-0.5362 -0.1577 -0.0730
-0.5408 -0.1566 -0.0774
-0.5451 -0.1557 -0.0816
-0.5492 -0.1551 -0.0855
-0.5533 -0.1546 -0.0890
-0.5574 -0.1542 -0.0923
-0.5629 -0.1522 -0.0944
-0.5673 -0.1514 -0.0972
-0.5711 -0.1510 -0.1000
-0.5746 -0.1507 -0.1028
-0.5778 -0.1505 -0.1053
-0.5798 -0.1489 -0.1070
-0.5805 -0.1457 -0.1079
-0.5824 -0.1446 -0.1087
-0.5846 -0.1443 -0.1092
-0.5868 -0.1443 -0.1093
-0.5889 -0.1445 -0.1089
-0.5928 -0.1455 -0.1065
-0.5945 -0.1461 -0.1044
-0.5968 -0.1453 -0.1018
-0.5985 -0.1455 -0.0982
-0.6000 -0.1461 -0.0938
-0.6014 -0.1467 -0.0884
-0.6028 -0.1474 -0.0823
-0.6040 -0.1483 -0.0753
-0.6052 -0.1492 -0.0675
-0.6064 -0.1502 -0.0590
-0.6077 -0.1514 -0.0499
-0.6090 -0.1527 -0.0403
-0.6104 -0.1544 -0.0302
-0.6110 -0.1551 -0.0187
-0.6124 -0.1568 -0.0075
-0.6140 -0.1590 0.0038
-0.6158 -0.1612 0.0152
-0.6176 -0.1636 0.0268
-0.6186 -0.1642 0.0392
-0.6199 -0.1657 0.0514
-0.6212 -0.1671 0.0636
-0.6222 -0.1682 0.0760
-0.6231 -0.1689 0.0884
-0.6238 -0.1693 0.1009
-0.6246 -0.1696 0.1134
-0.6221 -0.1709 0.1277
-0.6220 -0.1714 0.1407
-0.6228 -0.1717 0.1533
-0.6238 -0.1718 0.1654
-0.6250 -0.1719 0.1773
-0.6149 -0.1724 0.1956
-0.6126 -0.1729 0.2089
-0.6129 -0.1736 0.2200
-0.6143 -0.1744 0.2301
-0.6163 -0.1753 0.2395
-0.6187 -0.1763 0.2482
-0.6099 -0.1748 0.2652
-0.6089 -0.1749 0.2757
-0.6104 -0.1752 0.2839
-0.6127 -0.1755 0.2910
-0.6153 -0.1756 0.2974
-0.6153 -0.1756 0.2974
-0.6178 -0.1756 0.3032
-0.6100 -0.1735 0.3189
-0.6094 -0.1730 0.3269
-0.6111 -0.1733 0.3320
-0.6139 -0.1740 0.3357
-0.6173 -0.1751 0.3385
-0.6212 -0.1765 0.3407
-0.6184 -0.1753 0.3587
-0.6208 -0.1762 0.3653
-0.6251 -0.1780 0.3680
-0.6302 -0.1801 0.3693
-0.6357 -0.1824 0.3699
-0.6383 -0.1838 0.3773
-0.6374 -0.1841 0.3924
-0.6413 -0.1855 0.3971
-0.6468 -0.1872 0.3985
-0.6527 -0.1888 0.3987
-0.6589 -0.1903 0.3984
-0.6653 -0.1918 0.3979
-0.6675 -0.1894 0.4091
-0.6730 -0.1896 0.4125
-0.6798 -0.1904 0.4135
-0.6871 -0.1913 0.4137
-0.6946 -0.1922 0.4137
-0.7004 -0.1917 0.4155
-0.7042 -0.1896 0.4195
-0.7106 -0.1889 0.4209
-0.7177 -0.1882 0.4215
-0.7250 -0.1873 0.4220
-0.7324 -0.1860 0.4228
-0.7389 -0.1838 0.4245
-0.7446 -0.1807 0.4271
-0.7519 -0.1780 0.4297
-0.7600 -0.1753 0.4327
-0.7684 -0.1723 0.4363
-0.7767 -0.1689 0.4406
-0.7841 -0.1651 0.4459
-0.7904 -0.1614 0.4522
-0.7968 -0.1573 0.4582
-0.8029 -0.1534 0.4642
-0.8092 -0.1502 0.4702
-0.8157 -0.1478 0.4763
-0.8229 -0.1465 0.4826
-0.8299 -0.1460 0.4896
-0.8383 -0.1466 0.4963
-0.8473 -0.1479 0.5028
-0.8566 -0.1498 0.5091
-0.8658 -0.1521 0.5151
-0.8747 -0.1548 0.5206
-0.8816 -0.1552 0.5261
-0.8894 -0.1577 0.5303
-0.8975 -0.1608 0.5335
-0.9054 -0.1643 0.5357
-0.9130 -0.1678 0.5371
-0.9203 -0.1705 0.5381
-0.9273 -0.1723 0.5389
-0.9346 -0.1750 0.5390
-0.9420 -0.1779 0.5388
-0.9497 -0.1808 0.5385
-0.9575 -0.1834 0.5384
-0.9659 -0.1858 0.5387
-0.9746 -0.1878 0.5396
-0.9830 -0.1893 0.5407
-0.9912 -0.1904 0.5422
-0.9994 -0.1911 0.5443
-1.0077 -0.1914 0.5470
-1.0160 -0.1916 0.5503
-1.0244 -0.1881 0.5551
-1.0330 -0.1867 0.5600
-1.0416 -0.1858 0.5653
-1.0503 -0.1849 0.5712
-1.0592 -0.1840 0.5776
-1.0684 -0.1821 0.5850
-1.0776 -0.1791 0.5935
-1.0875 -0.1773 0.6021
-1.0975 -0.1758 0.6110
-1.1078 -0.1745 0.6202
-1.1183 -0.1733 0.6296
-1.1289 -0.1716 0.6394
-1.1396 -0.1694 0.6496
-1.1502 -0.1680 0.6593
-1.1606 -0.1669 0.6688
-1.1705 -0.1659 0.6781
-1.1801 -0.1653 0.6870
-1.1896 -0.1653 0.6951
-1.1983 -0.1643 0.7032
-1.2079 -0.1653 0.7098
-1.2181 -0.1673 0.7151
-1.2285 -0.1698 0.7197
-1.2389 -0.1723 0.7236
-1.2488 -0.1738 0.7273
-1.2580 -0.1741 0.7310
-1.2668 -0.1748 0.7340
-1.2749 -0.1754 0.7365
-1.2826 -0.1762 0.7383
-1.2901 -0.1775 0.7393
-1.2969 -0.1793 0.7393
-1.3032 -0.1814 0.7384
-1.3102 -0.1841 0.7367
-1.3175 -0.1870 0.7344
-1.3250 -0.1897 0.7319
-1.3325 -0.1923 0.7293
-1.3401 -0.1941 0.7270
-1.3478 -0.1951 0.7251
-1.3558 -0.1967 0.7228
-1.3641 -0.1983 0.7205
-1.3727 -0.1995 0.7184
-1.3818 -0.2004 0.7168
-1.3913 -0.2009 0.7157
-1.4010 -0.2002 0.7160
-1.4113 -0.1998 0.7163
-1.4221 -0.1993 0.7172
-1.4334 -0.1988 0.7186
-1.4452 -0.1982 0.7204
-1.4572 -0.1970 0.7227
-1.4692 -0.1947 0.7254
-1.4823 -0.1933 0.7285
-1.4960 -0.1918 0.7321
-1.5103 -0.1902 0.7361
-1.5251 -0.1883 0.7406
-1.5401 -0.1861 0.7457
-1.5539 -0.1831 0.7519
-1.5678 -0.1797 0.7584
-1.5810 -0.1758 0.7651
-1.5934 -0.1717 0.7720
-1.6050 -0.1677 0.7790
-1.6162 -0.1641 0.7857
-1.6271 -0.1613 0.7924
-1.6386 -0.1596 0.7989
-1.6507 -0.1589 0.8054
-1.6633 -0.1591 0.8121
-1.6760 -0.1598 0.8190
-1.6879 -0.1604 0.8263
-1.6986 -0.1610 0.8336
-1.7091 -0.1619 0.8407
-1.7188 -0.1630 0.8472
-1.7281 -0.1646 0.8531
-1.7368 -0.1665 0.8581
-1.7448 -0.1689 0.8624
-1.7520 -0.1718 0.8661
-1.7600 -0.1747 0.8694
-1.7683 -0.1777 0.8725
-1.7769 -0.1808 0.8758
-1.7859 -0.1839 0.8793
-1.7946 -0.1865 0.8834
-1.8029 -0.1884 0.8883
-1.8127 -0.1910 0.8937
-1.8233 -0.1938 0.8998
-1.8344 -0.1962 0.9067
-1.8459 -0.1984 0.9144
-1.8577 -0.2003 0.9235
-1.8698 -0.2019 0.9339
-1.8823 -0.2034 0.9447
-1.8952 -0.2048 0.9559
-1.9083 -0.2061 0.9677
-1.9216 -0.2071 0.9800
-1.9344 -0.2078 0.9925
-1.9466 -0.2081 1.0052
-1.9595 -0.2084 1.0179
-1.9726 -0.2085 1.0305
-1.9858 -0.2084 1.0426
-1.9991 -0.2079 1.0545
-2.0269 -0.2057 1.0770
-2.0427 -0.2038 1.0879
-2.0568 -0.2015 1.0977
-2.0703 -0.1988 1.1068
-2.0834 -0.1958 1.1151
-2.1096 -0.1898 1.1293
-2.1235 -0.1876 1.1354
-2.1372 -0.1858 1.1404
-2.1513 -0.1846 1.1446
-2.1659 -0.1840 1.1479
-2.1809 -0.1837 1.1505
-2.1961 -0.1836 1.1526
-2.2112 -0.1833 1.1542
-2.2259 -0.1826 1.1554
-2.2399 -0.1813 1.1562
-2.2529 -0.1793 1.1566
-2.2651 -0.1769 1.1566
-2.2783 -0.1764 1.1579
-2.2899 -0.1748 1.1579
-2.3010 -0.1733 1.1577
-2.3120 -0.1722 1.1575
-2.3231 -0.1715 1.1579
-2.3344 -0.1713 1.1588
-2.3453 -0.1709 1.1578
-2.3572 -0.1710 1.1598
-2.3697 -0.1712 1.1638
-2.3829 -0.1714 1.1693
-2.3965 -0.1715 1.1764
-2.4105 -0.1714 1.1850
-2.4240 -0.1700 1.1938
-2.4381 -0.1691 1.2047
-2.4523 -0.1681 1.2170
-2.4665 -0.1670 1.2305
-2.4804 -0.1657 1.2449
-2.4938 -0.1640 1.2596
-2.5068 -0.1622 1.2743
-2.5191 -0.1600 1.2896
-2.5311 -0.1578 1.3052
-2.5432 -0.1557 1.3209
-2.5553 -0.1539 1.3369
-2.5667 -0.1521 1.3528
-2.5767 -0.1500 1.3682
-2.5855 -0.1472 1.3834
-2.5929 -0.1439 1.3978
-2.5992 -0.1406 1.4113
-2.6049 -0.1379 1.4242
-2.6105 -0.1361 1.4367
-2.6139 -0.1352 1.4485
-2.6185 -0.1356 1.4609
-2.6232 -0.1371 1.4733
-2.6274 -0.1393 1.4856
-2.6312 -0.1422 1.4974
-2.6340 -0.1455 1.5083
-2.6361 -0.1494 1.5182
-2.6393 -0.1540 1.5283
-2.6432 -0.1592 1.5382
-2.6478 -0.1649 1.5480
-2.6529 -0.1708 1.5578
-2.6584 -0.1769 1.5678
-2.6615 -0.1810 1.5779
-2.6667 -0.1861 1.5884
-2.6727 -0.1914 1.5992
-2.6789 -0.1962 1.6102
-2.6852 -0.2005 1.6212
-2.6904 -0.2032 1.6324
-2.6944 -0.2042 1.6440
-2.7001 -0.2062 1.6557
-2.7066 -0.2084 1.6676
-2.7135 -0.2106 1.6800
-2.7206 -0.2127 1.6926
-2.7273 -0.2140 1.7062
-2.7334 -0.2143 1.7207
-2.7413 -0.2163 1.7348
-2.7499 -0.2189 1.7489
-2.7591 -0.2218 1.7633
-2.7686 -0.2248 1.7777
-2.7776 -0.2261 1.7933
-2.7856 -0.2255 1.8101
-2.7951 -0.2261 1.8254
-2.8049 -0.2264 1.8402
-2.8146 -0.2260 1.8547
-2.8241 -0.2245 1.8690
-2.8423 -0.2193 1.8973
-2.8510 -0.2159 1.9109
-2.8598 -0.2123 1.9241
-2.8691 -0.2090 1.9368
-2.8792 -0.2060 1.9492
-2.8792 -0.2060 1.9492
-2.9020 -0.2011 1.9724
-2.9142 -0.1985 1.9828
-2.9264 -0.1954 1.9920
-2.9382 -0.1916 1.9999
-2.9496 -0.1873 2.0064
-2.9607 -0.1828 2.0116
-2.9714 -0.1786 2.0161
-2.9798 -0.1706 2.0234
-2.9897 -0.1666 2.0284
-2.9999 -0.1646 2.0327
-3.0103 -0.1641 2.0369
-3.0200 -0.1629 2.0417
-3.0286 -0.1607 2.0473
-3.0380 -0.1613 2.0531
-3.0474 -0.1630 2.0598
-3.0567 -0.1654 2.0675
-3.0657 -0.1683 2.0764
-3.0743 -0.1715 2.0864
-3.0799 -0.1719 2.0957
-3.0869 -0.1748 2.1070
-3.0941 -0.1787 2.1193
-3.1013 -0.1830 2.1323
-3.1084 -0.1877 2.1458
-3.1145 -0.1925 2.1594
-3.1196 -0.1972 2.1726
-3.1254 -0.2013 2.1854
-3.1312 -0.2047 2.1978
-3.1369 -0.2074 2.2103
-3.1423 -0.2093 2.2234
-3.1475 -0.2102 2.2375
-3.1521 -0.2101 2.2528
-3.1559 -0.2087 2.2686
-3.1586 -0.2059 2.2846
-3.1600 -0.2018 2.3003
-3.1607 -0.1969 2.3156
-3.1614 -0.1921 2.3310
-3.1627 -0.1882 2.3470
-3.1636 -0.1847 2.3627
-3.1646 -0.1820 2.3784
-3.1660 -0.1802 2.3941
-3.1677 -0.1792 2.4096
-3.1699 -0.1789 2.4247
-3.1735 -0.1793 2.4398
-3.1771 -0.1805 2.4538
-3.1812 -0.1825 2.4668
-3.1863 -0.1852 2.4789
-3.1925 -0.1889 2.4902
-3.2006 -0.1942 2.5014
-3.2108 -0.2012 2.5125
-3.2219 -0.2080 2.5221
-3.2342 -0.2149 2.5308
-3.2478 -0.2220 2.5388
-3.2624 -0.2291 2.5464
-3.2788 -0.2358 2.5539
-3.2969 -0.2417 2.5615
-3.3130 -0.2463 2.5684
-3.3281 -0.2495 2.5750
-3.3423 -0.2513 2.5818
-3.3557 -0.2519 2.5890
-3.3694 -0.2514 2.5974
-3.3838 -0.2500 2.6071
-3.3968 -0.2488 2.6174
-3.4093 -0.2475 2.6284
-3.4217 -0.2459 2.6400
-3.4342 -0.2441 2.6517
-3.4470 -0.2421 2.6635
-3.4616 -0.2403 2.6748
-3.4758 -0.2383 2.6860
-3.4904 -0.2362 2.6969
-3.5057 -0.2341 2.7076
-3.5215 -0.2319 2.7178
-3.5381 -0.2290 2.7275
-3.5556 -0.2256 2.7363
-3.5718 -0.2225 2.7439
-3.5880 -0.2198 2.7503
-3.6046 -0.2180 2.7556
-3.6220 -0.2172 2.7601
-3.6411 -0.2166 2.7639
-3.6620 -0.2161 2.7669
-3.6825 -0.2170 2.7688
-3.7028 -0.2183 2.7696
-3.7227 -0.2193 2.7695
-3.7417 -0.2196 2.7682
-3.7595 -0.2189 2.7657
-3.7758 -0.2157 2.7595
-3.7910 -0.2132 2.7544
-3.8055 -0.2110 2.7492
-3.8193 -0.2092 2.7439
-3.8326 -0.2080 2.7385
-3.8457 -0.2069 2.7327
-3.8587 -0.2058 2.7265
-3.8714 -0.2062 2.7214
-3.8842 -0.2074 2.7170
-3.8969 -0.2092 2.7132
-3.9096 -0.2116 2.7100
-3.9221 -0.2138 2.7069
-3.9342 -0.2157 2.7037
-3.9463 -0.2185 2.7018
-3.9583 -0.2215 2.7007
-3.9702 -0.2245 2.7002
-3.9819 -0.2275 2.7003
-3.9935 -0.2303 2.7013
-4.0033 -0.2325 2.7023
-4.0140 -0.2343 2.7055
-4.0246 -0.2355 2.7104
-4.0350 -0.2356 2.7168
-4.0455 -0.2348 2.7244
-4.0563 -0.2328 2.7327
-4.0675 -0.2298 2.7419
-4.0790 -0.2264 2.7537
-4.0902 -0.2224 2.7674
-4.1005 -0.2177 2.7826
-4.1097 -0.2124 2.7985
-4.1185 -0.2071 2.8147
-4.1275 -0.2021 2.8307
-4.1359 -0.1977 2.8471
-4.1445 -0.1942 2.8636
-4.1534 -0.1917 2.8801
-4.1627 -0.1902 2.8967
-4.1720 -0.1896 2.9130
-4.1806 -0.1893 2.9290
-4.1881 -0.1892 2.9447
-4.1945 -0.1891 2.9595
-4.2002 -0.1891 2.9730
-4.2057 -0.1896 2.9851
-4.2116 -0.1908 2.9960
-4.2183 -0.1928 3.0052
-4.2258 -0.1956 3.0138
-4.2341 -0.1991 3.0219
-4.2432 -0.2028 3.0295
-4.2527 -0.2066 3.0369
-4.2624 -0.2104 3.0443
-4.2723 -0.2136 3.0515
-4.2822 -0.2168 3.0590
-4.2922 -0.2196 3.0667
-4.3023 -0.2222 3.0742
-4.3126 -0.2243 3.0816
-4.3230 -0.2257 3.0887
-4.3335 -0.2262 3.0956
-4.3440 -0.2267 3.1023
-4.3544 -0.2270 3.1091
-4.3651 -0.2272 3.1158
-4.3759 -0.2273 3.1226
-4.3871 -0.2275 3.1292
-4.3987 -0.2279 3.1354
-4.4106 -0.2280 3.1420
-4.4229 -0.2279 3.1488
-4.4356 -0.2277 3.1557
-4.4484 -0.2272 3.1627
-4.4614 -0.2265 3.1696
-4.4742 -0.2254 3.1765
-4.4865 -0.2238 3.1830
-4.4985 -0.2218 3.1891
-4.5102 -0.2198 3.1949
-4.5217 -0.2180 3.2002
-4.5333 -0.2166 3.2052
-4.5449 -0.2157 3.2101
-4.5561 -0.2150 3.2145
-4.5671 -0.2145 3.2186
-4.5780 -0.2145 3.2226
-4.5891 -0.2150 3.2266
-4.6112 -0.2174 3.2350
-4.6215 -0.2187 3.2395
-4.6308 -0.2196 3.2441
-4.6389 -0.2197 3.2489
-4.6456 -0.2192 3.2539
-4.6511 -0.2184 3.2590
-4.6558 -0.2175 3.2643
-4.6600 -0.2168 3.2698
-4.6637 -0.2164 3.2758
-4.6671 -0.2165 3.2824
-4.6702 -0.2170 3.2897
-4.6729 -0.2179 3.2977
-4.6753 -0.2192 3.3066
-4.6755 -0.2206 3.3149
-4.6765 -0.2223 3.3248
-4.6774 -0.2241 3.3353
-4.6778 -0.2259 3.3461
-4.6776 -0.2275 3.3570
-4.6754 -0.2293 3.3668
-4.6731 -0.2306 3.3767
-4.6702 -0.2312 3.3861
-4.6666 -0.2313 3.3946
-4.6624 -0.2310 3.4023
-4.6578 -0.2305 3.4093
-4.6523 -0.2296 3.4151
-4.6472 -0.2293 3.4212
-4.6424 -0.2293 3.4273
-4.6376 -0.2294 3.4329
-4.6328 -0.2295 3.4379
-4.6279 -0.2297 3.4424
-4.6222 -0.2287 3.4462
-4.6170 -0.2288 3.4496
-4.6122 -0.2294 3.4527
-4.6076 -0.2304 3.4555
-4.6031 -0.2316 3.4582
-4.5985 -0.2326 3.4609
-4.5937 -0.2332 3.4635
-4.5894 -0.2345 3.4656
-4.5854 -0.2360 3.4673
-4.5815 -0.2375 3.4687
-4.5774 -0.2390 3.4697
-4.5721 -0.2389 3.4698
-4.5652 -0.2371 3.4690
-4.5596 -0.2369 3.4679
-4.5541 -0.2371 3.4663
-4.5485 -0.2376 3.4643
-4.5428 -0.2382 3.4620
-4.5370 -0.2391 3.4596
-4.5257 -0.2375 3.4560
-4.5176 -0.2379 3.4533
-4.5104 -0.2388 3.4506
-4.5034 -0.2398 3.4478
-4.4962 -0.2408 3.4447
-4.4890 -0.2417 3.4414
-4.4781 -0.2392 3.4359
-4.4692 -0.2388 3.4315
-4.4607 -0.2390 3.4274
-4.4521 -0.2395 3.4233
-4.4432 -0.2401 3.4191
-4.4339 -0.2407 3.4148
-4.4230 -0.2400 3.4097
-4.4127 -0.2403 3.4049
-4.4025 -0.2409 3.4000
-4.3923 -0.2415 3.3950
-4.3820 -0.2422 3.3897
-4.3716 -0.2429 3.3841
-4.3605 -0.2424 3.3772
-4.3496 -0.2428 3.3707
-4.3385 -0.2435 3.3640
-4.3272 -0.2443 3.3571
-4.3157 -0.2453 3.3499
-4.3039 -0.2464 3.3424
-4.2917 -0.2454 3.3320
-4.2794 -0.2460 3.3231
-4.2667 -0.2472 3.3147
-4.2538 -0.2486 3.3063
-4.2407 -0.2501 3.2977
-4.2275 -0.2516 3.2891
-4.2156 -0.2502 3.2767
-4.2028 -0.2505 3.2668
-4.1897 -0.2510 3.2576
-4.1764 -0.2512 3.2485
-4.1632 -0.2508 3.2391
-4.1500 -0.2495 3.2293
-4.1373 -0.2455 3.2162
-4.1244 -0.2419 3.2038
-4.1113 -0.2380 3.1913
-4.0981 -0.2341 3.1783
-4.0846 -0.2304 3.1649
-4.0707 -0.2270 3.1514
-4.0576 -0.2233 3.1369
-4.0436 -0.2206 3.1230
-4.0293 -0.2187 3.1092
-4.0151 -0.2173 3.0955
-4.0013 -0.2165 3.0818
-3.9880 -0.2161 3.0682
-3.9764 -0.2152 3.0530
-3.9648 -0.2155 3.0389
-3.9535 -0.2165 3.0253
-3.9427 -0.2182 3.0121
-3.9323 -0.2206 2.9992
-3.9222 -0.2236 2.9866
-3.9147 -0.2262 2.9732
-3.9058 -0.2302 2.9612
-3.8965 -0.2351 2.9499
-3.8871 -0.2405 2.9392
-3.8775 -0.2463 2.9291
-3.8678 -0.2522 2.9194
-3.8598 -0.2573 2.9087
-3.8502 -0.2627 2.8993
-3.8398 -0.2679 2.8905
-3.8289 -0.2726 2.8818
-3.8176 -0.2765 2.8734
-3.8059 -0.2798 2.8650
-3.8008 -0.2821 2.8560
-3.7907 -0.2839 2.8474
-3.7786 -0.2853 2.8388
-3.7656 -0.2862 2.8301
-3.7519 -0.2868 2.8213
-3.7376 -0.2872 2.8123
-3.7275 -0.2875 2.8046
-3.7138 -0.2876 2.7962
-3.6989 -0.2874 2.7877
-3.6833 -0.2870 2.7793
-3.6671 -0.2863 2.7712
-3.6509 -0.2849 2.7619
-3.6350 -0.2826 2.7510
-3.6184 -0.2806 2.7418
-3.6017 -0.2782 2.7331
-3.5854 -0.2753 2.7244
-3.5696 -0.2718 2.7156
-3.5550 -0.2676 2.7065
-3.5419 -0.2642 2.6970
-3.5303 -0.2593 2.6871
-3.5199 -0.2541 2.6768
-3.5105 -0.2493 2.6659
-3.5015 -0.2453 2.6539
-3.4927 -0.2425 2.6409
-3.4861 -0.2403 2.6272
-3.4784 -0.2396 2.6124
-3.4707 -0.2401 2.5971
-3.4632 -0.2416 2.5815
-3.4559 -0.2440 2.5661
-3.4487 -0.2472 2.5509
-3.4453 -0.2511 2.5369
-3.4393 -0.2558 2.5222
-3.4323 -0.2610 2.5072
-3.4249 -0.2668 2.4922
-3.4171 -0.2730 2.4771
-3.4089 -0.2795 2.4620
-3.4028 -0.2858 2.4483
-3.3946 -0.2921 2.4338
-3.3854 -0.2981 2.4194
-3.3756 -0.3036 2.4053
-3.3652 -0.3084 2.3915
-3.3542 -0.3126 2.3782
-3.3442 -0.3157 2.3661
-3.3324 -0.3184 2.3537
-3.3194 -0.3205 2.3414
-3.3056 -0.3221 2.3291
-3.2909 -0.3230 2.3169
-3.2761 -0.3231 2.3047
-3.2615 -0.3221 2.2925
-3.2451 -0.3206 2.2807
-3.2276 -0.3183 2.2693
-3.2095 -0.3151 2.2584
-3.1910 -0.3109 2.2480
-3.1729 -0.3057 2.2381
-3.1554 -0.2997 2.2285
-3.1374 -0.2937 2.2202
-3.1189 -0.2880 2.2129
-3.0999 -0.2829 2.2063
-3.0803 -0.2784 2.2006
-3.0390 -0.2715 2.1909
-3.0192 -0.2687 2.1861
-2.9991 -0.2658 2.1823
-2.9797 -0.2626 2.1792
-2.9612 -0.2589 2.1766
-2.9438 -0.2552 2.1743
-2.9273 -0.2517 2.1722
-2.9113 -0.2487 2.1699
-2.8957 -0.2464 2.1673
-2.8803 -0.2450 2.1642
-2.8650 -0.2444 2.1603
-2.8497 -0.2447 2.1555
-2.8343 -0.2458 2.1499
-2.8195 -0.2478 2.1426
-2.8038 -0.2505 2.1348
-2.7876 -0.2538 2.1263
-2.7713 -0.2573 2.1171
-2.7549 -0.2610 2.1073
-2.7398 -0.2655 2.0965
-2.7241 -0.2692 2.0857
-2.7081 -0.2724 2.0745
-2.6921 -0.2753 2.0628
-2.6762 -0.2778 2.0506
-2.6603 -0.2798 2.0378
-2.6450 -0.2841 2.0239
-2.6300 -0.2859 2.0098
-2.6154 -0.2864 1.9952
-2.6015 -0.2859 1.9801
-2.5884 -0.2845 1.9642
-2.5766 -0.2830 1.9477
-2.5663 -0.2814 1.9310
-2.5576 -0.2787 1.9140
-2.5499 -0.2759 1.8969
-2.5426 -0.2735 1.8795
-2.5352 -0.2718 1.8615
-2.5277 -0.2715 1.8426
-2.5202 -0.2723 1.8229
-2.5133 -0.2732 1.8022
-2.5072 -0.2744 1.7812
-2.5017 -0.2761 1.7604
-2.4965 -0.2783 1.7400
-2.4913 -0.2813 1.7201
-2.4868 -0.2853 1.7020
-2.4809 -0.2900 1.6834
-2.4739 -0.2954 1.6649
-2.4660 -0.3015 1.6465
-2.4573 -0.3079 1.6283
-2.4573 -0.3079 1.6283
-2.4374 -0.3216 1.5933
-2.4259 -0.3289 1.5775
-2.4139 -0.3349 1.5619
-2.4012 -0.3400 1.5470
-2.3878 -0.3443 1.5329
-2.3736 -0.3477 1.5195
-2.3587 -0.3503 1.5066
-2.3432 -0.3520 1.4941
-2.3274 -0.3528 1.4818
-2.3112 -0.3527 1.4697
-2.2949 -0.3517 1.4577
-2.2782 -0.3502 1.4455
-2.2611 -0.3482 1.4332
-2.2436 -0.3485 1.4224
-2.2253 -0.3468 1.4107
-2.2067 -0.3442 1.3992
-2.1880 -0.3412 1.3883
-2.1691 -0.3381 1.3782
-2.1505 -0.3378 1.3707
-2.1308 -0.3364 1.3630
-2.1101 -0.3353 1.3556
-2.0883 -0.3348 1.3488
-2.0659 -0.3349 1.3424
-2.0433 -0.3352 1.3364
-2.0210 -0.3385 1.3343
-1.9995 -0.3391 1.3307
-1.9790 -0.3386 1.3272
-1.9594 -0.3376 1.3239
-1.9404 -0.3366 1.3208
-1.9219 -0.3359 1.3176
-1.9054 -0.3352 1.3169
-1.8883 -0.3350 1.3138
-1.8711 -0.3351 1.3094
-1.8541 -0.3355 1.3040
-1.8371 -0.3363 1.2978
-1.8200 -0.3375 1.2906
-1.8058 -0.3381 1.2872
-1.7894 -0.3399 1.2801
-1.7722 -0.3421 1.2716
-1.7549 -0.3444 1.2625
-1.7376 -0.3468 1.2530
-1.7202 -0.3494 1.2434
-1.7067 -0.3512 1.2363
-1.6902 -0.3537 1.2272
-1.6728 -0.3562 1.2172
-1.6552 -0.3586 1.2070
-1.6379 -0.3604 1.1965
-1.6212 -0.3616 1.1858
-1.6057 -0.3626 1.1787
-1.5903 -0.3626 1.1690
-1.5754 -0.3622 1.1581
-1.5614 -0.3612 1.1464
-1.5486 -0.3598 1.1341
-1.5369 -0.3581 1.1213
-1.5236 -0.3583 1.1111
-1.5124 -0.3575 1.0983
-1.5017 -0.3568 1.0839
-1.4911 -0.3568 1.0682
-1.4806 -0.3573 1.0512
-1.4705 -0.3584 1.0334
-1.4631 -0.3602 1.0184
-1.4549 -0.3622 1.0014
-1.4465 -0.3648 0.9840
-1.4381 -0.3680 0.9670
-1.4295 -0.3718 0.9504
-1.4205 -0.3764 0.9344
-1.4148 -0.3813 0.9223
-1.4061 -0.3869 0.9081
-1.3961 -0.3930 0.8935
-1.3854 -0.3993 0.8787
-1.3740 -0.4058 0.8642
-1.3657 -0.4114 0.8517
-1.3610 -0.4160 0.8417
-1.3509 -0.4210 0.8293
-1.3390 -0.4254 0.8164
-1.3263 -0.4290 0.8033
-1.3133 -0.4319 0.7899
-1.2999 -0.4340 0.7762
-1.2920 -0.4327 0.7608
-1.2801 -0.4324 0.7457
-1.2671 -0.4317 0.7306
-1.2537 -0.4302 0.7154
-1.2402 -0.4279 0.7005
-1.2265 -0.4250 0.6860
-1.2131 -0.4199 0.6724
-1.1988 -0.4154 0.6594
-1.1839 -0.4110 0.6473
-1.1687 -0.4065 0.6360
-1.1535 -0.4021 0.6258
-1.1380 -0.3981 0.6168
-1.1275 -0.3927 0.6154
-1.1126 -0.3897 0.6106
-1.0955 -0.3883 0.6054
-1.0770 -0.3882 0.6006
-1.0573 -0.3893 0.5964
-1.0369 -0.3913 0.5926
-1.0207 -0.3908 0.5932
-1.0020 -0.3921 0.5917
-0.9833 -0.3932 0.5901
-0.9655 -0.3939 0.5889
-0.9490 -0.3941 0.5884
-0.9332 -0.3940 0.5886
-0.9220 -0.3914 0.5913
-0.9087 -0.3908 0.5929
-0.8948 -0.3912 0.5939
-0.8810 -0.3920 0.5942
-0.8673 -0.3934 0.5936
-0.8536 -0.3951 0.5920
-0.8423 -0.3956 0.5896
-0.8290 -0.3978 0.5859
-0.8147 -0.4008 0.5812
-0.7998 -0.4044 0.5755
-0.7845 -0.4082 0.5691
-0.7689 -0.4122 0.5618
-0.7548 -0.4146 0.5535
-0.7397 -0.4174 0.5447
-0.7246 -0.4198 0.5351
-0.7101 -0.4214 0.5250
-0.6962 -0.4220 0.5144
-0.6830 -0.4218 0.5032
-0.6696 -0.4233 0.4929
-0.6572 -0.4226 0.4810
-0.6451 -0.4211 0.4679
-0.6335 -0.4190 0.4537
-0.6228 -0.4166 0.4381
-0.6139 -0.4141 0.4217
-0.6069 -0.4119 0.4050
-0.6014 -0.4092 0.3873
-0.5970 -0.4069 0.3691
-0.5932 -0.4054 0.3504
-0.5897 -0.4053 0.3311
-0.5864 -0.4064 0.3112
-0.5831 -0.4101 0.2913
-0.5808 -0.4137 0.2707
-0.5797 -0.4178 0.2500
-0.5798 -0.4222 0.2300
-0.5808 -0.4267 0.2109
-0.5823 -0.4315 0.1931
-0.5851 -0.4385 0.1775
-0.5868 -0.4443 0.1622
-0.5879 -0.4499 0.1475
-0.5885 -0.4552 0.1333
-0.5887 -0.4604 0.1195
-0.5886 -0.4654 0.1059
-0.5881 -0.4708 0.0926
-0.5869 -0.4757 0.0792
-0.5850 -0.4802 0.0656
-0.5823 -0.4844 0.0519
-0.5789 -0.4883 0.0381
-0.5758 -0.4914 0.0247
-0.5732 -0.4934 0.0116
-0.5684 -0.4955 -0.0020
-0.5625 -0.4972 -0.0158
-0.5557 -0.4982 -0.0295
-0.5483 -0.4986 -0.0429
-0.5418 -0.4971 -0.0555
-0.5362 -0.4936 -0.0674
-0.5276 -0.4908 -0.0790
-0.5172 -0.4879 -0.0900
-0.5060 -0.4845 -0.1005
-0.4943 -0.4805 -0.1102
-0.4825 -0.4759 -0.1189
-0.4741 -0.4669 -0.1254
-0.4636 -0.4606 -0.1315
-0.4521 -0.4557 -0.1368
-0.4400 -0.4518 -0.1412
-0.4273 -0.4492 -0.1451
-0.4140 -0.4479 -0.1487
-0.4036 -0.4432 -0.1515
-0.3913 -0.4422 -0.1549
-0.3791 -0.4427 -0.1590
-0.3679 -0.4434 -0.1635
-0.3584 -0.4438 -0.1683
-0.3507 -0.4436 -0.1731
-0.3473 -0.4398 -0.1770
-0.3432 -0.4380 -0.1813
-0.3396 -0.4369 -0.1859
-0.3368 -0.4364 -0.1910
-0.3347 -0.4365 -0.1968
-0.3335 -0.4373 -0.2036
-0.3358 -0.4351 -0.2106
-0.3369 -0.4361 -0.2195
-0.3381 -0.4386 -0.2300
-0.3398 -0.4419 -0.2416
-0.3420 -0.4459 -0.2543
-0.3446 -0.4503 -0.2676
-0.3494 -0.4524 -0.2804
-0.3536 -0.4565 -0.2944
-0.3577 -0.4615 -0.3090
-0.3623 -0.4666 -0.3238
-0.3672 -0.4718 -0.3387
-0.3726 -0.4768 -0.3534
-0.3796 -0.4804 -0.3668
-0.3862 -0.4844 -0.3805
-0.3931 -0.4881 -0.3940
-0.4003 -0.4914 -0.4070
-0.4079 -0.4943 -0.4196
-0.4163 -0.4964 -0.4314
-0.4256 -0.4977 -0.4427
-0.4343 -0.4994 -0.4538
-0.4430 -0.5012 -0.4645
-0.4519 -0.5028 -0.4746
-0.4610 -0.5044 -0.4841
-0.4702 -0.5060 -0.4930
-0.4805 -0.5053 -0.5006
-0.4897 -0.5065 -0.5082
-0.4981 -0.5083 -0.5157
-0.5058 -0.5104 -0.5233
-0.5129 -0.5126 -0.5311
-0.5201 -0.5143 -0.5384
-0.5291 -0.5129 -0.5434
-0.5367 -0.5120 -0.5471
-0.5432 -0.5103 -0.5492
-0.5483 -0.5080 -0.5501
-0.5521 -0.5054 -0.5506
-0.5548 -0.5028 -0.5510
-0.5576 -0.4993 -0.5512
-0.5595 -0.4965 -0.5511
-0.5613 -0.4938 -0.5504
-0.5633 -0.4911 -0.5487
-0.5656 -0.4883 -0.5459
-0.5681 -0.4858 -0.5423
-0.5705 -0.4840 -0.5381
-0.5727 -0.4822 -0.5331
-0.5744 -0.4806 -0.5273
-0.5754 -0.4790 -0.5208
-0.5757 -0.4775 -0.5136
-0.5752 -0.4761 -0.5059
-0.5754 -0.4719 -0.4962
-0.5741 -0.4699 -0.4869
-0.5721 -0.4689 -0.4772
-0.5696 -0.4684 -0.4671
-0.5667 -0.4683 -0.4566
-0.5630 -0.4683 -0.4456
-0.5584 -0.4683 -0.4343
-0.5539 -0.4688 -0.4225
-0.5492 -0.4695 -0.4103
-0.5439 -0.4703 -0.3974
-0.5382 -0.4714 -0.3841
-0.5317 -0.4721 -0.3700
-0.5243 -0.4726 -0.3551
-0.5165 -0.4741 -0.3408
-0.5080 -0.4761 -0.3266
-0.4989 -0.4785 -0.3126
-0.4888 -0.4811 -0.2987
-0.4779 -0.4839 -0.2849
-0.4657 -0.4855 -0.2701
-0.4529 -0.4878 -0.2569
-0.4396 -0.4904 -0.2447
-0.4259 -0.4930 -0.2334
-0.4119 -0.4953 -0.2227
-0.3978 -0.4974 -0.2124
-0.3832 -0.4980 -0.2010
-0.3683 -0.4985 -0.1909
-0.3531 -0.4984 -0.1815
-0.3376 -0.4977 -0.1725
-0.3218 -0.4963 -0.1637
-0.3060 -0.4946 -0.1549
-0.2897 -0.4917 -0.1454
-0.2740 -0.4894 -0.1363
-0.2587 -0.4873 -0.1272
-0.2436 -0.4851 -0.1182
-0.2285 -0.4830 -0.1093
-0.2132 -0.4806 -0.1009
-0.1969 -0.4774 -0.0940
-0.1809 -0.4744 -0.0877
-0.1653 -0.4715 -0.0827
-0.1504 -0.4689 -0.0791
-0.1366 -0.4668 -0.0768
-0.1238 -0.4653 -0.0756
-0.1123 -0.4639 -0.0747
-0.1021 -0.4637 -0.0749
-0.0930 -0.4646 -0.0758
-0.0850 -0.4663 -0.0773
-0.0780 -0.4688 -0.0792
-0.0721 -0.4716 -0.0815
-0.0672 -0.4745 -0.0840
-0.0635 -0.4775 -0.0874
-0.0607 -0.4803 -0.0915
-0.0586 -0.4827 -0.0961
-0.0568 -0.4846 -0.1011
-0.0551 -0.4859 -0.1064
-0.0516 -0.4857 -0.1102
-0.0494 -0.4858 -0.1153
-0.0477 -0.4859 -0.1208
-0.0460 -0.4858 -0.1263
-0.0442 -0.4857 -0.1318
-0.0421 -0.4854 -0.1373
-0.0351 -0.4852 -0.1397
-0.0312 -0.4847 -0.1440
-0.0283 -0.4839 -0.1488
-0.0256 -0.4832 -0.1535
-0.0229 -0.4824 -0.1581
-0.0202 -0.4817 -0.1623
-0.0095 -0.4793 -0.1623
-0.0042 -0.4780 -0.1645
-0.0006 -0.4771 -0.1671
0.0024 -0.4763 -0.1695
0.0054 -0.4757 -0.1714
0.0083 -0.4752 -0.1730
0.0151 -0.4696 -0.1694
0.0192 -0.4674 -0.1687
0.0222 -0.4662 -0.1687
0.0246 -0.4653 -0.1688
0.0265 -0.4644 -0.1687
0.0278 -0.4635 -0.1685
0.0313 -0.4615 -0.1686
0.0326 -0.4600 -0.1683
0.0330 -0.4588 -0.1678
0.0330 -0.4575 -0.1671
0.0328 -0.4562 -0.1662
0.0326 -0.4547 -0.1653
0.0370 -0.4524 -0.1665
0.0386 -0.4505 -0.1660
0.0394 -0.4486 -0.1648
0.0402 -0.4467 -0.1634
0.0412 -0.4447 -0.1622
0.0423 -0.4426 -0.1613
0.0460 -0.4396 -0.1630
0.0478 -0.4373 -0.1633
0.0490 -0.4354 -0.1629
0.0500 -0.4341 -0.1621
0.0510 -0.4331 -0.1612
0.0520 -0.4325 -0.1601
0.0531 -0.4315 -0.1609
0.0542 -0.4310 -0.1606
0.0552 -0.4306 -0.1601
0.0562 -0.4304 -0.1595
0.0570 -0.4304 -0.1589
0.0576 -0.4307 -0.1582
0.0579 -0.4295 -0.1593
0.0584 -0.4299 -0.1584
0.0590 -0.4310 -0.1565
0.0600 -0.4326 -0.1541
0.0612 -0.4343 -0.1514
0.0626 -0.4360 -0.1489
0.0641 -0.4373 -0.1467
0.0641 -0.4379 -0.1445
0.0650 -0.4385 -0.1432
0.0660 -0.4390 -0.1424
0.0670 -0.4397 -0.1416
0.0680 -0.4406 -0.1407
0.0693 -0.4416 -0.1397
0.0695 -0.4426 -0.1375
0.0710 -0.4437 -0.1360
0.0730 -0.4448 -0.1348
0.0753 -0.4458 -0.1338
0.0778 -0.4468 -0.1330
0.0795 -0.4477 -0.1299
0.0819 -0.4484 -0.1286
0.0844 -0.4489 -0.1280
0.0871 -0.4492 -0.1275
0.0896 -0.4496 -0.1270
0.0920 -0.4499 -0.1264
0.0934 -0.4492 -0.1237
0.0949 -0.4491 -0.1222
0.0961 -0.4491 -0.1211
0.0968 -0.4489 -0.1200
0.0969 -0.4485 -0.1188
0.0964 -0.4478 -0.1175
0.0947 -0.4455 -0.1138
0.0930 -0.4439 -0.1113
0.0911 -0.4423 -0.1090
0.0890 -0.4402 -0.1066
0.0865 -0.4376 -0.1042
0.0838 -0.4342 -0.1021
0.0801 -0.4294 -0.0991
0.0765 -0.4238 -0.0976
0.0728 -0.4175 -0.0968
0.0689 -0.4105 -0.0964
0.0646 -0.4031 -0.0963
0.0601 -0.3955 -0.0962
0.0546 -0.3871 -0.0950
0.0494 -0.3793 -0.0943
0.0442 -0.3716 -0.0936
0.0389 -0.3641 -0.0927
0.0335 -0.3566 -0.0917
0.0281 -0.3492 -0.0905
0.0233 -0.3412 -0.0880
0.0181 -0.3336 -0.0865
0.0130 -0.3261 -0.0853
0.0082 -0.3188 -0.0842
0.0036 -0.3119 -0.0831
-0.0008 -0.3053 -0.0819
-0.0032 -0.2984 -0.0804
-0.0063 -0.2924 -0.0792
-0.0094 -0.2870 -0.0780
-0.0123 -0.2822 -0.0768
-0.0150 -0.2781 -0.0753
-0.0174 -0.2746 -0.0736
-0.0189 -0.2697 -0.0726
-0.0208 -0.2668 -0.0712
-0.0228 -0.2646 -0.0699
-0.0246 -0.2631 -0.0686
-0.0261 -0.2620 -0.0672
-0.0275 -0.2614 -0.0658
-0.0288 -0.2606 -0.0656
-0.0298 -0.2603 -0.0646
-0.0306 -0.2602 -0.0635
-0.0311 -0.2602 -0.0625
-0.0315 -0.2603 -0.0615
-0.0317 -0.2606 -0.0605
-0.0306 -0.2604 -0.0611
-0.0304 -0.2607 -0.0606
-0.0304 -0.2612 -0.0597
-0.0305 -0.2618 -0.0588
-0.0306 -0.2623 -0.0579
-0.0307 -0.2628 -0.0572
-0.0295 -0.2647 -0.0548
-0.0292 -0.2656 -0.0535
-0.0290 -0.2662 -0.0525
-0.0289 -0.2668 -0.0516
-0.0287 -0.2672 -0.0509
-0.0286 -0.2676 -0.0503
-0.0283 -0.2683 -0.0473
-0.0280 -0.2687 -0.0460
-0.0277 -0.2690 -0.0452
-0.0274 -0.2694 -0.0445
-0.0271 -0.2698 -0.0439
-0.0269 -0.2702 -0.0432
-0.0269 -0.2706 -0.0425
-0.0268 -0.2710 -0.0419
-0.0266 -0.2713 -0.0413
-0.0264 -0.2716 -0.0408
-0.0263 -0.2719 -0.0402
-0.0262 -0.2722 -0.0397
-0.0262 -0.2725 -0.0402
-0.0262 -0.2728 -0.0402
-0.0263 -0.2730 -0.0400
-0.0265 -0.2733 -0.0397
-0.0266 -0.2735 -0.0394
-0.0267 -0.2738 -0.0392
-0.0265 -0.2736 -0.0400
-0.0265 -0.2737 -0.0401
-0.0267 -0.2740 -0.0399
-0.0269 -0.2744 -0.0396
-0.0271 -0.2748 -0.0394
-0.0271 -0.2751 -0.0393
-0.0271 -0.2750 -0.0413
-0.0270 -0.2751 -0.0419
-0.0266 -0.2752 -0.0423
-0.0262 -0.2752 -0.0427
-0.0259 -0.2753 -0.0432
-0.0257 -0.2752 -0.0435
-0.0254 -0.2757 -0.0450
-0.0250 -0.2758 -0.0458
-0.0247 -0.2757 -0.0466
-0.0245 -0.2757 -0.0473
-0.0244 -0.2756 -0.0479
-0.0244 -0.2756 -0.0487
-0.0244 -0.2756 -0.0499
-0.0243 -0.2756 -0.0507
-0.0241 -0.2755 -0.0515
-0.0239 -0.2754 -0.0522
-0.0236 -0.2754 -0.0528
-0.0234 -0.2754 -0.0534
-0.0242 -0.2753 -0.0541
-0.0244 -0.2752 -0.0548
-0.0242 -0.2751 -0.0555
-0.0241 -0.2750 -0.0563
-0.0239 -0.2749 -0.0571
-0.0237 -0.2748 -0.0580
-0.0227 -0.2754 -0.0604
-0.0223 -0.2755 -0.0617
-0.0220 -0.2754 -0.0628
-0.0217 -0.2751 -0.0638
-0.0215 -0.2748 -0.0647
-0.0213 -0.2745 -0.0656
-0.0211 -0.2741 -0.0664
-0.0148 -0.0646 0.0166
-0.0125 0.0018 0.0421
-0.0117 0.0229 0.0494
-0.0112 0.0299 0.0509
-0.0108 0.0324 0.0507
-0.0126 0.0334 0.0559
-0.0131 0.0340 0.0570
-0.0131 0.0345 0.0567
-0.0130 0.0349 0.0560
-0.0128 0.0354 0.0551
-0.0126 0.0359 0.0542
-0.0124 0.0372 0.0521
-0.0123 0.0379 0.0509
-0.0121 0.0383 0.0499
-0.0119 0.0387 0.0491
-0.0118 0.0391 0.0484
-0.0116 0.0395 0.0476
-0.0118 0.0396 0.0484
-0.0118 0.0398 0.0482
-0.0117 0.0401 0.0477
-0.0115 0.0403 0.0472
-0.0114 0.0405 0.0466
-0.0112 0.0406 0.0461
-0.0114 0.0409 0.0467
-0.0113 0.0411 0.0466
-0.0110 0.0412 0.0463
-0.0107 0.0413 0.0459
-0.0105 0.0415 0.0455
-0.0102 0.0416 0.0451
-0.0102 0.0416 0.0453
-0.0100 0.0417 0.0451
-0.0098 0.0418 0.0449
-0.0096 0.0420 0.0446
-0.0093 0.0422 0.0444
-0.0091 0.0424 0.0441
-0.0093 0.0433 0.0426
-0.0092 0.0437 0.0419
-0.0091 0.0440 0.0415
-0.0089 0.0442 0.0413
-0.0087 0.0444 0.0410
-0.0086 0.0446 0.0409
-0.0089 0.0448 0.0414
-0.0089 0.0449 0.0415
-0.0089 0.0450 0.0415
-0.0088 0.0451 0.0414
-0.0088 0.0452 0.0413
-0.0088 0.0453 0.0413
-0.0088 0.0455 0.0413
-0.0100 0.0437 0.0442
-0.0104 0.0431 0.0452
-0.0106 0.0429 0.0457
-0.0108 0.0428 0.0459
-0.0109 0.0428 0.0461
-0.0101 0.0437 0.0442
-0.0100 0.0441 0.0436
-0.0100 0.0442 0.0435
-0.0101 0.0443 0.0435
-0.0102 0.0444 0.0436
-0.0104 0.0445 0.0437
-0.0103 0.0452 0.0422
-0.0104 0.0456 0.0418
-0.0105 0.0458 0.0416
-0.0106 0.0459 0.0417
-0.0108 0.0461 0.0417
-0.0109 0.0465 0.0413
-0.0110 0.0472 0.0402
-0.0111 0.0476 0.0398
-0.0113 0.0478 0.0397
-0.0114 0.0480 0.0397
-0.0115 0.0481 0.0397
-0.0116 0.0482 0.0397
-0.0112 0.0484 0.0381
-0.0110 0.0486 0.0375
-0.0111 0.0487 0.0374
-0.0111 0.0487 0.0373
-0.0112 0.0488 0.0373
-0.0112 0.0489 0.0373
-0.0107 0.0487 0.0367
-0.0106 0.0487 0.0365
-0.0106 0.0487 0.0364
-0.0107 0.0487 0.0364
-0.0107 0.0487 0.0364
-0.0108 0.0487 0.0365
-0.0106 0.0493 0.0358
-0.0106 0.0495 0.0357
-0.0106 0.0495 0.0356
-0.0107 0.0494 0.0357
-0.0108 0.0493 0.0359
-0.0109 0.0492 0.0361
-0.0103 0.0497 0.0356
-0.0101 0.0498 0.0356
-0.0101 0.0497 0.0357
-0.0102 0.0496 0.0359
-0.0103 0.0495 0.0360
-0.0103 0.0494 0.0362
-0.0099 0.0504 0.0350
-0.0098 0.0507 0.0347
-0.0098 0.0508 0.0346
-0.0099 0.0508 0.0346
-0.0100 0.0508 0.0346
-0.0100 0.0508 0.0347
-0.0101 0.0508 0.0347
-0.0093 0.0514 0.0338
-0.0090 0.0515 0.0336
-0.0089 0.0516 0.0336
-0.0089 0.0516 0.0336
-0.0089 0.0516 0.0337
-0.0087 0.0521 0.0339
-0.0086 0.0522 0.0341
-0.0086 0.0522 0.0342
-0.0086 0.0522 0.0344
-0.0086 0.0521 0.0346
-0.0087 0.0520 0.0348
-0.0084 0.0521 0.0346
-0.0084 0.0521 0.0346
-0.0084 0.0521 0.0347
-0.0085 0.0520 0.0348
-0.0087 0.0520 0.0348
-0.0089 0.0520 0.0349
-0.0088 0.0522 0.0340
-0.0088 0.0523 0.0336
-0.0090 0.0524 0.0334
-0.0092 0.0523 0.0334
-0.0094 0.0523 0.0333
-0.0095 0.0522 0.0333
-0.0092 0.0522 0.0328
-0.0092 0.0521 0.0326
-0.0093 0.0521 0.0325
-0.0093 0.0521 0.0324
-0.0094 0.0520 0.0323
-0.0095 0.0519 0.0323
-0.0089 0.0520 0.0322
-0.0088 0.0519 0.0321
-0.0087 0.0518 0.0321
-0.0088 0.0518 0.0321
-0.0088 0.0517 0.0321
-0.0089 0.0516 0.0321
-0.0083 0.0521 0.0322
-0.0081 0.0523 0.0323
-0.0080 0.0524 0.0324
-0.0080 0.0525 0.0324
-0.0079 0.0527 0.0323
-0.0079 0.0528 0.0322
-0.0078 0.0528 0.0320
-0.0077 0.0529 0.0318
-0.0076 0.0530 0.0317
-0.0075 0.0532 0.0315
-0.0074 0.0533 0.0314
-0.0074 0.0532 0.0314
-0.0075 0.0530 0.0314
-0.0076 0.0530 0.0314
-0.0077 0.0529 0.0314
-0.0077 0.0529 0.0314
-0.0078 0.0529 0.0314
-0.0079 0.0528 0.0314
-0.0079 0.0527 0.0318
-0.0079 0.0526 0.0320
-0.0080 0.0525 0.0322
-0.0080 0.0524 0.0323
-0.0081 0.0523 0.0324
-0.0081 0.0522 0.0324
-0.0080 0.0524 0.0325
-0.0079 0.0524 0.0326
-0.0080 0.0524 0.0327
-0.0081 0.0524 0.0328
-0.0082 0.0523 0.0329
-0.0083 0.0523 0.0329
-0.0084 0.0525 0.0326
-0.0086 0.0526 0.0324
-0.0088 0.0526 0.0324
-0.0090 0.0526 0.0323
-0.0091 0.0527 0.0323
-0.0093 0.0526 0.0323
-0.0090 0.0528 0.0318

