0.0000 0.0000 0.0000
0.0000 0.0000 0.0000
0.0000 0.0000 0.0000
-0.0097 0.0153 0.0221
-0.0190 0.0343 0.0124
-0.0220 0.0395 -0.0041
-0.0129 0.0395 -0.0176
-0.0061 0.0357 -0.0242
0.0085 0.0249 -0.0277
0.0070 0.0320 -0.0186
0.0037 0.0189 -0.0197
0.0183 0.0068 -0.0242
0.0318 0.0013 -0.0316
0.0324 0.0058 -0.0345
0.0272 0.0097 -0.0332
0.0346 -0.0285 -0.0408
0.0333 -0.0441 -0.0425
0.0420 -0.0478 -0.0383
0.0372 -0.0363 -0.0249
0.0311 -0.0226 -0.0231
0.1146 -0.0701 -0.0327
0.1283 -0.1027 -0.0053
0.1083 -0.1303 -0.0040
0.1091 -0.0624 -0.0140
0.0486 0.0074 -0.0026
0.0325 -0.0030 -0.0002
0.0362 -0.0050 0.0008
0.0427 0.0146 0.0041
0.0822 0.0576 -0.0012
0.1102 0.0468 -0.0004
0.1068 0.0503 -0.0052
0.1568 0.1303 -0.0174
-0.0333 -0.0268 -0.0100
0.0226 0.1210 0.0113
0.1120 -0.0003 0.0301
0.2752 0.0588 -0.0345
0.0945 0.0757 0.0039
-0.0344 0.0417 0.0317
0.0901 0.0827 -0.0030
0.1076 -0.0069 0.0105
-0.0565 -0.0396 0.0275
-0.0703 -0.0454 0.0183
0.0473 -0.0385 0.0017
-0.0749 -0.0194 -0.0024
-0.0055 -0.0205 -0.0153
0.0332 -0.0071 -0.0583
0.0707 -0.0215 -0.0761
0.1501 -0.1126 -0.0553
0.1475 -0.1084 -0.0475
0.1054 -0.0867 -0.0497
-0.0285 0.0077 -0.0114
-0.0598 0.0483 0.0134
-0.1553 0.1689 -0.0023
-0.1318 0.1379 -0.0818
-0.0173 0.0966 -0.1791
0.4587 0.0106 -0.4693
0.7837 -0.1819 -0.6823
0.8323 -0.2294 -0.7454
0.7626 -0.1946 -0.7764
0.6445 -0.0959 -0.7046
0.6165 -0.0326 -0.6437
0.6303 0.0353 -0.5182
0.6560 0.0190 -0.4179
0.6223 -0.1096 -0.2740
0.5699 -0.3193 -0.1628
0.5478 -0.3534 -0.1079
0.5221 -0.2817 -0.0304
0.5165 -0.1919 0.0104
0.4937 -0.0229 0.1150
0.4339 -0.0811 0.2476
0.3031 -0.2440 0.2810
0.1851 -0.2149 0.2226
0.1758 -0.1576 0.2173
0.1511 -0.1238 0.2606
0.0499 -0.2135 0.2708
-0.0196 -0.2698 0.2641
-0.1579 -0.3459 0.2726
-0.2156 -0.3022 0.3287
-0.2296 -0.1525 0.3766
-0.2129 -0.0648 0.3969
-0.1036 0.2352 0.3893
0.0554 0.3751 0.2129
-0.0610 0.2959 0.1674
-0.1390 0.2514 0.1648
-0.2147 0.2327 0.1654
-0.1742 0.2312 0.1433
-0.2042 0.2372 0.1110
-0.2573 0.2062 0.0889
-0.2542 0.1750 0.0776
-0.2109 0.1860 0.0502
-0.1981 0.2276 0.0352
-0.1963 0.2421 0.0156
-0.1682 0.2320 -0.0099
-0.1612 0.2144 -0.0299
-0.1563 0.1741 -0.0244
-0.1546 0.1460 -0.0196
-0.1489 0.1088 -0.0510
-0.1569 0.1093 -0.0300
-0.1488 0.0523 -0.0307
-0.1576 -0.0017 -0.0551
-0.1721 -0.0135 -0.0418
-0.1901 0.0244 -0.0361
-0.1429 -0.0363 -0.0154
-0.0941 -0.0201 -0.0005
-0.0894 0.0136 -0.0027
-0.1074 0.0296 -0.0017
-0.1062 0.0618 0.0011
-0.0689 0.0362 -0.0092
-0.0321 0.0271 -0.0247
-0.0003 0.0287 -0.0311
0.0204 0.0336 -0.0299
0.0655 0.0243 -0.0334
0.1126 0.0034 -0.0307
0.1108 -0.0053 -0.0305
0.1184 -0.0094 -0.0248
0.1851 0.0047 -0.0405
0.2615 0.0024 -0.0289
0.2812 0.0082 -0.0243
0.2739 0.0216 -0.0333
0.3004 -0.0032 -0.0334
0.3251 0.0008 -0.0290
0.3387 0.0281 -0.0433
0.3071 0.0381 -0.0306
0.3168 0.0106 -0.0175
0.3145 -0.0184 -0.0084
0.3012 -0.0321 0.0027
0.2899 0.0115 -0.0211
0.2732 0.0296 -0.0298
0.1851 0.0325 -0.0415
0.1825 0.0310 -0.0554
0.1818 0.0381 -0.0619
0.1579 0.0184 -0.0554
0.1361 0.0211 -0.0528
0.0850 0.0227 -0.0480
0.0976 0.0313 -0.0222
0.0714 0.0182 -0.0061
0.0196 0.0263 0.0020
0.0045 0.0518 0.0017
0.0684 0.0618 -0.0034
0.0926 0.0506 -0.0101
0.1026 0.0240 -0.0187
0.0834 0.0237 -0.0206
0.0411 0.0523 -0.0140
0.0644 0.0656 -0.0127
0.1023 0.0678 -0.0131
0.1685 0.0882 -0.0136
0.1392 0.0978 -0.0148
0.1071 0.0857 -0.0231
0.1008 0.0662 -0.0339
0.0942 0.0413 -0.0312
0.0697 0.0497 -0.0284
0.0742 0.0488 -0.0222
0.0894 0.0461 -0.0170
0.0893 0.0461 -0.0079
0.0746 0.0423 -0.0059
0.0482 0.0407 -0.0080
0.0614 0.0397 0.0031
0.0739 0.0313 0.0089
0.0826 0.0122 -0.0037
0.0716 0.0127 -0.0050
0.0660 -0.0064 -0.0010
0.0594 -0.0074 -0.0075
0.0469 -0.0081 -0.0066
0.0318 -0.0214 -0.0002
0.0300 -0.0097 0.0050
0.0315 -0.0195 0.0084
0.0137 -0.0025 0.0113
0.0084 0.0104 0.0169
0.0102 -0.0031 0.0176
0.0186 -0.0342 0.0183
0.0153 -0.0260 0.0242
-0.0133 0.0107 0.0225
0.0109 0.0020 0.0212
0.0587 -0.0136 0.0216
0.0258 -0.0200 0.0350
0.0031 -0.0073 0.0386
-0.0331 0.0203 0.0519
-0.0294 0.0261 0.0670
-0.0117 0.0019 0.0583
-0.0098 -0.0204 0.0553
-0.0062 -0.0252 0.0439
0.0188 0.0025 0.0100
0.0359 -0.0073 0.0062
0.0363 -0.0165 0.0003
0.0251 -0.0184 -0.0008
0.0209 -0.0069 0.0035
0.0171 -0.0026 0.0048
0.0389 -0.0151 -0.0066
0.0372 -0.0106 0.0026
0.0055 0.0068 0.0047
0.0004 0.0163 0.0117
0.0277 -0.0154 -0.0014
0.0342 -0.0253 -0.0026
0.0157 -0.0310 -0.0046
0.0042 0.0020 -0.0047
0.0078 0.0169 -0.0054
0.0155 0.0100 0.0014
0.0171 -0.0029 -0.0032
0.0187 -0.0182 -0.0044
0.0207 -0.0160 -0.0116
0.0226 -0.0077 -0.0068
0.0254 0.0210 0.0044
0.0319 0.0153 0.0128
0.0400 0.0023 0.0124
0.0504 -0.0179 0.0040
0.0107 -0.0092 0.0059
0.0203 0.0167 0.0103
0.0424 0.0134 0.0029
0.0481 0.0140 -0.0003
0.0434 0.0113 -0.0075
0.0318 0.0080 0.0029
0.0180 0.0093 0.0053
0.0145 0.0136 0.0073
0.0177 0.0158 0.0113
0.0204 0.0095 0.0040
0.0190 0.0109 0.0008
0.0174 0.0078 -0.0069
0.0217 0.0108 -0.0071
0.0202 0.0120 -0.0009
0.0172 0.0095 0.0181
0.0252 -0.0112 0.0118
0.0320 -0.0283 0.0040
0.0359 -0.0299 -0.0028
0.0303 0.0177 0.0015
0.0218 0.0256 0.0006
-0.0028 0.0169 -0.0055
-0.0047 0.0122 -0.0194
0.0021 0.0035 -0.0198
0.0104 -0.0029 -0.0090
-0.0175 -0.0023 0.0184
-0.0163 -0.0003 0.0341
0.0073 0.0111 0.0314
0.0211 0.0111 0.0209
0.0221 -0.0014 0.0036
0.0091 -0.0063 -0.0007
0.0137 0.0229 -0.0012
0.0183 0.0192 0.0027
0.0335 0.0022 0.0023
0.0544 -0.0307 -0.0094
0.0615 -0.0378 -0.0102
0.0418 0.0245 0.0023
0.0207 0.0378 0.0112
-0.0022 0.0365 0.0001
-0.0043 -0.0135 -0.0066
-0.0050 0.0177 0.0086

