0.6704 0.3572 -0.0889
0.6704 0.3573 -0.0889
0.6703 0.3573 -0.0891
0.6701 0.3571 -0.0894
0.6700 0.3570 -0.0896
0.6700 0.3570 -0.0897
0.6701 0.3571 -0.0897
0.6701 0.3571 -0.0898
0.6702 0.3572 -0.0898
0.6698 0.3570 -0.0894
0.6697 0.3569 -0.0893
0.6697 0.3569 -0.0892
0.6697 0.3569 -0.0892
0.6697 0.3569 -0.0891
0.6697 0.3569 -0.0890
0.6693 0.3562 -0.0882
0.6691 0.3559 -0.0878
0.6691 0.3558 -0.0876
0.6691 0.3557 -0.0875
0.6691 0.3557 -0.0873
0.6692 0.3557 -0.0872
0.6690 0.3556 -0.0874
0.6689 0.3556 -0.0874
0.6690 0.3556 -0.0874
0.6691 0.3557 -0.0875
0.6692 0.3558 -0.0875
0.6693 0.3559 -0.0876
0.6689 0.3561 -0.0881
0.6689 0.3562 -0.0883
0.6689 0.3563 -0.0884
0.6691 0.3564 -0.0884
0.6692 0.3565 -0.0884
0.6694 0.3567 -0.0885
0.6685 0.3570 -0.0890
0.6683 0.3571 -0.0892
0.6684 0.3572 -0.0892
0.6686 0.3573 -0.0893
0.6688 0.3573 -0.0893
0.6691 0.3574 -0.0893
0.6683 0.3576 -0.0898
0.6682 0.3577 -0.0900
0.6683 0.3577 -0.0900
0.6686 0.3578 -0.0901
0.6688 0.3580 -0.0901
0.6690 0.3581 -0.0902
0.6683 0.3588 -0.0907
0.6683 0.3591 -0.0909
0.6685 0.3592 -0.0910
0.6688 0.3593 -0.0910
0.6691 0.3594 -0.0911
0.6694 0.3595 -0.0912
0.6686 0.3597 -0.0915
0.6686 0.3598 -0.0917
0.6688 0.3598 -0.0918
0.6692 0.3598 -0.0918
0.6695 0.3598 -0.0919
0.6694 0.3596 -0.0920
0.6683 0.3590 -0.0922
0.6681 0.3588 -0.0923
0.6683 0.3588 -0.0923
0.6686 0.3588 -0.0924
0.6689 0.3588 -0.0925
0.6692 0.3589 -0.0926
0.6696 0.3589 -0.0927
0.6682 0.3588 -0.0926
0.6679 0.3588 -0.0925
0.6681 0.3589 -0.0926
0.6684 0.3590 -0.0927
0.6687 0.3591 -0.0928
0.6691 0.3591 -0.0928
0.6680 0.3589 -0.0933
0.6679 0.3589 -0.0935
0.6680 0.3590 -0.0937
0.6683 0.3591 -0.0938
0.6687 0.3592 -0.0939
0.6690 0.3593 -0.0940
0.6688 0.3593 -0.0943
0.6689 0.3593 -0.0944
0.6693 0.3593 -0.0944
0.6696 0.3593 -0.0944
0.6700 0.3593 -0.0944
0.6704 0.3593 -0.0944
0.6695 0.3590 -0.0943
0.6695 0.3590 -0.0942
0.6697 0.3590 -0.0942
0.6700 0.3590 -0.0942
0.6703 0.3590 -0.0943
0.6707 0.3591 -0.0943
0.6695 0.3598 -0.0950
0.6694 0.3601 -0.0952
0.6695 0.3603 -0.0953
0.6698 0.3605 -0.0954
0.6700 0.3607 -0.0954
0.6703 0.3609 -0.0954
0.6703 0.3600 -0.0955
0.6705 0.3598 -0.0955
0.6707 0.3598 -0.0955
0.6709 0.3599 -0.0956
0.6712 0.3599 -0.0956
0.6698 0.3599 -0.0956
0.6696 0.3600 -0.0956
0.6696 0.3600 -0.0956
0.6698 0.3601 -0.0956
0.6700 0.3602 -0.0955
0.6701 0.3602 -0.0955
0.6691 0.3596 -0.0956
0.6689 0.3593 -0.0956
0.6689 0.3593 -0.0955
0.6690 0.3593 -0.0955
0.6690 0.3594 -0.0955
0.6691 0.3596 -0.0956
0.6692 0.3597 -0.0957
0.6687 0.3594 -0.0957
0.6686 0.3594 -0.0958
0.6686 0.3594 -0.0958
0.6687 0.3595 -0.0959
0.6688 0.3596 -0.0959
0.6689 0.3598 -0.0960
0.6680 0.3596 -0.0962
0.6678 0.3596 -0.0963
0.6678 0.3596 -0.0964
0.6678 0.3597 -0.0965
0.6678 0.3598 -0.0966
0.6672 0.3596 -0.0970
0.6669 0.3596 -0.0973
0.6669 0.3596 -0.0974
0.6668 0.3596 -0.0975
0.6669 0.3595 -0.0976
0.6669 0.3595 -0.0977
0.6667 0.3589 -0.0975
0.6666 0.3587 -0.0975
0.6667 0.3586 -0.0976
0.6667 0.3585 -0.0976
0.6668 0.3585 -0.0977
0.6669 0.3585 -0.0978
0.6661 0.3584 -0.0977
0.6659 0.3583 -0.0978
0.6659 0.3583 -0.0978
0.6659 0.3583 -0.0978
0.6659 0.3583 -0.0978
0.6659 0.3583 -0.0979
0.6656 0.3582 -0.0976
0.6656 0.3581 -0.0975
0.6656 0.3581 -0.0975
0.6656 0.3581 -0.0975
0.6657 0.3581 -0.0975
0.6657 0.3582 -0.0976
0.6658 0.3582 -0.0976
0.6654 0.3584 -0.0981
0.6653 0.3585 -0.0983
0.6653 0.3585 -0.0984
0.6654 0.3585 -0.0986
0.6655 0.3586 -0.0986
0.6656 0.3586 -0.0989
0.6657 0.3586 -0.0990
0.6658 0.3586 -0.0991
0.6660 0.3588 -0.0995
0.6660 0.3589 -0.0996
0.6658 0.3589 -0.1001
0.6658 0.3590 -0.1003
0.6658 0.3590 -0.1004
0.6659 0.3591 -0.1005
0.6660 0.3591 -0.1006
0.6661 0.3591 -0.1006
0.6660 0.3589 -0.1003
0.6660 0.3588 -0.1003
0.6661 0.3589 -0.1004
0.6662 0.3589 -0.1005
0.6663 0.3589 -0.1005
0.6665 0.3590 -0.1006
0.6662 0.3589 -0.1003
0.6662 0.3589 -0.1002
0.6662 0.3589 -0.1001
0.6664 0.3589 -0.1001
0.6665 0.3589 -0.1001
0.6667 0.3590 -0.1001
0.6667 0.3590 -0.1007
0.6668 0.3590 -0.1008
0.6670 0.3590 -0.1008
0.6671 0.3590 -0.1007
0.6673 0.3590 -0.1006
0.6675 0.3589 -0.1005
0.6669 0.3587 -0.1007
0.6668 0.3585 -0.1007
0.6668 0.3585 -0.1007
0.6669 0.3585 -0.1006
0.6670 0.3585 -0.1005
0.6672 0.3585 -0.1005
0.6671 0.3585 -0.1012
0.6672 0.3585 -0.1013
0.6673 0.3584 -0.1013
0.6675 0.3583 -0.1012
0.6676 0.3582 -0.1010
0.6677 0.3580 -0.1008
0.6678 0.3578 -0.1005
0.6679 0.3578 -0.1014
0.6679 0.3576 -0.1014
0.6679 0.3574 -0.1012
0.6679 0.3571 -0.1009
0.6678 0.3568 -0.1006
0.6677 0.3566 -0.1003
0.6678 0.3564 -0.1006
0.6678 0.3562 -0.1007
0.6676 0.3560 -0.1007
0.6675 0.3558 -0.1007
0.6673 0.3555 -0.1007
0.6671 0.3551 -0.1005
0.6672 0.3541 -0.1004
0.6669 0.3532 -0.1001
0.6665 0.3522 -0.0997
0.6660 0.3509 -0.0992
0.6652 0.3495 -0.0985
0.6636 0.3471 -0.0980
0.6622 0.3450 -0.0972
0.6606 0.3428 -0.0962
0.6587 0.3403 -0.0951
0.6564 0.3375 -0.0937
0.6535 0.3344 -0.0923
0.6491 0.3304 -0.0921
0.6448 0.3267 -0.0909
0.6405 0.3229 -0.0893
0.6358 0.3189 -0.0874
0.6307 0.3146 -0.0853
0.6253 0.3100 -0.0831
0.6197 0.3047 -0.0811
0.6132 0.2996 -0.0786
0.6062 0.2943 -0.0758
0.5986 0.2888 -0.0729
0.5907 0.2830 -0.0699
0.5822 0.2772 -0.0668
0.5734 0.2711 -0.0638
0.5642 0.2652 -0.0610
0.5547 0.2596 -0.0584
0.5451 0.2542 -0.0558
0.5352 0.2488 -0.0532
0.5253 0.2435 -0.0506
0.5156 0.2379 -0.0485
0.5055 0.2325 -0.0460
0.4952 0.2272 -0.0432
0.4846 0.2219 -0.0404
0.4738 0.2169 -0.0377
0.4628 0.2121 -0.0349
0.4519 0.2075 -0.0323
0.4407 0.2030 -0.0294
0.4291 0.1987 -0.0262
0.4173 0.1945 -0.0229
0.4053 0.1905 -0.0194
0.3931 0.1868 -0.0159
0.3817 0.1837 -0.0108
0.3694 0.1806 -0.0066
0.3568 0.1776 -0.0026
0.3438 0.1747 0.0014
0.3305 0.1719 0.0055
0.3169 0.1692 0.0097
0.3030 0.1666 0.0139
0.2903 0.1658 0.0204
0.2761 0.1637 0.0255
0.2611 0.1613 0.0302
0.2457 0.1586 0.0349
0.2300 0.1570 0.0401
0.2144 0.1574 0.0461
0.1978 0.1555 0.0517
0.1805 0.1530 0.0572
0.1628 0.1503 0.0626
0.1447 0.1477 0.0679
0.1269 0.1461 0.0735
0.1102 0.1464 0.0794
0.0923 0.1447 0.0849
0.0743 0.1423 0.0903
0.0564 0.1396 0.0956
0.0387 0.1367 0.1008
0.0214 0.1339 0.1056
0.0074 0.1318 0.1122
-0.0078 0.1295 0.1169
-0.0229 0.1271 0.1210
-0.0375 0.1246 0.1250
-0.0517 0.1215 0.1292
-0.0654 0.1181 0.1338
-0.0783 0.1143 0.1386
-0.0887 0.1110 0.1463
-0.0995 0.1075 0.1525
-0.1097 0.1044 0.1580
-0.1194 0.1019 0.1634
-0.1284 0.0999 0.1687
-0.1371 0.0980 0.1740
-0.1478 0.0972 0.1801
-0.1571 0.0954 0.1860
-0.1661 0.0931 0.1922
-0.1751 0.0906 0.1985
-0.1843 0.0878 0.2052
-0.1935 0.0849 0.2123
-0.2030 0.0819 0.2196
-0.2127 0.0788 0.2273
-0.2226 0.0758 0.2353
-0.2328 0.0728 0.2436
-0.2432 0.0699 0.2522
-0.2539 0.0673 0.2612
-0.2648 0.0650 0.2704
-0.2759 0.0629 0.2800
-0.2873 0.0612 0.2899
-0.2988 0.0599 0.3002
-0.3110 0.0581 0.3110
-0.3243 0.0549 0.3226
-0.3369 0.0537 0.3342
-0.3495 0.0533 0.3460
-0.3621 0.0534 0.3579
-0.3749 0.0537 0.3698
-0.3881 0.0541 0.3818
-0.4020 0.0540 0.3942
-0.4159 0.0544 0.4059
-0.4298 0.0552 0.4171
-0.4435 0.0565 0.4277
-0.4569 0.0583 0.4377
-0.4701 0.0604 0.4473
-0.4825 0.0635 0.4572
-0.4955 0.0655 0.4661
-0.5091 0.0666 0.4743
-0.5231 0.0669 0.4818
-0.5373 0.0667 0.4886
-0.5514 0.0666 0.4949
-0.5649 0.0672 0.5018
-0.5783 0.0680 0.5075
-0.5914 0.0689 0.5128
-0.6044 0.0695 0.5180
-0.6172 0.0698 0.5232
-0.6299 0.0698 0.5286
-0.6424 0.0701 0.5356
-0.6546 0.0700 0.5421
-0.6667 0.0697 0.5488
-0.6788 0.0693 0.5559
-0.6909 0.0687 0.5636
-0.7034 0.0680 0.5720
-0.7176 0.0674 0.5828
-0.7311 0.0663 0.5931
-0.7445 0.0648 0.6035
-0.7580 0.0631 0.6145
-0.7716 0.0613 0.6261
-0.7853 0.0594 0.6383
-0.8000 0.0583 0.6535
-0.8138 0.0568 0.6680
-0.8271 0.0552 0.6827
-0.8400 0.0536 0.6982
-0.8525 0.0519 0.7144
-0.8645 0.0500 0.7312
-0.8782 0.0475 0.7498
-0.8897 0.0454 0.7679
-0.9001 0.0436 0.7862
-0.9096 0.0421 0.8050
-0.9184 0.0409 0.8245
-0.9268 0.0405 0.8451
-0.9353 0.0411 0.8670
-0.9417 0.0412 0.8889
-0.9469 0.0413 0.9111
-0.9510 0.0413 0.9339
-0.9541 0.0411 0.9574
-0.9563 0.0405 0.9813
-0.9587 0.0411 1.0070
-0.9595 0.0404 1.0315
-0.9593 0.0394 1.0552
-0.9586 0.0381 1.0779
-0.9578 0.0367 1.0998
-0.9569 0.0351 1.1211
-0.9562 0.0334 1.1417
-0.9571 0.0316 1.1635
-0.9575 0.0295 1.1840
-0.9583 0.0269 1.2039
-0.9597 0.0239 1.2235
-0.9620 0.0206 1.2429
-0.9665 0.0176 1.2635
-0.9711 0.0140 1.2831
-0.9763 0.0103 1.3022
-0.9824 0.0065 1.3210
-0.9896 0.0029 1.3394
-0.9977 -0.0005 1.3576
-1.0061 -0.0023 1.3754
-1.0158 -0.0043 1.3930
-1.0266 -0.0059 1.4104
-1.0381 -0.0069 1.4277
-1.0504 -0.0073 1.4450
-1.0632 -0.0068 1.4624
-1.0755 -0.0063 1.4805
-1.0881 -0.0039 1.4979
-1.1007 -0.0002 1.5147
-1.1135 0.0041 1.5309
-1.1264 0.0085 1.5466
-1.1395 0.0125 1.5618
-1.1526 0.0160 1.5767
-1.1658 0.0187 1.5914
-1.1788 0.0209 1.6062
-1.1914 0.0228 1.6210
-1.2034 0.0249 1.6357
-1.2148 0.0272 1.6501
-1.2252 0.0305 1.6664
-1.2356 0.0339 1.6806
-1.2459 0.0372 1.6939
-1.2560 0.0403 1.7069
-1.2660 0.0430 1.7200
-1.2757 0.0451 1.7336
-1.2851 0.0469 1.7486
-1.2944 0.0477 1.7638
-1.3034 0.0479 1.7797
-1.3122 0.0477 1.7961
-1.3207 0.0472 1.8130
-1.3288 0.0466 1.8301
-1.3364 0.0461 1.8475
-1.3432 0.0457 1.8649
-1.3498 0.0457 1.8825
-1.3558 0.0460 1.9004
-1.3613 0.0465 1.9186
-1.3661 0.0471 1.9371
-1.3707 0.0470 1.9554
-1.3745 0.0475 1.9742
-1.3777 0.0481 1.9932
-1.3802 0.0486 2.0124
-1.3822 0.0489 2.0318
-1.3836 0.0490 2.0514
-1.3848 0.0486 2.0711
-1.3847 0.0484 2.0910
-1.3834 0.0483 2.1107
-1.3814 0.0484 2.1299
-1.3790 0.0483 2.1485
-1.3763 0.0479 2.1666
-1.3736 0.0467 2.1840
-1.3705 0.0456 2.2016
-1.3672 0.0443 2.2191
-1.3639 0.0427 2.2368
-1.3608 0.0405 2.2546
-1.3584 0.0376 2.2728
-1.3569 0.0341 2.2916
-1.3557 0.0296 2.3102
-1.3552 0.0246 2.3288
-1.3556 0.0192 2.3472
-1.3571 0.0138 2.3655
-1.3599 0.0084 2.3837
-1.3641 0.0041 2.4014
-1.3699 -0.0005 2.4191
-1.3770 -0.0049 2.4368
-1.3854 -0.0090 2.4544
-1.3949 -0.0126 2.4720
-1.4056 -0.0159 2.4895
-1.4168 -0.0190 2.5079
-1.4292 -0.0215 2.5258
-1.4422 -0.0235 2.5437
-1.4557 -0.0249 2.5617
-1.4695 -0.0259 2.5799
-1.4837 -0.0262 2.5984
-1.4965 -0.0248 2.6210
-1.5107 -0.0236 2.6410
-1.5254 -0.0217 2.6601
-1.5401 -0.0188 2.6785
-1.5548 -0.0150 2.6962
-1.5700 -0.0109 2.7132
-1.5855 -0.0084 2.7307
-1.6020 -0.0058 2.7470
-1.6189 -0.0034 2.7627
-1.6358 -0.0006 2.7778
-1.6523 0.0031 2.7924
-1.6684 0.0077 2.8062
-1.6840 0.0137 2.8197
-1.6999 0.0193 2.8320
-1.7159 0.0245 2.8433
-1.7318 0.0294 2.8541
-1.7476 0.0339 2.8644
-1.7630 0.0379 2.8744
-1.7780 0.0422 2.8839
-1.7930 0.0450 2.8936
-1.8079 0.0466 2.9034
-1.8227 0.0473 2.9134
-1.8372 0.0473 2.9233
-1.8516 0.0464 2.9333
-1.8645 0.0467 2.9422
-1.8780 0.0448 2.9517
-1.8914 0.0417 2.9612
-1.9046 0.0376 2.9704
-1.9177 0.0330 2.9790
-1.9300 0.0284 2.9856
-1.9414 0.0244 2.9891
-1.9533 0.0199 2.9944
-1.9655 0.0152 3.0001
-1.9778 0.0104 3.0058
-1.9899 0.0057 3.0117
-2.0015 0.0019 3.0178
-2.0102 0.0003 3.0200
-2.0196 -0.0009 3.0242
-2.0294 -0.0018 3.0284
-2.0396 -0.0028 3.0322
-2.0502 -0.0043 3.0354
-2.0609 -0.0059 3.0385
-2.0715 -0.0074 3.0417
-2.0810 -0.0075 3.0392
-2.0910 -0.0076 3.0407
-2.1011 -0.0072 3.0434
-2.1114 -0.0066 3.0460
-2.1218 -0.0058 3.0480
-2.1325 -0.0049 3.0492
-2.1425 -0.0035 3.0434
-2.1535 -0.0025 3.0409
-2.1648 -0.0016 3.0392
-2.1765 -0.0008 3.0375
-2.1886 -0.0003 3.0356
-2.1998 0.0016 3.0257
-2.2124 0.0016 3.0208
-2.2258 0.0008 3.0173
-2.2396 -0.0005 3.0140
-2.2535 -0.0020 3.0102
-2.2672 -0.0036 3.0054
-2.2779 -0.0037 2.9936
-2.2895 -0.0050 2.9840
-2.3005 -0.0066 2.9740
-2.3105 -0.0083 2.9630
-2.3192 -0.0100 2.9508
-2.3263 -0.0113 2.9378
-2.3326 -0.0097 2.9212
-2.3365 -0.0094 2.9061
-2.3385 -0.0094 2.8913
-2.3385 -0.0093 2.8763
-2.3364 -0.0086 2.8613
-2.3323 -0.0073 2.8464
-2.3266 -0.0046 2.8294
-2.3185 -0.0015 2.8143
-2.3088 0.0019 2.8003
-2.2976 0.0054 2.7869
-2.2856 0.0089 2.7741
-2.2733 0.0120 2.7617
-2.2610 0.0145 2.7498
-2.2488 0.0179 2.7365
-2.2372 0.0192 2.7244
-2.2259 0.0194 2.7127
-2.2147 0.0187 2.7011
-2.2033 0.0174 2.6896
-2.1915 0.0174 2.6761
-2.1795 0.0157 2.6640
-2.1672 0.0131 2.6523
-2.1546 0.0099 2.6407
-2.1418 0.0064 2.6292
-2.1289 0.0027 2.6177
-2.1159 0.0025 2.6048
-2.1026 -0.0001 2.5926
-2.0890 -0.0033 2.5803
-2.0755 -0.0067 2.5677
-2.0623 -0.0101 2.5548
-2.0495 -0.0134 2.5417
-2.0381 -0.0147 2.5276
-2.0263 -0.0165 2.5140
-2.0143 -0.0180 2.5007
-2.0021 -0.0188 2.4875
-1.9896 -0.0189 2.4743
-1.9772 -0.0187 2.4611
-1.9651 -0.0171 2.4484
-1.9533 -0.0159 2.4354
-1.9419 -0.0148 2.4225
-1.9306 -0.0137 2.4097
-1.9193 -0.0126 2.3970
-1.9079 -0.0117 2.3842
-1.8966 -0.0092 2.3719
-1.8850 -0.0084 2.3590
-1.8733 -0.0086 2.3459
-1.8618 -0.0091 2.3326
-1.8506 -0.0097 2.3193
-1.8397 -0.0095 2.3064
-1.8288 -0.0080 2.2941
-1.8188 -0.0084 2.2811
-1.8093 -0.0094 2.2680
-1.8003 -0.0109 2.2547
-1.7917 -0.0126 2.2412
-1.7834 -0.0146 2.2275
-1.7751 -0.0148 2.2137
-1.7671 -0.0166 2.1993
-1.7592 -0.0188 2.1846
-1.7513 -0.0209 2.1695
-1.7433 -0.0224 2.1542
-1.7350 -0.0231 2.1386
-1.7282 -0.0224 2.1237
-1.7196 -0.0210 2.1081
-1.7100 -0.0188 2.0920
-1.6997 -0.0159 2.0756
-1.6890 -0.0124 2.0587
-1.6779 -0.0088 2.0413
-1.6687 -0.0035 2.0246
-1.6582 0.0012 2.0068
-1.6472 0.0061 1.9888
-1.6361 0.0115 1.9711
-1.6246 0.0170 1.9537
-1.6125 0.0223 1.9366
-1.6012 0.0289 1.9213
-1.5884 0.0335 1.9052
-1.5751 0.0370 1.8888
-1.5617 0.0399 1.8726
-1.5487 0.0422 1.8566
-1.5361 0.0443 1.8409
-1.5253 0.0476 1.8275
-1.5138 0.0498 1.8133
-1.5020 0.0512 1.7991
-1.4903 0.0519 1.7849
-1.4785 0.0518 1.7708
-1.4669 0.0510 1.7565
-1.4571 0.0502 1.7436
-1.4462 0.0483 1.7293
-1.4349 0.0455 1.7143
-1.4235 0.0423 1.6988
-1.4122 0.0387 1.6827
-1.4011 0.0350 1.6663
-1.3918 0.0353 1.6497
-1.3818 0.0333 1.6329
-1.3719 0.0308 1.6159
-1.3621 0.0283 1.5987
-1.3524 0.0258 1.5815
-1.3429 0.0235 1.5641
-1.3361 0.0231 1.5484
-1.3278 0.0221 1.5314
-1.3189 0.0213 1.5140
-1.3098 0.0208 1.4964
-1.3007 0.0205 1.4785
-1.2918 0.0207 1.4605
-1.2831 0.0215 1.4427
-1.2741 0.0216 1.4232
-1.2655 0.0230 1.4055
-1.2571 0.0247 1.3887
-1.2487 0.0262 1.3724
-1.2405 0.0273 1.3564
-1.2332 0.0295 1.3403
-1.2263 0.0304 1.3241
-1.2201 0.0308 1.3078
-1.2142 0.0310 1.2915
-1.2083 0.0310 1.2753
-1.2018 0.0307 1.2593
-1.1971 0.0342 1.2447
-1.1902 0.0347 1.2294
-1.1824 0.0342 1.2139
-1.1742 0.0331 1.1980
-1.1657 0.0315 1.1819
-1.1568 0.0292 1.1654
-1.1475 0.0262 1.1484
-1.1410 0.0290 1.1326
-1.1321 0.0273 1.1154
-1.1224 0.0239 1.0978
-1.1120 0.0200 1.0798
-1.1014 0.0159 1.0617
-1.0935 0.0148 1.0464
-1.0835 0.0120 1.0291
-1.0725 0.0091 1.0113
-1.0610 0.0064 0.9931
-1.0492 0.0042 0.9749
-1.0370 0.0027 0.9564
-1.0271 0.0023 0.9406
-1.0152 0.0028 0.9228
-1.0026 0.0043 0.9044
-0.9897 0.0069 0.8859
-0.9767 0.0103 0.8674
-0.9634 0.0144 0.8493
-0.9514 0.0185 0.8343
-0.9373 0.0222 0.8176
-0.9218 0.0251 0.8001
-0.9052 0.0271 0.7824
-0.8880 0.0286 0.7647
-0.8707 0.0302 0.7472
-0.8552 0.0338 0.7328
-0.8388 0.0374 0.7178
-0.8221 0.0413 0.7032
-0.8051 0.0451 0.6894
-0.7880 0.0486 0.6763
-0.7711 0.0516 0.6635
-0.7551 0.0548 0.6499
-0.7391 0.0568 0.6368
-0.7234 0.0578 0.6235
-0.7078 0.0578 0.6099
-0.6923 0.0567 0.5960
-0.6771 0.0548 0.5817
-0.6641 0.0539 0.5672
-0.6501 0.0513 0.5525
-0.6359 0.0479 0.5379
-0.6219 0.0441 0.5233
-0.6080 0.0399 0.5089
-0.5946 0.0357 0.4945
-0.5813 0.0310 0.4786
-0.5689 0.0272 0.4642
-0.5574 0.0244 0.4505
-0.5466 0.0225 0.4372
-0.5366 0.0213 0.4241
-0.5274 0.0208 0.4108
-0.5175 0.0197 0.3970
-0.5096 0.0203 0.3837
-0.5026 0.0216 0.3706
-0.4962 0.0233 0.3577
-0.4904 0.0250 0.3447
-0.4852 0.0269 0.3314
-0.4795 0.0268 0.3182
-0.4752 0.0281 0.3041
-0.4714 0.0297 0.2893
-0.4677 0.0311 0.2741
-0.4638 0.0321 0.2586
-0.4595 0.0327 0.2432
-0.4536 0.0334 0.2279
-0.4477 0.0336 0.2128
-0.4411 0.0331 0.1978
-0.4337 0.0320 0.1829
-0.4254 0.0301 0.1681
-0.4163 0.0276 0.1534
-0.4061 0.0245 0.1387
-0.3954 0.0211 0.1249
-0.3835 0.0172 0.1109
-0.3708 0.0131 0.0969
-0.3574 0.0089 0.0831
-0.3434 0.0047 0.0696
-0.3305 0.0008 0.0576
-0.3162 -0.0028 0.0449
-0.3012 -0.0061 0.0322
-0.2858 -0.0088 0.0195
-0.2701 -0.0108 0.0069
-0.2542 -0.0119 -0.0058
-0.2389 -0.0142 -0.0182
-0.2228 -0.0144 -0.0308
-0.2064 -0.0134 -0.0436
-0.1897 -0.0117 -0.0561
-0.1726 -0.0094 -0.0683
-0.1549 -0.0072 -0.0800
-0.1369 -0.0071 -0.0906
-0.1177 -0.0063 -0.1013
-0.0982 -0.0051 -0.1116
-0.0788 -0.0031 -0.1212
-0.0601 0.0002 -0.1300
-0.0421 0.0050 -0.1378
-0.0245 0.0088 -0.1445
-0.0072 0.0140 -0.1503
0.0098 0.0194 -0.1552
0.0267 0.0246 -0.1598
0.0432 0.0293 -0.1641
0.0597 0.0331 -0.1690
0.0763 0.0355 -0.1749
0.0927 0.0370 -0.1805
0.1091 0.0375 -0.1863
0.1254 0.0372 -0.1921
0.1416 0.0361 -0.1978
0.1577 0.0343 -0.2034
0.1742 0.0316 -0.2108
0.1904 0.0284 -0.2167
0.2063 0.0247 -0.2219
0.2220 0.0206 -0.2267
0.2374 0.0163 -0.2314
0.2525 0.0119 -0.2358
0.2672 0.0063 -0.2428
0.2817 0.0013 -0.2475
0.2959 -0.0034 -0.2511
0.3102 -0.0080 -0.2540
0.3243 -0.0127 -0.2565
0.3382 -0.0176 -0.2587
0.3527 -0.0199 -0.2632
0.3663 -0.0236 -0.2657
0.3794 -0.0275 -0.2672
0.3926 -0.0313 -0.2676
0.4062 -0.0353 -0.2674
0.4204 -0.0396 -0.2667
0.4375 -0.0415 -0.2679
0.4531 -0.0454 -0.2684
0.4681 -0.0497 -0.2691
0.4828 -0.0534 -0.2699
0.4970 -0.0558 -0.2704
0.5110 -0.0570 -0.2699
0.5261 -0.0550 -0.2691
0.5405 -0.0538 -0.2664
0.5548 -0.0526 -0.2623
0.5691 -0.0511 -0.2573
0.5832 -0.0493 -0.2518
0.5973 -0.0475 -0.2458
0.6132 -0.0447 -0.2405
0.6278 -0.0426 -0.2341
0.6417 -0.0408 -0.2271
0.6552 -0.0391 -0.2196
0.6682 -0.0376 -0.2116
0.6809 -0.0365 -0.2034
0.6936 -0.0331 -0.1957
0.7055 -0.0315 -0.1873
0.7168 -0.0306 -0.1786
0.7275 -0.0297 -0.1697
0.7376 -0.0289 -0.1608
0.7470 -0.0280 -0.1519
0.7564 -0.0253 -0.1438
0.7646 -0.0240 -0.1352
0.7720 -0.0233 -0.1266
0.7786 -0.0228 -0.1182
0.7843 -0.0225 -0.1101
0.7894 -0.0224 -0.1024
0.7830 0.0262 -0.1957
0.7835 0.0413 -0.2210
0.7856 0.0458 -0.2252
0.7877 0.0472 -0.2233
0.7894 0.0477 -0.2200
0.7906 0.0480 -0.2170
0.7931 0.0475 -0.2141
0.7941 0.0480 -0.2122
0.7943 0.0485 -0.2109
0.7942 0.0489 -0.2099
0.7937 0.0488 -0.2090
0.7930 0.0482 -0.2081
0.7903 0.0492 -0.2069
0.7884 0.0484 -0.2058
0.7865 0.0468 -0.2044
0.7843 0.0450 -0.2030
0.7818 0.0431 -0.2014
0.7790 0.0411 -0.1997
0.7757 0.0403 -0.1993
0.7725 0.0388 -0.1978
0.7692 0.0372 -0.1959
0.7658 0.0356 -0.1937
0.7624 0.0343 -0.1914
0.7590 0.0334 -0.1889
0.7565 0.0329 -0.1860
0.7535 0.0328 -0.1834
0.7507 0.0330 -0.1811
0.7482 0.0336 -0.1791
0.7463 0.0346 -0.1776
0.7455 0.0362 -0.1768
0.7460 0.0386 -0.1768
0.7462 0.0414 -0.1768
0.7468 0.0446 -0.1769
0.7479 0.0479 -0.1774
0.7497 0.0511 -0.1782
0.7519 0.0541 -0.1794
0.7545 0.0566 -0.1808
0.7585 0.0599 -0.1824
0.7615 0.0621 -0.1840
0.7641 0.0638 -0.1856
0.7665 0.0651 -0.1873
0.7688 0.0662 -0.1891
0.7723 0.0681 -0.1913
0.7748 0.0694 -0.1934
0.7770 0.0706 -0.1954
0.7790 0.0718 -0.1971
0.7808 0.0728 -0.1987
0.7826 0.0736 -0.2000
0.7854 0.0755 -0.2011
0.7875 0.0762 -0.2019
0.7893 0.0765 -0.2024
0.7908 0.0765 -0.2026
0.7921 0.0765 -0.2024
0.7933 0.0764 -0.2019
0.7960 0.0764 -0.2012
0.7975 0.0765 -0.2000
0.7984 0.0767 -0.1985
0.7990 0.0770 -0.1965
0.7992 0.0776 -0.1942
0.7995 0.0785 -0.1922
0.7999 0.0800 -0.1908
0.7998 0.0816 -0.1887
0.7995 0.0834 -0.1865
0.7990 0.0855 -0.1842
0.7982 0.0874 -0.1819
0.7972 0.0891 -0.1795
0.7963 0.0899 -0.1775
0.7949 0.0905 -0.1749
0.7932 0.0906 -0.1720
0.7910 0.0903 -0.1689
0.7884 0.0896 -0.1656
0.7852 0.0887 -0.1620
0.7818 0.0874 -0.1585
0.7775 0.0864 -0.1544
0.7722 0.0858 -0.1499
0.7663 0.0860 -0.1452
0.7601 0.0871 -0.1407
0.7537 0.0897 -0.1367
0.7479 0.0937 -0.1333
0.7418 0.1001 -0.1304
0.7355 0.1084 -0.1280
0.7290 0.1185 -0.1258
0.7226 0.1298 -0.1240
0.7168 0.1416 -0.1225
0.7121 0.1541 -0.1214
0.7078 0.1667 -0.1202
0.7036 0.1796 -0.1192
0.6994 0.1925 -0.1184
0.6952 0.2054 -0.1178
0.6910 0.2182 -0.1174
0.6877 0.2301 -0.1170
0.6844 0.2419 -0.1172
0.6813 0.2532 -0.1178
0.6782 0.2636 -0.1185
0.6752 0.2731 -0.1191
0.6726 0.2819 -0.1199
0.6712 0.2902 -0.1228
0.6698 0.2977 -0.1248
0.6685 0.3045 -0.1268
0.6672 0.3105 -0.1286
0.6660 0.3155 -0.1303
0.6650 0.3198 -0.1319
0.6637 0.3187 -0.0877
0.6630 0.3204 -0.0752
0.6623 0.3228 -0.0728
0.6617 0.3252 -0.0734
0.6611 0.3272 -0.0749
0.6605 0.3289 -0.0765
0.6614 0.3309 -0.0788
0.6613 0.3323 -0.0805
0.6609 0.3336 -0.0819
0.6605 0.3347 -0.0833
0.6601 0.3357 -0.0845
0.6600 0.3367 -0.0854
0.6605 0.3375 -0.0860
0.6604 0.3384 -0.0869
0.6601 0.3394 -0.0881
0.6597 0.3404 -0.0893
0.6593 0.3413 -0.0904
0.6588 0.3421 -0.0913
0.6595 0.3434 -0.0917
0.6594 0.3442 -0.0923
0.6591 0.3449 -0.0929
0.6587 0.3456 -0.0936
0.6582 0.3463 -0.0944
0.6576 0.3470 -0.0951
0.6584 0.3477 -0.0958
0.6583 0.3483 -0.0965
0.6580 0.3489 -0.0972
0.6575 0.3496 -0.0980
0.6570 0.3503 -0.0988
0.6566 0.3510 -0.0996
0.6569 0.3516 -0.1000
0.6567 0.3524 -0.1007
0.6564 0.3531 -0.1015
0.6560 0.3538 -0.1024
0.6557 0.3546 -0.1032
0.6552 0.3554 -0.1041
0.6555 0.3563 -0.1051
0.6554 0.3571 -0.1059
0.6551 0.3579 -0.1064
0.6548 0.3586 -0.1069
0.6544 0.3593 -0.1073
0.6540 0.3601 -0.1078
0.6534 0.3607 -0.1083
0.6529 0.3614 -0.1087
0.6524 0.3621 -0.1092
0.6519 0.3628 -0.1097
0.6515 0.3634 -0.1102
0.6512 0.3641 -0.1108
0.6510 0.3647 -0.1127
0.6508 0.3653 -0.1138
0.6506 0.3659 -0.1147
0.6505 0.3665 -0.1156
0.6504 0.3670 -0.1164
0.6504 0.3677 -0.1173
0.6504 0.3686 -0.1181
0.6504 0.3694 -0.1191
0.6504 0.3701 -0.1201
0.6504 0.3707 -0.1211
0.6504 0.3714 -0.1222
0.6504 0.3721 -0.1232
0.6471 0.3702 -0.1247
0.6460 0.3700 -0.1258
0.6457 0.3705 -0.1267
0.6457 0.3711 -0.1276
0.6458 0.3717 -0.1282
0.6459 0.3723 -0.1288
0.6461 0.3724 -0.1289
0.6463 0.3728 -0.1293
0.6464 0.3734 -0.1298
0.6467 0.3741 -0.1303
0.6469 0.3748 -0.1308
0.6471 0.3754 -0.1312
0.6463 0.3770 -0.1329
0.6462 0.3780 -0.1337
0.6462 0.3786 -0.1342
0.6463 0.3793 -0.1346
0.6463 0.3798 -0.1351
0.6464 0.3804 -0.1356
0.6462 0.3800 -0.1351
0.6461 0.3802 -0.1352
0.6461 0.3806 -0.1356
0.6462 0.3810 -0.1360
0.6462 0.3814 -0.1364
0.6462 0.3819 -0.1368
0.6458 0.3817 -0.1353
0.6457 0.3818 -0.1350
0.6457 0.3820 -0.1351
0.6457 0.3823 -0.1352
0.6457 0.3825 -0.1353
0.6458 0.3827 -0.1355
0.6453 0.3826 -0.1348
0.6452 0.3827 -0.1346
0.6451 0.3829 -0.1347
0.6450 0.3830 -0.1348
0.6450 0.3831 -0.1349
0.6449 0.3834 -0.1349
0.6444 0.3837 -0.1348
0.6443 0.3839 -0.1348
0.6443 0.3841 -0.1348
0.6443 0.3842 -0.1348
0.6444 0.3844 -0.1348
0.6445 0.3845 -0.1348
0.6435 0.3838 -0.1345
0.6433 0.3836 -0.1345
0.6432 0.3836 -0.1346
0.6433 0.3837 -0.1346
0.6433 0.3837 -0.1346
0.6434 0.3837 -0.1346
0.6432 0.3831 -0.1340
0.6431 0.3829 -0.1337
0.6431 0.3828 -0.1335
0.6431 0.3827 -0.1333
0.6432 0.3827 -0.1332
0.6432 0.3827 -0.1330
0.6429 0.3823 -0.1325
0.6429 0.3821 -0.1323
0.6429 0.3821 -0.1321
0.6429 0.3821 -0.1320
0.6429 0.3822 -0.1319
0.6429 0.3822 -0.1319
0.6431 0.3814 -0.1314
0.6432 0.3811 -0.1313
0.6433 0.3810 -0.1312
0.6435 0.3811 -0.1311
0.6436 0.3811 -0.1311
0.6438 0.3812 -0.1311
0.6439 0.3813 -0.1311
0.6438 0.3809 -0.1312
0.6439 0.3808 -0.1313
0.6440 0.3809 -0.1315
0.6441 0.3811 -0.1316
0.6442 0.3813 -0.1317
0.6443 0.3809 -0.1313
0.6444 0.3808 -0.1312
0.6446 0.3809 -0.1312
0.6447 0.3811 -0.1312
0.6448 0.3812 -0.1313
0.6448 0.3813 -0.1312
0.6449 0.3811 -0.1306
0.6449 0.3811 -0.1304
0.6450 0.3811 -0.1304
0.6450 0.3812 -0.1303
0.6451 0.3812 -0.1304
0.6452 0.3812 -0.1304
0.6446 0.3808 -0.1301
0.6445 0.3807 -0.1300
0.6445 0.3806 -0.1301
0.6445 0.3806 -0.1301
0.6445 0.3806 -0.1302
0.6446 0.3806 -0.1303
0.6444 0.3802 -0.1299
0.6444 0.3801 -0.1299
0.6444 0.3801 -0.1299
0.6444 0.3802 -0.1300
0.6444 0.3802 -0.1301
0.6445 0.3803 -0.1303
0.6442 0.3803 -0.1306
0.6442 0.3803 -0.1308
0.6441 0.3804 -0.1309
0.6441 0.3805 -0.1311
0.6442 0.3805 -0.1312
0.6442 0.3806 -0.1314
0.6443 0.3804 -0.1312
0.6443 0.3804 -0.1312
0.6443 0.3805 -0.1314
0.6443 0.3805 -0.1316
0.6443 0.3806 -0.1318
0.6444 0.3806 -0.1319
0.6441 0.3803 -0.1314
0.6440 0.3802 -0.1313
0.6440 0.3802 -0.1315
0.6440 0.3803 -0.1317
0.6440 0.3804 -0.1319
0.6441 0.3805 -0.1322
0.6439 0.3804 -0.1316
0.6439 0.3805 -0.1316
0.6438 0.3806 -0.1317
0.6438 0.3806 -0.1319
0.6437 0.3806 -0.1320
0.6436 0.3805 -0.1321
0.6435 0.3800 -0.1312
0.6434 0.3794 -0.1309
0.6432 0.3786 -0.1305
0.6430 0.3773 -0.1299
0.6427 0.3755 -0.1291
0.6423 0.3728 -0.1279
0.6418 0.3696 -0.1277
0.6413 0.3646 -0.1256
0.6408 0.3578 -0.1222
0.6404 0.3494 -0.1177
0.6399 0.3393 -0.1124
0.6394 0.3274 -0.1063
0.6384 0.3142 -0.1008
0.6375 0.2988 -0.0942
0.6363 0.2813 -0.0872
0.6347 0.2621 -0.0800
0.6329 0.2411 -0.0731
0.6307 0.2184 -0.0667
0.6282 0.1947 -0.0631
0.6253 0.1692 -0.0588
0.6220 0.1422 -0.0548
0.6184 0.1141 -0.0519
0.6144 0.0854 -0.0503
0.6104 0.0568 -0.0508
0.6066 0.0291 -0.0538
0.6031 0.0020 -0.0572
0.6002 -0.0238 -0.0615
0.5976 -0.0481 -0.0667
0.5950 -0.0710 -0.0727
0.5921 -0.0925 -0.0798
0.5890 -0.1122 -0.0879
0.5857 -0.1296 -0.0961
0.5821 -0.1443 -0.1046
0.5783 -0.1567 -0.1134
0.5741 -0.1671 -0.1222
0.5694 -0.1759 -0.1313
0.5645 -0.1833 -0.1409
0.5602 -0.1893 -0.1499
0.5584 -0.1941 -0.1577
0.5572 -0.1986 -0.1642
0.5561 -0.2029 -0.1704
0.5553 -0.2072 -0.1764
0.5545 -0.2120 -0.1831
0.5535 -0.2176 -0.1885
0.5525 -0.2235 -0.1935
0.5517 -0.2295 -0.1986
0.5509 -0.2352 -0.2034
0.5502 -0.2404 -0.2083
0.5496 -0.2448 -0.2136
0.5487 -0.2495 -0.2181
0.5477 -0.2539 -0.2222
0.5467 -0.2576 -0.2259
0.5458 -0.2605 -0.2294
0.5449 -0.2626 -0.2325
0.5438 -0.2645 -0.2352
0.5428 -0.2665 -0.2381
0.5421 -0.2683 -0.2409
0.5415 -0.2699 -0.2437
0.5409 -0.2711 -0.2464
0.5402 -0.2721 -0.2490
0.5394 -0.2731 -0.2516
0.5388 -0.2742 -0.2543
0.5384 -0.2754 -0.2571
0.5381 -0.2768 -0.2600
0.5378 -0.2782 -0.2630
0.5375 -0.2797 -0.2661
0.5371 -0.2814 -0.2691
0.5367 -0.2831 -0.2723
0.5362 -0.2850 -0.2756
0.5357 -0.2871 -0.2791
0.5351 -0.2892 -0.2827
0.5343 -0.2914 -0.2863
0.5335 -0.2936 -0.2901
0.5326 -0.2958 -0.2939
0.5316 -0.2981 -0.2979
0.5306 -0.3003 -0.3019
0.5295 -0.3026 -0.3061
0.5282 -0.3048 -0.3103
0.5268 -0.3071 -0.3146
0.5253 -0.3093 -0.3191
0.5238 -0.3115 -0.3236
0.5222 -0.3137 -0.3282
0.5208 -0.3158 -0.3327
0.5193 -0.3179 -0.3371
0.5177 -0.3199 -0.3415
0.5161 -0.3218 -0.3458
0.5144 -0.3235 -0.3500
0.5126 -0.3252 -0.3540
0.5108 -0.3267 -0.3578
0.5090 -0.3279 -0.3614
0.5072 -0.3290 -0.3647
0.5054 -0.3300 -0.3679
0.5034 -0.3308 -0.3709
0.5015 -0.3315 -0.3737
0.4996 -0.3321 -0.3764
0.4977 -0.3326 -0.3790
0.4946 -0.3346 -0.3789
0.4924 -0.3356 -0.3806
0.4904 -0.3363 -0.3828
0.4886 -0.3368 -0.3851
0.4869 -0.3374 -0.3877
0.4853 -0.3380 -0.3902
0.4841 -0.3381 -0.3913
0.4828 -0.3385 -0.3932
0.4816 -0.3391 -0.3954
0.4805 -0.3397 -0.3977
0.4795 -0.3403 -0.3998
0.4785 -0.3409 -0.4018
0.4795 -0.3434 -0.3991
0.4793 -0.3445 -0.3994
0.4788 -0.3453 -0.4004
0.4783 -0.3458 -0.4016
0.4780 -0.3461 -0.4025
0.4779 -0.3461 -0.4029
0.4782 -0.3459 -0.4029
0.4790 -0.3453 -0.4023
0.4804 -0.3445 -0.4013
0.4826 -0.3433 -0.3998
0.4855 -0.3417 -0.3979
0.4894 -0.3399 -0.3956
0.4942 -0.3377 -0.3930
0.5004 -0.3352 -0.3901
0.5090 -0.3320 -0.3862
0.5200 -0.3276 -0.3814
0.5330 -0.3221 -0.3766
0.5473 -0.3160 -0.3728
0.5627 -0.3102 -0.3706
0.5789 -0.3046 -0.3700
0.5959 -0.2989 -0.3708
0.6138 -0.2930 -0.3730
0.6328 -0.2865 -0.3768
0.6526 -0.2795 -0.3823
0.6730 -0.2720 -0.3898
0.6938 -0.2642 -0.3993
0.7147 -0.2561 -0.4110
0.7356 -0.2474 -0.4248
0.7562 -0.2381 -0.4407
0.7764 -0.2282 -0.4587
0.7958 -0.2180 -0.4788
0.8145 -0.2078 -0.5009
0.8321 -0.1975 -0.5249
0.8487 -0.1872 -0.5507
0.8641 -0.1768 -0.5780
0.8780 -0.1659 -0.6065
0.8901 -0.1544 -0.6360
0.9004 -0.1424 -0.6661
0.9089 -0.1300 -0.6965
0.9155 -0.1176 -0.7268
0.9202 -0.1054 -0.7565
0.9233 -0.0936 -0.7847
0.9249 -0.0823 -0.8111
0.9254 -0.0718 -0.8354
0.9249 -0.0623 -0.8575
0.9238 -0.0539 -0.8776
0.9222 -0.0465 -0.8957
0.9204 -0.0398 -0.9117
0.9184 -0.0339 -0.9255
0.9165 -0.0287 -0.9374
0.9147 -0.0240 -0.9478
0.9129 -0.0198 -0.9567
0.9111 -0.0161 -0.9646
0.9085 -0.0133 -0.9733
0.9047 -0.0118 -0.9841
0.9024 -0.0101 -0.9914
0.9007 -0.0086 -0.9973
0.8993 -0.0075 -1.0022
0.8980 -0.0068 -1.0065
0.8969 -0.0064 -1.0103
0.8959 -0.0064 -1.0136
0.8950 -0.0064 -1.0167
0.8942 -0.0063 -1.0194
0.8936 -0.0063 -1.0218
0.8931 -0.0063 -1.0240
0.8916 -0.0050 -1.0243
0.8884 -0.0013 -1.0214
0.8873 -0.0002 -1.0218
0.8870 0.0002 -1.0230
0.8870 0.0003 -1.0244
0.8872 0.0002 -1.0258
0.8876 0.0001 -1.0272
0.8837 0.0089 -1.0143
0.8828 0.0116 -1.0108
0.8829 0.0123 -1.0101
0.8835 0.0125 -1.0102
0.8843 0.0125 -1.0106
0.8852 0.0125 -1.0109
0.8831 0.0168 -1.0051
0.8832 0.0182 -1.0032
0.8841 0.0186 -1.0025
0.8853 0.0186 -1.0020
0.8866 0.0185 -1.0017
0.8880 0.0183 -1.0013
0.8874 0.0222 -0.9934
0.8882 0.0233 -0.9903
0.8895 0.0235 -0.9887
0.8912 0.0234 -0.9875
0.8929 0.0232 -0.9863
0.8948 0.0231 -0.9851
0.8939 0.0260 -0.9778
0.8948 0.0269 -0.9745
0.8964 0.0272 -0.9724
0.8984 0.0272 -0.9708
0.9004 0.0272 -0.9693
0.9014 0.0281 -0.9659
0.9005 0.0308 -0.9593
0.9015 0.0315 -0.9563
0.9031 0.0317 -0.9545
0.9049 0.0319 -0.9531
0.9067 0.0321 -0.9518
0.9075 0.0334 -0.9487
0.9068 0.0363 -0.9426
0.9073 0.0375 -0.9402
0.9082 0.0381 -0.9390
0.9092 0.0385 -0.9383
0.9103 0.0389 -0.9377
0.9113 0.0392 -0.9371
0.9104 0.0414 -0.9311
0.9106 0.0423 -0.9286
0.9112 0.0426 -0.9271
0.9120 0.0427 -0.9258
0.9130 0.0427 -0.9244
0.9140 0.0426 -0.9230
0.9151 0.0424 -0.9214
0.9158 0.0440 -0.9155
0.9168 0.0445 -0.9121
0.9180 0.0446 -0.9091
0.9195 0.0445 -0.9057
0.9213 0.0445 -0.9013
0.9244 0.0444 -0.8949
0.9273 0.0442 -0.8881
0.9304 0.0440 -0.8802
0.9337 0.0437 -0.8709
0.9372 0.0435 -0.8598
0.9408 0.0434 -0.8468
0.9441 0.0441 -0.8308
0.9473 0.0446 -0.8137
0.9501 0.0450 -0.7951
0.9524 0.0451 -0.7751
0.9540 0.0452 -0.7535
0.9551 0.0451 -0.7305
0.9551 0.0451 -0.7059
0.9543 0.0447 -0.6807
0.9526 0.0441 -0.6549
0.9501 0.0431 -0.6288
0.9465 0.0414 -0.6028
0.9420 0.0397 -0.5765
0.9368 0.0379 -0.5496
0.9310 0.0359 -0.5223
0.9244 0.0340 -0.4949
0.9168 0.0325 -0.4677
0.9083 0.0319 -0.4409
0.8991 0.0329 -0.4151
0.8893 0.0358 -0.3903
0.8792 0.0400 -0.3669
0.8686 0.0458 -0.3452
0.8576 0.0531 -0.3250
0.8460 0.0620 -0.3058
0.8342 0.0719 -0.2876
0.8219 0.0813 -0.2706
0.8098 0.0912 -0.2539
0.7978 0.1022 -0.2383
0.7860 0.1144 -0.2242
0.7744 0.1273 -0.2121
0.7630 0.1405 -0.2019
0.7524 0.1534 -0.1933
0.7413 0.1662 -0.1857
0.7303 0.1788 -0.1788
0.7197 0.1912 -0.1729
0.7096 0.2032 -0.1686
0.7002 0.2144 -0.1656
0.6899 0.2233 -0.1640
0.6808 0.2323 -0.1627
0.6725 0.2409 -0.1620
0.6657 0.2491 -0.1622
0.6606 0.2566 -0.1632
0.6567 0.2634 -0.1645
0.6531 0.2702 -0.1666
0.6496 0.2759 -0.1682
0.6463 0.2811 -0.1698
0.6432 0.2859 -0.1717
0.6403 0.2902 -0.1736
0.6375 0.2939 -0.1754
0.6366 0.2982 -0.1785
0.6345 0.3012 -0.1806
0.6321 0.3037 -0.1823
0.6295 0.3060 -0.1841
0.6270 0.3081 -0.1859
0.6298 0.3122 -0.1684
0.6406 0.3196 -0.1207
0.6426 0.3225 -0.1065
0.6422 0.3239 -0.1029
0.6414 0.3249 -0.1026
0.6408 0.3259 -0.1037
0.6406 0.3268 -0.1048
0.6410 0.3276 -0.1057
0.6405 0.3283 -0.1069
0.6400 0.3287 -0.1080
0.6394 0.3289 -0.1088
0.6388 0.3290 -0.1095
0.6380 0.3289 -0.1101
0.6387 0.3281 -0.1104
0.6385 0.3275 -0.1110
0.6379 0.3271 -0.1116
0.6375 0.3266 -0.1121
0.6371 0.3261 -0.1126
0.6369 0.3256 -0.1130
0.6381 0.3251 -0.1138
0.6384 0.3247 -0.1143
0.6385 0.3242 -0.1148
0.6385 0.3239 -0.1154
0.6384 0.3237 -0.1160
0.6382 0.3236 -0.1166
0.6388 0.3232 -0.1184
0.6389 0.3231 -0.1195
0.6389 0.3232 -0.1203
0.6388 0.3234 -0.1210
0.6386 0.3236 -0.1216
0.6385 0.3238 -0.1221
0.6388 0.3235 -0.1227
0.6388 0.3238 -0.1234
0.6387 0.3244 -0.1241
0.6386 0.3251 -0.1249
0.6386 0.3259 -0.1256
0.6385 0.3268 -0.1264
0.6392 0.3266 -0.1266
0.6394 0.3273 -0.1274
0.6393 0.3283 -0.1283
0.6393 0.3294 -0.1292
0.6392 0.3305 -0.1300
0.6391 0.3316 -0.1309
0.6391 0.3317 -0.1318
0.6390 0.3325 -0.1327
0.6389 0.3334 -0.1335
0.6386 0.3342 -0.1343
0.6384 0.3350 -0.1349
0.6383 0.3353 -0.1355
0.6383 0.3351 -0.1363
0.6381 0.3354 -0.1369
0.6378 0.3358 -0.1375
0.6375 0.3362 -0.1380
0.6372 0.3366 -0.1385
0.6370 0.3370 -0.1390
0.6371 0.3362 -0.1395
0.6370 0.3361 -0.1400
0.6367 0.3364 -0.1404
0.6365 0.3367 -0.1407
0.6362 0.3371 -0.1411
0.6359 0.3375 -0.1415
0.6351 0.3366 -0.1426
0.6347 0.3367 -0.1432
0.6343 0.3371 -0.1436
0.6339 0.3377 -0.1441
0.6336 0.3383 -0.1444
0.6333 0.3390 -0.1447
0.6329 0.3397 -0.1451
0.6342 0.3401 -0.1445
0.6344 0.3408 -0.1446
0.6343 0.3415 -0.1448
0.6340 0.3423 -0.1450
0.6338 0.3430 -0.1452
0.6341 0.3437 -0.1441
0.6341 0.3444 -0.1438
0.6339 0.3451 -0.1439
0.6336 0.3459 -0.1440
0.6333 0.3466 -0.1442
0.6330 0.3473 -0.1444
0.6333 0.3470 -0.1433
0.6332 0.3474 -0.1431
0.6330 0.3479 -0.1431
0.6328 0.3485 -0.1433
0.6325 0.3491 -0.1434
0.6324 0.3496 -0.1436
0.6328 0.3491 -0.1427
0.6330 0.3492 -0.1425
0.6329 0.3496 -0.1425
0.6329 0.3500 -0.1426
0.6329 0.3504 -0.1426
0.6330 0.3508 -0.1425
0.6332 0.3513 -0.1424
0.6332 0.3517 -0.1424
0.6331 0.3521 -0.1425
0.6329 0.3525 -0.1426
0.6328 0.3527 -0.1426
0.6327 0.3530 -0.1426
0.6324 0.3543 -0.1417
0.6322 0.3548 -0.1414
0.6320 0.3552 -0.1413
0.6319 0.3555 -0.1413
0.6317 0.3557 -0.1412
0.6316 0.3560 -0.1412
0.6309 0.3555 -0.1405
0.6306 0.3555 -0.1403
0.6305 0.3557 -0.1403
0.6304 0.3560 -0.1403
0.6304 0.3562 -0.1404
0.6303 0.3565 -0.1404
0.6298 0.3561 -0.1393
0.6296 0.3562 -0.1390
0.6295 0.3564 -0.1390
0.6294 0.3567 -0.1390
0.6294 0.3570 -0.1390
0.6294 0.3573 -0.1390
0.6291 0.3569 -0.1388
0.6290 0.3570 -0.1388
0.6289 0.3573 -0.1388
0.6289 0.3576 -0.1389
0.6289 0.3579 -0.1390
0.6289 0.3582 -0.1391
0.6289 0.3586 -0.1392
0.6286 0.3587 -0.1395
0.6285 0.3590 -0.1397
0.6285 0.3594 -0.1399
0.6285 0.3598 -0.1401
0.6285 0.3601 -0.1403
0.6286 0.3605 -0.1404
0.6284 0.3605 -0.1393
0.6283 0.3607 -0.1389
0.6283 0.3610 -0.1388
0.6284 0.3614 -0.1388
0.6284 0.3617 -0.1389
0.6278 0.3612 -0.1376
0.6276 0.3612 -0.1373
0.6276 0.3613 -0.1372
0.6276 0.3616 -0.1372
0.6277 0.3618 -0.1373
0.6279 0.3621 -0.1373
0.6271 0.3628 -0.1379
0.6269 0.3633 -0.1383
0.6268 0.3637 -0.1385
0.6268 0.3641 -0.1386
0.6268 0.3645 -0.1388
0.6269 0.3649 -0.1389
0.6263 0.3654 -0.1389
0.6260 0.3659 -0.1391
0.6260 0.3664 -0.1392
0.6259 0.3670 -0.1394
0.6259 0.3676 -0.1396
0.6258 0.3682 -0.1398
0.6254 0.3687 -0.1394
0.6253 0.3693 -0.1395
0.6252 0.3699 -0.1396
0.6252 0.3705 -0.1399
0.6253 0.3711 -0.1401
0.6253 0.3717 -0.1404
0.6249 0.3712 -0.1394
0.6248 0.3714 -0.1392
0.6248 0.3718 -0.1393
0.6249 0.3722 -0.1395
0.6250 0.3726 -0.1396
0.6251 0.3729 -0.1398
0.6245 0.3728 -0.1392
0.6243 0.3729 -0.1391
0.6243 0.3732 -0.1392
0.6243 0.3736 -0.1394
0.6244 0.3739 -0.1396
0.6244 0.3743 -0.1398
0.6234 0.3738 -0.1397
0.6231 0.3739 -0.1399
0.6230 0.3741 -0.1401
0.6231 0.3744 -0.1403
0.6232 0.3748 -0.1405
0.6234 0.3751 -0.1407
0.6237 0.3742 -0.1387
0.6239 0.3741 -0.1381
0.6241 0.3742 -0.1381
0.6243 0.3744 -0.1382
0.6246 0.3746 -0.1384
0.6248 0.3748 -0.1385
0.6246 0.3748 -0.1402
0.6247 0.3749 -0.1408
0.6250 0.3749 -0.1411
0.6253 0.3750 -0.1413
0.6257 0.3751 -0.1415
0.6260 0.3753 -0.1419
0.6255 0.3753 -0.1426
0.6256 0.3755 -0.1430
0.6259 0.3758 -0.1434
0.6262 0.3760 -0.1437
0.6265 0.3762 -0.1439
0.6269 0.3765 -0.1442
0.6272 0.3757 -0.1429
0.6274 0.3755 -0.1426
0.6277 0.3756 -0.1426
0.6279 0.3756 -0.1426
0.6281 0.3757 -0.1426
0.6284 0.3757 -0.1426
0.6280 0.3754 -0.1425
0.6280 0.3754 -0.1425
0.6281 0.3754 -0.1426
0.6282 0.3754 -0.1426
0.6283 0.3754 -0.1426
0.6284 0.3755 -0.1426
0.6284 0.3756 -0.1426
0.6280 0.3748 -0.1416
0.6278 0.3747 -0.1413
0.6277 0.3747 -0.1413
0.6277 0.3748 -0.1413
0.6277 0.3750 -0.1413
0.6276 0.3750 -0.1411
0.6276 0.3751 -0.1410
0.6276 0.3752 -0.1410
0.6276 0.3753 -0.1410
0.6276 0.3753 -0.1409
0.6277 0.3753 -0.1408
0.6278 0.3750 -0.1407
0.6278 0.3749 -0.1406
0.6278 0.3749 -0.1406
0.6278 0.3748 -0.1405
0.6278 0.3747 -0.1405
0.6277 0.3747 -0.1405
0.6275 0.3743 -0.1402
0.6274 0.3742 -0.1401
0.6274 0.3742 -0.1400
0.6274 0.3742 -0.1400
0.6274 0.3743 -0.1399
0.6274 0.3744 -0.1399
0.6276 0.3741 -0.1397
0.6277 0.3741 -0.1395
0.6277 0.3742 -0.1394
0.6277 0.3743 -0.1394
0.6278 0.3744 -0.1394
0.6278 0.3745 -0.1394
0.6279 0.3742 -0.1391
0.6279 0.3742 -0.1390
0.6280 0.3743 -0.1391
0.6280 0.3743 -0.1392
0.6281 0.3744 -0.1392
0.6282 0.3745 -0.1392
0.6286 0.3736 -0.1384
0.6288 0.3733 -0.1381
0.6289 0.3732 -0.1381
0.6289 0.3732 -0.1381
0.6290 0.3732 -0.1380
0.6290 0.3731 -0.1379
0.6280 0.3733 -0.1387
0.6276 0.3734 -0.1389
0.6275 0.3734 -0.1389
0.6274 0.3734 -0.1389
0.6274 0.3735 -0.1388
0.6274 0.3735 -0.1387
0.6275 0.3731 -0.1384
0.6276 0.3730 -0.1383
0.6276 0.3730 -0.1384
0.6276 0.3730 -0.1384
0.6277 0.3730 -0.1384
0.6277 0.3729 -0.1384
0.6276 0.3729 -0.1386
0.6277 0.3728 -0.1386
0.6277 0.3728 -0.1387
0.6278 0.3728 -0.1387
0.6278 0.3728 -0.1387
0.6279 0.3728 -0.1388
0.6280 0.3726 -0.1384
0.6280 0.3726 -0.1383
0.6281 0.3727 -0.1384
0.6281 0.3728 -0.1384
0.6282 0.3729 -0.1385
0.6283 0.3730 -0.1385
0.6281 0.3727 -0.1383
0.6280 0.3727 -0.1383
0.6280 0.3728 -0.1383
0.6279 0.3730 -0.1383
0.6279 0.3732 -0.1384
0.6279 0.3734 -0.1385
0.6277 0.3732 -0.1386
0.6277 0.3732 -0.1387
0.6277 0.3733 -0.1389
0.6277 0.3734 -0.1390
0.6277 0.3735 -0.1392
0.6277 0.3737 -0.1393
0.6275 0.3733 -0.1391
0.6274 0.3732 -0.1391
0.6273 0.3733 -0.1392
0.6273 0.3735 -0.1392
0.6272 0.3736 -0.1394
0.6271 0.3738 -0.1395
0.6268 0.3738 -0.1398
0.6267 0.3739 -0.1399
0.6266 0.3740 -0.1400
0.6265 0.3742 -0.1402
0.6264 0.3744 -0.1403
0.6261 0.3745 -0.1405
0.6258 0.3744 -0.1408
0.6257 0.3745 -0.1410
0.6256 0.3746 -0.1411
0.6255 0.3747 -0.1412
0.6254 0.3748 -0.1413
0.6254 0.3749 -0.1414
0.6247 0.3748 -0.1420
0.6245 0.3749 -0.1422
0.6244 0.3749 -0.1423
0.6244 0.3750 -0.1423
0.6243 0.3751 -0.1422
0.6243 0.3751 -0.1422
0.6237 0.3751 -0.1427
0.6235 0.3751 -0.1428
0.6234 0.3751 -0.1428
0.6234 0.3752 -0.1428
0.6234 0.3753 -0.1428
0.6234 0.3753 -0.1428
0.6228 0.3754 -0.1437
0.6227 0.3755 -0.1440
0.6227 0.3756 -0.1441
0.6227 0.3756 -0.1443
0.6228 0.3757 -0.1444
0.6229 0.3758 -0.1444
0.6225 0.3758 -0.1452
0.6224 0.3759 -0.1455
0.6223 0.3761 -0.1456
0.6223 0.3762 -0.1457
0.6223 0.3764 -0.1458
0.6223 0.3766 -0.1458
0.6220 0.3760 -0.1458
0.6218 0.3759 -0.1458
0.6218 0.3760 -0.1458
0.6217 0.3761 -0.1459
0.6217 0.3763 -0.1460
0.6217 0.3765 -0.1460
0.6213 0.3766 -0.1462
0.6211 0.3768 -0.1462
0.6211 0.3769 -0.1463
0.6211 0.3770 -0.1462
0.6210 0.3772 -0.1462
0.6209 0.3772 -0.1462
0.6207 0.3767 -0.1460
0.6207 0.3767 -0.1459
0.6207 0.3767 -0.1459
0.6208 0.3768 -0.1459
0.6209 0.3769 -0.1459
0.6211 0.3770 -0.1458
0.6206 0.3770 -0.1461
0.6206 0.3771 -0.1462
0.6207 0.3772 -0.1463
0.6209 0.3772 -0.1463
0.6211 0.3772 -0.1463
0.6213 0.3773 -0.1463
0.6208 0.3776 -0.1463
0.6209 0.3777 -0.1463
0.6211 0.3777 -0.1463
0.6213 0.3777 -0.1463
0.6216 0.3778 -0.1463
0.6218 0.3778 -0.1463
0.6221 0.3779 -0.1463
0.6214 0.3776 -0.1466
0.6213 0.3775 -0.1466
0.6215 0.3775 -0.1466
0.6217 0.3776 -0.1466
0.6219 0.3776 -0.1465
0.6215 0.3774 -0.1466
0.6215 0.3774 -0.1465
0.6216 0.3774 -0.1464
0.6218 0.3775 -0.1463
0.6219 0.3775 -0.1462
0.6220 0.3776 -0.1461
0.6218 0.3773 -0.1461
0.6218 0.3772 -0.1460
0.6219 0.3772 -0.1460
0.6221 0.3772 -0.1459
0.6222 0.3773 -0.1458
0.6224 0.3773 -0.1457
0.6219 0.3765 -0.1453
0.6218 0.3763 -0.1452
0.6219 0.3762 -0.1451
0.6220 0.3762 -0.1451
0.6222 0.3762 -0.1451
0.6224 0.3762 -0.1451
0.6220 0.3760 -0.1457
0.6219 0.3759 -0.1459
0.6221 0.3759 -0.1460
0.6222 0.3759 -0.1460
0.6224 0.3759 -0.1461
0.6224 0.3757 -0.1462
0.6222 0.3752 -0.1463
0.6222 0.3751 -0.1464
0.6223 0.3751 -0.1465
0.6225 0.3751 -0.1466
0.6226 0.3752 -0.1467
0.6225 0.3753 -0.1470
0.6220 0.3751 -0.1474

