0.0000 0.0000 0.0000
0.0000 0.0000 0.0000
0.0000 0.0000 0.0000
0.0000 0.0000 0.0000
0.0000 0.0000 0.0000
0.0000 0.0000 0.0000
0.0000 0.0000 0.0000
0.0000 0.0000 0.0000
0.0000 0.0000 0.0000
0.0000 0.0000 0.0000
0.0000 0.0000 0.0000
0.0000 0.0000 0.0000
0.0000 0.0000 0.0000
0.0000 0.0000 0.0000
0.0000 0.0000 0.0000
0.0000 0.0000 0.0000
0.0000 0.0000 0.0000
0.0000 0.0000 0.0000
0.0000 0.0000 0.0000
0.0000 0.0000 0.0000
0.0000 0.0000 0.0000
0.0000 0.0000 0.0000
0.0000 0.0000 0.0000
0.0000 0.0000 0.0000
0.0000 0.0000 0.0000
0.0000 0.0000 0.0000
0.0000 0.0000 0.0000
0.0000 0.0000 0.0000
0.0000 0.0000 0.0000
0.0000 0.0000 0.0000
0.0000 0.0000 0.0000
0.0000 0.0000 0.0000
0.0000 0.0000 0.0000
0.0000 0.0000 0.0000
0.0000 0.0000 0.0000
0.0000 0.0000 0.0000
0.0000 0.0000 0.0000
0.0000 0.0000 0.0000
0.0000 0.0000 0.0000
0.0000 0.0000 0.0000
0.0000 0.0000 0.0000
0.0000 0.0000 0.0000
0.0000 0.0000 0.0000
0.0000 0.0000 0.0000
0.0000 0.0000 0.0000
0.0000 0.0000 0.0000
0.0000 0.0000 0.0000
0.0000 0.0000 0.0000
0.0000 0.0000 0.0000
0.0000 0.0000 0.0000
0.0000 0.0000 0.0000
0.0000 0.0000 0.0000
0.0000 0.0000 0.0000
0.0000 0.0000 0.0000
0.0000 0.0000 0.0000
0.0000 0.0000 0.0000
0.0000 0.0000 0.0000
0.0000 0.0000 0.0000
0.0000 0.0000 0.0000
0.0000 0.0000 0.0000
0.0000 0.0000 0.0000
0.0000 0.0000 0.0000
0.0000 0.0000 0.0000
0.0000 0.0000 0.0000
0.0000 0.0000 0.0000
0.0000 0.0000 0.0000
0.0000 0.0000 0.0000
0.0000 0.0000 0.0000
0.0000 0.0000 0.0000
0.0000 0.0000 0.0000
0.0000 0.0000 0.0000
0.0000 0.0000 0.0000
0.0000 0.0000 0.0000
0.0000 0.0000 0.0000
0.0000 0.0000 0.0000
0.0000 0.0000 0.0000
-0.0003 -0.0005 -0.0004
-0.0003 -0.0005 -0.0004
-0.0006 -0.0011 -0.0007
-0.0009 -0.0016 -0.0010
-0.0011 -0.0015 -0.0012
-0.0009 -0.0004 -0.0012
-0.0011 -0.0002 -0.0013
-0.0015 -0.0004 -0.0015
-0.0019 -0.0008 -0.0016
-0.0023 -0.0013 -0.0017
-0.0026 -0.0013 -0.0017
-0.0024 0.0000 -0.0014
-0.0027 0.0000 -0.0014
-0.0031 -0.0003 -0.0014
-0.0035 -0.0007 -0.0015
-0.0040 -0.0011 -0.0015
-0.0042 -0.0007 -0.0014
-0.0037 0.0017 -0.0008
-0.0039 0.0024 -0.0006
-0.0043 0.0025 -0.0005
-0.0048 0.0025 -0.0003
-0.0053 0.0024 -0.0002
-0.0059 0.0023 0.0000
-0.0057 0.0064 0.0006
-0.0059 0.0077 0.0009
-0.0063 0.0079 0.0011
-0.0068 0.0077 0.0013
-0.0072 0.0074 0.0016
-0.0075 0.0071 0.0017
-0.0068 0.0080 0.0018
-0.0067 0.0082 0.0018
-0.0069 0.0082 0.0017
-0.0072 0.0082 0.0015
-0.0075 0.0082 0.0013
-0.0077 0.0082 0.0010
-0.0080 0.0080 0.0006
-0.0083 0.0079 0.0002
-0.0085 0.0080 -0.0002
-0.0087 0.0080 -0.0007
-0.0089 0.0081 -0.0011
-0.0090 0.0082 -0.0015
-0.0090 0.0081 -0.0020
-0.0091 0.0083 -0.0022
-0.0093 0.0084 -0.0024
-0.0095 0.0086 -0.0025
-0.0096 0.0088 -0.0025
-0.0096 0.0090 -0.0025
-0.0092 0.0092 -0.0025
-0.0091 0.0093 -0.0024
-0.0091 0.0093 -0.0023
-0.0092 0.0093 -0.0023
-0.0092 0.0093 -0.0022
-0.0092 0.0093 -0.0023
-0.0089 0.0092 -0.0023
-0.0089 0.0092 -0.0024
-0.0089 0.0091 -0.0025
-0.0090 0.0091 -0.0027
-0.0090 0.0091 -0.0030
-0.0090 0.0091 -0.0031
-0.0086 0.0089 -0.0028
-0.0085 0.0090 -0.0029
-0.0086 0.0090 -0.0031
-0.0086 0.0091 -0.0032
-0.0087 0.0092 -0.0034
-0.0087 0.0093 -0.0034
-0.0083 0.0092 -0.0033
-0.0082 0.0092 -0.0034
-0.0083 0.0091 -0.0036
-0.0084 0.0091 -0.0039
-0.0086 0.0090 -0.0043
-0.0088 0.0090 -0.0046
-0.0088 0.0090 -0.0049
-0.0090 0.0089 -0.0052
-0.0092 0.0087 -0.0056
-0.0094 0.0085 -0.0060
-0.0096 0.0083 -0.0065
-0.0098 0.0081 -0.0069
-0.0099 0.0078 -0.0073
-0.0101 0.0078 -0.0077
-0.0104 0.0078 -0.0082
-0.0106 0.0079 -0.0086
-0.0109 0.0079 -0.0090
-0.0111 0.0079 -0.0093
-0.0110 0.0076 -0.0095
-0.0111 0.0075 -0.0098
-0.0112 0.0075 -0.0101
-0.0113 0.0075 -0.0104
-0.0115 0.0075 -0.0107
-0.0115 0.0077 -0.0109
-0.0114 0.0080 -0.0109
-0.0114 0.0082 -0.0111
-0.0114 0.0083 -0.0113
-0.0115 0.0084 -0.0115
-0.0116 0.0085 -0.0118
-0.0118 0.0087 -0.0121
-0.0120 0.0089 -0.0125
-0.0122 0.0091 -0.0128
-0.0125 0.0093 -0.0132
-0.0128 0.0095 -0.0136
-0.0131 0.0096 -0.0139
-0.0134 0.0096 -0.0142
-0.0134 0.0094 -0.0144
-0.0137 0.0094 -0.0145
-0.0141 0.0093 -0.0146
-0.0145 0.0092 -0.0146
-0.0150 0.0090 -0.0146
-0.0154 0.0090 -0.0145
-0.0158 0.0096 -0.0147
-0.0166 0.0098 -0.0142
-0.0176 0.0101 -0.0134
-0.0190 0.0104 -0.0124
-0.0207 0.0106 -0.0111
-0.0225 0.0108 -0.0096
-0.0242 0.0112 -0.0075
-0.0264 0.0107 -0.0055
-0.0291 0.0096 -0.0033
-0.0319 0.0081 -0.0010
-0.0350 0.0064 0.0013
-0.0383 0.0044 0.0034
-0.0418 0.0023 0.0052
-0.0453 0.0003 0.0066
-0.0490 -0.0011 0.0076
-0.0530 -0.0017 0.0085
-0.0572 -0.0015 0.0096
-0.0616 -0.0007 0.0108
-0.0663 0.0003 0.0122
-0.0712 0.0014 0.0138
-0.0765 0.0024 0.0156
-0.0818 0.0027 0.0178
-0.0870 0.0018 0.0207
-0.0930 0.0018 0.0233
-0.0998 0.0020 0.0261
-0.1071 0.0020 0.0294
-0.1150 0.0017 0.0332
-0.1231 0.0011 0.0374
-0.1311 0.0003 0.0418
-0.1400 -0.0009 0.0465
-0.1495 -0.0022 0.0513
-0.1594 -0.0036 0.0558
-0.1697 -0.0051 0.0601
-0.1802 -0.0065 0.0641
-0.1910 -0.0079 0.0679
-0.2018 -0.0093 0.0715
-0.2128 -0.0107 0.0749
-0.2238 -0.0120 0.0782
-0.2351 -0.0132 0.0815
-0.2465 -0.0140 0.0849
-0.2579 -0.0147 0.0885
-0.2697 -0.0153 0.0919
-0.2817 -0.0159 0.0951
-0.2937 -0.0166 0.0981
-0.3059 -0.0173 0.1008
-0.3180 -0.0180 0.1036
-0.3300 -0.0187 0.1067
-0.3421 -0.0196 0.1093
-0.3543 -0.0206 0.1117
-0.3667 -0.0216 0.1141
-0.3792 -0.0225 0.1165
-0.3922 -0.0234 0.1191
-0.4061 -0.0244 0.1221
-0.4214 -0.0253 0.1261
-0.4383 -0.0259 0.1317
-0.4568 -0.0262 0.1388
-0.4769 -0.0263 0.1476
-0.4984 -0.0259 0.1581
-0.5213 -0.0250 0.1705
-0.5462 -0.0235 0.1824
-0.5725 -0.0215 0.1939
-0.5998 -0.0190 0.2045
-0.6274 -0.0160 0.2138
-0.6547 -0.0129 0.2218
-0.6811 -0.0096 0.2286
-0.7067 -0.0058 0.2333
-0.7311 -0.0017 0.2364
-0.7543 0.0024 0.2383
-0.7762 0.0064 0.2392
-0.7968 0.0104 0.2396
-0.8162 0.0143 0.2400
-0.8346 0.0175 0.2392
-0.8519 0.0200 0.2378
-0.8681 0.0220 0.2360
-0.8832 0.0232 0.2340
-0.8970 0.0239 0.2321
-0.9095 0.0242 0.2309
-0.9209 0.0242 0.2289
-0.9311 0.0239 0.2267
-0.9402 0.0232 0.2246
-0.9482 0.0221 0.2226
-0.9555 0.0206 0.2218
-0.9621 0.0190 0.2230
-0.9680 0.0170 0.2229
-0.9732 0.0146 0.2229
-0.9777 0.0122 0.2232
-0.9816 0.0095 0.2240
-0.9841 0.0073 0.2269
-0.9843 0.0062 0.2341
-0.9858 0.0041 0.2385
-0.9877 0.0016 0.2425
-0.9895 -0.0010 0.2467
-0.9912 -0.0037 0.2515
-0.9915 -0.0055 0.2591
-0.9860 -0.0044 0.2757
-0.9860 -0.0054 0.2856
-0.9879 -0.0066 0.2933
-0.9907 -0.0076 0.3003
-0.9938 -0.0080 0.3071
-0.9966 -0.0075 0.3148
-0.9976 -0.0068 0.3316
-0.9997 -0.0049 0.3416
-1.0022 -0.0024 0.3493
-1.0048 0.0002 0.3560
-1.0072 0.0030 0.3622
-1.0091 0.0056 0.3693
-1.0102 0.0064 0.3841
-1.0103 0.0087 0.3931
-1.0096 0.0112 0.4004
-1.0082 0.0135 0.4071
-1.0066 0.0155 0.4135
-1.0050 0.0169 0.4205
-1.0040 0.0171 0.4311
-1.0033 0.0177 0.4378
-1.0029 0.0181 0.4430
-1.0029 0.0182 0.4475
-1.0031 0.0181 0.4518
-1.0033 0.0173 0.4571
-1.0038 0.0153 0.4663
-1.0046 0.0141 0.4719
-1.0056 0.0130 0.4763
-1.0070 0.0119 0.4801
-1.0086 0.0108 0.4837
-1.0104 0.0089 0.4883
-1.0122 0.0051 0.4961
-1.0138 0.0029 0.5010
-1.0152 0.0013 0.5048
-1.0165 0.0001 0.5083
-1.0176 -0.0004 0.5116
-1.0184 -0.0015 0.5157
-1.0189 -0.0050 0.5228
-1.0197 -0.0059 0.5269
-1.0206 -0.0058 0.5301
-1.0216 -0.0054 0.5330
-1.0227 -0.0051 0.5358
-1.0235 -0.0054 0.5393
-1.0233 -0.0069 0.5448
-1.0240 -0.0074 0.5481
-1.0247 -0.0072 0.5506
-1.0249 -0.0066 0.5530
-1.0245 -0.0060 0.5554
-1.0232 -0.0053 0.5586
-1.0208 -0.0047 0.5636
-1.0190 -0.0047 0.5670
-1.0175 -0.0049 0.5698
-1.0160 -0.0050 0.5722
-1.0142 -0.0045 0.5745
-1.0116 -0.0037 0.5774
-1.0079 -0.0028 0.5820
-1.0039 -0.0018 0.5854
-0.9996 -0.0011 0.5887
-0.9954 -0.0004 0.5921
-0.9912 0.0004 0.5957
-0.9873 0.0015 0.5997
-0.9838 0.0031 0.6046
-0.9802 0.0047 0.6089
-0.9762 0.0066 0.6131
-0.9717 0.0088 0.6172
-0.9667 0.0113 0.6214
-0.9614 0.0140 0.6255
-0.9562 0.0168 0.6295
-0.9512 0.0193 0.6334
-0.9467 0.0215 0.6372
-0.9427 0.0235 0.6408
-0.9389 0.0252 0.6442
-0.9353 0.0266 0.6472
-0.9320 0.0273 0.6494
-0.9284 0.0277 0.6518
-0.9216 0.0272 0.6563
-0.9191 0.0278 0.6574
-0.9180 0.0288 0.6577
-0.9176 0.0296 0.6575
-0.9176 0.0298 0.6581
-0.9179 0.0290 0.6589
-0.9183 0.0277 0.6599
-0.9189 0.0256 0.6608
-0.9200 0.0233 0.6615
-0.9204 0.0223 0.6625
-0.9205 0.0215 0.6626
-0.9204 0.0212 0.6620
-0.9204 0.0211 0.6608
-0.9205 0.0209 0.6594
-0.9210 0.0208 0.6577
-0.9223 0.0216 0.6558
-0.9231 0.0216 0.6544
-0.9235 0.0213 0.6534
-0.9235 0.0211 0.6525
-0.9233 0.0209 0.6519
-0.9231 0.0210 0.6512
-0.9237 0.0218 0.6502
-0.9238 0.0213 0.6501
-0.9236 0.0205 0.6501
-0.9234 0.0198 0.6499
-0.9233 0.0192 0.6493
-0.9238 0.0194 0.6484
-0.9256 0.0203 0.6474
-0.9261 0.0206 0.6463
-0.9264 0.0205 0.6451
-0.9269 0.0199 0.6440
-0.9274 0.0192 0.6427
-0.9287 0.0185 0.6418
-0.9314 0.0180 0.6417
-0.9326 0.0175 0.6411
-0.9332 0.0170 0.6402
-0.9336 0.0168 0.6393
-0.9337 0.0166 0.6384
-0.9338 0.0168 0.6375
-0.9340 0.0179 0.6365
-0.9341 0.0181 0.6355
-0.9341 0.0179 0.6345
-0.9342 0.0175 0.6336
-0.9343 0.0172 0.6329
-0.9335 0.0173 0.6335
-0.9310 0.0180 0.6368
-0.9299 0.0190 0.6376
-0.9293 0.0201 0.6380
-0.9289 0.0215 0.6387
-0.9282 0.0235 0.6397
-0.9274 0.0270 0.6422
-0.9262 0.0326 0.6478
-0.9257 0.0378 0.6506
-0.9256 0.0433 0.6527
-0.9255 0.0495 0.6548
-0.9253 0.0568 0.6571
-0.9250 0.0647 0.6593
-0.9246 0.0729 0.6615
-0.9246 0.0819 0.6641
-0.9250 0.0913 0.6669
-0.9257 0.1009 0.6698
-0.9264 0.1103 0.6724
-0.9271 0.1197 0.6747
-0.9275 0.1290 0.6767
-0.9277 0.1384 0.6785
-0.9277 0.1475 0.6801
-0.9276 0.1562 0.6817
-0.9276 0.1643 0.6833
-0.9275 0.1716 0.6850
-0.9272 0.1783 0.6867
-0.9271 0.1844 0.6880
-0.9267 0.1901 0.6889
-0.9259 0.1956 0.6894
-0.9245 0.2009 0.6896
-0.9228 0.2058 0.6894
-0.9210 0.2099 0.6887
-0.9191 0.2136 0.6884
-0.9171 0.2167 0.6882
-0.9151 0.2195 0.6882
-0.9130 0.2217 0.6881
-0.9110 0.2243 0.6881
-0.9097 0.2279 0.6881
-0.9076 0.2299 0.6882
-0.9054 0.2312 0.6885
-0.9032 0.2319 0.6889
-0.9009 0.2322 0.6894
-0.8994 0.2323 0.6902
-0.8993 0.2324 0.6913
-0.8982 0.2326 0.6919
-0.8968 0.2328 0.6924
-0.8954 0.2329 0.6929
-0.8941 0.2329 0.6934
-0.8934 0.2329 0.6942
-0.8939 0.2332 0.6953
-0.8933 0.2335 0.6958
-0.8924 0.2337 0.6961
-0.8914 0.2341 0.6963
-0.8904 0.2345 0.6965
-0.8899 0.2348 0.6965
-0.8904 0.2349 0.6964
-0.8901 0.2350 0.6966
-0.8895 0.2350 0.6970
-0.8890 0.2350 0.6973
-0.8884 0.2351 0.6976
-0.8884 0.2350 0.6979
-0.8894 0.2345 0.6982
-0.8895 0.2342 0.6985
-0.8894 0.2339 0.6989
-0.8892 0.2336 0.6993
-0.8890 0.2333 0.6997
-0.8890 0.2330 0.7001
-0.8896 0.2327 0.7005
-0.8897 0.2324 0.7010
-0.8897 0.2320 0.7015
-0.8897 0.2315 0.7020
-0.8897 0.2310 0.7025
-0.8896 0.2306 0.7029
-0.8895 0.2304 0.7031
-0.8894 0.2300 0.7034
-0.8894 0.2296 0.7038
-0.8894 0.2291 0.7041
-0.8895 0.2285 0.7046
-0.8892 0.2284 0.7049
-0.8877 0.2295 0.7048
-0.8874 0.2295 0.7050
-0.8873 0.2291 0.7054
-0.8873 0.2286 0.7058
-0.8874 0.2281 0.7062
-0.8874 0.2280 0.7063
-0.8871 0.2287 0.7060
-0.8870 0.2288 0.7060
-0.8871 0.2289 0.7060
-0.8871 0.2289 0.7061
-0.8870 0.2291 0.7060
-0.8867 0.2297 0.7057
-0.8861 0.2308 0.7048
-0.8857 0.2313 0.7043
-0.8855 0.2318 0.7040
-0.8852 0.2322 0.7037
-0.8848 0.2327 0.7034
-0.8842 0.2334 0.7029
-0.8832 0.2345 0.7021
-0.8827 0.2351 0.7017
-0.8822 0.2357 0.7013
-0.8818 0.2361 0.7009
-0.8815 0.2365 0.7005
-0.8812 0.2368 0.7002
-0.8807 0.2374 0.6996
-0.8804 0.2379 0.6992
-0.8801 0.2382 0.6988
-0.8797 0.2385 0.6985
-0.8794 0.2388 0.6982
-0.8791 0.2391 0.6978
-0.8787 0.2399 0.6973
-0.8784 0.2404 0.6969
-0.8781 0.2407 0.6966
-0.8779 0.2409 0.6964
-0.8777 0.2411 0.6963
-0.8776 0.2412 0.6961
-0.8775 0.2415 0.6958
-0.8774 0.2416 0.6956
-0.8774 0.2416 0.6955
-0.8774 0.2417 0.6953
-0.8775 0.2417 0.6952
-0.8773 0.2422 0.6949
-0.8766 0.2437 0.6943
-0.8765 0.2442 0.6940
-0.8765 0.2445 0.6937
-0.8767 0.2448 0.6934
-0.8768 0.2450 0.6932
-0.8773 0.2449 0.6932
-0.8781 0.2439 0.6936
-0.8785 0.2438 0.6936
-0.8786 0.2439 0.6936
-0.8788 0.2440 0.6935
-0.8790 0.2442 0.6934
-0.8791 0.2443 0.6934
-0.8792 0.2442 0.6934
-0.8793 0.2443 0.6934
-0.8795 0.2443 0.6935
-0.8797 0.2444 0.6935
-0.8798 0.2444 0.6936
-0.8799 0.2446 0.6936
-0.8797 0.2451 0.6932
-0.8798 0.2453 0.6932
-0.8799 0.2454 0.6932
-0.8800 0.2456 0.6933
-0.8802 0.2457 0.6934
-0.8803 0.2459 0.6934
-0.8802 0.2464 0.6932
-0.8804 0.2467 0.6932
-0.8805 0.2468 0.6933
-0.8807 0.2470 0.6934
-0.8808 0.2471 0.6935
-0.8809 0.2474 0.6935
-0.8810 0.2479 0.6932
-0.8811 0.2481 0.6933
-0.8812 0.2482 0.6934
-0.8813 0.2484 0.6935
-0.8814 0.2484 0.6937
-0.8816 0.2485 0.6937
-0.8818 0.2488 0.6932
-0.8819 0.2489 0.6931
-0.8820 0.2489 0.6932
-0.8821 0.2489 0.6933
-0.8824 0.2487 0.6936
-0.8826 0.2487 0.6936
-0.8827 0.2492 0.6933
-0.8828 0.2492 0.6933
-0.8830 0.2491 0.6935
-0.8831 0.2489 0.6936
-0.8832 0.2487 0.6939
-0.8832 0.2486 0.6940
-0.8830 0.2489 0.6939
-0.8829 0.2488 0.6940
-0.8830 0.2487 0.6941
-0.8831 0.2484 0.6943
-0.8832 0.2482 0.6945
-0.8834 0.2477 0.6948
-0.8841 0.2465 0.6955
-0.8843 0.2460 0.6958
-0.8845 0.2457 0.6960
-0.8845 0.2456 0.6962
-0.8845 0.2455 0.6962

