0.0000 0.0000 0.0000
0.0000 0.0000 0.0000
0.0000 0.0000 0.0000
0.0000 0.0000 0.0000
0.0000 0.0000 0.0000
0.0000 0.0000 0.0000
0.0000 0.0000 0.0000
0.0000 0.0000 0.0000
0.0000 0.0000 0.0000
0.0000 0.0000 0.0000
0.0000 0.0000 0.0000
0.0000 0.0000 0.0000
0.0000 0.0000 0.0000
0.0000 0.0000 0.0000
0.0000 0.0000 0.0000
0.0000 0.0000 0.0000
0.0000 0.0000 0.0000
0.0000 0.0000 0.0000
0.0000 0.0000 0.0000
0.0000 0.0000 0.0000
0.0000 0.0000 0.0000
0.0000 0.0000 0.0000
0.0000 0.0000 0.0000
0.0000 0.0000 0.0000
0.0000 0.0000 0.0000
0.0000 0.0000 0.0000
0.0000 0.0000 0.0000
0.0000 0.0000 0.0000
0.0000 0.0000 0.0000
0.0000 0.0000 0.0000
0.0000 0.0000 0.0000
0.0000 0.0000 0.0000
0.0000 0.0000 0.0000
0.0000 0.0000 0.0000
0.0000 0.0000 0.0000
0.0000 0.0000 0.0000
0.0000 0.0000 0.0000
0.0000 0.0000 0.0000
0.0000 0.0000 0.0000
0.0000 0.0000 0.0000
0.0000 0.0000 0.0000
0.0000 0.0000 0.0000
0.0000 0.0000 0.0000
0.0000 0.0000 0.0000
0.0000 0.0000 0.0000
0.0000 0.0000 0.0000
0.0000 0.0000 0.0000
0.0000 0.0000 0.0000
0.0000 0.0000 0.0000
0.0000 0.0000 0.0000
0.0000 0.0000 0.0000
0.0000 0.0000 0.0000
0.0000 0.0000 0.0000
0.0000 0.0000 0.0000
0.0000 0.0000 0.0000
0.0000 0.0000 0.0000
0.0000 0.0000 0.0000
0.0000 0.0000 0.0000
0.0000 0.0000 0.0000
0.0000 0.0000 0.0000
0.0000 0.0000 0.0000
0.0000 0.0000 0.0000
0.0000 0.0000 0.0000
0.0000 0.0000 0.0000
0.0000 0.0000 0.0000
0.0000 0.0000 0.0000
0.0000 0.0000 0.0000
0.0000 0.0000 0.0000
0.0000 0.0000 0.0000
0.0000 0.0000 0.0000
0.0000 0.0000 0.0000
0.0000 0.0000 0.0000
0.0000 0.0000 0.0000
0.0000 -0.0004 0.0000
0.0000 -0.0009 0.0000
0.0000 -0.0014 0.0000
0.0000 -0.0020 0.0000
-0.0001 -0.0025 0.0000
-0.0001 -0.0026 0.0000
-0.0001 -0.0013 0.0000
-0.0001 -0.0012 0.0000
-0.0001 -0.0016 0.0000
-0.0001 -0.0021 0.0001
-0.0001 -0.0026 0.0001
-0.0001 -0.0026 0.0001
-0.0001 -0.0013 0.0001
-0.0001 -0.0012 0.0001
-0.0001 -0.0015 0.0001
-0.0001 -0.0019 0.0001
-0.0001 -0.0024 0.0001
-0.0001 -0.0024 0.0001
-0.0001 -0.0011 0.0001
-0.0001 -0.0010 0.0001
-0.0001 -0.0012 0.0001
-0.0001 -0.0015 0.0001
-0.0001 -0.0019 0.0001
-0.0001 -0.0019 0.0001
-0.0001 -0.0009 0.0001
-0.0001 -0.0007 0.0001
-0.0001 -0.0009 0.0001
-0.0001 -0.0011 0.0001
-0.0001 -0.0014 0.0001
-0.0001 -0.0014 0.0001
-0.0001 -0.0006 0.0001
-0.0001 -0.0005 0.0001
0.0000 -0.0005 0.0001
0.0000 -0.0007 0.0001
0.0000 -0.0009 0.0001
0.0000 -0.0008 0.0002
0.0000 -0.0001 0.0002
0.0000 0.0000 0.0002
0.0000 -0.0001 0.0002
0.0000 -0.0002 0.0002
0.0000 -0.0003 0.0002
0.0000 -0.0003 0.0002
0.0000 0.0002 0.0002
0.0000 0.0003 0.0002
0.0000 0.0002 0.0002
0.0000 0.0001 0.0002
0.0000 0.0000 0.0002
0.0000 0.0001 0.0002
0.0000 0.0005 0.0002
0.0000 0.0005 0.0002
0.0000 0.0005 0.0002
0.0000 0.0004 0.0002
0.0000 0.0003 0.0002
0.0000 0.0003 0.0002
0.0000 0.0006 0.0002
0.0000 0.0007 0.0002
0.0000 0.0007 0.0002
0.0000 0.0006 0.0002
0.0000 0.0005 0.0002
0.0000 0.0005 0.0002
0.0000 0.0008 0.0002
0.0000 0.0008 0.0002
0.0000 0.0008 0.0002
0.0000 0.0007 0.0001
0.0000 0.0006 0.0001
0.0000 0.0007 0.0001
0.0000 0.0009 0.0001
0.0000 0.0009 0.0001
-0.0001 0.0009 0.0001
-0.0001 0.0008 0.0001
-0.0001 0.0007 0.0001
-0.0001 0.0008 0.0000
-0.0001 0.0010 0.0000
-0.0001 0.0010 0.0000
-0.0001 0.0009 0.0000
-0.0001 0.0009 -0.0001
-0.0001 0.0008 -0.0001
-0.0001 0.0008 -0.0001
-0.0001 0.0007 -0.0001
-0.0001 0.0007 -0.0001
-0.0002 0.0006 -0.0001
-0.0002 0.0005 -0.0001
-0.0002 0.0004 -0.0001
-0.0002 0.0004 -0.0002
-0.0002 0.0004 -0.0002
-0.0002 0.0004 -0.0002
-0.0003 0.0003 -0.0002
-0.0003 0.0002 -0.0002
-0.0003 0.0002 -0.0002
-0.0003 0.0003 -0.0002
-0.0002 0.0007 -0.0001
-0.0002 0.0007 -0.0001
-0.0002 0.0007 -0.0001
-0.0003 0.0007 -0.0001
-0.0003 0.0006 -0.0001
-0.0003 0.0006 -0.0001
-0.0004 0.0005 -0.0001
-0.0004 0.0004 -0.0002
-0.0004 0.0003 -0.0002
-0.0004 0.0002 -0.0002
-0.0005 0.0001 -0.0002
-0.0005 0.0001 -0.0002
-0.0005 0.0001 -0.0002
-0.0006 0.0000 -0.0002
-0.0006 0.0000 -0.0002
-0.0006 -0.0001 -0.0002
-0.0006 -0.0002 -0.0002
-0.0006 -0.0001 0.0000
-0.0005 0.0005 0.0004
-0.0005 0.0006 0.0006
-0.0004 0.0006 0.0007
-0.0004 0.0006 0.0007
-0.0004 0.0006 0.0007
-0.0005 0.0006 0.0009
-0.0006 0.0009 0.0014
-0.0006 0.0009 0.0015
-0.0007 0.0009 0.0016
-0.0007 0.0009 0.0016
-0.0007 0.0009 0.0017
-0.0007 0.0009 0.0018
-0.0009 0.0012 0.0023
-0.0010 0.0012 0.0025
-0.0010 0.0012 0.0026
-0.0010 0.0012 0.0026
-0.0010 0.0012 0.0027
-0.0010 0.0011 0.0027
-0.0010 0.0011 0.0027
-0.0010 0.0010 0.0028
-0.0010 0.0010 0.0028
-0.0011 0.0010 0.0029
-0.0011 0.0009 0.0029
-0.0011 0.0009 0.0029
-0.0011 0.0008 0.0030
-0.0011 0.0008 0.0030
-0.0011 0.0007 0.0031
-0.0011 0.0007 0.0031
-0.0011 0.0006 0.0032
-0.0012 0.0006 0.0032
-0.0012 0.0005 0.0032
-0.0012 0.0005 0.0033
-0.0012 0.0004 0.0033
-0.0012 0.0004 0.0034
-0.0012 0.0003 0.0034
-0.0013 0.0002 0.0035
-0.0013 0.0002 0.0035
-0.0013 0.0001 0.0036
-0.0013 0.0001 0.0036
-0.0014 0.0002 0.0038
-0.0015 0.0009 0.0043
-0.0016 0.0011 0.0044
-0.0016 0.0012 0.0045
-0.0016 0.0012 0.0046
-0.0016 0.0011 0.0046
-0.0017 0.0012 0.0048
-0.0019 0.0013 0.0051
-0.0019 0.0013 0.0053
-0.0019 0.0013 0.0054
-0.0020 0.0013 0.0055
-0.0020 0.0012 0.0055
-0.0021 0.0012 0.0057
-0.0022 0.0014 0.0059
-0.0022 0.0014 0.0060
-0.0022 0.0014 0.0061
-0.0023 0.0014 0.0062
-0.0023 0.0013 0.0063
-0.0024 0.0013 0.0064
-0.0024 0.0014 0.0066
-0.0025 0.0014 0.0067
-0.0025 0.0014 0.0068
-0.0026 0.0014 0.0069
-0.0026 0.0013 0.0070
-0.0027 0.0013 0.0071
-0.0027 0.0014 0.0073
-0.0028 0.0014 0.0074
-0.0028 0.0014 0.0075
-0.0029 0.0013 0.0076
-0.0029 0.0013 0.0077
-0.0030 0.0013 0.0078
-0.0030 0.0013 0.0079
-0.0031 0.0014 0.0080
-0.0032 0.0013 0.0081
-0.0032 0.0013 0.0082
-0.0033 0.0012 0.0083
-0.0033 0.0012 0.0084
-0.0034 0.0013 0.0086
-0.0034 0.0013 0.0087
-0.0035 0.0012 0.0088
-0.0036 0.0012 0.0089
-0.0036 0.0011 0.0090
-0.0037 0.0011 0.0091
-0.0038 0.0011 0.0092
-0.0038 0.0011 0.0093
-0.0039 0.0011 0.0094
-0.0040 0.0010 0.0095
-0.0040 0.0010 0.0096
-0.0041 0.0009 0.0098
-0.0042 0.0009 0.0099
-0.0042 0.0009 0.0100
-0.0043 0.0008 0.0101
-0.0044 0.0008 0.0102
-0.0045 0.0007 0.0103
-0.0046 0.0007 0.0105
-0.0047 0.0006 0.0106
-0.0047 0.0006 0.0107
-0.0048 0.0005 0.0108
-0.0049 0.0005 0.0110
-0.0050 0.0004 0.0111
-0.0051 0.0004 0.0112
-0.0052 0.0003 0.0114
-0.0053 0.0002 0.0115
-0.0054 0.0002 0.0116
-0.0055 0.0001 0.0118
-0.0056 0.0001 0.0119
-0.0057 0.0000 0.0120
-0.0058 -0.0001 0.0122
-0.0059 -0.0002 0.0123
-0.0060 -0.0002 0.0125
-0.0061 -0.0003 0.0126
-0.0062 -0.0004 0.0128
-0.0062 -0.0001 0.0128
-0.0059 0.0007 0.0127
-0.0058 0.0010 0.0127
-0.0058 0.0011 0.0127
-0.0058 0.0011 0.0128
-0.0059 0.0010 0.0129
-0.0060 0.0011 0.0131
-0.0064 0.0015 0.0136
-0.0066 0.0016 0.0139
-0.0066 0.0016 0.0140
-0.0067 0.0016 0.0141
-0.0068 0.0016 0.0142
-0.0069 0.0016 0.0144
-0.0073 0.0019 0.0150
-0.0075 0.0019 0.0152
-0.0076 0.0019 0.0153
-0.0077 0.0019 0.0154
-0.0078 0.0019 0.0155
-0.0079 0.0019 0.0156
-0.0079 0.0018 0.0157
-0.0080 0.0018 0.0158
-0.0081 0.0018 0.0159
-0.0082 0.0017 0.0160
-0.0083 0.0017 0.0161
-0.0084 0.0016 0.0161
-0.0085 0.0016 0.0162
-0.0086 0.0016 0.0163
-0.0087 0.0015 0.0164
-0.0088 0.0015 0.0165
-0.0089 0.0014 0.0166
-0.0090 0.0014 0.0167
-0.0091 0.0013 0.0168
-0.0093 0.0013 0.0169
-0.0094 0.0013 0.0171
-0.0095 0.0012 0.0172
-0.0096 0.0012 0.0173
-0.0098 0.0011 0.0174
-0.0099 0.0011 0.0175
-0.0100 0.0010 0.0176
-0.0102 0.0010 0.0177
-0.0103 0.0009 0.0178
-0.0105 0.0008 0.0180
-0.0106 0.0008 0.0181
-0.0108 0.0007 0.0182
-0.0109 0.0007 0.0183
-0.0111 0.0006 0.0185
-0.0112 0.0005 0.0186
-0.0114 0.0005 0.0187
-0.0116 0.0004 0.0188
-0.0118 0.0003 0.0190
-0.0119 0.0003 0.0191
-0.0121 0.0002 0.0192
-0.0123 0.0001 0.0194
-0.0125 0.0000 0.0195
-0.0127 0.0000 0.0197
-0.0129 -0.0001 0.0198
-0.0131 -0.0002 0.0200
-0.0133 -0.0003 0.0201
-0.0135 -0.0004 0.0203
-0.0137 -0.0004 0.0204
-0.0139 -0.0005 0.0206
-0.0142 -0.0006 0.0207
-0.0144 -0.0007 0.0209
-0.0146 -0.0008 0.0211
-0.0149 -0.0009 0.0212
-0.0151 -0.0010 0.0214
-0.0154 -0.0011 0.0216
-0.0156 -0.0012 0.0218
-0.0159 -0.0013 0.0219
-0.0161 -0.0014 0.0221
-0.0164 -0.0015 0.0223
-0.0167 -0.0016 0.0225
-0.0133 -0.0014 0.0186
-0.0039 -0.0009 0.0060
-0.0013 -0.0011 0.0019
-0.0005 -0.0016 0.0006
-0.0002 -0.0021 0.0002
-0.0001 -0.0027 0.0000
-0.0001 -0.0027 0.0000
-0.0001 -0.0014 0.0000
-0.0001 -0.0013 0.0000
-0.0001 -0.0017 0.0000
-0.0001 -0.0022 0.0000
-0.0001 -0.0028 0.0000
-0.0001 -0.0028 0.0000
-0.0001 -0.0014 0.0000
-0.0001 -0.0012 0.0000
-0.0001 -0.0015 0.0000
-0.0001 -0.0020 0.0000
-0.0001 -0.0025 0.0000
-0.0001 -0.0025 0.0000
-0.0001 -0.0012 0.0000
-0.0001 -0.0010 0.0000
-0.0001 -0.0013 0.0000
-0.0001 -0.0016 0.0000
-0.0001 -0.0020 0.0000
-0.0001 -0.0020 0.0001
-0.0001 -0.0009 0.0001
-0.0001 -0.0008 0.0001
-0.0001 -0.0009 0.0001
-0.0001 -0.0012 0.0001
-0.0001 -0.0015 0.0001
-0.0001 -0.0015 0.0001
-0.0001 -0.0007 0.0001
-0.0001 -0.0005 0.0001
-0.0001 -0.0006 0.0001
-0.0001 -0.0008 0.0001
-0.0001 -0.0009 0.0001
-0.0001 -0.0009 0.0001
-0.0001 -0.0002 0.0001
-0.0001 -0.0001 0.0001
-0.0001 -0.0001 0.0001
-0.0001 -0.0002 0.0001
-0.0002 -0.0004 0.0002
-0.0002 -0.0003 0.0002
-0.0002 0.0002 0.0002
-0.0002 0.0002 0.0002
-0.0002 0.0002 0.0002
-0.0002 0.0001 0.0002
-0.0002 0.0000 0.0002
-0.0002 0.0000 0.0002
-0.0002 0.0004 0.0002
-0.0002 0.0004 0.0002
-0.0002 0.0004 0.0002
-0.0002 0.0003 0.0002
-0.0002 0.0002 0.0002
-0.0002 0.0002 0.0002
-0.0002 0.0006 0.0003
-0.0002 0.0006 0.0003
-0.0002 0.0006 0.0003
-0.0002 0.0005 0.0003
-0.0003 0.0004 0.0003
-0.0003 0.0004 0.0003
-0.0003 0.0007 0.0004
-0.0003 0.0008 0.0004
-0.0003 0.0007 0.0004
-0.0003 0.0007 0.0004
-0.0003 0.0006 0.0004
-0.0003 0.0006 0.0004
-0.0003 0.0008 0.0005
-0.0003 0.0009 0.0005
-0.0003 0.0009 0.0005
-0.0003 0.0008 0.0005
-0.0003 0.0007 0.0005
-0.0003 0.0008 0.0005
-0.0003 0.0010 0.0006
-0.0003 0.0010 0.0006
-0.0003 0.0010 0.0006
-0.0003 0.0009 0.0006
-0.0003 0.0009 0.0006
-0.0003 0.0009 0.0006
-0.0003 0.0011 0.0006
-0.0003 0.0011 0.0006
-0.0003 0.0011 0.0006
-0.0003 0.0010 0.0006
-0.0003 0.0010 0.0006
-0.0003 0.0010 0.0006
-0.0003 0.0012 0.0006
-0.0003 0.0012 0.0006
-0.0003 0.0012 0.0006
-0.0003 0.0011 0.0006
-0.0003 0.0011 0.0006
-0.0003 0.0011 0.0005
-0.0003 0.0013 0.0005
-0.0003 0.0013 0.0005
-0.0003 0.0013 0.0005
-0.0003 0.0012 0.0005
-0.0003 0.0012 0.0005
-0.0002 0.0012 0.0004
-0.0002 0.0014 0.0003
-0.0002 0.0014 0.0003
-0.0002 0.0014 0.0002
-0.0002 0.0013 0.0002
-0.0001 0.0013 0.0002
-0.0001 0.0013 0.0002
-0.0001 0.0014 0.0000
0.0000 0.0015 -0.0001
0.0000 0.0014 -0.0001
0.0000 0.0014 -0.0002
0.0000 0.0014 -0.0002
0.0000 0.0013 -0.0002
0.0001 0.0013 -0.0002
0.0001 0.0012 -0.0002
0.0001 0.0012 -0.0002
0.0001 0.0011 -0.0002
0.0002 0.0011 -0.0002
0.0002 0.0011 -0.0002
0.0003 0.0011 -0.0004
0.0004 0.0011 -0.0004
0.0004 0.0011 -0.0004
0.0004 0.0010 -0.0004
0.0005 0.0009 -0.0004
0.0005 0.0009 -0.0005
0.0006 0.0010 -0.0006
0.0006 0.0009 -0.0006
0.0007 0.0009 -0.0006
0.0007 0.0008 -0.0007
0.0007 0.0007 -0.0007
0.0008 0.0007 -0.0007
0.0008 0.0006 -0.0007
0.0009 0.0005 -0.0007
0.0009 0.0004 -0.0007
0.0009 0.0003 -0.0007
0.0010 0.0003 -0.0007
0.0010 0.0002 -0.0007
0.0011 0.0001 -0.0008
0.0012 0.0000 -0.0008
0.0012 -0.0001 -0.0008
0.0013 -0.0002 -0.0008
0.0013 -0.0002 -0.0008
0.0014 -0.0003 -0.0008
0.0014 -0.0004 -0.0009
0.0015 -0.0005 -0.0009
0.0016 -0.0006 -0.0009
0.0016 -0.0007 -0.0009
0.0017 -0.0008 -0.0009
0.0017 -0.0006 -0.0012
0.0014 0.0002 -0.0020
0.0013 0.0004 -0.0023
0.0013 0.0005 -0.0024
0.0013 0.0005 -0.0024
0.0014 0.0004 -0.0025
0.0014 0.0005 -0.0028
0.0016 0.0007 -0.0036
0.0016 0.0007 -0.0039
0.0017 0.0007 -0.0041
0.0017 0.0007 -0.0041
0.0017 0.0006 -0.0042
0.0018 0.0007 -0.0045
0.0019 0.0009 -0.0053
0.0020 0.0009 -0.0056
0.0020 0.0009 -0.0057
0.0020 0.0009 -0.0058
0.0021 0.0009 -0.0059
0.0022 0.0009 -0.0060
0.0023 0.0009 -0.0065
0.0024 0.0009 -0.0067
0.0024 0.0009 -0.0068
0.0025 0.0008 -0.0069
0.0025 0.0008 -0.0069
0.0026 0.0008 -0.0071
0.0026 0.0009 -0.0074
0.0026 0.0009 -0.0075
0.0027 0.0009 -0.0076
0.0027 0.0009 -0.0077
0.0028 0.0008 -0.0078
0.0028 0.0008 -0.0078
0.0029 0.0007 -0.0079
0.0029 0.0007 -0.0080
0.0030 0.0006 -0.0081
0.0030 0.0006 -0.0081
0.0031 0.0005 -0.0082
0.0031 0.0005 -0.0083
0.0032 0.0004 -0.0084
0.0032 0.0004 -0.0085
0.0033 0.0003 -0.0085
0.0033 0.0002 -0.0086
0.0034 0.0001 -0.0087
0.0035 0.0001 -0.0088
0.0035 0.0000 -0.0089
0.0036 -0.0001 -0.0090
0.0037 -0.0002 -0.0091
0.0037 -0.0003 -0.0092
0.0038 -0.0004 -0.0092
0.0037 -0.0002 -0.0095
0.0034 0.0005 -0.0099
0.0033 0.0006 -0.0101
0.0033 0.0006 -0.0102
0.0033 0.0006 -0.0103
0.0033 0.0005 -0.0104
0.0034 0.0005 -0.0107
0.0034 0.0008 -0.0115
0.0034 0.0008 -0.0118
0.0035 0.0007 -0.0120
0.0035 0.0007 -0.0121
0.0036 0.0006 -0.0122
0.0036 0.0006 -0.0125
0.0036 0.0008 -0.0133
0.0036 0.0008 -0.0136
0.0037 0.0008 -0.0137
0.0037 0.0007 -0.0138
0.0037 0.0007 -0.0139
0.0038 0.0006 -0.0140
0.0038 0.0005 -0.0141
0.0039 0.0004 -0.0142
0.0039 0.0003 -0.0143
0.0039 0.0002 -0.0144
0.0040 0.0002 -0.0145
0.0040 0.0002 -0.0149
0.0039 0.0006 -0.0156
0.0039 0.0007 -0.0159
0.0039 0.0007 -0.0161
0.0040 0.0006 -0.0162
0.0040 0.0006 -0.0163
0.0040 0.0005 -0.0165
0.0041 0.0004 -0.0166
0.0041 0.0003 -0.0167
0.0042 0.0003 -0.0168
0.0042 0.0002 -0.0169
0.0042 0.0001 -0.0170
0.0043 0.0000 -0.0172
0.0043 0.0000 -0.0173
0.0044 -0.0001 -0.0174
0.0044 -0.0002 -0.0176
0.0045 -0.0003 -0.0177
0.0045 -0.0004 -0.0178
0.0045 -0.0002 -0.0182
0.0043 0.0003 -0.0189
0.0043 0.0004 -0.0192
0.0043 0.0004 -0.0194
0.0043 0.0004 -0.0195
0.0044 0.0004 -0.0197
0.0044 0.0004 -0.0201
0.0043 0.0006 -0.0210
0.0043 0.0007 -0.0214
0.0043 0.0007 -0.0217
0.0044 0.0006 -0.0218
0.0044 0.0006 -0.0220
0.0044 0.0006 -0.0221
0.0045 0.0005 -0.0223
0.0045 0.0005 -0.0224
0.0045 0.0004 -0.0226
0.0046 0.0004 -0.0227
0.0046 0.0003 -0.0229
0.0047 0.0003 -0.0231
0.0047 0.0002 -0.0233
0.0048 0.0002 -0.0234
0.0048 0.0001 -0.0236
0.0049 0.0001 -0.0238
0.0049 0.0000 -0.0240
0.0050 0.0000 -0.0242
0.0050 -0.0001 -0.0244
0.0051 -0.0001 -0.0246
0.0052 -0.0002 -0.0248
0.0052 -0.0002 -0.0250
0.0053 -0.0003 -0.0252
0.0054 -0.0004 -0.0254
0.0054 -0.0004 -0.0257
0.0055 -0.0005 -0.0259
0.0056 -0.0006 -0.0261
0.0057 -0.0006 -0.0264
0.0057 -0.0007 -0.0266
0.0058 -0.0008 -0.0269
0.0059 -0.0008 -0.0271
0.0060 -0.0009 -0.0274
0.0061 -0.0010 -0.0277
0.0061 -0.0010 -0.0279
0.0062 -0.0011 -0.0282
0.0063 -0.0012 -0.0285
0.0064 -0.0012 -0.0288
0.0065 -0.0013 -0.0291
0.0066 -0.0014 -0.0294
0.0067 -0.0014 -0.0297
0.0068 -0.0015 -0.0300
0.0069 -0.0016 -0.0303
0.0071 -0.0017 -0.0306
0.0072 -0.0017 -0.0310
0.0073 -0.0018 -0.0313
0.0074 -0.0019 -0.0316
0.0075 -0.0019 -0.0320
0.0076 -0.0020 -0.0323
0.0078 -0.0021 -0.0327
0.0079 -0.0022 -0.0331
0.0080 -0.0022 -0.0334
0.0082 -0.0023 -0.0338
0.0083 -0.0024 -0.0342
0.0076 -0.0020 -0.0279
0.0030 -0.0011 -0.0087
0.0009 -0.0012 -0.0027
0.0002 -0.0016 -0.0009
0.0000 -0.0022 -0.0003
-0.0002 -0.0027 0.0000
-0.0002 -0.0028 0.0000
-0.0002 -0.0014 0.0000
-0.0002 -0.0014 0.0000
-0.0002 -0.0017 0.0000
-0.0002 -0.0023 0.0000
-0.0002 -0.0028 0.0000
-0.0002 -0.0028 0.0000
-0.0002 -0.0014 0.0000
-0.0002 -0.0013 0.0000
-0.0002 -0.0016 0.0000
-0.0002 -0.0021 0.0000
-0.0002 -0.0026 0.0000
-0.0002 -0.0026 0.0000
-0.0002 -0.0013 0.0001
-0.0002 -0.0011 0.0001
-0.0002 -0.0014 0.0001
-0.0002 -0.0017 0.0001
-0.0002 -0.0021 0.0001
-0.0002 -0.0021 0.0001
-0.0002 -0.0010 0.0001
-0.0002 -0.0008 0.0001
-0.0002 -0.0010 0.0001
-0.0002 -0.0013 0.0001
-0.0002 -0.0016 0.0001
-0.0002 -0.0015 0.0001
-0.0002 -0.0007 0.0001
-0.0002 -0.0006 0.0001
-0.0002 -0.0007 0.0001
-0.0002 -0.0008 0.0001
-0.0002 -0.0010 0.0001
-0.0002 -0.0009 0.0001
-0.0002 -0.0002 0.0001
-0.0002 -0.0001 0.0001
-0.0002 -0.0002 0.0001
-0.0002 -0.0003 0.0001
-0.0002 -0.0005 0.0001
-0.0002 -0.0004 0.0001
-0.0002 0.0001 0.0001
-0.0002 0.0002 0.0001
-0.0002 0.0001 0.0002
-0.0002 0.0000 0.0002
-0.0002 -0.0001 0.0002
-0.0002 -0.0001 0.0002
-0.0002 0.0003 0.0002
-0.0002 0.0004 0.0002
-0.0002 0.0004 0.0002
-0.0002 0.0003 0.0002
-0.0002 0.0002 0.0002
-0.0002 0.0002 0.0002
-0.0002 0.0005 0.0002
-0.0002 0.0006 0.0002
-0.0002 0.0005 0.0002
-0.0002 0.0004 0.0002
-0.0002 0.0004 0.0002
-0.0002 0.0004 0.0002
-0.0002 0.0007 0.0002
-0.0002 0.0007 0.0002
-0.0002 0.0007 0.0002
-0.0002 0.0006 0.0002
-0.0002 0.0005 0.0002
-0.0002 0.0006 0.0003
-0.0003 0.0008 0.0003
-0.0003 0.0008 0.0003
-0.0003 0.0008 0.0003
-0.0003 0.0007 0.0003
-0.0003 0.0007 0.0003
-0.0003 0.0007 0.0003
-0.0003 0.0009 0.0004
-0.0003 0.0009 0.0004
-0.0003 0.0009 0.0004
-0.0003 0.0009 0.0004
-0.0004 0.0008 0.0004
-0.0004 0.0008 0.0005
-0.0004 0.0010 0.0005
-0.0004 0.0010 0.0006
-0.0004 0.0010 0.0006
-0.0004 0.0010 0.0006
-0.0004 0.0009 0.0006
-0.0004 0.0009 0.0007
-0.0004 0.0011 0.0007
-0.0004 0.0011 0.0007
-0.0004 0.0011 0.0008
-0.0004 0.0011 0.0008
-0.0005 0.0010 0.0008
-0.0005 0.0010 0.0008
-0.0005 0.0012 0.0009
-0.0005 0.0012 0.0010
-0.0005 0.0012 0.0010
-0.0006 0.0011 0.0010
-0.0006 0.0011 0.0010
-0.0006 0.0010 0.0010
-0.0007 0.0009 0.0011
-0.0007 0.0009 0.0011
-0.0007 0.0008 0.0011
-0.0007 0.0007 0.0011
-0.0008 0.0007 0.0012
-0.0008 0.0007 0.0012
-0.0008 0.0010 0.0014
-0.0008 0.0011 0.0014
-0.0008 0.0011 0.0015
-0.0008 0.0010 0.0015
-0.0009 0.0010 0.0015
-0.0009 0.0009 0.0015
-0.0009 0.0009 0.0016
-0.0010 0.0008 0.0017
-0.0010 0.0007 0.0017
-0.0010 0.0007 0.0017
-0.0010 0.0006 0.0017
-0.0011 0.0007 0.0018
-0.0011 0.0010 0.0020
-0.0011 0.0011 0.0021
-0.0011 0.0010 0.0021
-0.0011 0.0010 0.0021
-0.0012 0.0010 0.0022
-0.0012 0.0010 0.0022
-0.0013 0.0012 0.0025
-0.0013 0.0012 0.0025
-0.0013 0.0012 0.0026
-0.0013 0.0011 0.0026
-0.0014 0.0011 0.0026
-0.0014 0.0011 0.0027
-0.0015 0.0013 0.0029
-0.0015 0.0013 0.0030
-0.0015 0.0013 0.0031
-0.0015 0.0012 0.0031
-0.0016 0.0012 0.0031
-0.0016 0.0012 0.0032
-0.0017 0.0013 0.0034
-0.0017 0.0014 0.0035
-0.0017 0.0013 0.0035
-0.0017 0.0013 0.0035
-0.0018 0.0013 0.0036
-0.0018 0.0013 0.0037
-0.0019 0.0014 0.0039
-0.0019 0.0014 0.0040
-0.0020 0.0014 0.0040
-0.0020 0.0014 0.0040
-0.0020 0.0014 0.0040
-0.0020 0.0014 0.0041
-0.0021 0.0015 0.0044
-0.0021 0.0015 0.0044
-0.0022 0.0015 0.0045
-0.0022 0.0015 0.0045
-0.0022 0.0015 0.0045
-0.0022 0.0015 0.0046
-0.0023 0.0016 0.0049
-0.0024 0.0016 0.0050
-0.0024 0.0016 0.0050
-0.0024 0.0016 0.0051
-0.0024 0.0015 0.0051
-0.0025 0.0015 0.0052
-0.0026 0.0017 0.0055
-0.0027 0.0017 0.0056
-0.0027 0.0017 0.0056
-0.0027 0.0016 0.0057
-0.0027 0.0016 0.0057
-0.0028 0.0016 0.0057
-0.0028 0.0015 0.0058
-0.0028 0.0015 0.0058
-0.0029 0.0015 0.0058
-0.0029 0.0014 0.0059
-0.0029 0.0014 0.0059
-0.0030 0.0014 0.0060
-0.0031 0.0016 0.0063
-0.0031 0.0016 0.0065
-0.0032 0.0016 0.0065
-0.0032 0.0016 0.0066
-0.0032 0.0015 0.0066
-0.0033 0.0015 0.0067
-0.0034 0.0017 0.0070
-0.0035 0.0017 0.0072
-0.0035 0.0017 0.0072
-0.0036 0.0016 0.0073
-0.0036 0.0016 0.0073
-0.0036 0.0016 0.0074
-0.0038 0.0017 0.0077
-0.0038 0.0017 0.0078
-0.0039 0.0017 0.0079
-0.0039 0.0016 0.0079
-0.0039 0.0016 0.0080
-0.0040 0.0016 0.0081
-0.0041 0.0017 0.0084
-0.0042 0.0017 0.0085
-0.0043 0.0017 0.0086
-0.0043 0.0017 0.0086
-0.0043 0.0016 0.0087
-0.0044 0.0016 0.0087
-0.0044 0.0016 0.0088
-0.0045 0.0015 0.0089
-0.0045 0.0015 0.0089
-0.0045 0.0014 0.0090
-0.0046 0.0014 0.0090
-0.0047 0.0014 0.0092
-0.0048 0.0016 0.0095
-0.0049 0.0016 0.0096
-0.0049 0.0016 0.0097
-0.0050 0.0016 0.0097
-0.0050 0.0015 0.0098
-0.0051 0.0015 0.0099
-0.0051 0.0014 0.0099
-0.0052 0.0014 0.0100
-0.0052 0.0013 0.0100
-0.0053 0.0012 0.0101
-0.0053 0.0012 0.0101
-0.0054 0.0012 0.0103
-0.0056 0.0014 0.0107
-0.0056 0.0015 0.0108
-0.0057 0.0015 0.0109
-0.0057 0.0014 0.0110
-0.0058 0.0014 0.0111
-0.0059 0.0014 0.0112
-0.0062 0.0015 0.0117
-0.0063 0.0015 0.0118
-0.0063 0.0015 0.0119
-0.0064 0.0014 0.0120
-0.0065 0.0014 0.0121
-0.0065 0.0013 0.0121
-0.0066 0.0012 0.0122
-0.0066 0.0012 0.0123
-0.0067 0.0011 0.0123
-0.0068 0.0010 0.0124
-0.0068 0.0010 0.0125
-0.0069 0.0010 0.0126
-0.0071 0.0013 0.0131
-0.0073 0.0013 0.0133
-0.0073 0.0013 0.0134
-0.0074 0.0012 0.0134
-0.0075 0.0012 0.0135
-0.0076 0.0012 0.0137
-0.0079 0.0013 0.0142
-0.0080 0.0013 0.0144
-0.0081 0.0013 0.0145
-0.0082 0.0012 0.0145
-0.0083 0.0012 0.0146
-0.0084 0.0012 0.0148
-0.0087 0.0013 0.0153
-0.0088 0.0014 0.0154
-0.0089 0.0013 0.0156
-0.0090 0.0013 0.0156
-0.0091 0.0012 0.0157
-0.0093 0.0012 0.0159
-0.0096 0.0014 0.0163
-0.0097 0.0014 0.0165
-0.0098 0.0013 0.0166
-0.0099 0.0013 0.0167
-0.0100 0.0012 0.0168
-0.0101 0.0012 0.0169
-0.0102 0.0011 0.0170
-0.0103 0.0010 0.0170
-0.0104 0.0009 0.0171
-0.0105 0.0009 0.0172
-0.0106 0.0008 0.0173
-0.0107 0.0007 0.0174
-0.0108 0.0006 0.0175
-0.0110 0.0006 0.0175
-0.0111 0.0005 0.0176
-0.0112 0.0004 0.0177
-0.0113 0.0003 0.0178
-0.0115 0.0002 0.0179
-0.0116 0.0001 0.0180
-0.0117 0.0000 0.0181
-0.0119 -0.0001 0.0182
-0.0120 -0.0002 0.0183
-0.0122 -0.0003 0.0184
-0.0123 -0.0004 0.0185
-0.0125 -0.0006 0.0186
-0.0126 -0.0007 0.0187
-0.0128 -0.0008 0.0188
-0.0130 -0.0009 0.0189
-0.0131 -0.0010 0.0191
-0.0133 -0.0012 0.0192
-0.0135 -0.0013 0.0193
-0.0137 -0.0014 0.0194
-0.0138 -0.0016 0.0195
-0.0140 -0.0017 0.0197
-0.0142 -0.0019 0.0198
-0.0144 -0.0020 0.0199
-0.0146 -0.0021 0.0200
-0.0148 -0.0023 0.0202
-0.0150 -0.0024 0.0203
-0.0153 -0.0026 0.0204
-0.0155 -0.0027 0.0206
-0.0157 -0.0029 0.0207
-0.0159 -0.0031 0.0208
-0.0162 -0.0032 0.0210
-0.0164 -0.0034 0.0211
-0.0166 -0.0036 0.0213
-0.0169 -0.0037 0.0214
-0.0133 -0.0032 0.0178
-0.0037 -0.0015 0.0059
-0.0012 -0.0014 0.0019
-0.0004 -0.0017 0.0006
-0.0002 -0.0023 0.0002
-0.0001 -0.0029 0.0000
-0.0001 -0.0029 0.0000
-0.0001 -0.0015 0.0000
-0.0001 -0.0014 0.0000
-0.0001 -0.0018 0.0000
-0.0001 -0.0023 0.0000
-0.0001 -0.0029 0.0000
-0.0001 -0.0029 0.0000
-0.0001 -0.0014 0.0000
-0.0001 -0.0013 0.0000
-0.0001 -0.0016 0.0000
-0.0001 -0.0021 0.0000
-0.0001 -0.0027 0.0001
-0.0001 -0.0027 0.0001
-0.0001 -0.0013 0.0001
-0.0001 -0.0011 0.0001
-0.0001 -0.0013 0.0001
-0.0001 -0.0017 0.0001
-0.0001 -0.0022 0.0001
-0.0001 -0.0021 0.0001
-0.0001 -0.0010 0.0001
-0.0001 -0.0008 0.0001
-0.0001 -0.0010 0.0001
-0.0001 -0.0013 0.0001
-0.0002 -0.0016 0.0001
-0.0002 -0.0015 0.0001
-0.0001 -0.0007 0.0001
-0.0002 -0.0005 0.0001
-0.0002 -0.0006 0.0001
-0.0002 -0.0008 0.0001
-0.0002 -0.0010 0.0001
-0.0002 -0.0009 0.0001
-0.0002 -0.0002 0.0001
-0.0002 -0.0001 0.0001
-0.0002 -0.0002 0.0001
-0.0002 -0.0003 0.0001
-0.0003 -0.0004 0.0001
-0.0003 -0.0006 0.0001
-0.0003 -0.0008 0.0001
-0.0003 -0.0009 0.0001
-0.0003 -0.0011 0.0001
-0.0003 -0.0012 0.0001
-0.0003 -0.0014 0.0001
-0.0003 -0.0012 0.0001
-0.0003 -0.0003 0.0001
-0.0003 -0.0001 0.0002
-0.0003 -0.0001 0.0002
-0.0003 -0.0002 0.0002
-0.0003 -0.0003 0.0002
-0.0003 -0.0002 0.0002
-0.0003 0.0002 0.0002
-0.0003 0.0003 0.0002
-0.0003 0.0003 0.0002
-0.0004 0.0002 0.0002
-0.0004 0.0001 0.0002
-0.0004 0.0000 0.0002
-0.0004 -0.0001 0.0002
-0.0005 -0.0002 0.0002
-0.0005 -0.0003 0.0002
-0.0005 -0.0004 0.0002
-0.0005 -0.0005 0.0002
-0.0005 -0.0004 0.0002
-0.0004 0.0003 0.0003
-0.0004 0.0004 0.0003
-0.0004 0.0004 0.0004
-0.0004 0.0004 0.0004
-0.0004 0.0003 0.0004
-0.0004 0.0002 0.0004
-0.0005 0.0001 0.0004
-0.0005 0.0000 0.0004
-0.0005 -0.0001 0.0004
-0.0005 -0.0002 0.0004
-0.0006 -0.0003 0.0004
-0.0006 -0.0003 0.0004
-0.0006 -0.0002 0.0004
-0.0006 -0.0003 0.0004
-0.0007 -0.0003 0.0004
-0.0007 -0.0004 0.0004
-0.0007 -0.0005 0.0004
-0.0007 -0.0004 0.0005
-0.0005 0.0003 0.0007
-0.0005 0.0005 0.0007
-0.0004 0.0005 0.0008
-0.0004 0.0004 0.0008
-0.0004 0.0004 0.0008
-0.0005 0.0005 0.0008
-0.0004 0.0008 0.0009
-0.0004 0.0009 0.0010
-0.0004 0.0009 0.0010
-0.0004 0.0009 0.0010
-0.0004 0.0008 0.0010
-0.0005 0.0009 0.0010
-0.0005 0.0011 0.0011
-0.0005 0.0012 0.0011
-0.0005 0.0012 0.0011
-0.0005 0.0011 0.0011
-0.0005 0.0011 0.0011
-0.0004 0.0011 0.0010
-0.0004 0.0013 0.0009
-0.0004 0.0014 0.0009
-0.0004 0.0014 0.0009
-0.0004 0.0013 0.0009
-0.0004 0.0013 0.0009
-0.0004 0.0013 0.0008
-0.0003 0.0015 0.0006
-0.0003 0.0016 0.0005
-0.0003 0.0016 0.0005
-0.0003 0.0015 0.0005
-0.0002 0.0015 0.0005
-0.0002 0.0014 0.0005
-0.0002 0.0014 0.0004
-0.0002 0.0014 0.0004
-0.0002 0.0013 0.0004
-0.0002 0.0013 0.0004
-0.0002 0.0012 0.0004
-0.0002 0.0012 0.0004
-0.0002 0.0011 0.0004
-0.0002 0.0011 0.0003
-0.0002 0.0010 0.0003
-0.0002 0.0009 0.0003
-0.0001 0.0009 0.0003
-0.0001 0.0008 0.0003
-0.0001 0.0008 0.0003
-0.0001 0.0007 0.0003
-0.0001 0.0007 0.0002
-0.0001 0.0006 0.0002
-0.0001 0.0005 0.0002
0.0000 0.0007 0.0000
0.0001 0.0011 -0.0004
0.0002 0.0013 -0.0006
0.0002 0.0013 -0.0006
0.0002 0.0013 -0.0007
0.0002 0.0012 -0.0007
0.0002 0.0012 -0.0007
0.0002 0.0011 -0.0007
0.0002 0.0011 -0.0008
0.0002 0.0010 -0.0008
0.0002 0.0010 -0.0008
0.0002 0.0010 -0.0008
0.0003 0.0010 -0.0010
0.0005 0.0013 -0.0015
0.0006 0.0013 -0.0017
0.0006 0.0013 -0.0018
0.0006 0.0013 -0.0018
0.0006 0.0012 -0.0019
0.0007 0.0013 -0.0020
0.0008 0.0014 -0.0025
0.0009 0.0014 -0.0027
0.0009 0.0014 -0.0028
0.0009 0.0014 -0.0028
0.0010 0.0013 -0.0029
0.0010 0.0013 -0.0030
0.0011 0.0015 -0.0035
0.0012 0.0015 -0.0037
0.0012 0.0015 -0.0037
0.0013 0.0014 -0.0038
0.0013 0.0014 -0.0038
0.0013 0.0014 -0.0040
0.0014 0.0015 -0.0044
0.0015 0.0015 -0.0046
0.0015 0.0015 -0.0046
0.0015 0.0015 -0.0047
0.0015 0.0015 -0.0047
0.0016 0.0015 -0.0048
0.0017 0.0016 -0.0052
0.0017 0.0016 -0.0054
0.0018 0.0016 -0.0054
0.0018 0.0016 -0.0055
0.0018 0.0015 -0.0055
0.0018 0.0015 -0.0056
0.0018 0.0015 -0.0056
0.0019 0.0015 -0.0056
0.0019 0.0015 -0.0057
0.0019 0.0014 -0.0057
0.0019 0.0014 -0.0058
0.0020 0.0014 -0.0058
0.0020 0.0013 -0.0058
0.0020 0.0013 -0.0059
0.0021 0.0013 -0.0059
0.0021 0.0013 -0.0060
0.0021 0.0012 -0.0060
0.0021 0.0013 -0.0061
0.0021 0.0014 -0.0065
0.0020 0.0015 -0.0066
0.0019 0.0015 -0.0067
0.0015 0.0014 -0.0069
0.0008 0.0014 -0.0075
-0.0001 0.0015 -0.0084
-0.0004 0.0016 -0.0088
-0.0010 0.0020 -0.0091
-0.0027 0.0024 -0.0093
-0.0050 0.0027 -0.0094
-0.0068 0.0041 -0.0094
-0.0072 0.0063 -0.0092
-0.0070 0.0090 -0.0088
-0.0060 0.0122 -0.0075
-0.0037 0.0160 -0.0036
-0.0001 0.0241 0.0054
0.0051 0.0377 0.0191
0.0109 0.0552 0.0351
0.0164 0.0757 0.0525
0.0209 0.0984 0.0705
0.0247 0.1224 0.0898
0.0278 0.1476 0.1097
0.0299 0.1739 0.1303
0.0310 0.2008 0.1512
0.0313 0.2275 0.1718
0.0304 0.2533 0.1915
0.0287 0.2781 0.2099
0.0263 0.3019 0.2272
0.0233 0.3247 0.2432
0.0201 0.3463 0.2579
0.0170 0.3664 0.2712
0.0136 0.3844 0.2831
0.0104 0.4000 0.2933
0.0074 0.4127 0.3021
0.0052 0.4236 0.3084
0.0038 0.4335 0.3127
0.0026 0.4427 0.3163
0.0015 0.4512 0.3199
0.0005 0.4590 0.3236
-0.0003 0.4656 0.3272
-0.0011 0.4711 0.3306
-0.0020 0.4757 0.3340
-0.0030 0.4801 0.3372
-0.0043 0.4843 0.3405
-0.0057 0.4882 0.3437
-0.0071 0.4918 0.3467
-0.0086 0.4950 0.3497
-0.0102 0.4981 0.3529
-0.0118 0.5010 0.3561
-0.0135 0.5038 0.3595
-0.0151 0.5062 0.3628
-0.0166 0.5080 0.3659
-0.0178 0.5092 0.3689
-0.0187 0.5097 0.3715
-0.0195 0.5100 0.3736
-0.0201 0.5105 0.3753
-0.0208 0.5111 0.3769
-0.0215 0.5117 0.3784
-0.0221 0.5121 0.3798
-0.0302 0.5139 0.3843
-0.0526 0.5191 0.3949
-0.0602 0.5211 0.3993
-0.0631 0.5224 0.4017
-0.0645 0.5232 0.4035
-0.0651 0.5234 0.4050
-0.0670 0.5239 0.4060
-0.0778 0.5276 0.4056
-0.0813 0.5294 0.4060
-0.0824 0.5306 0.4067
-0.0827 0.5316 0.4074
-0.0826 0.5324 0.4080
-0.0826 0.5333 0.4087
-0.0831 0.5352 0.4095
-0.0833 0.5364 0.4100
-0.0834 0.5372 0.4105
-0.0834 0.5378 0.4109
-0.0833 0.5380 0.4116
-0.0835 0.5383 0.4128
-0.0840 0.5392 0.4141
-0.0846 0.5400 0.4152
-0.0851 0.5406 0.4159
-0.0854 0.5409 0.4162
-0.0856 0.5409 0.4165
-0.0857 0.5408 0.4171
-0.0860 0.5412 0.4178
-0.0862 0.5415 0.4187
-0.0865 0.5420 0.4196
-0.0869 0.5425 0.4206
-0.0874 0.5431 0.4215
-0.0878 0.5439 0.4220
-0.0883 0.5450 0.4223
-0.0890 0.5456 0.4225
-0.0896 0.5462 0.4230
-0.0899 0.5472 0.4238
-0.0901 0.5488 0.4247
-0.0906 0.5505 0.4256
-0.0922 0.5521 0.4261
-0.0931 0.5539 0.4267
-0.0938 0.5556 0.4271
-0.0944 0.5571 0.4274
-0.0950 0.5584 0.4275
-0.0958 0.5596 0.4274
-0.0974 0.5606 0.4273
-0.0985 0.5614 0.4269
-0.0994 0.5618 0.4264
-0.1002 0.5617 0.4258
-0.1008 0.5615 0.4252
-0.1016 0.5615 0.4249
-0.1032 0.5625 0.4247
-0.1040 0.5630 0.4247
-0.1048 0.5634 0.4247
-0.1055 0.5639 0.4249
-0.1062 0.5643 0.4253
-0.1067 0.5646 0.4261
-0.1072 0.5654 0.4270
-0.1075 0.5659 0.4278
-0.1078 0.5663 0.4283
-0.1084 0.5666 0.4285
-0.1090 0.5667 0.4284
-0.1097 0.5671 0.4282
-0.1106 0.5686 0.4280
-0.1111 0.5694 0.4279
-0.1115 0.5698 0.4278
-0.1119 0.5701 0.4278
-0.1122 0.5702 0.4280
-0.1126 0.5705 0.4281
-0.1132 0.5713 0.4282
-0.1136 0.5717 0.4283
-0.1138 0.5719 0.4284
-0.1140 0.5721 0.4285
-0.1142 0.5722 0.4287
-0.1144 0.5722 0.4289
-0.1150 0.5721 0.4293
-0.1152 0.5722 0.4296
-0.1153 0.5724 0.4298
-0.1154 0.5726 0.4301
-0.1155 0.5728 0.4303
-0.1156 0.5729 0.4306
-0.1162 0.5729 0.4311
-0.1164 0.5729 0.4313
-0.1164 0.5731 0.4315
-0.1164 0.5733 0.4316
-0.1163 0.5735 0.4317
-0.1165 0.5737 0.4319
-0.1172 0.5738 0.4322
-0.1174 0.5740 0.4324
-0.1174 0.5743 0.4325
-0.1174 0.5744 0.4325
-0.1173 0.5745 0.4326
-0.1173 0.5746 0.4327
-0.1172 0.5746 0.4330
-0.1171 0.5747 0.4331
-0.1171 0.5748 0.4332
-0.1170 0.5748 0.4333
-0.1170 0.5748 0.4335
-0.1170 0.5748 0.4336
-0.1173 0.5748 0.4339
-0.1175 0.5749 0.4341
-0.1175 0.5750 0.4343
-0.1175 0.5751 0.4345
-0.1175 0.5751 0.4347
-0.1174 0.5752 0.4349
-0.1174 0.5751 0.4350
-0.1174 0.5752 0.4353
-0.1174 0.5753 0.4355
-0.1173 0.5754 0.4358
-0.1172 0.5753 0.4360
-0.1171 0.5751 0.4363
-0.1167 0.5746 0.4367
-0.1166 0.5745 0.4370
-0.1165 0.5746 0.4371
-0.1164 0.5746 0.4373
-0.1164 0.5746 0.4376
-0.1168 0.5744 0.4379
-0.1174 0.5739 0.4378
-0.1177 0.5737 0.4380
-0.1180 0.5734 0.4382
-0.1181 0.5729 0.4383
-0.1182 0.5725 0.4385
-0.1184 0.5721 0.4388
-0.1187 0.5716 0.4390
-0.1189 0.5715 0.4392
-0.1190 0.5715 0.4393
-0.1191 0.5715 0.4394
-0.1193 0.5714 0.4396
-0.1195 0.5713 0.4398
-0.1197 0.5713 0.4397
-0.1201 0.5714 0.4398
-0.1205 0.5716 0.4400
-0.1209 0.5718 0.4401
-0.1213 0.5719 0.4403
-0.1216 0.5719 0.4403
-0.1220 0.5722 0.4401
-0.1223 0.5724 0.4400
-0.1225 0.5727 0.4399
-0.1225 0.5729 0.4399
-0.1225 0.5727 0.4400
-0.1223 0.5725 0.4397
-0.1219 0.5725 0.4389
-0.1217 0.5726 0.4383
-0.1215 0.5728 0.4380
-0.1215 0.5730 0.4377
-0.1214 0.5730 0.4375
-0.1212 0.5730 0.4373
-0.1209 0.5731 0.4370
-0.1208 0.5731 0.4368
-0.1207 0.5731 0.4367
-0.1206 0.5733 0.4366
-0.1206 0.5734 0.4365
-0.1206 0.5733 0.4364
-0.1205 0.5731 0.4362
-0.1206 0.5731 0.4361
-0.1206 0.5731 0.4361
-0.1207 0.5733 0.4360
-0.1208 0.5735 0.4361
-0.1210 0.5737 0.4362
-0.1211 0.5736 0.4366
-0.1213 0.5736 0.4368
-0.1214 0.5736 0.4370
-0.1216 0.5736 0.4371
-0.1217 0.5736 0.4373
-0.1219 0.5743 0.4371
-0.1225 0.5771 0.4361
-0.1228 0.5780 0.4359
-0.1229 0.5783 0.4359
-0.1229 0.5783 0.4360
-0.1230 0.5783 0.4361
-0.1230 0.5782 0.4363
-0.1228 0.5780 0.4364
-0.1229 0.5780 0.4366
-0.1229 0.5779 0.4367
-0.1229 0.5778 0.4368
-0.1230 0.5777 0.4369
-0.1229 0.5776 0.4370
-0.1228 0.5774 0.4373
-0.1227 0.5772 0.4375
-0.1226 0.5770 0.4376
-0.1226 0.5768 0.4377
-0.1226 0.5766 0.4379
-0.1225 0.5764 0.4381
-0.1225 0.5763 0.4384
-0.1226 0.5762 0.4386
-0.1226 0.5761 0.4388
-0.1226 0.5761 0.4390
-0.1226 0.5760 0.4392
-0.1226 0.5759 0.4394
-0.1225 0.5758 0.4397
-0.1225 0.5758 0.4399
-0.1224 0.5757 0.4400
-0.1224 0.5757 0.4402
-0.1223 0.5756 0.4404
-0.1222 0.5755 0.4406
-0.1219 0.5754 0.4407
-0.1218 0.5754 0.4409
-0.1217 0.5754 0.4412
-0.1216 0.5755 0.4414
-0.1215 0.5755 0.4416
-0.1214 0.5753 0.4419
-0.1213 0.5748 0.4427
-0.1211 0.5746 0.4430
-0.1210 0.5746 0.4433
-0.1209 0.5746 0.4435
-0.1208 0.5746 0.4436
-0.1207 0.5746 0.4438
-0.1206 0.5742 0.4440
-0.1205 0.5742 0.4442
-0.1205 0.5742 0.4443
-0.1204 0.5743 0.4444
-0.1204 0.5744 0.4444
-0.1203 0.5745 0.4444
-0.1202 0.5745 0.4442
-0.1201 0.5746 0.4442
-0.1200 0.5746 0.4442
-0.1199 0.5748 0.4442
-0.1199 0.5750 0.4442
-0.1199 0.5751 0.4441
-0.1199 0.5752 0.4441
-0.1199 0.5753 0.4441
-0.1198 0.5754 0.4441
-0.1198 0.5755 0.4441
-0.1197 0.5757 0.4442
-0.1198 0.5753 0.4442
-0.1199 0.5738 0.4443
-0.1200 0.5734 0.4444
-0.1199 0.5734 0.4444
-0.1199 0.5735 0.4444
-0.1198 0.5736 0.4445
-0.1197 0.5738 0.4444
-0.1196 0.5742 0.4442
-0.1196 0.5744 0.4441
-0.1195 0.5747 0.4440
-0.1195 0.5749 0.4440
-0.1195 0.5752 0.4440
-0.1194 0.5754 0.4439
-0.1193 0.5759 0.4437
-0.1193 0.5761 0.4437
-0.1192 0.5762 0.4436
-0.1192 0.5762 0.4436
-0.1192 0.5762 0.4435
-0.1191 0.5763 0.4434
-0.1190 0.5765 0.4432
-0.1189 0.5766 0.4431
-0.1189 0.5766 0.4429
-0.1188 0.5766 0.4428
-0.1188 0.5766 0.4428
-0.1188 0.5766 0.4428
-0.1187 0.5766 0.4427
-0.1186 0.5766 0.4427
-0.1186 0.5766 0.4427
-0.1186 0.5767 0.4426
-0.1187 0.5767 0.4427
-0.1187 0.5768 0.4427
-0.1185 0.5771 0.4425
-0.1185 0.5772 0.4425
-0.1185 0.5773 0.4425
-0.1186 0.5773 0.4426
-0.1186 0.5773 0.4426
-0.1186 0.5771 0.4426
-0.1182 0.5768 0.4426
-0.1181 0.5767 0.4426
-0.1180 0.5766 0.4427
-0.1180 0.5765 0.4427
-0.1179 0.5764 0.4428
-0.1179 0.5764 0.4428
-0.1179 0.5770 0.4424
-0.1179 0.5772 0.4422
-0.1179 0.5773 0.4422
-0.1179 0.5774 0.4422
-0.1178 0.5774 0.4422
-0.1179 0.5774 0.4422
-0.1181 0.5777 0.4420
-0.1182 0.5778 0.4419
-0.1182 0.5777 0.4419
-0.1183 0.5777 0.4419
-0.1183 0.5776 0.4419
-0.1183 0.5775 0.4419
-0.1183 0.5774 0.4417
-0.1183 0.5774 0.4417
-0.1184 0.5773 0.4417
-0.1184 0.5773 0.4417
-0.1184 0.5773 0.4417
-0.1184 0.5773 0.4417
-0.1184 0.5774 0.4415
-0.1184 0.5774 0.4415
-0.1184 0.5774 0.4415
-0.1184 0.5773 0.4415
-0.1184 0.5773 0.4415
-0.1184 0.5773 0.4414
-0.1183 0.5775 0.4413
-0.1183 0.5775 0.4412
-0.1183 0.5774 0.4412
-0.1183 0.5774 0.4411
-0.1184 0.5773 0.4412
-0.1184 0.5773 0.4411
-0.1184 0.5774 0.4410
-0.1184 0.5774 0.4410
-0.1185 0.5773 0.4411
-0.1185 0.5773 0.4412
-0.1185 0.5773 0.4412
-0.1186 0.5774 0.4412
-0.1186 0.5776 0.4410
-0.1185 0.5776 0.4409
-0.1185 0.5776 0.4409
-0.1185 0.5776 0.4409
-0.1186 0.5776 0.4410
-0.1186 0.5776 0.4410
-0.1185 0.5777 0.4409
-0.1185 0.5777 0.4409
-0.1186 0.5777 0.4409
-0.1186 0.5777 0.4410
-0.1187 0.5777 0.4411
-0.1187 0.5777 0.4411
-0.1189 0.5777 0.4408
-0.1189 0.5777 0.4408
-0.1190 0.5776 0.4408
-0.1190 0.5777 0.4408
-0.1190 0.5777 0.4408
-0.1191 0.5776 0.4408
-0.1192 0.5771 0.4406
-0.1192 0.5770 0.4406

