0.0000 0.0000 0.0000
0.0000 0.0000 0.0000
0.0000 0.0000 0.0000
0.0000 0.0000 0.0000
0.0000 0.0000 0.0000
0.0000 0.0000 0.0000
0.0000 0.0000 0.0000
0.0000 0.0000 0.0000
0.0000 0.0000 0.0000
0.0000 0.0000 0.0000
0.0000 0.0000 0.0000
0.0000 0.0000 0.0000
0.0110 0.1089 -0.0275
0.0061 0.1378 -0.0107
-0.0100 0.2013 -0.0238
-0.0345 0.5582 -0.0773
0.0224 0.1548 0.2065
-0.0589 -0.3476 0.1000
-0.1953 -0.2969 0.0135
-0.0026 0.1706 0.0685
-0.0261 0.0425 -0.0902
-0.2094 -0.3273 -0.2552
-0.2094 -0.3781 -0.2749
-0.0457 -0.1076 -0.1376
0.1751 0.3698 0.0880
0.2016 0.5587 0.1513
0.1286 0.3631 0.0780
0.0034 -0.1084 -0.0950
-0.0775 -0.2435 -0.1505
-0.1189 -0.1411 -0.0510
-0.0527 0.0934 0.1697
-0.0442 0.2767 0.2959
-0.2082 0.2415 0.1381
-0.1360 0.0653 0.1034
-0.0591 0.0513 0.0273
0.0496 0.0363 -0.0697
0.0184 -0.0015 -0.0850
-0.0451 -0.0215 -0.0679
-0.2375 0.0627 -0.1100
-0.2342 -0.1703 -0.0340
-0.1379 -0.1932 0.0094
0.1156 -0.2054 0.0807
0.3097 -0.0761 0.1025
0.3234 -0.0142 0.0947
0.2429 0.1467 0.0573
0.1273 0.1486 -0.0407
0.1028 0.1233 -0.0513
0.1768 0.1794 -0.0478
0.3493 0.2109 -0.0254
0.4750 0.2585 -0.0058
0.6093 0.7117 -0.0710
0.5317 1.0967 -0.1450
0.1641 1.3240 -0.2828
0.0392 1.0742 -0.2909
-0.0731 0.6590 -0.2788
-0.2048 0.8306 -0.6419
-0.1903 0.7801 -0.7823
0.0019 0.6090 -0.6721
0.2980 0.6676 -0.4119
0.3713 0.7171 -0.3389
0.3992 0.8481 -0.2256
0.4558 0.6928 0.0067
0.5007 0.5764 0.1505
0.4643 0.4815 0.2316
0.2025 0.2317 0.1343
0.0881 0.0827 0.1107
-0.0116 -0.0396 0.0502
0.0651 -0.0165 0.0066
0.2021 0.0710 -0.0266
0.5513 0.3506 -0.1434
0.6758 0.5129 -0.1882
0.6326 0.5921 -0.1796
0.5047 0.7495 0.0506
0.4776 0.6976 0.3494
0.4267 0.6607 0.4054
0.2115 0.3449 0.3342
0.0826 0.1215 0.2393
-0.1370 -0.1480 0.0248
-0.2560 -0.1147 -0.1239
-0.2610 -0.1092 -0.1424
-0.1266 0.0009 -0.1685
0.1126 0.1357 -0.1753
0.1813 0.1245 -0.1629
0.1559 0.1150 -0.0870
0.0189 -0.0103 0.0454
0.1006 0.0647 0.0992
0.2082 0.0734 0.1284
0.1210 0.0541 0.0365
0.0743 -0.0092 -0.0125
0.0185 -0.1446 -0.1032
-0.0381 -0.1160 -0.1683
-0.0711 -0.0803 -0.1787
-0.0790 0.0640 -0.1079
-0.0782 -0.0500 0.0434
0.0072 -0.0256 0.0835
0.1235 -0.0418 0.0608
-0.0210 -0.1335 -0.0309
-0.0845 -0.2116 -0.0723
-0.0758 -0.1727 -0.0482
-0.1066 -0.2249 -0.0181
-0.2392 -0.4080 0.1030
-0.3196 -0.6736 0.2382
-0.4175 -0.7939 0.4112
-0.5553 -0.8458 0.4955
-0.9092 -0.9693 0.5689
-1.0118 -0.9776 0.6238
-0.9144 -0.8748 0.7316
-0.7934 -1.2005 1.0634
-1.0075 -1.1176 0.9963
-1.1800 -1.1348 0.7941
-1.3282 -1.1468 0.3095
-1.1101 -0.9617 0.0717
-0.8383 -0.8340 0.0251
-0.1701 -0.6796 -0.1223
0.1785 -0.2272 -0.2560
0.2441 -0.0811 -0.2688
0.3686 0.0106 -0.1742
0.2478 -0.1600 -0.1018
0.1802 -0.0426 -0.1083
0.1115 0.1121 -0.0430
0.1295 -0.0679 0.0222
0.1410 -0.1158 0.0187
0.1188 -0.1788 0.0021
0.0961 -0.2117 -0.0276
0.0739 -0.1981 -0.0283
0.0170 -0.1806 0.0004
0.0171 -0.0974 0.0266
0.0283 -0.0055 0.0221
0.0564 0.1287 -0.0197
0.1109 0.1320 -0.0244
0.1263 0.0880 -0.0220
0.1341 -0.0176 -0.0676
0.1232 -0.0678 -0.0748
0.0847 -0.0904 -0.0880
0.1039 -0.0325 -0.0964
0.1372 0.0015 -0.0982
0.1862 0.0651 -0.0933
0.2390 0.0380 -0.1057
0.2695 0.0013 -0.0930
0.2722 -0.0101 -0.0808
0.1913 0.0796 -0.0428
0.1320 0.0911 -0.0060
0.0021 -0.0044 0.0168
-0.0112 -0.0556 0.0471
0.0247 -0.0946 0.0644
0.0716 -0.0292 0.0622
0.0331 0.0611 0.0378
-0.0036 0.0749 0.0385
-0.0508 -0.0059 0.0271
-0.0561 -0.0402 0.0049
-0.0169 0.0046 0.0109
0.0066 0.0276 0.0080
0.0785 0.0372 0.0180
0.0826 -0.0454 0.0114
0.0500 -0.0483 -0.0131
0.0238 -0.0543 -0.0231
-0.0343 -0.0522 -0.0222
-0.0519 -0.0340 -0.0212
-0.0182 0.0261 -0.0095
0.0280 0.0937 0.0033
0.0394 0.0960 0.0069
0.0446 0.0793 0.0295
0.0144 0.0075 0.0394
-0.0200 0.0019 0.0365
-0.0417 -0.0199 0.0179
-0.0207 0.0117 0.0157
-0.0138 0.0232 0.0091
-0.0196 0.0417 -0.0034
-0.0122 0.0378 -0.0089
-0.0053 0.0012 -0.0113
-0.0063 -0.0233 -0.0242
-0.0231 0.0335 -0.0287
-0.0265 0.0801 -0.0328
-0.0040 0.0507 -0.0253
0.0135 0.0720 -0.0267
0.0200 0.0651 -0.0278
0.0283 0.0554 -0.0195
0.0251 0.0524 -0.0107
0.0198 0.0471 -0.0070
0.0085 0.0412 -0.0083
0.0219 0.0286 -0.0006
0.0336 0.0291 0.0024
0.0480 0.0119 0.0079
0.0394 0.0130 0.0076
0.0318 0.0150 0.0080
0.0334 0.0135 0.0096
0.0473 0.0192 0.0102
0.0526 0.0289 0.0118
0.0145 0.0005 0.0097
-0.0004 -0.0152 0.0051
0.0376 -0.0050 0.0033
0.0959 0.0281 0.0087
0.0927 0.0366 0.0123
0.0476 0.0489 0.0095
0.0174 0.0075 0.0118
0.0230 -0.0168 0.0073
0.0454 -0.0224 0.0114
0.0527 0.0047 0.0063
0.0536 0.0108 0.0076
0.0511 0.0104 0.0098
0.0455 -0.0016 0.0111
0.0405 -0.0046 0.0078
0.0401 -0.0004 0.0078
0.0476 0.0230 0.0064
0.0508 0.0299 0.0035
0.0425 0.0363 0.0068
0.0169 0.0140 0.0214
0.0040 0.0029 0.0219
0.0049 -0.0139 0.0171
0.0074 -0.0213 0.0042
0.0122 -0.0185 -0.0035
0.0176 0.0150 -0.0124
0.0234 0.0291 -0.0091
0.0133 0.0101 -0.0006
0.0048 -0.0080 0.0061
0.0003 -0.0161 0.0084
0.0074 -0.0008 0.0178
0.0290 0.0484 0.0189
0.0300 0.0553 0.0158
0.0124 0.0183 0.0061
-0.0021 0.0053 -0.0093
0.0014 0.0045 -0.0070
0.0131 0.0232 0.0034
0.0127 0.0290 0.0047
0.0059 0.0045 0.0055
-0.0067 -0.0029 -0.0010
0.0048 0.0006 -0.0054
0.0072 0.0108 -0.0085
0.0025 0.0079 -0.0078
-0.0011 0.0103 -0.0092
0.0057 0.0139 -0.0031
0.0176 0.0378 0.0077
-0.0029 0.0305 0.0071
-0.0061 0.0049 0.0034
0.0189 -0.0097 0.0141
0.0011 0.0038 0.0213
-0.0095 0.0124 0.0179
0.0017 0.0125 0.0136
0.0272 0.0024 0.0101
0.0395 0.0073 0.0107
0.0469 0.0442 -0.0066
0.0476 0.0236 -0.0146
0.0591 -0.0939 0.0452
0.0052 0.0036 0.0283
-0.0245 0.0557 0.0249
-0.0335 0.0453 0.0148
-0.0176 0.0379 -0.0007
-0.0088 0.0330 -0.0082
0.0226 0.0432 -0.0032
0.0723 0.0659 -0.0029
0.0919 0.0503 0.0125

