0.0000 0.0000 0.0000
0.0000 0.0000 0.0000
0.0000 0.0000 0.0000
0.0000 0.0000 0.0000
0.0000 0.0000 0.0000
0.0000 0.0000 0.0000
0.0000 0.0000 0.0000
0.0000 0.0000 0.0000
0.0000 0.0000 0.0000
0.0000 0.0000 0.0000
0.0000 0.0000 0.0000
0.0000 0.0000 0.0000
0.0000 0.0000 0.0000
0.0000 0.0000 0.0000
0.0000 0.0000 0.0000
0.0000 0.0000 0.0000
0.0000 0.0000 0.0000
0.0000 0.0000 0.0000
0.0000 0.0000 0.0000
0.0000 0.0000 0.0000
0.0000 0.0000 0.0000
0.0000 0.0000 0.0000
0.0000 0.0000 0.0000
0.0000 0.0000 0.0000
0.0000 0.0000 0.0000
0.0000 0.0000 0.0000
0.0000 0.0000 0.0000
0.0000 0.0000 0.0000
0.0000 0.0000 0.0000
0.0000 0.0000 0.0000
0.0000 0.0000 0.0000
0.0000 0.0000 0.0000
0.0000 0.0000 0.0000
0.0000 0.0000 0.0000
0.0000 0.0000 0.0000
0.0000 0.0000 0.0000
0.0000 0.0000 0.0000
0.0000 0.0000 0.0000
0.0000 0.0000 0.0000
0.0000 0.0000 0.0000
0.0000 0.0000 0.0000
0.0000 0.0000 0.0000
0.0000 0.0000 0.0000
0.0000 0.0000 0.0000
0.0000 0.0000 0.0000
0.0000 0.0000 0.0000
0.0000 0.0000 0.0000
0.0000 0.0000 0.0000
0.0000 0.0000 0.0000
0.0000 0.0000 0.0000
0.0000 0.0000 0.0000
0.0000 0.0000 0.0000
0.0000 0.0000 0.0000
0.0000 0.0000 0.0000
0.0000 0.0000 0.0000
0.0000 0.0000 0.0000
0.0000 0.0000 0.0000
0.0000 0.0000 0.0000
0.0000 0.0000 0.0000
0.0000 0.0000 0.0000
0.0000 0.0000 0.0000
0.0000 0.0000 0.0000
0.0000 0.0000 0.0000
0.0000 0.0000 0.0000
0.0000 0.0000 0.0000
0.0000 0.0000 0.0000
0.0000 0.0000 0.0000
0.0000 0.0000 0.0000
0.0000 0.0000 0.0000
0.0000 0.0000 0.0000
0.0000 0.0000 0.0000
0.0000 0.0000 0.0000
0.0000 0.0000 0.0000
0.0000 0.0000 0.0000
0.0000 0.0000 0.0000
0.0045 0.0017 0.0013
0.0051 0.0063 0.0034
0.0028 0.0131 0.0062
0.0016 0.0189 0.0084
0.0022 0.0234 0.0100
0.0034 0.0272 0.0114
0.0152 0.0420 0.0151
0.0193 0.0492 0.0178
0.0209 0.0538 0.0202
0.0225 0.0574 0.0222
0.0242 0.0603 0.0236
0.0254 0.0626 0.0249
0.0295 0.0652 0.0286
0.0308 0.0680 0.0305
0.0310 0.0706 0.0320
0.0309 0.0728 0.0332
0.0309 0.0748 0.0343
0.0310 0.0770 0.0352
0.0333 0.0817 0.0309
0.0338 0.0846 0.0299
0.0337 0.0866 0.0301
0.0334 0.0883 0.0306
0.0329 0.0895 0.0315
0.0324 0.0902 0.0325
0.0320 0.0907 0.0336
0.0440 0.0981 0.0154
0.0481 0.1004 0.0099
0.0496 0.1010 0.0083
0.0503 0.1009 0.0081
0.0507 0.1003 0.0084
0.0553 0.1061 0.0132
0.0569 0.1074 0.0152
0.0575 0.1073 0.0161
0.0576 0.1066 0.0166
0.0575 0.1057 0.0170
0.0573 0.1045 0.0175
0.0606 0.1152 0.0164
0.0615 0.1179 0.0165
0.0617 0.1182 0.0166
0.0616 0.1176 0.0169
0.0611 0.1168 0.0172
0.0605 0.1160 0.0174
0.0569 0.1162 0.0176
0.0554 0.1159 0.0176
0.0544 0.1153 0.0179
0.0538 0.1145 0.0184
0.0529 0.1134 0.0189
0.0527 0.1130 0.0192
0.0519 0.1174 0.0157
0.0519 0.1187 0.0153
0.0523 0.1192 0.0158
0.0529 0.1197 0.0166
0.0534 0.1203 0.0174
0.0531 0.1231 0.0155
0.0538 0.1248 0.0157
0.0561 0.1278 0.0171
0.0573 0.1293 0.0179
0.0584 0.1306 0.0187
0.0587 0.1342 0.0190
0.0592 0.1360 0.0197
0.0594 0.1371 0.0206
0.0592 0.1379 0.0213
0.0587 0.1385 0.0219
0.0577 0.1393 0.0227
0.0567 0.1407 0.0237
0.0557 0.1413 0.0242
0.0547 0.1415 0.0245
0.0538 0.1417 0.0248
0.0529 0.1418 0.0249
0.0522 0.1418 0.0250
0.0520 0.1420 0.0250
0.0516 0.1419 0.0251
0.0510 0.1414 0.0253
0.0502 0.1407 0.0257
0.0494 0.1398 0.0261
0.0484 0.1392 0.0263
0.0465 0.1389 0.0266
0.0457 0.1382 0.0266
0.0448 0.1373 0.0266
0.0440 0.1363 0.0266
0.0425 0.1357 0.0267
0.0400 0.1362 0.0273
0.0385 0.1357 0.0278
0.0374 0.1349 0.0282
0.0365 0.1340 0.0287
0.0356 0.1330 0.0292
0.0348 0.1321 0.0295
0.0356 0.1333 0.0308
0.0353 0.1332 0.0314
0.0348 0.1327 0.0317
0.0341 0.1321 0.0320
0.0334 0.1315 0.0322
0.0336 0.1319 0.0320
0.0354 0.1346 0.0310
0.0356 0.1352 0.0307
0.0352 0.1352 0.0307
0.0347 0.1350 0.0307
0.0341 0.1347 0.0309
0.0342 0.1350 0.0310
0.0356 0.1370 0.0312
0.0357 0.1375 0.0312
0.0353 0.1375 0.0313
0.0347 0.1373 0.0314
0.0340 0.1371 0.0315
0.0332 0.1368 0.0315
0.0372 0.1382 0.0323
0.0380 0.1384 0.0326
0.0378 0.1383 0.0327
0.0372 0.1381 0.0328
0.0366 0.1378 0.0329
0.0364 0.1377 0.0331
0.0373 0.1380 0.0335
0.0372 0.1378 0.0337
0.0367 0.1375 0.0338
0.0361 0.1371 0.0339
0.0355 0.1367 0.0340
0.0349 0.1362 0.0340
0.0343 0.1358 0.0340
0.0336 0.1353 0.0340
0.0329 0.1349 0.0340
0.0328 0.1346 0.0343
0.0339 0.1345 0.0353
0.0339 0.1343 0.0356
0.0335 0.1342 0.0355
0.0330 0.1341 0.0353
0.0324 0.1340 0.0349
0.0332 0.1338 0.0350
0.0368 0.1334 0.0358
0.0377 0.1333 0.0358
0.0378 0.1332 0.0356
0.0376 0.1333 0.0353
0.0373 0.1333 0.0350
0.0372 0.1336 0.0347
0.0374 0.1347 0.0346
0.0373 0.1350 0.0343
0.0371 0.1352 0.0340
0.0368 0.1353 0.0336
0.0365 0.1355 0.0332
0.0361 0.1359 0.0326
0.0355 0.1369 0.0316
0.0351 0.1373 0.0310
0.0347 0.1376 0.0306
0.0344 0.1379 0.0302
0.0340 0.1381 0.0297
0.0341 0.1384 0.0297
0.0351 0.1387 0.0306
0.0352 0.1389 0.0306
0.0350 0.1391 0.0304
0.0346 0.1393 0.0302
0.0343 0.1395 0.0299
0.0336 0.1395 0.0296
0.0322 0.1394 0.0293
0.0315 0.1394 0.0291
0.0309 0.1395 0.0288
0.0304 0.1396 0.0285
0.0298 0.1396 0.0283
0.0292 0.1397 0.0281
0.0278 0.1396 0.0291
0.0269 0.1396 0.0293
0.0261 0.1396 0.0293
0.0253 0.1397 0.0291
0.0245 0.1397 0.0289
0.0254 0.1400 0.0296
0.0300 0.1409 0.0317
0.0310 0.1412 0.0323
0.0310 0.1414 0.0324
0.0306 0.1414 0.0324
0.0300 0.1415 0.0323
0.0295 0.1415 0.0321
0.0297 0.1401 0.0323
0.0293 0.1395 0.0324
0.0287 0.1391 0.0325
0.0279 0.1389 0.0325
0.0272 0.1387 0.0324
0.0262 0.1386 0.0327
0.0250 0.1387 0.0335
0.0231 0.1384 0.0340

