0.0000 0.0000 0.0000
0.0000 0.0000 0.0000
0.0000 0.0000 0.0000
0.0000 0.0000 0.0000
0.0000 0.0000 0.0000
0.0000 0.0000 0.0000
0.0000 0.0000 0.0000
0.0000 0.0000 0.0000
0.0000 0.0000 0.0000
0.0000 0.0000 0.0000
0.1205 0.7417 0.9544
0.0522 0.6912 0.9572
0.0495 0.3664 0.8044
0.1917 -0.0827 0.5083
0.2566 -0.2127 0.3565
0.3105 -0.1178 0.1164
0.3566 0.3221 0.0234
0.3729 0.5531 0.0415
0.3301 0.7229 0.2767
0.2753 0.4286 0.4638
0.1365 0.1272 0.5251
0.0290 0.0363 0.5188
-0.1845 -0.0111 0.5204
-0.3669 0.1445 0.5474
-0.4182 0.2728 0.5561
-0.4419 0.4736 0.5281
-0.3981 0.4563 0.4347
-0.3806 0.3804 0.3786
-0.3427 0.2406 0.2626
-0.2677 0.1736 0.1701
-0.2349 0.1822 0.1493
-0.1997 0.2687 0.1595
-0.2033 0.3640 0.2344
-0.2251 0.3929 0.2759
-0.2511 0.3812 0.3325
-0.2165 0.3431 0.3237
-0.1650 0.3253 0.2891
-0.0577 0.3095 0.2001
0.0772 0.2085 0.0753
0.1439 0.1164 0.0214
0.2468 -0.1371 -0.0414
0.2661 -0.3546 -0.0068
0.2497 -0.4129 0.0238
0.1760 -0.4175 0.0699
0.0879 -0.2457 0.0913
0.0681 -0.1440 0.0896
0.0913 0.0309 0.0435
0.1241 0.0914 -0.0018
0.2802 0.1221 -0.1315
0.5093 0.1533 -0.2504
0.5262 0.2596 -0.2521
0.5096 -0.0144 -0.4285
0.6218 -0.1118 -0.5765
0.8003 -0.3284 -0.8677
0.8237 -0.6450 -1.1656
0.7468 -0.8177 -1.1829
0.5240 -1.1711 -0.9993
0.3257 -1.1083 -0.7928
0.2507 -0.9692 -0.7120
0.1275 -0.7211 -0.6335
0.0598 -0.6278 -0.6881
0.0955 -0.6462 -0.7570
0.3362 -0.6890 -0.9027
0.6415 -0.8109 -1.0215
0.7275 -0.9142 -1.0432
0.7673 -1.0844 -1.0634
0.6784 -1.0087 -1.0070
0.6213 -0.8428 -0.9315
0.5035 -0.2143 -0.6999
0.4889 0.7963 -0.4757
0.5162 1.3143 -0.4123
0.6679 2.0904 -0.3638
0.7111 -0.2713 0.9994
-0.3375 -0.9808 1.4613
0.4139 -1.1795 2.1273
0.4104 -0.2333 1.0647
0.8287 0.7345 -0.5497
0.8523 1.1479 -0.6700
0.7034 0.9844 -0.4948
0.1927 0.8530 -0.1252
-0.1698 0.6323 -0.4487
-0.1465 0.1000 -0.8192
-0.3493 -1.1281 -0.7950
-0.2272 -0.8550 -0.3993
-0.1297 -1.0689 -0.1982
-0.0734 -1.2889 -0.0254
0.0852 -0.2891 -0.0413
0.2013 0.1418 -0.0915
0.5917 0.4907 -0.2660
0.9048 0.0193 -0.2099
0.9708 -0.0895 -0.1090
0.9583 -0.2568 -0.0369
0.8392 -0.2368 -0.0250
0.6490 -0.1209 -0.0974
0.5220 -0.1030 -0.2145
0.4740 -0.0649 -0.2539
0.3412 0.0544 -0.2258
0.3004 -0.0340 -0.1478
0.3046 -0.1097 -0.1397
0.2052 -0.0747 -0.1439
0.1403 -0.0173 -0.1231
0.1062 0.0685 -0.0691
0.1537 0.0307 -0.0212
0.2014 -0.0084 -0.0039
0.2509 -0.0913 0.0528
0.2263 -0.0254 0.0896
0.0217 -0.2046 0.0988
-0.0320 0.1627 0.0655
0.0444 -0.0151 -0.0002
0.0730 -0.0737 -0.0367
0.0150 -0.0147 0.0186
0.0594 0.0392 0.1331
0.1569 0.0492 0.1116
0.2982 -0.0408 0.0235
0.1108 -0.2381 0.0064
-0.0552 -0.2057 0.0048
-0.0782 0.0823 0.0103
0.0673 -0.0615 -0.0106
0.0554 -0.1050 -0.0632
-0.1598 -0.0159 -0.0516
-0.4139 0.0860 -0.0822
-0.4531 0.1600 -0.2142
-0.3102 0.0887 -0.1128
-0.3176 -0.1319 -0.1491
-0.2440 -0.4420 -0.4979
-0.0372 -0.4730 -0.6100
0.0566 -0.4682 -0.6187
0.1687 -0.2513 -0.6160
0.1180 -0.0312 -0.5292
-0.0800 0.3005 -0.2545
-0.1409 0.3712 -0.2113
-0.1535 0.6419 -0.0028
-0.1150 0.7316 0.1676
-0.0657 0.7453 0.2176
0.0083 0.6294 0.2722
-0.0238 0.3934 0.2151
-0.0553 0.2953 0.1695
-0.0738 0.1733 0.0970
0.0215 0.0828 0.0376
0.0739 0.1021 -0.0057
0.1088 0.1050 -0.0758
0.0249 0.0325 -0.0895
-0.0319 0.0123 -0.0781
-0.1182 0.0147 -0.0018
-0.1146 0.1239 0.1196
-0.0855 0.2067 0.1375
-0.0016 0.2219 0.1185
0.0698 0.1847 0.1235
0.1042 0.1252 0.1042
0.1866 0.2238 0.0689
0.2009 0.3489 0.0724
0.1214 0.2173 0.1482
0.0165 0.1252 0.1472
-0.0269 0.1049 0.1450
-0.1034 0.0657 0.1232
-0.1055 0.0646 0.1108
-0.0472 0.0343 0.0689
0.0135 0.0204 0.0375
0.0256 0.0115 0.0277
0.0147 -0.0149 0.0069
-0.0410 -0.0141 -0.0042
-0.0657 -0.0311 -0.0002
-0.0526 -0.0464 0.0084
0.0236 -0.0399 0.0054
0.0503 -0.0234 0.0017
0.0464 -0.0060 0.0182
0.0083 -0.0016 0.0230
-0.0257 0.0072 0.0042
-0.0578 0.0240 -0.0018
-0.0338 0.0038 -0.0134
-0.0073 -0.0132 -0.0263
0.0108 -0.0283 -0.0315
-0.0143 0.0138 -0.0062
-0.0283 0.0177 0.0082
-0.0074 0.0083 0.0205
0.0283 0.0146 0.0014
0.0270 0.0186 0.0008
-0.0038 0.0021 0.0171
-0.0189 -0.0513 0.0352
-0.0054 -0.0608 0.0331
0.0155 -0.0699 0.0295
0.0061 -0.0287 0.0360
-0.0308 0.0105 0.0356
-0.0511 -0.0095 0.0389
-0.0571 -0.0108 0.0335
-0.0681 -0.0200 0.0279
-0.0695 -0.0131 0.0225
-0.0671 -0.0039 0.0219
-0.0449 -0.0061 0.0191
-0.0215 -0.0084 0.0238
-0.0230 -0.0124 0.0298
-0.0259 0.0078 0.0415
-0.0235 0.0023 0.0319
-0.0099 -0.0218 0.0325
0.0277 -0.0384 0.0317
0.0590 -0.0015 0.0194
0.0719 0.0335 0.0105
0.0820 0.0491 0.0153
0.1152 0.0720 0.0061
0.1224 0.0764 0.0006
0.0953 0.0256 -0.0192
0.0527 -0.0084 -0.0134
0.0234 0.0108 -0.0204
-0.0115 0.0164 -0.0252
-0.0066 0.0185 -0.0301
0.0191 0.0233 -0.0334
0.0568 -0.0021 -0.0383
0.0555 -0.0146 -0.0390
0.0363 -0.0100 -0.0271
0.0466 -0.0130 -0.0046
0.0573 -0.0076 -0.0014
0.0783 0.0099 0.0071
0.0715 -0.0015 0.0062
0.0621 -0.0116 0.0013
0.0439 -0.0497 -0.0044
0.0675 -0.0609 0.0075
0.0844 -0.0279 -0.0015
0.0864 0.0187 -0.0090
0.0760 0.0159 -0.0133
0.0690 0.0040 -0.0105
0.0535 -0.0261 -0.0107
0.0550 -0.0189 -0.0105
0.0565 -0.0120 -0.0132
0.0728 0.0072 -0.0164
0.0764 0.0232 -0.0089
0.0640 0.0259 -0.0072
0.0092 0.0129 -0.0009
-0.0196 -0.0176 0.0189
-0.0111 -0.0259 0.0244
0.0414 -0.0306 0.0167
0.0790 -0.0212 0.0108
0.0707 -0.0035 0.0151
0.0167 0.0209 0.0339
-0.0060 0.0214 0.0389
0.0006 -0.0154 0.0349
0.0339 -0.0298 0.0206
0.0316 -0.0233 0.0109
0.0303 -0.0083 0.0037
0.0440 0.0081 0.0014
0.0372 0.0092 0.0050
-0.0050 0.0201 0.0208
-0.0202 0.0316 0.0370
-0.0069 0.0222 0.0415
0.0113 -0.0183 0.0304
0.0710 -0.0701 0.0084
0.0632 0.0059 -0.0110
0.0090 0.0186 0.0156
-0.0108 0.0437 0.0276
-0.0244 0.0560 0.0164
-0.0412 0.0702 0.0385
-0.0162 0.0412 0.0424
0.0159 0.0232 0.0408

