0.0722 -0.3689 -0.8974
0.0581 -0.3904 -0.9038
0.0558 -0.3810 -0.9166
0.0619 -0.3649 -0.9312
0.0608 -0.3611 -0.9201
0.0608 -0.3678 -0.8939
0.0608 -0.3678 -0.8939
0.0689 -0.3737 -0.8847
0.0643 -0.3837 -0.8920
0.0723 -0.3820 -0.8965
0.0803 -0.3802 -0.8956
0.0732 -0.3789 -0.8974
0.0732 -0.3789 -0.8974
0.0734 -0.3778 -0.9105
0.0710 -0.3822 -0.9282
0.0758 -0.3728 -0.9254
0.0744 -0.3735 -0.9128
0.0675 -0.3719 -0.9111
0.0675 -0.3719 -0.9111
0.0707 -0.3662 -0.9091
0.0737 -0.3637 -0.9059
0.0702 -0.3680 -0.9052
0.0627 -0.3618 -0.8993
0.0627 -0.3618 -0.8993
0.0701 -0.3594 -0.9023
0.0698 -0.3674 -0.8929
0.0697 -0.3699 -0.8915
0.0763 -0.3637 -0.9055
0.0813 -0.3723 -0.9140
0.0813 -0.3723 -0.9140
0.0799 -0.3639 -0.9044
0.0905 -0.3699 -0.9072
0.0807 -0.3693 -0.9059
0.0820 -0.3643 -0.8633
0.1094 -0.3564 -0.9513
0.1094 -0.3564 -0.9513
0.0838 -0.3953 -0.9321
0.0722 -0.3707 -0.9134
0.0974 -0.3713 -0.9274
0.0989 -0.3298 -0.9072
0.0751 -0.3799 -0.9172
0.0634 -0.3686 -0.8965
0.0591 -0.3495 -0.8923
0.0609 -0.3421 -0.8773
0.0609 -0.3421 -0.8773
0.0669 -0.3689 -0.8879
0.0793 -0.3664 -0.8921
0.0777 -0.3470 -0.8781
0.0800 -0.3409 -0.8784
0.0728 -0.3409 -0.8828
0.0728 -0.3409 -0.8828
0.0721 -0.3421 -0.8909
0.0922 -0.3445 -0.9038
0.0920 -0.3397 -0.9107
0.0998 -0.3373 -0.9157
0.1076 -0.3297 -0.9186
0.1076 -0.3297 -0.9186
0.1251 -0.3307 -0.9342
0.1327 -0.3227 -0.9249
0.1400 -0.3240 -0.8988
0.1547 -0.3288 -0.8938
0.1547 -0.3288 -0.8938
0.1716 -0.3176 -0.9048
0.2042 -0.3081 -0.8984
0.2282 -0.3042 -0.9015
0.2449 -0.3059 -0.8996
0.2650 -0.3151 -0.9058
0.2650 -0.3151 -0.9058
0.2840 -0.3228 -0.9207
0.2842 -0.3120 -0.9324
0.2708 -0.3075 -0.9491
0.2625 -0.3106 -0.9616
0.2547 -0.3188 -0.9597
0.2547 -0.3188 -0.9597
0.2275 -0.3079 -0.9732
0.1977 -0.3002 -1.0382
0.1631 -0.2832 -1.0606
0.1213 -0.2804 -1.0218
0.0805 -0.3029 -0.9463
0.0805 -0.3029 -0.9463
0.0781 -0.3448 -0.9151
0.0745 -0.3607 -0.8938
0.0972 -0.3671 -0.8941
0.1235 -0.3523 -0.8882
0.1235 -0.3523 -0.8882
0.1639 -0.3552 -0.8873
0.1907 -0.3455 -0.8585
0.1923 -0.3606 -0.8186
0.2030 -0.3688 -0.7961
0.2206 -0.3651 -0.7883
0.2206 -0.3651 -0.7883
0.2318 -0.3680 -0.7946
0.2464 -0.3816 -0.8022
0.2458 -0.4078 -0.8123
0.2516 -0.4250 -0.8385
0.2595 -0.4509 -0.8635
0.2595 -0.4509 -0.8635
0.2940 -0.4510 -0.8900
0.3476 -0.4307 -0.9392
0.3658 -0.4539 -0.9380
0.3681 -0.4991 -0.8738
0.3671 -0.5349 -0.7933
0.3671 -0.5349 -0.7933
0.3527 -0.5218 -0.8233
0.3109 -0.4863 -0.9690
0.2313 -0.4272 -1.0515
0.1577 -0.3781 -1.0319
0.0955 -0.3520 -0.9547
0.0955 -0.3520 -0.9547
0.0155 -0.3720 -0.8928
-0.0468 -0.3741 -0.9099
-0.0768 -0.3576 -0.9785
-0.0486 -0.3244 -1.0341
-0.0486 -0.3244 -1.0341
-0.0344 -0.2688 -1.0361
-0.0675 -0.2502 -0.9767
-0.1175 -0.2492 -0.8697
-0.1537 -0.2587 -0.7554
-0.1387 -0.3236 -0.7016
-0.1096 -0.3651 -0.6768
-0.0890 -0.3814 -0.6776
-0.0726 -0.4063 -0.7180
-0.0659 -0.4185 -0.7840
-0.0537 -0.4252 -0.8475
-0.0537 -0.4252 -0.8475
-0.0459 -0.4330 -0.8833
-0.0479 -0.4522 -0.9153
-0.0437 -0.4825 -0.9356
-0.0418 -0.5102 -0.9412
-0.0350 -0.5211 -0.9324
-0.0350 -0.5211 -0.9324
-0.0317 -0.5307 -0.9372
-0.0195 -0.5488 -0.9325
0.0008 -0.5507 -0.9392
0.0191 -0.5631 -0.9163
-0.0002 -0.5746 -0.8884
-0.0002 -0.5746 -0.8884
0.0052 -0.5884 -0.8912
0.0280 -0.5870 -0.9289
0.0490 -0.5809 -0.9811
0.0777 -0.5743 -1.0262
0.0777 -0.5743 -1.0262
0.1060 -0.6169 -1.0298
0.1395 -0.6386 -1.0183
0.1862 -0.6126 -1.1013
0.2408 -0.5328 -1.2301
0.2716 -0.4096 -1.2592
0.2716 -0.4096 -1.2592
0.2858 -0.3269 -1.0756
0.3176 -0.3034 -0.8600
0.3519 -0.3370 -0.7002
0.3607 -0.3941 -0.6342
0.3884 -0.3835 -0.6458
0.3333 -0.3738 -0.7574
0.3333 -0.3738 -0.7574
0.2090 -0.3463 -0.8590
0.1248 -0.3417 -0.9258
-0.0373 -0.3394 -0.8095
-0.0373 -0.3394 -0.8095
-0.0776 -0.3468 -0.7178
-0.1225 -0.3712 -0.6105
-0.1737 -0.4130 -0.5730
-0.2006 -0.4494 -0.5471
-0.1970 -0.4949 -0.5456
-0.1970 -0.4949 -0.5456
-0.1614 -0.5174 -0.5969
-0.1206 -0.5468 -0.6828
-0.0711 -0.5654 -0.7432
-0.0053 -0.5824 -0.7718
-0.0053 -0.5824 -0.7718
0.0407 -0.6035 -0.7921
0.0584 -0.6274 -0.8056
0.0486 -0.6326 -0.8219
0.0215 -0.6659 -0.8450
-0.0174 -0.6676 -0.8914
-0.0174 -0.6676 -0.8914
-0.0737 -0.6537 -0.9624
-0.1210 -0.6184 -1.0435
-0.1804 -0.6607 -1.0942
-0.2480 -0.6357 -1.0316
-0.3189 -0.6335 -1.0751
-0.3189 -0.6335 -1.0751
-0.3322 -0.5020 -1.1721
-0.2617 -0.3131 -1.3432
-0.2007 -0.2310 -1.2810
-0.2055 -0.2000 -0.9805
-0.2278 -0.2287 -0.7071
-0.2278 -0.2287 -0.7071
-0.2553 -0.3199 -0.5649
-0.2415 -0.3723 -0.6631
-0.1529 -0.3414 -0.8759
0.0105 -0.2691 -0.9945
0.1771 -0.2169 -0.9254
0.2778 -0.1996 -0.8102
0.3100 -0.2387 -0.7662
0.3073 -0.3313 -0.7258
0.2764 -0.4425 -0.6488
0.2764 -0.4425 -0.6488
0.2759 -0.5217 -0.5522
0.2611 -0.5875 -0.5446
0.2574 -0.6201 -0.6308
0.2513 -0.6266 -0.7243
0.2448 -0.6108 -0.8154
0.2448 -0.6108 -0.8154
0.2595 -0.6286 -0.8981
0.3042 -0.6244 -0.9092
0.3413 -0.6292 -0.8926
0.3607 -0.6573 -0.8607
0.3770 -0.6834 -0.8450
0.3770 -0.6834 -0.8450
0.3855 -0.7089 -0.8487
0.3840 -0.7568 -0.8722
0.3620 -0.7159 -0.9357
0.3351 -0.6405 -1.0481
0.2928 -0.5341 -1.1232
0.2928 -0.5341 -1.1232
0.2320 -0.4353 -1.0595
0.1854 -0.4176 -0.9057
0.1693 -0.4754 -0.7347
0.1945 -0.5661 -0.6066
0.1945 -0.5661 -0.6066
0.2118 -0.5877 -0.5994
0.2311 -0.5422 -0.7128
0.2092 -0.4936 -0.8496
0.1532 -0.4271 -0.9203
0.0796 -0.3611 -0.9345
0.0796 -0.3611 -0.9345
0.0219 -0.3247 -0.8887
-0.0342 -0.3329 -0.8138
-0.0920 -0.3719 -0.7022
-0.1841 -0.4250 -0.6020
-0.2574 -0.4658 -0.5531
-0.2929 -0.5307 -0.5690
-0.2792 -0.5519 -0.6147
-0.2522 -0.5572 -0.6975
-0.2557 -0.5436 -0.7395
-0.2454 -0.5335 -0.7533
-0.2454 -0.5335 -0.7533
-0.2232 -0.5526 -0.7650
-0.1858 -0.6070 -0.7811
-0.1578 -0.6373 -0.8223
-0.1406 -0.6345 -0.8934
-0.1406 -0.6345 -0.8934
-0.1496 -0.6071 -0.9806
-0.1775 -0.6480 -1.0277
-0.2072 -0.6191 -1.0005
-0.2056 -0.6047 -1.0155
-0.2104 -0.5258 -1.0650
-0.2104 -0.5258 -1.0650
-0.2273 -0.4543 -1.1221
-0.2605 -0.4545 -1.0432
-0.2846 -0.4955 -0.8685
-0.3027 -0.5233 -0.7473
-0.2833 -0.4942 -0.7553
-0.2833 -0.4942 -0.7553
-0.2224 -0.4699 -0.9305
-0.1195 -0.4304 -1.0513
0.0283 -0.3717 -0.9537
0.1301 -0.3224 -0.7762
0.2038 -0.3380 -0.6548
0.2038 -0.3380 -0.6548
0.2324 -0.3979 -0.6042
0.2519 -0.4586 -0.5333
0.2729 -0.5173 -0.4608
0.2672 -0.5630 -0.4159
0.2613 -0.6123 -0.4677
0.2613 -0.6123 -0.4677
0.2629 -0.6351 -0.5396
0.2827 -0.6473 -0.6642
0.3344 -0.6479 -0.7925
0.3643 -0.6239 -0.8786
0.3494 -0.6462 -0.8954
0.3494 -0.6462 -0.8954
0.2995 -0.6989 -0.8559
0.2254 -0.7421 -0.7688
0.2484 -0.7120 -0.8277
0.2484 -0.7120 -0.8277
0.2657 -0.7066 -0.8908
0.2807 -0.6827 -0.9104
0.2708 -0.6414 -0.9005
0.2660 -0.6154 -0.8521
0.2916 -0.5267 -0.8247
0.2916 -0.5267 -0.8247
0.3680 -0.5398 -0.8580
0.4335 -0.5809 -0.8058
0.4894 -0.6467 -0.7306
0.4795 -0.6057 -0.7340
0.4961 -0.5390 -0.8456
0.4961 -0.5390 -0.8456
0.4633 -0.4634 -0.9529
0.3300 -0.3837 -0.9771
0.1747 -0.3419 -0.9158
0.0675 -0.3066 -0.8420
-0.0251 -0.3230 -0.7854
-0.0251 -0.3230 -0.7854
-0.1044 -0.3592 -0.6889
-0.2020 -0.3902 -0.5901
-0.2678 -0.4521 -0.5604
-0.2840 -0.5241 -0.5712
-0.2840 -0.5241 -0.5712
-0.3044 -0.5575 -0.6217
-0.2667 -0.5781 -0.7097
-0.2425 -0.5408 -0.7801
-0.2161 -0.5424 -0.8331
-0.1694 -0.5250 -0.8993
-0.1694 -0.5250 -0.8993
-0.1362 -0.5327 -0.9359
-0.1107 -0.5437 -0.9356
-0.1029 -0.5737 -0.9102
-0.1122 -0.6587 -0.9003
-0.1288 -0.7088 -0.8963
-0.1288 -0.7088 -0.8963
-0.1280 -0.5959 -1.2200
-0.1280 -0.5959 -1.2200
-0.1036 -0.4696 -1.3419
-0.0958 -0.3998 -1.2778
-0.1250 -0.3842 -0.9273
-0.1250 -0.3842 -0.9273
-0.1505 -0.5694 -0.4409
-0.1374 -0.6349 -0.3883
-0.1368 -0.5897 -0.5442
-0.1368 -0.5897 -0.5442
-0.1170 -0.5536 -0.8765
0.0005 -0.4786 -1.1853
0.1525 -0.4326 -1.1572
0.2253 -0.3643 -0.9468
0.2668 -0.3856 -0.7407
0.2668 -0.3856 -0.7407
0.2687 -0.4370 -0.5789
0.2705 -0.5101 -0.4539
0.2598 -0.5478 -0.3624
0.2930 -0.6044 -0.3365
0.3059 -0.6532 -0.4205
0.3059 -0.6532 -0.4205
0.3204 -0.6524 -0.5028
0.3402 -0.6575 -0.6237
0.3446 -0.6492 -0.7263
0.3349 -0.6542 -0.7930
0.2787 -0.6724 -0.7991
0.2787 -0.6724 -0.7991
0.2027 -0.6959 -0.7655
0.1501 -0.7116 -0.7501
0.1444 -0.6983 -0.7926
0.1697 -0.6946 -0.8840
0.2275 -0.7173 -0.9310
0.2275 -0.7173 -0.9310
0.2576 -0.6931 -0.9008
0.2796 -0.7237 -0.9017
0.3182 -0.7262 -0.9590
0.3539 -0.6286 -1.0385
0.3539 -0.6286 -1.0385
0.3183 -0.5264 -1.0675
0.2664 -0.4356 -0.9677
0.2159 -0.4014 -0.7981
0.1986 -0.4272 -0.6230
0.1985 -0.4831 -0.4929
0.1985 -0.4831 -0.4929
0.2257 -0.5246 -0.4750
0.2972 -0.5037 -0.5892
0.3491 -0.4688 -0.8199
0.3232 -0.4309 -1.1192
0.2607 -0.3955 -1.2907
0.2607 -0.3955 -1.2907
0.1812 -0.3356 -1.1676
0.0972 -0.3137 -0.9451
-0.0060 -0.3306 -0.7053
-0.0625 -0.3929 -0.5323
-0.1151 -0.4483 -0.4588
-0.1151 -0.4483 -0.4588
-0.1307 -0.5030 -0.5005
-0.0942 -0.5306 -0.6311
-0.0593 -0.5404 -0.7578
-0.0559 -0.5418 -0.8433
-0.0471 -0.5658 -0.9125
-0.0471 -0.5658 -0.9125
-0.0586 -0.6017 -0.9440
-0.0725 -0.6344 -0.9248
-0.0813 -0.6906 -0.8920
-0.0856 -0.7484 -0.8690
-0.0856 -0.7484 -0.8690
-0.0828 -0.6920 -0.9958
-0.0470 -0.5946 -1.2134
-0.0511 -0.5001 -1.3031
-0.0926 -0.4118 -1.1760
-0.1581 -0.3624 -0.8551
-0.1581 -0.3624 -0.8551
-0.1931 -0.4052 -0.6192
-0.1837 -0.4913 -0.4645
-0.1407 -0.6077 -0.4171
-0.0768 -0.6710 -0.4422
-0.0305 -0.6553 -0.6035
-0.0305 -0.6553 -0.6035
0.1727 -0.5855 -1.2459
0.2807 -0.5262 -1.2326
0.2962 -0.4471 -1.0074
0.3187 -0.4206 -0.7375
0.3187 -0.4206 -0.7375
0.3215 -0.4204 -0.5307
0.3076 -0.4746 -0.4135
0.3017 -0.5089 -0.3446
0.3141 -0.5574 -0.4092
0.3141 -0.5574 -0.4092
0.3221 -0.5675 -0.5052
0.3462 -0.5809 -0.6293
0.3707 -0.5846 -0.7748
0.3863 -0.5903 -0.9036
0.3995 -0.5974 -1.0640
0.3995 -0.5974 -1.0640
0.4067 -0.5743 -1.1969
0.3707 -0.5066 -1.2001
0.3031 -0.4284 -1.0229
0.2432 -0.3640 -0.8381
0.2068 -0.3344 -0.6994
0.2068 -0.3344 -0.6994
0.2019 -0.3311 -0.6370
0.2150 -0.3392 -0.6556
0.2122 -0.3613 -0.7030
0.2172 -0.3802 -0.7683
0.2286 -0.4152 -0.8528
0.2286 -0.4152 -0.8528
0.2449 -0.4352 -0.9345
0.2636 -0.4521 -1.0092
0.2837 -0.4698 -1.0848
0.3078 -0.4764 -1.1150
0.2992 -0.4774 -1.0640
0.2992 -0.4774 -1.0640
0.2854 -0.4903 -0.9921
0.2581 -0.4754 -0.9484
0.2463 -0.4640 -0.9303
0.2344 -0.4610 -0.9149
0.2344 -0.4610 -0.9149
0.2221 -0.4568 -0.8759
0.2174 -0.4754 -0.8194
0.2191 -0.5050 -0.7842
0.2274 -0.5211 -0.7685
0.2384 -0.5344 -0.7912
0.2491 -0.5286 -0.8137
0.2630 -0.5356 -0.8580
0.2633 -0.5176 -0.8926
0.2187 -0.5014 -0.8629
0.1580 -0.4861 -0.7944
0.1580 -0.4861 -0.7944
0.1042 -0.4780 -0.7376
0.0619 -0.4689 -0.6870
0.0405 -0.4788 -0.6907
0.0202 -0.4990 -0.7012
-0.0039 -0.5140 -0.7243
-0.0039 -0.5140 -0.7243
-0.0201 -0.5329 -0.7387
-0.0424 -0.5341 -0.7529
-0.0685 -0.5707 -0.7778
-0.0981 -0.6011 -0.7871
-0.1171 -0.5907 -0.7965
-0.1171 -0.5907 -0.7965
-0.1398 -0.6130 -0.8706
-0.1532 -0.6290 -0.9333
-0.1712 -0.6238 -0.9651
-0.1915 -0.5852 -1.0277
-0.1915 -0.5852 -1.0277
-0.1647 -0.5493 -1.1184
-0.1366 -0.5133 -1.1112
-0.1426 -0.4828 -0.9386
-0.1731 -0.4678 -0.7350
-0.2010 -0.4931 -0.6379
-0.2010 -0.4931 -0.6379
-0.2329 -0.5070 -0.6391
-0.2219 -0.4980 -0.7446
-0.1873 -0.4535 -0.8562
-0.1595 -0.4358 -0.9316
-0.1304 -0.4487 -0.9086
-0.1304 -0.4487 -0.9086
-0.1090 -0.4500 -0.7732
-0.0852 -0.4758 -0.6451
-0.0816 -0.5154 -0.5451
-0.0565 -0.5965 -0.5321
-0.0565 -0.5965 -0.5321
-0.0510 -0.6223 -0.5954
-0.0420 -0.6328 -0.6975
-0.0339 -0.6349 -0.7932
-0.0317 -0.6473 -0.8727
-0.0317 -0.6473 -0.8727
-0.0013 -0.6658 -0.9233
0.0403 -0.6688 -0.9348
0.0957 -0.6804 -0.9111
0.1489 -0.6698 -0.8467
0.2027 -0.6777 -0.7926
0.2027 -0.6777 -0.7926
0.2529 -0.6979 -0.7590
0.3170 -0.7082 -0.7441
0.3889 -0.7133 -0.7674
0.4473 -0.7479 -0.8076
0.4943 -0.7956 -0.8208
0.4943 -0.7956 -0.8208
0.5303 -0.7793 -0.8543
0.5736 -0.7230 -1.0406
0.5600 -0.6515 -1.2118
0.5002 -0.5396 -1.1955
0.4061 -0.4447 -0.9807
0.4061 -0.4447 -0.9807
0.3195 -0.3798 -0.7191
0.2902 -0.4295 -0.5569
0.2849 -0.4696 -0.5164
0.2843 -0.4789 -0.6355
0.2926 -0.5016 -0.8251
0.2926 -0.5016 -0.8251
0.2816 -0.4368 -0.7945
0.1798 -0.3997 -0.8711
0.0551 -0.3203 -0.7760
0.0298 -0.3068 -0.7930
0.0298 -0.3068 -0.7930
0.0049 -0.3414 -0.8307
-0.0459 -0.3228 -0.7057
-0.1355 -0.3280 -0.5788
-0.1827 -0.4183 -0.4223
-0.2103 -0.5022 -0.6250
-0.2103 -0.5022 -0.6250
-0.2451 -0.4936 -0.5810
-0.2173 -0.5624 -0.6664
-0.2214 -0.5467 -0.6274
-0.1916 -0.5598 -0.7343
-0.1622 -0.5747 -0.8427
-0.1622 -0.5747 -0.8427
-0.1269 -0.5871 -0.9676
-0.1681 -0.5914 -0.9440
-0.1442 -0.6011 -1.1648
-0.1808 -0.6251 -1.1216
-0.2096 -0.6161 -1.1061
-0.2096 -0.6161 -1.1061
-0.1984 -0.5590 -1.2434
-0.1563 -0.4389 -1.3676
-0.1426 -0.3740 -1.2918
-0.1823 -0.3913 -0.9732
-0.0620 -0.4733 -0.7172
-0.0620 -0.4733 -0.7172
-0.0228 -0.4099 -0.7961
0.0052 -0.5338 -0.7610
-0.0774 -0.5066 -0.8354
-0.1147 -0.4866 -0.7912
-0.1147 -0.4866 -0.7912
-0.1436 -0.4775 -0.8370
0.0087 -0.3692 -0.6462
0.1010 -0.3900 -0.6456
0.1987 -0.4447 -0.5565
0.2205 -0.4883 -0.4851
0.2205 -0.4883 -0.4851
0.2322 -0.5397 -0.4464
0.2395 -0.5988 -0.4789
0.2269 -0.6144 -0.5094
0.2111 -0.6380 -0.5856
0.1903 -0.6322 -0.6682
0.1903 -0.6322 -0.6682
0.1675 -0.6269 -0.7609
0.1777 -0.6302 -0.8878
0.1734 -0.6572 -0.9113
0.1721 -0.7168 -0.9337
0.1721 -0.7168 -0.9337
0.1610 -0.7361 -0.9126
0.2099 -0.7925 -0.9001
0.2668 -0.7903 -0.9259
0.3127 -0.7263 -0.9889
0.3127 -0.7263 -0.9889
0.3063 -0.4374 -1.0580
0.3758 -0.3940 -0.9315
0.4764 -0.4300 -0.8142
0.5182 -0.4955 -0.7413
0.5182 -0.4955 -0.7413
0.4336 -0.5218 -0.8769
0.2366 -0.5229 -1.0701
0.0714 -0.4277 -1.1319
0.0137 -0.3468 -1.1292
0.0342 -0.2948 -1.0353
0.0342 -0.2948 -1.0353
0.0451 -0.3169 -0.9366
0.0130 -0.3137 -0.8694
-0.0308 -0.3337 -0.7823
-0.0654 -0.3470 -0.6983
-0.0665 -0.4065 -0.6770
-0.0665 -0.4065 -0.6770
-0.0748 -0.4413 -0.6337
-0.0725 -0.4644 -0.6223
-0.0885 -0.4695 -0.6478
-0.1207 -0.4753 -0.6635
-0.1248 -0.4578 -0.6574
-0.1248 -0.4578 -0.6574
-0.0883 -0.4760 -0.6468
-0.0565 -0.5003 -0.6472
-0.0766 -0.5096 -0.6999
-0.1080 -0.5190 -0.7594
-0.1080 -0.5190 -0.7594
-0.1257 -0.4901 -0.8108
-0.1091 -0.5200 -0.8560
-0.0878 -0.5576 -0.8634
-0.0981 -0.5617 -0.8591
-0.1042 -0.6460 -0.8765
-0.1042 -0.6460 -0.8765
-0.1488 -0.6309 -0.9479
-0.1752 -0.5750 -1.0533
-0.1775 -0.4448 -1.0803
-0.0866 -0.3392 -1.0524
0.0356 -0.2904 -1.0280
0.0356 -0.2904 -1.0280
0.0771 -0.2943 -1.0185
0.0032 -0.2947 -0.9823
-0.0786 -0.3339 -0.9791
-0.1259 -0.3277 -0.9279
-0.1009 -0.3047 -0.8717
-0.1009 -0.3047 -0.8717
-0.0502 -0.2839 -0.8396
0.0192 -0.2653 -0.8181
0.0665 -0.2536 -0.8335
0.0901 -0.2595 -0.8393
0.0902 -0.2672 -0.8482
0.0902 -0.2672 -0.8482
0.0933 -0.3033 -0.8410
0.0937 -0.3293 -0.8514
0.0759 -0.3392 -0.8701
0.0520 -0.3422 -0.9439
0.0520 -0.3422 -0.9439
0.0368 -0.3275 -1.0486
0.0162 -0.2985 -1.0849
-0.0169 -0.2647 -1.1130
-0.0445 -0.2605 -1.1212
-0.0743 -0.2689 -1.1120
-0.0743 -0.2689 -1.1120
-0.0925 -0.2562 -1.0863
-0.1233 -0.2442 -1.0589
-0.1527 -0.2380 -1.0509
-0.1676 -0.2057 -0.9865
-0.1447 -0.2020 -0.9320
-0.1447 -0.2020 -0.9320
-0.1216 -0.2127 -0.9056
-0.1145 -0.2141 -0.8730
-0.1026 -0.2368 -0.8839
-0.0945 -0.2444 -0.8603
-0.0508 -0.2754 -0.8436
-0.0508 -0.2754 -0.8436
-0.0086 -0.3130 -0.8534
0.0154 -0.3278 -0.8576
0.0332 -0.3313 -0.8850
0.0336 -0.3291 -0.9280
0.0336 -0.3291 -0.9280
0.0302 -0.3100 -0.9535
0.0257 -0.2944 -0.9991
0.0125 -0.2646 -1.0242
0.0107 -0.2502 -1.0581
-0.0071 -0.2235 -1.0490
-0.0071 -0.2235 -1.0490
-0.0338 -0.2025 -1.0544
-0.0596 -0.1782 -1.0404
-0.0812 -0.1719 -1.0205
-0.1172 -0.1711 -0.9765
-0.1204 -0.1699 -0.9547
-0.1204 -0.1699 -0.9547
-0.1220 -0.1828 -0.9189
-0.1323 -0.1916 -0.9059
-0.1362 -0.2038 -0.9033
-0.1377 -0.2008 -0.9104
-0.1266 -0.2005 -0.9379
-0.1266 -0.2005 -0.9379
-0.1239 -0.1975 -0.9144
-0.1087 -0.2231 -0.9570
-0.1095 -0.2432 -0.9766
-0.1127 -0.2496 -0.9916
-0.1126 -0.2811 -1.0050
-0.1126 -0.2811 -1.0050
-0.1036 -0.2935 -0.9632
-0.0748 -0.3236 -0.9404
-0.0622 -0.3483 -0.9238
-0.0719 -0.3575 -0.9134
-0.0719 -0.3575 -0.9134
-0.0880 -0.3588 -0.9395
-0.0995 -0.3642 -0.9679
-0.0844 -0.3445 -0.9979
-0.0700 -0.3328 -0.9848
-0.0389 -0.3230 -0.9473
-0.0389 -0.3230 -0.9473
-0.0006 -0.3267 -0.9234
0.0127 -0.3218 -0.9058
0.0138 -0.3091 -0.9082
0.0269 -0.3130 -0.8747
0.0471 -0.3260 -0.8775
0.0471 -0.3260 -0.8775
0.0520 -0.3452 -0.8860
0.0415 -0.3317 -0.8920
0.0325 -0.3412 -0.9264
0.0292 -0.3444 -0.9306
0.0286 -0.3524 -0.9500
0.0286 -0.3524 -0.9500
-0.0280 -0.3645 -0.9705
-0.0440 -0.3723 -0.9247
-0.0343 -0.3795 -0.8853
-0.0053 -0.4029 -0.8626
-0.0053 -0.4029 -0.8626
0.0138 -0.4025 -0.8559
0.0355 -0.3965 -0.8665
0.0410 -0.3665 -0.8654
0.0482 -0.3487 -0.8885
0.0482 -0.3487 -0.8885
0.0575 -0.3312 -0.9105
0.0697 -0.3185 -0.9428
0.0665 -0.3129 -0.9267
0.0820 -0.3277 -0.9024
0.1018 -0.3510 -0.8774
0.1018 -0.3510 -0.8774
0.1131 -0.3709 -0.8900
0.0880 -0.3632 -0.9297
0.0582 -0.3366 -0.9556
0.0621 -0.3400 -0.9539
0.0660 -0.3541 -0.9496
0.0660 -0.3541 -0.9496
0.0557 -0.3809 -0.9521
0.0515 -0.3808 -0.9552
0.0388 -0.3781 -0.9633
0.0283 -0.3715 -0.9452
0.0196 -0.3702 -0.9245
0.0196 -0.3702 -0.9245
0.0089 -0.3792 -0.9196
0.0099 -0.3767 -0.9214
0.0121 -0.3653 -0.9184
0.0115 -0.3603 -0.9071
0.0115 -0.3603 -0.9071
0.0227 -0.3667 -0.8857
0.0224 -0.3781 -0.8679
0.0338 -0.3818 -0.8466
0.0633 -0.3852 -0.8415
0.0765 -0.3838 -0.8578
0.0765 -0.3838 -0.8578
0.0807 -0.3716 -0.8742
0.0679 -0.3770 -0.9261
0.0348 -0.3678 -0.9366
0.0229 -0.3660 -0.9503
0.0369 -0.3699 -0.9519
0.0369 -0.3699 -0.9519
0.0600 -0.3692 -0.9264
0.0906 -0.3742 -0.9230
0.0952 -0.3663 -0.9232
0.0848 -0.3651 -0.9041
0.0906 -0.3626 -0.8714
0.0906 -0.3626 -0.8714
0.1136 -0.3791 -0.8544
0.1215 -0.3826 -0.8551
0.1150 -0.3793 -0.8566
0.1111 -0.3601 -0.8810
0.1285 -0.3604 -0.8904
0.1285 -0.3604 -0.8904
0.1387 -0.3482 -0.9153
0.1409 -0.3394 -0.9323
0.1449 -0.3325 -0.9646
0.1429 -0.3195 -0.9806
0.1429 -0.3195 -0.9806
0.1505 -0.3134 -0.9955
0.1550 -0.3034 -0.9841
0.1432 -0.3064 -0.9759
0.1201 -0.3099 -0.9872
0.0976 -0.3065 -0.9698
0.0976 -0.3065 -0.9698
0.0824 -0.3068 -0.9316
0.0747 -0.3138 -0.9002
0.0735 -0.3107 -0.8853
0.0535 -0.3113 -0.8944
0.0428 -0.2951 -0.9084
0.0428 -0.2951 -0.9084
0.0470 -0.2941 -0.9282
0.0443 -0.2823 -0.9254
0.0456 -0.2974 -0.9321
0.0522 -0.3049 -0.9322
0.0583 -0.3087 -0.9234
0.0583 -0.3087 -0.9234
0.0635 -0.3123 -0.9293
0.0599 -0.3161 -0.9372
0.0402 -0.3203 -0.9374
0.0276 -0.3324 -0.9438
0.0147 -0.3310 -0.9192
0.0147 -0.3310 -0.9192
0.0127 -0.3406 -0.9116
0.0113 -0.3428 -0.8926
0.0180 -0.3501 -0.8800
0.0342 -0.3550 -0.8813
0.0342 -0.3550 -0.8813
0.0395 -0.3478 -0.8981
0.0249 -0.3433 -0.9360
0.0139 -0.3253 -0.9670
0.0061 -0.3219 -0.9912
0.0126 -0.3097 -0.9897
0.0126 -0.3097 -0.9897
0.0310 -0.3228 -0.9632
0.0433 -0.3368 -0.9229
0.0517 -0.3566 -0.9136
0.0476 -0.3548 -0.8941
0.0427 -0.3524 -0.8840
0.0427 -0.3524 -0.8840
0.0586 -0.3472 -0.8812
0.0878 -0.3465 -0.8737
0.0995 -0.3420 -0.8908
0.0898 -0.3365 -0.9097
0.0768 -0.3223 -0.9469
0.0768 -0.3223 -0.9469
0.0723 -0.3193 -0.9707
0.0756 -0.3203 -0.9642
0.0933 -0.3290 -0.9547
0.1054 -0.3343 -0.9200
0.1054 -0.3343 -0.9200
0.1177 -0.3280 -0.9184
0.1096 -0.3294 -0.9248
0.0799 -0.3117 -0.9306
0.0627 -0.3009 -0.9402
0.0576 -0.2961 -0.9165
0.0576 -0.2961 -0.9165
0.0611 -0.2967 -0.8958
0.0697 -0.2896 -0.8812
0.0865 -0.2773 -0.8832
0.0968 -0.2686 -0.8939
0.0967 -0.2689 -0.8922
0.0967 -0.2689 -0.8922
0.1024 -0.2775 -0.9090
0.1074 -0.2872 -0.9146
0.1165 -0.2821 -0.9214
0.1197 -0.2883 -0.9540
0.1303 -0.2762 -0.9819
0.1303 -0.2762 -0.9819
0.1319 -0.2757 -0.9832
0.1338 -0.2830 -0.9692
0.1269 -0.2949 -0.9550
0.1216 -0.3146 -0.9501
0.1193 -0.3081 -0.9393
0.1193 -0.3081 -0.9393
0.1255 -0.3134 -0.9492
0.1177 -0.3125 -0.9532
0.1086 -0.3013 -0.9646
0.1146 -0.2913 -0.9908
0.1146 -0.2913 -0.9908
0.1082 -0.2692 -0.9994
0.1111 -0.2697 -0.9724
0.1253 -0.2862 -0.9072
0.1505 -0.3163 -0.8761
0.1600 -0.3298 -0.8531
0.1600 -0.3298 -0.8531
0.1730 -0.3366 -0.8602
0.1821 -0.3231 -0.8718
0.1887 -0.3260 -0.8943
0.1887 -0.3316 -0.9207
0.1804 -0.3324 -0.9476
0.1804 -0.3324 -0.9476
0.1768 -0.3372 -0.9770
0.1634 -0.3341 -0.9898
0.1594 -0.3390 -0.9825
0.1590 -0.3406 -0.9822
0.1631 -0.3324 -0.9717
0.1631 -0.3324 -0.9717
0.1726 -0.3227 -0.9656
0.1616 -0.2904 -0.9789
0.1383 -0.2642 -0.9992
0.1047 -0.2460 -1.0195
0.0650 -0.2378 -0.9998
0.0650 -0.2378 -0.9998
0.0388 -0.2452 -0.9567
0.0310 -0.2524 -0.9255
0.0165 -0.2515 -0.8819
0.0244 -0.2494 -0.8612
0.0244 -0.2494 -0.8612
0.0407 -0.2469 -0.8484
0.0384 -0.2524 -0.8596
0.0419 -0.2534 -0.8678
0.0351 -0.2425 -0.8736
0.0378 -0.2413 -0.9014
0.0378 -0.2413 -0.9014
0.0333 -0.2370 -0.9196
0.0226 -0.2382 -0.9356
0.0234 -0.2536 -0.9398
0.0310 -0.2693 -0.9558
0.0139 -0.2779 -0.9642
0.0139 -0.2779 -0.9642
-0.0061 -0.2792 -0.9765
-0.0193 -0.2850 -0.9782
-0.0215 -0.2953 -0.9730
-0.0242 -0.3089 -0.9709
-0.0407 -0.3244 -0.9676
-0.0407 -0.3244 -0.9676
-0.0662 -0.3392 -0.9551
-0.0796 -0.3470 -0.9335
-0.0765 -0.3529 -0.9155
-0.0702 -0.3592 -0.9083
-0.0702 -0.3592 -0.9083
-0.0458 -0.3689 -0.8960
-0.0548 -0.3673 -0.8885
-0.0533 -0.3721 -0.8918
-0.0496 -0.3727 -0.9142
-0.0772 -0.3718 -0.9445
-0.0772 -0.3718 -0.9445
-0.1039 -0.3624 -0.9933
-0.1178 -0.3510 -0.9924
-0.1257 -0.3172 -0.9134
-0.0976 -0.3559 -0.8593
-0.0734 -0.3702 -0.8033
-0.0734 -0.3702 -0.8033
-0.0432 -0.3526 -0.7491
-0.0199 -0.3450 -0.7703
-0.0137 -0.3190 -0.7710
0.0054 -0.3172 -0.8063
-0.0267 -0.3154 -0.8334
-0.0267 -0.3154 -0.8334
-0.0923 -0.3394 -0.8744
-0.1676 -0.3344 -0.9175
-0.2112 -0.3536 -0.9474
-0.2571 -0.3375 -0.9451
-0.2453 -0.3320 -0.9180
-0.2453 -0.3320 -0.9180
-0.1552 -0.3388 -0.9172
-0.1115 -0.3148 -0.8447
-0.0797 -0.3012 -0.8554
-0.0472 -0.3004 -0.8823
-0.0472 -0.3004 -0.8823
-0.0380 -0.3051 -0.9339
-0.0208 -0.3155 -1.0165
0.0158 -0.3022 -1.0530
0.0432 -0.3482 -1.0625
0.0084 -0.3487 -1.1433
0.0084 -0.3487 -1.1433
-0.0796 -0.3195 -1.3685
-0.1366 -0.2372 -1.5202
-0.1283 -0.1035 -1.4355
-0.0168 -0.0922 -1.3736
0.0969 -0.1609 -1.2673
0.0969 -0.1609 -1.2673
0.1352 -0.1709 -1.1489
0.1260 -0.1910 -1.0309
0.1253 -0.2135 -0.8983
0.1749 -0.2793 -0.7960
0.2378 -0.3369 -0.7236
0.2378 -0.3369 -0.7236
0.2789 -0.3881 -0.7070
0.2791 -0.3944 -0.7449
0.2725 -0.3787 -0.7700
0.2848 -0.3588 -0.7855
0.2954 -0.3549 -0.8164
0.2954 -0.3549 -0.8164
0.3257 -0.3521 -0.8297
0.3416 -0.3606 -0.8263
0.3250 -0.3798 -0.8033
0.3021 -0.4028 -0.7659
0.3021 -0.4028 -0.7659
0.2876 -0.4321 -0.7823
0.2484 -0.4426 -0.8069
0.2150 -0.4402 -0.8490
0.2064 -0.4473 -0.8597
0.2063 -0.4443 -0.8845
0.2063 -0.4443 -0.8845
0.1882 -0.4382 -0.9280
0.1531 -0.4142 -0.9275
0.1484 -0.3986 -0.9308
0.1316 -0.3897 -0.9451
0.1115 -0.3859 -0.9749
0.1115 -0.3859 -0.9749
0.1010 -0.3722 -0.9890
0.0908 -0.4047 -0.9848
0.0928 -0.4446 -0.9676
0.0290 -0.4675 -1.0519
-0.0425 -0.4951 -1.2466
-0.0425 -0.4951 -1.2466
-0.1138 -0.4008 -1.2764
-0.0836 -0.3210 -1.1560
0.0289 -0.3354 -1.0564
0.0839 -0.3870 -0.9450
0.0839 -0.3870 -0.9450
0.0529 -0.4103 -0.8405
-0.0224 -0.4443 -0.7800
-0.0409 -0.4460 -0.7334
0.0043 -0.4353 -0.7062
0.0508 -0.4242 -0.6924
0.0508 -0.4242 -0.6924
0.0974 -0.4168 -0.6858
0.1185 -0.4177 -0.6558
0.1374 -0.4413 -0.6443
0.1346 -0.4762 -0.6163
0.1542 -0.5058 -0.5935
0.1542 -0.5058 -0.5935
0.1708 -0.5268 -0.6140
0.1670 -0.5393 -0.6156
0.1748 -0.5489 -0.6506
0.1847 -0.5516 -0.6788
0.1957 -0.5556 -0.7148
0.1957 -0.5556 -0.7148
0.2104 -0.5621 -0.7413
0.2159 -0.5617 -0.7575
0.2236 -0.5635 -0.7787
0.2281 -0.5713 -0.7699
0.2536 -0.5904 -0.7529
0.2536 -0.5904 -0.7529
0.2915 -0.6070 -0.7501
0.3030 -0.6089 -0.7788
0.2921 -0.5965 -0.8519
0.3159 -0.6012 -0.9035
0.3159 -0.6012 -0.9035
0.3806 -0.5874 -0.8965
0.4033 -0.5728 -0.9410
0.4286 -0.6053 -1.0514
0.3770 -0.4570 -1.1962
0.2982 -0.3188 -1.2410
0.2982 -0.3188 -1.2410
0.2359 -0.1959 -1.1409
0.2522 -0.1578 -0.9459
0.3075 -0.2042 -0.8044
0.3164 -0.2612 -0.7904
0.2754 -0.2513 -0.8419
0.2754 -0.2513 -0.8419
0.0699 -0.1769 -1.0860
0.0229 -0.1595 -1.1222
-0.0172 -0.1580 -1.0950
-0.0628 -0.1687 -1.0217
-0.0628 -0.1687 -1.0217
-0.0787 -0.1974 -0.9934
-0.0849 -0.2470 -0.9365
-0.0890 -0.2628 -0.8979
-0.0728 -0.2794 -0.8784
-0.0698 -0.3002 -0.9012
-0.0698 -0.3002 -0.9012
-0.0916 -0.3059 -0.9556
-0.0944 -0.3030 -0.9916
-0.0655 -0.2683 -1.0249
-0.0408 -0.2885 -1.0685
-0.0408 -0.2885 -1.0685
-0.0345 -0.3235 -1.0219
0.0208 -0.4117 -0.9549
0.0037 -0.4331 -1.0182
-0.0811 -0.4000 -1.1971
-0.1630 -0.3204 -1.1566
-0.1630 -0.3204 -1.1566
-0.0997 -0.2928 -0.9371
0.0148 -0.3555 -0.8653
0.0461 -0.4012 -0.9017
-0.0165 -0.3526 -0.8874
-0.0531 -0.3884 -0.8739
-0.0531 -0.3884 -0.8739
-0.0663 -0.3859 -0.8689
-0.0253 -0.3926 -0.8405
0.0010 -0.3799 -0.9270
0.0067 -0.3357 -0.8891
0.0270 -0.3126 -0.8763
0.0270 -0.3126 -0.8763
0.0443 -0.3734 -0.8802
0.0075 -0.3738 -0.8596
-0.0083 -0.3703 -0.8789
-0.0088 -0.3503 -0.8938
-0.0354 -0.3359 -0.8970
-0.0354 -0.3359 -0.8970
-0.0441 -0.3562 -0.8915
-0.0231 -0.3987 -0.8781
-0.0372 -0.4749 -0.8318
-0.0420 -0.5043 -0.8695
-0.0420 -0.5043 -0.8695
-0.0448 -0.4336 -0.8747
-0.0127 -0.3614 -0.9915
0.0291 -0.3326 -1.0400
0.0532 -0.3349 -0.9975
0.0658 -0.3693 -0.9193
0.0658 -0.3693 -0.9193
0.0447 -0.4153 -0.8637
0.0287 -0.4292 -0.8316
0.0426 -0.4415 -0.8433
0.0482 -0.4258 -0.8635
0.0582 -0.4048 -0.8782
0.0582 -0.4048 -0.8782
0.0925 -0.3907 -0.9757
0.1253 -0.3620 -0.9029
0.1351 -0.3145 -0.9285
0.1233 -0.3352 -0.9697
0.1114 -0.3416 -0.9556
0.1114 -0.3416 -0.9556
0.0907 -0.3477 -0.9254
0.0743 -0.3471 -0.8988
0.0996 -0.3408 -0.8360
0.0983 -0.3496 -0.8560
0.0983 -0.3496 -0.8560
0.0932 -0.3710 -0.8677
0.1135 -0.3861 -0.8933
0.1427 -0.3896 -0.8555
0.1415 -0.3971 -0.8869
0.1643 -0.3983 -0.8497
0.1643 -0.3983 -0.8497
0.1305 -0.3655 -0.8968
0.0981 -0.3461 -0.9543
0.0833 -0.3269 -0.9883
0.0664 -0.3621 -0.9438
0.0358 -0.3728 -0.9010
0.0358 -0.3728 -0.9010
0.0327 -0.3860 -0.9014
0.0397 -0.3941 -0.9043
0.0328 -0.3883 -0.8980
0.0266 -0.3890 -0.9076
0.0381 -0.3646 -0.9149
0.0381 -0.3646 -0.9149
0.0486 -0.3509 -0.9467
0.0556 -0.3567 -0.9511
0.0556 -0.3465 -0.9147
0.0499 -0.3493 -0.8797
0.0418 -0.3654 -0.8790
0.0418 -0.3654 -0.8790
0.0452 -0.3516 -0.8886
0.0270 -0.3640 -0.9066
0.0301 -0.3786 -0.9146
0.0283 -0.3876 -0.8789
0.0283 -0.3876 -0.8789
0.0385 -0.3973 -0.8796
0.0368 -0.3819 -0.8826
0.0438 -0.3744 -0.9237
0.0458 -0.3642 -0.9477
0.0451 -0.3466 -0.9403
0.0451 -0.3466 -0.9403
0.0422 -0.3457 -0.9333
0.0412 -0.3490 -0.9285
0.0418 -0.3488 -0.9310
0.0412 -0.3345 -0.9042
0.0376 -0.3561 -0.9022
0.0376 -0.3561 -0.9022
0.0464 -0.3566 -0.9271
0.0460 -0.3465 -0.9375
0.0358 -0.3457 -0.9218
0.0309 -0.3364 -0.9220
0.0405 -0.3351 -0.9148
0.0405 -0.3351 -0.9148
0.0374 -0.3150 -0.9089
0.0350 -0.3529 -0.9335
0.0265 -0.3449 -0.9510
0.0405 -0.3291 -0.9439
0.0333 -0.3130 -0.9265
0.0333 -0.3130 -0.9265
0.0301 -0.3180 -0.9120
0.0245 -0.3233 -0.9230
0.0412 -0.3435 -0.9369
0.0440 -0.3397 -0.9444
0.0440 -0.3397 -0.9444
0.0339 -0.3280 -0.9319
0.0358 -0.3391 -0.9275
0.0378 -0.3308 -0.9483
0.0375 -0.3203 -0.9336
0.0375 -0.3219 -0.9433
0.0375 -0.3219 -0.9433
0.0302 -0.3210 -0.9452
0.0334 -0.3118 -0.9311
0.0368 -0.3244 -0.9207
0.0341 -0.3163 -0.9316
0.0393 -0.3118 -0.9359
0.0393 -0.3118 -0.9359
0.0310 -0.3246 -0.9237
0.0297 -0.3313 -0.9176
0.0319 -0.3230 -0.9182
0.0229 -0.3149 -0.9281
0.0345 -0.3275 -0.9284
0.0345 -0.3275 -0.9284
0.0401 -0.3229 -0.9319
0.0435 -0.3301 -0.9337
0.0423 -0.3325 -0.9505
0.0390 -0.3152 -0.9557
0.0390 -0.3152 -0.9557
0.0248 -0.3180 -0.9323
0.0249 -0.3265 -0.9218
0.0313 -0.3252 -0.9121
0.0355 -0.3219 -0.9261
0.0362 -0.3173 -0.9388
0.0362 -0.3173 -0.9388
0.0355 -0.3139 -0.9354
0.0369 -0.3235 -0.9406
0.0303 -0.3156 -0.9360
0.0267 -0.3205 -0.9196
0.0201 -0.3247 -0.9216
0.0201 -0.3247 -0.9216
0.0319 -0.3141 -0.9271
0.0396 -0.3160 -0.9311
0.0267 -0.3227 -0.9266
0.0236 -0.3270 -0.9394
0.0212 -0.3269 -0.9265
0.0212 -0.3269 -0.9265
0.0223 -0.3277 -0.9285
0.0315 -0.3295 -0.9426
0.0401 -0.3206 -0.9422
0.0339 -0.3230 -0.9422
0.0317 -0.3229 -0.9166
0.0317 -0.3229 -0.9166
0.0308 -0.3237 -0.9277
0.0296 -0.3209 -0.9317
0.0246 -0.3180 -0.9320
0.0284 -0.3238 -0.9325
0.0284 -0.3238 -0.9325
0.0260 -0.3189 -0.9231
0.0245 -0.3180 -0.8956
0.0161 -0.3211 -0.9179
0.0136 -0.3320 -0.9374
0.0248 -0.3251 -0.9344
0.0248 -0.3251 -0.9344
0.0421 -0.3242 -0.9464
0.0368 -0.3338 -0.9537
0.0278 -0.3398 -0.9445
0.0210 -0.3134 -0.9343
0.0205 -0.3221 -0.9270
0.0205 -0.3221 -0.9270
0.0177 -0.3234 -0.9114
0.0231 -0.3246 -0.9139
0.0256 -0.3347 -0.9275
0.0240 -0.3246 -0.9186
0.0216 -0.3149 -0.9393
0.0216 -0.3149 -0.9393
0.0345 -0.3100 -0.9401
0.0300 -0.3105 -0.9487
0.0276 -0.3100 -0.9179
0.0304 -0.3191 -0.9245
0.0304 -0.3191 -0.9245
0.0223 -0.3166 -0.9258
0.0282 -0.3229 -0.9357
0.0283 -0.3220 -0.9431
0.0301 -0.3180 -0.9214
0.0275 -0.3151 -0.9135
0.0275 -0.3151 -0.9135
0.0163 -0.3205 -0.9351
0.0262 -0.3279 -0.9531
0.0276 -0.3177 -0.9397
0.0283 -0.3168 -0.9378
0.0334 -0.3156 -0.9388
0.0334 -0.3156 -0.9388
0.0264 -0.3217 -0.9323
0.0260 -0.3257 -0.9246
0.0333 -0.3161 -0.9298
0.0348 -0.3125 -0.9414
0.0336 -0.3151 -0.9333
0.0336 -0.3151 -0.9333
0.0325 -0.3230 -0.9335
0.0381 -0.3160 -0.9367
0.0378 -0.3200 -0.9183
0.0347 -0.3261 -0.9270
0.0381 -0.3246 -0.9270
0.0381 -0.3246 -0.9270
0.0467 -0.3352 -0.9262
0.0446 -0.3376 -0.9435
0.0377 -0.3198 -0.9504
0.0303 -0.3163 -0.9469
0.0303 -0.3163 -0.9469
0.0277 -0.3160 -0.9356
0.0276 -0.3243 -0.9190
0.0355 -0.3325 -0.9237
0.0406 -0.3257 -0.9354
0.0370 -0.3308 -0.9316
0.0370 -0.3308 -0.9316
0.0364 -0.3196 -0.9257
0.0399 -0.3221 -0.9272
0.0312 -0.3276 -0.9190
0.0296 -0.3212 -0.9177
0.0352 -0.3309 -0.9282
0.0352 -0.3309 -0.9282
0.0356 -0.3299 -0.9334
0.0348 -0.3330 -0.9417
0.0295 -0.3325 -0.9233
0.0283 -0.3394 -0.9056
0.0323 -0.3405 -0.9175
0.0323 -0.3405 -0.9175
0.0310 -0.3329 -0.9151
0.0271 -0.3263 -0.9149
0.0220 -0.3206 -0.9517
0.0345 -0.3501 -0.9376
0.0290 -0.3263 -0.9380
0.0290 -0.3263 -0.9380
0.0317 -0.3292 -0.9398
0.0410 -0.3123 -0.9128
0.0299 -0.3300 -0.9127
0.0259 -0.3375 -0.9224
0.0259 -0.3375 -0.9224
0.0338 -0.3298 -0.9114
0.0369 -0.3296 -0.9081
0.0216 -0.3272 -0.9076
0.0163 -0.3332 -0.9262
0.0270 -0.3376 -0.9296
0.0270 -0.3376 -0.9296
0.0365 -0.3284 -0.9271
0.0413 -0.3356 -0.9317
0.0379 -0.3257 -0.9555
0.0269 -0.3210 -0.9423
0.0226 -0.3195 -0.9258
0.0226 -0.3195 -0.9258
0.0233 -0.3176 -0.9162
0.0186 -0.3229 -0.9297
0.0235 -0.3290 -0.9332
0.0250 -0.3235 -0.9388
0.0410 -0.3087 -0.9271
0.0410 -0.3087 -0.9271
0.0371 -0.3081 -0.9140
0.0302 -0.3156 -0.9300
0.0295 -0.3210 -0.9205
0.0348 -0.3233 -0.9252
0.0404 -0.3214 -0.9274
0.0404 -0.3214 -0.9274
0.0470 -0.3203 -0.9432
0.0376 -0.3210 -0.9318
0.0376 -0.3308 -0.9339
0.0339 -0.3274 -0.9412
0.0339 -0.3274 -0.9412
0.0394 -0.3271 -0.9353
0.0360 -0.3298 -0.9372
0.0505 -0.2952 -0.8047
0.0417 -0.3358 -0.9919
0.0316 -0.3731 -1.0351
0.0316 -0.3731 -1.0351
0.0307 -0.3172 -0.9187
0.0467 -0.3170 -0.9257

