0.0106 -0.0049 0.0189
-0.0337 0.0057 0.0191
-0.0456 0.0210 0.0170
-0.0170 0.0261 0.0073
0.0199 0.0262 0.0003
0.0222 0.0355 -0.0032
0.0010 0.0509 0.0026
-0.0158 0.0590 -0.0028
-0.0279 0.0511 -0.0069
-0.0387 0.0457 -0.0080
-0.0300 0.0385 -0.0082
-0.0259 0.0400 -0.0108
-0.0259 0.0396 -0.0124
-0.0308 0.0611 -0.0131
-0.0186 0.0596 -0.0171
0.0047 0.0665 -0.0276
-0.0033 0.0578 -0.0248
-0.0076 0.0479 -0.0195
-0.0010 0.0495 -0.0136
0.0000 0.0477 -0.0121
0.0094 0.0533 -0.0123
0.0166 0.0474 -0.0101
0.0234 0.0496 -0.0101
0.0403 0.0440 -0.0137
0.0431 0.0449 -0.0185
0.0425 0.0474 -0.0191
0.0421 0.0446 -0.0116
0.0321 0.0321 -0.0120
0.0210 0.0289 -0.0076
0.0108 0.0383 -0.0104
0.0097 0.0268 -0.0079
0.0132 0.0192 -0.0085
0.0135 0.0220 -0.0069
0.0106 0.0244 -0.0042
0.0071 0.0235 -0.0012
-0.0020 0.0084 0.0029
-0.0079 0.0135 0.0062
-0.0026 0.0133 0.0027
0.0149 0.0000 0.0024
0.0050 0.0051 0.0044
0.0017 0.0078 0.0026
0.0096 0.0278 0.0012
0.0185 0.0029 0.0098
0.0129 -0.0142 0.0192
-0.0030 -0.0413 0.0198
-0.0086 -0.0445 0.0098
0.0073 -0.0380 0.0043
0.0567 -0.0070 -0.0066
0.0717 0.0050 -0.0104
0.0759 0.0116 0.0071
0.0526 -0.0060 0.0210
0.0395 -0.0156 0.0266
0.0420 -0.0227 0.0304
0.0635 -0.0255 0.0250
0.0582 -0.0338 0.0206
0.0356 -0.0372 0.0143
0.0376 -0.0254 0.0030
0.0387 -0.0196 -0.0030
0.0312 -0.0001 -0.0031
0.0363 0.0100 0.0089
0.0377 0.0056 0.0142
0.0376 -0.0057 0.0201
0.0294 -0.0203 0.0173
0.0299 -0.0130 0.0111
0.0327 -0.0040 0.0135
0.0352 0.0181 0.0122
0.0303 0.0216 0.0108
-0.0009 0.0209 0.0122
-0.0153 0.0166 0.0040
-0.0088 -0.0087 -0.0028
0.0809 0.0040 -0.0177
0.1079 0.0563 -0.0068
0.0847 0.0640 0.0067
-0.0186 0.0822 0.0207
-0.0823 0.0578 0.0431
-0.0778 0.0301 0.0508
-0.0260 -0.0050 0.0468
-0.0106 -0.0003 0.0371
-0.0328 0.0245 0.0221
-0.0291 0.0604 0.0141
-0.0131 0.0487 0.0064
0.0131 0.0164 0.0086
0.0157 -0.0042 0.0070
0.0097 -0.0016 0.0089
0.0004 0.0037 0.0125
0.0103 0.0111 0.0100
0.0189 0.0114 0.0079
0.0182 0.0030 0.0004
0.0179 0.0104 0.0019
0.0176 0.0055 -0.0047
0.0083 -0.0016 -0.0066
0.0062 -0.0099 -0.0036
0.0107 -0.0029 -0.0031
0.0221 -0.0036 0.0000
0.0142 -0.0138 -0.0041
0.0036 -0.0120 0.0013
0.0074 -0.0180 0.0035
0.0163 0.0009 -0.0003
0.0250 0.0077 0.0004
0.0263 0.0151 -0.0016
0.0171 0.0226 -0.0010
0.0171 0.0315 -0.0017
0.0165 0.0278 0.0105
0.0442 0.0476 0.0176
0.0937 0.1413 -0.0048
0.0542 -0.0120 -0.0207
-0.0220 -0.0323 0.0167
-0.1290 -0.0177 0.0447
-0.0833 0.0377 0.0296
0.0231 0.1054 -0.0025
0.1779 0.1065 -0.0369
0.1103 0.0734 0.0021
0.0314 0.0572 0.0256
-0.0724 0.0300 0.0641
-0.0295 0.0105 0.1087
0.0016 0.0336 0.1068
-0.0170 0.0628 0.1058
-0.0300 0.0801 0.1086
-0.0453 0.0975 0.1139
-0.0659 0.0975 0.1214
-0.0705 0.0995 0.1312
-0.0738 0.1068 0.1458
-0.0789 0.1319 0.1657
-0.0777 0.1491 0.1830
-0.0868 0.1652 0.2213
-0.0938 0.1814 0.2628
-0.1057 0.1890 0.2813
-0.1503 0.1918 0.3259
-0.1997 0.2241 0.3846
-0.2059 0.2518 0.4143
-0.1925 0.3327 0.4867
-0.1913 0.3584 0.5280
-0.2226 0.4291 0.6252
-0.2620 0.5034 0.7375
-0.2905 0.5513 0.7902
-0.3687 0.6511 0.8938
-0.4571 0.7442 1.0003
-0.4978 0.7834 1.0509
-0.5521 0.8897 1.1470
-0.5730 0.9343 1.2336
-0.5739 0.9585 1.2775
-0.5275 0.9687 1.3917
-0.4708 0.8978 1.4350
-0.4403 0.8507 1.4427
-0.4138 0.7478 1.4694
-0.4278 0.6297 1.4848
-0.4481 0.5373 1.4687
-0.5290 0.2385 1.3895
-0.5293 -0.1592 1.2773
-0.4512 -0.3300 1.2032
-0.2142 -0.5353 1.0008
-0.0275 -0.6363 0.7622
0.0219 -0.6764 0.6484
0.1077 -0.6912 0.4483
0.2198 -0.5920 0.2595
0.2587 -0.4940 0.1862
0.2746 -0.3206 0.1099
0.2612 -0.1705 0.1060
0.2434 -0.1151 0.1207
0.1750 -0.0051 0.1631
0.1349 0.0406 0.1846
0.0695 0.1190 0.2092
0.0202 0.2549 0.1849
0.0248 0.3204 0.1763
0.1406 0.3925 0.1958
0.3890 0.3934 0.2585
0.5621 0.3936 0.3324
0.8153 0.4541 0.4853
0.8095 0.6124 0.7071
0.6408 0.7770 0.8627
0.3477 1.0080 0.9770
0.2237 1.0745 0.9932
-0.0363 1.0370 1.0608
-0.2134 0.8954 1.0562
-0.2510 0.7859 1.0344
-0.2516 0.4989 0.9727
-0.1627 0.3149 0.9674
-0.0766 0.3430 1.0156
0.1341 0.5666 0.9366
0.1960 0.7901 1.0071
0.2059 0.9879 1.0202
0.1615 1.3268 1.0587
0.0382 1.4517 1.1639
-0.0358 1.4152 1.2025
-0.1717 1.2168 1.3319
-0.2680 1.0552 1.3668
-0.5441 0.6830 1.3821
-0.8483 0.4221 1.4114
-0.9536 0.3157 1.4423
-0.9987 0.1598 1.5407
-0.8593 0.2521 1.6156
-0.7200 0.3524 1.6357
-0.3984 0.4457 1.6842
-0.2024 0.4153 1.6390
-0.1920 0.3795 1.5884
-0.3168 0.3351 1.4661
-0.4520 0.3596 1.3682
-0.4638 0.3731 1.3282
-0.3836 0.3687 1.2724
-0.2234 0.3161 1.2476
-0.1509 0.2745 1.2303
-0.0892 0.2107 1.1677
-0.1072 0.2201 1.0662
-0.1130 0.2313 0.9971
-0.0947 0.2886 0.8590
-0.0374 0.3617 0.7168
-0.0011 0.3830 0.6424
0.0304 0.4395 0.5119
0.0272 0.4709 0.3924
0.0313 0.4824 0.3429
0.0640 0.5424 0.2709
0.1338 0.6190 0.2286
0.1807 0.6395 0.2155
0.2743 0.6323 0.2013
0.3058 0.6196 0.1932
0.3158 0.6200 0.1823
0.2833 0.6679 0.1551
0.2659 0.6958 0.1383
0.2557 0.7264 0.0912
0.2603 0.7646 0.0311
0.2356 0.7926 0.0232
0.1195 0.8251 0.0318
-0.0431 0.5090 0.1260
-0.0665 0.2140 0.1941
0.0980 -0.4363 0.3651
0.4264 -0.9005 0.4980
0.5687 -1.0028 0.5489
0.7279 -0.8908 0.6385
0.5829 -0.6464 0.6822
0.4029 -0.5481 0.6996
0.0097 -0.2211 0.6944
0.0695 0.1321 0.5937
0.1712 0.3379 0.5659
0.4466 0.1462 0.3367
0.5841 -0.1968 0.1754
0.6077 -0.1339 0.0970
0.6068 0.4319 0.0337
0.4985 0.9233 0.1483
0.4118 1.0347 0.2285
0.2349 1.0026 0.3698
0.0525 0.8177 0.5258
-0.0111 0.6675 0.6021
-0.2404 0.2678 0.7363
-0.3360 0.0759 0.7795
-0.3056 -0.2966 0.8005
-0.1940 -0.6956 0.6798
-0.0988 -0.8321 0.6211
0.0558 -1.0271 0.4876
0.0753 -1.2012 0.2826
0.0358 -1.2889 0.1645
-0.0809 -1.1044 -0.1109
-0.1354 -0.7120 -0.3965
-0.1684 -0.6425 -0.5039
-0.2401 -0.7720 -0.6042
-0.3281 -0.8465 -0.6813
-0.3725 -0.8151 -0.7388
-0.3978 -0.8120 -0.8441
-0.2496 -0.8911 -0.9303
-0.1423 -0.9304 -0.9839
0.0554 -1.1286 -1.0858
0.2283 -1.4036 -1.0727
0.2614 -1.6129 -1.0556
0.2554 -2.1998 -1.1281
0.3950 -2.6423 -1.3422
0.5788 -2.6049 -1.4512
1.0594 -1.9268 -1.6299
1.3419 -1.0580 -1.7242
1.3136 -0.8466 -1.7305
0.8998 -0.9263 -1.6829
0.5627 -1.1328 -1.6653
-0.1910 -1.5873 -1.7286
-0.8336 -1.6993 -1.9718
-1.0485 -1.5706 -2.1538
-1.2996 -0.9951 -2.5413
-1.4432 -0.3994 -2.8407
-1.5172 -0.2249 -2.9251
-1.6548 -0.0526 -2.9572
-1.6895 -0.0790 -2.8889
-1.6578 -0.0954 -2.8178
-1.4830 -0.1847 -2.5345
-1.1622 -0.2403 -1.9796
-0.9797 -0.2340 -1.6175
-0.6776 -0.1368 -0.8517
-0.5100 0.0410 -0.1775
-0.4254 0.0708 0.1258
-0.1792 0.2060 0.6295
0.1764 0.2620 1.0450
0.3719 0.2746 1.2507
0.7119 0.2859 1.6200
0.8788 0.2802 1.9157
0.8717 0.2973 2.0244
0.6264 0.3554 2.1224
0.2091 0.5478 2.0946
-0.0179 0.6830 2.0369
-0.4476 0.8066 1.8274
-0.8068 0.3034 1.3966
-0.8657 -0.1259 1.1220
-0.4184 -0.5351 0.6182
0.0532 -0.2275 0.4333
0.9373 0.9222 0.3418
1.0469 1.8094 0.7874
0.7776 1.9236 1.1692
-0.1744 1.2877 1.9237
-1.0682 0.0506 2.3336
-1.2272 -0.3803 2.3662
-0.8102 -0.4598 2.1283
0.2065 0.0960 1.7443
0.6986 0.4656 1.6133
1.2280 0.9560 1.5642
1.1926 0.9630 1.7635
1.0821 0.8501 1.9017
0.9003 0.6218 2.1532
0.8583 0.5649 2.2918
0.8300 0.6248 2.2897
0.6587 0.8069 2.1052
0.3388 0.8379 1.6947
0.1640 0.7617 1.4180
-0.1219 0.4795 0.7919
-0.2348 0.0788 0.1668
-0.2461 -0.0995 -0.1021
-0.2927 -0.3112 -0.5184
-0.4385 -0.3219 -0.7605
-0.5400 -0.3002 -0.8218
-0.7664 -0.2678 -0.8828
-0.8774 -0.2781 -0.8992
-1.0215 -0.4068 -0.9427
-1.0067 -0.5227 -0.9729
-0.9254 -0.5607 -0.9849
-0.5718 -0.6808 -0.9833
-0.1082 -0.6163 -0.8953
0.0349 -0.5455 -0.8315
0.0395 -0.6833 -0.8271
0.0600 -1.0511 -1.0207
0.2122 -1.0527 -1.1581
0.7129 -0.5764 -1.3702
1.1068 0.0094 -1.3708
1.1584 0.1003 -1.2802
0.6625 -0.5393 -0.9115
0.3724 -0.8275 -0.8623
-0.4212 -1.1027 -1.1178
-0.6654 -1.0196 -1.5613
-0.6919 -0.9962 -1.8081
-0.6522 -1.0164 -2.2265
-0.6474 -0.9893 -2.4835
-0.6769 -0.8913 -2.5592
-0.7494 -0.6587 -2.6067
-0.8063 -0.4350 -2.5210
-0.8264 -0.3414 -2.4498
-0.8247 -0.2245 -2.2615
-0.7341 -0.0758 -2.0197
-0.6481 -0.0146 -1.8646
-0.4850 0.0149 -1.4754
-0.4362 -0.0273 -1.2686
-0.3496 -0.1247 -0.8939
-0.1669 -0.1716 -0.5356
-0.0312 -0.2091 -0.3279
0.3081 -0.1452 0.1348
0.5356 0.0267 0.5845
0.5441 0.1118 0.7912
0.3630 0.2850 1.1130
0.0860 0.3926 1.2850
-0.0372 0.3051 1.3079
-0.1368 0.0252 1.2124
0.0459 -0.1709 0.9560
0.2351 -0.1566 0.8368
0.7619 0.2907 0.7734
1.2169 1.1115 1.0817
1.2618 1.4393 1.3534
0.8964 1.7969 1.9570
0.0645 1.3462 2.3821
-0.3885 0.8959 2.4909
-0.9615 0.1528 2.4837
-0.7873 -0.0057 2.2059
-0.4524 0.1361 2.0235
0.3484 0.6266 1.7253
0.8387 1.0572 1.6652
0.9047 1.1453 1.7434
0.8529 1.1570 2.0632
0.8196 1.0873 2.2494
0.8007 0.8488 2.5695
0.7706 0.7246 2.7172
0.7250 0.7561 2.6978
0.5352 0.8023 2.4586
0.2906 0.6077 2.0185
0.1927 0.4623 1.7578
0.0839 0.1463 1.2149
0.0929 -0.1448 0.6865
0.1373 -0.2011 0.4554
0.2075 -0.1511 0.0821
0.1304 0.0041 -0.1227
0.0452 0.0775 -0.1657
-0.1337 0.1596 -0.1684
-0.2246 0.2096 -0.1851
-0.2538 0.2268 -0.2281
-0.3663 0.0989 -0.3799
-0.5337 -0.1432 -0.5566
-0.5447 -0.1811 -0.6024
-0.3803 -0.0644 -0.5344
-0.2732 -0.0100 -0.3160
-0.3352 -0.1388 -0.2393
-0.4908 -0.6322 -0.2783
-0.1788 -0.6590 -0.4580
0.1702 -0.4259 -0.5248
0.8644 0.2337 -0.4860
1.1086 0.7380 -0.1851
1.0018 0.7920 0.0051
0.4372 0.4897 0.3261
0.0612 0.2533 0.4310
-0.6970 -0.1806 0.4843
-1.1473 -0.4170 0.2289
-1.1807 -0.4153 -0.0138
-0.9059 -0.2020 -0.5859
-0.4129 0.4081 -0.9958
-0.2330 0.7248 -1.0725
-0.1853 1.2175 -0.9378
-0.4344 1.4219 -0.5788
-0.5525 1.4149 -0.3743
-0.6329 1.3009 0.0757
-0.5367 1.1164 0.5058
-0.4691 0.9837 0.7132
-0.3529 0.6574 1.1033
-0.3086 0.3082 1.4338
-0.2861 0.1676 1.5585
-0.1646 0.0576 1.7557
-0.0005 0.1619 1.8687
0.0754 0.2363 1.9198
0.1961 0.3247 1.9714
0.2421 0.1238 1.9072
0.2587 -0.0318 1.8352
0.3504 -0.2651 1.6619
0.5171 -0.4159 1.5041
0.6338 -0.4815 1.4213
0.8759 -0.5388 1.2527
1.0046 -0.4934 1.1954
1.2415 -0.3075 1.2193
1.3766 0.0697 1.4446
1.3806 0.3367 1.6332
1.1892 0.8756 2.0904
0.6431 1.1291 2.4906
0.2222 0.7595 2.5865
-0.5509 -1.0984 2.6130
-0.4082 -2.0814 2.5239
0.0009 -1.9524 2.3544
1.0222 -0.6590 1.8780
1.7373 0.9530 1.5776
1.8433 1.5556 1.5609
1.6187 2.0645 1.7280
1.0504 1.9132 2.0482
0.7080 1.7626 2.2072
0.0961 1.3930 2.4504
-0.2013 0.9529 2.5637
-0.1962 0.7383 2.5666
0.0817 0.4753 2.4165
0.5210 0.4022 2.0155
0.6984 0.3837 1.7529
0.8331 0.4152 1.2684
0.7553 0.3635 0.9218
0.6939 0.3582 0.8127
0.6237 0.6541 0.6666
0.6117 1.2927 0.5797
0.5818 1.5801 0.5558
0.3966 1.9497 0.5782
0.2513 2.0470 0.6184
-0.0747 2.1056 0.7274
-0.3498 2.0807 0.8782
-0.4686 2.0819 0.9623
-0.6610 2.1624 1.1219
-0.8125 2.2253 1.2719
-0.8820 2.2286 1.3490
-0.9858 2.0866 1.5277
-1.0021 1.7934 1.7607
-0.9624 1.6275 1.8916
-0.7605 1.3753 2.1983
-0.4677 1.1956 2.5319
-0.3248 1.1540 2.6973
-0.0739 1.1141 3.0052
0.1186 1.0556 3.2195
0.1913 1.0659 3.2692
0.3008 1.1356 3.2505
0.3719 1.2364 3.1002
0.3866 1.2418 2.9805
0.3925 1.1073 2.6903
0.4369 0.9592 2.3579
0.4754 0.9623 2.1877
0.5294 1.0963 1.8489
0.4785 1.2629 1.5995
0.4068 1.2793 1.5324
0.1878 1.0690 1.4871
-0.0962 0.5113 1.4168
-0.1999 0.1771 1.3273
-0.1856 -0.3245 1.0769
-0.0268 -0.4468 0.9675
0.4926 -0.0581 0.8985
0.8216 0.7681 1.0229
0.7933 1.0210 1.1328
0.4375 1.0308 1.4086
0.0408 0.7552 1.6228
-0.0625 0.6627 1.6745
-0.0543 0.6510 1.6709
0.1045 0.8163 1.5855
0.1635 0.9248 1.5386
0.1178 1.1370 1.4183
-0.1812 1.2782 1.2600
-0.3746 1.3082 1.1664
-0.7211 1.2373 0.9813
-0.8289 0.9895 0.8297
-0.7859 0.8425 0.7729
-0.5929 0.5219 0.6891
-0.3771 0.2413 0.6233
-0.2982 0.1261 0.5702
-0.2114 -0.0151 0.4379
-0.1967 0.0235 0.2840
-0.1874 0.0950 0.2084
-0.1308 0.3502 0.0823
-0.0497 0.5793 -0.0134
-0.0227 0.6219 -0.0443
0.0181 0.5509 -0.0577
0.0602 0.3579 -0.0109
0.1034 0.2482 0.0216
0.2369 0.0049 0.0948
0.3197 -0.1430 0.1384
0.4564 -0.4845 0.2069
0.5408 -0.8128 0.2189
0.5696 -0.9434 0.1966
0.6092 -1.2257 0.1033
0.6387 -1.5849 0.0320
0.6783 -1.7856 0.0288
0.8015 -2.0447 0.1045
0.8184 -1.9288 0.1823
0.7407 -1.8447 0.1897
0.5115 -1.7827 0.1885
0.4336 -1.5616 0.1739
0.5084 -1.3434 0.1465
0.7720 -0.6064 0.0403
0.9205 0.3498 -0.1359
0.9063 0.8485 -0.2111
0.7031 1.7101 -0.2970
0.3175 2.2983 -0.2233
0.0775 2.4421 -0.1382
-0.3968 2.4132 0.0898
-0.7502 1.9226 0.3093
-0.8630 1.5601 0.3921
-0.8718 0.7868 0.4519
-0.4313 -0.2285 0.4176
-0.0643 -0.6396 0.4121
0.7944 -0.9719 0.4972
1.1502 -0.7702 0.5755
1.4486 0.0630 0.7758
1.2122 0.8425 1.0072
0.9842 1.0646 1.0885
0.5642 1.1976 1.1213
0.4492 1.0799 1.0358
0.5211 0.9493 0.9714
0.7767 0.5126 0.8236
0.9380 0.1000 0.5903
0.9293 -0.0041 0.4446
0.7908 -0.0205 0.1386
0.5679 0.0580 -0.1159
0.4526 0.1075 -0.2076
0.2755 0.0948 -0.3237
0.1942 -0.0933 -0.3429
0.1731 -0.1991 -0.3215
0.0752 -0.2975 -0.2848
-0.1509 -0.3157 -0.3404
-0.2836 -0.2836 -0.3967
-0.5193 -0.2041 -0.5086
-0.7029 -0.2629 -0.5998
-0.7577 -0.4494 -0.6326
-0.6840 -0.8967 -0.5708
-0.4499 -0.9443 -0.3896
-0.3966 -0.8365 -0.3362
-0.5334 -0.8903 -0.4433
-0.5817 -1.2221 -0.7141
-0.4222 -1.2370 -0.8384
0.1579 -0.8398 -1.0039
0.4402 -0.5523 -1.0247
0.6770 -0.1084 -0.9330
0.4009 -0.1355 -0.7802
0.1375 -0.2790 -0.7321
-0.4532 -0.6011 -0.7587
-0.8800 -0.6628 -0.9058
-0.9635 -0.5221 -0.9945
-0.9218 -0.0427 -1.1828
-0.8540 0.4802 -1.2781
-0.8889 0.6502 -1.2632
-1.0863 0.8069 -1.1195
-1.3206 0.7341 -0.9123
-1.3883 0.6017 -0.8159
-1.2283 0.0704 -0.5687
-1.0880 -0.0066 -0.5159
-0.6142 -0.1370 -0.4363
-0.2541 -0.2575 -0.4050
-0.0791 -0.3347 -0.3865
0.2446 -0.5153 -0.3054
0.5214 -0.5485 -0.1528
0.6339 -0.4821 -0.0711
0.7514 -0.2215 0.0661
0.6726 0.1335 0.1633
0.5495 0.2599 0.1808
0.2523 0.2527 0.1516
0.1439 0.1848 0.1131
0.0759 0.0772 0.0372
0.0864 -0.0856 0.0240
0.0643 -0.2283 0.0378
-0.0066 -0.6487 0.1052
0.0461 -0.9021 0.1749
0.1613 -0.7722 0.1948
0.5833 0.1028 0.1374
0.8664 1.2034 0.3597
0.9098 1.6585 0.6624
0.8212 2.0995 1.4221
0.1999 1.7155 1.9185
-0.2047 1.3246 2.0334
-0.8095 0.5842 2.0573
-0.8193 0.1199 1.8204
-0.6385 0.0229 1.6664
-0.1374 -0.1879 1.4083
0.3813 -0.1277 1.2551
0.5942 0.0425 1.1877
0.8433 0.5673 1.1030
0.8821 1.0279 1.1530
0.8495 1.1701 1.1918
0.7336 1.2285 1.1646
0.6320 1.0317 0.9213
0.5957 0.9061 0.7477
0.5405 0.6717 0.3791
0.4679 0.4110 0.0815
0.4118 0.2905 -0.0179
0.2556 0.0708 -0.1547
0.1593 -0.0063 -0.1994
-0.0488 -0.0970 -0.2736
-0.2110 -0.1673 -0.3282
-0.2830 -0.2240 -0.3352
-0.4773 -0.3852 -0.3520
-0.7272 -0.5411 -0.4103
-0.8415 -0.6182 -0.4554
-1.0240 -0.7976 -0.5738
-1.0872 -0.9133 -0.7211
-1.0088 -0.8409 -0.7859
-0.6648 -0.5077 -0.8337
-0.4492 -0.4550 -0.8188
-0.4208 -0.5668 -0.8300
-0.2502 -0.6761 -0.9537
0.2272 -0.3809 -1.0797
0.4933 -0.1921 -1.0644
0.8498 -0.0351 -0.8606
0.7900 -0.3686 -0.6299
0.6141 -0.6619 -0.5964
0.1266 -1.2015 -0.7799
-0.2442 -1.2703 -1.2688
-0.3188 -1.0999 -1.5759
-0.3247 -0.5899 -2.1246
-0.3172 -0.2215 -2.3757
-0.3281 -0.1232 -2.3603
-0.3787 -0.0897 -2.1228
-0.4188 -0.1195 -1.9377
-0.4898 -0.1466 -1.5348
-0.5436 0.0458 -1.1296
-0.5970 0.2669 -0.7095
-0.6455 0.3011 -0.4847
-0.7292 0.2665 -0.0243
-0.7490 0.2273 0.1998
-0.7368 0.1542 0.5865
-0.6160 0.0868 0.8721
-0.5128 0.0308 0.9872
-0.2666 -0.0120 1.1512
0.0057 -0.0220 1.2207
0.1338 -0.0069 1.2310
0.2724 0.0696 1.1863
0.2230 0.0804 0.9633
0.1520 0.1459 0.7841
-0.1313 -0.0627 0.0328
-0.2025 -0.3319 -0.2478
0.0299 -0.6246 -1.0356
0.4869 -0.0152 -1.2686
0.6980 0.4577 -1.2224
0.9609 1.4282 -0.8119
0.9807 2.1547 -0.0712
0.8750 2.2919 0.3661
0.4472 1.9777 1.2261
-0.0786 0.8863 1.9060
-0.3112 0.1934 2.1120
-0.6445 -1.0530 2.1864
-0.6270 -1.7477 1.9310
-0.4019 -1.7187 1.7377
0.4152 -0.8883 1.3309
0.8212 -0.2951 1.1707
1.1530 0.6071 1.0782
0.8717 0.8269 1.3112
0.6725 0.8147 1.4727
0.4309 0.7320 1.6782
0.4384 0.5875 1.6421
0.4913 0.4964 1.5407
0.5858 0.2340 1.1899
0.5637 0.0336 0.7110
0.5055 -0.0301 0.4697
0.3467 -0.0780 0.0777
0.1453 0.0766 -0.1750
0.0312 0.2036 -0.2500
-0.2245 0.4669 -0.2750
-0.4539 0.5940 -0.1745
-0.5600 0.5569 -0.1133
-0.7622 0.3990 -0.0291
-0.9890 0.1442 -0.0150
-1.1318 0.0100 -0.0373
-1.3511 -0.2568 -0.1460
-1.2152 -0.3186 -0.1993
-1.0746 -0.3015 -0.2054
-0.8885 -0.4307 -0.2825
-0.6056 -0.3354 -0.3658
-0.3354 -0.1602 -0.3488
0.3445 0.2292 -0.0980
0.6415 0.3011 0.1225
0.9301 0.0198 0.5819
0.8070 -0.7733 0.7633
0.6649 -1.2269 0.6982
0.4096 -1.7703 0.2956
0.2426 -1.6796 -0.3518
0.1943 -1.3922 -0.6919
0.1374 -0.5455 -1.2165
-0.0238 0.1778 -1.3740
-0.1609 0.4241 -1.3125
-0.4163 0.6659 -0.9764
-0.5622 0.6860 -0.5090
-0.5972 0.6601 -0.2851
-0.6093 0.5924 0.0998
-0.5824 0.5621 0.3908
-0.5895 0.5508 0.5109
-0.6169 0.5150 0.7407
-0.5568 0.4905 1.0314
-0.4863 0.4923 1.1974
-0.3456 0.5601 1.5362
-0.2573 0.6236 1.8118
-0.2185 0.6427 1.9148
-0.0965 0.6536 2.0746
0.0721 0.5439 2.1797
0.1314 0.5041 2.2014
0.1625 0.5765 2.2132
0.1350 0.6963 2.2175
-0.0332 1.0065 2.2867
-0.3897 0.7481 2.3325
-0.6492 0.2485 2.1982
-0.5985 0.2631 2.1059
-0.1534 0.8555 1.9918
0.1077 1.2998 2.0356
0.4304 1.9550 2.4084
0.4024 2.2506 3.0048
0.2972 2.2518 3.2723
-0.0205 1.9687 3.6391
-0.3409 1.4266 3.8223
-0.4329 1.1100 3.8367
-0.4686 0.4787 3.6323
-0.3762 -0.0427 3.2153
-0.3340 -0.3115 2.9802
-0.1354 -0.1263 2.1863
0.0088 0.3115 2.1018
0.1519 1.1004 2.1340
0.1503 1.5086 2.3642
0.1462 1.5678 2.4401
0.1910 1.4661 2.3911
0.3889 1.1694 2.1545
0.5156 1.0083 1.9729
0.7916 0.7246 1.5463
1.0442 0.5686 1.1267
1.0807 0.4630 0.9454
0.9727 0.2091 0.6666
0.8791 0.1432 0.5677
0.6907 0.2695 0.4147
0.5325 0.5100 0.3070
0.4558 0.5624 0.2484
0.2931 0.5154 0.1021
0.1645 0.3290 -0.0763
0.1180 0.1823 -0.1882
0.0727 -0.1043 -0.4178
0.4066 0.4567 -0.5995
0.4557 0.3319 -0.5524
0.2821 0.1541 -0.2932
-0.0709 -0.0016 -0.0560
-0.1199 -0.0574 0.0605
0.0294 -0.1409 0.2504
0.3583 -0.2346 0.2776
0.5113 -0.2936 0.2160
0.5849 -0.3225 0.0589
0.2168 -0.4638 0.0713
-0.0709 -0.5164 0.1401
-0.5323 -0.3969 0.2604
-0.4727 0.0806 0.3563
-0.3117 0.2334 0.4203
-0.0686 0.2359 0.5178
-0.0252 0.0994 0.5813
-0.0283 0.0427 0.6000
-0.0204 0.0153 0.6197
0.0138 0.0261 0.6149
0.0620 0.0034 0.6067
0.0762 -0.0376 0.6312
0.0776 -0.0826 0.6545
0.0715 -0.1232 0.6899
0.0872 0.0404 0.7179
0.1128 0.1493 0.7149
0.1054 0.3143 0.7205
0.0269 0.3787 0.7533
-0.0104 0.3410 0.7552
-0.0285 0.2471 0.7478
-0.0177 0.1837 0.7448
0.0023 0.1715 0.7500
0.0742 0.2269 0.7339
0.1744 0.3855 0.7157
0.2000 0.4512 0.6901
0.1748 0.5293 0.6419
0.1304 0.5710 0.5910
0.1056 0.5789 0.5655
0.0012 0.5016 0.4952
-0.1101 0.4153 0.4206
-0.1582 0.3998 0.3707
-0.1924 0.3466 0.2944
-0.2100 0.2746 0.2382
-0.2033 0.2604 0.2167
-0.1624 0.2630 0.1906
-0.1182 0.2814 0.2099
-0.1044 0.2709 0.2187
-0.0738 0.2848 0.2344
-0.0581 0.3036 0.2369
-0.0323 0.3212 0.2673
-0.0133 0.3111 0.2850
-0.0036 0.2939 0.2803
-0.0138 0.2665 0.2460
-0.0444 0.2545 0.1936
-0.0723 0.2235 0.1626
-0.0815 0.1862 0.1139
-0.0347 0.1534 0.0569
-0.0183 0.1366 0.0215
-0.0317 0.1066 -0.0296
-0.0452 0.0842 -0.0706
-0.0212 0.0973 -0.0947
0.0618 0.1414 -0.1307
0.0944 0.1766 -0.1557
0.0839 0.1799 -0.1452
0.0058 0.1031 -0.1881
-0.0099 0.0855 -0.1970
0.0437 0.1215 -0.2121
0.1503 0.1501 -0.2318
0.1689 0.1561 -0.2384
0.1154 0.1265 -0.2409
0.0263 0.0738 -0.2348
-0.0254 0.0571 -0.2350
-0.1142 0.0325 -0.2203
-0.1170 0.0376 -0.1935
-0.0971 0.0450 -0.1836
-0.0412 0.0679 -0.1541
-0.0046 0.0574 -0.1322
0.0354 0.0102 -0.0929
0.0258 -0.0324 -0.0442
0.0153 -0.0318 -0.0191
0.0242 -0.0057 0.0479
0.0366 -0.0007 0.0880
0.0325 0.0041 0.1046
-0.0036 -0.0057 0.1166
-0.0327 -0.0074 0.1206
-0.0345 -0.0037 0.1144
-0.0302 0.0093 0.0872
-0.0240 0.0130 0.0651
-0.0208 0.0068 0.0500
0.0014 0.0204 0.0257
0.0116 0.0216 0.0166
0.0002 0.0263 0.0245
-0.0085 0.0177 0.0616
0.0155 0.0252 0.0753
0.0298 0.0270 0.0836
0.0361 0.0311 0.0996
0.0151 0.0211 0.0938
0.0070 0.0102 0.0911
0.0093 0.0074 0.0986
-0.0135 -0.0066 0.0990
-0.0389 -0.0239 0.0947
-0.0682 -0.0415 0.0777
-0.0671 -0.0475 0.0671
-0.0225 -0.0301 0.0444
0.0300 -0.0053 0.0303
0.0391 0.0006 0.0291
0.0124 0.0071 0.0371
-0.0245 -0.0188 0.0358
-0.0251 -0.0286 0.0412
-0.0009 -0.0308 0.0372
0.0186 -0.0253 0.0350
0.0207 -0.0231 0.0287
0.0248 -0.0024 0.0221
0.0149 -0.0093 0.0154
0.0143 -0.0058 0.0133
0.0255 -0.0073 0.0173
0.0492 0.0067 0.0234
0.0587 0.0026 0.0189
0.0391 -0.0010 0.0129
0.0091 -0.0071 0.0005
0.0073 -0.0086 -0.0069
0.0299 0.0123 -0.0164
0.0559 0.0215 -0.0200
0.0657 0.0246 -0.0224
0.0633 0.0329 -0.0228
0.0348 0.0278 -0.0202
0.0256 0.0095 -0.0211
0.0396 -0.0118 -0.0150
0.0809 -0.0106 -0.0118
0.0962 -0.0121 -0.0113
0.0877 -0.0087 -0.0149
0.0627 -0.0164 -0.0128
0.0307 -0.0187 -0.0037
0.0436 -0.0158 -0.0114
0.0505 -0.0242 -0.0099
0.0630 -0.0422 -0.0093
0.0543 -0.0446 -0.0139
0.0489 -0.0428 -0.0133
0.0335 -0.0243 -0.0173
0.0223 -0.0185 -0.0135
0.0205 -0.0104 -0.0101
0.0236 0.0008 -0.0042
0.0233 -0.0039 -0.0011
0.0255 -0.0111 0.0014
0.0187 -0.0264 -0.0026
0.0026 -0.0422 -0.0120
-0.0046 -0.0325 -0.0087
0.0178 0.0081 -0.0005
0.0441 0.0379 -0.0066
0.0418 0.0317 -0.0085
-0.0012 0.0180 -0.0091
-0.0220 0.0132 0.0025
-0.0168 0.0167 0.0096
-0.0078 0.0226 0.0199
-0.0185 -0.0065 0.0206
-0.0293 -0.0209 0.0190
-0.0350 -0.0311 0.0198
0.0004 -0.0286 0.0147
0.0734 -0.0032 -0.0001
0.0764 -0.0005 0.0000
0.0616 0.0006 -0.0001
0.0021 0.0242 -0.0008
-0.0552 0.0657 0.0101
-0.0562 0.0598 0.0199
-0.0191 0.0324 0.0309
0.0029 -0.0003 0.0302
-0.0014 -0.0039 0.0146
-0.0065 0.0107 0.0046
0.0116 0.0488 0.0031
0.0173 0.0561 0.0000
0.0108 0.0389 0.0111
-0.0115 0.0035 0.0157
-0.0264 -0.0192 0.0132
-0.0409 -0.0305 0.0041
-0.0170 -0.0157 -0.0124
-0.0003 -0.0116 -0.0168
0.0122 -0.0050 -0.0169
0.0059 -0.0054 -0.0146
0.0064 -0.0020 -0.0097
0.0226 0.0048 -0.0072
0.0350 0.0176 -0.0058
0.0356 0.0154 0.0003
0.0389 0.0109 0.0035
0.0471 0.0049 0.0006
0.0453 0.0027 -0.0038
0.0443 0.0309 -0.0037
0.0354 0.0353 -0.0053
0.0388 0.0429 0.0074
0.0676 0.0337 -0.0010
0.0656 0.0250 -0.0039
0.0324 0.0192 -0.0001
0.0285 0.0314 0.0070
0.0600 0.0217 0.0077
0.0393 0.0176 0.0099
0.0241 0.0209 0.0094
0.0204 0.0172 0.0061
0.0379 0.0155 0.0052
0.0458 0.0212 0.0055
0.0392 0.0358 0.0073
0.0175 0.0349 0.0126
0.0151 0.0249 0.0164
0.0272 0.0244 0.0145
0.0333 0.0348 0.0155
0.0250 0.0566 0.0230
0.0644 0.1443 -0.0232
-0.0302 0.0027 0.0195
-0.0838 -0.0639 0.0638
-0.0343 -0.0484 0.0717
0.0993 0.0407 0.0012
0.1690 0.1028 -0.0294

