0.0637 -0.3768 -0.9108
0.0591 -0.3731 -0.9119
0.0543 -0.3673 -0.9129
0.0510 -0.3741 -0.9170
0.0621 -0.3804 -0.9178
0.0621 -0.3804 -0.9178
0.0635 -0.3785 -0.9154
0.0676 -0.3845 -0.9057
0.0589 -0.3761 -0.9019
0.0582 -0.3695 -0.9046
0.0618 -0.3747 -0.9141
0.0618 -0.3747 -0.9141
0.0649 -0.3725 -0.9118
0.0624 -0.3761 -0.9044
0.0585 -0.3706 -0.9136
0.0611 -0.3700 -0.9249
0.0618 -0.3729 -0.9096
0.0618 -0.3729 -0.9096
0.0613 -0.3704 -0.9113
0.0600 -0.3748 -0.9113
0.0560 -0.3711 -0.9058
0.0605 -0.3728 -0.9014
0.0598 -0.3665 -0.9156
0.0598 -0.3665 -0.9156
0.0656 -0.3667 -0.9260
0.0599 -0.3678 -0.9137
0.0590 -0.3703 -0.9088
0.0636 -0.3677 -0.9092
0.0674 -0.3725 -0.9154
0.0674 -0.3725 -0.9154
0.0750 -0.3780 -0.9088
0.0620 -0.3691 -0.9109
0.0610 -0.3611 -0.9119
0.0532 -0.3704 -0.9176
0.0656 -0.3845 -0.9115
0.0724 -0.3804 -0.9077
0.0717 -0.3805 -0.9141
0.0686 -0.3837 -0.9138
0.0668 -0.3866 -0.9088
0.0681 -0.3849 -0.9099
0.0704 -0.3894 -0.9104
0.0698 -0.3835 -0.9126
0.0704 -0.3856 -0.9069
0.0627 -0.3812 -0.9113
0.0630 -0.3837 -0.9114
0.0629 -0.3902 -0.9061
0.0672 -0.3921 -0.8996
0.0725 -0.3915 -0.9033
0.0759 -0.3879 -0.9081
0.0768 -0.3830 -0.9018
0.0730 -0.3910 -0.8986
0.0716 -0.3894 -0.9051
0.0716 -0.3894 -0.9051
0.0724 -0.3895 -0.8923
0.0689 -0.3857 -0.8914
0.0663 -0.3871 -0.8901
0.0671 -0.3965 -0.9088
0.0693 -0.3898 -0.9102
0.0693 -0.3898 -0.9102
0.0633 -0.3885 -0.9049
0.0659 -0.3933 -0.8989
0.0691 -0.3959 -0.8933
0.0722 -0.3827 -0.9059
0.0732 -0.3858 -0.9038
0.0732 -0.3858 -0.9038
0.0741 -0.3954 -0.8994
0.0697 -0.4056 -0.9069
0.0635 -0.3919 -0.8986
0.0584 -0.3823 -0.9065
0.0586 -0.3854 -0.8971
0.0586 -0.3854 -0.8971
0.0644 -0.3885 -0.9009
0.0645 -0.3937 -0.9045
0.0666 -0.3919 -0.9077
0.0520 -0.3863 -0.9004
0.0497 -0.3910 -0.9059
0.0497 -0.3910 -0.9059
0.0557 -0.3836 -0.9081
0.0566 -0.3846 -0.9052
0.0631 -0.3884 -0.8918
0.0668 -0.3815 -0.8916
0.0668 -0.3815 -0.8916
0.0632 -0.3987 -0.9092
0.0600 -0.3892 -0.9202
0.0662 -0.3839 -0.9126
0.0545 -0.3831 -0.9005
0.0616 -0.3829 -0.9088
0.0616 -0.3829 -0.9088
0.0671 -0.3857 -0.9094
0.0584 -0.3907 -0.9022
0.0661 -0.3978 -0.8934
0.0641 -0.3880 -0.8992
0.0648 -0.3845 -0.9122
0.0648 -0.3845 -0.9122
0.0573 -0.3797 -0.9101
0.0575 -0.3845 -0.9045
0.0625 -0.3799 -0.9031
0.0596 -0.3779 -0.8999
0.0579 -0.3779 -0.9064
0.0579 -0.3779 -0.9064
0.0652 -0.3735 -0.9038
0.0581 -0.3713 -0.9082
0.0599 -0.3767 -0.9046
0.0580 -0.3723 -0.9112
0.0580 -0.3723 -0.9112
0.0650 -0.3715 -0.9096
0.0654 -0.3721 -0.9075
0.0593 -0.3724 -0.9101
0.0614 -0.3736 -0.9095
0.0673 -0.3748 -0.9130
0.0673 -0.3748 -0.9130
0.0691 -0.3757 -0.9151
0.0743 -0.3790 -0.9275
0.0665 -0.3744 -0.9217
0.0616 -0.3698 -0.9149
0.0589 -0.3702 -0.9112
0.0589 -0.3702 -0.9112
0.0635 -0.3706 -0.9134
0.0680 -0.3681 -0.9068
0.0632 -0.3769 -0.9201
0.0768 -0.3608 -0.8937
0.1115 -0.3285 -0.9194
0.1115 -0.3285 -0.9194
0.0770 -0.4112 -0.9374
0.0449 -0.4021 -0.9432
0.0618 -0.3749 -0.9180
0.0860 -0.3608 -0.9247
0.1022 -0.3429 -0.9090
0.1022 -0.3429 -0.9090
0.0678 -0.4133 -0.9092
0.0666 -0.3898 -0.8910
0.0864 -0.3614 -0.8961
0.0811 -0.3540 -0.9100
0.0841 -0.3554 -0.9078
0.0896 -0.3660 -0.8944
0.0936 -0.3669 -0.8860
0.0972 -0.3673 -0.8897
0.0972 -0.3673 -0.8897
0.0990 -0.3636 -0.8957
0.1043 -0.3767 -0.9019
0.1015 -0.3676 -0.8989
0.1015 -0.3626 -0.9059
0.0979 -0.3614 -0.8904
0.0979 -0.3614 -0.8904
0.1016 -0.3662 -0.8879
0.0993 -0.3766 -0.9038
0.1125 -0.3688 -0.8898
0.1306 -0.3617 -0.8880
0.1486 -0.3723 -0.8917
0.1486 -0.3723 -0.8917
0.1666 -0.3745 -0.9056
0.1741 -0.3631 -0.9079
0.1925 -0.3344 -0.9166
0.2043 -0.3149 -0.9143
0.2242 -0.3046 -0.8761
0.2242 -0.3046 -0.8761
0.2495 -0.2982 -0.8345
0.2743 -0.3187 -0.8446
0.2894 -0.3389 -0.8925
0.2872 -0.3321 -0.9274
0.2872 -0.3321 -0.9274
0.2802 -0.3345 -0.9706
0.2705 -0.3139 -1.0375
0.2483 -0.2824 -1.0724
0.2208 -0.3045 -1.0396
0.2292 -0.3565 -0.9694
0.2292 -0.3565 -0.9694
0.1962 -0.3526 -0.9272
0.1532 -0.3589 -0.8810
0.1318 -0.3611 -0.8948
0.1390 -0.3686 -0.9504
0.1591 -0.3612 -0.9823
0.1591 -0.3612 -0.9823
0.1824 -0.3511 -0.9806
0.2083 -0.3411 -0.9764
0.2306 -0.3424 -0.9564
0.2631 -0.3326 -0.8965
0.2756 -0.3303 -0.9050
0.2756 -0.3303 -0.9050
0.2838 -0.3372 -0.8404
0.2881 -0.3361 -0.8307
0.2896 -0.3328 -0.8293
0.2909 -0.3357 -0.8291
0.2950 -0.3515 -0.8185
0.2950 -0.3515 -0.8185
0.3029 -0.3625 -0.8252
0.3035 -0.3638 -0.8457
0.2902 -0.3799 -0.8634
0.2673 -0.3901 -0.8604
0.2673 -0.3901 -0.8604
0.2349 -0.3690 -0.9047
0.1864 -0.3566 -0.9984
0.1298 -0.3214 -1.0506
0.0825 -0.2978 -1.0407
0.0759 -0.3045 -0.9925
0.0759 -0.3045 -0.9925
0.0971 -0.3249 -0.9533
0.1064 -0.3492 -0.9785
0.0982 -0.3529 -1.0279
0.0673 -0.3369 -1.0400
0.0126 -0.3300 -1.0055
0.0126 -0.3300 -1.0055
-0.0249 -0.3356 -0.9317
-0.0565 -0.3326 -0.8421
-0.0598 -0.3322 -0.7860
-0.0549 -0.3424 -0.7531
-0.0672 -0.3575 -0.7430
-0.0672 -0.3575 -0.7430
-0.0858 -0.3909 -0.7693
-0.1569 -0.3979 -0.8344
-0.1664 -0.4716 -0.8998
-0.1807 -0.5014 -0.8615
-0.1909 -0.5018 -0.8983
-0.1909 -0.5018 -0.8983
-0.1890 -0.5489 -0.8825
-0.1825 -0.5541 -0.8777
-0.1656 -0.5348 -0.8565
-0.1425 -0.5271 -0.8619
-0.1425 -0.5271 -0.8619
-0.1257 -0.5182 -0.8536
-0.1111 -0.5081 -0.8512
-0.0805 -0.5064 -0.8469
-0.0547 -0.5068 -0.8442
-0.0675 -0.5263 -0.8635
-0.0675 -0.5263 -0.8635
-0.0848 -0.5284 -0.8684
-0.0755 -0.5324 -0.8757
-0.0455 -0.5463 -0.8865
-0.0128 -0.5511 -0.8908
0.0133 -0.5568 -0.8903
0.0133 -0.5568 -0.8903
0.0396 -0.5548 -0.8939
0.0811 -0.5600 -0.8909
0.1813 -0.6002 -0.8435
0.3134 -0.6537 -0.8118
0.3904 -0.6607 -0.7876
0.3904 -0.6607 -0.7876
0.3704 -0.5727 -0.8863
0.2583 -0.4930 -1.0477
0.1834 -0.4191 -1.1032
0.1965 -0.3258 -1.0283
0.3052 -0.3057 -0.9288
0.3052 -0.3057 -0.9288
0.3515 -0.3869 -0.8479
0.3054 -0.4106 -0.7733
0.1883 -0.4199 -0.7411
0.0760 -0.4232 -0.7476
0.0760 -0.4232 -0.7476
-0.0116 -0.4139 -0.7887
-0.0415 -0.4138 -0.8131
-0.0261 -0.4079 -0.8130
-0.0165 -0.3914 -0.7748
-0.0133 -0.3993 -0.7419
-0.0133 -0.3993 -0.7419
-0.0172 -0.4166 -0.6760
-0.0156 -0.4407 -0.6253
-0.0094 -0.4913 -0.6034
-0.0128 -0.5235 -0.6239
-0.0253 -0.5475 -0.6571
-0.0253 -0.5475 -0.6571
-0.0238 -0.5794 -0.7135
-0.0341 -0.6087 -0.7978
-0.0431 -0.6254 -0.9281
-0.0877 -0.6148 -1.0377
-0.1286 -0.5687 -1.1320
-0.1286 -0.5687 -1.1320
-0.1449 -0.5383 -1.1065
-0.1004 -0.5207 -1.0370
-0.0425 -0.5290 -0.9467
0.0242 -0.5295 -0.9201
0.0713 -0.5480 -0.9192
0.0713 -0.5480 -0.9192
0.0831 -0.5406 -0.9269
0.0871 -0.5647 -0.9673
0.0099 -0.4991 -1.1757
-0.1817 -0.3988 -1.3867
-0.1817 -0.3988 -1.3867
-0.2849 -0.2796 -1.3422
-0.2109 -0.2119 -1.1228
-0.0705 -0.3280 -0.9624
-0.0651 -0.4185 -0.7833
-0.1393 -0.4007 -0.7358
-0.1393 -0.4007 -0.7358
-0.1970 -0.4040 -0.6715
-0.1711 -0.3162 -0.6552
-0.0425 -0.2725 -0.7099
0.0937 -0.3118 -0.7310
0.1537 -0.3358 -0.7559
0.1537 -0.3358 -0.7559
0.1272 -0.3784 -0.7453
0.0945 -0.4298 -0.6995
0.0940 -0.4772 -0.6423
0.1185 -0.5917 -0.6452
0.1273 -0.6503 -0.6625
0.1273 -0.6503 -0.6625
0.0937 -0.6479 -0.7071
0.0767 -0.6492 -0.7828
0.0708 -0.6230 -0.8571
0.1034 -0.6024 -0.9057
0.1352 -0.5719 -0.8999
0.1352 -0.5719 -0.8999
0.1717 -0.5889 -0.8593
0.2136 -0.6350 -0.8272
0.2363 -0.6590 -0.8190
0.2062 -0.6304 -0.8389
0.2062 -0.6304 -0.8389
0.1761 -0.5987 -0.8670
0.2167 -0.6175 -0.8872
0.2698 -0.5966 -0.8945
0.3031 -0.5808 -0.8961
0.3375 -0.5869 -0.8634
0.3375 -0.5869 -0.8634
0.3452 -0.5333 -0.8739
0.3148 -0.4824 -0.9159
0.2779 -0.4082 -0.8571
0.3436 -0.3695 -0.7603
0.4258 -0.3931 -0.6863
0.4258 -0.3931 -0.6863
0.4869 -0.4471 -0.6491
0.4919 -0.4523 -0.6777
0.3956 -0.4294 -0.7572
0.2829 -0.4058 -0.9139
0.1716 -0.3932 -1.0691
0.1716 -0.3932 -1.0691
0.0920 -0.3790 -1.0829
0.0585 -0.3535 -1.0091
0.0531 -0.3969 -0.9029
0.0235 -0.4461 -0.7629
0.0235 -0.4461 -0.7629
-0.0083 -0.4670 -0.6380
-0.0325 -0.5052 -0.5701
-0.0537 -0.5572 -0.5522
-0.0747 -0.5856 -0.5638
-0.0928 -0.6093 -0.6253
-0.0928 -0.6093 -0.6253
-0.0927 -0.6247 -0.6968
-0.0858 -0.6129 -0.7643
-0.0787 -0.6142 -0.8213
-0.0564 -0.6289 -0.8635
-0.0335 -0.6406 -0.9099
-0.0335 -0.6406 -0.9099
-0.0533 -0.6380 -0.9717
-0.0922 -0.6140 -1.0015
-0.1054 -0.6175 -1.0138
-0.1102 -0.6237 -1.0060
-0.1430 -0.6259 -1.0067
-0.1593 -0.6509 -0.9742
-0.1689 -0.6166 -0.9816
-0.2237 -0.5275 -1.0579
-0.2910 -0.4238 -1.0561
-0.2742 -0.3680 -0.9543
-0.2742 -0.3680 -0.9543
-0.1598 -0.4167 -0.8103
-0.0843 -0.4898 -0.7204
-0.0842 -0.5173 -0.6697
-0.1236 -0.4909 -0.6923
-0.1236 -0.4909 -0.6923
-0.1430 -0.4001 -0.7127
-0.0519 -0.3181 -0.7839
0.1051 -0.3407 -0.8362
0.1927 -0.3683 -0.8027
0.2301 -0.3817 -0.7489
0.2301 -0.3817 -0.7489
0.2510 -0.4399 -0.6657
0.2661 -0.4906 -0.6136
0.2798 -0.5290 -0.5935
0.2783 -0.5533 -0.6379
0.2593 -0.5627 -0.7104
0.2593 -0.5627 -0.7104
0.2456 -0.5595 -0.7822
0.2444 -0.5607 -0.8481
0.2623 -0.5701 -0.8907
0.2631 -0.5839 -0.9023
0.2532 -0.6022 -0.8610
0.2532 -0.6022 -0.8610
0.2661 -0.6541 -0.8234
0.2685 -0.6885 -0.8298
0.2261 -0.6783 -0.8574
0.1905 -0.6630 -0.9053
0.2257 -0.6647 -0.9428
0.2257 -0.6647 -0.9428
0.2729 -0.6118 -0.9623
0.3280 -0.5915 -0.9733
0.3984 -0.5935 -0.9754
0.4039 -0.5387 -1.0161
0.4039 -0.5387 -1.0161
0.3194 -0.4563 -1.0358
0.2482 -0.4006 -0.9899
0.2334 -0.3602 -0.8415
0.2705 -0.3783 -0.7130
0.2933 -0.4300 -0.6210
0.2933 -0.4300 -0.6210
0.2884 -0.4647 -0.6155
0.2169 -0.4825 -0.6741
0.1174 -0.4703 -0.7693
0.0394 -0.4332 -0.9936
-0.0328 -0.4379 -1.0723
-0.0328 -0.4379 -1.0723
-0.0710 -0.3871 -1.0559
-0.0657 -0.3786 -0.9709
-0.0379 -0.4438 -0.8759
-0.0287 -0.4520 -0.7562
-0.0409 -0.4429 -0.6220
-0.0409 -0.4429 -0.6220
-0.0513 -0.4659 -0.5568
-0.0514 -0.4971 -0.5352
-0.0604 -0.5241 -0.5455
-0.0680 -0.5603 -0.5789
-0.0680 -0.5603 -0.5789
-0.0681 -0.5818 -0.6426
-0.0699 -0.6137 -0.7129
-0.0771 -0.6573 -0.7677
-0.0870 -0.6979 -0.8523
-0.1163 -0.7205 -0.9280
-0.1163 -0.7205 -0.9280
-0.1407 -0.7160 -0.9925
-0.1174 -0.7197 -1.0257
-0.0918 -0.6874 -1.0767
-0.0775 -0.7107 -1.0552
-0.0412 -0.7161 -1.0411
-0.0412 -0.7161 -1.0411
-0.0734 -0.6774 -1.1250
-0.2145 -0.5814 -1.1788
-0.3430 -0.4798 -1.0665
-0.3549 -0.4455 -0.8456
-0.2280 -0.5160 -0.7099
-0.2280 -0.5160 -0.7099
-0.2114 -0.6711 -0.6081
-0.3062 -0.6249 -0.6013
-0.3484 -0.5076 -0.6170
-0.2891 -0.3646 -0.6715
-0.2891 -0.3646 -0.6715
-0.1191 -0.3360 -0.7545
0.0317 -0.3654 -0.7531
0.1249 -0.3618 -0.7051
0.1720 -0.4084 -0.6370
0.1861 -0.4896 -0.5872
0.1861 -0.4896 -0.5872
0.1743 -0.5501 -0.5503
0.1402 -0.5890 -0.5817
0.0966 -0.6182 -0.6192
0.0861 -0.6245 -0.7164
0.0861 -0.6245 -0.7164
0.0963 -0.6326 -0.7981
0.1048 -0.6415 -0.8536
0.1186 -0.6599 -0.8898
0.1232 -0.6774 -0.8812
0.1437 -0.7002 -0.8500
0.1437 -0.7002 -0.8500
0.1648 -0.7332 -0.8558
0.1394 -0.7289 -0.8969
0.0831 -0.6817 -0.9758
0.0594 -0.6263 -1.0022
0.1100 -0.5953 -0.9385
0.1100 -0.5953 -0.9385
0.1978 -0.5970 -0.8987
0.2322 -0.6347 -0.8210
0.2565 -0.6739 -0.7547
0.2512 -0.6731 -0.7413
0.1899 -0.6369 -0.8123
0.1899 -0.6369 -0.8123
0.1066 -0.5645 -0.8727
0.0584 -0.4776 -0.8854
0.0652 -0.4239 -0.7841
0.1325 -0.4254 -0.6686
0.1842 -0.4868 -0.5654
0.1842 -0.4868 -0.5654
0.2140 -0.5557 -0.5164
0.1822 -0.6239 -0.5514
0.0672 -0.6641 -0.6543
-0.0466 -0.6335 -0.8972
-0.0466 -0.6335 -0.8972
-0.1102 -0.6064 -1.1818
-0.1574 -0.5248 -1.1276
-0.1419 -0.4372 -1.1093
-0.0911 -0.5101 -0.9939
-0.0799 -0.5545 -0.7870
-0.0799 -0.5545 -0.7870
-0.0961 -0.5459 -0.5856
-0.1200 -0.5935 -0.4801
-0.1445 -0.6648 -0.4417
-0.1653 -0.6878 -0.4604
-0.1723 -0.6892 -0.5345
-0.1723 -0.6892 -0.5345
-0.1482 -0.6886 -0.6288
-0.1021 -0.6766 -0.7029
-0.0550 -0.6680 -0.7767
-0.0279 -0.6513 -0.8208
-0.0072 -0.6285 -0.8258
-0.0072 -0.6285 -0.8258
0.0173 -0.6221 -0.8354
0.0326 -0.6300 -0.8374
0.0332 -0.6287 -0.8300
0.0235 -0.6372 -0.8438
0.0235 -0.6372 -0.8438
-0.0053 -0.6312 -0.8560
-0.0408 -0.6331 -0.8507
-0.0330 -0.6511 -0.7949
0.0471 -0.7205 -0.7199
0.1066 -0.7810 -0.6176
0.1066 -0.7810 -0.6176
0.0950 -0.7823 -0.6177
-0.0363 -0.7162 -0.8171
-0.1630 -0.5353 -0.8859
-0.2348 -0.4048 -0.9263
-0.1648 -0.3860 -0.8891
-0.1648 -0.3860 -0.8891
-0.0013 -0.4335 -0.9001
0.0670 -0.5169 -0.8596
0.0503 -0.5592 -0.8246
-0.0618 -0.5336 -0.7644
-0.1469 -0.4856 -0.7657
-0.1469 -0.4856 -0.7657
-0.1375 -0.4721 -0.8331
-0.0766 -0.4706 -0.9006
-0.0425 -0.4482 -0.9296
-0.0156 -0.4357 -0.8959
0.0046 -0.4560 -0.8757
0.0046 -0.4560 -0.8757
0.0241 -0.4902 -0.8614
0.0334 -0.5256 -0.8465
0.0299 -0.5521 -0.8203
0.0279 -0.5701 -0.8119
0.0279 -0.5701 -0.8119
0.0346 -0.6012 -0.8006
0.0431 -0.6189 -0.7815
0.0546 -0.6409 -0.7773
0.0695 -0.6653 -0.7694
0.0691 -0.6744 -0.7966
0.0691 -0.6744 -0.7966
0.0687 -0.6701 -0.8066
0.0640 -0.6514 -0.8042
0.0745 -0.6511 -0.8120
0.0724 -0.6503 -0.8106
0.0506 -0.6490 -0.8160
0.0506 -0.6490 -0.8160
0.0210 -0.6485 -0.8138
-0.0026 -0.6360 -0.8117
-0.0034 -0.6277 -0.7773
0.0264 -0.6320 -0.7433
0.0440 -0.6469 -0.7609
0.0440 -0.6469 -0.7609
0.0046 -0.6466 -0.7910
-0.0488 -0.6136 -0.8393
-0.0754 -0.5874 -0.8885
-0.0885 -0.5812 -0.8705
-0.0771 -0.5594 -0.8336
-0.0771 -0.5594 -0.8336
-0.0596 -0.5838 -0.7716
-0.0692 -0.6069 -0.6989
-0.0801 -0.6050 -0.6251
-0.0655 -0.6133 -0.5721
-0.0655 -0.6133 -0.5721
-0.0289 -0.6273 -0.5677
0.0182 -0.6367 -0.5836
0.0481 -0.6137 -0.6535
0.0546 -0.5693 -0.7468
0.0669 -0.5166 -0.8245
0.0669 -0.5166 -0.8245
0.0985 -0.4827 -0.8721
0.1559 -0.4689 -0.8488
0.1962 -0.4795 -0.8014
0.1988 -0.5047 -0.7396
0.1881 -0.5246 -0.6867
0.1881 -0.5246 -0.6867
0.1679 -0.5499 -0.6394
0.1518 -0.5750 -0.6324
0.1425 -0.6083 -0.6445
0.1339 -0.6302 -0.6718
0.1290 -0.6552 -0.7168
0.1290 -0.6552 -0.7168
0.1124 -0.6840 -0.7587
0.0940 -0.7114 -0.7941
0.0742 -0.7286 -0.8335
0.0553 -0.7382 -0.8713
0.0553 -0.7382 -0.8713
0.0359 -0.7225 -0.8948
0.0283 -0.7025 -0.8669
0.0531 -0.6982 -0.8263
0.0874 -0.7147 -0.8075
0.0907 -0.7030 -0.8103
0.0907 -0.7030 -0.8103
0.0831 -0.6808 -0.8476
0.0530 -0.6473 -0.8947
0.0211 -0.6210 -0.9326
-0.0291 -0.5793 -0.9825
-0.0992 -0.5322 -1.0372
-0.0992 -0.5322 -1.0372
-0.1761 -0.4326 -1.1166
-0.2350 -0.3100 -1.1850
-0.2511 -0.2240 -1.1218
-0.2363 -0.2261 -1.0072
-0.2171 -0.3110 -0.9036
-0.2171 -0.3110 -0.9036
-0.2437 -0.3810 -0.8523
-0.2689 -0.3724 -0.8067
-0.2292 -0.3092 -0.7524
-0.1370 -0.2628 -0.7526
-0.0303 -0.2902 -0.7543
-0.0303 -0.2902 -0.7543
0.0472 -0.3261 -0.7682
0.0867 -0.3556 -0.7741
0.1102 -0.3874 -0.7576
0.1231 -0.4244 -0.7422
0.1439 -0.4675 -0.7156
0.1439 -0.4675 -0.7156
0.1786 -0.5186 -0.7331
0.2105 -0.5357 -0.7590
0.2266 -0.5482 -0.7958
0.2414 -0.5819 -0.8283
0.2414 -0.5819 -0.8283
0.2219 -0.6530 -0.8327
0.2517 -0.6709 -0.8601
0.2958 -0.6854 -0.8878
0.3479 -0.6913 -0.9309
0.3479 -0.6913 -0.9309
0.3786 -0.7087 -0.9691
0.3907 -0.7310 -0.9783
0.3820 -0.7608 -1.0269
0.3274 -0.7660 -1.1830
0.2339 -0.6736 -1.2867
0.2339 -0.6736 -1.2867
0.1363 -0.4954 -1.2483
0.1395 -0.3477 -1.0668
0.2227 -0.3130 -0.8607
0.3095 -0.3873 -0.6452
0.3395 -0.4196 -0.5469
0.3395 -0.4196 -0.5469
0.2951 -0.4629 -0.5511
0.1906 -0.5165 -0.6506
0.1018 -0.4918 -0.7166
0.0032 -0.4316 -0.8607
0.0032 -0.4316 -0.8607
-0.0560 -0.4261 -0.8745
-0.0306 -0.4223 -0.8538
0.0013 -0.4588 -0.7674
-0.0044 -0.5042 -0.6635
-0.0152 -0.5314 -0.5835
-0.0152 -0.5314 -0.5835
-0.0459 -0.5473 -0.5312
-0.0612 -0.5751 -0.5371
-0.0628 -0.5973 -0.5689
-0.0536 -0.5951 -0.6227
-0.0414 -0.5958 -0.6767
-0.0414 -0.5958 -0.6767
-0.0285 -0.5808 -0.6927
0.0033 -0.5932 -0.7183
0.0234 -0.6192 -0.7516
-0.0059 -0.6022 -0.8208
-0.0357 -0.5977 -0.9071
-0.0512 -0.5872 -0.9853
-0.0512 -0.5872 -0.9853
-0.1005 -0.5306 -1.2145
-0.1699 -0.4254 -1.3108
-0.1958 -0.3751 -1.2174
-0.1958 -0.3751 -1.2174
-0.1562 -0.4195 -1.0594
-0.1506 -0.5345 -0.9592
-0.2148 -0.6018 -0.8881
-0.2537 -0.6002 -0.8002
-0.2537 -0.6002 -0.8002
-0.2393 -0.5426 -0.6993
-0.1329 -0.4827 -0.6545
-0.0123 -0.4859 -0.6374
0.0930 -0.4894 -0.6028
0.1592 -0.4815 -0.5754
0.1592 -0.4815 -0.5754
0.1912 -0.4909 -0.5393
0.2052 -0.5149 -0.5123
0.2358 -0.5457 -0.5318
0.2664 -0.5601 -0.5714
0.2872 -0.5679 -0.6477
0.2872 -0.5679 -0.6477
0.3137 -0.5526 -0.7154
0.3392 -0.5397 -0.7866
0.3571 -0.5419 -0.8398
0.3715 -0.5564 -0.8770
0.3721 -0.6015 -0.9010
0.3721 -0.6015 -0.9010
0.3559 -0.6624 -0.9533
0.3022 -0.6944 -1.0687
0.2286 -0.7330 -1.1361
0.1618 -0.7049 -1.1727
0.1252 -0.6873 -1.1361
0.1252 -0.6873 -1.1361
0.1498 -0.6366 -1.0959
0.1568 -0.5197 -0.9986
0.1912 -0.4603 -0.8413
0.2527 -0.4597 -0.6864
0.2527 -0.4597 -0.6864
0.3149 -0.5068 -0.5795
0.3355 -0.5310 -0.6102
0.2609 -0.5253 -0.7512
0.1425 -0.4740 -0.9259
0.0652 -0.3842 -1.1001
0.0652 -0.3842 -1.1001
0.0278 -0.3277 -1.0585
0.0607 -0.3132 -0.9821
0.0700 -0.3896 -0.8246
0.0336 -0.4264 -0.6676
-0.0144 -0.4487 -0.5337
-0.0144 -0.4487 -0.5337
-0.0472 -0.4979 -0.4837
-0.0733 -0.5339 -0.4753
-0.0797 -0.5509 -0.5385
-0.0701 -0.5582 -0.6152
-0.0676 -0.5345 -0.6915
-0.0676 -0.5345 -0.6915
-0.0448 -0.5370 -0.7656
-0.0222 -0.5458 -0.8407
-0.0337 -0.5345 -0.9101
-0.0770 -0.5333 -1.0072
-0.1125 -0.5563 -1.0460
-0.1125 -0.5563 -1.0460
-0.1231 -0.6170 -1.0257
-0.1449 -0.6765 -1.0718
-0.2248 -0.6466 -1.1940
-0.3103 -0.4805 -1.1975
-0.3103 -0.4805 -1.1975
-0.2706 -0.3204 -1.0161
-0.0838 -0.3852 -0.8602
0.0694 -0.5329 -0.7517
0.0377 -0.5998 -0.7003
-0.1360 -0.6525 -0.6974
-0.1360 -0.6525 -0.6974
-0.2364 -0.6348 -0.7142
-0.2583 -0.5294 -0.7460
-0.1316 -0.4306 -0.7682
0.0644 -0.4408 -0.7744
0.2200 -0.4709 -0.7362
0.2200 -0.4709 -0.7362
0.2918 -0.4691 -0.6485
0.2942 -0.4991 -0.5812
0.2741 -0.5410 -0.5648
0.2426 -0.5655 -0.6098
0.2223 -0.5782 -0.6694
0.2311 -0.5670 -0.7525
0.2485 -0.5541 -0.8188
0.2538 -0.5470 -0.8561
0.2485 -0.5426 -0.8735
0.2415 -0.5649 -0.8651
0.2415 -0.5649 -0.8651
0.2202 -0.5934 -0.8583
0.1973 -0.6233 -0.8579
0.1626 -0.6607 -0.8931
0.1499 -0.7154 -0.9313
0.1499 -0.7154 -0.9313
0.1518 -0.7127 -1.0519
0.1481 -0.7060 -1.1617
0.1091 -0.5958 -1.2794
0.0592 -0.4479 -1.2373
0.0917 -0.3705 -1.0197
0.0917 -0.3705 -1.0197
0.1724 -0.4160 -0.7696
0.2650 -0.4928 -0.5582
0.2916 -0.5651 -0.5542
0.2200 -0.6050 -0.6835
0.1523 -0.5498 -0.7934
0.1523 -0.5498 -0.7934
0.0968 -0.4300 -1.0036
0.0717 -0.3698 -1.0157
0.1067 -0.3243 -1.0142
0.1282 -0.3644 -0.9173
0.1011 -0.4102 -0.7909
0.1011 -0.4102 -0.7909
0.0626 -0.4272 -0.6922
0.0167 -0.4682 -0.6516
-0.0306 -0.5084 -0.6600
-0.0714 -0.5212 -0.6905
-0.0714 -0.5212 -0.6905
-0.1014 -0.5259 -0.7179
-0.1111 -0.5187 -0.7193
-0.1057 -0.5302 -0.7313
-0.1020 -0.5501 -0.7228
-0.1073 -0.5642 -0.7337
-0.1073 -0.5642 -0.7337
-0.1108 -0.5709 -0.7357
-0.0943 -0.5615 -0.7649
-0.0503 -0.5760 -0.8081
0.0126 -0.6231 -0.8565
0.0788 -0.6963 -0.8542
0.0788 -0.6963 -0.8542
0.0836 -0.7309 -0.9728
0.0032 -0.6805 -1.1731
-0.1219 -0.5188 -1.2715
-0.1528 -0.3457 -1.0311
0.0008 -0.3508 -0.8706
0.0008 -0.3508 -0.8706
0.1703 -0.5177 -0.6921
0.2569 -0.5940 -0.5824
0.2458 -0.6237 -0.5431
0.1533 -0.6627 -0.6238
0.1107 -0.5934 -0.7390
0.1107 -0.5934 -0.7390
0.0860 -0.5499 -0.8299
0.1849 -0.5158 -0.8778
0.3166 -0.4938 -0.8638
0.3837 -0.4935 -0.8044
0.4077 -0.4880 -0.7678
0.4077 -0.4880 -0.7678
0.3727 -0.4888 -0.7656
0.3084 -0.4823 -0.7959
0.2485 -0.4469 -0.8444
0.1786 -0.4080 -0.9006
0.1786 -0.4080 -0.9006
0.1259 -0.3696 -0.9778
0.0724 -0.3513 -1.0259
0.0277 -0.3430 -1.0619
-0.0243 -0.3398 -1.0778
-0.0711 -0.3635 -1.0401
-0.0711 -0.3635 -1.0401
-0.1432 -0.3854 -1.0345
-0.2022 -0.3753 -0.9901
-0.2202 -0.3847 -0.9463
-0.2070 -0.3907 -0.9138
-0.2080 -0.3621 -0.8623
-0.2080 -0.3621 -0.8623
-0.1970 -0.3479 -0.8299
-0.2037 -0.3520 -0.8380
-0.2088 -0.3473 -0.8445
-0.1741 -0.3373 -0.8631
-0.1464 -0.3111 -0.8565
-0.1464 -0.3111 -0.8565
-0.1295 -0.3597 -0.9033
-0.1387 -0.3848 -0.9214
-0.1629 -0.3466 -0.9112
-0.2068 -0.3883 -0.9219
-0.2068 -0.3883 -0.9219
-0.2307 -0.4707 -0.9275
-0.2150 -0.5039 -0.9107
-0.1444 -0.4746 -0.9527
-0.0733 -0.4201 -1.0249
-0.0389 -0.3293 -1.0499
-0.0389 -0.3293 -1.0499
0.0121 -0.2904 -1.0044
0.0909 -0.3255 -0.9275
0.1506 -0.3502 -0.8466
0.1560 -0.3569 -0.8161
0.1237 -0.3755 -0.7854
0.1237 -0.3755 -0.7854
0.0896 -0.4171 -0.8051
0.0989 -0.4633 -0.8638
0.1455 -0.4744 -0.9244
0.1383 -0.3941 -1.0024
0.1237 -0.4221 -1.0134
0.1237 -0.4221 -1.0134
0.0997 -0.3499 -0.9868
0.1053 -0.3251 -0.9837
0.0915 -0.3379 -0.9313
0.0876 -0.3165 -0.8622
0.1050 -0.3456 -0.8245
0.1050 -0.3456 -0.8245
0.1010 -0.3603 -0.8453
0.0794 -0.3777 -0.8719
0.0391 -0.3827 -0.9070
0.0263 -0.3748 -0.9508
0.0263 -0.3748 -0.9508
0.0614 -0.3530 -0.9534
0.0714 -0.3494 -0.9202
0.0456 -0.3343 -0.8993
0.0351 -0.3312 -0.9196
0.0404 -0.3377 -0.9028
0.0404 -0.3377 -0.9028
0.0378 -0.3596 -0.9104
0.0261 -0.3748 -0.8998
0.0165 -0.3879 -0.9151
0.0071 -0.3921 -0.9272
0.0098 -0.3954 -0.9202
0.0098 -0.3954 -0.9202
0.0467 -0.3915 -0.9005
0.0852 -0.3891 -0.8768
0.1022 -0.4001 -0.8914
0.0965 -0.3947 -0.9052
0.0816 -0.3840 -0.9116
0.0816 -0.3840 -0.9116
0.0693 -0.3878 -0.9315
0.0379 -0.3782 -0.9255
0.0231 -0.3555 -0.9188
0.0255 -0.3553 -0.9190
0.0278 -0.3412 -0.9121
0.0278 -0.3412 -0.9121
0.0247 -0.3520 -0.9080
0.0249 -0.3690 -0.9000
0.0327 -0.3723 -0.8815
0.0122 -0.3701 -0.8669
0.0122 -0.3701 -0.8669
0.0062 -0.3685 -0.8837
0.0198 -0.3706 -0.9080
0.0235 -0.3549 -0.9325
0.0276 -0.3529 -0.9432
0.0269 -0.3569 -0.9377
0.0269 -0.3569 -0.9377
0.0254 -0.3524 -0.9375
0.0227 -0.3525 -0.9378
0.0165 -0.3529 -0.9273
0.0151 -0.3570 -0.9080
0.0136 -0.3542 -0.9037
0.0136 -0.3542 -0.9037
0.0134 -0.3561 -0.9062
0.0275 -0.3502 -0.9187
0.0222 -0.3486 -0.9211
0.0170 -0.3513 -0.9181
0.0249 -0.3490 -0.9154
0.0249 -0.3490 -0.9154
0.0344 -0.3428 -0.9257
0.0315 -0.3425 -0.9365
0.0268 -0.3334 -0.9357
0.0306 -0.3364 -0.9407
0.0329 -0.3446 -0.9299
0.0329 -0.3446 -0.9299
0.0317 -0.3453 -0.9269
0.0313 -0.3470 -0.9237
0.0327 -0.3528 -0.9210
0.0305 -0.3475 -0.9366
0.0305 -0.3475 -0.9366
0.0277 -0.3449 -0.9411
0.0255 -0.3425 -0.9283
0.0265 -0.3400 -0.9188
0.0228 -0.3430 -0.9288
0.0243 -0.3410 -0.9273
0.0243 -0.3410 -0.9273
0.0309 -0.3414 -0.9194
0.0290 -0.3453 -0.9174
0.0323 -0.3418 -0.9255
0.0339 -0.3473 -0.9253
0.0324 -0.3491 -0.9207
0.0324 -0.3491 -0.9207
0.0284 -0.3435 -0.9307
0.0298 -0.3458 -0.9286
0.0295 -0.3418 -0.9275
0.0251 -0.3420 -0.9238
0.0252 -0.3413 -0.9252
0.0252 -0.3413 -0.9252
0.0314 -0.3448 -0.9118
0.0430 -0.3488 -0.9167
0.0424 -0.3496 -0.9204
0.0351 -0.3350 -0.9249
0.0305 -0.3291 -0.9278
0.0305 -0.3291 -0.9278
0.0221 -0.3334 -0.9055
0.0253 -0.3330 -0.9253
0.0300 -0.3492 -0.9272
0.0251 -0.3390 -0.9294
0.0285 -0.3328 -0.9470
0.0285 -0.3328 -0.9470
0.0361 -0.3321 -0.9243
0.0251 -0.3331 -0.9403
0.0295 -0.3465 -0.9527
0.0266 -0.3371 -0.9421
0.0266 -0.3371 -0.9421
0.0369 -0.3427 -0.9335
0.0395 -0.3439 -0.9157
0.0423 -0.3364 -0.9250
0.0322 -0.3445 -0.9269
0.0262 -0.3327 -0.9226
0.0262 -0.3327 -0.9226
0.0262 -0.3318 -0.9192
0.0279 -0.3332 -0.9190
0.0316 -0.3365 -0.9204
0.0361 -0.3372 -0.9218
0.0309 -0.3423 -0.9206
0.0309 -0.3423 -0.9206
0.0365 -0.3371 -0.9242
0.0336 -0.3320 -0.9348
0.0346 -0.3374 -0.9277
0.0319 -0.3331 -0.9290
0.0265 -0.3416 -0.9351
0.0265 -0.3416 -0.9351
0.0307 -0.3421 -0.9216
0.0326 -0.3352 -0.9272
0.0374 -0.3468 -0.9357
0.0383 -0.3370 -0.9212
0.0383 -0.3370 -0.9212
0.0357 -0.3419 -0.9162
0.0295 -0.3402 -0.9160
0.0293 -0.3442 -0.9201
0.0338 -0.3390 -0.9254
0.0324 -0.3374 -0.9340
0.0324 -0.3374 -0.9340
0.0289 -0.3400 -0.9257
0.0261 -0.3384 -0.9158
0.0227 -0.3341 -0.9173
0.0284 -0.3399 -0.9222
0.0393 -0.3489 -0.9286
0.0455 -0.3429 -0.9363
0.0455 -0.3429 -0.9363
0.0252 -0.3339 -0.9299
0.0169 -0.3313 -0.9108
0.0336 -0.3205 -0.8716
0.0336 -0.3205 -0.8716
0.0502 -0.3562 -0.9253
0.0141 -0.3881 -0.9816
0.0303 -0.3256 -0.9372
0.0507 -0.3169 -0.9212

