0.1888 0.2027 0.1380
0.1888 0.2025 0.1379
0.1889 0.2023 0.1379
0.1890 0.2021 0.1379
0.1890 0.2019 0.1379
0.1890 0.2017 0.1378
0.1886 0.2014 0.1377
0.1886 0.2013 0.1377
0.1887 0.2011 0.1378
0.1888 0.2011 0.1378
0.1890 0.2010 0.1378
0.1892 0.2010 0.1378
0.1891 0.2014 0.1375
0.1892 0.2016 0.1374
0.1893 0.2016 0.1373
0.1895 0.2016 0.1373
0.1896 0.2015 0.1372
0.1898 0.2015 0.1372
0.1897 0.2018 0.1370
0.1898 0.2019 0.1369
0.1899 0.2019 0.1369
0.1901 0.2020 0.1368
0.1903 0.2019 0.1367
0.1905 0.2019 0.1367
0.1906 0.2019 0.1364
0.1907 0.2018 0.1363
0.1909 0.2017 0.1362
0.1911 0.2017 0.1362
0.1914 0.2016 0.1362
0.1917 0.2017 0.1361
0.1919 0.2018 0.1359
0.1922 0.2018 0.1358
0.1929 0.2017 0.1358
0.1933 0.2017 0.1357
0.1940 0.2018 0.1354
0.1944 0.2018 0.1353
0.1953 0.2019 0.1352
0.1957 0.2019 0.1352
0.1968 0.2020 0.1353
0.1973 0.2020 0.1353
0.1982 0.2021 0.1354
0.1986 0.2022 0.1355
0.1991 0.2024 0.1356
0.1993 0.2024 0.1356
0.1999 0.2027 0.1358
0.2001 0.2028 0.1359
0.2007 0.2031 0.1359
0.2009 0.2033 0.1359
0.2015 0.2036 0.1361
0.2018 0.2037 0.1363
0.2020 0.2041 0.1364
0.2021 0.2043 0.1365
0.2024 0.2045 0.1367
0.2025 0.2046 0.1367
0.2026 0.2047 0.1368
0.2024 0.2048 0.1368
0.2024 0.2049 0.1368
0.2024 0.2050 0.1368
0.2024 0.2051 0.1368
0.2024 0.2051 0.1368
0.2023 0.2050 0.1368
0.2021 0.2050 0.1367
0.2020 0.2050 0.1366
0.2019 0.2050 0.1366
0.2019 0.2050 0.1366
0.2018 0.2050 0.1366
0.2017 0.2049 0.1366
0.2015 0.2051 0.1363
0.2013 0.2051 0.1361
0.2012 0.2051 0.1360
0.2011 0.2051 0.1360
0.2009 0.2050 0.1359
0.2007 0.2049 0.1358
0.2003 0.2051 0.1357
0.2001 0.2051 0.1356
0.2000 0.2051 0.1356
0.1998 0.2051 0.1356
0.1997 0.2050 0.1356
0.1995 0.2050 0.1356
0.1992 0.2050 0.1356
0.1990 0.2050 0.1356
0.1989 0.2050 0.1357
0.1988 0.2050 0.1358
0.1988 0.2049 0.1360
0.1987 0.2049 0.1361
0.1987 0.2051 0.1361
0.1986 0.2050 0.1362
0.1985 0.2049 0.1363
0.1984 0.2049 0.1364
0.1984 0.2048 0.1365
0.1984 0.2047 0.1367
0.1982 0.2048 0.1368
0.1982 0.2049 0.1370
0.1982 0.2049 0.1371
0.1981 0.2048 0.1373
0.1980 0.2047 0.1375
0.1979 0.2045 0.1376
0.1975 0.2043 0.1377
0.1973 0.2042 0.1379
0.1972 0.2041 0.1380
0.1971 0.2040 0.1382
0.1970 0.2038 0.1384
0.1969 0.2037 0.1386
0.1968 0.2039 0.1385
0.1968 0.2039 0.1385
0.1968 0.2037 0.1387
0.1968 0.2035 0.1388
0.1968 0.2033 0.1390
0.1968 0.2031 0.1392
0.1966 0.2031 0.1391
0.1966 0.2030 0.1391
0.1966 0.2028 0.1392
0.1967 0.2026 0.1394
0.1968 0.2024 0.1395
0.1968 0.2022 0.1397
0.1969 0.2020 0.1398
0.1968 0.2019 0.1398
0.1967 0.2018 0.1398
0.1968 0.2017 0.1399
0.1968 0.2016 0.1400
0.1969 0.2015 0.1401
0.1971 0.2014 0.1402
0.1970 0.2015 0.1401
0.1971 0.2015 0.1401
0.1972 0.2014 0.1402
0.1973 0.2013 0.1403
0.1976 0.2012 0.1403
0.1977 0.2017 0.1402
0.1978 0.2019 0.1401
0.1979 0.2019 0.1401
0.1982 0.2020 0.1401
0.1985 0.2022 0.1400
0.1987 0.2024 0.1401
0.1991 0.2027 0.1399
0.1993 0.2026 0.1398
0.1994 0.2026 0.1396
0.1996 0.2025 0.1394
0.1997 0.2025 0.1389
0.2000 0.2025 0.1386
0.2003 0.2024 0.1383
0.2005 0.2022 0.1379
0.2008 0.2020 0.1375
0.2011 0.2019 0.1370
0.2014 0.2021 0.1364
0.2016 0.2019 0.1357
0.2017 0.2016 0.1350
0.2019 0.2013 0.1342
0.2021 0.2009 0.1333
0.2023 0.1999 0.1314
0.2023 0.1999 0.1305
0.2022 0.1996 0.1294
0.2021 0.1990 0.1280
0.2019 0.1984 0.1265
0.2015 0.1977 0.1248
0.2010 0.1969 0.1227
0.2004 0.1961 0.1205
0.1997 0.1953 0.1178
0.1990 0.1944 0.1148
0.1982 0.1935 0.1113
0.1974 0.1924 0.1074
0.1962 0.1912 0.1028
0.1951 0.1899 0.0978
0.1938 0.1886 0.0924
0.1925 0.1873 0.0864
0.1911 0.1862 0.0800
0.1898 0.1854 0.0730
0.1883 0.1843 0.0651
0.1872 0.1841 0.0571
0.1863 0.1842 0.0490
0.1855 0.1846 0.0408
0.1846 0.1852 0.0325
0.1836 0.1858 0.0241
0.1826 0.1864 0.0152
0.1813 0.1869 0.0065
0.1800 0.1875 -0.0022
0.1786 0.1882 -0.0112
0.1772 0.1891 -0.0205
0.1758 0.1901 -0.0303
0.1747 0.1916 -0.0410
0.1735 0.1932 -0.0521
0.1724 0.1947 -0.0639
0.1712 0.1962 -0.0764
0.1702 0.1976 -0.0897
0.1692 0.1988 -0.1036
0.1682 0.1998 -0.1183
0.1674 0.2005 -0.1336
0.1667 0.2008 -0.1496
0.1661 0.2009 -0.1662
0.1656 0.2007 -0.1834
0.1652 0.2002 -0.2013
0.1649 0.2002 -0.2199
0.1647 0.1999 -0.2389
0.1648 0.1994 -0.2584
0.1650 0.1988 -0.2782
0.1654 0.1983 -0.2984
0.1661 0.1979 -0.3186
0.1671 0.1982 -0.3391
0.1685 0.1985 -0.3592
0.1703 0.1991 -0.3791
0.1725 0.1998 -0.3988
0.1749 0.2007 -0.4184
0.1776 0.2018 -0.4379
0.1802 0.2031 -0.4575
0.1832 0.2045 -0.4765
0.1864 0.2059 -0.4950
0.1897 0.2073 -0.5130
0.1931 0.2085 -0.5306
0.1963 0.2096 -0.5477
0.1994 0.2104 -0.5645
0.2022 0.2107 -0.5806
0.2047 0.2104 -0.5963
0.2067 0.2094 -0.6116
0.2084 0.2081 -0.6265
0.2095 0.2066 -0.6409
0.2096 0.2058 -0.6551
0.2091 0.2048 -0.6686
0.2079 0.2037 -0.6816
0.2059 0.2027 -0.6942
0.2031 0.2017 -0.7067
0.1995 0.2008 -0.7190
0.1974 0.2015 -0.7306
0.1931 0.2012 -0.7423
0.1877 0.2005 -0.7540
0.1816 0.1997 -0.7656
0.1749 0.1989 -0.7772
0.1679 0.1984 -0.7886
0.1606 0.1986 -0.7997
0.1527 0.1982 -0.8110
0.1443 0.1977 -0.8223
0.1352 0.1972 -0.8336
0.1257 0.1968 -0.8447
0.1158 0.1966 -0.8558
0.1054 0.1950 -0.8658
0.0948 0.1946 -0.8766
0.0839 0.1947 -0.8875
0.0728 0.1951 -0.8986
0.0617 0.1958 -0.9099
0.0508 0.1967 -0.9216
0.0403 0.1978 -0.9324
0.0301 0.1991 -0.9451
0.0204 0.2003 -0.9589
0.0110 0.2016 -0.9733
0.0021 0.2031 -0.9876
-0.0063 0.2050 -1.0016
-0.0137 0.2074 -1.0146
-0.0204 0.2104 -1.0275
-0.0263 0.2135 -1.0404
-0.0314 0.2166 -1.0536
-0.0360 0.2191 -1.0670
-0.0403 0.2211 -1.0806
-0.0455 0.2225 -1.0939
-0.0505 0.2234 -1.1071
-0.0558 0.2239 -1.1200
-0.0614 0.2242 -1.1325
-0.0673 0.2243 -1.1445
-0.0734 0.2242 -1.1562
-0.0790 0.2251 -1.1665
-0.0854 0.2248 -1.1775
-0.0922 0.2235 -1.1886
-0.0994 0.2216 -1.2000
-0.1071 0.2189 -1.2115
-0.1148 0.2159 -1.2225
-0.1223 0.2129 -1.2325
-0.1312 0.2090 -1.2441
-0.1410 0.2049 -1.2563
-0.1516 0.2007 -1.2689
-0.1628 0.1970 -1.2815
-0.1740 0.1936 -1.2933
-0.1850 0.1907 -1.3037
-0.1976 0.1890 -1.3148
-0.2111 0.1882 -1.3257
-0.2252 0.1879 -1.3364
-0.2397 0.1878 -1.3470
-0.2544 0.1878 -1.3577
-0.2673 0.1866 -1.3675
-0.2814 0.1864 -1.3782
-0.2959 0.1866 -1.3892
-0.3105 0.1872 -1.4003
-0.3252 0.1883 -1.4112
-0.3398 0.1902 -1.4206
-0.3539 0.1932 -1.4280
-0.3685 0.1976 -1.4348
-0.3828 0.2031 -1.4408
-0.3967 0.2092 -1.4463
-0.4107 0.2153 -1.4516
-0.4254 0.2205 -1.4565
-0.4395 0.2251 -1.4588
-0.4554 0.2282 -1.4620
-0.4719 0.2300 -1.4652
-0.4883 0.2311 -1.4681
-0.5042 0.2317 -1.4711
-0.5193 0.2320 -1.4742
-0.5327 0.2322 -1.4761
-0.5465 0.2321 -1.4790
-0.5604 0.2318 -1.4821
-0.5745 0.2310 -1.4855
-0.5889 0.2297 -1.4893
-0.6034 0.2281 -1.4929
-0.6176 0.2265 -1.4963
-0.6329 0.2244 -1.5006
-0.6487 0.2222 -1.5054
-0.6647 0.2202 -1.5102
-0.6807 0.2186 -1.5152
-0.6965 0.2174 -1.5203
-0.7106 0.2142 -1.5221
-0.7257 0.2130 -1.5264
-0.7411 0.2126 -1.5319
-0.7568 0.2125 -1.5380
-0.7727 0.2125 -1.5444
-0.7885 0.2121 -1.5502
-0.8040 0.2110 -1.5551
-0.8197 0.2111 -1.5615
-0.8353 0.2118 -1.5687
-0.8507 0.2129 -1.5764
-0.8659 0.2142 -1.5847
-0.8808 0.2157 -1.5935
-0.8946 0.2185 -1.6008
-0.9085 0.2206 -1.6096
-0.9218 0.2226 -1.6191
-0.9345 0.2245 -1.6291
-0.9465 0.2261 -1.6398
-0.9579 0.2274 -1.6515
-0.9680 0.2302 -1.6627
-0.9782 0.2311 -1.6759
-0.9880 0.2312 -1.6901
-0.9973 0.2310 -1.7046
-1.0060 0.2309 -1.7190
-1.0140 0.2313 -1.7329
-1.0212 0.2331 -1.7454
-1.0280 0.2349 -1.7576
-1.0345 0.2368 -1.7696
-1.0409 0.2385 -1.7812
-1.0476 0.2397 -1.7927
-1.0546 0.2401 -1.8041
-1.0636 0.2419 -1.8150
-1.0723 0.2415 -1.8263
-1.0816 0.2400 -1.8377
-1.0915 0.2378 -1.8490
-1.1021 0.2353 -1.8602
-1.1134 0.2327 -1.8711
-1.1256 0.2319 -1.8814
-1.1380 0.2300 -1.8916
-1.1507 0.2280 -1.9017
-1.1638 0.2261 -1.9116
-1.1773 0.2247 -1.9212
-1.1910 0.2231 -1.9304
-1.2052 0.2211 -1.9389
-1.2197 0.2207 -1.9470
-1.2345 0.2211 -1.9547
-1.2497 0.2221 -1.9618
-1.2654 0.2237 -1.9683
-1.2820 0.2250 -1.9749
-1.2996 0.2257 -1.9814
-1.3171 0.2278 -1.9862
-1.3347 0.2305 -1.9895
-1.3521 0.2338 -1.9915
-1.3693 0.2374 -1.9925
-1.3864 0.2412 -1.9928
-1.4052 0.2438 -1.9943
-1.4235 0.2461 -1.9946
-1.4422 0.2475 -1.9941
-1.4613 0.2480 -1.9929
-1.4802 0.2478 -1.9911
-1.4984 0.2472 -1.9889
-1.5177 0.2456 -1.9890
-1.5347 0.2449 -1.9878
-1.5506 0.2443 -1.9865
-1.5659 0.2435 -1.9855
-1.5809 0.2421 -1.9851
-1.5960 0.2400 -1.9854
-1.6134 0.2357 -1.9895
-1.6295 0.2318 -1.9924
-1.6452 0.2278 -1.9953
-1.6607 0.2239 -1.9985
-1.6759 0.2200 -2.0022
-1.6910 0.2165 -2.0064
-1.7062 0.2126 -2.0119
-1.7208 0.2098 -2.0175
-1.7352 0.2076 -2.0236
-1.7496 0.2057 -2.0302
-1.7642 0.2041 -2.0374
-1.7789 0.2027 -2.0452
-1.7925 0.2005 -2.0549
-1.8071 0.1993 -2.0640
-1.8220 0.1988 -2.0730
-1.8368 0.1988 -2.0824
-1.8514 0.1994 -2.0922
-1.8649 0.2009 -2.1030
-1.8771 0.2036 -2.1150
-1.8898 0.2060 -2.1275
-1.9020 0.2086 -2.1405
-1.9135 0.2115 -2.1539
-1.9242 0.2147 -2.1675
-1.9426 0.2203 -2.1955
-1.9499 0.2214 -2.2103
-1.9580 0.2224 -2.2256
-1.9663 0.2228 -2.2415
-1.9747 0.2224 -2.2577
-1.9830 0.2216 -2.2739
-1.9910 0.2207 -2.2897
-1.9983 0.2203 -2.3047
-2.0051 0.2208 -2.3188
-2.0112 0.2219 -2.3319
-2.0170 0.2234 -2.3443
-2.0226 0.2251 -2.3561
-2.0267 0.2268 -2.3674
-2.0320 0.2278 -2.3784
-2.0378 0.2281 -2.3894
-2.0441 0.2274 -2.4003
-2.0509 0.2257 -2.4113
-2.0582 0.2232 -2.4224
-2.0653 0.2202 -2.4333
-2.0732 0.2166 -2.4444
-2.0817 0.2127 -2.4554
-2.0907 0.2088 -2.4663
-2.1000 0.2050 -2.4771
-2.1097 0.2014 -2.4879
-2.1202 0.1984 -2.4981
-2.1310 0.1958 -2.5083
-2.1422 0.1940 -2.5182
-2.1536 0.1931 -2.5278
-2.1652 0.1932 -2.5371
-2.1769 0.1941 -2.5462
-2.1874 0.1914 -2.5540
-2.1989 0.1923 -2.5624
-2.2107 0.1949 -2.5707
-2.2107 0.1949 -2.5707
-2.2228 0.1985 -2.5782
-2.2469 0.2073 -2.5901
-2.2586 0.2101 -2.5951
-2.2711 0.2146 -2.5997
-2.2846 0.2191 -2.6042
-2.2992 0.2230 -2.6087
-2.3151 0.2261 -2.6129
-2.3322 0.2275 -2.6168
-2.3500 0.2271 -2.6206
-2.3676 0.2274 -2.6227
-2.3845 0.2279 -2.6240
-2.4005 0.2283 -2.6252
-2.4155 0.2284 -2.6263
-2.4299 0.2281 -2.6278
-2.4452 0.2243 -2.6322
-2.4595 0.2217 -2.6356
-2.4736 0.2189 -2.6391
-2.4878 0.2156 -2.6430
-2.5021 0.2119 -2.6471
-2.5166 0.2080 -2.6514
-2.5317 0.2020 -2.6572
-2.5461 0.1979 -2.6623
-2.5601 0.1947 -2.6674
-2.5737 0.1921 -2.6725
-2.5872 0.1901 -2.6780
-2.6006 0.1885 -2.6837
-2.6142 0.1875 -2.6907
-2.6277 0.1868 -2.6974
-2.6412 0.1864 -2.7042
-2.6546 0.1865 -2.7108
-2.6676 0.1871 -2.7172
-2.6803 0.1884 -2.7236
-2.6925 0.1910 -2.7300
-2.7043 0.1934 -2.7367
-2.7157 0.1957 -2.7440
-2.7270 0.1979 -2.7519
-2.7383 0.2001 -2.7603
-2.7494 0.2022 -2.7691
-2.7601 0.2048 -2.7780
-2.7705 0.2071 -2.7867
-2.7804 0.2095 -2.7951
-2.7896 0.2118 -2.8030
-2.7982 0.2139 -2.8108
-2.8063 0.2156 -2.8188
-2.8141 0.2176 -2.8271
-2.8220 0.2182 -2.8360
-2.8302 0.2178 -2.8454
-2.8388 0.2167 -2.8550
-2.8478 0.2152 -2.8643
-2.8568 0.2139 -2.8726
-2.8670 0.2142 -2.8797
-2.8753 0.2152 -2.8853
-2.8824 0.2170 -2.8897
-2.8888 0.2195 -2.8932
-2.8950 0.2221 -2.8961
-2.9012 0.2243 -2.8987
-2.9072 0.2267 -2.9008
-2.9143 0.2277 -2.9029
-2.9225 0.2278 -2.9050
-2.9318 0.2270 -2.9069
-2.9420 0.2257 -2.9085
-2.9529 0.2240 -2.9096
-2.9646 0.2236 -2.9105
-2.9763 0.2223 -2.9106
-2.9880 0.2209 -2.9103
-2.9995 0.2195 -2.9096
-3.0108 0.2184 -2.9084
-3.0218 0.2173 -2.9068
-3.0324 0.2163 -2.9054
-3.0429 0.2155 -2.9034
-3.0530 0.2149 -2.9011
-3.0629 0.2144 -2.8984
-3.0725 0.2141 -2.8954
-3.0818 0.2141 -2.8920
-3.0925 0.2147 -2.8898
-3.1017 0.2154 -2.8862
-3.1103 0.2162 -2.8820
-3.1189 0.2171 -2.8778
-3.1279 0.2178 -2.8736
-3.1374 0.2180 -2.8690
-3.1471 0.2181 -2.8643
-3.1563 0.2176 -2.8584
-3.1643 0.2170 -2.8516
-3.1708 0.2168 -2.8444
-3.1759 0.2169 -2.8371
-3.1798 0.2176 -2.8300
-3.1833 0.2186 -2.8234
-3.1863 0.2190 -2.8165
-3.1890 0.2188 -2.8093
-3.1912 0.2182 -2.8014
-3.1928 0.2171 -2.7931
-3.1937 0.2163 -2.7844
-3.1941 0.2159 -2.7759
-3.1930 0.2149 -2.7671
-3.1908 0.2139 -2.7585
-3.1876 0.2127 -2.7500
-3.1838 0.2114 -2.7418
-3.1793 0.2101 -2.7339
-3.1778 0.2101 -2.7273
-3.1736 0.2092 -2.7202
-3.1682 0.2081 -2.7130
-3.1624 0.2069 -2.7059
-3.1561 0.2057 -2.6988
-3.1497 0.2044 -2.6917
-3.1425 0.2035 -2.6862
-3.1357 0.2024 -2.6797
-3.1289 0.2013 -2.6729
-3.1220 0.2004 -2.6659
-3.1148 0.1996 -2.6590
-3.1074 0.1990 -2.6520
-3.0995 0.1991 -2.6478
-3.0917 0.1990 -2.6420
-3.0838 0.1991 -2.6357
-3.0757 0.1993 -2.6292
-3.0672 0.1996 -2.6226
-3.0583 0.2001 -2.6159
-3.0484 0.2012 -2.6113
-3.0388 0.2018 -2.6052
-3.0292 0.2022 -2.5985
-3.0194 0.2026 -2.5915
-3.0094 0.2029 -2.5844
-2.9986 0.2036 -2.5777
-2.9871 0.2047 -2.5716
-2.9750 0.2057 -2.5649
-2.9622 0.2067 -2.5580
-2.9489 0.2077 -2.5511
-2.9352 0.2087 -2.5442
-2.9211 0.2098 -2.5375
-2.9067 0.2108 -2.5312
-2.8920 0.2110 -2.5238
-2.8769 0.2106 -2.5156
-2.8617 0.2095 -2.5070
-2.8464 0.2080 -2.4979
-2.8310 0.2063 -2.4893
-2.8155 0.2046 -2.4816
-2.7997 0.2025 -2.4733
-2.7836 0.2004 -2.4652
-2.7674 0.1983 -2.4578
-2.7514 0.1962 -2.4511
-2.7357 0.1941 -2.4449
-2.7203 0.1924 -2.4403
-2.7051 0.1900 -2.4350
-2.6902 0.1870 -2.4295
-2.6754 0.1836 -2.4238
-2.6607 0.1797 -2.4178
-2.6460 0.1756 -2.4117
-2.6298 0.1716 -2.4058
-2.6146 0.1673 -2.3994
-2.5998 0.1629 -2.3926
-2.5849 0.1587 -2.3856
-2.5699 0.1548 -2.3784
-2.5546 0.1512 -2.3710
-2.5389 0.1481 -2.3634
-2.5229 0.1454 -2.3557
-2.5066 0.1432 -2.3478
-2.4900 0.1414 -2.3398
-2.4731 0.1398 -2.3315
-2.4560 0.1384 -2.3230
-2.4387 0.1373 -2.3138
-2.4212 0.1363 -2.3045
-2.4035 0.1355 -2.2951
-2.3856 0.1351 -2.2858
-2.3676 0.1351 -2.2767
-2.3496 0.1355 -2.2677
-2.3316 0.1364 -2.2590
-2.3126 0.1376 -2.2512
-2.2931 0.1391 -2.2447
-2.2732 0.1412 -2.2397
-2.2534 0.1438 -2.2363
-2.2341 0.1467 -2.2343
-2.2153 0.1497 -2.2334
-2.1955 0.1522 -2.2333
-2.1749 0.1541 -2.2339
-2.1534 0.1553 -2.2353
-2.1315 0.1557 -2.2378
-2.0881 0.1549 -2.2449
-2.0671 0.1539 -2.2490
-2.0465 0.1525 -2.2533
-2.0265 0.1509 -2.2575
-2.0069 0.1491 -2.2617
-1.9684 0.1446 -2.2695
-1.9497 0.1419 -2.2731
-1.9497 0.1419 -2.2731
-1.9316 0.1390 -2.2765
-1.9129 0.1358 -2.2789
-1.8940 0.1325 -2.2807
-1.8752 0.1293 -2.2817
-1.8563 0.1264 -2.2819
-1.8373 0.1236 -2.2815
-1.8180 0.1211 -2.2804
-1.7985 0.1188 -2.2785
-1.7787 0.1169 -2.2759
-1.7587 0.1155 -2.2722
-1.7386 0.1148 -2.2675
-1.7203 0.1143 -2.2617
-1.7006 0.1150 -2.2547
-1.6803 0.1165 -2.2466
-1.6597 0.1190 -2.2377
-1.6392 0.1227 -2.2284
-1.6207 0.1274 -2.2195
-1.6020 0.1333 -2.2105
-1.5838 0.1399 -2.2014
-1.5664 0.1467 -2.1918
-1.5495 0.1531 -2.1814
-1.5338 0.1586 -2.1700
-1.5194 0.1630 -2.1576
-1.5031 0.1663 -2.1445
-1.4861 0.1687 -2.1311
-1.4689 0.1705 -2.1178
-1.4517 0.1721 -2.1050
-1.4357 0.1738 -2.0929
-1.4214 0.1756 -2.0813
-1.4060 0.1779 -2.0703
-1.3904 0.1802 -2.0596
-1.3746 0.1821 -2.0489
-1.3585 0.1835 -2.0382
-1.3247 0.1839 -2.0173
-1.3069 0.1830 -2.0071
-1.2884 0.1816 -1.9972
-1.2695 0.1797 -1.9874
-1.2502 0.1774 -1.9779
-1.2107 0.1723 -1.9596
-1.1907 0.1695 -1.9505
-1.1907 0.1695 -1.9505
-1.1705 0.1666 -1.9416
-1.1501 0.1635 -1.9328
-1.1295 0.1606 -1.9244
-1.1089 0.1578 -1.9163
-1.0917 0.1558 -1.9081
-1.0724 0.1542 -1.9010
-1.0526 0.1533 -1.8949
-1.0331 0.1534 -1.8900
-1.0141 0.1547 -1.8863
-0.9958 0.1570 -1.8838
-0.9838 0.1598 -1.8797
-0.9679 0.1631 -1.8777
-0.9500 0.1663 -1.8768
-0.9309 0.1691 -1.8770
-0.9109 0.1714 -1.8781
-0.8903 0.1733 -1.8800
-0.8668 0.1722 -1.8641
-0.8451 0.1725 -1.8604
-0.8241 0.1728 -1.8602
-0.8033 0.1729 -1.8609
-0.7826 0.1724 -1.8613
-0.7657 0.1720 -1.8624
-0.7543 0.1720 -1.8644
-0.7362 0.1700 -1.8640
-0.7158 0.1669 -1.8623
-0.6945 0.1632 -1.8597
-0.6730 0.1591 -1.8563
-0.6549 0.1551 -1.8526
-0.6414 0.1516 -1.8485
-0.6230 0.1477 -1.8427
-0.6033 0.1440 -1.8357
-0.5833 0.1407 -1.8275
-0.5633 0.1377 -1.8182
-0.5433 0.1353 -1.8081
-0.5297 0.1286 -1.7945
-0.5121 0.1264 -1.7823
-0.4934 0.1264 -1.7704
-0.4744 0.1278 -1.7586
-0.4555 0.1302 -1.7469
-0.4367 0.1334 -1.7352
-0.4317 0.1338 -1.7226
-0.4183 0.1365 -1.7099
-0.4024 0.1397 -1.6968
-0.3859 0.1426 -1.6829
-0.3692 0.1449 -1.6681
-0.3523 0.1464 -1.6525
-0.3507 0.1473 -1.6379
-0.3391 0.1479 -1.6222
-0.3249 0.1488 -1.6064
-0.3107 0.1505 -1.5911
-0.2971 0.1530 -1.5763
-0.2844 0.1559 -1.5619
-0.2822 0.1575 -1.5485
-0.2734 0.1594 -1.5344
-0.2623 0.1607 -1.5203
-0.2501 0.1611 -1.5060
-0.2371 0.1605 -1.4918
-0.2233 0.1590 -1.4777
-0.2176 0.1569 -1.4663
-0.2055 0.1542 -1.4532
-0.1912 0.1511 -1.4397
-0.1762 0.1477 -1.4262
-0.1609 0.1443 -1.4128
-0.1456 0.1410 -1.3997
-0.1357 0.1351 -1.3855
-0.1224 0.1313 -1.3727
-0.1079 0.1285 -1.3605
-0.0932 0.1265 -1.3489
-0.0783 0.1253 -1.3377
-0.0631 0.1246 -1.3270
-0.0552 0.1184 -1.3139
-0.0418 0.1171 -1.3039
-0.0269 0.1178 -1.2959
-0.0120 0.1195 -1.2889
0.0024 0.1219 -1.2823
0.0304 0.1266 -1.2678
0.0450 0.1281 -1.2600
0.0607 0.1288 -1.2523
0.0776 0.1291 -1.2452
0.0951 0.1292 -1.2389
0.1296 0.1296 -1.2277
0.1442 0.1281 -1.2242
0.1442 0.1281 -1.2242
0.1592 0.1274 -1.2183
0.1740 0.1265 -1.2109
0.1886 0.1249 -1.2022
0.2031 0.1226 -1.1926
0.2175 0.1197 -1.1822
0.2319 0.1163 -1.1710
0.2462 0.1127 -1.1592
0.2601 0.1089 -1.1468
0.2735 0.1053 -1.1337
0.2863 0.1019 -1.1200
0.2928 0.0991 -1.1052
0.3024 0.0963 -1.0901
0.3128 0.0937 -1.0745
0.3232 0.0913 -1.0583
0.3334 0.0892 -1.0418
0.3433 0.0874 -1.0248
0.3483 0.0890 -1.0084
0.3564 0.0891 -0.9909
0.3653 0.0892 -0.9731
0.3741 0.0900 -0.9551
0.3825 0.0919 -0.9374
0.3894 0.0953 -0.9208
0.3947 0.1000 -0.9053
0.4000 0.1044 -0.8896
0.4049 0.1083 -0.8736
0.4093 0.1112 -0.8569
0.4134 0.1131 -0.8393
0.4174 0.1141 -0.8209
0.4215 0.1147 -0.8022
0.4253 0.1150 -0.7837
0.4286 0.1157 -0.7661
0.4313 0.1171 -0.7494
0.4331 0.1191 -0.7336
0.4335 0.1217 -0.7186
0.4323 0.1247 -0.7041
0.4318 0.1265 -0.6895
0.4317 0.1276 -0.6749
0.4317 0.1281 -0.6602
0.4319 0.1281 -0.6455
0.4325 0.1277 -0.6308
0.4320 0.1282 -0.6165
0.4328 0.1277 -0.6020
0.4343 0.1268 -0.5875
0.4361 0.1256 -0.5730
0.4383 0.1242 -0.5585
0.4406 0.1235 -0.5440
0.4428 0.1240 -0.5298
0.4459 0.1226 -0.5152
0.4493 0.1205 -0.5005
0.4529 0.1183 -0.4859
0.4564 0.1162 -0.4713
0.4598 0.1145 -0.4566
0.4621 0.1145 -0.4438
0.4650 0.1141 -0.4296
0.4683 0.1142 -0.4153
0.4720 0.1153 -0.4018
0.4759 0.1172 -0.3895
0.4796 0.1195 -0.3780
0.4827 0.1217 -0.3666
0.4849 0.1236 -0.3554
0.4863 0.1246 -0.3437
0.4869 0.1246 -0.3312
0.4871 0.1237 -0.3179
0.4870 0.1221 -0.3042
0.4866 0.1201 -0.2906
0.4859 0.1188 -0.2773
0.4847 0.1180 -0.2644
0.4823 0.1174 -0.2520
0.4787 0.1169 -0.2398
0.4737 0.1160 -0.2279
0.4674 0.1145 -0.2163
0.4596 0.1129 -0.2047
0.4508 0.1111 -0.1932
0.4413 0.1092 -0.1821
0.4311 0.1072 -0.1715
0.4205 0.1052 -0.1615
0.4095 0.1032 -0.1522
0.3983 0.1015 -0.1437
0.3870 0.1003 -0.1361
0.3758 0.0994 -0.1293
0.3648 0.0990 -0.1231
0.3543 0.0988 -0.1174
0.3441 0.0980 -0.1127
0.3347 0.0981 -0.1076
0.3261 0.0986 -0.1024
0.3182 0.0993 -0.0972
0.3109 0.1001 -0.0918
0.3042 0.1006 -0.0863
0.2982 0.1014 -0.0841
0.2926 0.1015 -0.0794
0.2875 0.1012 -0.0739
0.2829 0.1006 -0.0682
0.2788 0.0999 -0.0626
0.2752 0.1003 -0.0582
0.2721 0.1025 -0.0557
0.2694 0.1028 -0.0511
0.2673 0.1027 -0.0457
0.2658 0.1023 -0.0399
0.2647 0.1021 -0.0336
0.2640 0.1018 -0.0266
0.2631 0.1025 -0.0243
0.2627 0.1021 -0.0180
0.2626 0.1015 -0.0105
0.2630 0.1013 -0.0028
0.2640 0.1017 0.0048
0.2654 0.1025 0.0121
0.1815 0.1783 0.0406
0.1561 0.2027 0.0536
0.1489 0.2105 0.0615
0.1473 0.2128 0.0676
0.1473 0.2132 0.0730
0.1480 0.2130 0.0783
0.1490 0.2128 0.0835
0.1495 0.2125 0.0884
0.1498 0.2124 0.0929
0.1499 0.2124 0.0970
0.1499 0.2126 0.1006
0.1502 0.2129 0.1040
0.1509 0.2134 0.1071
0.1515 0.2142 0.1099
0.1520 0.2150 0.1124
0.1524 0.2157 0.1147
0.1527 0.2160 0.1167
0.1528 0.2160 0.1184
0.1540 0.2167 0.1197
0.1545 0.2169 0.1211
0.1547 0.2170 0.1225
0.1549 0.2173 0.1237
0.1551 0.2176 0.1248
0.1553 0.2178 0.1257
0.1568 0.2186 0.1266
0.1576 0.2189 0.1274
0.1582 0.2189 0.1282
0.1589 0.2189 0.1289
0.1596 0.2189 0.1297
0.1602 0.2188 0.1305
0.1609 0.2185 0.1315
0.1614 0.2184 0.1323
0.1619 0.2185 0.1330
0.1623 0.2187 0.1337
0.1626 0.2189 0.1343
0.1627 0.2190 0.1348
0.1630 0.2189 0.1350
0.1629 0.2188 0.1352
0.1626 0.2188 0.1352
0.1622 0.2188 0.1352
0.1618 0.2189 0.1351
0.1613 0.2190 0.1350
0.1616 0.2194 0.1347
0.1615 0.2195 0.1345
0.1613 0.2197 0.1343
0.1611 0.2198 0.1341
0.1609 0.2199 0.1340
0.1607 0.2200 0.1338
0.1606 0.2199 0.1334
0.1604 0.2197 0.1332
0.1600 0.2194 0.1331
0.1597 0.2189 0.1330
0.1593 0.2185 0.1330
0.1590 0.2181 0.1330
0.1590 0.2177 0.1330
0.1588 0.2174 0.1329
0.1586 0.2171 0.1329
0.1585 0.2169 0.1328
0.1583 0.2168 0.1327
0.1582 0.2167 0.1326
0.1581 0.2132 0.1336
0.1580 0.2119 0.1339
0.1579 0.2113 0.1340
0.1578 0.2109 0.1340
0.1577 0.2106 0.1340
0.1576 0.2103 0.1340
0.1578 0.2110 0.1337
0.1578 0.2111 0.1337
0.1578 0.2108 0.1336
0.1577 0.2105 0.1336
0.1576 0.2102 0.1335
0.1576 0.2100 0.1334
0.1574 0.2096 0.1332
0.1574 0.2095 0.1331
0.1574 0.2093 0.1329
0.1573 0.2092 0.1327
0.1573 0.2090 0.1325
0.1573 0.2089 0.1324
0.1575 0.2088 0.1321
0.1575 0.2088 0.1318
0.1575 0.2088 0.1316
0.1575 0.2088 0.1314
0.1575 0.2088 0.1313
0.1575 0.2087 0.1311
0.1575 0.2099 0.1310
0.1575 0.2103 0.1309
0.1575 0.2104 0.1308
0.1575 0.2104 0.1307
0.1575 0.2104 0.1306
0.1575 0.2104 0.1305
0.1573 0.2109 0.1302
0.1573 0.2111 0.1301
0.1572 0.2112 0.1300
0.1572 0.2113 0.1299
0.1572 0.2114 0.1299
0.1572 0.2114 0.1298
0.1570 0.2114 0.1299
0.1570 0.2114 0.1299
0.1570 0.2114 0.1299
0.1569 0.2114 0.1299
0.1568 0.2113 0.1299
0.1567 0.2112 0.1298
0.1570 0.2121 0.1294
0.1571 0.2124 0.1292
0.1572 0.2125 0.1291
0.1573 0.2125 0.1291
0.1573 0.2125 0.1290
0.1574 0.2124 0.1289
0.1572 0.2120 0.1288
0.1573 0.2119 0.1287
0.1574 0.2118 0.1287
0.1575 0.2118 0.1286
0.1577 0.2119 0.1286
0.1578 0.2120 0.1286
0.1576 0.2114 0.1289
0.1577 0.2114 0.1290
0.1577 0.2114 0.1289
0.1578 0.2114 0.1289
0.1579 0.2115 0.1289
0.1579 0.2115 0.1288
0.1581 0.2116 0.1287
0.1583 0.2117 0.1287
0.1584 0.2117 0.1287
0.1586 0.2117 0.1286
0.1587 0.2116 0.1286
0.1589 0.2116 0.1286
0.1590 0.2117 0.1285
0.1591 0.2117 0.1285
0.1593 0.2116 0.1284
0.1594 0.2116 0.1283
0.1596 0.2116 0.1283
0.1598 0.2116 0.1281
0.1600 0.2115 0.1280
0.1601 0.2115 0.1278
0.1603 0.2115 0.1277
0.1604 0.2116 0.1276
0.1605 0.2117 0.1275
0.1608 0.2117 0.1272
0.1608 0.2116 0.1271
0.1609 0.2116 0.1270
0.1610 0.2115 0.1269
0.1611 0.2114 0.1268
0.1613 0.2114 0.1265
0.1614 0.2113 0.1264
0.1614 0.2113 0.1264
0.1614 0.2119 0.1265
0.1615 0.2121 0.1265
0.1616 0.2121 0.1265
0.1617 0.2122 0.1265
0.1617 0.2122 0.1264
0.1618 0.2123 0.1263
0.1619 0.2123 0.1262
0.1620 0.2123 0.1262
0.1621 0.2123 0.1262

