0.0000 0.0000 0.0000
0.0000 0.0000 0.0000
0.0000 0.0000 0.0000
0.0000 0.0000 0.0000
-0.0075 -0.0136 -0.0084
0.0290 -0.0176 -0.0137
0.0482 -0.0023 -0.0129
0.0514 0.0179 -0.0126
0.0555 0.0358 -0.0055
0.0537 0.0275 -0.0046
0.0492 0.0203 -0.0052
0.0403 0.0190 0.0045
0.0278 0.0161 0.0246
0.0216 0.0170 0.0367
0.0132 0.0300 0.0414
0.0121 0.0592 0.0294
0.0209 0.0753 0.0201
0.0309 0.0870 0.0274
0.0206 0.0721 0.0375
0.0206 0.0721 0.0375
-0.0321 0.0133 0.0340
-0.0112 0.0370 0.0296
0.0364 0.0721 0.0099
0.0216 0.0576 0.0053
0.0136 0.0334 0.0341
-0.0052 0.0237 0.0312
-0.0105 0.0159 0.0270
0.0027 0.0310 0.0174
-0.0095 0.0346 0.0311
-0.0339 0.0172 0.0537
-0.0208 0.0481 0.0369
0.0137 0.0829 0.0177
0.0081 0.0477 0.0137
0.0142 0.0087 0.0212
0.0276 -0.0074 0.0139
0.0355 -0.0152 0.0041
0.0424 -0.0082 -0.0160
0.0348 0.0039 -0.0075
0.0259 0.0048 -0.0035
0.0066 0.0140 0.0015
-0.0059 0.0077 -0.0038
-0.0019 0.0026 -0.0067
0.0035 0.0165 -0.0151
-0.0045 0.0189 -0.0199
-0.0060 0.0170 -0.0340
-0.0086 0.0207 -0.0364
-0.0139 0.0406 -0.0280
-0.0014 0.0584 -0.0093
0.0014 0.0203 0.0010
-0.0008 -0.0055 -0.0001
-0.0082 -0.0529 -0.0021
0.0024 -0.0430 -0.0055
0.0124 -0.0193 -0.0051
0.0268 0.0335 -0.0023
0.0325 0.0095 0.0008
0.0161 -0.0058 -0.0017
0.0042 -0.0203 -0.0109
0.0295 -0.0236 -0.0053
0.0352 -0.0132 0.0005
0.0161 0.0052 -0.0061
0.0157 0.0057 -0.0023
-0.0025 0.0215 0.0152
-0.0223 0.0201 0.0417
-0.0205 0.0197 0.0435
0.0158 -0.0132 0.0235
0.0285 -0.0281 -0.0042
0.0234 -0.0173 -0.0074
0.0093 0.0009 0.0203
-0.0006 0.0011 0.0416
-0.0011 -0.0140 0.0422
0.0079 -0.0366 0.0299
0.0168 -0.0418 0.0139
0.0278 -0.0326 -0.0009
0.0407 -0.0189 0.0080
0.0311 -0.0159 0.0135
0.0099 -0.0119 0.0209
0.0141 -0.0080 0.0228
0.0144 0.0010 0.0171
0.0155 0.0196 0.0077
0.0141 0.0162 0.0081
0.0142 0.0136 0.0112
-0.0050 0.0054 0.0145
0.0077 -0.0129 0.0069
0.0160 -0.0220 0.0071
0.0200 -0.0219 0.0008
0.0100 0.0099 0.0022
0.0059 0.0368 0.0117
-0.0075 0.0728 0.0436
-0.0117 0.0575 0.0684
-0.0059 0.0200 0.0618
0.0167 -0.0259 0.0417
0.0492 -0.0154 0.0272
0.0562 0.0018 0.0274
0.0433 0.0051 0.0455
0.0245 -0.0315 0.0659
0.0151 -0.0530 0.0628
0.0110 -0.0437 0.0403
0.0201 -0.0106 0.0230
0.0392 0.0736 0.0075
0.0538 0.0781 0.0086
0.0483 0.0553 0.0133
0.0156 -0.0106 0.0165
0.0032 -0.0320 0.0215
0.0081 -0.0343 0.0195
0.0126 -0.0347 0.0140
0.0043 -0.0343 -0.0042
0.0024 -0.0225 -0.0131
0.0128 0.0027 -0.0266
0.0243 0.0115 -0.0123
0.0141 0.0066 -0.0019
-0.0092 -0.0231 -0.0060
0.0001 -0.0379 -0.0099
0.0152 -0.0346 -0.0056
0.0150 -0.0012 0.0043
-0.0001 0.0212 0.0192
-0.0035 0.0186 0.0292
0.0011 -0.0122 0.0183
0.0203 -0.0229 0.0025
0.0264 -0.0079 0.0012
0.0285 0.0261 0.0150
0.0058 0.0440 0.0223
0.0040 0.0422 0.0217
0.0132 0.0176 0.0147
0.0210 0.0099 0.0109
0.0243 0.0101 0.0150
0.0330 -0.0110 0.0201
0.0369 -0.0257 0.0118
0.0243 -0.0307 0.0047
0.0220 0.0090 0.0073
0.0217 0.0454 0.0140
0.0182 0.0845 0.0363
0.0204 0.0162 0.0447
0.0226 -0.0229 0.0333
0.0211 -0.0572 0.0047
0.0346 -0.0108 -0.0005
0.0436 0.0217 0.0031
0.0423 0.0356 0.0022
0.0233 -0.0252 -0.0008
0.0166 -0.0425 -0.0042
0.0134 -0.0285 -0.0094
0.0113 0.0224 -0.0036
0.0087 0.0329 0.0031
-0.0056 0.0277 0.0162
-0.0041 0.0074 0.0084
-0.0059 0.0020 0.0022
-0.0085 0.0233 0.0052
-0.0084 0.0387 0.0171
-0.0041 0.0271 0.0240
0.0037 -0.0074 0.0117
0.0188 -0.0321 -0.0020
0.0152 -0.0306 -0.0053
0.0236 -0.0120 -0.0114
0.0362 -0.0071 -0.0086
0.0430 -0.0088 -0.0132
0.0497 -0.0236 -0.0185
0.0454 -0.0391 -0.0193
0.0428 -0.0451 -0.0113
0.0344 -0.0070 0.0079
0.0297 -0.0012 0.0156
0.0338 -0.0150 0.0185
0.0249 -0.0270 0.0081
0.0225 -0.0215 0.0085
0.0157 0.0097 0.0171
0.0173 0.0156 0.0184
0.0123 0.0156 0.0132
0.0090 0.0037 0.0032
0.0101 0.0024 0.0013
0.0148 0.0087 0.0026
0.0208 -0.0041 -0.0090
0.0201 -0.0259 -0.0220
0.0216 -0.0300 -0.0283
0.0202 -0.0094 -0.0159
0.0154 0.0400 0.0049
0.0130 0.0461 0.0121
0.0083 -0.0032 0.0221
0.0135 -0.0316 0.0065
0.0235 -0.0323 0.0023
0.0470 -0.0028 -0.0107
0.0527 0.0245 -0.0073
0.0465 0.0182 0.0039
0.0337 -0.0153 0.0168
0.0275 -0.0443 0.0070
0.0346 -0.0314 0.0030
0.0460 0.0263 0.0038
0.0549 0.0428 0.0025
0.0538 0.0120 0.0066
0.0465 -0.0064 -0.0007
0.0435 -0.0057 -0.0007
0.0228 0.0205 0.0220
0.0187 0.0371 0.0361
0.0168 0.0234 0.0333
0.0192 -0.0166 0.0212
0.0244 -0.0327 0.0063
0.0310 -0.0198 0.0014
0.0476 0.0049 -0.0031
0.0338 0.0213 0.0089
0.0324 0.0157 0.0199
0.0379 0.0010 0.0290
0.0311 -0.0281 0.0320
0.0320 -0.0235 0.0294
0.0475 -0.0174 0.0283
0.0565 -0.0054 0.0239
0.0627 -0.0071 0.0183
0.0451 -0.0339 0.0286
0.0167 -0.0350 0.0365
0.0095 -0.0177 0.0397
0.0246 0.0229 0.0328
0.0389 0.0191 0.0172
0.0312 0.0074 0.0104
0.0018 -0.0022 0.0124
-0.0119 0.0017 0.0264
-0.0253 -0.0032 0.0438
-0.0382 -0.0020 0.0301
-0.0290 -0.0083 0.0080
0.0083 0.0076 -0.0371
0.0328 0.0334 -0.0547
0.0231 0.0541 -0.0417
-0.0208 0.0399 0.0090
-0.0396 -0.0305 0.0204
-0.0226 -0.0560 0.0022
0.0371 -0.0576 -0.0374
0.0679 0.0032 -0.0347
0.0620 0.0229 -0.0156
0.0078 -0.0083 0.0234
-0.0195 -0.0273 0.0413
-0.0137 -0.0155 0.0321
0.0226 0.0446 0.0013
0.0416 0.0681 -0.0169
0.0305 0.0628 -0.0095
-0.0095 0.0300 0.0158
-0.0229 0.0045 0.0439
-0.0191 -0.0045 0.0440
-0.0134 0.0224 0.0311
-0.0016 0.0635 0.0326
0.0007 0.0651 0.0405
-0.0151 0.0427 0.0585
-0.0292 0.0261 0.0612
-0.0278 0.0312 0.0687
-0.0022 0.0396 0.0689
0.0025 0.0336 0.0623
-0.0097 -0.0013 0.0490
-0.0145 -0.0035 0.0482
-0.0087 0.0040 0.0451
0.0021 0.0181 0.0410
-0.0038 0.0081 0.0353
-0.0071 0.0044 0.0359
-0.0116 -0.0045 0.0300
-0.0120 0.0167 0.0340
-0.0088 0.0256 0.0340
-0.0064 0.0079 0.0271
-0.0195 -0.0044 0.0119
-0.0115 -0.0044 0.0112
-0.0064 -0.0030 0.0035
-0.0034 0.0121 -0.0027
-0.0030 0.0179 0.0089
-0.0084 0.0049 0.0055
-0.0057 -0.0059 -0.0088
-0.0048 0.0047 -0.0107
0.0129 0.0330 -0.0037
0.0174 0.0354 0.0094
0.0175 0.0217 0.0141
0.0039 0.0001 0.0157
0.0157 -0.0034 0.0175
0.0246 0.0007 0.0203
0.0196 -0.0143 0.0163
0.0123 -0.0099 0.0147
0.0138 0.0015 0.0149
0.0151 0.0135 0.0173
0.0105 0.0185 0.0184
0.0020 0.0146 0.0175
0.0207 0.0058 0.0035
0.0325 -0.0005 -0.0053
0.0343 -0.0027 -0.0242
0.0105 0.0097 -0.0097
0.0065 0.0095 0.0023
0.0073 -0.0027 0.0214
-0.0016 -0.0191 0.0265
-0.0040 -0.0233 0.0282
0.0094 -0.0163 0.0165
0.0272 -0.0040 0.0036
0.0308 0.0034 -0.0035
0.0343 -0.0104 -0.0090
0.0198 -0.0304 0.0008
0.0065 -0.0266 0.0047
0.0092 -0.0050 0.0130
0.0258 -0.0010 0.0115
0.0335 0.0028 0.0075
0.0313 0.0104 0.0070
0.0378 -0.0026 0.0121
0.0360 -0.0050 0.0148
0.0233 -0.0002 0.0234
0.0219 -0.0026 0.0249
0.0266 -0.0063 0.0263
0.0336 -0.0108 0.0233
0.0337 -0.0214 0.0226
0.0290 -0.0424 0.0157
0.0331 -0.0560 0.0054
0.0275 -0.0525 0.0057
0.0158 -0.0324 -0.0152
0.0470 -0.0467 -0.0443
0.0805 -0.0330 -0.0598
0.1419 0.0553 -0.0852
0.2936 0.1789 -0.1173
0.3464 0.1717 -0.1303
0.3894 0.2017 -0.2363
0.4860 -0.0003 -0.3591
0.4571 -0.0391 -0.4206
0.4983 0.0108 -0.5473
0.7141 0.2287 -0.6518
0.7582 0.3604 -0.7205
0.8149 0.3644 -0.8243
0.7338 0.2594 -0.7199
0.6253 0.1741 -0.6824
0.3366 0.1832 -0.5487
0.2007 0.2899 -0.3462
0.1615 0.3252 -0.3209
0.1106 0.1660 -0.4347
0.0936 -0.0146 -0.6858
0.1105 0.0049 -0.7943
0.2434 0.2301 -0.8824
0.3695 0.3771 -0.8997
0.4095 0.3933 -0.8842
0.5329 0.5514 -0.9058
0.6265 0.7468 -0.9546
0.9281 1.3988 -1.1467
0.9247 0.7713 -2.1331
0.7313 -0.3426 -1.5419
0.7537 -0.2433 -0.6487
0.3160 0.6952 -0.6690
-0.0058 0.9874 -0.5728
-0.5389 0.4507 -0.4240
-0.2275 -0.8214 -0.7856
0.1055 -0.9329 -0.9288
0.4639 -1.4028 -0.7913
0.6035 -1.1437 -0.1718
0.6016 -1.0610 0.0101
0.5295 -1.0752 0.0324
0.5143 -0.8398 -0.0840
0.4964 -0.7422 -0.2333
0.5240 -0.4199 -0.5947
0.4160 -0.4336 -0.6529
0.3797 -0.5109 -0.5778
0.4246 -0.8255 -0.4070
0.4369 -1.0244 -0.4015
0.3960 -0.9836 -0.4468
0.2643 -0.6712 -0.5137
0.1578 -0.5018 -0.4644
0.1658 -0.4809 -0.4503
0.2560 -0.5808 -0.4428
0.2657 -0.6074 -0.4673
0.2508 -0.5082 -0.4947
0.2358 -0.2730 -0.5034
0.2424 -0.1994 -0.4767
0.3442 -0.2502 -0.3906
0.4717 -0.3435 -0.3314
0.4753 -0.3339 -0.2768
0.3406 -0.2310 -0.1810
0.2267 -0.1210 -0.1230
0.2279 -0.0658 -0.0917
0.2973 -0.0602 -0.0362
0.4100 -0.0664 -0.0021
0.3998 -0.0931 -0.0003
0.2335 0.1149 -0.1156
0.4043 0.2370 -0.1000
0.4522 0.1810 -0.0442
0.4228 0.1432 0.0906
0.4464 0.2340 0.1639
0.5013 0.2893 0.1764
0.5724 0.3634 0.1554
0.4280 0.4070 0.1995
0.3160 0.3470 0.2252
0.1185 0.2575 0.1915
0.2112 0.3717 0.1634
0.2117 0.3326 0.1914
0.1118 0.2524 0.2074
-0.0196 0.1281 0.1653
-0.1404 0.2642 0.0921
-0.2507 0.6321 0.0802
-0.2756 0.8458 -0.0244
-0.2097 0.6521 -0.1609
-0.1567 0.5429 -0.2450
-0.1341 0.3439 -0.3142
-0.3841 0.3918 -0.3140
-0.4619 0.6391 -0.2903
-0.3858 0.7097 -0.2500
-0.3175 0.6333 -0.2114
-0.1897 0.3020 -0.1433
0.0260 0.1199 -0.1357
0.1561 0.0485 -0.1822
0.3106 -0.0627 -0.2186
0.2737 -0.1366 -0.1992
0.2543 -0.1275 -0.1753
0.2657 -0.0386 -0.1365
0.3128 0.0364 -0.1216
0.3562 0.0309 -0.1017
0.3986 0.0218 -0.0738
0.2967 0.0134 -0.0379
0.2399 0.0652 -0.0100
0.2014 0.1259 0.0509
0.2112 -0.0596 0.0579
0.2141 -0.0891 0.0413
0.2392 -0.0658 0.0098
0.2447 -0.1425 0.0438
0.2258 -0.2258 0.0629
0.2531 -0.2205 -0.0062
0.2763 -0.1940 -0.0734
0.2816 -0.1452 -0.1668
0.1925 -0.1180 -0.2090
0.1194 -0.1117 -0.2029
-0.0233 -0.0913 -0.1674
-0.0567 0.0257 -0.1294
-0.0306 0.0954 -0.1252
0.0446 0.1469 -0.1292
0.0557 0.1029 -0.1198
0.0671 0.0558 -0.0986
0.0787 -0.0197 -0.0611
0.0914 -0.0356 -0.0023
0.0882 -0.0356 0.0028
0.0636 0.0213 0.0029
0.0871 0.0944 -0.0078
0.1087 0.0776 -0.0238
0.1205 0.0485 -0.0355
0.0712 0.0416 -0.0509
0.0260 0.0598 -0.0707
-0.0726 0.1000 -0.1163
-0.1112 0.1641 -0.1318
-0.0970 0.1734 -0.1366
-0.0386 0.1559 -0.1183
-0.0042 0.0814 -0.0989
-0.0051 0.0706 -0.1018
-0.0360 0.0393 -0.0750
-0.0644 0.0012 -0.0576
-0.0899 -0.0346 -0.0281
-0.1047 -0.0204 -0.0190
-0.1138 -0.0112 -0.0145
-0.1271 -0.0155 -0.0003
-0.1089 0.0274 -0.0061
-0.0845 0.0338 -0.0100
-0.0452 0.0415 -0.0039
-0.0257 0.0366 -0.0084
-0.0355 0.0330 -0.0062
-0.0906 0.0239 0.0115
-0.1413 0.0001 0.0346
-0.1506 0.0145 0.0391
-0.1505 0.0015 0.0342
-0.1489 -0.0434 0.0403
-0.1482 -0.0540 0.0515
-0.1670 -0.0636 0.0392
-0.2140 -0.0183 0.0471
-0.2123 -0.0161 0.0607
-0.1393 0.0133 0.0673
-0.0969 0.0251 0.0497
-0.0945 0.0321 0.0526
-0.0983 0.0175 0.0606
-0.0888 0.0096 0.0422
-0.0882 0.0065 0.0438
-0.0773 -0.0042 0.0477
-0.0630 0.0025 0.0431
-0.0108 0.0183 0.0398
-0.0299 0.0495 0.0296
-0.0548 0.0668 0.0287
-0.0877 0.0761 0.0253
-0.0805 0.0388 0.0204
-0.0633 0.0338 0.0145
-0.0544 0.0249 0.0089
-0.0683 0.0527 0.0199
-0.0767 0.0657 0.0138
-0.0669 0.0657 0.0163
-0.0081 0.0333 0.0216
0.0058 0.0358 0.0224
-0.0291 0.0558 0.0402
-0.0637 0.0326 0.0587
-0.0507 0.0080 0.0527
-0.0252 0.0172 0.0260
-0.0095 0.0280 0.0232
0.0393 0.0209 0.0141
0.0545 0.0202 0.0122
0.0364 0.0164 0.0210
-0.0156 0.0152 0.0239
-0.0005 0.0154 0.0092
0.0184 0.0010 0.0072
0.0542 0.0001 0.0018
0.0575 0.0042 -0.0035
0.0422 0.0023 -0.0013
0.0074 0.0203 0.0113
0.0129 0.0429 0.0078
0.0190 0.0147 0.0018
-0.0071 -0.0005 0.0009
-0.0189 0.0007 0.0007
-0.0199 -0.0041 0.0065
0.0071 0.0026 0.0085
0.0246 0.0162 0.0064
0.0356 0.0249 0.0065
0.0214 0.0182 0.0006
0.0225 0.0214 -0.0003
0.0391 -0.0094 -0.0037
0.0523 -0.0163 -0.0144
0.0433 -0.0069 -0.0110
0.0145 0.0216 -0.0032
0.0078 0.0355 0.0079
0.0244 0.0334 0.0180
0.0586 0.0374 0.0126
0.0468 0.0374 0.0078
0.0325 0.0247 0.0080
0.0054 0.0018 0.0066
0.0189 -0.0010 0.0038
0.0294 -0.0002 0.0011
0.0196 0.0041 -0.0051
0.0103 0.0148 0.0022
0.0165 0.0187 -0.0037
0.0364 0.0296 -0.0011
0.0554 0.0314 -0.0014
0.0495 0.0188 -0.0018
-0.0174 0.0175 0.0126
-0.0473 0.0055 0.0118
-0.0355 -0.0105 0.0168
0.0325 -0.0039 0.0165
0.0713 0.0099 0.0037
0.0852 0.0169 0.0068
0.0404 0.0144 0.0334
0.0252 0.0138 0.0403
-0.0060 -0.0193 0.0380
0.0523 -0.0824 0.0147
0.1149 -0.1179 -0.0106
0.1784 -0.1160 -0.0371
0.0730 0.0012 -0.0256
0.0028 0.0396 -0.0143
-0.1130 0.1042 0.0051
-0.1523 0.0584 0.0317
-0.1157 0.0129 0.0423

