0.0825 0.0253 0.0592
0.0825 0.0253 0.0592
0.0825 0.0253 0.0593
0.0825 0.0254 0.0593
0.0826 0.0255 0.0592
0.0828 0.0255 0.0591
0.0829 0.0256 0.0590
0.0831 0.0256 0.0589
0.0832 0.0257 0.0589
0.0834 0.0257 0.0587
0.0836 0.0258 0.0586
0.0838 0.0259 0.0585
0.0841 0.0260 0.0584
0.0843 0.0261 0.0583
0.0845 0.0262 0.0579
0.0848 0.0262 0.0577
0.0850 0.0262 0.0576
0.0853 0.0262 0.0576
0.0855 0.0261 0.0575
0.0858 0.0261 0.0575
0.0858 0.0257 0.0574
0.0860 0.0255 0.0574
0.0861 0.0254 0.0574
0.0863 0.0253 0.0573
0.0865 0.0252 0.0573
0.0867 0.0250 0.0573
0.0863 0.0249 0.0575
0.0863 0.0248 0.0576
0.0864 0.0246 0.0576
0.0866 0.0245 0.0575
0.0868 0.0244 0.0574
0.0869 0.0244 0.0573
0.0873 0.0233 0.0575
0.0875 0.0229 0.0575
0.0877 0.0227 0.0573
0.0878 0.0227 0.0572
0.0879 0.0227 0.0570
0.0880 0.0227 0.0568
0.0872 0.0220 0.0564
0.0870 0.0219 0.0560
0.0871 0.0218 0.0558
0.0873 0.0217 0.0555
0.0874 0.0217 0.0552
0.0875 0.0218 0.0549
0.0863 0.0211 0.0580
0.0859 0.0210 0.0588
0.0860 0.0217 0.0580
0.0861 0.0219 0.0577
0.0873 0.0229 0.0545
0.0877 0.0234 0.0532
0.0879 0.0238 0.0526
0.0880 0.0241 0.0521
0.0881 0.0244 0.0517
0.0883 0.0247 0.0513
0.0880 0.0242 0.0514
0.0880 0.0243 0.0512
0.0881 0.0244 0.0508
0.0882 0.0246 0.0504
0.0884 0.0247 0.0501
0.0886 0.0249 0.0497
0.0885 0.0238 0.0506
0.0886 0.0235 0.0506
0.0888 0.0235 0.0504
0.0889 0.0236 0.0501
0.0891 0.0236 0.0498
0.0893 0.0237 0.0495
0.0889 0.0232 0.0501
0.0889 0.0230 0.0501
0.0890 0.0229 0.0500
0.0891 0.0228 0.0499
0.0892 0.0227 0.0498
0.0894 0.0226 0.0497
0.0888 0.0219 0.0510
0.0887 0.0215 0.0514
0.0888 0.0211 0.0516
0.0888 0.0207 0.0518
0.0888 0.0203 0.0519
0.0885 0.0197 0.0524
0.0878 0.0189 0.0532
0.0875 0.0181 0.0537
0.0873 0.0173 0.0541
0.0871 0.0164 0.0546
0.0868 0.0154 0.0552
0.0863 0.0143 0.0559
0.0851 0.0132 0.0570
0.0841 0.0118 0.0580
0.0829 0.0101 0.0589
0.0816 0.0081 0.0599
0.0800 0.0058 0.0610
0.0781 0.0030 0.0623
0.0758 -0.0004 0.0638
0.0728 -0.0045 0.0647
0.0695 -0.0093 0.0664
0.0658 -0.0147 0.0684
0.0614 -0.0208 0.0707
0.0563 -0.0275 0.0733
0.0503 -0.0357 0.0756
0.0438 -0.0442 0.0782
0.0366 -0.0533 0.0809
0.0288 -0.0629 0.0833
0.0205 -0.0730 0.0853
0.0117 -0.0836 0.0870
0.0029 -0.0945 0.0887
-0.0067 -0.1061 0.0898
-0.0168 -0.1182 0.0907
-0.0272 -0.1307 0.0913
-0.0376 -0.1436 0.0921
-0.0481 -0.1567 0.0932
-0.0589 -0.1699 0.0940
-0.0693 -0.1827 0.0952
-0.0795 -0.1952 0.0965
-0.0897 -0.2070 0.0976
-0.1000 -0.2180 0.0983
-0.1105 -0.2282 0.0990
-0.1202 -0.2373 0.1009
-0.1305 -0.2461 0.1026
-0.1412 -0.2543 0.1045
-0.1521 -0.2617 0.1066
-0.1634 -0.2683 0.1087
-0.1748 -0.2740 0.1110
-0.1865 -0.2786 0.1141
-0.1986 -0.2829 0.1175
-0.2110 -0.2868 0.1213
-0.2236 -0.2901 0.1255
-0.2365 -0.2928 0.1301
-0.2628 -0.2963 0.1403
-0.2761 -0.2970 0.1460
-0.2896 -0.2972 0.1522
-0.3031 -0.2969 0.1587
-0.3168 -0.2961 0.1655
-0.3168 -0.2961 0.1655
-0.3439 -0.2924 0.1794
-0.3574 -0.2895 0.1866
-0.3708 -0.2859 0.1936
-0.3838 -0.2814 0.2003
-0.3965 -0.2761 0.2068
-0.4085 -0.2700 0.2133
-0.4200 -0.2635 0.2198
-0.4302 -0.2564 0.2263
-0.4406 -0.2499 0.2330
-0.4508 -0.2439 0.2400
-0.4607 -0.2386 0.2473
-0.4702 -0.2338 0.2550
-0.4785 -0.2287 0.2627
-0.4869 -0.2245 0.2706
-0.4950 -0.2209 0.2783
-0.5030 -0.2180 0.2860
-0.5110 -0.2159 0.2935
-0.5191 -0.2147 0.3009
-0.5254 -0.2131 0.3089
-0.5334 -0.2134 0.3169
-0.5420 -0.2149 0.3250
-0.5511 -0.2172 0.3335
-0.5606 -0.2203 0.3423
-0.5703 -0.2240 0.3514
-0.5768 -0.2268 0.3628
-0.5858 -0.2307 0.3730
-0.5957 -0.2347 0.3829
-0.6059 -0.2386 0.3925
-0.6164 -0.2421 0.4020
-0.6271 -0.2455 0.4114
-0.6331 -0.2479 0.4243
-0.6429 -0.2508 0.4350
-0.6542 -0.2536 0.4450
-0.6664 -0.2563 0.4547
-0.6792 -0.2588 0.4644
-0.6925 -0.2610 0.4739
-0.7028 -0.2614 0.4872
-0.7159 -0.2624 0.4980
-0.7303 -0.2634 0.5079
-0.7455 -0.2640 0.5173
-0.7614 -0.2640 0.5263
-0.7777 -0.2634 0.5346
-0.7943 -0.2618 0.5421
-0.8062 -0.2576 0.5515
-0.8213 -0.2541 0.5582
-0.8376 -0.2511 0.5633
-0.8549 -0.2484 0.5674
-0.8729 -0.2464 0.5706
-0.8886 -0.2418 0.5754
-0.9070 -0.2400 0.5778
-0.9263 -0.2393 0.5787
-0.9458 -0.2390 0.5786
-0.9652 -0.2385 0.5778
-0.9840 -0.2377 0.5764
-0.9999 -0.2324 0.5773
-1.0167 -0.2294 0.5764
-1.0335 -0.2273 0.5749
-1.0502 -0.2257 0.5733
-1.0670 -0.2246 0.5717
-1.0839 -0.2243 0.5701
-1.1001 -0.2205 0.5715
-1.1171 -0.2200 0.5712
-1.1345 -0.2210 0.5705
-1.1521 -0.2227 0.5700
-1.1699 -0.2248 0.5698
-1.1877 -0.2258 0.5715
-1.2054 -0.2252 0.5755
-1.2227 -0.2264 0.5775
-1.2395 -0.2281 0.5791
-1.2560 -0.2298 0.5808
-1.2722 -0.2314 0.5828
-1.3037 -0.2340 0.5889
-1.3227 -0.2309 0.6022
-1.3388 -0.2300 0.6105
-1.3539 -0.2295 0.6180
-1.3683 -0.2287 0.6258
-1.3683 -0.2287 0.6258
-1.3819 -0.2269 0.6345
-1.3945 -0.2239 0.6439
-1.4060 -0.2196 0.6541
-1.4164 -0.2144 0.6651
-1.4261 -0.2087 0.6771
-1.4352 -0.2027 0.6905
-1.4468 -0.1968 0.7096
-1.4619 -0.1911 0.7358
-1.4714 -0.1860 0.7565
-1.4784 -0.1817 0.7754
-1.4840 -0.1783 0.7936
-1.4890 -0.1760 0.8111
-1.4935 -0.1748 0.8279
-1.4979 -0.1748 0.8441
-1.5105 -0.1786 0.8700
-1.5181 -0.1822 0.8887
-1.5244 -0.1865 0.9048
-1.5309 -0.1918 0.9197
-1.5378 -0.1980 0.9338
-1.5487 -0.2049 0.9441
-1.5577 -0.2118 0.9557
-1.5665 -0.2183 0.9671
-1.5755 -0.2245 0.9779
-1.5852 -0.2302 0.9880
-1.5948 -0.2338 0.9994
-1.6041 -0.2347 1.0128
-1.6159 -0.2376 1.0230
-1.6291 -0.2405 1.0321
-1.6432 -0.2428 1.0404
-1.6580 -0.2439 1.0482
-1.6727 -0.2422 1.0597
-1.6870 -0.2371 1.0761
-1.7022 -0.2331 1.0858
-1.7180 -0.2287 1.0930
-1.7342 -0.2238 1.0992
-1.7505 -0.2184 1.1046
-1.7659 -0.2108 1.1134
-1.7803 -0.2008 1.1268
-1.7957 -0.1940 1.1330
-1.8118 -0.1891 1.1365
-1.8286 -0.1855 1.1388
-1.8464 -0.1833 1.1406
-1.8650 -0.1824 1.1420
-1.8849 -0.1814 1.1542
-1.9045 -0.1817 1.1588
-1.9235 -0.1823 1.1604
-1.9413 -0.1825 1.1607
-1.9577 -0.1820 1.1602
-1.9727 -0.1810 1.1594
-1.9906 -0.1788 1.1724
-2.0053 -0.1775 1.1766
-2.0187 -0.1768 1.1785
-2.0318 -0.1768 1.1803
-2.0449 -0.1777 1.1829
-2.0597 -0.1799 1.1904
-2.0767 -0.1834 1.2039
-2.0917 -0.1869 1.2126
-2.1062 -0.1907 1.2202
-2.1206 -0.1948 1.2278
-2.1350 -0.1991 1.2356
-2.1494 -0.2035 1.2439
-2.1640 -0.2099 1.2609
-2.1786 -0.2149 1.2726
-2.1931 -0.2193 1.2830
-2.2077 -0.2232 1.2932
-2.2222 -0.2264 1.3035
-2.2363 -0.2289 1.3139
-2.2511 -0.2306 1.3322
-2.2648 -0.2312 1.3456
-2.2778 -0.2307 1.3575
-2.2904 -0.2292 1.3694
-2.3023 -0.2267 1.3816
-2.3142 -0.2231 1.3957
-2.3259 -0.2181 1.4122
-2.3429 -0.2071 1.4415
-2.3499 -0.2019 1.4564
-2.3565 -0.1976 1.4718
-2.3631 -0.1945 1.4882
-2.3722 -0.1931 1.5068
-2.3796 -0.1927 1.5252
-2.3860 -0.1934 1.5438
-2.3918 -0.1950 1.5621
-2.3971 -0.1974 1.5798
-2.3971 -0.1974 1.5798
-2.4021 -0.2005 1.5966
-2.4191 -0.2070 1.6206
-2.4284 -0.2124 1.6383
-2.4359 -0.2180 1.6534
-2.4434 -0.2241 1.6676
-2.4514 -0.2308 1.6813
-2.4600 -0.2379 1.6948
-2.4813 -0.2474 1.7140
-2.4951 -0.2551 1.7287
-2.5069 -0.2619 1.7417
-2.5185 -0.2678 1.7539
-2.5304 -0.2730 1.7656
-2.5428 -0.2774 1.7769
-2.5589 -0.2782 1.7891
-2.5735 -0.2802 1.8002
-2.5880 -0.2821 1.8110
-2.6028 -0.2836 1.8217
-2.6182 -0.2846 1.8324
-2.6349 -0.2839 1.8434
-2.6531 -0.2814 1.8546
-2.6701 -0.2797 1.8654
-2.6871 -0.2778 1.8758
-2.7043 -0.2754 1.8857
-2.7218 -0.2725 1.8948
-2.7395 -0.2675 1.9034
-2.7574 -0.2602 1.9114
-2.7747 -0.2549 1.9181
-2.7917 -0.2508 1.9237
-2.8090 -0.2475 1.9287
-2.8268 -0.2454 1.9331
-2.8449 -0.2431 1.9370
-2.8634 -0.2402 1.9403
-2.8829 -0.2401 1.9436
-2.9026 -0.2413 1.9466
-2.9220 -0.2428 1.9493
-2.9405 -0.2438 1.9514
-2.9741 -0.2435 1.9541
-2.9891 -0.2425 1.9550
-3.0036 -0.2415 1.9559
-3.0176 -0.2409 1.9569
-3.0315 -0.2409 1.9583
-3.0315 -0.2409 1.9583
-3.0593 -0.2429 1.9623
-3.0728 -0.2418 1.9664
-3.0867 -0.2434 1.9704
-3.1008 -0.2461 1.9747
-3.1150 -0.2494 1.9794
-3.1291 -0.2529 1.9846
-3.1433 -0.2565 1.9904
-3.1575 -0.2603 1.9966
-3.1719 -0.2640 2.0030
-3.1863 -0.2676 2.0098
-3.2007 -0.2709 2.0169
-3.2151 -0.2737 2.0243
-3.2292 -0.2759 2.0322
-3.2410 -0.2743 2.0403
-3.2539 -0.2740 2.0491
-3.2670 -0.2736 2.0586
-3.2801 -0.2726 2.0688
-3.2928 -0.2709 2.0797
-3.3026 -0.2659 2.0903
-3.3129 -0.2618 2.1025
-3.3227 -0.2575 2.1156
-3.3319 -0.2531 2.1293
-3.3407 -0.2489 2.1435
-3.3496 -0.2454 2.1581
-3.3585 -0.2389 2.1706
-3.3680 -0.2359 2.1858
-3.3778 -0.2345 2.2025
-3.3872 -0.2339 2.2200
-3.3959 -0.2337 2.2376
-3.4038 -0.2338 2.2548
-3.4104 -0.2307 2.2682
-3.4173 -0.2302 2.2829
-3.4244 -0.2311 2.2976
-3.4319 -0.2329 2.3118
-3.4401 -0.2354 2.3258
-3.4489 -0.2386 2.3395
-3.4570 -0.2388 2.3497
-3.4665 -0.2415 2.3621
-3.4766 -0.2450 2.3750
-3.4872 -0.2486 2.3879
-3.4983 -0.2522 2.4004
-3.4983 -0.2522 2.4004
-3.5215 -0.2588 2.4240
-3.5336 -0.2615 2.4350
-3.5461 -0.2640 2.4456
-3.5590 -0.2661 2.4559
-3.5723 -0.2679 2.4661
-3.5859 -0.2695 2.4762
-3.5999 -0.2707 2.4863
-3.6089 -0.2654 2.4906
-3.6216 -0.2639 2.4984
-3.6357 -0.2633 2.5071
-3.6505 -0.2629 2.5158
-3.6661 -0.2623 2.5242
-3.6821 -0.2616 2.5322
-3.6939 -0.2526 2.5341
-3.7082 -0.2484 2.5394
-3.7230 -0.2456 2.5453
-3.7376 -0.2430 2.5507
-3.7523 -0.2408 2.5553
-3.7640 -0.2338 2.5539
-3.7785 -0.2314 2.5555
-3.7947 -0.2311 2.5577
-3.8119 -0.2319 2.5599
-3.8296 -0.2333 2.5617
-3.8472 -0.2349 2.5630
-3.8614 -0.2330 2.5573
-3.8766 -0.2324 2.5553
-3.8912 -0.2317 2.5541
-3.9051 -0.2306 2.5529
-3.9183 -0.2293 2.5516
-3.9311 -0.2281 2.5503
-3.9399 -0.2257 2.5395
-3.9512 -0.2249 2.5351
-3.9633 -0.2248 2.5330
-3.9758 -0.2254 2.5317
-3.9886 -0.2265 2.5311
-3.9997 -0.2269 2.5285
-4.0086 -0.2265 2.5234
-4.0203 -0.2278 2.5222
-4.0328 -0.2297 2.5224
-4.0453 -0.2317 2.5232
-4.0578 -0.2338 2.5242
-4.0702 -0.2359 2.5255
-4.0825 -0.2381 2.5270
-4.0910 -0.2391 2.5239
-4.1020 -0.2409 2.5245
-4.1137 -0.2426 2.5265
-4.1255 -0.2442 2.5293
-4.1371 -0.2454 2.5324
-4.1485 -0.2462 2.5360
-4.1573 -0.2460 2.5380
-4.1678 -0.2459 2.5415
-4.1788 -0.2454 2.5458
-4.1897 -0.2445 2.5506
-4.1999 -0.2430 2.5557
-4.2080 -0.2375 2.5577
-4.2161 -0.2341 2.5619
-4.2240 -0.2316 2.5666
-4.2318 -0.2299 2.5712
-4.2398 -0.2290 2.5757
-4.2483 -0.2291 2.5802
-4.2553 -0.2278 2.5823
-4.2643 -0.2289 2.5864
-4.2741 -0.2310 2.5914
-4.2838 -0.2334 2.5969
-4.2929 -0.2355 2.6024
-4.3011 -0.2370 2.6076
-4.3040 -0.2366 2.6103
-4.3096 -0.2368 2.6137
-4.3163 -0.2375 2.6169
-4.3237 -0.2385 2.6201
-4.3317 -0.2398 2.6232
-4.3401 -0.2414 2.6265
-4.3452 -0.2415 2.6288
-4.3529 -0.2426 2.6321
-4.3615 -0.2441 2.6357
-4.3705 -0.2456 2.6392
-4.3798 -0.2472 2.6425
-4.3894 -0.2488 2.6455
-4.3940 -0.2469 2.6457
-4.4023 -0.2475 2.6472
-4.4118 -0.2489 2.6488
-4.4218 -0.2506 2.6501
-4.4321 -0.2526 2.6510
-4.4427 -0.2547 2.6514
-4.4496 -0.2546 2.6491
-4.4595 -0.2564 2.6476
-4.4705 -0.2589 2.6458
-4.4821 -0.2617 2.6433
-4.4940 -0.2646 2.6398
-4.5061 -0.2673 2.6355
-4.5179 -0.2696 2.6305
-4.5263 -0.2704 2.6237
-4.5356 -0.2709 2.6175
-4.5442 -0.2707 2.6113
-4.5521 -0.2703 2.6046
-4.5594 -0.2699 2.5972
-4.5625 -0.2687 2.5876
-4.5678 -0.2689 2.5783
-4.5734 -0.2697 2.5690
-4.5787 -0.2711 2.5594
-4.5834 -0.2728 2.5497
-4.5874 -0.2749 2.5396
-4.5893 -0.2757 2.5282
-4.5914 -0.2779 2.5171
-4.5929 -0.2805 2.5059
-4.5934 -0.2830 2.4944
-4.5927 -0.2852 2.4829
-4.5905 -0.2869 2.4713
-4.5832 -0.2866 2.4589
-4.5769 -0.2871 2.4470
-4.5698 -0.2879 2.4352
-4.5615 -0.2888 2.4233
-4.5519 -0.2898 2.4113
-4.5395 -0.2907 2.3994
-4.5241 -0.2912 2.3878
-4.5095 -0.2925 2.3757
-4.4944 -0.2942 2.3637
-4.4781 -0.2960 2.3517
-4.4781 -0.2960 2.3517
-4.4606 -0.2978 2.3400
-4.4418 -0.2996 2.3287
-4.4189 -0.2996 2.3177
-4.3970 -0.3004 2.3077
-4.3749 -0.3013 2.2986
-4.3526 -0.3020 2.2905
-4.3299 -0.3025 2.2833
-4.3069 -0.3030 2.2769
-4.2830 -0.3036 2.2721
-4.2597 -0.3043 2.2674
-4.2368 -0.3052 2.2630
-4.2140 -0.3064 2.2587
-4.1913 -0.3080 2.2546
-4.1687 -0.3099 2.2506
-4.1449 -0.3123 2.2483
-4.1223 -0.3143 2.2458
-4.1001 -0.3160 2.2438
-4.0780 -0.3174 2.2427
-4.0559 -0.3188 2.2424
-4.0339 -0.3204 2.2426
-4.0110 -0.3221 2.2439
-3.9889 -0.3243 2.2448
-3.9673 -0.3269 2.2454
-3.9463 -0.3297 2.2456
-3.9261 -0.3326 2.2452
-3.9070 -0.3354 2.2445
-3.8880 -0.3378 2.2433
-3.8706 -0.3398 2.2421
-3.8544 -0.3417 2.2408
-3.8388 -0.3435 2.2392
-3.8239 -0.3454 2.2372
-3.8095 -0.3475 2.2346
-3.7947 -0.3496 2.2316
-3.7811 -0.3523 2.2274
-3.7681 -0.3554 2.2220
-3.7557 -0.3589 2.2155
-3.7439 -0.3626 2.2079
-3.7326 -0.3662 2.1996
-3.7206 -0.3680 2.1908
-3.7099 -0.3704 2.1816
-3.7000 -0.3727 2.1721
-3.6906 -0.3749 2.1624
-3.6814 -0.3771 2.1523
-3.6733 -0.3789 2.1413
-3.6663 -0.3802 2.1293
-3.6578 -0.3832 2.1174
-3.6487 -0.3873 2.1051
-3.6393 -0.3922 2.0923
-3.6295 -0.3976 2.0792
-3.6090 -0.4080 2.0523
-3.5987 -0.4112 2.0384
-3.5874 -0.4159 2.0249
-3.5755 -0.4206 2.0115
-3.5632 -0.4248 1.9983
-3.5504 -0.4282 1.9852
-3.5370 -0.4306 1.9721
-3.5231 -0.4318 1.9591
-3.5088 -0.4317 1.9461
-3.4945 -0.4301 1.9330
-3.4803 -0.4270 1.9202
-3.4662 -0.4227 1.9077
-3.4519 -0.4177 1.8957
-3.4377 -0.4112 1.8845
-3.4225 -0.4058 1.8737
-3.4065 -0.4013 1.8632
-3.3897 -0.3974 1.8532
-3.3723 -0.3941 1.8437
-3.3553 -0.3889 1.8350
-3.3374 -0.3855 1.8268
-3.3193 -0.3827 1.8193
-3.3014 -0.3801 1.8124
-3.2837 -0.3775 1.8063
-3.2663 -0.3750 1.8009
-3.2490 -0.3730 1.7959
-3.2337 -0.3686 1.7911
-3.2171 -0.3671 1.7865
-3.2001 -0.3672 1.7820
-3.1827 -0.3684 1.7772
-3.1652 -0.3708 1.7719
-3.1494 -0.3688 1.7653
-3.1320 -0.3710 1.7586
-3.1140 -0.3748 1.7516
-3.0957 -0.3792 1.7443
-3.0771 -0.3837 1.7367
-3.0583 -0.3883 1.7288
-3.0410 -0.3888 1.7190
-3.0224 -0.3916 1.7100
-3.0033 -0.3948 1.7010
-2.9839 -0.3979 1.6918
-2.9644 -0.4005 1.6821
-2.9451 -0.4025 1.6722
-2.9288 -0.4018 1.6582
-2.9112 -0.4017 1.6461
-2.8933 -0.4013 1.6343
-2.8756 -0.4006 1.6221
-2.8581 -0.3996 1.6094
-2.8410 -0.3983 1.5960
-2.8245 -0.3966 1.5823
-2.8134 -0.3930 1.5649
-2.8001 -0.3898 1.5499
-2.7865 -0.3867 1.5358
-2.7730 -0.3836 1.5219
-2.7597 -0.3811 1.5079
-2.7466 -0.3792 1.4933
-2.7404 -0.3718 1.4729
-2.7298 -0.3693 1.4558
-2.7178 -0.3688 1.4400
-2.7053 -0.3695 1.4249
-2.6923 -0.3709 1.4105
-2.6850 -0.3696 1.3957
-2.6729 -0.3715 1.3820
-2.6587 -0.3750 1.3688
-2.6432 -0.3796 1.3558
-2.6267 -0.3849 1.3430
-2.6094 -0.3907 1.3303
-2.5914 -0.3969 1.3176
-2.5831 -0.4003 1.3041
-2.5674 -0.4056 1.2913
-2.5490 -0.4112 1.2789
-2.5295 -0.4163 1.2670
-2.5095 -0.4208 1.2555
-2.4893 -0.4244 1.2443
-2.4815 -0.4244 1.2316
-2.4655 -0.4255 1.2199
-2.4470 -0.4265 1.2083
-2.4278 -0.4271 1.1964
-2.4086 -0.4272 1.1839
-2.3948 -0.4234 1.1717
-2.3777 -0.4219 1.1581
-2.3593 -0.4213 1.1437
-2.3402 -0.4213 1.1289
-2.3203 -0.4216 1.1143
-2.2998 -0.4221 1.1002
-2.2815 -0.4202 1.0880
-2.2608 -0.4199 1.0762
-2.2388 -0.4200 1.0654
-2.2157 -0.4204 1.0558
-2.1918 -0.4210 1.0472
-2.1673 -0.4214 1.0396
-2.1428 -0.4215 1.0327
-2.1252 -0.4139 1.0256
-2.1041 -0.4098 1.0198
-2.0824 -0.4061 1.0148
-2.0610 -0.4025 1.0103
-2.0397 -0.3990 1.0059
-2.0184 -0.3960 1.0015
-2.0021 -0.3867 0.9986
-1.9825 -0.3829 0.9942
-1.9616 -0.3817 0.9889
-1.9401 -0.3820 0.9828
-1.9182 -0.3834 0.9762
-1.9046 -0.3796 0.9732
-1.8851 -0.3806 0.9672
-1.8637 -0.3833 0.9600
-1.8418 -0.3868 0.9523
-1.8198 -0.3905 0.9443
-1.7978 -0.3945 0.9361
-1.7759 -0.3987 0.9277
-1.7620 -0.3985 0.9248
-1.7428 -0.4014 0.9180
-1.7221 -0.4051 0.9098
-1.7012 -0.4088 0.9009
-1.6806 -0.4120 0.8914
-1.6604 -0.4146 0.8814
-1.6490 -0.4166 0.8829
-1.6327 -0.4177 0.8757
-1.6156 -0.4177 0.8653
-1.5990 -0.4167 0.8534
-1.5832 -0.4148 0.8406
-1.5733 -0.4107 0.8321
-1.5604 -0.4074 0.8194
-1.5470 -0.4046 0.8046
-1.5338 -0.4021 0.7883
-1.5211 -0.4000 0.7709
-1.5089 -0.3982 0.7530
-1.5038 -0.3951 0.7380
-1.4944 -0.3941 0.7213
-1.4835 -0.3943 0.7044
-1.4718 -0.3956 0.6879
-1.4594 -0.3979 0.6717
-1.4464 -0.4012 0.6559
-1.4327 -0.4055 0.6404
-1.4333 -0.4070 0.6325
-1.4230 -0.4119 0.6197
-1.4087 -0.4181 0.6058
-1.3927 -0.4249 0.5920
-1.3756 -0.4316 0.5790
-1.3758 -0.4339 0.5759
-1.3634 -0.4383 0.5678
-1.3465 -0.4429 0.5588
-1.3277 -0.4471 0.5500
-1.3078 -0.4507 0.5417
-1.2872 -0.4537 0.5337
-1.2661 -0.4560 0.5260
-1.2560 -0.4517 0.5242
-1.2383 -0.4503 0.5187
-1.2180 -0.4496 0.5121
-1.1965 -0.4487 0.5053
-1.1743 -0.4477 0.4989
-1.1558 -0.4429 0.4970
-1.1341 -0.4402 0.4933
-1.1116 -0.4380 0.4897
-1.0888 -0.4359 0.4869
-1.0657 -0.4343 0.4849
-1.0423 -0.4332 0.4837
-1.0185 -0.4329 0.4833
-0.9988 -0.4306 0.4915
-0.9762 -0.4304 0.4949
-0.9533 -0.4306 0.4970
-0.9311 -0.4305 0.4989
-0.9101 -0.4296 0.5008
-0.8996 -0.4250 0.5117
-0.8836 -0.4222 0.5163
-0.8663 -0.4202 0.5185
-0.8487 -0.4189 0.5195
-0.8309 -0.4183 0.5195
-0.8130 -0.4185 0.5185
-0.8018 -0.4152 0.5223
-0.7853 -0.4161 0.5210
-0.7666 -0.4191 0.5174
-0.7470 -0.4233 0.5124
-0.7270 -0.4281 0.5065
-0.7071 -0.4332 0.4999
-0.6873 -0.4386 0.4928
-0.6709 -0.4429 0.4870
-0.6525 -0.4481 0.4800
-0.6337 -0.4534 0.4727
-0.6149 -0.4586 0.4652
-0.5964 -0.4634 0.4575
-0.5832 -0.4640 0.4563
-0.5670 -0.4665 0.4502
-0.5500 -0.4690 0.4420
-0.5331 -0.4709 0.4328
-0.5170 -0.4717 0.4228
-0.5021 -0.4712 0.4122
-0.4895 -0.4728 0.4031
-0.4771 -0.4716 0.3924
-0.4650 -0.4698 0.3808
-0.4529 -0.4683 0.3685
-0.4407 -0.4675 0.3550
-0.4286 -0.4676 0.3400
-0.4188 -0.4699 0.3251
-0.4086 -0.4715 0.3084
-0.3990 -0.4731 0.2911
-0.3899 -0.4748 0.2742
-0.3812 -0.4768 0.2581
-0.3725 -0.4794 0.2427
-0.3667 -0.4829 0.2296
-0.3586 -0.4870 0.2156
-0.3495 -0.4917 0.2013
-0.3399 -0.4972 0.1868
-0.3298 -0.5032 0.1723
-0.3192 -0.5094 0.1580
-0.3116 -0.5159 0.1454
-0.3014 -0.5222 0.1321
-0.2901 -0.5282 0.1187
-0.2782 -0.5337 0.1057
-0.2658 -0.5388 0.0931
-0.2528 -0.5433 0.0810
-0.2447 -0.5477 0.0709
-0.2323 -0.5515 0.0600
-0.2181 -0.5550 0.0489
-0.2030 -0.5580 0.0376
-0.1874 -0.5604 0.0262
-0.1713 -0.5620 0.0150
-0.1550 -0.5627 0.0038
-0.1444 -0.5620 -0.0068
-0.1303 -0.5603 -0.0172
-0.1153 -0.5576 -0.0271
-0.1002 -0.5543 -0.0362
-0.0851 -0.5510 -0.0446
-0.0741 -0.5493 -0.0521
-0.0594 -0.5481 -0.0595
-0.0429 -0.5483 -0.0666
-0.0252 -0.5497 -0.0734
-0.0066 -0.5521 -0.0796
0.0120 -0.5549 -0.0852
0.0269 -0.5568 -0.0887
0.0431 -0.5582 -0.0917
0.0589 -0.5588 -0.0939
0.0739 -0.5590 -0.0952
0.0884 -0.5593 -0.0956
0.1027 -0.5601 -0.0955
0.1137 -0.5608 -0.0939
0.1268 -0.5631 -0.0928
0.1406 -0.5667 -0.0918
0.1547 -0.5713 -0.0909
0.1692 -0.5768 -0.0901
0.1825 -0.5822 -0.0889
0.1942 -0.5871 -0.0871
0.2080 -0.5936 -0.0861
0.2224 -0.6003 -0.0855
0.2368 -0.6068 -0.0850
0.2511 -0.6128 -0.0846
0.2635 -0.6173 -0.0840
0.2737 -0.6201 -0.0830
0.2859 -0.6231 -0.0831
0.2987 -0.6259 -0.0837
0.3117 -0.6282 -0.0847
0.3249 -0.6300 -0.0860
0.3249 -0.6300 -0.0860
0.3508 -0.6319 -0.0895
0.3630 -0.6315 -0.0922
0.3741 -0.6300 -0.0953
0.3842 -0.6279 -0.0986
0.3937 -0.6257 -0.1019
0.4031 -0.6240 -0.1049
0.4129 -0.6233 -0.1074
0.4193 -0.6213 -0.1081
0.4288 -0.6218 -0.1094
0.4393 -0.6233 -0.1107
0.4500 -0.6248 -0.1120
0.4603 -0.6261 -0.1132
0.4662 -0.6239 -0.1122
0.4738 -0.6230 -0.1121
0.4815 -0.6223 -0.1122
0.4889 -0.6218 -0.1121
0.4961 -0.6217 -0.1117
0.5029 -0.6219 -0.1111
0.5073 -0.6201 -0.1074
0.5128 -0.6204 -0.1055
0.5185 -0.6221 -0.1043
0.5243 -0.6247 -0.1032
0.5298 -0.6280 -0.1022
0.5348 -0.6320 -0.1013
0.5366 -0.6329 -0.0979
0.5394 -0.6363 -0.0961
0.5418 -0.6404 -0.0949
0.5436 -0.6446 -0.0941
0.5448 -0.6488 -0.0937
0.5456 -0.6520 -0.0935
0.5460 -0.6539 -0.0933
0.5465 -0.6578 -0.0947
0.5470 -0.6625 -0.0972
0.5475 -0.6676 -0.1006
0.5478 -0.6728 -0.1048
0.5474 -0.6769 -0.1094
0.5459 -0.6795 -0.1141
0.5457 -0.6837 -0.1198
0.5457 -0.6881 -0.1259
0.5456 -0.6923 -0.1323
0.5449 -0.6961 -0.1388
0.5435 -0.6996 -0.1454
0.5416 -0.7001 -0.1511
0.5393 -0.7029 -0.1568
0.5367 -0.7067 -0.1619
0.5338 -0.7109 -0.1664
0.5310 -0.7152 -0.1703
0.5280 -0.7193 -0.1740
0.5233 -0.7203 -0.1756
0.5195 -0.7228 -0.1782
0.5157 -0.7256 -0.1809
0.5119 -0.7283 -0.1835
0.5081 -0.7311 -0.1858
0.5043 -0.7340 -0.1877
0.5005 -0.7372 -0.1891
0.4981 -0.7387 -0.1903
0.4948 -0.7418 -0.1908
0.4913 -0.7454 -0.1909
0.4878 -0.7489 -0.1907
0.4842 -0.7524 -0.1903
0.4821 -0.7515 -0.1911
0.4791 -0.7531 -0.1912
0.4758 -0.7552 -0.1911
0.4723 -0.7574 -0.1910
0.4688 -0.7594 -0.1909
0.4656 -0.7611 -0.1909
0.4629 -0.7623 -0.1912
0.4607 -0.7563 -0.1909
0.4587 -0.7553 -0.1914
0.4566 -0.7563 -0.1922
0.4541 -0.7585 -0.1929
0.4511 -0.7616 -0.1936
0.4436 -0.7483 -0.1935
0.4388 -0.7464 -0.1941
0.4346 -0.7479 -0.1952
0.4305 -0.7498 -0.1966
0.4261 -0.7515 -0.1985
0.4203 -0.7475 -0.2009
0.4128 -0.7366 -0.2037
0.4072 -0.7336 -0.2059
0.4023 -0.7330 -0.2077
0.3979 -0.7332 -0.2090
0.3938 -0.7337 -0.2101
0.3899 -0.7344 -0.2108
0.3854 -0.7237 -0.2111
0.3817 -0.7206 -0.2115
0.3785 -0.7198 -0.2118
0.3756 -0.7196 -0.2121
0.3729 -0.7197 -0.2124
0.3704 -0.7198 -0.2126
0.3681 -0.7199 -0.2128
0.3647 -0.7092 -0.2120
0.3627 -0.7058 -0.2119
0.3612 -0.7047 -0.2120
0.3600 -0.7044 -0.2123
0.3591 -0.7043 -0.2126
0.3585 -0.6929 -0.2108
0.3584 -0.6895 -0.2105
0.3586 -0.6885 -0.2108
0.3591 -0.6886 -0.2112
0.3595 -0.6894 -0.2115
0.3598 -0.6908 -0.2117
0.3599 -0.6928 -0.2116
0.3604 -0.6767 -0.2096
0.3606 -0.6733 -0.2084
0.3609 -0.6735 -0.2072
0.3613 -0.6744 -0.2059
0.3622 -0.6748 -0.2046
0.3678 -0.6608 -0.2003
0.3708 -0.6557 -0.1973
0.3731 -0.6534 -0.1940
0.3754 -0.6520 -0.1899
0.3777 -0.6509 -0.1849
0.3800 -0.6496 -0.1790
0.3820 -0.6480 -0.1722
0.3885 -0.6346 -0.1659
0.3920 -0.6273 -0.1586
0.3947 -0.6209 -0.1508
0.3975 -0.6135 -0.1431
0.4017 -0.6024 -0.1360
0.4079 -0.5872 -0.1296
0.4118 -0.5747 -0.1229
0.4149 -0.5628 -0.1163
0.4175 -0.5510 -0.1099
0.4196 -0.5390 -0.1038
0.4216 -0.5270 -0.0983
0.4252 -0.5117 -0.0940
0.4277 -0.4988 -0.0897
0.4298 -0.4871 -0.0857
0.4319 -0.4761 -0.0818
0.4339 -0.4656 -0.0784
0.4359 -0.4557 -0.0754
0.4395 -0.4430 -0.0741
0.4420 -0.4332 -0.0724
0.4441 -0.4250 -0.0708
0.4461 -0.4179 -0.0693
0.4479 -0.4117 -0.0679
0.4493 -0.4062 -0.0665
0.4532 -0.3971 -0.0642
0.4547 -0.3915 -0.0629
0.4554 -0.3876 -0.0618
0.4560 -0.3846 -0.0606
0.4566 -0.3819 -0.0595
0.4573 -0.3796 -0.0584
0.4603 -0.3756 -0.0597
0.4615 -0.3733 -0.0599
0.4619 -0.3717 -0.0597
0.4619 -0.3706 -0.0595
0.4618 -0.3700 -0.0592
0.4618 -0.3699 -0.0587
0.4670 -0.3680 -0.0577
0.4688 -0.3677 -0.0568
0.4696 -0.3681 -0.0559
0.4700 -0.3687 -0.0551
0.4704 -0.3693 -0.0543
0.4708 -0.3698 -0.0538
0.4765 -0.3713 -0.0521
0.4788 -0.3720 -0.0513
0.4799 -0.3723 -0.0507
0.4807 -0.3726 -0.0502
0.4813 -0.3729 -0.0496
0.4827 -0.3724 -0.0496
0.4852 -0.3711 -0.0506
0.4863 -0.3708 -0.0506
0.4869 -0.3708 -0.0504
0.4873 -0.3711 -0.0500
0.4876 -0.3713 -0.0496
0.4880 -0.3716 -0.0491
0.4914 -0.3691 -0.0526
0.4927 -0.3685 -0.0535
0.4933 -0.3685 -0.0536
0.4936 -0.3687 -0.0533
0.4939 -0.3690 -0.0530
0.4941 -0.3693 -0.0526
0.4976 -0.3673 -0.0562
0.4988 -0.3668 -0.0571
0.4994 -0.3670 -0.0571
0.4997 -0.3672 -0.0568
0.4999 -0.3675 -0.0565
0.5001 -0.3678 -0.0561
0.5015 -0.3671 -0.0583
0.5020 -0.3671 -0.0588
0.5022 -0.3672 -0.0588
0.5024 -0.3674 -0.0586
0.5025 -0.3677 -0.0583
0.5025 -0.3679 -0.0581
0.5039 -0.3671 -0.0591
0.5043 -0.3669 -0.0593
0.5045 -0.3669 -0.0592
0.5045 -0.3670 -0.0590
0.5045 -0.3671 -0.0587
0.5044 -0.3671 -0.0584
0.5051 -0.3672 -0.0583
0.5053 -0.3673 -0.0580
0.5053 -0.3674 -0.0576
0.5052 -0.3674 -0.0573
0.5052 -0.3675 -0.0569
0.5051 -0.3675 -0.0566
0.5046 -0.3667 -0.0582
0.5044 -0.3663 -0.0586
0.5043 -0.3661 -0.0586
0.5042 -0.3658 -0.0584
0.5042 -0.3655 -0.0581
0.5043 -0.3654 -0.0577
0.5047 -0.3656 -0.0572
0.5049 -0.3652 -0.0569
0.5050 -0.3646 -0.0569
0.5051 -0.3639 -0.0568
0.5052 -0.3631 -0.0568
0.5053 -0.3622 -0.0569
0.5054 -0.3602 -0.0617
0.5056 -0.3589 -0.0634
0.5059 -0.3579 -0.0641
0.5061 -0.3569 -0.0646
0.5063 -0.3559 -0.0652
0.5066 -0.3548 -0.0658
0.5068 -0.3537 -0.0665
0.5070 -0.3528 -0.0674
0.5072 -0.3518 -0.0682
0.5074 -0.3508 -0.0689
0.5076 -0.3497 -0.0696
0.5077 -0.3487 -0.0702
0.5066 -0.3489 -0.0712
0.5064 -0.3483 -0.0720
0.5063 -0.3476 -0.0727
0.5064 -0.3468 -0.0733
0.5065 -0.3460 -0.0739
0.5066 -0.3454 -0.0743
0.5058 -0.3445 -0.0765
0.5056 -0.3439 -0.0775
0.5057 -0.3433 -0.0782
0.5058 -0.3427 -0.0787
0.5060 -0.3421 -0.0792
0.5063 -0.3415 -0.0797
0.5052 -0.3421 -0.0808
0.5049 -0.3419 -0.0814
0.5050 -0.3416 -0.0818
0.5051 -0.3412 -0.0821
0.5054 -0.3408 -0.0825
0.5056 -0.3403 -0.0829
0.5049 -0.3414 -0.0837
0.5048 -0.3414 -0.0841
0.5049 -0.3412 -0.0844
0.5051 -0.3410 -0.0846
0.5054 -0.3407 -0.0849
0.5056 -0.3404 -0.0850
0.5050 -0.3406 -0.0862
0.5050 -0.3405 -0.0867
0.5051 -0.3404 -0.0870
0.5054 -0.3402 -0.0873
0.5057 -0.3401 -0.0875
0.5057 -0.3401 -0.0875
0.5058 -0.3399 -0.0880
0.5055 -0.3396 -0.0890
0.5056 -0.3395 -0.0894
0.5058 -0.3393 -0.0897
0.5061 -0.3392 -0.0898
0.5063 -0.3392 -0.0898
0.5066 -0.3392 -0.0898
0.5059 -0.3394 -0.0898
0.5058 -0.3395 -0.0897
0.5059 -0.3395 -0.0896
0.5061 -0.3395 -0.0895
0.5063 -0.3395 -0.0894
0.5062 -0.3393 -0.0895
0.5057 -0.3389 -0.0898
0.5057 -0.3388 -0.0898
0.5059 -0.3387 -0.0897
0.5061 -0.3386 -0.0896
0.5063 -0.3386 -0.0895
0.5062 -0.3384 -0.0898
0.5057 -0.3379 -0.0909
0.5057 -0.3377 -0.0912
0.5058 -0.3376 -0.0912
0.5060 -0.3375 -0.0911
0.5062 -0.3374 -0.0910
0.5060 -0.3378 -0.0912
0.5054 -0.3388 -0.0917
0.5053 -0.3391 -0.0919
0.5054 -0.3392 -0.0919
0.5055 -0.3393 -0.0918
0.5056 -0.3393 -0.0916
0.5053 -0.3400 -0.0913
0.5045 -0.3415 -0.0906
0.5043 -0.3421 -0.0903
0.5042 -0.3423 -0.0900
0.5043 -0.3425 -0.0897
0.5044 -0.3426 -0.0894
0.5045 -0.3428 -0.0894
0.5046 -0.3432 -0.0899
0.5047 -0.3433 -0.0899
0.5047 -0.3433 -0.0898
0.5048 -0.3434 -0.0895
0.5049 -0.3434 -0.0892
0.5049 -0.3434 -0.0889
0.5058 -0.3441 -0.0891
0.5061 -0.3444 -0.0889
0.5063 -0.3446 -0.0885
0.5063 -0.3448 -0.0881
0.5063 -0.3450 -0.0877
0.5064 -0.3454 -0.0876
0.5068 -0.3459 -0.0881
0.5069 -0.3463 -0.0879
0.5068 -0.3466 -0.0874
0.5066 -0.3468 -0.0869
0.5064 -0.3470 -0.0863
0.4059 -0.2583 -0.0531
0.1846 -0.0625 0.0195
0.1147 -0.0009 0.0427
0.0926 0.0185 0.0505
0.0855 0.0245 0.0534
0.0830 0.0264 0.0548
0.0821 0.0268 0.0554
0.0818 0.0265 0.0555
0.0815 0.0265 0.0560
0.0813 0.0264 0.0566
0.0810 0.0263 0.0574
0.0808 0.0261 0.0583
0.0806 0.0258 0.0593
0.0805 0.0253 0.0605
0.0803 0.0249 0.0617
0.0799 0.0244 0.0631
0.0794 0.0238 0.0647
0.0788 0.0232 0.0663
0.0783 0.0223 0.0680
0.0779 0.0210 0.0698
0.0773 0.0202 0.0716
0.0766 0.0196 0.0732
0.0759 0.0192 0.0747
0.0752 0.0188 0.0761
0.0746 0.0183 0.0773
0.0743 0.0176 0.0782
0.0739 0.0171 0.0793
0.0734 0.0168 0.0805
0.0730 0.0165 0.0816
0.0725 0.0163 0.0827
0.0722 0.0161 0.0836
0.0725 0.0158 0.0834
0.0725 0.0157 0.0837
0.0725 0.0157 0.0842
0.0725 0.0159 0.0846
0.0726 0.0161 0.0847
0.0727 0.0162 0.0850
0.0728 0.0162 0.0854
0.0731 0.0164 0.0856
0.0735 0.0166 0.0856
0.0740 0.0168 0.0857
0.0745 0.0170 0.0857
0.0750 0.0172 0.0854
0.0753 0.0175 0.0845
0.0758 0.0177 0.0843
0.0763 0.0178 0.0842
0.0769 0.0180 0.0841
0.0774 0.0183 0.0840
0.0774 0.0182 0.0845
0.0767 0.0177 0.0860
0.0768 0.0177 0.0864
0.0772 0.0178 0.0864
0.0776 0.0181 0.0862
0.0780 0.0183 0.0860
0.0782 0.0181 0.0869
0.0781 0.0171 0.0895
0.0784 0.0169 0.0902
0.0788 0.0170 0.0903
0.0792 0.0171 0.0901
0.0796 0.0174 0.0899
0.0797 0.0176 0.0897
0.0793 0.0178 0.0895
0.0795 0.0184 0.0889
0.0797 0.0187 0.0885
0.0800 0.0190 0.0880
0.0800 0.0192 0.0877
0.0798 0.0194 0.0875
0.0799 0.0196 0.0872
0.0800 0.0197 0.0869
0.0801 0.0198 0.0866
0.0802 0.0199 0.0862
0.0803 0.0199 0.0859
0.0800 0.0193 0.0870
0.0798 0.0191 0.0872
0.0798 0.0189 0.0871
0.0799 0.0186 0.0869
0.0799 0.0183 0.0867
0.0798 0.0179 0.0866
0.0797 0.0173 0.0866
0.0801 0.0168 0.0868
0.0799 0.0158 0.0871
0.0795 0.0144 0.0875
0.0788 0.0125 0.0881
0.0780 0.0101 0.0891
0.0783 0.0075 0.0896
0.0775 0.0044 0.0909
0.0762 0.0008 0.0924
0.0745 -0.0032 0.0940
0.0722 -0.0079 0.0958
0.0692 -0.0136 0.0981
0.0658 -0.0203 0.1008
0.0612 -0.0287 0.1043
0.0555 -0.0386 0.1085
0.0490 -0.0500 0.1129
0.0419 -0.0627 0.1172
0.0345 -0.0762 0.1209
0.0271 -0.0907 0.1245
0.0190 -0.1058 0.1270
0.0102 -0.1214 0.1287
0.0012 -0.1371 0.1294
-0.0078 -0.1529 0.1293
-0.0164 -0.1685 0.1280
-0.0245 -0.1840 0.1254
-0.0326 -0.1998 0.1231
-0.0405 -0.2155 0.1205
-0.0484 -0.2315 0.1176
-0.0560 -0.2475 0.1143
-0.0635 -0.2624 0.1093
-0.0709 -0.2758 0.1023
-0.0780 -0.2896 0.0966
-0.0849 -0.3029 0.0910
-0.0916 -0.3155 0.0851
-0.0981 -0.3274 0.0789
-0.1043 -0.3384 0.0725
-0.1102 -0.3515 0.0678
-0.1161 -0.3616 0.0616
-0.1217 -0.3700 0.0548
-0.1270 -0.3772 0.0479
-0.1322 -0.3836 0.0411
-0.1372 -0.3893 0.0343
-0.1418 -0.3935 0.0262
-0.1467 -0.3979 0.0189
-0.1519 -0.4019 0.0119
-0.1571 -0.4054 0.0051
-0.1624 -0.4082 -0.0018
-0.1678 -0.4105 -0.0086
-0.1734 -0.4119 -0.0169
-0.1789 -0.4133 -0.0243
-0.1846 -0.4145 -0.0314
-0.1902 -0.4156 -0.0385
-0.1959 -0.4163 -0.0455
-0.2015 -0.4168 -0.0525
-0.2089 -0.4173 -0.0577
-0.2149 -0.4175 -0.0640
-0.2202 -0.4175 -0.0705
-0.2252 -0.4174 -0.0770
-0.2299 -0.4172 -0.0834
-0.2343 -0.4170 -0.0896
-0.2405 -0.4180 -0.0935
-0.2451 -0.4181 -0.0987
-0.2491 -0.4179 -0.1041
-0.2527 -0.4176 -0.1095
-0.2560 -0.4172 -0.1148
-0.2590 -0.4166 -0.1199
-0.2621 -0.4151 -0.1222
-0.2648 -0.4142 -0.1262
-0.2674 -0.4135 -0.1306
-0.2698 -0.4131 -0.1350
-0.2720 -0.4127 -0.1394
-0.2733 -0.4116 -0.1418
-0.2735 -0.4094 -0.1419
-0.2746 -0.4085 -0.1444
-0.2760 -0.4080 -0.1476
-0.2774 -0.4077 -0.1510
-0.2786 -0.4074 -0.1543
-0.2798 -0.4071 -0.1575
-0.2781 -0.4042 -0.1546
-0.2781 -0.4033 -0.1557
-0.2787 -0.4031 -0.1579
-0.2795 -0.4032 -0.1605
-0.2803 -0.4034 -0.1632
-0.2809 -0.4036 -0.1659
-0.2771 -0.3986 -0.1604
-0.2762 -0.3971 -0.1603
-0.2762 -0.3968 -0.1618
-0.2764 -0.3967 -0.1637
-0.2767 -0.3968 -0.1658
-0.2770 -0.3969 -0.1680
-0.2726 -0.3919 -0.1636
-0.2713 -0.3904 -0.1635
-0.2709 -0.3899 -0.1648
-0.2709 -0.3898 -0.1665
-0.2710 -0.3897 -0.1683
-0.2712 -0.3897 -0.1702
-0.2653 -0.3858 -0.1636
-0.2634 -0.3845 -0.1626
-0.2628 -0.3841 -0.1633
-0.2626 -0.3839 -0.1647
-0.2625 -0.3839 -0.1662
-0.2624 -0.3839 -0.1677
-0.2567 -0.3808 -0.1610
-0.2547 -0.3799 -0.1598
-0.2539 -0.3797 -0.1602
-0.2535 -0.3797 -0.1612
-0.2532 -0.3799 -0.1624
-0.2530 -0.3802 -0.1636
-0.2460 -0.3772 -0.1534
-0.2435 -0.3765 -0.1508
-0.2424 -0.3765 -0.1506
-0.2417 -0.3767 -0.1511
-0.2412 -0.3770 -0.1519
-0.2393 -0.3773 -0.1472
-0.2359 -0.3779 -0.1352
-0.2347 -0.3783 -0.1319
-0.2342 -0.3786 -0.1312
-0.2340 -0.3789 -0.1314
-0.2339 -0.3792 -0.1319
-0.2338 -0.3794 -0.1325
-0.2281 -0.3734 -0.1181
-0.2262 -0.3716 -0.1136
-0.2255 -0.3710 -0.1122
-0.2252 -0.3709 -0.1118
-0.2251 -0.3709 -0.1118
-0.2249 -0.3709 -0.1117
-0.2221 -0.3664 -0.1091
-0.2209 -0.3649 -0.1081
-0.2202 -0.3643 -0.1075
-0.2197 -0.3640 -0.1071
-0.2192 -0.3636 -0.1067
-0.2186 -0.3630 -0.1061
-0.2169 -0.3596 -0.1036
-0.2158 -0.3576 -0.1022
-0.2148 -0.3558 -0.1011
-0.2138 -0.3537 -0.1000
-0.2126 -0.3512 -0.0988
-0.2113 -0.3483 -0.0974
-0.2099 -0.3433 -0.0958
-0.2082 -0.3391 -0.0940
-0.2063 -0.3350 -0.0923
-0.2043 -0.3308 -0.0906
-0.2020 -0.3268 -0.0888
-0.1997 -0.3226 -0.0870
-0.1972 -0.3180 -0.0851
-0.1946 -0.3143 -0.0831
-0.1918 -0.3109 -0.0810
-0.1890 -0.3077 -0.0789
-0.1860 -0.3047 -0.0767
-0.1831 -0.3018 -0.0745
-0.1801 -0.2975 -0.0724
-0.1772 -0.2945 -0.0701
-0.1743 -0.2920 -0.0679
-0.1715 -0.2898 -0.0657
-0.1687 -0.2878 -0.0635
-0.1659 -0.2854 -0.0613
-0.1631 -0.2824 -0.0592
-0.1605 -0.2806 -0.0571
-0.1581 -0.2794 -0.0552
-0.1559 -0.2785 -0.0533
-0.1538 -0.2779 -0.0515
-0.1519 -0.2776 -0.0498
-0.1500 -0.2757 -0.0481
-0.1484 -0.2752 -0.0466
-0.1469 -0.2752 -0.0451
-0.1456 -0.2754 -0.0438
-0.1444 -0.2758 -0.0427
-0.1434 -0.2763 -0.0416
-0.1410 -0.2724 -0.0401
-0.1398 -0.2715 -0.0390
-0.1390 -0.2715 -0.0380
-0.1385 -0.2718 -0.0372
-0.1380 -0.2719 -0.0365
-0.1376 -0.2720 -0.0357
-0.1326 -0.2669 -0.0332
-0.1306 -0.2650 -0.0318
-0.1296 -0.2642 -0.0307
-0.1288 -0.2636 -0.0297
-0.1280 -0.2630 -0.0285
-0.1270 -0.2621 -0.0271
-0.1229 -0.2578 -0.0248
-0.1204 -0.2552 -0.0228
-0.1182 -0.2527 -0.0205
-0.1158 -0.2500 -0.0180
-0.1131 -0.2469 -0.0152
-0.1099 -0.2435 -0.0120
-0.1048 -0.2369 -0.0084
-0.1003 -0.2317 -0.0045
-0.0956 -0.2265 -0.0005
-0.0905 -0.2211 0.0039
-0.0850 -0.2153 0.0084
-0.0793 -0.2092 0.0131
-0.0716 -0.1996 0.0180
-0.0649 -0.1916 0.0229
-0.0583 -0.1836 0.0278
-0.0516 -0.1755 0.0326
-0.0449 -0.1671 0.0372
-0.0379 -0.1578 0.0417
-0.0306 -0.1476 0.0463
-0.0240 -0.1383 0.0505
-0.0176 -0.1294 0.0544
-0.0116 -0.1206 0.0580
-0.0058 -0.1120 0.0612
-0.0004 -0.1038 0.0640
0.0054 -0.0945 0.0665
0.0106 -0.0868 0.0689
0.0155 -0.0799 0.0712
0.0203 -0.0735 0.0733
0.0249 -0.0676 0.0751
0.0292 -0.0622 0.0766
0.0340 -0.0565 0.0782
0.0377 -0.0519 0.0795
0.0409 -0.0480 0.0807
0.0438 -0.0446 0.0817
0.0464 -0.0413 0.0826
0.0488 -0.0383 0.0833
0.0522 -0.0349 0.0834
0.0545 -0.0321 0.0836
0.0563 -0.0296 0.0838
0.0579 -0.0273 0.0840
0.0593 -0.0253 0.0843
0.0607 -0.0235 0.0846
0.0631 -0.0222 0.0835
0.0647 -0.0208 0.0832
0.0660 -0.0195 0.0831
0.0671 -0.0183 0.0831
0.0682 -0.0172 0.0832
0.0693 -0.0164 0.0833
0.0709 -0.0156 0.0806
0.0721 -0.0149 0.0797
0.0731 -0.0143 0.0794
0.0740 -0.0137 0.0792
0.0749 -0.0132 0.0792
0.0756 -0.0128 0.0793
0.0761 -0.0100 0.0735
0.0766 -0.0089 0.0717
0.0770 -0.0083 0.0712
0.0774 -0.0078 0.0710
0.0777 -0.0073 0.0709
0.0781 -0.0062 0.0695
0.0785 -0.0042 0.0665
0.0787 -0.0033 0.0655
0.0788 -0.0026 0.0651
0.0788 -0.0021 0.0649
0.0787 -0.0015 0.0647
0.0786 -0.0010 0.0646
0.0791 0.0015 0.0616
0.0792 0.0027 0.0605
0.0792 0.0035 0.0600
0.0791 0.0041 0.0597
0.0790 0.0047 0.0595
0.0789 0.0053 0.0594
0.0796 0.0076 0.0566
0.0797 0.0087 0.0556
0.0798 0.0094 0.0552
0.0797 0.0099 0.0550
0.0797 0.0105 0.0549
0.0797 0.0109 0.0548
0.0802 0.0130 0.0530
0.0804 0.0139 0.0524
0.0804 0.0144 0.0522
0.0804 0.0149 0.0520
0.0804 0.0153 0.0518
0.0804 0.0158 0.0517
0.0804 0.0162 0.0512
0.0804 0.0166 0.0509
0.0804 0.0170 0.0507
0.0804 0.0175 0.0504
0.0805 0.0179 0.0501
0.0806 0.0184 0.0499
0.0804 0.0195 0.0477
0.0805 0.0202 0.0469
0.0805 0.0208 0.0464
0.0806 0.0213 0.0460
0.0807 0.0218 0.0458
0.0809 0.0224 0.0455
0.0806 0.0232 0.0438
0.0807 0.0238 0.0431
0.0808 0.0244 0.0428
0.0809 0.0251 0.0425
0.0811 0.0257 0.0422
0.0812 0.0264 0.0413
0.0812 0.0271 0.0398
0.0814 0.0278 0.0391
0.0817 0.0285 0.0388
0.0821 0.0291 0.0386
0.0825 0.0298 0.0384
0.0830 0.0305 0.0381
0.0826 0.0316 0.0359
0.0829 0.0324 0.0350
0.0833 0.0331 0.0346
0.0837 0.0338 0.0342
0.0843 0.0345 0.0339
0.0846 0.0352 0.0334
0.0847 0.0358 0.0325
0.0851 0.0365 0.0320
0.0856 0.0373 0.0315
0.0862 0.0380 0.0311
0.0867 0.0387 0.0308
0.0879 0.0398 0.0303
0.0884 0.0404 0.0302
0.0889 0.0409 0.0301
0.0895 0.0414 0.0299
0.0900 0.0419 0.0298
0.0906 0.0424 0.0297
0.0900 0.0430 0.0281
0.0902 0.0435 0.0275
0.0905 0.0440 0.0272
0.0909 0.0444 0.0270
0.0913 0.0448 0.0268
0.0917 0.0451 0.0266
0.0914 0.0449 0.0253
0.0916 0.0449 0.0248
0.0918 0.0451 0.0246
0.0920 0.0453 0.0245
0.0922 0.0454 0.0245
0.0922 0.0454 0.0243
0.0919 0.0451 0.0236
0.0919 0.0451 0.0233
0.0920 0.0452 0.0232
0.0921 0.0452 0.0232
0.0921 0.0453 0.0232
0.0921 0.0453 0.0232
0.0923 0.0454 0.0232
0.0922 0.0449 0.0238
0.0919 0.0436 0.0253
0.0917 0.0432 0.0258
0.0917 0.0431 0.0261
0.0916 0.0431 0.0263
0.0916 0.0431 0.0265
0.0916 0.0431 0.0267
0.0915 0.0431 0.0269
0.0915 0.0432 0.0270
0.0915 0.0432 0.0273
0.0916 0.0432 0.0276
0.0916 0.0432 0.0278
0.0919 0.0419 0.0289
0.0920 0.0415 0.0293
0.0920 0.0414 0.0296
0.0920 0.0413 0.0298
0.0921 0.0414 0.0300
0.0923 0.0410 0.0293
0.0924 0.0409 0.0291
0.0924 0.0410 0.0292
0.0925 0.0410 0.0293
0.0925 0.0411 0.0295
0.0925 0.0413 0.0296
0.0927 0.0412 0.0286
0.0927 0.0413 0.0283
0.0928 0.0414 0.0282
0.0928 0.0416 0.0282
0.0928 0.0418 0.0282
0.0928 0.0420 0.0282
0.0928 0.0414 0.0275
0.0928 0.0414 0.0273
0.0928 0.0415 0.0272
0.0927 0.0417 0.0271
0.0926 0.0419 0.0271
0.0926 0.0417 0.0266
0.0926 0.0412 0.0255
0.0925 0.0411 0.0251
0.0924 0.0412 0.0249
0.0923 0.0412 0.0248
0.0921 0.0412 0.0247
0.0920 0.0413 0.0246
0.0924 0.0407 0.0239
0.0923 0.0405 0.0237
0.0922 0.0404 0.0236
0.0920 0.0405 0.0234
0.0919 0.0406 0.0233
0.0917 0.0407 0.0232
0.0918 0.0399 0.0237
0.0918 0.0397 0.0237
0.0917 0.0398 0.0236
0.0917 0.0399 0.0234
0.0917 0.0401 0.0232
0.0917 0.0402 0.0230
0.0923 0.0394 0.0239
0.0926 0.0392 0.0241
0.0927 0.0392 0.0241
0.0929 0.0392 0.0241
0.0930 0.0393 0.0240
0.0931 0.0393 0.0239
0.0933 0.0398 0.0230
0.0934 0.0399 0.0227
0.0936 0.0399 0.0226
0.0937 0.0399 0.0225
0.0939 0.0399 0.0225
0.0941 0.0398 0.0224
0.0940 0.0399 0.0226
0.0941 0.0399 0.0226
0.0942 0.0399 0.0225
0.0943 0.0399 0.0225
0.0945 0.0398 0.0226
0.0946 0.0398 0.0227
0.0946 0.0399 0.0229
0.0947 0.0400 0.0230
0.0948 0.0400 0.0232
0.0950 0.0400 0.0233
0.0951 0.0400 0.0234
0.0952 0.0401 0.0236
0.0952 0.0401 0.0239
0.0952 0.0402 0.0240
0.0953 0.0402 0.0241
0.0954 0.0403 0.0242
0.0955 0.0404 0.0243
0.0957 0.0404 0.0243
0.0956 0.0403 0.0244
0.0956 0.0403 0.0244
0.0957 0.0404 0.0245
0.0958 0.0404 0.0246
0.0958 0.0404 0.0247
0.0959 0.0404 0.0248
0.0960 0.0401 0.0252
0.0960 0.0400 0.0255
0.0960 0.0399 0.0258
0.0960 0.0399 0.0260
0.0960 0.0399 0.0261
0.0960 0.0399 0.0262
0.0958 0.0395 0.0264
0.0958 0.0395 0.0265
0.0958 0.0396 0.0265
0.0958 0.0397 0.0265
0.0958 0.0397 0.0264

