0.0171 -0.7039 -0.6449
0.0066 -0.7146 -0.6521
-0.0002 -0.7151 -0.6774
0.0079 -0.7153 -0.6799
0.0092 -0.7148 -0.6793
0.0125 -0.7071 -0.6888
0.0125 -0.7071 -0.6888
0.0061 -0.7105 -0.6913
-0.0023 -0.7090 -0.6941
0.0130 -0.7070 -0.6821
0.0115 -0.7060 -0.6695
0.0148 -0.7058 -0.6697
0.0148 -0.7058 -0.6697
0.0183 -0.7078 -0.6761
0.0176 -0.7062 -0.6693
0.0135 -0.7089 -0.6744
0.0132 -0.7092 -0.6783
0.0132 -0.7092 -0.6783
0.0121 -0.7118 -0.6820
0.0114 -0.7121 -0.6880
0.0120 -0.7084 -0.6922
0.0144 -0.7049 -0.6925
0.0165 -0.7097 -0.6889
0.0165 -0.7097 -0.6889
0.0179 -0.7125 -0.6944
0.0210 -0.7079 -0.6896
0.0237 -0.7174 -0.6891
0.0196 -0.7160 -0.6961
0.0146 -0.7154 -0.7081
0.0146 -0.7154 -0.7081
0.0168 -0.7126 -0.7030
0.0205 -0.7104 -0.7045
0.0270 -0.7073 -0.7008
0.0213 -0.7039 -0.6871
0.0119 -0.7065 -0.6867
0.0119 -0.7065 -0.6867
0.0185 -0.7089 -0.6914
0.0130 -0.7087 -0.6843
0.0156 -0.7107 -0.6800
0.0225 -0.7053 -0.6857
0.0185 -0.7028 -0.6870
0.0185 -0.7028 -0.6870
0.0200 -0.7022 -0.6855
0.0179 -0.7122 -0.6725
0.0167 -0.7083 -0.6647
0.0180 -0.7162 -0.6757
0.0180 -0.7162 -0.6757
0.0132 -0.7133 -0.6743
0.0142 -0.7074 -0.6845
0.0172 -0.7094 -0.6856
0.0101 -0.7076 -0.6804
0.0099 -0.7131 -0.6887
0.0099 -0.7131 -0.6887
0.0166 -0.7027 -0.6832
0.0148 -0.7082 -0.6781
0.0168 -0.7081 -0.6830
0.0176 -0.7071 -0.6789
0.0173 -0.7099 -0.6824
0.0173 -0.7099 -0.6824
0.0224 -0.7102 -0.6835
0.0179 -0.7095 -0.6743
0.0114 -0.7135 -0.6721
0.0186 -0.6953 -0.6371
0.0403 -0.6904 -0.7112
0.0403 -0.6904 -0.7112
0.0226 -0.7269 -0.7162
0.0143 -0.7300 -0.6944
0.0251 -0.7274 -0.7096
0.0179 -0.6778 -0.6600
0.0413 -0.6830 -0.7102
0.0251 -0.7280 -0.6772
0.0251 -0.7280 -0.6772
0.0322 -0.7077 -0.6686
0.0341 -0.7033 -0.6673
0.0341 -0.7033 -0.6673
0.0301 -0.7098 -0.6785
0.0209 -0.7086 -0.6675
0.0194 -0.7118 -0.6660
0.0239 -0.7108 -0.6834
0.0289 -0.7030 -0.6836
0.0289 -0.7030 -0.6836
0.0337 -0.6951 -0.6776
0.0345 -0.6986 -0.6754
0.0354 -0.6953 -0.6749
0.0420 -0.6964 -0.6671
0.0427 -0.6891 -0.6675
0.0427 -0.6891 -0.6675
0.0499 -0.6977 -0.6677
0.0617 -0.6897 -0.6551
0.0734 -0.6911 -0.6413
0.0923 -0.6825 -0.6435
0.1050 -0.6691 -0.6373
0.1050 -0.6691 -0.6373
0.1264 -0.6663 -0.6398
0.1459 -0.6482 -0.6322
0.1619 -0.6474 -0.6122
0.1777 -0.6297 -0.6153
0.1777 -0.6297 -0.6153
0.1962 -0.6143 -0.6342
0.2207 -0.5988 -0.6508
0.2379 -0.6059 -0.6398
0.2582 -0.6159 -0.6187
0.2713 -0.6098 -0.6486
0.2713 -0.6098 -0.6486
0.2747 -0.5787 -0.7262
0.2724 -0.5402 -0.8132
0.2516 -0.5155 -0.8994
0.2252 -0.4931 -0.8996
0.1905 -0.4967 -0.8551
0.1905 -0.4967 -0.8551
0.1659 -0.5309 -0.7821
0.1522 -0.5578 -0.7468
0.1526 -0.5653 -0.7622
0.1654 -0.5645 -0.8091
0.1522 -0.5531 -0.8506
0.1522 -0.5531 -0.8506
0.1396 -0.5518 -0.8820
0.1219 -0.5375 -0.8805
0.1208 -0.5166 -0.8861
0.1291 -0.4937 -0.8991
0.1350 -0.4746 -0.8641
0.1350 -0.4746 -0.8641
0.1336 -0.4526 -0.8070
0.1275 -0.4355 -0.7619
0.1237 -0.4239 -0.7334
0.1168 -0.3868 -0.7266
0.1168 -0.3868 -0.7266
0.1268 -0.3650 -0.8050
0.1445 -0.3705 -0.8691
0.1431 -0.3592 -0.9157
0.1432 -0.3693 -0.9598
0.1219 -0.3537 -0.9968
0.1219 -0.3537 -0.9968
0.0979 -0.3512 -1.0323
0.0889 -0.3611 -1.0439
0.0541 -0.3531 -1.0232
0.0144 -0.3243 -1.0419
-0.0089 -0.3498 -1.0621
-0.0089 -0.3498 -1.0621
-0.0197 -0.3581 -1.0329
-0.0212 -0.3690 -1.0323
-0.0257 -0.3573 -1.1107
-0.0287 -0.3110 -1.2468
-0.0048 -0.2613 -1.3573
-0.0048 -0.2613 -1.3573
0.0150 -0.2303 -1.3565
-0.0067 -0.2230 -1.1830
-0.0578 -0.2746 -0.9811
-0.0858 -0.3066 -0.8555
-0.1067 -0.3173 -0.8144
-0.1067 -0.3173 -0.8144
-0.0948 -0.3095 -0.8782
-0.0736 -0.2887 -0.9338
-0.0591 -0.2523 -0.9179
-0.0454 -0.2608 -0.8629
-0.0454 -0.2608 -0.8629
-0.0373 -0.2804 -0.7725
-0.0307 -0.2992 -0.7013
-0.0482 -0.3083 -0.6675
-0.0575 -0.3156 -0.6929
-0.0909 -0.3060 -0.7413
-0.0909 -0.3060 -0.7413
-0.1351 -0.3041 -0.8028
-0.1692 -0.2886 -0.8784
-0.1799 -0.3011 -0.9497
-0.1898 -0.3283 -0.9525
-0.2003 -0.3609 -0.9339
-0.2003 -0.3609 -0.9339
-0.1877 -0.3966 -0.9082
-0.1723 -0.4189 -0.8808
-0.1475 -0.4265 -0.8780
-0.1090 -0.4410 -0.9083
-0.0775 -0.4375 -0.9262
-0.0775 -0.4375 -0.9262
-0.0493 -0.4370 -0.9375
-0.0265 -0.4495 -0.9535
-0.0013 -0.4576 -0.9834
0.0109 -0.4599 -1.0071
0.0144 -0.4450 -1.0141
0.0187 -0.4398 -1.0341
0.0463 -0.4821 -1.0361
0.1051 -0.4771 -1.0277
0.1904 -0.4722 -1.0905
0.1904 -0.4722 -1.0905
0.2693 -0.4753 -1.1697
0.3394 -0.3981 -1.2055
0.3857 -0.3041 -1.2099
0.3984 -0.2379 -1.1743
0.4005 -0.2153 -1.0132
0.4005 -0.2153 -1.0132
0.3853 -0.2518 -0.8096
0.3784 -0.2844 -0.6260
0.3830 -0.3192 -0.5695
0.4095 -0.2890 -0.6403
0.4185 -0.2724 -0.8096
0.4185 -0.2724 -0.8096
0.3752 -0.2164 -0.9518
0.2917 -0.1952 -1.0184
0.2101 -0.1681 -0.9418
0.1154 -0.1640 -0.8460
0.0247 -0.1938 -0.7278
0.0247 -0.1938 -0.7278
-0.0525 -0.2315 -0.6322
-0.1038 -0.2686 -0.5735
-0.1428 -0.3231 -0.5475
-0.1608 -0.3566 -0.5779
-0.1608 -0.3566 -0.5779
-0.1727 -0.4013 -0.6500
-0.1803 -0.4275 -0.7331
-0.1574 -0.4744 -0.8718
-0.1221 -0.4890 -0.9796
-0.0997 -0.4894 -1.0469
-0.0997 -0.4894 -1.0469
-0.1018 -0.5075 -1.1212
-0.1169 -0.5179 -1.1545
-0.1361 -0.5140 -1.1598
-0.1801 -0.5040 -1.1465
-0.2524 -0.4977 -1.1598
-0.2524 -0.4977 -1.1598
-0.3113 -0.5034 -1.1759
-0.3454 -0.4921 -1.1781
-0.3598 -0.4481 -1.1541
-0.3673 -0.4633 -1.1585
-0.3554 -0.4051 -1.1391
-0.3554 -0.4051 -1.1391
-0.3452 -0.2622 -1.2216
-0.3378 -0.1594 -1.3250
-0.2915 -0.1015 -1.2774
-0.2720 -0.0521 -0.9380
-0.2968 -0.0551 -0.6104
-0.2968 -0.0551 -0.6104
-0.3016 -0.0695 -0.4130
-0.3099 -0.1732 -0.4219
-0.2263 -0.2224 -0.6705
-0.1098 -0.2039 -0.8211
-0.1098 -0.2039 -0.8211
0.0383 -0.1525 -0.9133
0.1692 -0.1847 -0.9520
0.2738 -0.2021 -0.8495
0.3407 -0.2377 -0.7262
0.3990 -0.2977 -0.5948
0.3990 -0.2977 -0.5948
0.4252 -0.3559 -0.5425
0.4193 -0.4361 -0.5168
0.4138 -0.4786 -0.5732
0.4335 -0.5560 -0.6177
0.4330 -0.6070 -0.6398
0.4330 -0.6070 -0.6398
0.4341 -0.6351 -0.6738
0.4168 -0.6691 -0.7474
0.4143 -0.7097 -0.8656
0.4014 -0.7409 -0.8882
0.4056 -0.7500 -0.8892
0.4056 -0.7500 -0.8892
0.4358 -0.7720 -0.9401
0.4692 -0.7823 -1.0202
0.5064 -0.7735 -1.0647
0.5093 -0.7187 -1.0645
0.5118 -0.7132 -1.1104
0.5118 -0.7132 -1.1104
0.4757 -0.6388 -1.1606
0.4138 -0.4936 -1.1876
0.2572 -0.2959 -1.0373
0.2572 -0.2959 -1.0373
0.1830 -0.2492 -0.7487
0.1370 -0.2543 -0.5332
0.1138 -0.4015 -0.3490
0.1255 -0.4169 -0.3605
0.1621 -0.4259 -0.5894
0.1621 -0.4259 -0.5894
0.1867 -0.4653 -0.9024
0.1349 -0.3989 -1.0540
0.0005 -0.3426 -1.0865
-0.0853 -0.2620 -1.0259
-0.1683 -0.2465 -0.9833
-0.1683 -0.2465 -0.9833
-0.2492 -0.2943 -0.8512
-0.2934 -0.3215 -0.7678
-0.3811 -0.3977 -0.5462
-0.4117 -0.4368 -0.5073
-0.3941 -0.4973 -0.5433
-0.3941 -0.4973 -0.5433
-0.3484 -0.5034 -0.6202
-0.2973 -0.5197 -0.6968
-0.2673 -0.5278 -0.7500
-0.2414 -0.5480 -0.7954
-0.2414 -0.5480 -0.7954
-0.2262 -0.5629 -0.8297
-0.2395 -0.5732 -0.8764
-0.2878 -0.5710 -0.9536
-0.3411 -0.5985 -1.0087
-0.3812 -0.6113 -1.0373
-0.3812 -0.6113 -1.0373
-0.3917 -0.6057 -1.0787
-0.4201 -0.6502 -1.1012
-0.4158 -0.6227 -1.0929
-0.3847 -0.5080 -1.1581
-0.3191 -0.4214 -1.2783
-0.3191 -0.4214 -1.2783
-0.2524 -0.3554 -1.1597
-0.1935 -0.3103 -0.8754
-0.1746 -0.3107 -0.5705
-0.1686 -0.3405 -0.3947
-0.1683 -0.4212 -0.4057
-0.1683 -0.4212 -0.4057
-0.1647 -0.4285 -0.5671
-0.0924 -0.4553 -0.8789
0.0209 -0.4272 -1.1091
0.1417 -0.3438 -1.0873
0.1875 -0.3152 -0.9308
0.1875 -0.3152 -0.9308
0.2518 -0.3203 -0.7755
0.2853 -0.3746 -0.7226
0.3257 -0.4452 -0.7020
0.3464 -0.4998 -0.6382
0.3464 -0.4998 -0.6382
0.3458 -0.5370 -0.5880
0.3419 -0.5958 -0.5876
0.3135 -0.6267 -0.5987
0.2830 -0.6455 -0.6236
0.2453 -0.6548 -0.6675
0.2453 -0.6548 -0.6675
0.2018 -0.6663 -0.7147
0.1607 -0.7041 -0.7471
0.1499 -0.7340 -0.7713
0.1853 -0.7425 -0.8307
0.2305 -0.7242 -0.9167
0.2305 -0.7242 -0.9167
0.2837 -0.7257 -1.0633
0.3230 -0.7043 -1.1441
0.3524 -0.7139 -1.1764
0.3391 -0.6260 -1.2394
0.2836 -0.4910 -1.3527
0.2836 -0.4910 -1.3527
0.2256 -0.3776 -1.3500
0.1778 -0.2744 -1.0800
0.0862 -0.2389 -0.7195
0.0437 -0.4062 -0.2672
0.0437 -0.4062 -0.2672
0.0953 -0.5060 -0.2522
0.1517 -0.4896 -0.4103
0.2020 -0.4676 -0.8559
0.2108 -0.4937 -1.1981
0.2108 -0.4937 -1.1981
0.0515 -0.3664 -1.2477
-0.0935 -0.3636 -1.0968
-0.1963 -0.2837 -0.9542
-0.2415 -0.2943 -0.8309
-0.2912 -0.3701 -0.7256
-0.2912 -0.3701 -0.7256
-0.3586 -0.4408 -0.5604
-0.3955 -0.5229 -0.4886
-0.3754 -0.5822 -0.4908
-0.3423 -0.6087 -0.5614
-0.2849 -0.6116 -0.6744
-0.2849 -0.6116 -0.6744
-0.2370 -0.5870 -0.7824
-0.2216 -0.5733 -0.8482
-0.2112 -0.5828 -0.8912
-0.2174 -0.5977 -0.9027
-0.2266 -0.6006 -0.9242
-0.2266 -0.6006 -0.9242
-0.2492 -0.6305 -0.9747
-0.2815 -0.6454 -1.0221
-0.3234 -0.6447 -1.0549
-0.3472 -0.6499 -1.1119
-0.3693 -0.5006 -1.1890
-0.3693 -0.5006 -1.1890
-0.3302 -0.3795 -1.2906
-0.2542 -0.3330 -1.2154
-0.1957 -0.3107 -0.8593
-0.1660 -0.3152 -0.5450
-0.1660 -0.3152 -0.5450
-0.1538 -0.4129 -0.3071
-0.1456 -0.5197 -0.2871
-0.1335 -0.5591 -0.4127
-0.0736 -0.6092 -0.7950
0.0750 -0.5584 -1.1747
0.0750 -0.5584 -1.1747
0.2189 -0.4672 -1.2849
0.3060 -0.4433 -1.1765
0.3700 -0.4045 -0.9157
0.4329 -0.4254 -0.6801
0.4676 -0.4349 -0.5184
0.4676 -0.4349 -0.5184
0.4661 -0.4959 -0.4252
0.3985 -0.5268 -0.3417
0.3478 -0.5359 -0.3008
0.3223 -0.5451 -0.3539
0.3197 -0.5375 -0.4794
0.3197 -0.5375 -0.4794
0.3077 -0.5206 -0.6122
0.2957 -0.4977 -0.7462
0.2885 -0.4952 -0.8659
0.2863 -0.4973 -1.0367
0.2863 -0.4973 -1.0367
0.3062 -0.5021 -1.1768
0.3208 -0.4843 -1.2566
0.3489 -0.5183 -1.2372
0.3863 -0.5891 -1.1818
0.3540 -0.4162 -1.3143
0.3540 -0.4162 -1.3143
0.2432 -0.2533 -1.4376
0.1239 -0.1642 -1.5722
0.0238 -0.1169 -1.3130
-0.0352 -0.0842 -0.9625
-0.0325 -0.0908 -0.7337
-0.0325 -0.0908 -0.7337
-0.0652 -0.1479 -0.6692
-0.0794 -0.2204 -0.6956
-0.0188 -0.2600 -0.7735
0.0805 -0.2751 -0.8711
0.1631 -0.2816 -0.9039
0.1631 -0.2816 -0.9039
0.1981 -0.2828 -0.9532
0.2184 -0.2898 -1.0099
0.2226 -0.2934 -1.0555
0.2160 -0.2967 -1.0397
0.2043 -0.2908 -0.9774
0.2043 -0.2908 -0.9774
0.1790 -0.3160 -0.9208
0.1564 -0.3503 -0.8714
0.1535 -0.3793 -0.8888
0.1636 -0.3895 -0.9093
0.1636 -0.3895 -0.9093
0.1575 -0.3720 -0.9377
0.1422 -0.3691 -0.9807
0.1383 -0.3719 -1.0103
0.1040 -0.3656 -0.9918
0.0627 -0.3617 -0.9609
0.0627 -0.3617 -0.9609
0.0202 -0.3599 -0.9450
-0.0141 -0.3583 -0.9174
-0.0289 -0.3446 -0.8970
-0.0268 -0.3780 -0.8792
-0.0119 -0.4932 -0.8145
-0.0119 -0.4932 -0.8145
-0.0029 -0.4951 -0.8234
-0.0184 -0.3734 -1.0032
-0.0370 -0.3374 -1.2062
-0.0363 -0.3119 -1.1365
-0.0318 -0.3081 -0.8700
-0.0318 -0.3081 -0.8700
-0.0210 -0.3822 -0.6449
-0.0015 -0.4819 -0.5552
-0.0120 -0.5024 -0.6769
-0.0271 -0.4688 -0.9147
-0.0382 -0.4269 -1.1527
-0.0382 -0.4269 -1.1527
-0.0300 -0.3912 -1.1598
-0.0268 -0.3604 -0.9403
-0.0533 -0.3450 -0.7082
-0.0843 -0.4055 -0.5389
-0.0843 -0.4055 -0.5389
-0.1438 -0.4568 -0.5238
-0.1488 -0.4643 -0.6202
-0.1217 -0.4854 -0.8055
-0.1079 -0.4647 -0.9231
-0.1044 -0.4668 -0.9949
-0.1044 -0.4668 -0.9949
-0.1163 -0.4534 -0.9828
-0.1384 -0.4741 -0.9198
-0.1784 -0.4913 -0.8889
-0.0955 -0.5492 -0.8192
-0.0828 -0.4724 -0.8527
-0.0828 -0.4724 -0.8527
-0.0984 -0.6177 -0.8483
-0.0960 -0.5797 -0.8727
-0.0713 -0.5747 -0.8633
-0.0433 -0.5509 -0.9064
-0.0179 -0.5698 -0.9345
-0.0179 -0.5698 -0.9345
-0.0222 -0.5275 -0.9316
-0.0091 -0.5264 -0.9487
-0.0102 -0.5325 -0.9823
0.0142 -0.5464 -1.0136
0.0760 -0.5972 -1.0248
0.0760 -0.5972 -1.0248
0.1367 -0.6358 -1.0103
0.2154 -0.6206 -1.0944
0.2918 -0.5177 -1.3140
0.3547 -0.3876 -1.5035
0.3547 -0.3876 -1.5035
0.3451 -0.2651 -1.3894
0.3318 -0.2319 -1.0554
0.3456 -0.2600 -0.7457
0.3819 -0.3098 -0.5400
0.4204 -0.3407 -0.4504
0.4204 -0.3407 -0.4504
0.4291 -0.3433 -0.5146
0.4310 -0.3076 -0.6547
0.3627 -0.2952 -0.8069
0.3026 -0.2834 -0.8639
0.1898 -0.2771 -0.8268
0.1898 -0.2771 -0.8268
0.0746 -0.2903 -0.7448
-0.0207 -0.3093 -0.6517
-0.0916 -0.3693 -0.5609
-0.1372 -0.4283 -0.5262
-0.1598 -0.4888 -0.5289
-0.1598 -0.4888 -0.5289
-0.1532 -0.5283 -0.5882
-0.1391 -0.5529 -0.6827
-0.1538 -0.5675 -0.7588
-0.1527 -0.5966 -0.8986
-0.1527 -0.5966 -0.8986
-0.1377 -0.6088 -0.9494
-0.1370 -0.6309 -0.9668
-0.1655 -0.6500 -0.9813
-0.2157 -0.6440 -1.0498
-0.2157 -0.6440 -1.0498
-0.2773 -0.6361 -1.1213
-0.3440 -0.5932 -1.1451
-0.3859 -0.5281 -1.1716
-0.3965 -0.4826 -1.2502
-0.3719 -0.3301 -1.2798
-0.3719 -0.3301 -1.2798
-0.3477 -0.2162 -1.3204
-0.3097 -0.1900 -1.1810
-0.3231 -0.2179 -0.8730
-0.3312 -0.2605 -0.6425
-0.3420 -0.2848 -0.5414
-0.3420 -0.2848 -0.5414
-0.2973 -0.2993 -0.7120
-0.1635 -0.2910 -0.9706
-0.0308 -0.2422 -1.0502
0.0528 -0.1991 -0.9371
0.1088 -0.1860 -0.7570
0.1088 -0.1860 -0.7570
0.1595 -0.2589 -0.6790
0.2103 -0.3372 -0.6001
0.2322 -0.3950 -0.5270
0.2682 -0.4424 -0.4710
0.2682 -0.4424 -0.4710
0.2923 -0.4931 -0.4669
0.3161 -0.5341 -0.5226
0.3423 -0.5703 -0.6091
0.3564 -0.5852 -0.7071
0.3657 -0.5825 -0.8161
0.3657 -0.5825 -0.8161
0.3820 -0.6167 -0.9174
0.3912 -0.6533 -0.9508
0.3815 -0.6852 -0.9651
0.3970 -0.6820 -1.0358
0.4142 -0.6778 -1.1344
0.4142 -0.6778 -1.1344
0.4342 -0.6470 -1.1856
0.3946 -0.5891 -1.1604
0.3663 -0.5637 -1.1223
0.3377 -0.4699 -1.0582
0.3410 -0.3932 -1.0176
0.3410 -0.3932 -1.0176
0.3376 -0.3454 -0.9286
0.3179 -0.3603 -0.7571
0.3192 -0.4128 -0.6038
0.3421 -0.4176 -0.5431
0.3671 -0.3603 -0.6820
0.3671 -0.3603 -0.6820
0.3432 -0.3420 -0.9443
0.2341 -0.3022 -1.0911
0.0908 -0.2522 -1.0395
-0.0106 -0.2203 -0.9540
-0.0106 -0.2203 -0.9540
-0.1011 -0.2202 -0.8781
-0.1652 -0.2819 -0.8203
-0.2380 -0.3239 -0.7146
-0.3044 -0.3666 -0.6225
-0.3613 -0.4281 -0.5431
-0.3613 -0.4281 -0.5431
-0.4222 -0.4473 -0.5183
-0.3894 -0.4763 -0.5840
-0.3382 -0.4837 -0.6840
-0.3032 -0.4807 -0.7332
-0.2876 -0.5066 -0.7620
-0.2876 -0.5066 -0.7620
-0.2783 -0.5386 -0.8059
-0.2620 -0.5571 -0.8600
-0.2469 -0.5610 -0.9114
-0.2599 -0.5890 -0.9937
-0.2675 -0.5796 -1.1089
-0.2675 -0.5796 -1.1089
-0.2708 -0.5331 -1.2524
-0.2504 -0.5376 -1.3360
-0.2880 -0.4210 -1.2954
-0.3308 -0.3423 -1.1910
-0.3707 -0.3842 -1.0376
-0.3707 -0.3842 -1.0376
-0.3764 -0.4313 -0.7970
-0.3858 -0.4745 -0.6111
-0.3925 -0.4742 -0.5884
-0.4005 -0.4467 -0.8129
-0.4005 -0.4467 -0.8129
-0.2988 -0.3631 -1.1709
-0.1265 -0.2449 -1.3425
0.0105 -0.1517 -1.2254
0.0925 -0.1591 -0.9173
0.1673 -0.1589 -0.6890
0.1673 -0.1589 -0.6890
0.2073 -0.2350 -0.5412
0.2402 -0.3004 -0.4124
0.2536 -0.3654 -0.3387
0.2610 -0.4305 -0.3154
0.2649 -0.4787 -0.3657
0.2649 -0.4787 -0.3657
0.2711 -0.5177 -0.4572
0.3019 -0.5240 -0.5653
0.3159 -0.5185 -0.6714
0.3383 -0.5366 -0.7746
0.3655 -0.5563 -0.8496
0.3655 -0.5563 -0.8496
0.4013 -0.5834 -0.9208
0.4330 -0.5936 -0.9913
0.4497 -0.5915 -1.0699
0.4685 -0.5733 -1.1400
0.4685 -0.5733 -1.1400
0.4550 -0.5339 -1.1942
0.4180 -0.5675 -1.1903
0.3571 -0.5108 -1.1661
0.3069 -0.3730 -1.1661
0.2603 -0.2955 -1.2112
0.2603 -0.2955 -1.2112
0.2183 -0.2650 -1.1367
0.2087 -0.2361 -0.9180
0.1773 -0.3219 -0.6799
0.2133 -0.3437 -0.5458
0.2910 -0.3365 -0.5845
0.2910 -0.3365 -0.5845
0.3475 -0.2645 -0.8315
0.3419 -0.2511 -1.1789
0.2672 -0.2472 -1.3553
0.1902 -0.1745 -1.2633
0.1056 -0.1535 -1.0526
0.1056 -0.1535 -1.0526
0.0144 -0.0946 -0.8322
-0.0594 -0.1778 -0.6766
-0.1430 -0.2592 -0.5585
-0.1992 -0.3300 -0.5016
-0.2216 -0.4036 -0.5345
-0.2216 -0.4036 -0.5345
-0.2016 -0.4433 -0.6162
-0.1795 -0.4493 -0.6890
-0.1687 -0.4505 -0.7631
-0.1480 -0.4843 -0.8620
-0.1138 -0.5034 -0.9099
-0.1138 -0.5034 -0.9099
-0.0797 -0.5280 -0.9479
-0.0770 -0.5678 -0.9463
-0.0707 -0.6048 -0.8991
-0.0941 -0.6411 -0.9278
-0.0941 -0.6411 -0.9278
-0.1280 -0.6771 -0.9861
-0.1684 -0.6920 -1.0097
-0.2490 -0.6297 -1.0892
-0.3237 -0.6210 -1.2308
-0.3705 -0.5049 -1.3293
-0.3705 -0.5049 -1.3293
-0.4035 -0.4008 -1.4059
-0.3816 -0.3960 -1.2972
-0.3379 -0.3941 -1.0527
-0.3289 -0.3893 -0.8478
-0.3350 -0.4381 -0.7833
-0.3350 -0.4381 -0.7833
-0.2997 -0.4176 -0.8186
-0.2040 -0.3917 -0.9074
-0.0821 -0.3532 -0.9185
0.0279 -0.3299 -0.8460
0.1616 -0.3265 -0.6795
0.1616 -0.3265 -0.6795
0.2543 -0.3304 -0.5412
0.3160 -0.3917 -0.4561
0.3472 -0.4155 -0.3731
0.3615 -0.4183 -0.3312
0.3615 -0.4183 -0.3312
0.3563 -0.5072 -0.3891
0.3430 -0.4577 -0.4642
0.3061 -0.4368 -0.5555
0.2556 -0.4281 -0.6724
0.2615 -0.4422 -0.7917
0.2615 -0.4422 -0.7917
0.2329 -0.4379 -0.8867
0.2049 -0.5026 -0.9117
0.1467 -0.6266 -0.8935
0.1364 -0.7754 -0.9193
0.1730 -0.8570 -0.9984
0.1730 -0.8570 -0.9984
0.2148 -0.8744 -1.0904
0.2869 -0.8471 -1.2493
0.3272 -0.9028 -1.3187
0.3235 -0.7729 -1.2831
0.3374 -0.5152 -1.3579
0.3374 -0.5152 -1.3579
0.2598 -0.4013 -1.3536
0.2338 -0.3181 -1.2364
0.2102 -0.3096 -0.9699
0.1591 -0.3129 -0.7894
0.1319 -0.3136 -0.6922
0.1319 -0.3136 -0.6922
0.1073 -0.3301 -0.6524
0.1237 -0.3269 -0.6710
0.1035 -0.3154 -0.6806
0.0659 -0.3174 -0.6394
0.0659 -0.3174 -0.6394
0.0358 -0.3619 -0.6540
-0.0202 -0.3918 -0.6579
-0.0765 -0.4416 -0.6345
-0.1241 -0.5005 -0.6259
-0.1327 -0.5807 -0.6194
-0.1327 -0.5807 -0.6194
-0.1356 -0.6374 -0.5877
-0.1496 -0.6940 -0.5617
-0.1417 -0.7447 -0.5685
-0.1215 -0.7500 -0.6194
-0.1069 -0.7447 -0.6771
-0.1069 -0.7447 -0.6771
-0.0943 -0.7295 -0.7099
-0.0848 -0.7114 -0.7832
-0.0891 -0.6733 -0.7900
-0.1241 -0.6297 -0.7965
-0.1467 -0.6239 -0.8459
-0.1467 -0.6239 -0.8459
-0.1676 -0.6177 -0.8510
-0.1829 -0.5933 -0.8605
-0.2106 -0.5936 -0.8365
-0.2331 -0.6069 -0.7976
-0.2331 -0.6069 -0.7976
-0.2586 -0.6028 -0.7679
-0.2699 -0.5894 -0.7659
-0.2653 -0.5687 -0.7916
-0.2580 -0.5540 -0.7904
-0.2382 -0.5501 -0.7751
-0.2382 -0.5501 -0.7751
-0.2167 -0.5610 -0.7132
-0.2084 -0.5720 -0.6776
-0.1988 -0.6044 -0.6461
-0.1595 -0.5989 -0.6847
-0.0942 -0.5819 -0.7446
-0.0942 -0.5819 -0.7446
-0.0413 -0.6030 -0.7926
0.0132 -0.6463 -0.7971
0.0861 -0.6995 -0.7505
0.1299 -0.6801 -0.7493
0.1509 -0.6471 -0.7761
0.1509 -0.6471 -0.7761
0.1679 -0.6455 -0.8410
0.1586 -0.6261 -0.8794
0.1137 -0.6036 -0.8940
0.0690 -0.6046 -0.8857
0.0333 -0.5790 -0.8494
0.0333 -0.5790 -0.8494
0.0030 -0.5489 -0.8279
-0.0203 -0.5308 -0.8585
-0.0627 -0.5005 -0.8917
-0.0741 -0.4860 -0.9163
-0.0741 -0.4860 -0.9163
-0.0676 -0.4734 -0.9382
-0.0894 -0.4399 -0.9492
-0.1050 -0.4296 -0.9276
-0.1129 -0.4395 -0.8723
-0.1170 -0.4689 -0.8136
-0.1170 -0.4689 -0.8136
-0.1195 -0.4857 -0.7818
-0.1260 -0.4983 -0.7790
-0.1306 -0.4936 -0.8205
-0.1365 -0.4766 -0.8734
-0.1527 -0.4548 -0.9270
-0.1527 -0.4548 -0.9270
-0.1835 -0.4377 -0.9469
-0.1968 -0.4119 -0.9185
-0.1880 -0.4046 -0.8813
-0.1551 -0.3926 -0.8687
-0.1218 -0.4222 -0.8687
-0.1218 -0.4222 -0.8687
-0.0940 -0.4156 -0.8548
-0.0249 -0.4246 -0.9298
0.0428 -0.5042 -1.0166
0.0292 -0.5831 -0.9837
0.0152 -0.5047 -0.9296
0.0152 -0.5047 -0.9296
0.0125 -0.5468 -0.9411
0.0335 -0.5371 -1.0183
0.0026 -0.4914 -1.0654
-0.0277 -0.4859 -1.0564
-0.0277 -0.4859 -1.0564
-0.0637 -0.5264 -0.9982
-0.0703 -0.5651 -0.8940
-0.0679 -0.6177 -0.7354
-0.0424 -0.6181 -0.6410
0.0001 -0.6473 -0.6443
0.0001 -0.6473 -0.6443
0.0534 -0.6731 -0.7207
0.0900 -0.6444 -0.7135
0.0505 -0.5688 -0.7630
0.0314 -0.6369 -0.8221
0.0246 -0.5670 -0.7550
0.0246 -0.5670 -0.7550
0.0687 -0.5419 -0.7941
0.0975 -0.5867 -0.7852
0.0679 -0.6110 -0.7456
0.0411 -0.6367 -0.7101
0.0347 -0.6392 -0.6866
0.0347 -0.6392 -0.6866
0.0013 -0.6119 -0.7010
0.0762 -0.6498 -0.7571
0.0551 -0.6420 -0.6757
0.0493 -0.6273 -0.6046
0.0553 -0.6469 -0.5948
0.0553 -0.6469 -0.5948
0.0591 -0.6512 -0.5733
0.0708 -0.6759 -0.5804
0.0746 -0.7068 -0.6078
0.0622 -0.6942 -0.5872
0.0622 -0.6942 -0.5872
0.0580 -0.6937 -0.6103
0.0508 -0.6996 -0.6642
0.0603 -0.7046 -0.7011
0.0516 -0.7001 -0.6895
0.0270 -0.7121 -0.6828
0.0270 -0.7121 -0.6828
0.0309 -0.7264 -0.6882
0.0192 -0.7267 -0.6828
0.0173 -0.7288 -0.6745
0.0308 -0.7316 -0.6662
0.0285 -0.7181 -0.6589
0.0285 -0.7181 -0.6589
0.0331 -0.7270 -0.6547
0.0385 -0.7185 -0.6529
0.0401 -0.7093 -0.6427
0.0328 -0.7232 -0.6424
0.0358 -0.7189 -0.6445
0.0358 -0.7189 -0.6445
0.0437 -0.7174 -0.6572
0.0399 -0.7162 -0.6615
0.0384 -0.7214 -0.6520
0.0400 -0.7231 -0.6544
0.0409 -0.7256 -0.6680
0.0409 -0.7256 -0.6680
0.0454 -0.7259 -0.6676
0.0468 -0.7281 -0.6545
0.0339 -0.7262 -0.6431
0.0307 -0.7284 -0.6468
0.0307 -0.7284 -0.6468
0.0407 -0.7311 -0.6489
0.0420 -0.7299 -0.6420
0.0430 -0.7337 -0.6517
0.0529 -0.7347 -0.6675
0.0568 -0.7332 -0.6777
0.0568 -0.7332 -0.6777
0.0465 -0.7280 -0.6722
0.0474 -0.7240 -0.6826
0.0531 -0.7297 -0.6799
0.0518 -0.7300 -0.6747
0.0488 -0.7291 -0.6713
0.0488 -0.7291 -0.6713
0.0459 -0.7298 -0.6642
0.0429 -0.7328 -0.6546
0.0417 -0.7273 -0.6608
0.0436 -0.7244 -0.6698
0.0374 -0.7185 -0.6783
0.0374 -0.7185 -0.6783
0.0336 -0.7252 -0.6765
0.0299 -0.7201 -0.6717
0.0290 -0.7248 -0.6737
0.0291 -0.7236 -0.6714
0.0291 -0.7236 -0.6714
0.0360 -0.7244 -0.6787
0.0322 -0.7139 -0.6758
0.0344 -0.7166 -0.6719
0.0267 -0.7171 -0.6661
0.0242 -0.7189 -0.6706
0.0242 -0.7189 -0.6706
0.0274 -0.7131 -0.6739
0.0275 -0.7198 -0.6798
0.0307 -0.7148 -0.6777
0.0328 -0.7161 -0.6788
0.0312 -0.7194 -0.6749
0.0312 -0.7194 -0.6749
0.0299 -0.7232 -0.6732
0.0289 -0.7228 -0.6758
0.0324 -0.7181 -0.6757
0.0305 -0.7183 -0.6774
0.0379 -0.7171 -0.6804
0.0379 -0.7171 -0.6804
0.0341 -0.7195 -0.6818
0.0370 -0.7215 -0.6753
0.0390 -0.7199 -0.6745
0.0402 -0.7198 -0.6832
0.0381 -0.7170 -0.6831
0.0381 -0.7170 -0.6831
0.0331 -0.7166 -0.6694
0.0333 -0.7229 -0.6717
0.0362 -0.7184 -0.6839
0.0325 -0.7202 -0.6855
0.0325 -0.7202 -0.6855
0.0292 -0.7154 -0.6760
0.0289 -0.7160 -0.6778
0.0291 -0.7178 -0.6754
0.0304 -0.7230 -0.6730
0.0293 -0.7191 -0.6783
0.0293 -0.7191 -0.6783
0.0319 -0.7201 -0.6829
0.0335 -0.7214 -0.6756
0.0241 -0.7218 -0.6549
0.0268 -0.7231 -0.6587
0.0253 -0.7201 -0.6774
0.0253 -0.7201 -0.6774
0.0281 -0.7210 -0.6776
0.0210 -0.7212 -0.6629
0.0208 -0.7239 -0.6640
0.0215 -0.7258 -0.6726
0.0210 -0.7259 -0.6790
0.0210 -0.7259 -0.6790
0.0254 -0.7232 -0.6796
0.0294 -0.7291 -0.6759
0.0210 -0.7264 -0.6671
0.0168 -0.7257 -0.6610
0.0142 -0.7279 -0.6609
0.0142 -0.7279 -0.6609
0.0186 -0.7216 -0.6754
0.0176 -0.7171 -0.6689
0.0184 -0.7258 -0.6693
0.0107 -0.7211 -0.6610
0.0107 -0.7211 -0.6610
0.0134 -0.7260 -0.6717
0.0226 -0.7267 -0.6774
0.0231 -0.7254 -0.6773
0.0302 -0.7137 -0.6702
0.0246 -0.7220 -0.6497
0.0246 -0.7220 -0.6497
0.0158 -0.7289 -0.6530
0.0181 -0.7227 -0.6645
0.0215 -0.7218 -0.6831
0.0216 -0.7214 -0.6750
0.0207 -0.7216 -0.6706
0.0207 -0.7216 -0.6706
0.0226 -0.7235 -0.6670
0.0230 -0.7247 -0.6601
0.0278 -0.7247 -0.6640
0.0305 -0.7222 -0.6708
0.0272 -0.7166 -0.6774
0.0272 -0.7166 -0.6774
0.0189 -0.7186 -0.6725
0.0131 -0.7253 -0.6635
0.0141 -0.7254 -0.6662
0.0223 -0.7188 -0.6728
0.0223 -0.7188 -0.6728
0.0270 -0.7188 -0.6811
0.0276 -0.7148 -0.6806
0.0241 -0.7221 -0.6721
0.0233 -0.7233 -0.6692
0.0243 -0.7232 -0.6820
0.0243 -0.7232 -0.6820
0.0225 -0.7172 -0.6838
0.0228 -0.7189 -0.6808
0.0258 -0.7234 -0.6803
0.0265 -0.7200 -0.6944
0.0239 -0.7189 -0.7010
0.0239 -0.7189 -0.7010
0.0223 -0.7155 -0.6971
0.0180 -0.7124 -0.6939
0.0155 -0.7136 -0.6846
0.0189 -0.7148 -0.6784
0.0204 -0.7163 -0.6664
0.0204 -0.7163 -0.6664
0.0246 -0.7133 -0.6730
0.0272 -0.7160 -0.6777
0.0280 -0.7136 -0.6732
0.0215 -0.7191 -0.6673
0.0214 -0.7167 -0.6667
0.0214 -0.7167 -0.6667
0.0258 -0.7184 -0.6708
0.0211 -0.7198 -0.6793
0.0251 -0.7176 -0.6916
0.0301 -0.7167 -0.6935
0.0301 -0.7167 -0.6935
0.0291 -0.7190 -0.6896
0.0256 -0.7182 -0.6835
0.0278 -0.7209 -0.6838
0.0310 -0.7171 -0.6792
0.0267 -0.7209 -0.6760
0.0267 -0.7209 -0.6760
0.0268 -0.7145 -0.6749
0.0212 -0.7166 -0.6727
0.0249 -0.7151 -0.6699
0.0213 -0.7180 -0.6693
0.0235 -0.7162 -0.6735
0.0235 -0.7162 -0.6735
0.0177 -0.7161 -0.6655
0.0155 -0.7192 -0.6595
0.0179 -0.7231 -0.6692
0.0290 -0.7259 -0.6770
0.0393 -0.7229 -0.6834
0.0393 -0.7229 -0.6834
0.0236 -0.7226 -0.6772
0.0172 -0.7232 -0.6714
0.0145 -0.7245 -0.6693
0.0146 -0.7238 -0.6675
0.0164 -0.7169 -0.6706
0.0164 -0.7169 -0.6706
0.0286 -0.7120 -0.6851
0.0341 -0.7062 -0.6582
0.0208 -0.7220 -0.6609
0.0039 -0.7299 -0.6517
0.0039 -0.7299 -0.6517
0.0135 -0.7262 -0.6663
0.0257 -0.7288 -0.6860
0.0332 -0.7247 -0.6751
0.0321 -0.7130 -0.6473
0.0177 -0.7313 -0.6598
0.0177 -0.7313 -0.6598
0.0215 -0.7312 -0.6695
0.0226 -0.7268 -0.6870
0.0253 -0.7265 -0.6875
0.0201 -0.7241 -0.6727
0.0193 -0.7269 -0.6822
0.0193 -0.7269 -0.6822
0.0164 -0.7197 -0.6860
0.0266 -0.7221 -0.6841
0.0250 -0.7188 -0.6735
0.0249 -0.7207 -0.6696
0.0163 -0.7142 -0.6602
0.0163 -0.7142 -0.6602
0.0127 -0.7212 -0.6572
0.0174 -0.7177 -0.6613
0.0189 -0.7146 -0.6698
0.0223 -0.7181 -0.6686
0.0186 -0.7219 -0.6658
0.0186 -0.7219 -0.6658
0.0166 -0.7225 -0.6724
0.0235 -0.7241 -0.6887
0.0212 -0.7180 -0.6853
0.0194 -0.7287 -0.6720
0.0194 -0.7287 -0.6720
0.0233 -0.7277 -0.6611
0.0263 -0.7282 -0.6662
0.0266 -0.7175 -0.6802
0.0316 -0.7237 -0.6815
0.0217 -0.7269 -0.6813
0.0217 -0.7269 -0.6813
0.0229 -0.7208 -0.6846
0.0218 -0.7180 -0.6819
0.0277 -0.7204 -0.6736
0.0258 -0.7207 -0.6633
0.0268 -0.7219 -0.6609
0.0268 -0.7219 -0.6609
0.0276 -0.7203 -0.6586
0.0309 -0.7204 -0.6675
0.0301 -0.7178 -0.6754
0.0251 -0.7180 -0.6679
0.0216 -0.7272 -0.6566
0.0216 -0.7272 -0.6566
0.0278 -0.7297 -0.6633
0.0309 -0.7248 -0.6821
0.0300 -0.7206 -0.6877
0.0274 -0.7234 -0.6832
0.0274 -0.7234 -0.6832
0.0211 -0.7261 -0.6783
0.0217 -0.7240 -0.6766
0.0249 -0.7248 -0.6710
0.0217 -0.7244 -0.6670
0.0247 -0.7244 -0.6642
0.0247 -0.7244 -0.6642
0.0284 -0.7213 -0.6658
0.0266 -0.7213 -0.6683
0.0269 -0.7167 -0.6672
0.0216 -0.7214 -0.6635
0.0209 -0.7206 -0.6584
0.0209 -0.7206 -0.6584
0.0166 -0.7269 -0.6534
0.0227 -0.7241 -0.6619
0.0274 -0.7249 -0.6786
0.0273 -0.7263 -0.6758
0.0277 -0.7278 -0.6731
0.0277 -0.7278 -0.6731
0.0227 -0.7196 -0.6716
0.0193 -0.7326 -0.6700
0.0166 -0.7285 -0.6801
0.0233 -0.7220 -0.6923
0.0201 -0.7228 -0.6923
0.0201 -0.7228 -0.6923
0.0204 -0.7119 -0.6680
0.0125 -0.7230 -0.6619
0.0140 -0.7275 -0.6678
0.0208 -0.7224 -0.6731
0.0208 -0.7224 -0.6731
0.0201 -0.7180 -0.6747
0.0156 -0.7186 -0.6732
0.0162 -0.7174 -0.6742
0.0152 -0.7208 -0.6727
0.0259 -0.7200 -0.6785
0.0259 -0.7200 -0.6785
0.0225 -0.7174 -0.6790
0.0217 -0.7163 -0.6805
0.0219 -0.7234 -0.6707
0.0157 -0.7194 -0.6645
0.0220 -0.7204 -0.6602
0.0220 -0.7204 -0.6602
0.0206 -0.7167 -0.6603
0.0270 -0.7213 -0.6664
0.0311 -0.7233 -0.6654
0.0316 -0.7215 -0.6727
0.0265 -0.7208 -0.6707
0.0265 -0.7208 -0.6707
0.0181 -0.7223 -0.6639
0.0123 -0.7225 -0.6719
0.0134 -0.7241 -0.6778
0.0191 -0.7155 -0.6869
0.0238 -0.7144 -0.6942
0.0238 -0.7144 -0.6942
0.0293 -0.7062 -0.6974
0.0252 -0.7051 -0.6881
0.0228 -0.7145 -0.6813
0.0219 -0.7142 -0.6777
0.0219 -0.7142 -0.6777
0.0253 -0.7103 -0.6712
0.0260 -0.7168 -0.6743
0.0256 -0.7153 -0.6699
0.0271 -0.7187 -0.6767
0.0257 -0.7183 -0.6855
0.0257 -0.7183 -0.6855
0.0222 -0.7173 -0.6840
0.0213 -0.7150 -0.6782
0.0191 -0.7165 -0.6803
0.0260 -0.7171 -0.6821
0.0300 -0.7045 -0.6711
0.0300 -0.7045 -0.6711
0.0275 -0.7053 -0.6562
0.0288 -0.7313 -0.7069
0.0228 -0.7053 -0.6930
0.0296 -0.6956 -0.6818
0.0201 -0.7062 -0.6861
0.0201 -0.7062 -0.6861
0.0220 -0.7219 -0.6870
0.0319 -0.7130 -0.6829
0.0287 -0.7049 -0.6770
0.0369 -0.7089 -0.6852
0.0262 -0.7165 -0.6771
0.0262 -0.7165 -0.6771
0.0240 -0.7058 -0.6652
0.0465 -0.7043 -0.6913
0.0405 -0.7006 -0.6887
0.0433 -0.7037 -0.6859
0.0433 -0.7037 -0.6859
0.0318 -0.7058 -0.6743
0.0201 -0.7162 -0.6682
0.0256 -0.7211 -0.6752
0.0440 -0.7178 -0.7019
0.0409 -0.7094 -0.7211
0.0409 -0.7094 -0.7211
0.0369 -0.7096 -0.7080
0.0423 -0.7093 -0.7086
0.0365 -0.7057 -0.6945
0.0280 -0.7241 -0.6866
0.0228 -0.7212 -0.6813
0.0228 -0.7212 -0.6813
0.0281 -0.7019 -0.6866
0.0362 -0.6981 -0.6962
0.0287 -0.6979 -0.6894
0.0293 -0.7063 -0.6953
0.0308 -0.7080 -0.7032
0.0308 -0.7080 -0.7032
0.0300 -0.7040 -0.6957
0.0354 -0.7047 -0.7003
0.0317 -0.7041 -0.6937
0.0275 -0.7067 -0.6835
0.0275 -0.7067 -0.6835
0.0316 -0.7097 -0.6860
0.0345 -0.7106 -0.6859
0.0338 -0.7102 -0.6855
0.0301 -0.7105 -0.6852
0.0273 -0.7099 -0.6807
0.0273 -0.7099 -0.6807
0.0295 -0.7114 -0.6832
0.0261 -0.7070 -0.6811
0.0230 -0.7090 -0.6806
0.0163 -0.7117 -0.6836
0.0219 -0.7115 -0.6908
0.0219 -0.7115 -0.6908
0.0231 -0.7074 -0.6772
0.0421 -0.6912 -0.7068
0.0026 -0.7463 -0.6897
0.0185 -0.7026 -0.6719
0.0214 -0.7001 -0.6747
0.0214 -0.7001 -0.6747
0.0256 -0.7138 -0.7049
0.0152 -0.7193 -0.6759
0.0276 -0.7101 -0.6771
0.0193 -0.7103 -0.6706
0.0121 -0.7144 -0.6665
0.0121 -0.7144 -0.6665
0.0130 -0.7134 -0.6746
0.0199 -0.7118 -0.6779
0.0213 -0.7093 -0.6800
0.0180 -0.7116 -0.6832
0.0180 -0.7116 -0.6832
0.0184 -0.7128 -0.6818
0.0159 -0.7155 -0.6819
0.0183 -0.7160 -0.6821
0.0184 -0.7110 -0.6845
0.0159 -0.7141 -0.6817
0.0159 -0.7141 -0.6817
0.0162 -0.7099 -0.6711
0.0153 -0.7166 -0.6709
0.0163 -0.7185 -0.6680
0.0206 -0.7150 -0.6677
0.0205 -0.7112 -0.6824
0.0205 -0.7112 -0.6824
0.0189 -0.7083 -0.6856
0.0110 -0.7101 -0.6746
0.0076 -0.7174 -0.6743
0.0106 -0.7138 -0.6828
0.0173 -0.7127 -0.6942
0.0173 -0.7127 -0.6942
0.0145 -0.7086 -0.6938
0.0129 -0.7122 -0.6881
0.0111 -0.7160 -0.6810
0.0130 -0.7176 -0.6826
0.0143 -0.7165 -0.6813
0.0143 -0.7165 -0.6813
0.0113 -0.7166 -0.6790
0.0144 -0.7143 -0.6769
0.0127 -0.7158 -0.6852
0.0123 -0.7134 -0.6917
0.0123 -0.7134 -0.6917
0.0066 -0.7086 -0.6860
0.0031 -0.7123 -0.6830
0.0035 -0.7148 -0.6861
0.0071 -0.7105 -0.6912
0.0049 -0.7102 -0.6887
0.0049 -0.7102 -0.6887
0.0008 -0.7120 -0.6764
0.0073 -0.7053 -0.6770
0.0097 -0.6883 -0.6065
0.0256 -0.7311 -0.7297
0.0019 -0.7166 -0.7017
0.0019 -0.7166 -0.7017
0.0155 -0.7016 -0.6840

