0.0000 0.0000 0.0000
0.0000 0.0000 0.0000
0.0000 0.0000 0.0000
0.0000 0.0000 0.0000
0.0000 0.0000 0.0000
0.0000 0.0000 0.0000
0.0000 0.0000 0.0000
0.0000 0.0000 0.0000
0.0000 0.0000 0.0000
0.0000 0.0000 0.0000
0.0000 0.0000 0.0000
0.0000 0.0000 0.0000
0.0358 -0.4736 -0.8598
0.0358 -0.4735 -0.8624
0.0363 -0.4722 -0.8624
0.0392 -0.4656 -0.8697
0.0408 -0.4660 -0.8652
0.0408 -0.4660 -0.8652
0.0406 -0.4676 -0.8599
0.0404 -0.4721 -0.8638
0.0403 -0.4694 -0.8651
0.0382 -0.4681 -0.8609
0.0382 -0.4681 -0.8609
0.0392 -0.4693 -0.8599
0.0597 -0.4459 -0.8360
0.0709 -0.4612 -0.8637
0.0421 -0.4712 -0.8452
0.0787 -0.4640 -0.8324
0.0787 -0.4640 -0.8324
0.1329 -0.4461 -0.7893
0.1649 -0.3701 -0.8484
0.1340 -0.4716 -0.8558
-0.0750 -0.4858 -0.8818
-0.1686 -0.5602 -0.8161
-0.1686 -0.5602 -0.8161
-0.1648 -0.6254 -0.8232
-0.1757 -0.5990 -0.7929
-0.1789 -0.5895 -0.8515
-0.1672 -0.5346 -0.8511
-0.1359 -0.5343 -0.8656
-0.1359 -0.5343 -0.8656
-0.1179 -0.5238 -0.8327
-0.1298 -0.5380 -0.8247
-0.1478 -0.5522 -0.8120
-0.1328 -0.5487 -0.7857
-0.1328 -0.5487 -0.7857
-0.1505 -0.5631 -0.7751
-0.1755 -0.5724 -0.7743
-0.1727 -0.5664 -0.7628
-0.1640 -0.5719 -0.7725
-0.1700 -0.5699 -0.7752
-0.1700 -0.5699 -0.7752
-0.1668 -0.5737 -0.7695
-0.1668 -0.5807 -0.7674
-0.1765 -0.5951 -0.7771
-0.1844 -0.5969 -0.7721
-0.1880 -0.6085 -0.7847
-0.1880 -0.6085 -0.7847
-0.1837 -0.6039 -0.7762
-0.1780 -0.6099 -0.7771
-0.1978 -0.6425 -0.7064
-0.2378 -0.6083 -0.7487
-0.2106 -0.5965 -0.8099
-0.2106 -0.5965 -0.8099
-0.2074 -0.5977 -0.8112
-0.2304 -0.6162 -0.7701
-0.1938 -0.6222 -0.7724
-0.1866 -0.5995 -0.7568
-0.1713 -0.5964 -0.7353
-0.1713 -0.5964 -0.7353
-0.1673 -0.6043 -0.7167
-0.1787 -0.6121 -0.7180
-0.1893 -0.6182 -0.7239
-0.2265 -0.6129 -0.7526
-0.2265 -0.6129 -0.7526
-0.2137 -0.6256 -0.7598
-0.2226 -0.6310 -0.7600
-0.2164 -0.6302 -0.7571
-0.2266 -0.6413 -0.8044
-0.2480 -0.6582 -0.8442
-0.2480 -0.6582 -0.8442
-0.2393 -0.6568 -0.8288
-0.1713 -0.6587 -0.8241
-0.0889 -0.6399 -0.8558
-0.0509 -0.6148 -0.8768
0.0004 -0.6424 -0.8639
0.0004 -0.6424 -0.8639
0.0488 -0.5926 -0.9166
0.0948 -0.5611 -0.8949
0.1063 -0.5291 -0.9000
0.0952 -0.5374 -0.8802
0.0828 -0.5139 -0.8793
0.0828 -0.5139 -0.8793
0.0637 -0.4945 -0.8441
0.0468 -0.5117 -0.8400
0.0365 -0.5193 -0.8214
0.0378 -0.5230 -0.8285
0.0378 -0.5230 -0.8285
0.0541 -0.5016 -0.7971
0.0507 -0.4917 -0.8085
0.0441 -0.4952 -0.8008
0.0466 -0.4939 -0.8121
0.0636 -0.4964 -0.7855
0.0636 -0.4964 -0.7855
0.0551 -0.5028 -0.7651
0.0534 -0.5120 -0.7578
0.0363 -0.5034 -0.7472
0.0439 -0.5050 -0.7400
0.0504 -0.5126 -0.7463
0.0504 -0.5126 -0.7463
0.0501 -0.5253 -0.7446
0.0349 -0.5426 -0.7319
0.0296 -0.5514 -0.7351
0.0235 -0.5602 -0.7398
0.0287 -0.5719 -0.7474
0.0287 -0.5719 -0.7474
0.0289 -0.5816 -0.7611
0.0268 -0.5869 -0.7654
0.0318 -0.5956 -0.7647
0.0317 -0.5998 -0.7581
0.0288 -0.6112 -0.7574
0.0288 -0.6112 -0.7574
0.0283 -0.6078 -0.7709
0.0318 -0.6027 -0.7805
0.0411 -0.5955 -0.7838
0.0462 -0.5986 -0.7910
0.0462 -0.5986 -0.7910
0.0471 -0.5984 -0.7963
0.0452 -0.6048 -0.7860
0.0381 -0.6040 -0.7759
0.0336 -0.6006 -0.7786
0.0337 -0.5949 -0.7844
0.0337 -0.5949 -0.7844
0.0363 -0.5974 -0.7829
0.0314 -0.6027 -0.7857
0.0282 -0.5976 -0.7877
0.0286 -0.5968 -0.7901
0.0346 -0.5893 -0.7898
0.0346 -0.5893 -0.7898
0.0392 -0.5975 -0.7788
0.0308 -0.5924 -0.7817
0.0326 -0.5990 -0.7784
0.0348 -0.5964 -0.7796
0.0381 -0.6078 -0.7726
0.0381 -0.6078 -0.7726
0.0414 -0.6044 -0.7762
0.0431 -0.5994 -0.7833
0.0380 -0.6014 -0.7813
0.0339 -0.6015 -0.7857
0.0338 -0.5958 -0.7869
0.0360 -0.6022 -0.7825
0.0351 -0.6018 -0.7829
0.0388 -0.5971 -0.7902
0.0392 -0.6006 -0.7845
0.0394 -0.5969 -0.7811
0.0392 -0.5951 -0.7774
0.0329 -0.5976 -0.7775
0.0313 -0.6047 -0.7791
0.0357 -0.5962 -0.7790
0.0357 -0.5962 -0.7790
0.0364 -0.5991 -0.7813
0.0329 -0.5972 -0.7814
0.0338 -0.5984 -0.7806
0.0335 -0.6018 -0.7869
0.0302 -0.5972 -0.7886
0.0302 -0.5972 -0.7886
0.0386 -0.5981 -0.7839
0.0368 -0.5997 -0.7800
0.0362 -0.5989 -0.7831
0.0321 -0.6008 -0.7851
0.0352 -0.5991 -0.7806
0.0352 -0.5991 -0.7806
0.0410 -0.6022 -0.7833
0.0360 -0.5962 -0.7816
0.0332 -0.5964 -0.7794
0.0318 -0.5998 -0.7821
0.0318 -0.5998 -0.7821
0.0347 -0.6001 -0.7806
0.0435 -0.5985 -0.7837
0.0421 -0.6008 -0.7792
0.0416 -0.5946 -0.7745
0.0415 -0.5961 -0.7859
0.0415 -0.5961 -0.7859
0.0350 -0.5953 -0.7858
0.0293 -0.6056 -0.7877
0.0334 -0.6034 -0.7860
0.0341 -0.5963 -0.7879
0.0352 -0.5921 -0.7838
0.0352 -0.5921 -0.7838
0.0330 -0.5939 -0.7832
0.0366 -0.6037 -0.7788
0.0396 -0.5961 -0.7780
0.0372 -0.5962 -0.7866
0.0387 -0.5929 -0.7854
0.0387 -0.5929 -0.7854
0.0383 -0.6006 -0.7754
0.0421 -0.6033 -0.7717
0.0480 -0.6021 -0.7788
0.0418 -0.5950 -0.7888
0.0366 -0.5937 -0.7904
0.0366 -0.5937 -0.7904
0.0336 -0.5957 -0.7925
0.0317 -0.5937 -0.7954
0.0356 -0.5962 -0.7958
0.0372 -0.5955 -0.7921
0.0372 -0.5955 -0.7921
0.0394 -0.5940 -0.7910
0.0453 -0.5952 -0.7829
0.0433 -0.5983 -0.7771
0.0361 -0.6035 -0.7732
0.0368 -0.6001 -0.7669
0.0368 -0.6001 -0.7669
0.0347 -0.6002 -0.7736
0.0356 -0.5990 -0.7739
0.0331 -0.5994 -0.7727
0.0309 -0.5969 -0.7734
0.0288 -0.5958 -0.7772
0.0288 -0.5958 -0.7772
0.0347 -0.5977 -0.7732
0.0325 -0.5963 -0.7807
0.0335 -0.5956 -0.7851
0.0362 -0.5936 -0.7930
0.0361 -0.6004 -0.8044
0.0361 -0.6004 -0.8044
0.0427 -0.5958 -0.8013
0.0346 -0.6038 -0.7902
0.0336 -0.6009 -0.7809
0.0358 -0.6007 -0.7847
0.0316 -0.5981 -0.7879
0.0316 -0.5981 -0.7879
0.0306 -0.5929 -0.7885
0.0291 -0.5934 -0.7852
0.0255 -0.5887 -0.7792
0.0282 -0.5892 -0.7812
0.0282 -0.5892 -0.7812
0.0303 -0.5937 -0.7809
0.0357 -0.5948 -0.7845
0.0353 -0.5890 -0.7853
0.0337 -0.5835 -0.7912
0.0266 -0.5906 -0.7812
0.0266 -0.5906 -0.7812
0.0245 -0.5941 -0.7768
0.0268 -0.5932 -0.7757
0.0304 -0.5896 -0.7933
0.0325 -0.5879 -0.7961
0.0311 -0.5882 -0.7912
0.0311 -0.5882 -0.7912
0.0335 -0.5915 -0.7954
0.0368 -0.5956 -0.7947
0.0333 -0.5960 -0.7981
0.0338 -0.5986 -0.7979
0.0354 -0.5948 -0.7925
0.0354 -0.5948 -0.7925
0.0372 -0.5966 -0.7913
0.0353 -0.5912 -0.7893
0.0331 -0.5878 -0.7900
0.0329 -0.5830 -0.7855
0.0334 -0.5841 -0.7892
0.0334 -0.5841 -0.7892
0.0352 -0.5801 -0.7914
0.0336 -0.5778 -0.7835
0.0388 -0.5791 -0.7736
0.0443 -0.5777 -0.7826
0.0443 -0.5777 -0.7826
0.0495 -0.5772 -0.7862
0.0538 -0.5763 -0.7924
0.0507 -0.5812 -0.7822
0.0484 -0.5808 -0.7822
0.0453 -0.5760 -0.7850
0.0453 -0.5760 -0.7850
0.0492 -0.5768 -0.7990
0.0475 -0.5768 -0.8022
0.0461 -0.5735 -0.7990
0.0490 -0.5719 -0.8093
0.0495 -0.5693 -0.8076
0.0495 -0.5693 -0.8076
0.0492 -0.5702 -0.8078
0.0502 -0.5764 -0.8124
0.0552 -0.5701 -0.8105
0.0601 -0.5710 -0.8151
0.0573 -0.5723 -0.8206
0.0573 -0.5723 -0.8206
0.0524 -0.5717 -0.8130
0.0562 -0.5777 -0.8082
0.0526 -0.5746 -0.8194
0.0542 -0.5709 -0.8190
0.0533 -0.5735 -0.8223
0.0533 -0.5735 -0.8223
0.0526 -0.5715 -0.8211
0.0493 -0.5755 -0.8270
0.0489 -0.5729 -0.8218
0.0559 -0.5673 -0.8060
0.0559 -0.5673 -0.8060
0.0575 -0.5621 -0.7983
0.0473 -0.5780 -0.8035
0.0515 -0.5896 -0.8029
0.0586 -0.5824 -0.7976
0.0677 -0.5864 -0.8048
0.0677 -0.5864 -0.8048
0.0428 -0.5984 -0.7955
0.0328 -0.6147 -0.7891
0.0375 -0.6124 -0.7931
0.0381 -0.6135 -0.8044
0.0441 -0.6072 -0.7948
0.0441 -0.6072 -0.7948
0.0458 -0.6127 -0.7881
0.0389 -0.6289 -0.7794
0.0433 -0.6386 -0.7598
0.0433 -0.6476 -0.7383
0.0454 -0.6513 -0.7429
0.0454 -0.6513 -0.7429
0.0401 -0.6446 -0.7345
0.0438 -0.6487 -0.7310
0.0642 -0.6389 -0.7244
0.0384 -0.6594 -0.7253
0.0384 -0.6594 -0.7253
0.0470 -0.6602 -0.7272
0.0358 -0.6698 -0.7111
0.0394 -0.6671 -0.7031
0.0335 -0.6673 -0.6948
0.0425 -0.6696 -0.6866
0.0425 -0.6696 -0.6866
0.0409 -0.6765 -0.6906
0.0405 -0.6861 -0.7001
0.0313 -0.6863 -0.6928
0.0310 -0.6867 -0.7062
0.0359 -0.6892 -0.7136
0.0359 -0.6892 -0.7136
0.0341 -0.6918 -0.7140
0.0316 -0.6942 -0.7125
0.0281 -0.6925 -0.7022
0.0292 -0.7017 -0.7016
0.0290 -0.7025 -0.7032
0.0290 -0.7025 -0.7032
0.0327 -0.6973 -0.7049
0.0316 -0.7021 -0.7089
0.0238 -0.6994 -0.7142
0.0252 -0.6988 -0.7131
0.0221 -0.6938 -0.6966
0.0221 -0.6938 -0.6966
0.0215 -0.6998 -0.6891
0.0179 -0.6994 -0.6886
0.0249 -0.6986 -0.6884
0.0283 -0.6961 -0.6838
0.0283 -0.6961 -0.6838
0.0263 -0.6962 -0.6856
0.0281 -0.7010 -0.6892
0.0303 -0.6951 -0.6827
0.0276 -0.7038 -0.6738
0.0332 -0.7046 -0.6791
0.0332 -0.7046 -0.6791
0.0391 -0.7067 -0.6820
0.0323 -0.7047 -0.6798
0.0277 -0.7064 -0.6864
0.0281 -0.7084 -0.6863
0.0217 -0.7137 -0.6879
0.0217 -0.7137 -0.6879
0.0219 -0.7133 -0.6869
0.0212 -0.7072 -0.6929
0.0241 -0.7085 -0.6914
0.0221 -0.7063 -0.6939
0.0205 -0.7055 -0.6830
0.0205 -0.7055 -0.6830
0.0259 -0.7124 -0.6725
0.0268 -0.7116 -0.6754
0.0247 -0.7092 -0.6730
0.0212 -0.7006 -0.6675
0.0258 -0.7076 -0.6682
0.0258 -0.7076 -0.6682
0.0281 -0.7118 -0.6708
0.0262 -0.7078 -0.6791
0.0253 -0.7069 -0.6813
0.0258 -0.7103 -0.6724
0.0258 -0.7103 -0.6724
0.0267 -0.7137 -0.6773
0.0295 -0.7117 -0.6817
0.0258 -0.7108 -0.6783
0.0242 -0.7133 -0.6807
0.0235 -0.7162 -0.6845
0.0235 -0.7162 -0.6845
0.0202 -0.7113 -0.6775
0.0197 -0.7142 -0.6746
0.0235 -0.7175 -0.6723
0.0285 -0.7177 -0.6806
0.0206 -0.7127 -0.6855
0.0206 -0.7127 -0.6855
0.0220 -0.7157 -0.6759
0.0279 -0.7178 -0.6766
0.0269 -0.7182 -0.6855
0.0314 -0.7201 -0.6845
0.0358 -0.7192 -0.6769
0.0358 -0.7192 -0.6769
0.0323 -0.7185 -0.6798
0.0274 -0.7218 -0.6859
0.0293 -0.7236 -0.6790
0.0286 -0.7205 -0.6737
0.0286 -0.7205 -0.6737
0.0218 -0.7192 -0.6691
0.0240 -0.7215 -0.6698
0.0194 -0.7203 -0.6706
0.0144 -0.7198 -0.6742
0.0209 -0.7198 -0.6748
0.0209 -0.7198 -0.6748
0.0219 -0.7178 -0.6663
0.0226 -0.7145 -0.6682
0.0206 -0.7185 -0.6665
0.0240 -0.7211 -0.6591
0.0244 -0.7257 -0.6708
0.0244 -0.7257 -0.6708
0.0233 -0.7170 -0.6762
0.0187 -0.7185 -0.6759
0.0142 -0.7245 -0.6680
0.0134 -0.7278 -0.6661
0.0133 -0.7287 -0.6786
0.0133 -0.7287 -0.6786
0.0155 -0.7308 -0.6843
0.0170 -0.7228 -0.6797
0.0201 -0.7249 -0.6762
0.0186 -0.7272 -0.6743
0.0221 -0.7290 -0.6718
0.0221 -0.7290 -0.6718
0.0263 -0.7229 -0.6647
0.0239 -0.7302 -0.6622
0.0183 -0.7251 -0.6626
0.0249 -0.7303 -0.6654
0.0280 -0.7321 -0.6766
0.0280 -0.7321 -0.6766
0.0248 -0.7338 -0.6715
0.0250 -0.7295 -0.6678
0.0234 -0.7295 -0.6640
0.0145 -0.7358 -0.6578
0.0145 -0.7358 -0.6578
0.0182 -0.7292 -0.6525
0.0216 -0.7323 -0.6493
0.0196 -0.7235 -0.6453
0.0241 -0.7162 -0.6414
0.0248 -0.7103 -0.6268
0.0248 -0.7103 -0.6268
0.0249 -0.7008 -0.6170
0.0266 -0.7019 -0.6067
0.0273 -0.6885 -0.5999
0.0327 -0.6817 -0.5896
0.0373 -0.6696 -0.5782
0.0373 -0.6696 -0.5782
0.0326 -0.6729 -0.5609
0.0246 -0.6734 -0.5331
0.0236 -0.7006 -0.5593
0.0248 -0.6842 -0.5786
0.0199 -0.6711 -0.6135
0.0199 -0.6711 -0.6135
0.0071 -0.6897 -0.7163
0.0008 -0.6650 -0.7962
0.0133 -0.6591 -0.8577
0.0313 -0.6568 -0.9065
0.0313 -0.6568 -0.9065
0.0295 -0.6474 -0.9301
0.0319 -0.6369 -0.9279
0.0319 -0.6346 -0.9008
0.0329 -0.6195 -0.8633
0.0412 -0.6127 -0.8424
0.0412 -0.6127 -0.8424
0.0456 -0.6000 -0.8245
0.0525 -0.5911 -0.7915
0.0554 -0.5869 -0.7931
0.0605 -0.5722 -0.7793
0.0615 -0.5730 -0.7861
0.0615 -0.5730 -0.7861
0.0661 -0.5756 -0.8089
0.0777 -0.5706 -0.8114
0.0730 -0.5722 -0.7861
0.0655 -0.5644 -0.7738
0.0600 -0.5635 -0.7635
0.0600 -0.5635 -0.7635
0.0657 -0.5672 -0.7635
0.0559 -0.5687 -0.7820
0.0527 -0.5793 -0.8125
0.0543 -0.5706 -0.8062
0.0576 -0.5822 -0.8158
0.0576 -0.5822 -0.8158
0.0683 -0.5861 -0.8250
0.0753 -0.5848 -0.8257
0.0779 -0.5796 -0.8256
0.0735 -0.5825 -0.8239
0.0735 -0.5825 -0.8239
0.0685 -0.5910 -0.8100
0.0732 -0.5820 -0.7991
0.0652 -0.5881 -0.8143
0.0524 -0.5934 -0.8077
0.0422 -0.5900 -0.8039
0.0422 -0.5900 -0.8039
0.0459 -0.5820 -0.8073
0.0430 -0.5773 -0.7933
0.0393 -0.5842 -0.7915
0.0310 -0.5854 -0.7893
0.0364 -0.5836 -0.7906
0.0364 -0.5836 -0.7906
0.0275 -0.5809 -0.7959
0.0126 -0.5744 -0.7818
0.0130 -0.5814 -0.7728
0.0222 -0.5884 -0.7748
0.0238 -0.5865 -0.7768
0.0238 -0.5865 -0.7768
0.0219 -0.5890 -0.7696
0.0244 -0.5890 -0.7797
0.0260 -0.5839 -0.7885
0.0427 -0.5833 -0.7881
0.0427 -0.5833 -0.7881
0.0526 -0.5843 -0.7930
0.0540 -0.5875 -0.8121
0.0605 -0.5812 -0.8262
0.0740 -0.5907 -0.8444
0.0889 -0.5932 -0.8283
0.0889 -0.5932 -0.8283
0.0909 -0.6014 -0.8063
0.0976 -0.6217 -0.7963
0.1053 -0.6239 -0.8052
0.1086 -0.6197 -0.8086
0.1054 -0.6174 -0.8007
0.1054 -0.6174 -0.8007
0.0961 -0.6168 -0.8040
0.0904 -0.6182 -0.8047
0.0823 -0.6211 -0.7731
0.0614 -0.6272 -0.7652
0.0525 -0.6404 -0.7523
0.0525 -0.6404 -0.7523
0.0493 -0.6392 -0.7315
0.0471 -0.6393 -0.7369
0.0376 -0.6420 -0.7249
0.0307 -0.6391 -0.7025
0.0365 -0.6456 -0.7022
0.0365 -0.6456 -0.7022
0.0428 -0.6505 -0.7098
0.0369 -0.6485 -0.7204
0.0332 -0.6518 -0.7248
0.0365 -0.6539 -0.7170
0.0321 -0.6593 -0.7181
0.0321 -0.6593 -0.7181
0.0260 -0.6593 -0.7242
0.0304 -0.6630 -0.7275
0.0267 -0.6636 -0.7230
0.0230 -0.6728 -0.7262
0.0230 -0.6728 -0.7262
0.0291 -0.6826 -0.7217
0.0273 -0.6795 -0.7125
0.0165 -0.6841 -0.7165
0.0197 -0.6811 -0.7187
0.0311 -0.6845 -0.7182
0.0311 -0.6845 -0.7182
0.0244 -0.6826 -0.7129
0.0227 -0.6837 -0.7145
0.0230 -0.6753 -0.7059
0.0307 -0.6820 -0.7052
0.0318 -0.6799 -0.7015
0.0318 -0.6799 -0.7015
0.0253 -0.6810 -0.7011
0.0241 -0.6853 -0.6939
0.0220 -0.6873 -0.6886
0.0148 -0.6834 -0.6850
0.0130 -0.6858 -0.6981
0.0130 -0.6858 -0.6981
0.0078 -0.6910 -0.6910
0.0168 -0.6932 -0.6962
0.0232 -0.6918 -0.7061
0.0172 -0.6859 -0.7079
0.0172 -0.6859 -0.7079
0.0140 -0.6933 -0.7054
0.0185 -0.6982 -0.6976
0.0200 -0.6903 -0.6975
0.0136 -0.6899 -0.6986
0.0189 -0.6958 -0.6916
0.0189 -0.6958 -0.6916
0.0270 -0.6966 -0.6908
0.0205 -0.6925 -0.6925
0.0250 -0.6930 -0.6892
0.0271 -0.6961 -0.6841
0.0231 -0.6964 -0.6826
0.0231 -0.6964 -0.6826
0.0239 -0.6976 -0.6827
0.0323 -0.6969 -0.6964
0.0340 -0.6964 -0.7102
0.0313 -0.6920 -0.6933
0.0187 -0.6982 -0.6830
0.0187 -0.6982 -0.6830
0.0176 -0.7010 -0.6883
0.0139 -0.7035 -0.6961
0.0154 -0.7016 -0.7004
0.0224 -0.6976 -0.7001
0.0158 -0.6935 -0.6974
0.0158 -0.6935 -0.6974
0.0129 -0.6983 -0.6904
0.0130 -0.7039 -0.6954
0.0177 -0.7010 -0.7030
0.0141 -0.7005 -0.7069
0.0141 -0.7005 -0.7069
0.0140 -0.7049 -0.7023
0.0161 -0.7031 -0.6937
0.0130 -0.7054 -0.6893
0.0152 -0.7059 -0.6898
0.0176 -0.7047 -0.6886
0.0176 -0.7047 -0.6886
0.0124 -0.7003 -0.6860
0.0130 -0.7028 -0.6899
0.0151 -0.7015 -0.6911
0.0106 -0.6972 -0.6931
0.0179 -0.7045 -0.6964
0.0179 -0.7045 -0.6964
0.0154 -0.7050 -0.6902
0.0127 -0.7012 -0.6862
0.0160 -0.6989 -0.6846
0.0155 -0.7092 -0.6882
0.0174 -0.7056 -0.6873
0.0174 -0.7056 -0.6873
0.0158 -0.7029 -0.6926
0.0088 -0.6990 -0.6887
0.0087 -0.7063 -0.6885
0.0097 -0.7071 -0.6935
0.0135 -0.7022 -0.6904
0.0135 -0.7022 -0.6904
0.0119 -0.7049 -0.6927
0.0130 -0.7024 -0.6875
0.0105 -0.7029 -0.6880
0.0045 -0.7033 -0.6833
0.0045 -0.7033 -0.6833
0.0093 -0.7089 -0.6896
0.0121 -0.7064 -0.6890
0.0121 -0.7039 -0.6890
0.0079 -0.7064 -0.6859
0.0078 -0.7101 -0.6909
0.0078 -0.7101 -0.6909
0.0110 -0.7046 -0.6924
0.0098 -0.7018 -0.6884
0.0081 -0.7061 -0.6817
0.0096 -0.7099 -0.6808
0.0099 -0.7107 -0.6826
0.0099 -0.7107 -0.6826
0.0137 -0.7028 -0.6794
0.0097 -0.7059 -0.6737
0.0145 -0.7096 -0.6717
0.0228 -0.7062 -0.6857
0.0207 -0.7088 -0.7000
0.0207 -0.7088 -0.7000
0.0141 -0.7004 -0.6963
0.0069 -0.7098 -0.6894
0.0025 -0.7154 -0.6879
0.0068 -0.7121 -0.6941
0.0114 -0.7104 -0.7022
0.0114 -0.7104 -0.7022
0.0126 -0.7082 -0.6974
0.0137 -0.7080 -0.6860
0.0088 -0.7037 -0.6884
0.0059 -0.7116 -0.6830
0.0059 -0.7116 -0.6830
0.0145 -0.7150 -0.6778
0.0139 -0.7049 -0.6809
0.0109 -0.7047 -0.6721
0.0088 -0.7109 -0.6828
0.0088 -0.7109 -0.6828
0.0176 -0.7101 -0.6914
0.0165 -0.7047 -0.6856
0.0079 -0.7087 -0.6803
0.0048 -0.7141 -0.6787
0.0022 -0.7089 -0.6814
0.0022 -0.7089 -0.6814
0.0060 -0.7094 -0.6910
0.0139 -0.7113 -0.6908
0.0154 -0.7067 -0.6898
0.0116 -0.7074 -0.6855
0.0025 -0.7071 -0.6747
0.0025 -0.7071 -0.6747
0.0036 -0.7123 -0.6751
0.0128 -0.7115 -0.6841
0.0150 -0.7087 -0.6994
0.0098 -0.7086 -0.6911
0.0098 -0.7086 -0.6911
0.0071 -0.7075 -0.6745
0.0064 -0.7112 -0.6711
0.0273 -0.7022 -0.6747
0.0170 -0.7042 -0.6638
0.0022 -0.7169 -0.6673
0.0022 -0.7169 -0.6673
0.0005 -0.7190 -0.6976
0.0074 -0.7209 -0.7163
0.0137 -0.7169 -0.7215
0.0166 -0.7078 -0.6790
0.0171 -0.7039 -0.6449

