0.0494 0.0986 0.0408
0.0493 0.0987 0.0407
0.0492 0.0988 0.0405
0.0491 0.0989 0.0403
0.0490 0.0990 0.0400
0.0489 0.0992 0.0397
0.0488 0.0992 0.0395
0.0489 0.0992 0.0394
0.0489 0.0991 0.0393
0.0490 0.0991 0.0393
0.0490 0.0990 0.0391
0.0491 0.0990 0.0391
0.0492 0.0990 0.0390
0.0493 0.0990 0.0388
0.0495 0.0990 0.0386
0.0497 0.0989 0.0384
0.0498 0.0988 0.0382
0.0497 0.0987 0.0376
0.0497 0.0985 0.0374
0.0499 0.0982 0.0372
0.0501 0.0980 0.0371
0.0503 0.0978 0.0370
0.0505 0.0976 0.0369
0.0502 0.0974 0.0356
0.0502 0.0972 0.0351
0.0504 0.0970 0.0348
0.0507 0.0968 0.0346
0.0509 0.0967 0.0344
0.0512 0.0966 0.0342
0.0506 0.0958 0.0337
0.0506 0.0956 0.0334
0.0507 0.0954 0.0332
0.0509 0.0954 0.0330
0.0512 0.0955 0.0328
0.0514 0.0956 0.0325
0.0509 0.0956 0.0327
0.0508 0.0958 0.0325
0.0509 0.0960 0.0323
0.0510 0.0962 0.0320
0.0512 0.0964 0.0317
0.0514 0.0967 0.0314
0.0510 0.0967 0.0313
0.0510 0.0968 0.0311
0.0511 0.0969 0.0309
0.0512 0.0971 0.0306
0.0514 0.0973 0.0303
0.0513 0.0974 0.0302
0.0507 0.0974 0.0301
0.0505 0.0975 0.0300
0.0506 0.0975 0.0298
0.0507 0.0976 0.0297
0.0508 0.0976 0.0296
0.0509 0.0977 0.0294
0.0506 0.0971 0.0300
0.0506 0.0969 0.0301
0.0507 0.0969 0.0301
0.0509 0.0968 0.0300
0.0510 0.0968 0.0299
0.0512 0.0968 0.0297
0.0510 0.0962 0.0301
0.0511 0.0960 0.0301
0.0512 0.0958 0.0300
0.0514 0.0957 0.0299
0.0515 0.0956 0.0299
0.0517 0.0955 0.0298
0.0514 0.0959 0.0293
0.0514 0.0959 0.0292
0.0516 0.0958 0.0291
0.0518 0.0956 0.0289
0.0520 0.0955 0.0288
0.0521 0.0954 0.0288
0.0522 0.0959 0.0287
0.0524 0.0959 0.0284
0.0525 0.0960 0.0281
0.0526 0.0959 0.0280
0.0528 0.0958 0.0279
0.0526 0.0962 0.0279
0.0526 0.0962 0.0278
0.0526 0.0960 0.0278
0.0526 0.0958 0.0279
0.0527 0.0956 0.0280
0.0528 0.0953 0.0281
0.0524 0.0954 0.0281
0.0523 0.0952 0.0282
0.0522 0.0949 0.0283
0.0522 0.0946 0.0285
0.0522 0.0942 0.0287
0.0521 0.0936 0.0288
0.0521 0.0929 0.0288
0.0520 0.0922 0.0290
0.0518 0.0916 0.0293
0.0515 0.0909 0.0297
0.0511 0.0901 0.0302
0.0505 0.0892 0.0308
0.0494 0.0880 0.0321
0.0484 0.0867 0.0331
0.0472 0.0853 0.0341
0.0457 0.0836 0.0353
0.0438 0.0818 0.0366
0.0416 0.0797 0.0380
0.0383 0.0772 0.0399
0.0350 0.0745 0.0418
0.0313 0.0715 0.0437
0.0271 0.0682 0.0456
0.0223 0.0647 0.0475
0.0168 0.0609 0.0496
0.0103 0.0569 0.0518
0.0033 0.0525 0.0542
-0.0041 0.0479 0.0566
-0.0122 0.0432 0.0587
-0.0207 0.0387 0.0604
-0.0297 0.0343 0.0617
-0.0395 0.0301 0.0626
-0.0494 0.0261 0.0631
-0.0596 0.0220 0.0635
-0.0701 0.0177 0.0639
-0.0809 0.0133 0.0643
-0.0923 0.0083 0.0652
-0.1044 0.0027 0.0665
-0.1164 -0.0021 0.0672
-0.1287 -0.0065 0.0677
-0.1411 -0.0107 0.0680
-0.1538 -0.0148 0.0683
-0.1666 -0.0183 0.0683
-0.1793 -0.0212 0.0679
-0.1926 -0.0247 0.0677
-0.2062 -0.0285 0.0674
-0.2202 -0.0326 0.0672
-0.2345 -0.0372 0.0669
-0.2490 -0.0424 0.0667
-0.2635 -0.0480 0.0665
-0.2786 -0.0540 0.0661
-0.2939 -0.0600 0.0654
-0.3095 -0.0660 0.0645
-0.3254 -0.0719 0.0633
-0.3415 -0.0776 0.0619
-0.3574 -0.0834 0.0599
-0.3736 -0.0886 0.0579
-0.3900 -0.0934 0.0559
-0.4065 -0.0977 0.0539
-0.4230 -0.1017 0.0518
-0.4394 -0.1053 0.0497
-0.4558 -0.1084 0.0477
-0.4720 -0.1109 0.0459
-0.4883 -0.1133 0.0442
-0.5046 -0.1154 0.0426
-0.5208 -0.1170 0.0410
-0.5368 -0.1177 0.0394
-0.5524 -0.1174 0.0375
-0.5677 -0.1159 0.0361
-0.5825 -0.1133 0.0341
-0.5969 -0.1101 0.0318
-0.6111 -0.1068 0.0298
-0.6251 -0.1040 0.0280
-0.6393 -0.1035 0.0310
-0.6532 -0.1023 0.0314
-0.6669 -0.1009 0.0311
-0.6802 -0.0995 0.0306
-0.6933 -0.0981 0.0299
-0.7062 -0.0968 0.0292
-0.7180 -0.0964 0.0329
-0.7304 -0.0963 0.0339
-0.7431 -0.0971 0.0343
-0.7560 -0.0986 0.0346
-0.7689 -0.1009 0.0351
-0.7816 -0.1038 0.0360
-0.7914 -0.1066 0.0412
-0.8027 -0.1099 0.0443
-0.8141 -0.1134 0.0471
-0.8253 -0.1167 0.0501
-0.8363 -0.1199 0.0537
-0.8577 -0.1260 0.0626
-0.8651 -0.1282 0.0709
-0.8747 -0.1311 0.0780
-0.8851 -0.1343 0.0851
-0.8959 -0.1375 0.0925
-0.8959 -0.1375 0.0925
-0.9070 -0.1406 0.1003
-0.9181 -0.1435 0.1084
-0.9295 -0.1462 0.1170
-0.9411 -0.1487 0.1258
-0.9529 -0.1509 0.1350
-0.9650 -0.1528 0.1444
-0.9771 -0.1543 0.1541
-0.9895 -0.1555 0.1641
-0.9955 -0.1553 0.1787
-1.0061 -0.1552 0.1906
-1.0185 -0.1549 0.2016
-1.0316 -0.1542 0.2120
-1.0426 -0.1517 0.2234
-1.0500 -0.1469 0.2361
-1.0617 -0.1429 0.2460
-1.0746 -0.1386 0.2546
-1.0877 -0.1337 0.2623
-1.1008 -0.1284 0.2692
-1.1127 -0.1224 0.2762
-1.1233 -0.1158 0.2836
-1.1362 -0.1114 0.2892
-1.1502 -0.1084 0.2937
-1.1647 -0.1064 0.2973
-1.1793 -0.1051 0.3001
-1.1926 -0.1028 0.3029
-1.2036 -0.0985 0.3062
-1.2160 -0.0959 0.3077
-1.2284 -0.0939 0.3085
-1.2405 -0.0924 0.3090
-1.2524 -0.0916 0.3095
-1.2627 -0.0911 0.3107
-1.2712 -0.0908 0.3129
-1.2820 -0.0929 0.3150
-1.2937 -0.0965 0.3174
-1.3058 -0.1011 0.3204
-1.3182 -0.1064 0.3238
-1.3436 -0.1180 0.3323
-1.3562 -0.1237 0.3381
-1.3686 -0.1293 0.3457
-1.3817 -0.1339 0.3520
-1.3949 -0.1378 0.3584
-1.4220 -0.1429 0.3726
-1.4352 -0.1440 0.3813
-1.4479 -0.1441 0.3914
-1.4612 -0.1437 0.4018
-1.4746 -0.1423 0.4129
-1.4879 -0.1401 0.4251
-1.5010 -0.1370 0.4382
-1.5137 -0.1332 0.4522
-1.5260 -0.1287 0.4673
-1.5377 -0.1237 0.4831
-1.5484 -0.1183 0.4998
-1.5578 -0.1122 0.5170
-1.5641 -0.1050 0.5356
-1.5699 -0.0975 0.5535
-1.5746 -0.0899 0.5714
-1.5781 -0.0832 0.5894
-1.5808 -0.0779 0.6078
-1.5829 -0.0743 0.6266
-1.5845 -0.0725 0.6457
-1.5892 -0.0713 0.6640
-1.5911 -0.0717 0.6825
-1.5919 -0.0730 0.7002
-1.5919 -0.0744 0.7168
-1.5916 -0.0757 0.7321
-1.5881 -0.0768 0.7471
-1.5869 -0.0786 0.7606
-1.5870 -0.0812 0.7731
-1.5881 -0.0849 0.7851
-1.5902 -0.0894 0.7966
-1.5932 -0.0946 0.8079
-1.5963 -0.1002 0.8195
-1.6010 -0.1060 0.8305
-1.6068 -0.1121 0.8413
-1.6135 -0.1183 0.8520
-1.6213 -0.1244 0.8627
-1.6295 -0.1297 0.8725
-1.6380 -0.1334 0.8812
-1.6479 -0.1373 0.8911
-1.6589 -0.1408 0.9016
-1.6710 -0.1437 0.9121
-1.6841 -0.1456 0.9226
-1.6841 -0.1456 0.9226
-1.7136 -0.1465 0.9428
-1.7298 -0.1453 0.9523
-1.7468 -0.1430 0.9612
-1.7644 -0.1398 0.9696
-1.7825 -0.1357 0.9772
-1.8005 -0.1308 0.9838
-1.8176 -0.1236 0.9918
-1.8518 -0.1112 1.0018
-1.8688 -0.1062 1.0057
-1.8860 -0.1024 1.0094
-1.9037 -0.0999 1.0131
-1.9219 -0.0988 1.0166
-1.9400 -0.0968 1.0216
-1.9588 -0.0969 1.0250
-1.9775 -0.0978 1.0275
-1.9956 -0.0986 1.0293
-2.0125 -0.0990 1.0307
-2.0280 -0.0971 1.0351
-2.0424 -0.0963 1.0375
-2.0560 -0.0959 1.0397
-2.0687 -0.0959 1.0422
-2.0811 -0.0965 1.0456
-2.0931 -0.0978 1.0501
-2.1050 -0.0997 1.0556
-2.1162 -0.1000 1.0643
-2.1278 -0.1024 1.0725
-2.1396 -0.1057 1.0810
-2.1513 -0.1096 1.0900
-2.1630 -0.1135 1.0994
-2.1744 -0.1144 1.1142
-2.1858 -0.1172 1.1262
-2.1969 -0.1203 1.1379
-2.2078 -0.1233 1.1499
-2.2182 -0.1258 1.1625
-2.2284 -0.1273 1.1768
-2.2383 -0.1277 1.1933
-2.2474 -0.1279 1.2090
-2.2558 -0.1275 1.2249
-2.2636 -0.1263 1.2413
-2.2707 -0.1243 1.2582
-2.2768 -0.1215 1.2752
-2.2849 -0.1170 1.2934
-2.2902 -0.1123 1.3102
-2.2939 -0.1076 1.3263
-2.2969 -0.1032 1.3422
-2.2994 -0.0995 1.3582
-2.3018 -0.0970 1.3745
-2.3056 -0.0961 1.3924
-2.3084 -0.0962 1.4099
-2.3108 -0.0972 1.4274
-2.3130 -0.0985 1.4443
-2.3150 -0.0996 1.4602
-2.3166 -0.1004 1.4748
-2.3199 -0.1002 1.4890
-2.3223 -0.1006 1.5017
-2.3248 -0.1012 1.5133
-2.3278 -0.1021 1.5242
-2.3315 -0.1035 1.5346
-2.3361 -0.1054 1.5447
-2.3434 -0.1071 1.5557
-2.3506 -0.1100 1.5660
-2.3586 -0.1136 1.5762
-2.3674 -0.1175 1.5865
-2.3769 -0.1215 1.5968
-2.3872 -0.1256 1.6072
-2.3992 -0.1268 1.6176
-2.4111 -0.1297 1.6283
-2.4234 -0.1330 1.6392
-2.4363 -0.1363 1.6503
-2.4499 -0.1393 1.6615
-2.4643 -0.1417 1.6726
-2.4796 -0.1401 1.6830
-2.4953 -0.1397 1.6931
-2.5117 -0.1389 1.7027
-2.5286 -0.1371 1.7116
-2.5456 -0.1343 1.7196
-2.5626 -0.1297 1.7263
-2.5792 -0.1230 1.7313
-2.5953 -0.1171 1.7359
-2.6110 -0.1117 1.7398
-2.6265 -0.1070 1.7434
-2.6419 -0.1035 1.7468
-2.6577 -0.1012 1.7503
-2.6740 -0.0976 1.7532
-2.6912 -0.0973 1.7565
-2.7092 -0.0986 1.7598
-2.7276 -0.1008 1.7625
-2.7457 -0.1030 1.7644
-2.7630 -0.1049 1.7656
-2.7791 -0.1061 1.7663
-2.7941 -0.1049 1.7670
-2.8079 -0.1044 1.7677
-2.8208 -0.1039 1.7688
-2.8330 -0.1037 1.7705
-2.8450 -0.1040 1.7732
-2.8573 -0.1039 1.7774
-2.8696 -0.1054 1.7824
-2.8822 -0.1080 1.7883
-2.8951 -0.1113 1.7950
-2.9082 -0.1150 1.8022
-2.9213 -0.1187 1.8098
-2.9347 -0.1207 1.8171
-2.9476 -0.1233 1.8249
-2.9603 -0.1257 1.8329
-2.9727 -0.1278 1.8414
-2.9849 -0.1294 1.8502
-2.9969 -0.1305 1.8595
-3.0085 -0.1306 1.8687
-3.0199 -0.1304 1.8790
-3.0311 -0.1297 1.8899
-3.0417 -0.1282 1.9014
-3.0514 -0.1260 1.9132
-3.0600 -0.1228 1.9250
-3.0685 -0.1212 1.9367
-3.0754 -0.1173 1.9478
-3.0814 -0.1128 1.9585
-3.0869 -0.1087 1.9693
-3.0925 -0.1056 1.9802
-3.0987 -0.1041 1.9917
-3.1058 -0.1045 2.0038
-3.1131 -0.1055 2.0163
-3.1206 -0.1068 2.0288
-3.1282 -0.1079 2.0403
-3.1356 -0.1082 2.0505
-3.1427 -0.1076 2.0589
-3.1509 -0.1066 2.0661
-3.1584 -0.1047 2.0718
-3.1661 -0.1028 2.0763
-3.1745 -0.1014 2.0798
-3.1840 -0.1012 2.0828
-3.1947 -0.1023 2.0853
-3.2071 -0.1057 2.0874
-3.2206 -0.1101 2.0893
-3.2351 -0.1153 2.0908
-3.2504 -0.1214 2.0917
-3.2662 -0.1278 2.0919
-3.2823 -0.1345 2.0913
-3.2994 -0.1412 2.0914
-3.3159 -0.1476 2.0896
-3.3320 -0.1534 2.0864
-3.3477 -0.1584 2.0819
-3.3628 -0.1623 2.0761
-3.3772 -0.1650 2.0692
-3.3926 -0.1676 2.0622
-3.4064 -0.1685 2.0536
-3.4189 -0.1683 2.0438
-3.4298 -0.1671 2.0333
-3.4387 -0.1649 2.0224
-3.4458 -0.1618 2.0114
-3.4555 -0.1607 2.0043
-3.4611 -0.1583 1.9949
-3.4650 -0.1560 1.9849
-3.4677 -0.1544 1.9747
-3.4697 -0.1536 1.9646
-3.4710 -0.1535 1.9544
-3.4744 -0.1540 1.9457
-3.4751 -0.1551 1.9360
-3.4743 -0.1567 1.9258
-3.4721 -0.1585 1.9153
-3.4687 -0.1605 1.9047
-3.4643 -0.1620 1.8943
-3.4592 -0.1628 1.8844
-3.4523 -0.1640 1.8742
-3.4440 -0.1653 1.8640
-3.4349 -0.1668 1.8539
-3.4251 -0.1685 1.8439
-3.4147 -0.1704 1.8340
-3.4067 -0.1709 1.8242
-3.3961 -0.1725 1.8143
-3.3841 -0.1745 1.8046
-3.3713 -0.1765 1.7949
-3.3576 -0.1782 1.7855
-3.3433 -0.1798 1.7764
-3.3289 -0.1787 1.7682
-3.3138 -0.1791 1.7598
-3.2983 -0.1799 1.7518
-3.2826 -0.1809 1.7440
-3.2669 -0.1820 1.7365
-3.2512 -0.1832 1.7294
-3.2369 -0.1819 1.7221
-3.2217 -0.1826 1.7148
-3.2063 -0.1840 1.7074
-3.1908 -0.1856 1.7003
-3.1753 -0.1870 1.6938
-3.1598 -0.1878 1.6880
-3.1458 -0.1857 1.6831
-3.1309 -0.1852 1.6786
-3.1157 -0.1855 1.6740
-3.1004 -0.1867 1.6691
-3.0850 -0.1887 1.6637
-3.0693 -0.1914 1.6579
-3.0545 -0.1919 1.6516
-3.0389 -0.1935 1.6461
-3.0230 -0.1948 1.6413
-3.0072 -0.1956 1.6372
-2.9917 -0.1963 1.6335
-2.9765 -0.1975 1.6297
-2.9615 -0.1997 1.6254
-2.9483 -0.2003 1.6213
-2.9344 -0.2037 1.6161
-2.9205 -0.2084 1.6103
-2.9067 -0.2135 1.6042
-2.8935 -0.2174 1.5981
-2.8810 -0.2190 1.5923
-2.8686 -0.2222 1.5859
-2.8565 -0.2256 1.5791
-2.8447 -0.2290 1.5718
-2.8332 -0.2324 1.5639
-2.8218 -0.2359 1.5552
-2.8123 -0.2366 1.5467
-2.8017 -0.2392 1.5369
-2.7905 -0.2423 1.5263
-2.7790 -0.2455 1.5149
-2.7673 -0.2487 1.5029
-2.7555 -0.2516 1.4904
-2.7449 -0.2516 1.4783
-2.7333 -0.2531 1.4651
-2.7214 -0.2547 1.4512
-2.7094 -0.2560 1.4367
-2.6973 -0.2568 1.4219
-2.6878 -0.2566 1.4074
-2.6822 -0.2549 1.3936
-2.6715 -0.2540 1.3782
-2.6586 -0.2530 1.3623
-2.6447 -0.2513 1.3464
-2.6303 -0.2484 1.3310
-2.6185 -0.2433 1.3175
-2.6106 -0.2358 1.3061
-2.5986 -0.2282 1.2944
-2.5851 -0.2209 1.2830
-2.5706 -0.2144 1.2721
-2.5550 -0.2090 1.2617
-2.5399 -0.2045 1.2524
-2.5262 -0.2005 1.2445
-2.5093 -0.1982 1.2362
-2.4914 -0.1967 1.2284
-2.4732 -0.1955 1.2212
-2.4551 -0.1946 1.2146
-2.4384 -0.1935 1.2090
-2.4238 -0.1920 1.2044
-2.4077 -0.1918 1.1986
-2.3913 -0.1926 1.1923
-2.3747 -0.1944 1.1853
-2.3747 -0.1944 1.1853
-2.3580 -0.1972 1.1776
-2.3282 -0.2051 1.1647
-2.3118 -0.2101 1.1562
-2.2946 -0.2155 1.1467
-2.2771 -0.2209 1.1364
-2.2594 -0.2261 1.1257
-2.2429 -0.2307 1.1162
-2.2282 -0.2345 1.1088
-2.2114 -0.2381 1.0982
-2.1938 -0.2412 1.0862
-2.1761 -0.2437 1.0733
-2.1583 -0.2456 1.0595
-2.1422 -0.2466 1.0465
-2.1287 -0.2467 1.0351
-2.1133 -0.2461 1.0201
-2.0978 -0.2445 1.0034
-2.0831 -0.2420 0.9857
-2.0696 -0.2386 0.9675
-2.0591 -0.2337 0.9506
-2.0522 -0.2271 0.9357
-2.0441 -0.2208 0.9188
-2.0362 -0.2150 0.9011
-2.0287 -0.2102 0.8827
-2.0215 -0.2070 0.8636
-2.0167 -0.2048 0.8458
-2.0153 -0.2028 0.8306
-2.0113 -0.2017 0.8129
-2.0070 -0.2006 0.7951
-2.0029 -0.1992 0.7780
-1.9989 -0.1979 0.7618
-1.9978 -0.1970 0.7472
-2.0007 -0.1968 0.7344
-1.9981 -0.1978 0.7204
-1.9932 -0.2000 0.7060
-1.9868 -0.2032 0.6915
-1.9794 -0.2075 0.6770
-1.9737 -0.2118 0.6637
-1.9715 -0.2156 0.6521
-1.9634 -0.2210 0.6386
-1.9530 -0.2268 0.6244
-1.9412 -0.2325 0.6103
-1.9286 -0.2377 0.5963
-1.9171 -0.2420 0.5830
-1.9079 -0.2455 0.5707
-1.8944 -0.2485 0.5576
-1.8789 -0.2507 0.5444
-1.8621 -0.2520 0.5314
-1.8445 -0.2523 0.5189
-1.8264 -0.2514 0.5068
-1.8130 -0.2507 0.4947
-1.7959 -0.2484 0.4835
-1.7775 -0.2452 0.4729
-1.7585 -0.2416 0.4631
-1.7393 -0.2376 0.4542
-1.7202 -0.2332 0.4468
-1.7014 -0.2283 0.4413
-1.6811 -0.2251 0.4349
-1.6598 -0.2233 0.4285
-1.6378 -0.2226 0.4227
-1.6156 -0.2225 0.4176
-1.5969 -0.2212 0.4156
-1.5838 -0.2176 0.4177
-1.5664 -0.2155 0.4167
-1.5483 -0.2138 0.4149
-1.5306 -0.2124 0.4126
-1.5134 -0.2116 0.4098
-1.4992 -0.2105 0.4085
-1.4891 -0.2086 0.4093
-1.4752 -0.2091 0.4062
-1.4603 -0.2108 0.4011
-1.4450 -0.2134 0.3946
-1.4299 -0.2166 0.3871
-1.4149 -0.2200 0.3790
-1.4005 -0.2234 0.3707
-1.3858 -0.2275 0.3611
-1.3712 -0.2318 0.3507
-1.3566 -0.2361 0.3396
-1.3422 -0.2402 0.3280
-1.3289 -0.2434 0.3166
-1.3171 -0.2450 0.3060
-1.3039 -0.2476 0.2933
-1.2906 -0.2501 0.2795
-1.2776 -0.2517 0.2651
-1.2652 -0.2520 0.2504
-1.2543 -0.2507 0.2360
-1.2454 -0.2478 0.2222
-1.2365 -0.2444 0.2075
-1.2279 -0.2404 0.1923
-1.2198 -0.2362 0.1768
-1.2119 -0.2323 0.1606
-1.2047 -0.2289 0.1439
-1.1981 -0.2264 0.1269
-1.1911 -0.2248 0.1086
-1.1847 -0.2232 0.0903
-1.1791 -0.2208 0.0728
-1.1746 -0.2173 0.0565
-1.1713 -0.2127 0.0417
-1.1689 -0.2074 0.0285
-1.1663 -0.2033 0.0155
-1.1633 -0.2003 0.0028
-1.1597 -0.1989 -0.0096
-1.1554 -0.1992 -0.0218
-1.1509 -0.2012 -0.0337
-1.1467 -0.2048 -0.0451
-1.1402 -0.2097 -0.0571
-1.1324 -0.2156 -0.0692
-1.1236 -0.2221 -0.0812
-1.1141 -0.2291 -0.0929
-1.1043 -0.2357 -0.1038
-1.0945 -0.2414 -0.1136
-1.0831 -0.2478 -0.1237
-1.0708 -0.2541 -0.1335
-1.0576 -0.2600 -0.1429
-1.0435 -0.2652 -0.1517
-1.0290 -0.2690 -0.1594
-1.0143 -0.2711 -0.1659
-0.9985 -0.2731 -0.1723
-0.9822 -0.2743 -0.1782
-0.9654 -0.2745 -0.1836
-0.9484 -0.2740 -0.1885
-0.9315 -0.2722 -0.1927
-0.9150 -0.2690 -0.1964
-0.8825 -0.2628 -0.2012
-0.8663 -0.2600 -0.2028
-0.8498 -0.2576 -0.2038
-0.8330 -0.2561 -0.2044
-0.8162 -0.2545 -0.2043
-0.7989 -0.2544 -0.2033
-0.7817 -0.2549 -0.2015
-0.7650 -0.2550 -0.1987
-0.7492 -0.2543 -0.1951
-0.7345 -0.2527 -0.1910
-0.7208 -0.2495 -0.1874
-0.7080 -0.2469 -0.1833
-0.6957 -0.2450 -0.1792
-0.6838 -0.2439 -0.1754
-0.6719 -0.2439 -0.1721
-0.6597 -0.2450 -0.1693
-0.6472 -0.2462 -0.1687
-0.6343 -0.2491 -0.1675
-0.6211 -0.2529 -0.1664
-0.6077 -0.2572 -0.1654
-0.5942 -0.2617 -0.1647
-0.5806 -0.2661 -0.1641
-0.5659 -0.2689 -0.1667
-0.5519 -0.2721 -0.1673
-0.5379 -0.2752 -0.1673
-0.5237 -0.2780 -0.1672
-0.5090 -0.2808 -0.1670
-0.4939 -0.2832 -0.1669
-0.4785 -0.2839 -0.1699
-0.4624 -0.2847 -0.1712
-0.4460 -0.2850 -0.1723
-0.4294 -0.2845 -0.1739
-0.4128 -0.2830 -0.1760
-0.3965 -0.2802 -0.1789
-0.3812 -0.2766 -0.1842
-0.3666 -0.2709 -0.1889
-0.3526 -0.2636 -0.1937
-0.3392 -0.2556 -0.1989
-0.3261 -0.2475 -0.2048
-0.3130 -0.2399 -0.2114
-0.2990 -0.2326 -0.2197
-0.2856 -0.2262 -0.2277
-0.2728 -0.2202 -0.2355
-0.2607 -0.2144 -0.2429
-0.2492 -0.2087 -0.2497
-0.2384 -0.2031 -0.2561
-0.2281 -0.1978 -0.2622
-0.2174 -0.1939 -0.2665
-0.2061 -0.1914 -0.2695
-0.1943 -0.1904 -0.2713
-0.1819 -0.1908 -0.2721
-0.1689 -0.1925 -0.2717
-0.1570 -0.1948 -0.2716
-0.1440 -0.1985 -0.2697
-0.1306 -0.2030 -0.2668
-0.1175 -0.2079 -0.2631
-0.1048 -0.2130 -0.2588
-0.0927 -0.2179 -0.2538
-0.0812 -0.2225 -0.2483
-0.0699 -0.2270 -0.2452
-0.0588 -0.2306 -0.2400
-0.0477 -0.2335 -0.2336
-0.0365 -0.2356 -0.2262
-0.0255 -0.2367 -0.2179
-0.0128 -0.2368 -0.2123
-0.0023 -0.2347 -0.2040
0.0069 -0.2308 -0.1946
0.0148 -0.2254 -0.1847
0.0212 -0.2191 -0.1747
0.0259 -0.2118 -0.1651
0.0314 -0.2066 -0.1588
0.0336 -0.1992 -0.1513
0.0342 -0.1915 -0.1437
0.0336 -0.1842 -0.1364
0.0325 -0.1778 -0.1293
0.0310 -0.1728 -0.1227
0.0292 -0.1692 -0.1166
0.0266 -0.1661 -0.1106
0.0232 -0.1638 -0.1048
0.0192 -0.1623 -0.0995
0.0148 -0.1616 -0.0946
0.0103 -0.1616 -0.0904
0.0060 -0.1620 -0.0869
0.0013 -0.1632 -0.0835
-0.0034 -0.1648 -0.0804
-0.0079 -0.1668 -0.0774
-0.0122 -0.1691 -0.0745
-0.0160 -0.1708 -0.0717
-0.0192 -0.1714 -0.0689
-0.0224 -0.1736 -0.0656
-0.0256 -0.1764 -0.0619
-0.0287 -0.1793 -0.0579
-0.0317 -0.1822 -0.0539
-0.0340 -0.1851 -0.0502
-0.0353 -0.1878 -0.0471
-0.0374 -0.1904 -0.0436
-0.0395 -0.1927 -0.0403
-0.0413 -0.1948 -0.0372
-0.0429 -0.1967 -0.0344
-0.0440 -0.1983 -0.0319
-0.0430 -0.1979 -0.0304
-0.0426 -0.1985 -0.0287
-0.0421 -0.1993 -0.0270
-0.0411 -0.2003 -0.0254
-0.0396 -0.2014 -0.0238
-0.0376 -0.2025 -0.0223
-0.0339 -0.2023 -0.0210
-0.0307 -0.2029 -0.0200
-0.0275 -0.2037 -0.0193
-0.0240 -0.2047 -0.0187
-0.0203 -0.2060 -0.0180
-0.0161 -0.2077 -0.0172
-0.0037 -0.2049 -0.0128
0.0037 -0.2056 -0.0105
0.0094 -0.2075 -0.0089
0.0144 -0.2098 -0.0074
0.0188 -0.2119 -0.0059
0.0226 -0.2140 -0.0041
0.0312 -0.2105 0.0009
0.0355 -0.2108 0.0044
0.0380 -0.2122 0.0076
0.0394 -0.2139 0.0110
0.0399 -0.2155 0.0145
0.0410 -0.2159 0.0188
0.0436 -0.2146 0.0239
0.0435 -0.2146 0.0281
0.0424 -0.2149 0.0320
0.0407 -0.2154 0.0360
0.0387 -0.2160 0.0399
0.0401 -0.2156 0.0452
0.0469 -0.2138 0.0523
0.0475 -0.2133 0.0568
0.0463 -0.2131 0.0604
0.0443 -0.2129 0.0634
0.0422 -0.2126 0.0659
0.0401 -0.2122 0.0681
0.0428 -0.2134 0.0724
0.0425 -0.2136 0.0751
0.0413 -0.2137 0.0772
0.0400 -0.2138 0.0792
0.0389 -0.2141 0.0812
0.0381 -0.2145 0.0831
0.0375 -0.2131 0.0845
0.0374 -0.2127 0.0859
0.0377 -0.2126 0.0872
0.0385 -0.2125 0.0882
0.0398 -0.2124 0.0890
0.0418 -0.2123 0.0896
0.0446 -0.2122 0.0902
0.0474 -0.2121 0.0904
0.0501 -0.2120 0.0903
0.0527 -0.2118 0.0900
0.0552 -0.2113 0.0895
0.0572 -0.2102 0.0888
0.0594 -0.2086 0.0888
0.0612 -0.2069 0.0882
0.0628 -0.2052 0.0876
0.0644 -0.2033 0.0870
0.0660 -0.2008 0.0860
0.0679 -0.1975 0.0846
0.0698 -0.1938 0.0833
0.0720 -0.1893 0.0813
0.0743 -0.1844 0.0791
0.0767 -0.1793 0.0770
0.0791 -0.1745 0.0752
0.0814 -0.1700 0.0740
0.0836 -0.1659 0.0736
0.0856 -0.1619 0.0732
0.0874 -0.1581 0.0729
0.0891 -0.1545 0.0727
0.0908 -0.1509 0.0725
0.0925 -0.1473 0.0724
0.0938 -0.1438 0.0723
0.0950 -0.1403 0.0717
0.0959 -0.1369 0.0708
0.0965 -0.1334 0.0697
0.0971 -0.1301 0.0686
0.0977 -0.1268 0.0675
0.0981 -0.1235 0.0660
0.0986 -0.1205 0.0648
0.0991 -0.1176 0.0635
0.0995 -0.1148 0.0622
0.0998 -0.1123 0.0609
0.1001 -0.1101 0.0597
0.1000 -0.1082 0.0582
0.1001 -0.1066 0.0570
0.1003 -0.1052 0.0561
0.1004 -0.1042 0.0555
0.1005 -0.1033 0.0551
0.1005 -0.1027 0.0549
0.0989 -0.1026 0.0540
0.0984 -0.1023 0.0536
0.0983 -0.1020 0.0533
0.0984 -0.1016 0.0531
0.0985 -0.1012 0.0528
0.0987 -0.1008 0.0525
0.0965 -0.1009 0.0516
0.0960 -0.1006 0.0511
0.0961 -0.1001 0.0507
0.0965 -0.0996 0.0504
0.0970 -0.0991 0.0501
0.0975 -0.0987 0.0498
0.0958 -0.0986 0.0489
0.0957 -0.0983 0.0485
0.0960 -0.0980 0.0482
0.0965 -0.0978 0.0480
0.0971 -0.0977 0.0479
0.0978 -0.0976 0.0478
0.0974 -0.0975 0.0475
0.0978 -0.0974 0.0473
0.0983 -0.0974 0.0470
0.0988 -0.0974 0.0469
0.0995 -0.0975 0.0467
0.0998 -0.0977 0.0465
0.0997 -0.0981 0.0461
0.1000 -0.0982 0.0459
0.1005 -0.0984 0.0458
0.1011 -0.0986 0.0457
0.1017 -0.0989 0.0457
0.1023 -0.0991 0.0457
0.1022 -0.0987 0.0450
0.1025 -0.0987 0.0449
0.1029 -0.0989 0.0449
0.1033 -0.0991 0.0451
0.1037 -0.0993 0.0452
0.1040 -0.0995 0.0453
0.1041 -0.1006 0.0463
0.1043 -0.1010 0.0466
0.1044 -0.1012 0.0468
0.1045 -0.1013 0.0470
0.1045 -0.1013 0.0471
0.1045 -0.1013 0.0472
0.1054 -0.1008 0.0468
0.1056 -0.1007 0.0467
0.1056 -0.1006 0.0469
0.1056 -0.1006 0.0471
0.1055 -0.1007 0.0473
0.1055 -0.1007 0.0475
0.1063 -0.0997 0.0459
0.1065 -0.0994 0.0455
0.1065 -0.0993 0.0455
0.1065 -0.0993 0.0455
0.1065 -0.0992 0.0456
0.1065 -0.0992 0.0457
0.1069 -0.0992 0.0459
0.1070 -0.0993 0.0460
0.1071 -0.0993 0.0461
0.1071 -0.0993 0.0462
0.1072 -0.0994 0.0463
0.1073 -0.0994 0.0464
0.1073 -0.0994 0.0463
0.1074 -0.0994 0.0463
0.1074 -0.0995 0.0464
0.1075 -0.0996 0.0464
0.1076 -0.0997 0.0464
0.1077 -0.0997 0.0464
0.1079 -0.1000 0.0464
0.1080 -0.1001 0.0464
0.1081 -0.1002 0.0463
0.1082 -0.1002 0.0463
0.1082 -0.1002 0.0463
0.1083 -0.1002 0.0462
0.1082 -0.0996 0.0452
0.1081 -0.0994 0.0448
0.1080 -0.0992 0.0446
0.1080 -0.0991 0.0444
0.1079 -0.0990 0.0442
0.1078 -0.0989 0.0441
0.1079 -0.0984 0.0433
0.1078 -0.0982 0.0430
0.1077 -0.0980 0.0427
0.1076 -0.0978 0.0425
0.1075 -0.0977 0.0422
0.1073 -0.0975 0.0420
0.1073 -0.0976 0.0419
0.1072 -0.0976 0.0417
0.1071 -0.0975 0.0415
0.1069 -0.0973 0.0413
0.1068 -0.0972 0.0410
0.1066 -0.0970 0.0408
0.1068 -0.0974 0.0406
0.1068 -0.0974 0.0404
0.1067 -0.0974 0.0403
0.1066 -0.0973 0.0401
0.1065 -0.0973 0.0399
0.1064 -0.0972 0.0398
0.1068 -0.0976 0.0402
0.1069 -0.0976 0.0403
0.1069 -0.0976 0.0403
0.1068 -0.0976 0.0402
0.1068 -0.0975 0.0402
0.1068 -0.0975 0.0403
0.1069 -0.0978 0.0406
0.1070 -0.0978 0.0408
0.1070 -0.0978 0.0408
0.1070 -0.0978 0.0409
0.1071 -0.0977 0.0409
0.1071 -0.0976 0.0406
0.1070 -0.0977 0.0400
0.1071 -0.0977 0.0398
0.1071 -0.0977 0.0398
0.1072 -0.0977 0.0398
0.1073 -0.0977 0.0398
0.1074 -0.0976 0.0397
0.1070 -0.0975 0.0387
0.1070 -0.0974 0.0384
0.1070 -0.0975 0.0384
0.1071 -0.0975 0.0384
0.1072 -0.0976 0.0385
0.1073 -0.0976 0.0385
0.1070 -0.0976 0.0378
0.1070 -0.0976 0.0376
0.1071 -0.0976 0.0375
0.1072 -0.0976 0.0376
0.1073 -0.0976 0.0376
0.1074 -0.0977 0.0378
0.1068 -0.0979 0.0372
0.1066 -0.0981 0.0371
0.1066 -0.0981 0.0371
0.1067 -0.0982 0.0372
0.1068 -0.0982 0.0374
0.1069 -0.0983 0.0375
0.1067 -0.0984 0.0375
0.1067 -0.0985 0.0376
0.1067 -0.0985 0.0377
0.1068 -0.0985 0.0378
0.1069 -0.0985 0.0380
0.1069 -0.0986 0.0382
0.1067 -0.0987 0.0385
0.1066 -0.0988 0.0388
0.1066 -0.0987 0.0390
0.1067 -0.0987 0.0392
0.1067 -0.0986 0.0394
0.1067 -0.0984 0.0396
0.1063 -0.0991 0.0397
0.1062 -0.0992 0.0398
0.1062 -0.0990 0.0398
0.1062 -0.0988 0.0398
0.1062 -0.0986 0.0398
0.1063 -0.0984 0.0399
0.1063 -0.0986 0.0400
0.1064 -0.0985 0.0401
0.1064 -0.0984 0.0401
0.1065 -0.0983 0.0402
0.1065 -0.0982 0.0403
0.1066 -0.0981 0.0404
0.1066 -0.0988 0.0402
0.1067 -0.0991 0.0402
0.1067 -0.0991 0.0402
0.1067 -0.0991 0.0403
0.1068 -0.0990 0.0404
0.1067 -0.0989 0.0404
0.1069 -0.0993 0.0404
0.1070 -0.0994 0.0403
0.1069 -0.0992 0.0403
0.1069 -0.0991 0.0402
0.1068 -0.0989 0.0402
0.1067 -0.0987 0.0402
0.1069 -0.0988 0.0402
0.1069 -0.0988 0.0401
0.1068 -0.0987 0.0401
0.1067 -0.0985 0.0400
0.1066 -0.0984 0.0400
0.1065 -0.0984 0.0400
0.1068 -0.0991 0.0403
0.1069 -0.0993 0.0404
0.1070 -0.0994 0.0404
0.1069 -0.0995 0.0404
0.1069 -0.0995 0.0405
0.1068 -0.0994 0.0405
0.1069 -0.0999 0.0407
0.1069 -0.1000 0.0408
0.1069 -0.1000 0.0408
0.1069 -0.0999 0.0409
0.1069 -0.0999 0.0409
0.1069 -0.0999 0.0408
0.1070 -0.1001 0.0405
0.1071 -0.1001 0.0403
0.1071 -0.1000 0.0401
0.1071 -0.1000 0.0400
0.1071 -0.1001 0.0399
0.1072 -0.1001 0.0398
0.1072 -0.0998 0.0395
0.1072 -0.0998 0.0393
0.1072 -0.0997 0.0392
0.1072 -0.0998 0.0391
0.1072 -0.0999 0.0391
0.1072 -0.1000 0.0391
0.1072 -0.1000 0.0391
0.1072 -0.1000 0.0390
0.1073 -0.0999 0.0390
0.1073 -0.0999 0.0389
0.1074 -0.0998 0.0389
0.1074 -0.0997 0.0388
0.1075 -0.0998 0.0388
0.1076 -0.0997 0.0388
0.1076 -0.0996 0.0387
0.1076 -0.0995 0.0385
0.1077 -0.0994 0.0384
0.1077 -0.0993 0.0384
0.1077 -0.0996 0.0381
0.1078 -0.0997 0.0380
0.1079 -0.0997 0.0379
0.1080 -0.0997 0.0378
0.1081 -0.0998 0.0377
0.1082 -0.0999 0.0377
0.1082 -0.0999 0.0375
0.1083 -0.0999 0.0373
0.1084 -0.0999 0.0372
0.1085 -0.0998 0.0371
0.1086 -0.0998 0.0371
0.1087 -0.0997 0.0371
0.1088 -0.0999 0.0368
0.1088 -0.0999 0.0367
0.1089 -0.0998 0.0366
0.1089 -0.0997 0.0366
0.1089 -0.0996 0.0366
0.1090 -0.0994 0.0365
0.1088 -0.0991 0.0357
0.1087 -0.0989 0.0354
0.1087 -0.0987 0.0352
0.1086 -0.0986 0.0351
0.1086 -0.0985 0.0351
0.1085 -0.0986 0.0352
0.1084 -0.0988 0.0354
0.1083 -0.0989 0.0354
0.1082 -0.0989 0.0354
0.1081 -0.0989 0.0355
0.1080 -0.0989 0.0355
0.1079 -0.0989 0.0356
0.1082 -0.0989 0.0351
0.1082 -0.0989 0.0350
0.1081 -0.0988 0.0349
0.1079 -0.0987 0.0349
0.1078 -0.0985 0.0349
0.1076 -0.0984 0.0349
0.1079 -0.0984 0.0345
0.1079 -0.0984 0.0343
0.1078 -0.0983 0.0343
0.1077 -0.0982 0.0343
0.1075 -0.0982 0.0344
0.1074 -0.0981 0.0345
0.1076 -0.0982 0.0338
0.1075 -0.0982 0.0336
0.1074 -0.0982 0.0336
0.1073 -0.0983 0.0338
0.1072 -0.0983 0.0339
0.1071 -0.0984 0.0341
0.1070 -0.0987 0.0340
0.1069 -0.0989 0.0341
0.1068 -0.0989 0.0343
0.1067 -0.0990 0.0344
0.1065 -0.0990 0.0346
0.1064 -0.0990 0.0348
0.1066 -0.0992 0.0349
0.1067 -0.0993 0.0350
0.1066 -0.0992 0.0351
0.1065 -0.0991 0.0351
0.1065 -0.0990 0.0352
0.1065 -0.0991 0.0354
0.1066 -0.0994 0.0355
0.1067 -0.0995 0.0357
0.1068 -0.0995 0.0358
0.1069 -0.0995 0.0359
0.1070 -0.0995 0.0360
0.1071 -0.0996 0.0362
0.1071 -0.0999 0.0364
0.1072 -0.1000 0.0366
0.1073 -0.1001 0.0367
0.1075 -0.1000 0.0368
0.1076 -0.1000 0.0368
0.1078 -0.1000 0.0369
0.1077 -0.1002 0.0372
0.1078 -0.1003 0.0374
0.1079 -0.1004 0.0376
0.1081 -0.1005 0.0378
0.1082 -0.1007 0.0380
0.1084 -0.1008 0.0383
0.1085 -0.1011 0.0383
0.1086 -0.1013 0.0384
0.1087 -0.1014 0.0387
0.1089 -0.1016 0.0390
0.1090 -0.1017 0.0393
0.1092 -0.1018 0.0396
0.1089 -0.1019 0.0392
0.1089 -0.1020 0.0392
0.1090 -0.1021 0.0393
0.1091 -0.1022 0.0394
0.1092 -0.1022 0.0395
0.1093 -0.1022 0.0395
0.1092 -0.1025 0.0398
0.1092 -0.1027 0.0399
0.1092 -0.1028 0.0400
0.1093 -0.1029 0.0401
0.1093 -0.1030 0.0403
0.1093 -0.1031 0.0404
0.1090 -0.1032 0.0403
0.1089 -0.1032 0.0403
0.1088 -0.1033 0.0404
0.1088 -0.1033 0.0405
0.1087 -0.1034 0.0407
0.1086 -0.1034 0.0408
0.1085 -0.1033 0.0404
0.1084 -0.1033 0.0403
0.1083 -0.1034 0.0404
0.1082 -0.1034 0.0405
0.1081 -0.1034 0.0405
0.1080 -0.1034 0.0403
0.1081 -0.1033 0.0399
0.1081 -0.1033 0.0398
0.1081 -0.1034 0.0397
0.1081 -0.1034 0.0397
0.1080 -0.1035 0.0396
0.1080 -0.1035 0.0396
0.1080 -0.1036 0.0393
0.1081 -0.1037 0.0393
0.1081 -0.1038 0.0393
0.1080 -0.1039 0.0393
0.1080 -0.1041 0.0393
0.1079 -0.1042 0.0392
0.1076 -0.1045 0.0390
0.1074 -0.1047 0.0390
0.1073 -0.1049 0.0391
0.1071 -0.1051 0.0392
0.1070 -0.1052 0.0394
0.1068 -0.1052 0.0395
0.1067 -0.1056 0.0392
0.1066 -0.1057 0.0391
0.1064 -0.1056 0.0391
0.1062 -0.1054 0.0390
0.1059 -0.1053 0.0391
0.1057 -0.1051 0.0392
0.1055 -0.1061 0.0389
0.1052 -0.1062 0.0389
0.1050 -0.1062 0.0388
0.1047 -0.1061 0.0388
0.1045 -0.1059 0.0388
0.1043 -0.1057 0.0388
0.1045 -0.1061 0.0385
0.1044 -0.1061 0.0384
0.1042 -0.1059 0.0384
0.1040 -0.1057 0.0383
0.1037 -0.1055 0.0382
0.1036 -0.1054 0.0380
0.1035 -0.1054 0.0377
0.1033 -0.1053 0.0375
0.1030 -0.1051 0.0374
0.1027 -0.1049 0.0374
0.1024 -0.1047 0.0373
0.1018 -0.1045 0.0372
0.1009 -0.1043 0.0369
0.1003 -0.1041 0.0368
0.0999 -0.1039 0.0368
0.0996 -0.1037 0.0368
0.0992 -0.1035 0.0367
0.0989 -0.1034 0.0367
0.0982 -0.1033 0.0363
0.0978 -0.1031 0.0362
0.0974 -0.1029 0.0361
0.0970 -0.1027 0.0361
0.0967 -0.1025 0.0360
0.0963 -0.1022 0.0359
0.0957 -0.1019 0.0358
0.0953 -0.1017 0.0358
0.0949 -0.1015 0.0358
0.0946 -0.1013 0.0358
0.0942 -0.1012 0.0358
0.0939 -0.1010 0.0358
0.0940 -0.1013 0.0357
0.0938 -0.1013 0.0357
0.0935 -0.1013 0.0357
0.0932 -0.1012 0.0357
0.0929 -0.1011 0.0358
0.0926 -0.1010 0.0358
0.0922 -0.1016 0.0362
0.0919 -0.1018 0.0364
0.0916 -0.1018 0.0365
0.0913 -0.1017 0.0365
0.0910 -0.1017 0.0365
0.0906 -0.1017 0.0366
0.0903 -0.1019 0.0365
0.0899 -0.1020 0.0365
0.0896 -0.1021 0.0366
0.0892 -0.1022 0.0368
0.0889 -0.1023 0.0369
0.0885 -0.1024 0.0368
0.0883 -0.1027 0.0366
0.0880 -0.1028 0.0367
0.0876 -0.1029 0.0368
0.0873 -0.1030 0.0369
0.0869 -0.1031 0.0370
0.0866 -0.1032 0.0371
0.0865 -0.1034 0.0373
0.0862 -0.1035 0.0374
0.0859 -0.1035 0.0375
0.0855 -0.1036 0.0376
0.0851 -0.1036 0.0377
0.0847 -0.1036 0.0378
0.0843 -0.1034 0.0377
0.0839 -0.1033 0.0378
0.0835 -0.1032 0.0378
0.0831 -0.1032 0.0379
0.0827 -0.1031 0.0380
0.0824 -0.1031 0.0381
0.0824 -0.1032 0.0381
0.0822 -0.1032 0.0382
0.0819 -0.1031 0.0382
0.0817 -0.1031 0.0383
0.0814 -0.1030 0.0384
0.0812 -0.1030 0.0384

