-0.0134 0.0465 0.0241
-0.0137 0.0449 0.0245
-0.0137 0.0444 0.0246
-0.0137 0.0442 0.0247
-0.0136 0.0441 0.0247
-0.0135 0.0441 0.0247
-0.0134 0.0441 0.0247
-0.0141 0.0446 0.0245
-0.0143 0.0448 0.0244
-0.0143 0.0449 0.0243
-0.0142 0.0450 0.0243
-0.0141 0.0450 0.0243
-0.0140 0.0450 0.0243
-0.0144 0.0450 0.0244
-0.0145 0.0450 0.0245
-0.0145 0.0449 0.0245
-0.0144 0.0448 0.0245
-0.0143 0.0447 0.0246
-0.0141 0.0445 0.0246
-0.0140 0.0443 0.0247
-0.0139 0.0441 0.0247
-0.0138 0.0440 0.0247
-0.0137 0.0439 0.0247
-0.0136 0.0439 0.0247
-0.0135 0.0439 0.0247
-0.0133 0.0439 0.0247
-0.0133 0.0437 0.0246
-0.0132 0.0436 0.0245
-0.0131 0.0436 0.0245
-0.0130 0.0435 0.0246
-0.0129 0.0434 0.0246
-0.0128 0.0433 0.0247
-0.0136 0.0432 0.0248
-0.0137 0.0432 0.0249
-0.0137 0.0431 0.0249
-0.0137 0.0431 0.0249
-0.0136 0.0432 0.0249
-0.0135 0.0433 0.0248
-0.0133 0.0432 0.0249
-0.0132 0.0432 0.0250
-0.0131 0.0432 0.0250
-0.0130 0.0432 0.0251
-0.0129 0.0431 0.0252
-0.0127 0.0431 0.0252
-0.0133 0.0433 0.0253
-0.0133 0.0434 0.0254
-0.0133 0.0434 0.0254
-0.0132 0.0434 0.0254
-0.0130 0.0434 0.0255
-0.0134 0.0435 0.0253
-0.0134 0.0434 0.0253
-0.0134 0.0434 0.0253
-0.0133 0.0434 0.0252
-0.0133 0.0434 0.0252
-0.0132 0.0434 0.0252
-0.0133 0.0431 0.0251
-0.0134 0.0430 0.0251
-0.0133 0.0430 0.0251
-0.0133 0.0429 0.0250
-0.0132 0.0429 0.0250
-0.0132 0.0428 0.0250
-0.0135 0.0426 0.0250
-0.0135 0.0425 0.0250
-0.0135 0.0425 0.0250
-0.0135 0.0425 0.0250
-0.0135 0.0425 0.0250
-0.0135 0.0425 0.0249
-0.0135 0.0425 0.0249
-0.0138 0.0425 0.0250
-0.0138 0.0425 0.0251
-0.0138 0.0425 0.0251
-0.0138 0.0425 0.0250
-0.0137 0.0424 0.0250
-0.0137 0.0424 0.0250
-0.0138 0.0424 0.0251
-0.0139 0.0425 0.0252
-0.0140 0.0426 0.0251
-0.0140 0.0426 0.0251
-0.0140 0.0427 0.0251
-0.0142 0.0426 0.0252
-0.0142 0.0427 0.0253
-0.0142 0.0427 0.0253
-0.0141 0.0426 0.0253
-0.0141 0.0426 0.0253
-0.0140 0.0426 0.0253
-0.0139 0.0425 0.0253
-0.0139 0.0425 0.0254
-0.0138 0.0425 0.0254
-0.0138 0.0425 0.0254
-0.0137 0.0425 0.0254
-0.0136 0.0425 0.0253
-0.0137 0.0427 0.0252
-0.0137 0.0427 0.0252
-0.0137 0.0427 0.0252
-0.0136 0.0427 0.0252
-0.0136 0.0428 0.0251
-0.0135 0.0429 0.0251
-0.0136 0.0428 0.0249
-0.0136 0.0428 0.0248
-0.0136 0.0429 0.0248
-0.0135 0.0429 0.0248
-0.0135 0.0429 0.0247
-0.0135 0.0429 0.0247
-0.0134 0.0428 0.0248
-0.0136 0.0428 0.0248
-0.0136 0.0428 0.0247
-0.0136 0.0428 0.0247
-0.0136 0.0428 0.0247
-0.0136 0.0429 0.0246
-0.0135 0.0429 0.0245
-0.0137 0.0428 0.0245
-0.0137 0.0428 0.0245
-0.0137 0.0429 0.0245
-0.0137 0.0429 0.0245
-0.0136 0.0429 0.0244
-0.0137 0.0430 0.0243
-0.0138 0.0431 0.0242
-0.0137 0.0431 0.0241
-0.0137 0.0431 0.0241
-0.0137 0.0431 0.0240
-0.0137 0.0431 0.0240
-0.0138 0.0432 0.0239
-0.0138 0.0432 0.0238
-0.0139 0.0431 0.0237
-0.0139 0.0431 0.0237
-0.0138 0.0431 0.0236
-0.0138 0.0430 0.0236
-0.0138 0.0429 0.0236
-0.0139 0.0429 0.0234
-0.0139 0.0429 0.0234
-0.0138 0.0430 0.0233
-0.0138 0.0430 0.0232
-0.0138 0.0431 0.0232
-0.0139 0.0432 0.0233
-0.0139 0.0432 0.0233
-0.0139 0.0432 0.0233
-0.0139 0.0431 0.0233
-0.0138 0.0430 0.0233
-0.0138 0.0430 0.0233
-0.0139 0.0432 0.0233
-0.0139 0.0432 0.0233
-0.0139 0.0432 0.0232
-0.0138 0.0432 0.0232
-0.0137 0.0432 0.0232
-0.0136 0.0432 0.0231
-0.0135 0.0432 0.0227
-0.0134 0.0432 0.0226
-0.0132 0.0431 0.0225
-0.0131 0.0431 0.0225
-0.0130 0.0431 0.0224
-0.0129 0.0431 0.0224
-0.0131 0.0431 0.0221
-0.0130 0.0431 0.0220
-0.0130 0.0432 0.0219
-0.0129 0.0432 0.0219
-0.0128 0.0432 0.0218
-0.0128 0.0433 0.0217
-0.0129 0.0433 0.0215
-0.0129 0.0434 0.0214
-0.0129 0.0435 0.0212
-0.0129 0.0436 0.0211
-0.0129 0.0437 0.0210
-0.0129 0.0438 0.0209
-0.0129 0.0440 0.0211
-0.0130 0.0441 0.0212
-0.0130 0.0441 0.0212
-0.0130 0.0442 0.0211
-0.0130 0.0443 0.0210
-0.0129 0.0443 0.0210
-0.0133 0.0442 0.0211
-0.0134 0.0441 0.0211
-0.0135 0.0441 0.0210
-0.0135 0.0441 0.0210
-0.0135 0.0441 0.0209
-0.0135 0.0441 0.0208
-0.0135 0.0441 0.0208
-0.0135 0.0441 0.0208
-0.0135 0.0441 0.0207
-0.0135 0.0441 0.0207
-0.0135 0.0442 0.0206
-0.0135 0.0442 0.0206
-0.0135 0.0444 0.0205
-0.0136 0.0444 0.0204
-0.0136 0.0445 0.0203
-0.0135 0.0446 0.0202
-0.0135 0.0447 0.0202
-0.0135 0.0447 0.0201
-0.0136 0.0447 0.0202
-0.0135 0.0446 0.0201
-0.0135 0.0446 0.0201
-0.0134 0.0446 0.0200
-0.0134 0.0447 0.0199
-0.0133 0.0448 0.0198
-0.0135 0.0449 0.0197
-0.0135 0.0450 0.0195
-0.0135 0.0451 0.0194
-0.0135 0.0452 0.0193
-0.0134 0.0452 0.0193
-0.0134 0.0453 0.0192
-0.0134 0.0453 0.0191
-0.0134 0.0452 0.0191
-0.0133 0.0451 0.0191
-0.0133 0.0450 0.0191
-0.0133 0.0449 0.0192
-0.0133 0.0448 0.0192
-0.0134 0.0447 0.0193
-0.0134 0.0446 0.0193
-0.0134 0.0445 0.0193
-0.0134 0.0444 0.0193
-0.0133 0.0443 0.0193
-0.0133 0.0442 0.0193
-0.0133 0.0443 0.0189
-0.0132 0.0443 0.0188
-0.0132 0.0443 0.0187
-0.0131 0.0443 0.0187
-0.0130 0.0443 0.0186
-0.0130 0.0444 0.0186
-0.0131 0.0446 0.0184
-0.0131 0.0446 0.0184
-0.0130 0.0446 0.0183
-0.0130 0.0445 0.0184
-0.0129 0.0445 0.0184
-0.0129 0.0446 0.0184
-0.0127 0.0446 0.0183
-0.0126 0.0446 0.0183
-0.0125 0.0446 0.0183
-0.0125 0.0447 0.0183
-0.0124 0.0448 0.0183
-0.0123 0.0448 0.0183
-0.0125 0.0450 0.0184
-0.0125 0.0452 0.0186
-0.0124 0.0454 0.0186
-0.0123 0.0455 0.0185
-0.0122 0.0456 0.0185
-0.0120 0.0456 0.0185
-0.0119 0.0456 0.0185
-0.0118 0.0457 0.0185
-0.0117 0.0457 0.0185
-0.0115 0.0457 0.0185
-0.0114 0.0457 0.0185
-0.0114 0.0453 0.0188
-0.0113 0.0451 0.0189
-0.0112 0.0450 0.0189
-0.0112 0.0449 0.0190
-0.0111 0.0448 0.0191
-0.0110 0.0447 0.0191
-0.0114 0.0448 0.0192
-0.0116 0.0447 0.0192
-0.0116 0.0447 0.0193
-0.0116 0.0446 0.0193
-0.0115 0.0446 0.0193
-0.0115 0.0445 0.0193
-0.0116 0.0444 0.0193
-0.0117 0.0443 0.0192
-0.0116 0.0442 0.0192
-0.0116 0.0441 0.0192
-0.0116 0.0441 0.0192
-0.0114 0.0440 0.0193
-0.0112 0.0441 0.0195
-0.0111 0.0440 0.0195
-0.0111 0.0440 0.0195
-0.0110 0.0439 0.0195
-0.0109 0.0438 0.0195
-0.0109 0.0438 0.0195
-0.0111 0.0439 0.0194
-0.0111 0.0438 0.0194
-0.0111 0.0438 0.0194
-0.0112 0.0437 0.0194
-0.0112 0.0436 0.0194
-0.0113 0.0435 0.0195
-0.0113 0.0433 0.0196
-0.0114 0.0432 0.0197
-0.0113 0.0431 0.0197
-0.0113 0.0431 0.0197
-0.0113 0.0431 0.0197
-0.0113 0.0430 0.0197
-0.0114 0.0431 0.0197
-0.0114 0.0431 0.0197
-0.0114 0.0431 0.0197
-0.0114 0.0431 0.0197
-0.0113 0.0431 0.0196
-0.0113 0.0430 0.0196
-0.0112 0.0428 0.0196
-0.0111 0.0426 0.0196
-0.0111 0.0425 0.0197
-0.0111 0.0424 0.0197
-0.0111 0.0424 0.0196
-0.0110 0.0425 0.0196
-0.0110 0.0423 0.0197
-0.0110 0.0423 0.0196
-0.0110 0.0424 0.0196
-0.0109 0.0424 0.0195
-0.0109 0.0425 0.0195
-0.0109 0.0425 0.0195
-0.0108 0.0426 0.0194
-0.0108 0.0426 0.0193
-0.0108 0.0426 0.0193
-0.0108 0.0426 0.0193
-0.0108 0.0426 0.0193
-0.0108 0.0427 0.0193
-0.0109 0.0428 0.0194
-0.0109 0.0429 0.0193
-0.0109 0.0429 0.0193
-0.0109 0.0430 0.0193
-0.0109 0.0430 0.0192
-0.0109 0.0431 0.0192
-0.0110 0.0434 0.0192
-0.0111 0.0435 0.0192
-0.0111 0.0435 0.0192
-0.0111 0.0436 0.0191
-0.0111 0.0436 0.0191
-0.0112 0.0437 0.0190
-0.0112 0.0437 0.0190
-0.0112 0.0438 0.0190
-0.0112 0.0438 0.0189
-0.0113 0.0439 0.0189
-0.0113 0.0440 0.0188
-0.0114 0.0440 0.0188
-0.0113 0.0440 0.0188
-0.0113 0.0441 0.0188
-0.0113 0.0441 0.0187
-0.0113 0.0441 0.0187
-0.0113 0.0441 0.0187
-0.0113 0.0441 0.0186
-0.0113 0.0440 0.0185
-0.0113 0.0440 0.0184
-0.0113 0.0439 0.0184
-0.0113 0.0439 0.0184
-0.0113 0.0438 0.0184
-0.0113 0.0437 0.0184
-0.0114 0.0436 0.0182
-0.0114 0.0434 0.0180
-0.0113 0.0432 0.0180
-0.0113 0.0431 0.0180
-0.0112 0.0429 0.0180
-0.0112 0.0427 0.0179
-0.0113 0.0427 0.0176
-0.0113 0.0427 0.0175
-0.0113 0.0426 0.0174
-0.0112 0.0425 0.0173
-0.0111 0.0423 0.0173
-0.0111 0.0423 0.0171
-0.0112 0.0424 0.0169
-0.0111 0.0424 0.0168
-0.0110 0.0423 0.0168
-0.0109 0.0422 0.0167
-0.0108 0.0421 0.0167
-0.0106 0.0421 0.0166
-0.0106 0.0420 0.0163
-0.0105 0.0420 0.0161
-0.0103 0.0420 0.0160
-0.0101 0.0419 0.0160
-0.0099 0.0419 0.0160
-0.0098 0.0419 0.0160
-0.0095 0.0418 0.0159
-0.0092 0.0418 0.0159
-0.0090 0.0418 0.0159
-0.0087 0.0417 0.0159
-0.0085 0.0417 0.0158
-0.0082 0.0417 0.0158
-0.0079 0.0417 0.0156
-0.0076 0.0417 0.0155
-0.0074 0.0416 0.0155
-0.0071 0.0416 0.0155
-0.0069 0.0416 0.0155
-0.0066 0.0415 0.0154
-0.0066 0.0417 0.0155
-0.0065 0.0417 0.0155
-0.0063 0.0418 0.0155
-0.0061 0.0418 0.0155
-0.0060 0.0419 0.0154
-0.0058 0.0419 0.0154
-0.0054 0.0416 0.0154
-0.0052 0.0415 0.0153
-0.0050 0.0415 0.0153
-0.0048 0.0415 0.0153
-0.0046 0.0415 0.0153
-0.0044 0.0415 0.0153
-0.0043 0.0412 0.0153
-0.0041 0.0411 0.0153
-0.0039 0.0411 0.0153
-0.0037 0.0410 0.0153
-0.0034 0.0410 0.0153
-0.0030 0.0410 0.0152
-0.0026 0.0410 0.0151
-0.0022 0.0409 0.0150
-0.0019 0.0409 0.0150
-0.0016 0.0409 0.0150
-0.0013 0.0408 0.0150
-0.0011 0.0408 0.0149
-0.0010 0.0406 0.0149
-0.0008 0.0406 0.0148
-0.0005 0.0405 0.0148
-0.0002 0.0403 0.0148
0.0001 0.0402 0.0148
0.0003 0.0401 0.0148
0.0003 0.0398 0.0148
0.0004 0.0397 0.0147
0.0006 0.0396 0.0147
0.0008 0.0394 0.0147
0.0009 0.0393 0.0148
0.0009 0.0392 0.0148
0.0008 0.0391 0.0148
0.0007 0.0390 0.0148
0.0005 0.0390 0.0149
0.0004 0.0389 0.0149
0.0001 0.0389 0.0149
-0.0002 0.0388 0.0149
-0.0009 0.0392 0.0149
-0.0014 0.0392 0.0149
-0.0019 0.0392 0.0149
-0.0024 0.0391 0.0150
-0.0030 0.0389 0.0151
-0.0037 0.0388 0.0151
-0.0044 0.0384 0.0152
-0.0051 0.0382 0.0151
-0.0059 0.0381 0.0149
-0.0067 0.0379 0.0146
-0.0074 0.0377 0.0142
-0.0083 0.0373 0.0138
-0.0092 0.0372 0.0133
-0.0102 0.0366 0.0129
-0.0114 0.0358 0.0125
-0.0127 0.0349 0.0120
-0.0144 0.0340 0.0114
-0.0164 0.0330 0.0107
-0.0190 0.0318 0.0098
-0.0219 0.0306 0.0088
-0.0251 0.0292 0.0077
-0.0288 0.0277 0.0063
-0.0328 0.0260 0.0046
-0.0373 0.0240 0.0027
-0.0425 0.0217 0.0004
-0.0479 0.0193 -0.0022
-0.0535 0.0166 -0.0050
-0.0595 0.0137 -0.0080
-0.0658 0.0106 -0.0110
-0.0724 0.0075 -0.0142
-0.0789 0.0041 -0.0170
-0.0858 0.0014 -0.0201
-0.0926 -0.0005 -0.0235
-0.0992 -0.0014 -0.0269
-0.1055 -0.0013 -0.0303
-0.1114 -0.0004 -0.0337
-0.1171 0.0008 -0.0368
-0.1224 0.0025 -0.0396
-0.1274 0.0044 -0.0422
-0.1322 0.0063 -0.0444
-0.1368 0.0083 -0.0464
-0.1415 0.0101 -0.0481
-0.1464 0.0121 -0.0498
-0.1515 0.0138 -0.0514
-0.1569 0.0154 -0.0529
-0.1628 0.0170 -0.0546
-0.1691 0.0185 -0.0565
-0.1760 0.0199 -0.0587
-0.1838 0.0216 -0.0621
-0.1918 0.0230 -0.0654
-0.2002 0.0242 -0.0691
-0.2092 0.0251 -0.0731
-0.2187 0.0254 -0.0774
-0.2290 0.0256 -0.0822
-0.2399 0.0257 -0.0874
-0.2511 0.0252 -0.0928
-0.2625 0.0245 -0.0984
-0.2742 0.0236 -0.1042
-0.2863 0.0226 -0.1100
-0.2989 0.0216 -0.1159
-0.3119 0.0208 -0.1219
-0.3247 0.0204 -0.1286
-0.3374 0.0205 -0.1359
-0.3499 0.0210 -0.1436
-0.3623 0.0216 -0.1514
-0.3748 0.0219 -0.1592
-0.3881 0.0222 -0.1667
-0.4010 0.0220 -0.1741
-0.4135 0.0217 -0.1814
-0.4259 0.0218 -0.1887
-0.4381 0.0224 -0.1962
-0.4501 0.0235 -0.2039
-0.4624 0.0250 -0.2118
-0.4742 0.0267 -0.2197
-0.4858 0.0284 -0.2277
-0.4973 0.0300 -0.2359
-0.5086 0.0315 -0.2441
-0.5196 0.0330 -0.2526
-0.5312 0.0341 -0.2613
-0.5419 0.0353 -0.2701
-0.5521 0.0364 -0.2791
-0.5621 0.0372 -0.2882
-0.5718 0.0377 -0.2974
-0.5814 0.0379 -0.3068
-0.5908 0.0379 -0.3166
-0.6000 0.0374 -0.3262
-0.6092 0.0365 -0.3360
-0.6182 0.0354 -0.3458
-0.6270 0.0341 -0.3559
-0.6358 0.0329 -0.3661
-0.6447 0.0318 -0.3767
-0.6531 0.0304 -0.3869
-0.6614 0.0289 -0.3970
-0.6693 0.0275 -0.4069
-0.6771 0.0263 -0.4167
-0.6850 0.0248 -0.4263
-0.6935 0.0229 -0.4358
-0.7010 0.0216 -0.4446
-0.7081 0.0205 -0.4530
-0.7151 0.0194 -0.4608
-0.7220 0.0182 -0.4681
-0.7293 0.0169 -0.4746
-0.7372 0.0153 -0.4801
-0.7446 0.0136 -0.4855
-0.7521 0.0118 -0.4906
-0.7597 0.0101 -0.4951
-0.7676 0.0083 -0.4992
-0.7757 0.0066 -0.5027
-0.7832 0.0043 -0.5027
-0.7917 0.0026 -0.5042
-0.8008 0.0011 -0.5058
-0.8104 -0.0003 -0.5072
-0.8206 -0.0015 -0.5082
-0.8313 -0.0025 -0.5088
-0.8404 -0.0062 -0.5038
-0.8514 -0.0076 -0.5019
-0.8634 -0.0081 -0.5006
-0.8760 -0.0081 -0.4992
-0.8891 -0.0075 -0.4974
-0.9028 -0.0064 -0.4951
-0.9152 -0.0067 -0.4904
-0.9292 -0.0052 -0.4865
-0.9438 -0.0026 -0.4826
-0.9585 0.0010 -0.4783
-0.9731 0.0055 -0.4735
-0.9876 0.0108 -0.4682
-1.0017 0.0148 -0.4617
-1.0156 0.0201 -0.4551
-1.0292 0.0255 -0.4483
-1.0425 0.0307 -0.4411
-1.0554 0.0352 -0.4338
-1.0680 0.0390 -0.4263
-1.0797 0.0408 -0.4177
-1.0919 0.0423 -0.4101
-1.1042 0.0428 -0.4032
-1.1167 0.0424 -0.3968
-1.1292 0.0411 -0.3910
-1.1414 0.0395 -0.3855
-1.1528 0.0366 -0.3803
-1.1636 0.0352 -0.3752
-1.1738 0.0346 -0.3702
-1.1836 0.0344 -0.3651
-1.1932 0.0341 -0.3598
-1.2030 0.0334 -0.3543
-1.2132 0.0323 -0.3484
-1.2232 0.0309 -0.3422
-1.2332 0.0293 -0.3356
-1.2433 0.0276 -0.3287
-1.2536 0.0256 -0.3215
-1.2644 0.0233 -0.3141
-1.2762 0.0207 -0.3081
-1.2883 0.0178 -0.3011
-1.3008 0.0147 -0.2940
-1.3139 0.0116 -0.2870
-1.3274 0.0088 -0.2801
-1.3414 0.0062 -0.2735
-1.3560 0.0038 -0.2681
-1.3707 0.0020 -0.2624
-1.3856 0.0009 -0.2568
-1.4007 0.0003 -0.2513
-1.4162 0.0001 -0.2460
-1.4319 0.0004 -0.2409
-1.4475 -0.0028 -0.2382
-1.4635 -0.0030 -0.2339
-1.4800 -0.0021 -0.2290
-1.4967 -0.0005 -0.2238
-1.5135 0.0015 -0.2183
-1.5302 0.0040 -0.2125
-1.5460 0.0028 -0.2081
-1.5617 0.0049 -0.2021
-1.5770 0.0081 -0.1954
-1.5913 0.0116 -0.1879
-1.6047 0.0149 -0.1799
-1.6173 0.0177 -0.1713
-1.6261 0.0195 -0.1635
-1.6369 0.0202 -0.1538
-1.6484 0.0194 -0.1429
-1.6600 0.0174 -0.1314
-1.6712 0.0146 -0.1198
-1.6813 0.0122 -0.1089
-1.6898 0.0107 -0.0994
-1.6983 0.0110 -0.0903
-1.7068 0.0121 -0.0820
-1.7151 0.0136 -0.0742
-1.7235 0.0148 -0.0668
-1.7319 0.0155 -0.0599
-1.7402 0.0155 -0.0535
-1.7494 0.0146 -0.0464
-1.7592 0.0128 -0.0389
-1.7695 0.0103 -0.0312
-1.7803 0.0072 -0.0232
-1.7915 0.0036 -0.0151
-1.8036 0.0009 -0.0076
-1.8156 -0.0026 0.0005
-1.8276 -0.0062 0.0089
-1.8398 -0.0095 0.0173
-1.8520 -0.0123 0.0257
-1.8645 -0.0147 0.0341
-1.8775 -0.0157 0.0428
-1.8908 -0.0171 0.0513
-1.9043 -0.0183 0.0598
-1.9182 -0.0192 0.0682
-1.9324 -0.0196 0.0764
-1.9471 -0.0192 0.0845
-1.9625 -0.0181 0.0928
-1.9781 -0.0163 0.1006
-1.9941 -0.0136 0.1080
-2.0102 -0.0099 0.1149
-2.0259 -0.0049 0.1211
-2.0410 0.0011 0.1267
-2.0554 0.0073 0.1323
-2.0695 0.0134 0.1374
-2.0836 0.0186 0.1423
-2.0979 0.0226 0.1471
-2.1129 0.0250 0.1517
-2.1284 0.0259 0.1560
-2.1431 0.0266 0.1594
-2.1583 0.0263 0.1624
-2.1731 0.0262 0.1647
-2.1870 0.0269 0.1666
-2.1998 0.0282 0.1682
-2.2110 0.0300 0.1695
-2.2207 0.0320 0.1706
-2.2310 0.0332 0.1729
-2.2416 0.0337 0.1760
-2.2523 0.0334 0.1801
-2.2632 0.0321 0.1850
-2.2738 0.0299 0.1902
-2.2840 0.0267 0.1957
-2.2951 0.0234 0.2024
-2.3068 0.0199 0.2099
-2.3187 0.0161 0.2180
-2.3307 0.0124 0.2266
-2.3429 0.0087 0.2355
-2.3534 0.0072 0.2439
-2.3651 0.0047 0.2531
-2.3772 0.0022 0.2628
-2.3894 0.0001 0.2728
-2.4017 -0.0015 0.2831
-2.4140 -0.0025 0.2937
-2.4254 -0.0053 0.3042
-2.4374 -0.0058 0.3154
-2.4495 -0.0052 0.3271
-2.4615 -0.0035 0.3392
-2.4733 -0.0009 0.3517
-2.4849 0.0025 0.3645
-2.4951 0.0053 0.3773
-2.5054 0.0092 0.3903
-2.5151 0.0135 0.4032
-2.5240 0.0180 0.4159
-2.5320 0.0226 0.4285
-2.5397 0.0265 0.4412
-2.5476 0.0292 0.4541
-2.5547 0.0313 0.4672
-2.5616 0.0322 0.4805
-2.5684 0.0320 0.4941
-2.5752 0.0309 0.5076
-2.5819 0.0295 0.5205
-2.5884 0.0281 0.5320
-2.5951 0.0266 0.5430
-2.6019 0.0251 0.5532
-2.6090 0.0235 0.5624
-2.6166 0.0218 0.5709
-2.6248 0.0197 0.5788
-2.6334 0.0177 0.5859
-2.6430 0.0149 0.5929
-2.6534 0.0115 0.5999
-2.6646 0.0080 0.6068
-2.6763 0.0044 0.6136
-2.6882 0.0003 0.6206
-2.6999 -0.0043 0.6278
-2.7125 -0.0079 0.6352
-2.7254 -0.0108 0.6428
-2.7385 -0.0131 0.6506
-2.7518 -0.0147 0.6585
-2.7651 -0.0158 0.6666
-2.7784 -0.0170 0.6738
-2.7921 -0.0173 0.6816
-2.8063 -0.0171 0.6894
-2.8208 -0.0166 0.6971
-2.8358 -0.0158 0.7045
-2.8512 -0.0147 0.7117
-2.8679 -0.0125 0.7193
-2.8841 -0.0102 0.7256
-2.9002 -0.0075 0.7309
-2.9160 -0.0042 0.7351
-2.9313 -0.0004 0.7384
-2.9461 0.0034 0.7410
-2.9614 0.0085 0.7443
-2.9763 0.0115 0.7467
-2.9913 0.0127 0.7487
-3.0069 0.0123 0.7505
-3.0229 0.0108 0.7519
-3.0390 0.0087 0.7527
-3.0555 0.0083 0.7539
-3.0703 0.0078 0.7540
-3.0837 0.0081 0.7534
-3.0957 0.0092 0.7529
-3.1067 0.0107 0.7527
-3.1169 0.0123 0.7532
-3.1277 0.0150 0.7549
-3.1378 0.0159 0.7574
-3.1477 0.0156 0.7609
-3.1578 0.0143 0.7654
-3.1682 0.0123 0.7709
-3.1790 0.0104 0.7770
-3.1903 0.0089 0.7837
-3.2014 0.0061 0.7911
-3.2126 0.0029 0.7990
-3.2238 -0.0004 0.8072
-3.2349 -0.0035 0.8158
-3.2458 -0.0064 0.8245
-3.2565 -0.0088 0.8335
-3.2671 -0.0107 0.8427
-3.2776 -0.0120 0.8521
-3.2879 -0.0127 0.8617
-3.2982 -0.0126 0.8716
-3.3085 -0.0119 0.8817
-3.3190 -0.0118 0.8918
-3.3295 -0.0100 0.9024
-3.3399 -0.0072 0.9136
-3.3502 -0.0032 0.9251
-3.3598 0.0019 0.9366
-3.3685 0.0081 0.9477
-3.3765 0.0146 0.9581
-3.3835 0.0219 0.9681
-3.3900 0.0289 0.9777
-3.3962 0.0347 0.9871
-3.4027 0.0390 0.9965
-3.4096 0.0415 1.0061
-3.4154 0.0425 1.0152
-3.4222 0.0425 1.0244
-3.4291 0.0425 1.0329
-3.4355 0.0434 1.0401
-3.4412 0.0454 1.0458
-3.4462 0.0480 1.0499
-3.4511 0.0505 1.0528
-3.4569 0.0526 1.0549
-3.4637 0.0537 1.0562
-3.4716 0.0539 1.0567
-3.4806 0.0533 1.0563
-3.4905 0.0522 1.0548
-3.5018 0.0501 1.0528
-3.5134 0.0483 1.0493
-3.5255 0.0464 1.0445
-3.5377 0.0446 1.0385
-3.5498 0.0428 1.0313
-3.5613 0.0411 1.0228
-3.5719 0.0394 1.0130
-3.5817 0.0380 1.0025
-3.5903 0.0368 0.9914
-3.5976 0.0358 0.9797
-3.6036 0.0348 0.9676
-3.6083 0.0331 0.9554
-3.6118 0.0305 0.9432
-3.6141 0.0288 0.9304
-3.6152 0.0277 0.9173
-3.6147 0.0269 0.9041
-3.6127 0.0263 0.8911
-3.6095 0.0261 0.8788
-3.6054 0.0261 0.8678
-3.5985 0.0264 0.8570
-3.5897 0.0269 0.8468
-3.5796 0.0272 0.8376
-3.5685 0.0273 0.8291
-3.5566 0.0270 0.8215
-3.5462 0.0264 0.8157
-3.5340 0.0256 0.8096
-3.5211 0.0246 0.8037
-3.5077 0.0237 0.7979
-3.4939 0.0228 0.7924
-3.4804 0.0224 0.7878
-3.4674 0.0227 0.7844
-3.4528 0.0237 0.7803
-3.4374 0.0254 0.7764
-3.4219 0.0279 0.7729
-3.4064 0.0307 0.7699
-3.3913 0.0336 0.7673
-3.3790 0.0368 0.7680
-3.3658 0.0391 0.7671
-3.3529 0.0408 0.7655
-3.3404 0.0418 0.7636
-3.3284 0.0421 0.7612
-3.3177 0.0420 0.7593
-3.3084 0.0415 0.7581
-3.2975 0.0396 0.7549
-3.2859 0.0369 0.7508
-3.2738 0.0338 0.7463
-3.2613 0.0306 0.7418
-3.2493 0.0274 0.7376
-3.2380 0.0245 0.7340
-3.2249 0.0215 0.7301
-3.2110 0.0186 0.7262
-3.1965 0.0156 0.7223
-3.1816 0.0124 0.7181
-3.1672 0.0089 0.7137
-3.1536 0.0051 0.7087
-3.1381 0.0011 0.7031
-3.1218 -0.0027 0.6976
-3.1052 -0.0056 0.6925
-3.0886 -0.0075 0.6881
-3.0721 -0.0085 0.6843
-3.0588 -0.0088 0.6800
-3.0439 -0.0094 0.6760
-3.0285 -0.0103 0.6719
-3.0133 -0.0114 0.6674
-2.9982 -0.0122 0.6627
-2.9832 -0.0127 0.6578
-2.9707 -0.0146 0.6510
-2.9572 -0.0147 0.6453
-2.9437 -0.0141 0.6400
-2.9304 -0.0135 0.6347
-2.9174 -0.0133 0.6291
-2.9045 -0.0136 0.6231
-2.8926 -0.0142 0.6166
-2.8803 -0.0154 0.6099
-2.8680 -0.0170 0.6028
-2.8556 -0.0190 0.5954
-2.8433 -0.0213 0.5876
-2.8311 -0.0237 0.5794
-2.8175 -0.0255 0.5708
-2.8049 -0.0277 0.5618
-2.7925 -0.0299 0.5524
-2.7802 -0.0319 0.5427
-2.7677 -0.0335 0.5327
-2.7556 -0.0350 0.5224
-2.7440 -0.0364 0.5117
-2.7314 -0.0374 0.5007
-2.7184 -0.0381 0.4895
-2.7053 -0.0387 0.4779
-2.6919 -0.0393 0.4660
-2.6794 -0.0397 0.4536
-2.6681 -0.0401 0.4408
-2.6552 -0.0403 0.4275
-2.6416 -0.0404 0.4137
-2.6277 -0.0401 0.3997
-2.6137 -0.0388 0.3858
-2.6002 -0.0365 0.3722
-2.5876 -0.0332 0.3593
-2.5745 -0.0281 0.3469
-2.5615 -0.0222 0.3351
-2.5486 -0.0160 0.3237
-2.5358 -0.0103 0.3128
-2.5228 -0.0057 0.3021
-2.5114 -0.0010 0.2927
-2.4978 0.0014 0.2827
-2.4831 0.0025 0.2729
-2.4679 0.0028 0.2636
-2.4527 0.0031 0.2550
-2.4380 0.0038 0.2471
-2.4262 0.0050 0.2406
-2.4135 0.0068 0.2338
-2.4007 0.0086 0.2268
-2.3879 0.0100 0.2197
-2.3750 0.0106 0.2122
-2.3619 0.0104 0.2044
-2.3508 0.0093 0.1975
-2.3380 0.0078 0.1895
-2.3246 0.0061 0.1808
-2.3108 0.0041 0.1718
-2.2968 0.0019 0.1624
-2.2825 -0.0005 0.1527
-2.2693 -0.0010 0.1438
-2.2551 -0.0028 0.1341
-2.2405 -0.0047 0.1240
-2.2256 -0.0063 0.1137
-2.2106 -0.0076 0.1030
-2.1955 -0.0083 0.0919
-2.1821 -0.0109 0.0820
-2.1678 -0.0110 0.0705
-2.1535 -0.0098 0.0580
-2.1394 -0.0080 0.0447
-2.1256 -0.0057 0.0308
-2.1129 -0.0034 0.0168
-2.1014 -0.0014 0.0032
-2.0901 0.0017 -0.0111
-2.0794 0.0053 -0.0256
-2.0693 0.0090 -0.0401
-2.0597 0.0122 -0.0548
-2.0507 0.0145 -0.0698
-2.0421 0.0155 -0.0848
-2.0335 0.0160 -0.1009
-2.0254 0.0162 -0.1172
-2.0178 0.0167 -0.1330
-2.0110 0.0181 -0.1482
-2.0047 0.0198 -0.1625
-1.9982 0.0186 -0.1758
-1.9918 0.0188 -0.1888
-1.9851 0.0189 -0.2015
-1.9778 0.0182 -0.2139
-1.9697 0.0167 -0.2260
-1.9609 0.0145 -0.2379
-1.9526 0.0122 -0.2473
-1.9426 0.0091 -0.2581
-1.9314 0.0056 -0.2690
-1.9194 0.0021 -0.2799
-1.9066 -0.0013 -0.2905
-1.8933 -0.0045 -0.3007
-1.8803 -0.0064 -0.3114
-1.8665 -0.0083 -0.3212
-1.8521 -0.0098 -0.3307
-1.8374 -0.0108 -0.3398
-1.8223 -0.0114 -0.3486
-1.8068 -0.0116 -0.3572
-1.7905 -0.0117 -0.3666
-1.7739 -0.0111 -0.3751
-1.7572 -0.0098 -0.3830
-1.7406 -0.0077 -0.3901
-1.7244 -0.0047 -0.3964
-1.7089 -0.0011 -0.4020
-1.6944 0.0037 -0.4075
-1.6793 0.0073 -0.4124
-1.6633 0.0096 -0.4168
-1.6463 0.0103 -0.4209
-1.6286 0.0098 -0.4242
-1.6103 0.0091 -0.4272
-1.5922 0.0094 -0.4299
-1.5753 0.0103 -0.4304
-1.5595 0.0120 -0.4298
-1.5447 0.0142 -0.4288
-1.5305 0.0165 -0.4277
-1.5029 0.0195 -0.4265
-1.4888 0.0198 -0.4265
-1.4744 0.0193 -0.4271
-1.4596 0.0182 -0.4281
-1.4445 0.0167 -0.4294
-1.4286 0.0149 -0.4319
-1.4117 0.0129 -0.4357
-1.3957 0.0111 -0.4386
-1.3799 0.0093 -0.4415
-1.3640 0.0076 -0.4447
-1.3481 0.0058 -0.4482
-1.3320 0.0040 -0.4522
-1.3144 0.0026 -0.4590
-1.2975 0.0009 -0.4648
-1.2807 -0.0007 -0.4707
-1.2640 -0.0021 -0.4772
-1.2475 -0.0031 -0.4842
-1.2314 -0.0033 -0.4917
-1.2153 -0.0033 -0.5020
-1.2005 -0.0018 -0.5109
-1.1868 0.0008 -0.5192
-1.1741 0.0039 -0.5273
-1.1619 0.0069 -0.5353
-1.1497 0.0097 -0.5436
-1.1368 0.0118 -0.5525
-1.1239 0.0121 -0.5612
-1.1108 0.0111 -0.5701
-1.0978 0.0094 -0.5791
-1.0852 0.0082 -0.5879
-1.0735 0.0082 -0.5959
-1.0613 0.0069 -0.6036
-1.0504 0.0078 -0.6102
-1.0399 0.0094 -0.6160
-1.0293 0.0107 -0.6212
-1.0183 0.0114 -0.6258
-1.0062 0.0116 -0.6301
-0.9925 0.0113 -0.6340
-0.9792 0.0101 -0.6371
-0.9656 0.0084 -0.6395
-0.9516 0.0065 -0.6414
-0.9371 0.0045 -0.6428
-0.9214 0.0026 -0.6440
-0.9044 0.0009 -0.6453
-0.8882 -0.0010 -0.6455
-0.8721 -0.0028 -0.6453
-0.8559 -0.0045 -0.6447
-0.8394 -0.0061 -0.6440
-0.8228 -0.0076 -0.6430
-0.8040 -0.0091 -0.6431
-0.7862 -0.0101 -0.6420
-0.7684 -0.0105 -0.6403
-0.7504 -0.0104 -0.6380
-0.7325 -0.0094 -0.6351
-0.7151 -0.0072 -0.6316
-0.6965 -0.0028 -0.6290
-0.6806 0.0023 -0.6247
-0.6662 0.0077 -0.6196
-0.6523 0.0126 -0.6137
-0.6384 0.0164 -0.6070
-0.6243 0.0187 -0.5993
-0.6060 0.0200 -0.5931
-0.5911 0.0206 -0.5845
-0.5784 0.0214 -0.5749
-0.5675 0.0228 -0.5650
-0.5578 0.0248 -0.5550
-0.5491 0.0268 -0.5452
-0.5360 0.0289 -0.5380
-0.5264 0.0302 -0.5298
-0.5178 0.0306 -0.5215
-0.5093 0.0302 -0.5135
-0.5006 0.0290 -0.5057
-0.4902 0.0276 -0.4990
-0.4774 0.0264 -0.4936
-0.4667 0.0244 -0.4872
-0.4565 0.0221 -0.4806
-0.4462 0.0198 -0.4741
-0.4357 0.0174 -0.4678
-0.4228 0.0152 -0.4627
-0.4067 0.0132 -0.4591
-0.3938 0.0112 -0.4541
-0.3817 0.0094 -0.4487
-0.3698 0.0080 -0.4433
-0.3579 0.0068 -0.4380
-0.3447 0.0062 -0.4334
-0.3297 0.0061 -0.4296
-0.3164 0.0063 -0.4254
-0.3034 0.0071 -0.4211
-0.2903 0.0084 -0.4171
-0.2775 0.0104 -0.4134
-0.2656 0.0135 -0.4101
-0.2512 0.0161 -0.4073
-0.2407 0.0211 -0.4046
-0.2321 0.0268 -0.4019
-0.2241 0.0319 -0.3992
-0.2159 0.0355 -0.3962
-0.2069 0.0372 -0.3930
-0.1937 0.0364 -0.3901
-0.1819 0.0342 -0.3865
-0.1706 0.0313 -0.3824
-0.1603 0.0287 -0.3777
-0.1514 0.0275 -0.3723
-0.1439 0.0276 -0.3659
-0.1345 0.0282 -0.3589
-0.1281 0.0293 -0.3509
-0.1226 0.0300 -0.3422
-0.1173 0.0296 -0.3327
-0.1120 0.0281 -0.3226
-0.1067 0.0256 -0.3119
-0.0977 0.0229 -0.2999
-0.0915 0.0198 -0.2884
-0.0863 0.0166 -0.2770
-0.0817 0.0135 -0.2658
-0.0772 0.0107 -0.2548
-0.0714 0.0082 -0.2435
-0.0636 0.0060 -0.2316
-0.0584 0.0045 -0.2210
-0.0541 0.0034 -0.2110
-0.0502 0.0027 -0.2014
-0.0465 0.0022 -0.1920
-0.0415 0.0013 -0.1822
-0.0349 0.0001 -0.1716
-0.0303 -0.0008 -0.1620
-0.0264 -0.0015 -0.1527
-0.0229 -0.0019 -0.1437
-0.0195 -0.0020 -0.1350
-0.0155 -0.0023 -0.1260
-0.0104 -0.0032 -0.1165
-0.0062 -0.0031 -0.1081
-0.0023 -0.0024 -0.1004
0.0014 -0.0012 -0.0932
0.0050 0.0009 -0.0869
0.0093 0.0031 -0.0814
0.0146 0.0048 -0.0763
0.0189 0.0074 -0.0723
0.0227 0.0097 -0.0687
0.0265 0.0112 -0.0653
0.0300 0.0118 -0.0621
0.0333 0.0116 -0.0590
0.0372 0.0098 -0.0566
0.0398 0.0082 -0.0541
0.0416 0.0066 -0.0517
0.0426 0.0051 -0.0497
0.0430 0.0037 -0.0480
0.0425 0.0026 -0.0468
0.0422 -0.0021 -0.0461
0.0406 -0.0036 -0.0460
0.0381 -0.0037 -0.0465
0.0347 -0.0030 -0.0474
0.0308 -0.0019 -0.0487
0.0263 -0.0011 -0.0500
0.0216 -0.0024 -0.0514
0.0166 -0.0033 -0.0524
0.0115 -0.0043 -0.0530
0.0064 -0.0056 -0.0531
0.0014 -0.0071 -0.0529
-0.0033 -0.0089 -0.0526
-0.0078 -0.0111 -0.0522
-0.0117 -0.0122 -0.0512
-0.0151 -0.0125 -0.0501
-0.0179 -0.0123 -0.0488
-0.0202 -0.0118 -0.0473
-0.0220 -0.0110 -0.0458
-0.0235 -0.0103 -0.0444
-0.0247 -0.0094 -0.0424
-0.0255 -0.0085 -0.0402
-0.0261 -0.0078 -0.0376
-0.0265 -0.0072 -0.0349
-0.0269 -0.0068 -0.0322
-0.0272 -0.0066 -0.0297
-0.0274 -0.0059 -0.0270
-0.0274 -0.0051 -0.0243
-0.0273 -0.0043 -0.0217
-0.0270 -0.0035 -0.0190
-0.0267 -0.0024 -0.0163
-0.0268 -0.0017 -0.0138
-0.0265 -0.0008 -0.0109
-0.0259 -0.0002 -0.0078
-0.0253 0.0003 -0.0045
-0.0245 0.0009 -0.0013
-0.0236 0.0018 0.0016
-0.0229 0.0029 0.0040
-0.0218 0.0043 0.0062
-0.0204 0.0059 0.0082
-0.0188 0.0075 0.0098
-0.0170 0.0092 0.0113
-0.0151 0.0110 0.0124
-0.0138 0.0115 0.0143
-0.0121 0.0129 0.0152
-0.0104 0.0144 0.0159
-0.0089 0.0158 0.0165
-0.0076 0.0170 0.0173
-0.0064 0.0181 0.0181
-0.0053 0.0196 0.0183
-0.0044 0.0210 0.0188
-0.0038 0.0225 0.0193
-0.0033 0.0241 0.0196
-0.0028 0.0259 0.0199
-0.0022 0.0277 0.0201
-0.0021 0.0309 0.0191
-0.0015 0.0330 0.0191
-0.0007 0.0348 0.0195
0.0001 0.0363 0.0201
0.0011 0.0378 0.0209
0.0022 0.0392 0.0218
0.0031 0.0392 0.0231
0.0044 0.0400 0.0242
0.0057 0.0410 0.0254
0.0071 0.0421 0.0265
0.0086 0.0433 0.0275
0.0101 0.0442 0.0285
0.0116 0.0448 0.0295
0.0132 0.0455 0.0304
0.0150 0.0460 0.0314
0.0168 0.0465 0.0323
0.0185 0.0469 0.0332
0.0202 0.0474 0.0339
0.0215 0.0479 0.0347
0.0228 0.0485 0.0353
0.0240 0.0490 0.0358
0.0251 0.0495 0.0364
0.0260 0.0500 0.0370
0.0268 0.0503 0.0377
0.0274 0.0509 0.0382
0.0280 0.0514 0.0388
0.0285 0.0519 0.0394
0.0290 0.0522 0.0401
0.0294 0.0525 0.0408
0.0297 0.0526 0.0416
0.0299 0.0525 0.0424
0.0301 0.0524 0.0432
0.0302 0.0523 0.0441
0.0304 0.0522 0.0450
0.0305 0.0521 0.0459
0.0306 0.0521 0.0467
0.0306 0.0526 0.0475
0.0306 0.0528 0.0481
0.0306 0.0529 0.0487
0.0307 0.0529 0.0493
0.0307 0.0529 0.0499
0.0307 0.0527 0.0506
0.0306 0.0528 0.0510
0.0304 0.0527 0.0517
0.0302 0.0525 0.0524
0.0299 0.0524 0.0531
0.0297 0.0524 0.0537
0.0295 0.0525 0.0544
0.0295 0.0527 0.0552
0.0293 0.0529 0.0558
0.0292 0.0529 0.0562
0.0292 0.0530 0.0566
0.0291 0.0531 0.0569
0.0291 0.0535 0.0573
0.0291 0.0537 0.0574
0.0291 0.0522 0.0571
0.0290 0.0518 0.0570
0.0289 0.0518 0.0569
0.0288 0.0519 0.0568
0.0285 0.0520 0.0568
0.0283 0.0521 0.0568
0.0280 0.0523 0.0568
0.0277 0.0524 0.0568
0.0274 0.0525 0.0568
0.0271 0.0526 0.0567
0.0268 0.0528 0.0567
0.0265 0.0543 0.0567
0.0262 0.0549 0.0568
0.0258 0.0552 0.0569
0.0255 0.0554 0.0569
0.0251 0.0556 0.0570
0.0245 0.0555 0.0567
0.0240 0.0556 0.0566
0.0236 0.0558 0.0566
0.0231 0.0560 0.0567
0.0226 0.0561 0.0568
0.0222 0.0563 0.0569
0.0217 0.0565 0.0562
0.0212 0.0566 0.0561
0.0208 0.0566 0.0562
0.0205 0.0566 0.0562
0.0201 0.0566 0.0563
0.0198 0.0566 0.0563
0.0196 0.0567 0.0560
0.0193 0.0567 0.0560
0.0190 0.0567 0.0560
0.0188 0.0567 0.0560
0.0185 0.0568 0.0560
0.0184 0.0568 0.0561
0.0037 0.0465 0.0276
-0.0010 0.0432 0.0187
-0.0026 0.0422 0.0160
-0.0031 0.0419 0.0151
-0.0033 0.0419 0.0149
-0.0036 0.0420 0.0150
-0.0040 0.0422 0.0152
-0.0042 0.0423 0.0153
-0.0042 0.0424 0.0153
-0.0043 0.0425 0.0154
-0.0043 0.0425 0.0155
-0.0043 0.0424 0.0156
-0.0048 0.0412 0.0157
-0.0050 0.0408 0.0157
-0.0051 0.0406 0.0158
-0.0052 0.0405 0.0158
-0.0053 0.0404 0.0159
-0.0053 0.0403 0.0159
-0.0063 0.0412 0.0162
-0.0068 0.0414 0.0163
-0.0070 0.0413 0.0164
-0.0072 0.0413 0.0165
-0.0073 0.0414 0.0166
-0.0074 0.0414 0.0166
-0.0055 0.0409 0.0167
-0.0049 0.0408 0.0167
-0.0048 0.0407 0.0167
-0.0048 0.0406 0.0168
-0.0049 0.0405 0.0169
-0.0049 0.0403 0.0169
-0.0062 0.0400 0.0165
-0.0066 0.0398 0.0164
-0.0068 0.0396 0.0164
-0.0068 0.0395 0.0165
-0.0069 0.0393 0.0165
-0.0069 0.0392 0.0166
-0.0069 0.0392 0.0165
-0.0069 0.0392 0.0165
-0.0069 0.0392 0.0165
-0.0069 0.0392 0.0166
-0.0070 0.0392 0.0166
-0.0070 0.0393 0.0166
-0.0071 0.0392 0.0166
-0.0071 0.0391 0.0167
-0.0071 0.0391 0.0167
-0.0070 0.0390 0.0168
-0.0070 0.0389 0.0169
-0.0069 0.0389 0.0169
-0.0067 0.0391 0.0168
-0.0066 0.0391 0.0167
-0.0065 0.0392 0.0167
-0.0065 0.0394 0.0166
-0.0064 0.0395 0.0166
-0.0064 0.0396 0.0166
-0.0065 0.0394 0.0167
-0.0065 0.0393 0.0168
-0.0065 0.0393 0.0169
-0.0065 0.0393 0.0170
-0.0065 0.0392 0.0170
-0.0065 0.0392 0.0171
-0.0065 0.0392 0.0171
-0.0065 0.0392 0.0172
-0.0065 0.0391 0.0172
-0.0064 0.0391 0.0172
-0.0064 0.0390 0.0173
-0.0063 0.0389 0.0173
-0.0062 0.0389 0.0173
-0.0061 0.0387 0.0174
-0.0061 0.0386 0.0175
-0.0061 0.0385 0.0176
-0.0062 0.0385 0.0177
-0.0062 0.0385 0.0177
-0.0063 0.0384 0.0178
-0.0063 0.0385 0.0178
-0.0063 0.0385 0.0179
-0.0063 0.0386 0.0179
-0.0063 0.0386 0.0180
-0.0063 0.0386 0.0181
-0.0063 0.0387 0.0182
-0.0063 0.0387 0.0182
-0.0063 0.0387 0.0183
-0.0063 0.0387 0.0183
-0.0064 0.0387 0.0184
-0.0064 0.0387 0.0184
-0.0063 0.0390 0.0185
-0.0063 0.0391 0.0185
-0.0063 0.0391 0.0185
-0.0064 0.0391 0.0186
-0.0064 0.0392 0.0186
-0.0065 0.0392 0.0186
-0.0067 0.0393 0.0185
-0.0068 0.0394 0.0185
-0.0068 0.0394 0.0185
-0.0068 0.0395 0.0186
-0.0068 0.0395 0.0186
-0.0068 0.0396 0.0187
-0.0068 0.0395 0.0187
-0.0068 0.0395 0.0187
-0.0068 0.0395 0.0188
-0.0068 0.0395 0.0189
-0.0067 0.0396 0.0189
-0.0067 0.0396 0.0189
-0.0067 0.0398 0.0189
-0.0066 0.0399 0.0189
-0.0066 0.0399 0.0189
-0.0065 0.0400 0.0189
-0.0065 0.0400 0.0189
-0.0065 0.0401 0.0189
-0.0064 0.0400 0.0189
-0.0063 0.0400 0.0189
-0.0063 0.0400 0.0189
-0.0063 0.0400 0.0189
-0.0063 0.0400 0.0189
-0.0063 0.0400 0.0189
-0.0062 0.0404 0.0190
-0.0061 0.0405 0.0190
-0.0061 0.0406 0.0190
-0.0061 0.0406 0.0190
-0.0061 0.0406 0.0190
-0.0061 0.0406 0.0190
-0.0062 0.0405 0.0190
-0.0063 0.0405 0.0191
-0.0063 0.0404 0.0191
-0.0064 0.0403 0.0191
-0.0065 0.0403 0.0191
-0.0065 0.0404 0.0191
-0.0064 0.0407 0.0191
-0.0064 0.0409 0.0191
-0.0064 0.0409 0.0191
-0.0065 0.0410 0.0190
-0.0066 0.0410 0.0191
-0.0066 0.0410 0.0191
-0.0067 0.0411 0.0192
-0.0068 0.0411 0.0192
-0.0068 0.0412 0.0192
-0.0068 0.0412 0.0192
-0.0068 0.0412 0.0192
-0.0068 0.0412 0.0192
-0.0067 0.0414 0.0192
-0.0067 0.0414 0.0192
-0.0067 0.0415 0.0192
-0.0066 0.0416 0.0191
-0.0066 0.0417 0.0190
-0.0065 0.0418 0.0190
-0.0064 0.0418 0.0190
-0.0063 0.0418 0.0189
-0.0063 0.0418 0.0189
-0.0062 0.0418 0.0189
-0.0061 0.0418 0.0188
-0.0061 0.0418 0.0188
-0.0059 0.0418 0.0187
-0.0058 0.0418 0.0186
-0.0057 0.0419 0.0185
-0.0057 0.0420 0.0185
-0.0056 0.0420 0.0184
-0.0055 0.0421 0.0182
-0.0054 0.0420 0.0181
-0.0053 0.0420 0.0179

