0.0000 0.0000 0.0000
0.0000 0.0000 0.0000
0.0000 0.0000 0.0000
0.0000 0.0000 0.0000
0.0000 0.0000 0.0000
0.0000 0.0000 0.0000
0.0000 0.0000 0.0000
0.0000 0.0000 0.0000
0.0000 0.0000 0.0000
0.0000 0.0000 0.0000
0.0000 0.0000 0.0000
0.0000 0.0000 0.0000
0.0906 -0.5694 -0.8009
0.0923 -0.5718 -0.7920
0.0935 -0.5742 -0.7889
0.0909 -0.5789 -0.7793
0.0849 -0.5808 -0.7717
0.0849 -0.5808 -0.7717
0.0798 -0.5825 -0.7653
0.0788 -0.5865 -0.7678
0.0772 -0.5897 -0.7733
0.0752 -0.5869 -0.7778
0.0801 -0.5856 -0.7789
0.0801 -0.5856 -0.7789
0.0919 -0.5913 -0.7959
0.0913 -0.5873 -0.8037
0.0957 -0.5893 -0.8041
0.0957 -0.5920 -0.8081
0.0927 -0.5923 -0.8079
0.0927 -0.5923 -0.8079
0.0897 -0.5876 -0.7952
0.0956 -0.5924 -0.7854
0.0993 -0.5913 -0.7762
0.0957 -0.5919 -0.7811
0.0887 -0.5881 -0.7712
0.0887 -0.5881 -0.7712
0.0900 -0.5904 -0.7710
0.0961 -0.5932 -0.7688
0.0910 -0.5860 -0.7718
0.0905 -0.5845 -0.7760
0.0906 -0.5855 -0.7889
0.0906 -0.5855 -0.7889
0.0925 -0.5790 -0.7918
0.0944 -0.5774 -0.7903
0.0935 -0.5798 -0.7834
0.0949 -0.5832 -0.7784
0.0949 -0.5832 -0.7784
0.0898 -0.5883 -0.7710
0.0885 -0.5955 -0.7817
0.0839 -0.5970 -0.7836
0.0797 -0.6013 -0.7869
0.0804 -0.6068 -0.7926
0.0804 -0.6068 -0.7926
0.0830 -0.6038 -0.7945
0.0846 -0.6003 -0.7947
0.0923 -0.5936 -0.7862
0.0996 -0.5991 -0.7810
0.0983 -0.6009 -0.7768
0.0983 -0.6009 -0.7768
0.0966 -0.5968 -0.7710
0.0915 -0.5965 -0.7751
0.0862 -0.5946 -0.7722
0.0768 -0.5948 -0.7852
0.0676 -0.6055 -0.7882
0.0676 -0.6055 -0.7882
0.0723 -0.6237 -0.7987
0.0839 -0.6574 -0.8150
0.1009 -0.7011 -0.8697
0.0977 -0.7118 -0.9197
0.1013 -0.7289 -0.9803
0.1013 -0.7289 -0.9803
0.1067 -0.7568 -1.0069
0.1163 -0.7876 -0.9608
0.1284 -0.8280 -0.9079
0.1298 -0.8165 -0.8771
0.1298 -0.8165 -0.8771
0.1154 -0.7633 -0.7956
0.1251 -0.6976 -0.7082
0.1625 -0.6615 -0.6295
0.1869 -0.6189 -0.5364
0.2059 -0.5950 -0.4931
0.2059 -0.5950 -0.4931
0.1994 -0.5835 -0.5031
0.1525 -0.5743 -0.4982
0.1128 -0.5730 -0.4850
0.1144 -0.6124 -0.4869
0.1056 -0.6454 -0.4963
0.1056 -0.6454 -0.4963
0.0854 -0.6682 -0.5375
0.0601 -0.6895 -0.5382
0.0323 -0.6871 -0.5705
-0.0526 -0.6023 -0.6514
0.0263 -0.8083 -0.7555
0.0263 -0.8083 -0.7555
0.0018 -0.7657 -0.6335
-0.0268 -0.7683 -0.6021
-0.0471 -0.7502 -0.6234
-0.0664 -0.7253 -0.6382
-0.0633 -0.7886 -0.6303
-0.0633 -0.7886 -0.6303
-0.0549 -0.7782 -0.6582
-0.0398 -0.7493 -0.6184
-0.0323 -0.7458 -0.6154
-0.0202 -0.7591 -0.6511
-0.0202 -0.7591 -0.6511
-0.0192 -0.7589 -0.6543
-0.0182 -0.7633 -0.6407
-0.0170 -0.7524 -0.5941
-0.0019 -0.7435 -0.6166
-0.0056 -0.7474 -0.6046
-0.0338 -0.7790 -0.5334
-0.0338 -0.7790 -0.5334
-0.0685 -0.7224 -0.6333
-0.0518 -0.7478 -0.7071
-0.0418 -0.7471 -0.6401
-0.0422 -0.7504 -0.5980
-0.0422 -0.7504 -0.5980
-0.0291 -0.7395 -0.6718
-0.0121 -0.7522 -0.6563
-0.0140 -0.7577 -0.6146
-0.0197 -0.7845 -0.5864
-0.0501 -0.8045 -0.5789
-0.0501 -0.8045 -0.5789
-0.0616 -0.7854 -0.6728
-0.0308 -0.8521 -0.6043
-0.0646 -0.8149 -0.6343
-0.1431 -0.7941 -0.6302
-0.1002 -0.9151 -0.6577
-0.1002 -0.9151 -0.6577
-0.0715 -0.8799 -0.6363
-0.0765 -0.8028 -0.6833
-0.0463 -0.8252 -0.7103
-0.0219 -0.8248 -0.7133
-0.0219 -0.8248 -0.7133
-0.0072 -0.8070 -0.7080
0.0119 -0.7980 -0.7035
0.0249 -0.7727 -0.6792
0.0457 -0.7623 -0.6703
0.0555 -0.7432 -0.6456
0.0555 -0.7432 -0.6456
0.0666 -0.7319 -0.6312
0.0699 -0.7353 -0.6146
0.0246 -0.7232 -0.6054
0.0464 -0.7449 -0.6243
0.0400 -0.7300 -0.6187
0.0400 -0.7300 -0.6187
0.0421 -0.7523 -0.6200
0.0383 -0.7658 -0.6017
0.0351 -0.7330 -0.5605
0.0555 -0.7738 -0.5921
0.0412 -0.7543 -0.5811
0.0412 -0.7543 -0.5811
0.0011 -0.7656 -0.5733
0.0088 -0.8131 -0.5692
0.0281 -0.7997 -0.5463
0.0340 -0.7807 -0.5189
0.0354 -0.7875 -0.5045
0.0354 -0.7875 -0.5045
0.0272 -0.7970 -0.4695
0.0406 -0.7840 -0.4786
0.0177 -0.7984 -0.5172
-0.0092 -0.8069 -0.5242
-0.0092 -0.8069 -0.5242
-0.0264 -0.8091 -0.5134
-0.0126 -0.8182 -0.4995
-0.0012 -0.8284 -0.5077
0.0145 -0.8305 -0.5185
0.0057 -0.8107 -0.5204
0.0057 -0.8107 -0.5204
0.0307 -0.8137 -0.5081
0.0199 -0.8154 -0.5056
0.0086 -0.8200 -0.5006
-0.0025 -0.8315 -0.5142
-0.0156 -0.8186 -0.4757
-0.0156 -0.8186 -0.4757
-0.0132 -0.8272 -0.4852
0.0002 -0.8487 -0.5439
0.0006 -0.8212 -0.5457
-0.0064 -0.8080 -0.5728
0.0132 -0.8176 -0.5805
0.0132 -0.8176 -0.5805
0.0258 -0.8046 -0.5827
0.0273 -0.7978 -0.5928
0.0080 -0.8015 -0.6026
0.0054 -0.7962 -0.5981
0.0054 -0.7962 -0.5981
0.0089 -0.7989 -0.6054
0.0053 -0.7979 -0.6161
0.0020 -0.7902 -0.6105
0.0029 -0.7912 -0.5969
-0.0038 -0.7854 -0.5913
-0.0038 -0.7854 -0.5913
0.0007 -0.8009 -0.5885
0.0009 -0.7969 -0.5779
-0.0050 -0.7912 -0.6097
0.0081 -0.7863 -0.5987
-0.0002 -0.7753 -0.5907
-0.0002 -0.7753 -0.5907
-0.0038 -0.7691 -0.5744
-0.0085 -0.7768 -0.5962
-0.0068 -0.7718 -0.5996
0.0007 -0.7630 -0.5858
-0.0021 -0.7757 -0.5975
-0.0021 -0.7757 -0.5975
-0.0037 -0.7661 -0.5994
0.0013 -0.7609 -0.6165
0.0006 -0.7532 -0.5871
-0.0026 -0.7564 -0.5899
0.0001 -0.7605 -0.5960
0.0001 -0.7605 -0.5960
0.0002 -0.7599 -0.5963
0.0009 -0.7593 -0.5868
0.0119 -0.7689 -0.5923
0.0163 -0.7659 -0.5971
0.0163 -0.7659 -0.5971
0.0137 -0.7555 -0.6091
0.0146 -0.7681 -0.6102
0.0121 -0.7624 -0.5987
0.0154 -0.7586 -0.6093
0.0176 -0.7608 -0.6098
0.0176 -0.7608 -0.6098
0.0183 -0.7525 -0.6316
0.0422 -0.7245 -0.6223
0.0055 -0.7704 -0.6816
0.0221 -0.7380 -0.6585
-0.0057 -0.7539 -0.6575
-0.0057 -0.7539 -0.6575
0.0124 -0.7734 -0.6762
-0.0097 -0.7632 -0.6642
0.0087 -0.7546 -0.6790
0.0093 -0.7663 -0.6863
0.0158 -0.7506 -0.6754
0.0158 -0.7506 -0.6754
0.0180 -0.7509 -0.6727
0.0190 -0.7538 -0.6654
0.0168 -0.7573 -0.6561
0.0246 -0.7532 -0.6508
0.0330 -0.7554 -0.6559
0.0330 -0.7554 -0.6559
0.0294 -0.7597 -0.6395
0.0173 -0.7614 -0.6237
0.0132 -0.7640 -0.6211
0.0105 -0.7693 -0.6098
0.0105 -0.7693 -0.6098
0.0094 -0.7620 -0.5876
0.0076 -0.7789 -0.5917
0.0002 -0.7758 -0.5911
0.0040 -0.7715 -0.5835
0.0030 -0.7720 -0.5592
0.0030 -0.7720 -0.5592
0.0040 -0.7826 -0.5603
0.0162 -0.7934 -0.5768
0.0212 -0.7886 -0.5789
0.0226 -0.7979 -0.5770
0.0277 -0.7998 -0.5917
0.0277 -0.7998 -0.5917
0.0353 -0.7900 -0.5999
0.0395 -0.7948 -0.5971
0.0276 -0.8057 -0.5832
0.0219 -0.8112 -0.5771
0.0289 -0.8182 -0.5777
0.0289 -0.8182 -0.5777
0.0299 -0.8316 -0.5699
0.0280 -0.8251 -0.5602
0.0197 -0.8257 -0.5468
0.0184 -0.8118 -0.5408
0.0234 -0.8258 -0.5463
0.0234 -0.8258 -0.5463
0.0259 -0.8224 -0.5654
0.0234 -0.8146 -0.5628
0.0259 -0.8077 -0.5428
0.0326 -0.8156 -0.5460
0.0326 -0.8156 -0.5460
0.0323 -0.8282 -0.5511
0.0361 -0.8175 -0.5626
0.0433 -0.8231 -0.5845
0.0383 -0.8174 -0.5675
0.0409 -0.8219 -0.5483
0.0409 -0.8219 -0.5483
0.0469 -0.8278 -0.5486
0.0482 -0.8315 -0.5567
0.0491 -0.8180 -0.5524
0.0512 -0.8205 -0.5432
0.0469 -0.8243 -0.5295
0.0469 -0.8243 -0.5295
0.0480 -0.8309 -0.5235
0.0452 -0.8274 -0.5284
0.0405 -0.8313 -0.5308
0.0373 -0.8290 -0.5238
0.0425 -0.8371 -0.5269
0.0425 -0.8371 -0.5269
0.0439 -0.8352 -0.5363
0.0435 -0.8288 -0.5418
0.0424 -0.8248 -0.5475
0.0480 -0.8300 -0.5458
0.0431 -0.8376 -0.5498
0.0431 -0.8376 -0.5498
0.0391 -0.8325 -0.5389
0.0407 -0.8353 -0.5376
0.0393 -0.8332 -0.5284
0.0375 -0.8361 -0.5254
0.0375 -0.8361 -0.5254
0.0431 -0.8365 -0.5258
0.0423 -0.8340 -0.5241
0.0388 -0.8281 -0.5207
0.0407 -0.8390 -0.5195
0.0404 -0.8440 -0.5193
0.0404 -0.8440 -0.5193
0.0466 -0.8336 -0.5221
0.0466 -0.8306 -0.5216
0.0392 -0.8361 -0.5205
0.0469 -0.8417 -0.5306
0.0406 -0.8354 -0.5338
0.0406 -0.8354 -0.5338
0.0359 -0.8363 -0.5299
0.0390 -0.8345 -0.5246
0.0389 -0.8356 -0.5200
0.0366 -0.8330 -0.5162
0.0351 -0.8338 -0.5131
0.0351 -0.8338 -0.5131
0.0330 -0.8354 -0.5109
0.0362 -0.8351 -0.5146
0.0361 -0.8325 -0.5175
0.0342 -0.8388 -0.5189
0.0342 -0.8388 -0.5189
0.0365 -0.8366 -0.5176
0.0368 -0.8387 -0.5196
0.0288 -0.8424 -0.5266
0.0307 -0.8404 -0.5256
0.0353 -0.8346 -0.5245
0.0353 -0.8346 -0.5245
0.0374 -0.8354 -0.5297
0.0335 -0.8392 -0.5305
0.0304 -0.8339 -0.5245
0.0278 -0.8332 -0.5201
0.0284 -0.8370 -0.5245
0.0284 -0.8370 -0.5245
0.0300 -0.8373 -0.5305
0.0332 -0.8343 -0.5247
0.0284 -0.8355 -0.5162
0.0282 -0.8391 -0.5214
0.0299 -0.8393 -0.5255
0.0299 -0.8393 -0.5255
0.0326 -0.8430 -0.5293
0.0335 -0.8397 -0.5237
0.0308 -0.8349 -0.5196
0.0275 -0.8420 -0.5244
0.0210 -0.8442 -0.5235
0.0210 -0.8442 -0.5235
0.0260 -0.8447 -0.5237
0.0294 -0.8365 -0.5217
0.0283 -0.8357 -0.5268
0.0278 -0.8387 -0.5374
0.0278 -0.8387 -0.5374
0.0318 -0.8415 -0.5328
0.0311 -0.8389 -0.5221
0.0262 -0.8373 -0.5052
0.0251 -0.8451 -0.5078
0.0319 -0.8429 -0.5131
0.0319 -0.8429 -0.5131
0.0349 -0.8387 -0.5190
0.0265 -0.8384 -0.5233
0.0265 -0.8415 -0.5250
0.0281 -0.8470 -0.5179
0.0284 -0.8426 -0.5104
0.0284 -0.8426 -0.5104
0.0238 -0.8352 -0.5047
0.0227 -0.8430 -0.5098
0.0273 -0.8499 -0.5172
0.0273 -0.8443 -0.5181
0.0292 -0.8439 -0.5120
0.0292 -0.8439 -0.5120
0.0269 -0.8427 -0.5087
0.0242 -0.8429 -0.5044
0.0238 -0.8448 -0.5073
0.0231 -0.8400 -0.5139
0.0233 -0.8468 -0.5124
0.0233 -0.8468 -0.5124
0.0257 -0.8424 -0.5147
0.0253 -0.8419 -0.5102
0.0196 -0.8403 -0.5052
0.0214 -0.8515 -0.5032
0.0214 -0.8515 -0.5032
0.0282 -0.8547 -0.5112
0.0279 -0.8462 -0.5111
0.0269 -0.8442 -0.5082
0.0279 -0.8482 -0.5073
0.0248 -0.8448 -0.5011
0.0248 -0.8448 -0.5011
0.0185 -0.8438 -0.5079
0.0205 -0.8446 -0.5094
0.0243 -0.8415 -0.5136
0.0209 -0.8416 -0.5083
0.0183 -0.8430 -0.5011
0.0183 -0.8430 -0.5011
0.0228 -0.8497 -0.5100
0.0253 -0.8418 -0.5038
0.0311 -0.8449 -0.5013
0.0250 -0.8455 -0.5027
0.0234 -0.8495 -0.5028
0.0234 -0.8495 -0.5028
0.0261 -0.8482 -0.5129
0.0214 -0.8504 -0.5155
0.0231 -0.8438 -0.5161
0.0291 -0.8496 -0.5139
0.0291 -0.8496 -0.5139
0.0204 -0.8448 -0.5194
0.0208 -0.8462 -0.5203
0.0208 -0.8397 -0.5112
0.0175 -0.8444 -0.5127
0.0207 -0.8456 -0.5096
0.0207 -0.8456 -0.5096
0.0230 -0.8479 -0.5002
0.0201 -0.8497 -0.5027
0.0203 -0.8454 -0.5164
0.0166 -0.8463 -0.5225
0.0234 -0.8400 -0.5192
0.0234 -0.8400 -0.5192
0.0261 -0.8428 -0.5145
0.0226 -0.8432 -0.5086
0.0179 -0.8442 -0.5119
0.0195 -0.8497 -0.5126
0.0179 -0.8491 -0.5030
0.0179 -0.8491 -0.5030
0.0212 -0.8470 -0.5065
0.0242 -0.8452 -0.5095
0.0250 -0.8437 -0.5104
0.0228 -0.8449 -0.5182
0.0173 -0.8513 -0.5143
0.0173 -0.8513 -0.5143
0.0188 -0.8445 -0.5062
0.0225 -0.8451 -0.5090
0.0224 -0.8439 -0.5083
0.0189 -0.8434 -0.5052
0.0189 -0.8434 -0.5052
0.0253 -0.8486 -0.5152
0.0273 -0.8486 -0.5194
0.0214 -0.8476 -0.5167
0.0163 -0.8477 -0.5173
0.0147 -0.8488 -0.5165
0.0147 -0.8488 -0.5165
0.0169 -0.8526 -0.5198

