0.0343 -0.0006 0.0059
0.0275 0.0109 -0.0006
0.0215 0.0143 -0.0024
0.0201 0.0124 0.0047
0.0227 0.0153 0.0055
0.0323 0.0154 0.0019
0.0334 0.0196 -0.0028
0.0299 0.0170 -0.0016
0.0026 0.0051 0.0115
-0.0168 0.0064 0.0176
-0.0052 0.0124 0.0122
0.0153 0.0065 0.0091
0.0197 0.0129 0.0079
0.0004 0.0218 0.0084
-0.0138 0.0034 0.0163
-0.0082 -0.0143 0.0087
0.0143 -0.0326 0.0021
0.0281 0.0024 0.0057
0.0251 0.0235 0.0095
0.0007 0.0261 0.0121
-0.0159 -0.0123 0.0052
-0.0109 -0.0314 0.0081
0.0124 -0.0216 0.0194
0.0125 0.0184 0.0306
0.0093 0.0327 0.0369
0.0262 0.0462 0.0322
0.0434 0.0266 0.0225
0.0385 0.0182 0.0255
0.0160 0.0192 0.0251
0.0156 0.0246 0.0136
0.0253 0.0257 0.0158
0.0296 0.0343 0.0146
0.0100 0.0205 0.0154
0.0040 0.0037 0.0182
0.0137 0.0102 0.0064
0.0402 0.0258 -0.0011
0.0361 0.0288 -0.0039
0.0069 0.0091 -0.0053
-0.0024 -0.0084 -0.0029
0.0042 -0.0078 -0.0058
0.0261 0.0088 -0.0100
0.0266 -0.0384 -0.0053
0.0222 -0.0294 -0.0059
-0.0109 0.0366 -0.0056
-0.0260 0.0326 0.0007
-0.0268 0.0073 -0.0029
0.0027 0.0071 -0.0100
0.0253 0.0106 -0.0041
0.0271 0.0040 0.0073
0.0025 0.0109 0.0097
0.0055 0.0081 0.0008
0.0332 -0.0232 -0.0181
0.0307 -0.0257 -0.0097
0.0085 -0.0211 0.0025
-0.0249 -0.0037 0.0127
0.0080 -0.0002 -0.0013
0.0307 -0.0024 -0.0049
0.0402 0.0025 -0.0047
0.0124 0.0069 0.0058
0.0027 0.0005 0.0106
0.0068 -0.0137 0.0060
0.0348 -0.0103 0.0051
0.0364 -0.0005 0.0064
0.0285 0.0150 0.0152
0.0200 0.0179 0.0189
0.0078 0.0129 0.0136
0.0009 -0.0120 0.0172
0.0034 -0.0072 0.0090
-0.0010 0.0027 0.0099
0.0095 0.0261 0.0104
0.0148 0.0326 0.0066
0.0007 0.0123 -0.0005
-0.0171 0.0061 -0.0034
-0.0264 0.0092 -0.0023
-0.0112 0.0025 -0.0056
0.0143 0.0015 -0.0119
0.0100 0.0019 -0.0098
-0.0186 0.0094 0.0009
-0.0217 -0.0068 0.0101
-0.0126 -0.0174 0.0087
-0.0004 -0.0217 0.0095
0.0023 0.0074 0.0105
0.0049 0.0272 0.0067
0.0221 0.0578 0.0073
0.0330 0.0726 -0.0059
0.0291 0.0837 -0.0123
0.0833 0.0917 -0.0683
0.0313 -0.0591 -0.0266
-0.0169 -0.0599 0.0091
-0.1254 -0.0034 0.0662
-0.0856 0.0396 0.0802
-0.0284 0.0678 0.0562
0.1165 0.0831 -0.0046
0.0638 -0.0359 0.0456
-0.0191 -0.0041 0.0162
-0.0191 -0.0041 0.0162
-0.0195 -0.0129 0.0185
0.0207 0.0059 0.0198
0.0025 0.0339 0.0168
-0.0271 0.0256 0.0278
-0.0756 0.0036 0.0313
-0.0541 -0.0114 0.0278
-0.0267 -0.0059 0.0217
0.0156 0.0220 0.0190
-0.0004 0.0464 0.0217
-0.0244 0.0434 0.0274
-0.0512 0.0303 0.0413
-0.0413 0.0326 0.0338
-0.0446 0.0357 0.0346
-0.0667 0.0349 0.0362
-0.0828 0.0545 0.0319
-0.0871 0.0653 0.0294
-0.1075 0.0780 0.0382
-0.1442 0.0735 0.0358
-0.1526 0.0620 0.0341
-0.1437 0.0627 0.0384
-0.1382 0.0678 0.0483
-0.1385 0.0825 0.0451
-0.1436 0.0992 0.0631
-0.1547 0.0992 0.0661
-0.1833 0.1032 0.0942
-0.2022 0.1580 0.1037
-0.2370 0.2290 0.0980
-0.2691 0.2573 0.0954
-0.3251 0.3053 0.1014
-0.3213 0.3266 0.0984
-0.3020 0.2760 0.0651
-0.3010 0.2193 0.0432
-0.3098 0.2206 0.0357
-0.3527 0.2725 0.0347
-0.4182 0.3235 0.0893
-0.4502 0.3338 0.1084
-0.4660 0.3693 0.1478
-0.4662 0.4395 0.1865
-0.4748 0.4923 0.2118
-0.4663 0.5775 0.2803
-0.4535 0.6438 0.3156
-0.4678 0.6513 0.3315
-0.5385 0.6557 0.3583
-0.5918 0.6597 0.3381
-0.5996 0.6784 0.3297
-0.5846 0.7157 0.3197
-0.5958 0.7354 0.3277
-0.6142 0.7215 0.3589
-0.6855 0.6947 0.4345
-0.7152 0.6786 0.4677
-0.7487 0.6179 0.5539
-0.7437 0.5397 0.6196
-0.7150 0.4921 0.6488
-0.6437 0.4037 0.6887
-0.6300 0.2805 0.6923
-0.6447 0.2471 0.6940
-0.7284 0.2604 0.7190
-0.8263 0.3595 0.7533
-0.8681 0.4746 0.7859
-0.8586 0.5081 0.7992
-0.8072 0.5120 0.7961
-0.7931 0.4745 0.7953
-0.7614 0.4329 0.8184
-0.7533 0.4478 0.8550
-0.7605 0.4361 0.8745
-0.6755 0.3716 0.9534
-0.6438 0.3770 0.9340
-0.6578 0.3526 0.9362
-0.6926 0.2976 0.9562
-0.6777 0.2741 0.9307
-0.6447 0.2703 0.9113
-0.5486 0.2411 0.8776
-0.4168 0.2227 0.8805
-0.3855 0.2443 0.8252
-0.4120 0.3552 0.6711
-0.5515 0.4762 0.5376
-0.6382 0.5554 0.4839
-0.7977 0.7238 0.3911
-0.8649 0.7641 0.3419
-0.8263 0.7072 0.2933
-0.6653 0.6732 0.3117
-0.7713 0.5085 0.3663
-0.9542 0.4429 0.3998
-1.3689 0.3517 0.4600
-1.5036 0.3361 0.4998
-1.4455 0.2304 0.5631
-0.9979 0.1089 0.5795
-0.3960 -0.0635 0.5296
-0.1463 -0.1224 0.4850
0.0772 -0.1863 0.4085
0.0892 -0.1773 0.3822
0.0364 0.0337 0.2894
-0.0444 0.3380 0.2117
-0.1553 0.5458 0.1844
-0.2123 0.6297 0.1789
-0.3106 0.6787 0.1751
-0.3280 0.6603 0.1920
-0.2783 0.6192 0.2625
-0.1305 0.6039 0.3552
-0.0605 0.5839 0.3996
-0.0006 0.4754 0.5088
-0.0204 0.3489 0.6113
-0.0440 0.2650 0.6515
-0.0688 0.1629 0.6790
-0.0875 0.0611 0.6624
-0.0870 0.0384 0.6514
-0.0858 0.0355 0.6258
-0.0906 0.0887 0.5736
-0.0933 0.1028 0.5335
-0.0661 0.1602 0.4431
-0.0175 0.0959 0.3724
0.0215 0.0563 0.3511
0.1378 -0.0035 0.3332
0.1969 -0.0181 0.3234
0.2635 -0.0900 0.3024
0.2949 -0.0528 0.2934
0.3314 -0.0141 0.2985
0.3626 0.0110 0.3012
0.4335 0.0696 0.2982
0.4651 0.1447 0.2913
0.4420 0.1915 0.2952
0.3377 0.3282 0.3148
0.2710 0.4303 0.3157
0.1472 0.6068 0.3331
0.0423 0.7053 0.4303
0.0017 0.7287 0.4851
-0.1395 0.7575 0.5501
-0.4810 0.4833 0.6283
-0.6304 0.3408 0.7090
-0.6223 0.2529 0.8364
-0.2649 0.3212 0.8951
0.0236 0.4849 0.9773
0.0560 0.5857 1.0448
-0.0064 0.6527 1.1128
-0.3437 0.7104 1.2652
-0.6825 0.5662 1.2443
-0.8002 0.4483 1.1588
-0.8731 0.1849 0.9933
-0.6952 0.0501 0.9274
-0.4127 -0.0915 0.9224
-0.3160 -0.1289 0.9312
-0.2822 -0.2190 0.9195
-0.3410 -0.2168 0.9137
-0.4547 -0.2993 0.8993
-0.4093 -0.4306 0.8566
-0.2179 -0.4312 0.7032
-0.2247 -0.6562 0.2731
-0.0987 -0.2235 -0.3017
-0.0119 -0.3612 -0.0808
0.1283 -0.2808 0.0359
0.1972 0.0889 -0.0434
0.1785 0.1942 -0.0285
0.0736 0.3225 -0.0273
-0.0477 0.3550 -0.0604
-0.1126 0.3481 -0.0841
-0.1562 0.2219 -0.1610
-0.0432 0.0387 -0.2798
0.0193 -0.0947 -0.3818
0.1093 -0.3713 -0.5716
0.1128 -0.5654 -0.7123
0.0862 -0.5888 -0.7662
0.0611 -0.5058 -0.8385
0.0868 -0.4439 -0.8577
0.2233 -0.3651 -0.8467
0.4137 -0.2268 -0.7897
0.4761 -0.1360 -0.7573
0.3926 -0.2359 -0.7612
0.0589 -0.6771 -0.7575
-0.0989 -0.9153 -0.7334
-0.1884 -1.3024 -0.6465
0.1617 -1.3945 -0.5461
0.7150 -1.5848 -0.5828
1.0923 -1.6407 -0.7408
1.1659 -1.6597 -0.8863
1.1643 -1.7114 -1.0171
0.9877 -1.7271 -1.1531
0.6264 -1.5512 -1.1362
0.3874 -1.3404 -1.1575
-0.1115 -0.7240 -1.5367
-0.4240 0.1607 -2.8962
-0.3463 0.5046 -3.4093
0.0346 0.5878 -3.8433
0.3719 0.6405 -3.5558
0.4284 0.6221 -3.2937
0.2968 0.4284 -2.7256
0.0383 0.0864 -2.2507
-0.0506 -0.0138 -2.0727
-0.1739 0.0494 -1.8463
-0.2522 0.0819 -1.7844
-0.4183 0.3114 -1.6504
-0.6091 0.5106 -1.4995
-0.6647 0.5258 -1.4105
-0.6659 0.5125 -1.1978
-0.5096 0.3478 -0.9121
-0.1296 0.1456 -0.5627
0.1360 0.1026 -0.4327
0.6632 -0.0662 -0.3837
0.7999 -0.1531 -0.3525
0.8501 -0.2515 -0.2721
0.7330 -0.2896 -0.1375
0.5508 -0.2031 0.0405
0.4834 -0.0792 0.1487
0.3672 0.2072 0.3800
0.2314 0.3408 0.5863
0.1622 0.3834 0.7004
-0.0452 0.3521 0.9007
-0.4843 0.1522 1.0457
-0.7155 0.1581 1.1282
-0.8078 0.5091 1.3683
-0.6402 0.7547 1.5097
-0.0284 1.1857 1.8714
0.5921 1.2763 2.3168
0.8019 1.1953 2.5471
0.8397 0.8335 2.8751
0.0760 0.3547 2.6762
0.0760 0.3547 2.6762
-0.4686 0.3860 2.4947
-0.6845 0.4231 2.4436
-0.9622 0.5336 2.3858
-0.9435 0.4357 2.4748
-0.6143 0.0924 2.7016
-0.3709 -0.2151 2.7556
0.2610 -0.3388 2.8989
0.5149 -0.0293 2.9896
0.5631 0.7211 3.1117
0.1566 1.1076 3.0590
-0.0206 1.2624 2.8068
0.0451 1.3585 2.5972
0.2374 1.4997 2.0550
0.3048 1.4309 1.7509
0.3974 1.1989 1.1846
0.3200 0.8976 0.8734
0.2103 0.6693 0.7815
-0.0162 0.0541 0.6030
-0.1231 -0.6541 0.2988
-0.1372 -0.9765 0.1071
-0.1691 -1.4662 -0.2761
-0.2908 -1.5490 -0.5781
-0.3507 -1.4855 -0.7069
-0.3799 -1.1776 -0.9287
-0.2683 -0.7643 -1.0178
-0.2186 -0.5849 -0.9972
-0.2166 -0.5487 -0.9421
-0.1685 -0.8544 -0.9593
-0.1160 -1.0443 -0.9888
-0.2051 -1.4607 -1.1807
-0.3736 -1.6363 -1.3758
-0.6289 -1.6358 -1.8875
-0.3168 -1.1269 -2.3106
0.3156 -0.3798 -2.4047
0.5429 -0.1177 -2.3126
0.6730 0.0593 -1.9544
0.6030 -0.0622 -1.7389
0.2534 -0.6794 -1.4268
-0.1867 -1.3366 -1.5250
-0.3872 -1.5261 -2.0666
-0.3988 -1.4337 -2.2815
-0.3922 -1.0768 -2.5193
-0.4347 -0.9363 -2.5782
-0.5853 -0.7057 -2.5649
-0.8179 -0.5009 -2.4834
-0.9328 -0.3409 -2.4321
-1.0384 0.0810 -2.2847
-0.9842 0.4546 -2.0776
-0.9395 0.5310 -1.9417
-0.8454 0.5358 -1.5689
-0.7459 0.4259 -1.1783
-0.6936 0.3525 -1.0023
-0.6129 0.2381 -0.7002
-0.5371 0.1286 -0.4613
-0.4984 0.0507 -0.3422
-0.3407 -0.0891 -0.0814
-0.2057 -0.1250 0.0667
0.1461 -0.2447 0.4144
0.4851 -0.5084 0.7642
0.6214 -0.6830 0.9052
0.8007 -1.1083 1.0825
1.0188 -1.5315 1.1407
1.2712 -1.8232 1.1685
1.3137 -1.8697 1.1802
1.0639 -1.7202 1.2003
0.8435 -1.5336 1.2052
0.5207 -0.8967 1.1756
0.5529 0.2234 1.1065
0.8151 1.4411 1.1224
0.9266 1.9201 1.2078
0.9607 2.5266 1.5290
0.7484 2.6258 1.7821
0.5906 2.4453 1.8288
0.1571 1.6675 1.8699
-0.3572 0.7502 1.9297
-0.5736 0.3555 1.9350
-0.7548 -0.0421 1.8829
-0.6830 -0.0417 1.8426
-0.3620 0.1480 1.8141
0.0204 0.5458 1.8575
0.2916 0.9542 2.0154
0.3690 1.1102 2.1105
0.5106 1.2490 2.2809
0.6044 1.2284 2.3279
0.7584 1.1303 2.3270
0.8449 0.9882 2.1993
0.8674 0.9484 2.0951
0.8371 0.9267 1.8489
0.7739 0.9469 1.7046
0.6074 1.0243 1.3834
0.4771 1.1256 1.0620
0.4075 1.1453 0.9012
0.3460 1.2312 0.5970
0.2317 1.3181 0.3707
0.1140 1.2949 0.2935
-0.1642 1.0865 0.1673
-0.2996 0.6614 0.0902
-0.3069 0.3487 0.0888
-0.3466 -0.4493 0.1065
-0.5608 -1.0684 0.0477
-0.7521 -1.1921 -0.0704
-1.2204 -1.0851 -0.5946
-1.1319 -0.6237 -1.2531
-0.7880 -0.2873 -1.4916
-0.0289 0.4749 -1.5557
0.4021 1.0648 -1.0122
0.4456 1.0940 -0.5803
0.3216 0.7275 0.3436
0.1331 0.1637 1.0876
0.0346 -0.1773 1.2157
-0.1873 -0.9767 0.9489
-0.5199 -1.4964 0.6618
-0.6138 -1.5295 0.4259
-0.3155 -1.0526 -0.0866
-0.0047 -0.6332 -0.2830
0.3723 0.2457 -0.4167
0.2370 1.0776 -0.2766
0.0879 1.6015 0.0198
0.0825 1.6749 0.1844
0.1537 1.4812 0.5135
0.1860 1.2753 0.6650
0.2172 0.8163 0.9425
0.1988 0.4103 1.1960
0.1651 0.1866 1.4580
0.1474 0.1481 1.5818
0.1205 0.0634 1.8203
0.1334 0.0143 1.9344
0.2238 -0.0561 2.1106
0.2972 -0.0423 2.1330
0.3428 -0.0226 2.1103
0.4523 0.0882 2.0350
0.5383 0.3336 1.8555
0.5645 0.4758 1.7018
0.5141 0.6425 1.2857
0.4812 0.6510 0.8952
0.5262 0.6311 0.8028
0.5982 0.5040 0.8546
0.4844 0.2794 1.0970
0.3504 0.0306 1.2132
0.2409 -0.4790 1.3967
0.3335 -0.6096 1.4555
0.7049 -0.5091 1.5191
1.0703 0.2263 1.5967
1.1878 0.6974 1.6903
1.2247 1.4516 1.9740
1.0687 1.7456 2.2647
0.8983 1.4993 2.4699
0.8617 1.2111 2.5669
0.8215 0.4253 2.7353
0.7410 0.0183 2.7562
0.4598 -0.4932 2.5825
0.2065 -0.4276 2.1660
0.1630 -0.2529 1.9192
0.2406 0.2329 1.4800
0.3476 0.7228 1.1742
0.3495 0.8741 1.0676
0.3785 1.0518 0.9529
0.6041 1.2029 0.9769
0.7393 1.3243 1.0374
0.8774 1.6571 1.2295
0.7629 1.9639 1.3884
0.6737 2.0354 1.4228
0.5546 2.0167 1.4384
0.4633 1.8829 1.4304
0.4182 1.8247 1.4110
0.2703 1.7466 1.3527
0.0830 1.7513 1.3080
-0.0223 1.7976 1.3109
-0.1799 1.8798 1.3627
-0.2184 1.8880 1.3935
-0.2481 1.8236 1.4533
-0.2684 1.6707 1.5490
-0.3014 1.5834 1.5978
-0.4073 1.4355 1.6680
-0.4774 1.2983 1.6766
-0.4648 1.2478 1.6617
-0.4486 1.3100 1.6032
-0.4239 1.3873 1.5647
-0.3864 1.3565 1.5563
-0.3078 1.1492 1.5410
-0.2362 0.8639 1.5145
-0.2262 0.7243 1.4766
-0.3037 0.5321 1.3253
-0.5357 0.4601 1.0434
-0.6971 0.4302 0.8411
-0.8471 0.5021 0.4695
-0.5781 0.8660 0.3185
-0.3796 1.0850 0.3628
-0.1300 1.4370 0.7032
-0.1060 1.4073 1.2002
-0.1305 1.2001 1.4164
-0.1358 0.6028 1.6582
-0.0525 0.0760 1.6417
-0.0069 -0.0575 1.5547
0.0172 0.0134 1.2689
-0.0122 0.3806 0.9507
-0.0216 0.5528 0.8276
-0.0333 0.6690 0.7125
-0.0392 0.6547 0.7078
-0.1157 0.5058 0.7345
-0.2681 0.2892 0.7492
-0.3247 0.1803 0.7404
-0.3181 -0.0131 0.6596
-0.2081 -0.0985 0.5724
-0.1713 -0.0981 0.5544
-0.1506 -0.0609 0.5781
-0.1484 0.0016 0.6682
-0.1516 0.0334 0.7011
-0.1658 0.1453 0.6734
-0.1471 0.2687 0.5229
-0.1311 0.3261 0.4548
-0.1250 0.3782 0.4028
-0.1242 0.3555 0.4339
-0.1284 0.3376 0.4461
-0.1684 0.3356 0.4327
-0.1969 0.3373 0.3836
-0.1871 0.3298 0.3579
-0.1643 0.2854 0.3207
-0.1162 0.1633 0.3656
-0.0679 0.0518 0.4267
0.1431 -0.2261 0.5907
0.3723 -0.4050 0.7686
0.4667 -0.4116 0.8586
0.5500 -0.2948 1.0091
0.5097 -0.2343 1.0330
0.3673 -0.1318 0.9530
0.3730 0.0385 0.7580
0.6715 0.4599 0.5962
0.8562 0.7681 0.5896
1.0467 1.2759 0.7422
1.0095 1.3876 0.8720
0.7084 1.3353 1.0643
0.2389 0.9167 1.0793
0.0154 0.6275 1.0270
-0.2910 0.1564 0.8434
-0.4141 -0.1247 0.6591
-0.4326 -0.1789 0.5759
-0.3751 -0.0568 0.4733
-0.1839 0.3113 0.4691
-0.0663 0.4671 0.5226
0.1769 0.7002 0.7328
0.3238 0.7623 1.0013
0.3664 0.7402 1.1144
0.3926 0.5683 1.2081
0.3295 0.2948 1.1238
0.2762 0.1742 1.0333
0.1812 -0.0285 0.7944
0.1492 -0.1496 0.5479
0.1363 -0.1780 0.4400
0.0693 -0.1437 0.2440
-0.0012 -0.0526 0.1008
-0.0351 -0.0545 0.0479
-0.1198 -0.1981 -0.0396
-0.1687 -0.3169 -0.0838
-0.2700 -0.5595 -0.1946
-0.2987 -0.6714 -0.3201
-0.2468 -0.6331 -0.3815
-0.0820 -0.4635 -0.4482
-0.0930 -0.3268 -0.5257
-0.1238 -0.2927 -0.5417
-0.1246 -0.2963 -0.5418
-0.3219 -0.4762 -0.6640
-0.4955 -0.5573 -0.8253
-0.5519 -0.5125 -1.2025
-0.0287 -0.1945 -1.4300
0.3173 0.0061 -1.3859
0.6397 -0.0925 -0.9578
0.7754 -0.0438 -0.4068
0.7763 -0.2245 -0.2040
0.5666 -0.5583 -0.0337
0.1928 -0.5347 -0.2563
0.0132 -0.4234 -0.6916
-0.1776 -0.2738 -1.7319
-0.3907 -0.1991 -2.1217
-0.4781 -0.1454 -2.1963
-0.5744 -0.1691 -2.0903
-0.5765 -0.2232 -1.9458
-0.5150 -0.2330 -1.5899
-0.5033 -0.1296 -1.1692
-0.5512 -0.0689 -0.7592
-0.5415 -0.0229 -0.3978
-0.4786 0.0095 -0.2320
-0.3908 0.0250 -0.0878
-0.2319 0.0342 0.1575
-0.1565 0.0255 0.3012
-0.1198 0.0275 0.3216
0.0075 0.0533 0.3131
0.1275 0.0902 0.3067
0.1689 0.1205 0.3161
0.2203 0.1167 0.3502
0.2429 0.0436 0.3401
0.2611 -0.0001 0.3162
0.3271 -0.0566 0.2653
0.3348 -0.0842 0.2384
0.2879 -0.0582 0.2322
0.1829 -0.0402 0.2549
0.2785 -0.0522 0.3162
0.4344 0.0154 0.3884
0.8875 0.4781 0.6519
1.2328 1.1288 1.1111
1.2603 1.3673 1.3400
0.9936 1.5611 1.6461
0.7391 1.4661 1.7173
0.0856 0.9064 1.7855
-0.5302 0.1075 1.7921
-0.7700 -0.4002 1.7531
-0.7455 -0.5442 1.7108
-0.4984 -0.5468 1.6463
-0.0894 -0.1349 1.6905
0.1179 0.1649 1.7661
0.4256 0.7098 1.9824
0.5172 0.8820 2.0814
0.6062 1.0238 2.1533
0.6204 0.9487 2.0443
0.5967 0.8572 1.9294
0.4558 0.6254 1.5938
0.2614 0.3531 1.1879
0.1859 0.2432 0.9879
0.0854 0.1358 0.6375
0.0277 0.2047 0.4003
0.0093 0.2599 0.3119
-0.0278 0.3748 0.1621
-0.0699 0.4817 0.0427
-0.0917 0.4878 0.0101
-0.1166 0.3765 -0.0088
-0.2184 0.1512 -0.0447
-0.2788 0.0223 -0.0678
-0.3631 -0.2026 -0.1157
-0.4438 -0.3879 -0.2013
-0.4887 -0.4387 -0.2572
-0.4984 -0.3842 -0.3469
-0.4886 -0.2903 -0.4009
-0.6166 -0.1752 -0.5777
-0.7393 -0.2547 -0.8235
-0.4679 -0.2641 -0.9509
-0.2460 -0.2004 -0.9320
0.0795 -0.0690 -0.7074
0.1245 -0.0800 -0.5460
0.0452 -0.2836 -0.2780
-0.1079 -0.6967 -0.2584
-0.1926 -0.8621 -0.3449
-0.3485 -0.8373 -0.6836
-0.4982 -0.3568 -1.1517
-0.5458 -0.0430 -1.3531
-0.6009 0.4720 -1.5481
-0.6013 0.6732 -1.4345
-0.5566 0.6315 -1.2955
-0.3921 0.3997 -0.9065
-0.1787 0.2615 -0.4854
-0.0961 0.2472 -0.3075
-0.0663 0.2780 -0.0438
-0.1180 0.2662 0.1308
-0.1269 0.2269 0.1692
-0.0865 0.1155 0.2141
-0.0127 0.0282 0.2361
0.0095 0.0162 0.2518
-0.0023 0.0749 0.3143
-0.0122 0.1339 0.3528
0.0000 0.2287 0.4074
0.0624 0.2562 0.4294
0.1355 0.2172 0.4281
0.1747 0.1729 0.4268
0.2423 0.0305 0.4479
0.2614 -0.0427 0.4601
0.3223 0.0467 0.4642
0.3819 0.1304 0.4976
0.4354 0.1650 0.5459
0.4425 0.0726 0.5710
0.5034 0.0835 0.5059
0.6028 0.2060 0.4567
0.8268 0.6202 0.3597
0.9778 0.9443 0.3701
1.0234 1.1022 0.4407
1.0806 1.3761 0.7662
1.2130 1.5843 1.2850
1.2741 1.6953 1.5399
1.1990 1.5183 1.9443
0.3532 0.8117 1.6969
-0.2110 0.6470 1.5236
-1.3677 0.2007 1.2702
-1.9427 -0.2043 1.0354
-1.8162 -0.2368 0.9453
-1.1617 -0.0426 0.9082
-0.5921 0.5202 1.1620
-0.4503 0.7922 1.3650
-0.4099 1.0995 1.7237
-0.4565 1.1495 1.8173
-0.5372 0.9857 1.6740
-0.4503 0.6968 1.3902
-0.2572 0.3322 1.3070
-0.1870 0.2126 1.2857
-0.1595 0.1742 1.2448
-0.2205 0.2158 1.1225
-0.2657 0.2228 1.0170
-0.3347 0.1884 0.7296
-0.3482 0.1566 0.5629
-0.3534 0.0387 0.2203
-0.3498 0.0030 -0.0776
-0.3500 0.1155 -0.2711
-0.3522 0.1636 -0.3094
-0.3306 0.1281 -0.2649
-0.2952 0.0347 -0.2267
-0.1948 -0.1724 -0.1747
-0.0677 -0.3217 -0.1141
-0.0078 -0.4170 -0.1138
-0.0086 -0.3947 -0.1469
-0.0189 -0.2121 -0.1906
-0.0487 -0.1504 -0.2263
-0.2121 -0.2234 -0.3128
-0.3937 -0.4238 -0.4365
-0.4182 -0.4931 -0.5062
-0.2009 -0.2897 -0.5852
0.1918 0.2221 -0.4416
0.3190 0.4070 -0.2793
0.3361 0.4932 0.1147
0.2363 0.3455 0.2802
-0.0456 -0.1850 0.4658
-0.2496 -0.6740 0.4294
-0.3769 -0.8313 0.0957
-0.4130 -0.6756 -0.1856
-0.4477 0.0812 -0.7320
-0.4562 0.4902 -0.9337
-0.5240 1.0460 -1.1084
-0.6593 1.1860 -1.0120
-0.7251 1.1562 -0.9173
-0.8026 0.8794 -0.6590
-0.7657 0.5969 -0.3642
-0.7406 0.4432 -0.2380
-0.6247 0.0896 -0.0926
-0.4276 -0.5001 0.0847
-0.2987 -0.8242 0.1772
-0.0074 -1.4989 0.3852
0.3255 -1.5852 0.7783
0.4875 -1.5190 1.0022
0.7608 -1.2454 1.4627
0.8959 -0.8892 1.8882
0.7379 -0.8417 2.0789
0.3080 -0.7097 2.3982
0.2825 -0.4746 2.4123
0.4211 -0.3288 2.3040
0.7418 0.0277 2.0311
0.9074 0.1735 1.8360
0.9471 0.1928 1.7787
0.9744 0.1052 1.6530
0.9488 0.0402 1.5554
0.8716 -0.0863 1.3314
0.8545 -0.0804 1.1488
0.9288 0.0247 0.9771
0.9462 0.1472 0.8775
0.9680 0.3170 0.7385
0.9860 0.3104 0.7060
1.0590 0.3953 0.6436
1.0925 0.4795 0.4980
1.0663 0.4530 0.3914
1.0421 0.4389 0.3743
1.0003 0.4826 0.4010
1.0060 0.5566 0.4422
1.0552 0.7743 0.6055
0.9203 1.1026 0.7970
0.7459 1.1991 0.8797
0.2872 1.2469 0.9824
-0.2243 1.0185 0.9073
-0.4968 0.7733 0.7891
-0.8575 0.3210 0.5350
-0.6737 0.3193 0.3721
-0.4193 0.5040 0.3506
0.0656 1.0386 0.5212
0.2427 1.3715 0.9313
0.2049 1.4092 1.1127
-0.0299 1.3011 1.2664
-0.2200 1.1675 1.2447
-0.6698 0.7325 1.0509
-1.0268 0.2554 0.7142
-1.1187 0.1012 0.5397
-1.1054 0.0224 0.2771
-0.8961 0.0581 0.1496
-0.7435 0.0702 0.1444
-0.3142 0.2109 0.3077
0.0868 0.4936 0.5810
0.2246 0.6640 0.7567
0.2230 0.6823 0.7718
0.1904 0.6372 0.6564
0.2065 0.5386 0.4616
0.2368 0.4783 0.3912
0.2951 0.3724 0.2960
0.3152 0.3148 0.2791
0.3449 0.2484 0.2802
0.3416 0.1614 0.2991
0.3177 0.1136 0.3066
0.2892 0.0604 0.3014
0.2973 -0.0105 0.2480
0.3002 -0.0878 0.2141
0.3433 -0.2375 0.1779
0.4305 -0.3965 0.1671
0.4603 -0.4735 0.1683
0.5279 -0.5357 0.1851
0.6423 -0.4315 0.2656
0.7093 -0.3287 0.3215
0.8097 -0.0779 0.4313
0.7957 0.0314 0.4760
0.7195 0.0245 0.4651
0.4302 -0.0498 0.4030
0.0345 -0.1439 0.3403
-0.1735 -0.2124 0.3111
-0.5028 -0.3955 0.3018
-0.6117 -0.5011 0.3067
-0.7283 -0.5563 0.3281
-0.4335 -0.0598 0.3854
-0.1742 0.3342 0.4274
0.1763 0.8297 0.5377
0.1117 0.7984 0.7099
0.0138 0.7018 0.7903
-0.1573 0.5632 0.8840
-0.2142 0.4868 0.8855
-0.1847 0.4809 0.8832
-0.0966 0.5437 0.9130
-0.1003 0.5691 0.9875
-0.1293 0.5336 1.0209
-0.1906 0.5749 1.0676
-0.1876 0.8242 1.0870
-0.1764 0.9358 1.1282
-0.1632 1.0678 1.2856
-0.1636 1.2463 1.4684
-0.1858 1.3916 1.5471
-0.2237 1.6819 1.5925
-0.2871 1.7344 1.5299
-0.2968 1.5717 1.3226
0.0164 1.2584 1.0991
0.4862 0.8346 0.9153
0.7046 0.6668 0.8496
0.9068 0.5447 0.7305
0.8813 0.5072 0.5689
0.9435 0.5189 0.4795
1.3266 0.5350 0.3471
1.5378 0.5624 0.3353
1.8137 0.6519 0.3927
1.8155 0.6212 0.4714
1.7731 0.5823 0.5204
1.5804 0.5027 0.6040
1.3599 0.3340 0.5816
1.2678 0.2989 0.5018
0.9866 0.2497 0.2538
0.7936 0.1877 0.1561
0.6819 0.1474 0.1469
0.4327 -0.1007 0.1578
0.3561 -0.3716 0.1485
0.3650 -0.3999 0.1111
0.3364 -0.3752 -0.0186
0.2584 -0.4521 -0.1735
0.2108 -0.4944 -0.2262
0.4265 -0.0215 -0.2465
0.7369 0.0158 -0.2986
0.7105 0.0260 -0.2672
0.3679 0.0157 -0.1169
0.2252 0.0411 -0.0184
0.1200 0.0592 0.0667
0.1349 0.0885 0.0424
0.1667 0.1168 0.0548
0.2899 0.0704 -0.0360
0.4041 -0.0237 -0.1539
0.4214 -0.0925 -0.1534
0.3893 -0.1002 -0.0865
0.2673 0.0480 -0.0532
0.1775 0.1194 -0.0560
0.0784 0.1584 -0.0632
0.2195 0.0787 -0.0617
0.3123 0.0036 -0.0434
0.3853 -0.0588 0.0465
0.3086 -0.0383 0.1606
0.2686 -0.0623 0.1888
0.2200 -0.0958 0.1645
0.2386 -0.1595 0.1427
0.2519 -0.1992 0.1604
0.2610 -0.2681 0.1735
0.2446 -0.1780 0.1530
0.2209 -0.1324 0.1348
0.1926 -0.1242 0.0577
0.0927 -0.1117 -0.0239
0.0338 -0.0504 -0.0264
-0.0048 0.0412 0.0295
0.0261 0.0120 0.0847
0.0646 -0.0509 0.0976
0.1617 -0.1070 0.0794
0.1888 -0.1149 0.0449
0.2062 -0.1422 0.0014
0.1637 -0.1931 0.0009
0.1535 -0.1898 0.0094
0.1440 -0.0856 0.0082
0.1546 -0.0174 0.0297
0.1330 0.0021 0.0371
0.0525 0.0522 0.0277
0.0301 0.0995 0.0302
0.0462 0.1091 0.0380
0.0797 0.0879 0.0337
0.0850 0.1121 0.0204
0.0658 0.1274 0.0133
0.0349 0.1398 0.0216
0.0159 0.1576 0.0074
0.0125 0.1531 -0.0046
0.0313 0.1350 -0.0120
0.0587 0.1235 -0.0119
0.0490 0.1124 -0.0113
0.0120 0.1044 -0.0092
0.0008 0.1029 -0.0139
0.0276 0.0720 -0.0416
0.0555 0.0391 -0.0568
0.0860 0.0017 -0.0423
0.0990 -0.0054 -0.0352
0.1109 -0.0351 -0.0251
0.1118 -0.0491 -0.0256
0.1283 -0.0828 -0.0124
0.1472 -0.0693 0.0106
0.1356 -0.0344 0.0420
0.1352 -0.0240 0.0526
0.1381 -0.0261 0.0505
0.1393 -0.0261 0.0519
0.1239 -0.0274 0.0474
0.1107 -0.0260 0.0442
0.1055 -0.0154 0.0386
0.1071 0.0275 0.0345
0.0977 0.0584 0.0408
0.0755 0.0463 0.0439
0.0667 -0.0160 0.0362
0.1102 -0.0456 0.0178
0.1226 -0.0292 0.0168
0.1104 0.0204 0.0308
0.0908 0.0181 0.0403
0.0811 -0.0007 0.0359
0.0473 -0.0570 0.0156
0.0332 -0.0739 -0.0118
0.0383 -0.0648 -0.0162
0.0539 -0.0450 -0.0220
0.0601 -0.0266 -0.0268
0.0656 -0.0128 -0.0182
0.0667 -0.0059 -0.0006
0.0522 -0.0071 0.0174
0.0513 -0.0065 0.0109
0.0360 -0.0002 0.0007
0.0157 -0.0057 0.0020
-0.0009 -0.0159 0.0072
0.0353 -0.0145 0.0145
0.0584 -0.0091 0.0204
0.0863 0.0143 0.0242
0.0811 0.0205 0.0159
0.0681 0.0128 0.0123
0.0681 -0.0047 -0.0007
0.0871 -0.0075 -0.0058
0.0899 0.0105 0.0021
0.0739 0.0404 0.0150
0.0526 0.0467 0.0161
0.0593 0.0358 0.0164
0.0724 0.0339 0.0131
0.0489 0.0284 0.0191
0.0421 0.0179 0.0197
0.0517 -0.0118 0.0238
0.0729 -0.0150 0.0309
0.0771 -0.0003 0.0330
0.0668 0.0219 0.0260
0.0484 0.0052 0.0227
0.0438 -0.0076 0.0233
0.0288 -0.0235 0.0324
0.0314 -0.0088 0.0275
0.0373 -0.0071 0.0186
0.0563 0.0010 0.0071
0.0576 0.0100 0.0119
0.0356 0.0270 0.0187
0.0299 0.0153 0.0241
0.0374 0.0011 0.0221
0.0504 -0.0158 0.0196
0.0299 -0.0066 0.0155
0.0177 0.0010 0.0159
0.0197 -0.0149 0.0048
0.0312 -0.0150 0.0091
0.0328 -0.0080 0.0150
0.0187 -0.0091 0.0221
0.0054 -0.0161 0.0214
0.0029 -0.0130 0.0181
0.0212 0.0081 0.0168
0.0325 0.0234 0.0144
0.0237 0.0250 0.0178
-0.0028 0.0189 0.0221
-0.0016 -0.0105 0.0083
0.0162 -0.0076 0.0060
0.0428 0.0081 0.0009
0.0226 0.0221 0.0079
0.0096 0.0214 0.0065
0.0020 0.0094 -0.0051
0.0082 0.0083 -0.0094
0.0296 0.0095 -0.0067
0.0162 0.0132 -0.0049
0.0126 -0.0078 -0.0050
0.0219 -0.0085 -0.0101
0.0242 0.0043 0.0041
0.0179 0.0182 0.0102
0.0046 0.0326 0.0150
0.0071 0.0067 0.0106
0.0149 -0.0155 0.0078
0.0067 -0.0255 0.0077
-0.0034 -0.0235 0.0022
0.0252 -0.0036 -0.0105
0.0379 -0.0006 -0.0046
0.0422 0.0109 0.0119
0.0322 0.0216 0.0197
0.0060 0.0275 0.0243
0.0198 0.0030 0.0135
0.0328 -0.0067 0.0006
0.0386 0.0008 0.0037
0.0169 0.0250 0.0086
0.0154 0.0268 0.0070
0.0316 -0.0047 0.0097
0.0315 -0.0153 0.0135
0.0177 -0.0170 0.0177
0.0070 -0.0232 0.0189
0.0469 -0.0147 0.0042
0.0665 -0.0119 -0.0021
0.0637 -0.0039 0.0047
0.0411 -0.0049 0.0057
0.0344 -0.0135 0.0002
0.0327 -0.0354 -0.0069
0.0315 -0.0363 -0.0042
0.0434 -0.0104 0.0070
0.0495 0.0010 0.0047
0.0585 0.0003 -0.0043
0.0565 0.0038 -0.0076
0.0526 0.0185 -0.0056
0.0374 0.0200 -0.0058
0.0235 0.0060 -0.0011
0.0233 -0.0172 0.0031
0.0230 -0.0188 0.0108
0.0258 -0.0025 0.0194
0.0184 0.0290 0.0131
0.0218 0.0457 0.0124
0.0263 0.0451 0.0152
0.0283 0.0354 0.0153
0.0269 0.0299 0.0127
0.0228 0.0270 0.0195
0.0154 0.0324 0.0185
0.0118 0.0341 0.0186
0.0206 0.0424 0.0179
0.0303 0.0279 0.0158
0.0237 0.0296 0.0214
0.0135 0.0301 0.0168
0.0134 0.0336 0.0032
0.0151 0.0279 -0.0006
0.0062 0.0317 -0.0051
0.0004 0.0308 -0.0042
0.0092 0.0272 0.0023
0.0337 0.0243 0.0013
0.0397 0.0221 0.0025
0.0215 0.0257 0.0092
0.0051 0.0249 0.0203
0.0043 0.0194 0.0137
0.0151 -0.0006 0.0014
0.0226 0.0031 -0.0073
0.0170 0.0057 -0.0005
0.0074 0.0073 -0.0017
0.0168 -0.0190 -0.0123
0.0231 -0.0281 -0.0094
0.0186 -0.0100 0.0047
0.0055 0.0035 0.0096
0.0039 0.0010 0.0019
0.0244 0.0088 -0.0023
0.0327 0.0170 0.0060
0.0187 0.0142 0.0064
0.0129 -0.0134 0.0002
0.0310 -0.0021 -0.0022
0.0342 0.0112 -0.0026
0.0230 0.0466 0.0081
0.0211 0.0427 0.0029
0.0189 0.0344 -0.0109
0.0031 -0.0130 -0.0028
-0.0081 -0.0213 0.0041
-0.0018 -0.0103 0.0028
0.0218 0.0272 0.0077
0.0311 0.0333 0.0068
0.0290 0.0027 0.0134
0.0185 -0.0349 0.0199
0.0206 -0.0484 0.0141
0.0464 -0.0446 -0.0113
0.0663 -0.0193 -0.0136
0.0688 0.0086 -0.0035
0.0148 0.0745 0.0017
-0.0587 0.0902 0.0232
-0.0542 0.0230 0.0366
-0.0051 -0.0501 0.0439
0.0219 -0.0265 0.0009
0.0212 0.0076 -0.0017
0.0134 0.0367 0.0071
0.0065 0.0182 0.0279
-0.0012 0.0059 0.0284
-0.0137 -0.0332 0.0229
-0.0132 -0.0479 0.0124
-0.0082 -0.0421 0.0004
-0.0134 -0.0190 -0.0012
0.0029 -0.0123 -0.0002
0.0178 -0.0110 -0.0027
0.0368 -0.0106 0.0043
0.0305 -0.0038 0.0072
0.0189 -0.0043 0.0121
-0.0035 0.0076 0.0203
0.0094 -0.0089 0.0142
0.0146 -0.0126 0.0112
0.0198 -0.0127 0.0073
0.0164 -0.0015 0.0121
0.0213 0.0279 0.0168
0.0233 0.0237 0.0061
0.0264 0.0182 0.0031
0.0200 0.0052 0.0010
0.0008 0.0087 0.0032
-0.0072 0.0107 0.0041
-0.0149 0.0021 0.0025
-0.0029 0.0097 0.0014
-0.0019 0.0191 0.0024
-0.0046 0.0206 0.0029
-0.0166 -0.0018 0.0038
-0.0131 -0.0057 0.0029
0.0127 -0.0049 0.0090
0.0276 0.0140 0.0124
0.0185 0.0179 0.0094
0.0049 0.0056 0.0135
0.0186 -0.0088 0.0071
0.0253 -0.0017 0.0014
0.0297 0.0131 -0.0014
0.0323 0.0314 -0.0042
0.0329 0.0310 0.0015
0.0280 0.0210 0.0146
0.0228 0.0153 0.0161
0.0267 0.0130 0.0062
0.0514 0.0253 -0.0049
0.0543 0.0304 -0.0043
0.0458 0.0250 -0.0024
0.0208 0.0166 0.0107
0.0092 0.0068 0.0201
0.0027 0.0014 0.0134
0.0321 0.0130 0.0072
0.0391 0.0234 0.0041
0.0292 0.0345 0.0075
0.0136 0.0367 0.0051
0.0124 0.0271 0.0050
0.0184 0.0128 -0.0032
0.0241 0.0518 -0.0033
0.0355 0.0713 -0.0217
0.0149 0.0417 -0.0056
-0.0467 -0.0096 0.0307
-0.0894 -0.0548 0.0594
-0.0848 -0.0299 0.0966
0.0582 0.0634 0.0173

