0.0000 0.0000 0.0000
0.0000 0.0000 0.0000
0.0000 0.0000 0.0000
0.0000 0.0000 0.0000
0.0000 0.0000 0.0000
0.0000 0.0000 0.0000
0.0000 0.0000 0.0000
0.0000 0.0000 0.0000
0.0000 0.0000 0.0000
0.0000 0.0000 0.0000
0.0000 0.0000 0.0000
0.0000 0.0000 0.0000
0.0803 0.0437 0.0285
0.0874 0.0753 0.0428
0.0773 0.0630 0.0529
0.0515 0.0346 0.0601
0.0446 0.0116 0.0595
0.0423 0.0048 0.0564
0.0374 -0.0235 0.0544
0.0166 -0.0608 0.0464
0.0107 -0.0656 0.0433
0.0065 -0.0306 0.0350
-0.0126 0.0097 0.0242
-0.0236 -0.0027 0.0258
-0.0185 -0.0100 0.0407
0.0165 0.0083 0.0496
0.0335 0.0115 0.0475
0.0397 -0.0098 0.0378
0.0525 0.0063 0.0398
0.0566 0.0429 0.0387
0.0539 0.0891 0.0495
0.0455 0.0671 0.0640
0.0471 0.0339 0.0645
0.0603 0.0134 0.0484
0.0773 0.0835 0.0332
0.0677 0.0989 0.0300
0.0393 0.0666 0.0383
0.0324 0.0477 0.0384
0.0350 0.0342 0.0202
0.0313 0.0485 0.0035
0.0230 0.0452 -0.0020
0.0312 0.0622 -0.0097
0.0608 0.0624 -0.0079
0.0712 0.0588 -0.0003
0.0617 0.0550 0.0231
0.0301 0.0651 0.0469
0.0239 0.0687 0.0531
0.0112 0.0455 0.0567
0.0171 0.0234 0.0452
0.0239 0.0223 0.0276
0.0268 0.0281 -0.0050
0.0094 0.0107 -0.0344
-0.0013 0.0088 -0.0494
-0.0062 0.0119 -0.0690
0.0118 0.0581 -0.0590
0.0208 0.0551 -0.0447
0.0340 0.0268 -0.0027
0.0396 0.0080 0.0171
0.0413 0.0177 0.0121
0.0427 0.0205 0.0021
0.0503 0.0012 0.0011
0.0482 -0.0205 -0.0061
0.0390 -0.0349 -0.0288
0.0166 0.0303 -0.0433
0.0136 0.0669 -0.0539
0.0366 0.0962 -0.0608
0.0478 0.0692 -0.0753
0.0808 -0.0410 -0.1108
0.1695 -0.1698 -0.1713
0.2798 -0.2542 -0.1912
0.6334 -0.3333 -0.1821
1.0240 -0.1950 -0.1215
1.1798 -0.2220 -0.0818
1.3063 -0.3325 -0.0169
1.2734 -0.4414 -0.0652
1.2838 -0.4003 -0.1034
1.3541 -0.2175 -0.1463
1.3065 -0.1053 -0.0845
1.2173 -0.0816 -0.0222
0.9156 -0.0912 0.1375
0.6095 -0.2507 0.3391
0.4914 -0.3497 0.4214
0.3757 -0.3301 0.4712
0.3574 0.0015 0.4015
0.3260 0.1601 0.3823
0.1339 0.2163 0.4219
-0.1499 0.0594 0.5116
-0.2677 -0.0314 0.5461
-0.3472 0.0095 0.5613
-0.3049 0.1851 0.4802
-0.3038 0.2085 0.4419
0.2492 0.5162 0.2125
0.3633 0.1761 0.2944
0.1541 -0.0288 0.3650
-0.3100 -0.0357 0.4094
-0.3975 0.0805 0.3835
-0.2620 0.3026 0.2997
-0.0557 0.2227 0.1796
0.0504 0.1807 0.1548
0.2140 0.0495 0.1129
0.2499 0.0276 0.1278
0.2284 0.0663 0.1481
0.1812 0.1597 0.1675
0.1920 0.1386 0.1690
0.1841 0.0860 0.1619
0.0841 -0.0292 0.1524
-0.0280 -0.0068 0.1628
-0.0185 0.0393 0.1657
0.0647 0.0051 0.1721
-0.0013 -0.0951 0.1713
-0.3259 -0.3652 0.1469
-0.1195 0.0209 0.1237
0.2351 0.0061 0.0324
0.3356 0.0255 -0.0048
0.0958 -0.0745 0.0346
-0.0676 0.0295 0.1373
0.0064 0.0774 0.1349
0.1922 0.0958 0.1081
0.1647 0.0776 0.1299
0.0780 0.0450 0.1408
-0.1820 -0.1187 0.1640
0.0204 0.0551 0.0987
0.1496 0.0405 0.0445
0.0324 -0.0570 0.0923
-0.0770 -0.0627 0.1186
-0.2108 -0.1080 0.0656
-0.2396 -0.0253 -0.1667
-0.2450 -0.0021 -0.1660
-0.3380 -0.0531 -0.1560
-0.2132 0.0261 -0.2227
-0.0803 0.0711 -0.2582
0.1136 0.1113 -0.2617
0.1390 0.0822 -0.2399
0.1349 0.0583 -0.2332
0.1511 0.0565 -0.2251
0.2113 0.1255 -0.2159
0.2300 0.1757 -0.2088
0.2375 0.2470 -0.1714
0.2405 0.3179 -0.1197
0.2366 0.3205 -0.0916
0.1960 0.3028 -0.0297
0.1184 0.3169 0.0121
0.0956 0.2559 0.0145
0.1788 0.1433 0.0095
0.3006 0.0857 0.0085
0.3040 0.0512 0.0209
0.2248 -0.0099 0.0295
0.1786 0.0339 0.0298
0.1154 0.1080 0.0351
0.2328 0.1409 0.0857
0.3135 0.1546 0.0963
0.5281 0.2484 0.0673
0.6035 0.1439 -0.0221
0.5810 0.0569 -0.0452
0.5416 -0.1031 -0.0292
0.5862 -0.1792 0.0186
0.5947 -0.2018 0.0207
0.5188 -0.2062 0.0007
0.3343 -0.0361 0.0758
0.2334 0.0350 0.1182
0.1153 0.0920 0.1229
0.0959 0.0288 0.1092
0.1079 -0.0079 0.0766
0.1138 -0.0368 0.0050
0.0409 -0.0121 0.0314
-0.0054 -0.0290 0.0426
-0.0448 -0.0392 0.0531
-0.0409 -0.0277 0.0418
-0.0617 -0.0188 0.0721
-0.1439 -0.0810 0.1223
-0.2176 -0.0900 0.1295
-0.2390 -0.1106 0.1264
-0.2426 -0.0946 0.1207
-0.2838 0.0705 0.0932
-0.3614 0.1487 0.0683
-0.5236 0.1771 0.0674
-0.5512 0.1467 0.0693
-0.4696 0.1649 0.0668
-0.3599 0.1612 0.0524
-0.3197 0.1574 0.0536
-0.2513 0.1370 0.0514
-0.1991 0.1005 0.0339
-0.1794 0.0774 0.0318
-0.1070 0.0346 0.0241
-0.0356 0.0270 0.0135
-0.0273 0.0379 0.0051
-0.0074 0.0218 -0.0057
0.0083 -0.0206 -0.0186
0.0188 -0.0413 -0.0154
0.0573 -0.0232 0.0112
0.0708 0.0145 0.0197
0.0582 -0.0068 0.0242
0.0299 -0.0322 0.0334
0.0535 0.0005 0.0251
0.0608 0.0018 0.0190
0.0432 0.0290 0.0221
0.0068 -0.0022 0.0322
-0.0275 -0.0008 0.0220
-0.0606 0.0145 0.0098
-0.0598 0.0062 -0.0024
-0.0565 0.0015 -0.0089
-0.1095 0.0071 -0.0143
-0.1702 0.0189 -0.0052
-0.1696 0.0323 0.0046
-0.1296 0.0261 0.0125
-0.0768 0.0154 0.0146
-0.0749 0.0261 0.0105
-0.0862 0.0330 -0.0004
-0.0977 0.0403 -0.0092
-0.1033 0.0266 -0.0261
-0.0804 0.0102 -0.0186
-0.0831 0.0091 -0.0175
-0.1169 0.0192 -0.0007
-0.1384 0.0271 0.0037
-0.1487 0.0204 0.0011
-0.1605 -0.0005 -0.0056
-0.1750 -0.0196 0.0028
-0.1811 -0.0120 0.0091
-0.2102 -0.0045 0.0330
-0.2220 0.0011 0.0460
-0.2287 0.0061 0.0482
-0.2272 0.0472 0.0225
-0.1556 0.0068 -0.0176
-0.1062 -0.0236 0.0071
0.0025 0.0011 -0.0220
0.0627 0.0313 -0.0505
0.0480 0.0447 -0.0375
-0.0007 0.0494 -0.0240
-0.0293 0.0533 -0.0254
-0.0586 0.0236 -0.0327
-0.0034 0.0075 -0.0118
0.0381 0.0176 -0.0078
0.1042 0.0134 -0.0271
0.1400 -0.0044 -0.0290
0.1502 -0.0068 -0.0321
0.1571 0.0043 -0.0440
0.2283 -0.0403 -0.0345
0.2771 -0.0930 -0.0369
0.3764 -0.1813 -0.0389
0.4643 -0.1638 -0.0288
0.4804 -0.1442 -0.0284
0.4513 -0.1198 -0.0196
0.3998 -0.1266 0.0011
0.3675 -0.1068 -0.0068
0.2667 -0.0473 -0.0038
0.1786 0.0285 0.0174
0.1717 0.0569 0.0108
0.2199 0.0868 -0.0073
0.3313 0.1363 -0.0128
0.3769 0.1605 -0.0208
0.3424 0.1665 -0.0359
0.1714 0.1427 -0.0545
0.0795 0.1182 -0.0577
-0.0137 0.0895 -0.0409
0.0349 0.0744 -0.0232
0.0924 0.0862 -0.0225
0.1825 0.1017 -0.0262
0.1808 0.1176 -0.0323
0.1303 0.1437 -0.0330
0.1116 0.1396 -0.0347
0.1115 0.0912 -0.0137
0.1098 0.0779 -0.0032
0.1054 0.0629 0.0041
0.1091 0.0657 0.0054
0.1455 0.0554 -0.0080
0.1367 0.0461 -0.0294
0.1035 0.0489 -0.0329
0.0149 0.0282 -0.0308
-0.0265 -0.0212 -0.0445
-0.0087 -0.0343 -0.0550
0.0562 -0.0173 -0.0669
0.0506 0.0102 -0.0692
0.0298 0.0268 -0.0651
0.0037 0.0385 -0.0553
0.0400 0.0296 -0.0417
0.0806 0.0145 -0.0304
0.1483 0.0076 -0.0286
0.1217 0.0017 -0.0236
0.0776 0.0096 -0.0131
0.0230 0.0181 0.0076
0.0853 0.0150 0.0110
0.1365 0.0179 0.0036
0.1778 0.0176 -0.0083
0.1372 0.0174 -0.0159
0.1033 0.0272 -0.0100
0.0503 0.0310 -0.0110
0.0328 0.0082 -0.0149
0.0344 -0.0044 -0.0116
0.0416 -0.0068 -0.0060
0.0379 0.0007 -0.0006
0.0275 0.0072 0.0151
0.0165 -0.0010 0.0118
0.0262 -0.0031 0.0132
0.0754 -0.0037 0.0080
0.0677 -0.0144 0.0164
0.0542 -0.0256 0.0261
0.0375 -0.0239 0.0272
0.0573 -0.0113 0.0259
0.0767 -0.0090 0.0288
0.0954 -0.0263 0.0253
0.0652 -0.0408 0.0107
0.0414 -0.0366 0.0045
0.0293 -0.0287 0.0042
0.0746 -0.0158 -0.0118
0.0918 -0.0171 -0.0200
0.0724 -0.0201 -0.0128
0.0321 -0.0188 0.0082
0.0234 -0.0118 0.0099
0.0167 -0.0006 0.0032
0.0261 0.0100 0.0027
0.0339 0.0180 0.0084
0.0334 0.0184 0.0227
0.0298 0.0134 0.0225
0.0206 -0.0067 0.0169
0.0161 -0.0156 0.0171
0.0202 -0.0092 0.0177
0.0327 0.0090 0.0265
0.0559 0.0157 0.0287
0.0606 0.0157 0.0263
0.0339 0.0237 0.0211
0.0039 0.0189 0.0203
-0.0011 0.0126 0.0279
0.0008 0.0024 0.0212
0.0101 0.0057 0.0147
0.0135 0.0073 0.0162
0.0128 0.0026 0.0205
0.0011 0.0050 0.0286
-0.0079 0.0115 0.0320
-0.0183 0.0086 0.0293
-0.0063 0.0061 0.0200
0.0049 0.0011 0.0174
0.0243 -0.0089 0.0232
0.0310 0.0038 0.0266
0.0283 0.0093 0.0200
0.0309 0.0136 0.0109
0.0185 0.0031 0.0150
0.0095 -0.0074 0.0155
0.0101 -0.0218 0.0194
0.0433 -0.0162 0.0137
0.0545 -0.0051 0.0105
0.0437 0.0080 0.0097
0.0079 0.0040 0.0102
-0.0040 -0.0041 0.0105
0.0006 -0.0266 0.0186
0.0204 -0.0274 0.0177
0.0423 -0.0205 0.0193
0.0357 -0.0144 0.0282
0.0318 -0.0114 0.0205
0.0298 -0.0237 0.0130
0.0374 -0.0352 0.0106
0.0392 -0.0225 0.0107
0.0475 -0.0031 0.0053
0.0500 -0.0038 0.0020
0.0494 -0.0153 0.0033
0.0517 -0.0327 0.0084
0.0693 -0.0145 0.0121
0.0713 -0.0033 0.0122
0.0546 0.0154 0.0224
0.0407 0.0142 0.0322
0.0439 0.0021 0.0281
0.0577 -0.0167 0.0144
0.0664 -0.0028 0.0055
0.0630 0.0059 0.0057
0.0361 0.0064 0.0157
0.0327 0.0122 0.0166
0.0522 0.0162 0.0032
0.0784 0.0191 -0.0078
0.0432 0.0228 0.0053
0.0176 0.0336 0.0138
0.0086 0.0245 0.0227
0.0467 0.0186 0.0159
0.0656 0.0192 0.0161
0.0500 0.0189 0.0112
0.0296 0.0176 0.0112
0.0165 0.0216 0.0145
0.0211 0.0155 0.0086
0.0202 0.0099 0.0134
0.0147 0.0040 0.0204
0.0208 -0.0004 0.0167
0.0377 0.0003 0.0158
0.0527 0.0182 0.0030
0.0252 0.0377 0.0153
0.0086 0.0292 0.0209
0.0064 0.0117 0.0236
0.0292 0.0137 0.0145
0.0291 0.0199 0.0129
0.0329 0.0318 0.0190
0.0154 0.0164 0.0063
-0.0005 0.0077 0.0023
-0.0202 0.0081 0.0113
-0.0003 0.0277 0.0080
0.0203 0.0252 0.0101
0.0457 0.0230 0.0015
0.0214 0.0205 0.0029
-0.0010 0.0125 0.0098
-0.0180 0.0173 0.0067
-0.0110 0.0141 -0.0044
0.0156 0.0098 0.0002
0.0288 0.0182 0.0037
0.0247 0.0120 0.0070
-0.0098 0.0089 0.0196
-0.0398 -0.0139 0.0245
-0.0438 -0.0231 0.0238
-0.0168 -0.0234 0.0226
0.0181 0.0083 0.0299
0.0285 0.0188 0.0265
0.0237 0.0068 0.0175
-0.0017 -0.0198 0.0019
-0.0067 -0.0187 -0.0017
0.0019 -0.0096 -0.0049
0.0219 -0.0116 -0.0029
0.0278 -0.0131 0.0041
0.0224 -0.0014 0.0082
0.0076 0.0056 0.0095
0.0006 -0.0083 0.0035
0.0051 -0.0255 0.0017
-0.0018 -0.0186 0.0023
-0.0014 -0.0078 0.0056
0.0199 0.0109 0.0077
0.0363 0.0124 -0.0030
0.0396 0.0005 0.0005
0.0266 -0.0215 0.0015
0.0104 0.0004 0.0145
0.0089 0.0070 0.0189
0.0080 0.0096 0.0141
0.0207 0.0002 0.0006
0.0244 -0.0006 -0.0018
0.0232 -0.0200 -0.0041
0.0158 -0.0114 -0.0002
0.0098 -0.0072 -0.0003
0.0038 0.0034 0.0037
0.0068 -0.0042 0.0024
0.0266 -0.0051 0.0010
0.0306 -0.0058 -0.0061
0.0223 -0.0163 0.0002
0.0173 -0.0225 0.0110
0.0384 -0.0070 0.0087
0.0474 0.0076 0.0091
0.0426 0.0525 0.0067
0.0233 0.0775 0.0070
0.0206 0.0578 0.0165
0.0298 0.0087 0.0323

