-0.0014 -0.8231 -0.5159
-0.0072 -0.8191 -0.5352
-0.0014 -0.8287 -0.5524
-0.0018 -0.8300 -0.5624
-0.0075 -0.8286 -0.5558
-0.0075 -0.8286 -0.5558
0.0007 -0.8359 -0.5544
0.0042 -0.8324 -0.5626
0.0033 -0.8299 -0.5634
0.0080 -0.8247 -0.5497
0.0080 -0.8247 -0.5497
0.0010 -0.8264 -0.5341
-0.0101 -0.8328 -0.5362
-0.0044 -0.8244 -0.5413
0.0006 -0.8270 -0.5433
0.0038 -0.8219 -0.5485
0.0038 -0.8219 -0.5485
0.0004 -0.8164 -0.5447
-0.0076 -0.8190 -0.5299
-0.0001 -0.8313 -0.5341
0.0073 -0.8281 -0.5411
0.0051 -0.8170 -0.5398
0.0051 -0.8170 -0.5398
0.0075 -0.8238 -0.5445
0.0033 -0.8322 -0.5501
0.0022 -0.8297 -0.5449
0.0095 -0.8207 -0.5334
0.0052 -0.8246 -0.5320
0.0052 -0.8246 -0.5320
0.0058 -0.8283 -0.5339
-0.0005 -0.8254 -0.5355
-0.0033 -0.8240 -0.5601
0.0062 -0.8256 -0.5505
-0.0006 -0.8237 -0.5423
-0.0006 -0.8237 -0.5423
-0.0042 -0.8275 -0.5338
-0.0008 -0.8175 -0.5350
-0.0052 -0.8192 -0.5361
0.0048 -0.8256 -0.5401
0.0048 -0.8256 -0.5401
0.0036 -0.8217 -0.5379
0.0060 -0.8276 -0.5476
0.0086 -0.8255 -0.5450
-0.0006 -0.8334 -0.5475
-0.0078 -0.8363 -0.5499
-0.0078 -0.8363 -0.5499
-0.0101 -0.8362 -0.5442
0.0293 -0.7719 -0.4938
0.0000 -0.8681 -0.5875
-0.0043 -0.8465 -0.6137
0.0027 -0.8360 -0.5668
0.0027 -0.8360 -0.5668
0.0070 -0.8029 -0.5168
0.0021 -0.8339 -0.5016
-0.0054 -0.8451 -0.5283
-0.0054 -0.8451 -0.5283
0.0174 -0.8266 -0.5384
0.0144 -0.8237 -0.5251
0.0063 -0.8318 -0.5268
0.0046 -0.8275 -0.5236
0.0054 -0.8279 -0.5328
-0.0010 -0.8327 -0.5430
-0.0010 -0.8327 -0.5430
-0.0061 -0.8265 -0.5366
0.0008 -0.8308 -0.5282
0.0025 -0.8313 -0.5360
0.0058 -0.8312 -0.5313
0.0058 -0.8312 -0.5313
0.0047 -0.8284 -0.5213
0.0123 -0.8309 -0.5110
0.0182 -0.8258 -0.4952
0.0257 -0.8185 -0.4876
0.0372 -0.8121 -0.4846
0.0372 -0.8121 -0.4846
0.0488 -0.8053 -0.4837
0.0730 -0.7956 -0.4745
0.0983 -0.7808 -0.4580
0.1231 -0.7459 -0.4539
0.1467 -0.7231 -0.4591
0.1467 -0.7231 -0.4591
0.1482 -0.6941 -0.4509
0.1476 -0.6556 -0.3858
0.1577 -0.6530 -0.3699
0.1587 -0.6575 -0.3336
0.1510 -0.6596 -0.4029
0.1510 -0.6596 -0.4029
0.1938 -0.6689 -0.4728
0.2059 -0.6381 -0.4500
0.1825 -0.5918 -0.4492
0.1438 -0.5146 -0.7589
0.1956 -0.6180 -0.6932
0.1956 -0.6180 -0.6932
0.1948 -0.6668 -0.6862
0.1702 -0.6727 -0.7280
0.1149 -0.7043 -0.7654
0.0606 -0.7267 -0.7621
0.0606 -0.7267 -0.7621
0.0264 -0.7554 -0.7894
0.0175 -0.7608 -0.8232
0.0350 -0.7285 -0.8340
0.0591 -0.7017 -0.8668
0.0996 -0.6360 -0.8259
0.0996 -0.6360 -0.8259
0.1444 -0.6335 -0.8800
0.1372 -0.6180 -0.8505
0.1473 -0.5829 -0.8809
0.1494 -0.5979 -0.8776
0.1315 -0.6273 -0.8907
0.1315 -0.6273 -0.8907
0.0966 -0.6216 -0.8809
0.0669 -0.6243 -0.8857
0.0286 -0.6064 -0.8979
-0.0087 -0.5740 -0.9230
-0.0338 -0.5206 -0.9203
-0.0338 -0.5206 -0.9203
-0.0290 -0.4855 -0.9031
-0.0057 -0.4731 -0.8991
0.0067 -0.4313 -0.8585
0.0000 -0.4305 -0.8414
0.0000 -0.4305 -0.8414
-0.0203 -0.4359 -0.7826
-0.0215 -0.4551 -0.7864
-0.0413 -0.4972 -0.8425
-0.0616 -0.5263 -0.9731
-0.0779 -0.5283 -1.0612
-0.0779 -0.5283 -1.0612
-0.0900 -0.5162 -1.1099
-0.1028 -0.5148 -1.1601
-0.1221 -0.5023 -1.1945
-0.1589 -0.4661 -1.2058
-0.1925 -0.4240 -1.1794
-0.1925 -0.4240 -1.1794
-0.2123 -0.3993 -1.1413
-0.2230 -0.3623 -1.0857
-0.1990 -0.3163 -0.9952
-0.1521 -0.2897 -0.8561
-0.1201 -0.2953 -0.7193
-0.1201 -0.2953 -0.7193
-0.0807 -0.3229 -0.6069
-0.0584 -0.3430 -0.5319
-0.0513 -0.3708 -0.5258
-0.0676 -0.3926 -0.5404
-0.0872 -0.3940 -0.5765
-0.0872 -0.3940 -0.5765
-0.0932 -0.4138 -0.6072
-0.0877 -0.4283 -0.6814
-0.1035 -0.4523 -0.7929
-0.1230 -0.4709 -0.8394
-0.1230 -0.4709 -0.8394
-0.1428 -0.4694 -0.8797
-0.1273 -0.5126 -0.9324
-0.1069 -0.5360 -0.9464
-0.0820 -0.5501 -0.9459
-0.0379 -0.5861 -0.9999
-0.0379 -0.5861 -0.9999
-0.0115 -0.5910 -1.0147
0.0232 -0.6130 -1.0623
0.0776 -0.6422 -1.0941
0.1073 -0.6415 -1.0987
0.1162 -0.6248 -1.1467
0.1162 -0.6248 -1.1467
0.1295 -0.5708 -1.2080
0.1675 -0.4850 -1.2312
0.2290 -0.4016 -1.1339
0.2795 -0.3797 -0.9927
0.3209 -0.4276 -0.8428
0.3209 -0.4276 -0.8428
0.3750 -0.4683 -0.7676
0.4012 -0.4791 -0.7851
0.3888 -0.4368 -0.8517
0.3440 -0.3834 -0.9137
0.3440 -0.3834 -0.9137
0.2815 -0.3394 -0.9328
0.2199 -0.3052 -0.9251
0.1648 -0.2974 -0.9015
0.0922 -0.2836 -0.8610
0.0251 -0.2932 -0.8095
0.0251 -0.2932 -0.8095
-0.0326 -0.3074 -0.7238
-0.0694 -0.3322 -0.6375
-0.0933 -0.3811 -0.5715
-0.1169 -0.4221 -0.5516
-0.1337 -0.4620 -0.5854
-0.1337 -0.4620 -0.5854
-0.1544 -0.4785 -0.6275
-0.1782 -0.4858 -0.6865
-0.2021 -0.4799 -0.7422
-0.2201 -0.4685 -0.8318
-0.2281 -0.4548 -0.8922
-0.2281 -0.4548 -0.8922
-0.2423 -0.4432 -0.9556
-0.2826 -0.4424 -1.0031
-0.3214 -0.4462 -1.0366
-0.3524 -0.4652 -1.0308
-0.3845 -0.4782 -1.0921
-0.3845 -0.4782 -1.0921
-0.4249 -0.4815 -1.1390
-0.4569 -0.4305 -1.2317
-0.4714 -0.3585 -1.2665
-0.4714 -0.3002 -1.1596
-0.4714 -0.3002 -1.1596
-0.4234 -0.3230 -1.0047
-0.3566 -0.3830 -0.8945
-0.3289 -0.3962 -0.7735
-0.3193 -0.4330 -0.8275
-0.2907 -0.3906 -0.8999
-0.2907 -0.3906 -0.8999
-0.2294 -0.2645 -0.9052
-0.1158 -0.2128 -0.8544
0.0055 -0.2114 -0.7645
0.1086 -0.2615 -0.6862
0.1581 -0.3422 -0.6220
0.1581 -0.3422 -0.6220
0.1555 -0.4118 -0.5624
0.1447 -0.4819 -0.5414
0.1343 -0.5554 -0.5484
0.1251 -0.6072 -0.5997
0.0954 -0.6329 -0.6557
0.0954 -0.6329 -0.6557
0.0772 -0.6440 -0.7116
0.0926 -0.6433 -0.7736
0.1127 -0.6520 -0.8404
0.1271 -0.6753 -0.8849
0.1295 -0.7023 -0.9243
0.1295 -0.7023 -0.9243
0.1130 -0.7281 -0.9794
0.0702 -0.7327 -1.0087
0.0445 -0.7735 -1.0360
0.0199 -0.7699 -1.0943
0.0199 -0.7699 -1.0943
-0.0053 -0.7316 -1.1112
-0.0003 -0.6740 -1.0848
0.0428 -0.5887 -0.9720
0.0989 -0.5360 -0.8547
0.1555 -0.5305 -0.7493
0.1555 -0.5305 -0.7493
0.2198 -0.5496 -0.6256
0.2824 -0.5726 -0.6229
0.3071 -0.5802 -0.6638
0.2711 -0.5390 -0.7311
0.2117 -0.5146 -0.8667
0.2117 -0.5146 -0.8667
0.1462 -0.4794 -0.9711
0.0918 -0.4401 -0.9836
0.0367 -0.4158 -0.8952
-0.0088 -0.4232 -0.7907
-0.0675 -0.4656 -0.7079
-0.0675 -0.4656 -0.7079
-0.1197 -0.4996 -0.5612
-0.1409 -0.5357 -0.4815
-0.1528 -0.5843 -0.4394
-0.1613 -0.6048 -0.4450
-0.1488 -0.6105 -0.5061
-0.1488 -0.6105 -0.5061
-0.1384 -0.5959 -0.5733
-0.1233 -0.5882 -0.6453
-0.1026 -0.5981 -0.6991
-0.0763 -0.6314 -0.7184
-0.0763 -0.6314 -0.7184
-0.0482 -0.6618 -0.7500
-0.0376 -0.6795 -0.8428
-0.0657 -0.6561 -0.9382
-0.0893 -0.6628 -1.0195
-0.1273 -0.6785 -1.0688
-0.1273 -0.6785 -1.0688
-0.1900 -0.7073 -1.1833
-0.2779 -0.6666 -1.2240
-0.3548 -0.5803 -1.2905
-0.4185 -0.5144 -1.2152
-0.4303 -0.5008 -1.0352
-0.4303 -0.5008 -1.0352
-0.3678 -0.5411 -0.9040
-0.3264 -0.5285 -0.7797
-0.3150 -0.5359 -0.7641
-0.3037 -0.4833 -0.7376
-0.2583 -0.3939 -0.6919
-0.2583 -0.3939 -0.6919
-0.1478 -0.3434 -0.6175
-0.0387 -0.3271 -0.5430
0.0522 -0.3477 -0.4528
0.1382 -0.4009 -0.4011
0.1933 -0.4668 -0.3684
0.1933 -0.4668 -0.3684
0.2139 -0.5423 -0.3877
0.2167 -0.6145 -0.4343
0.2178 -0.6742 -0.5025
0.2306 -0.7005 -0.5992
0.2306 -0.7005 -0.5992
0.2318 -0.7301 -0.7584
0.1957 -0.7318 -0.8667
0.1828 -0.7235 -0.9629
0.1988 -0.7437 -1.0297
0.1987 -0.7548 -0.9862
0.1987 -0.7548 -0.9862
0.2007 -0.8015 -0.9755
0.1833 -0.8250 -0.9494
0.1743 -0.8497 -0.9720
0.1647 -0.8491 -0.9737
0.1555 -0.8127 -1.0316
0.1555 -0.8127 -1.0316
0.1507 -0.7534 -1.0455
0.1478 -0.6445 -1.0642
0.1276 -0.5569 -0.9673
0.1172 -0.5094 -0.8042
0.1728 -0.5454 -0.5905
0.1728 -0.5454 -0.5905
0.2694 -0.6072 -0.4705
0.3239 -0.6707 -0.5167
0.2993 -0.6645 -0.6951
0.1839 -0.5938 -0.8491
0.1839 -0.5938 -0.8491
0.0925 -0.5362 -1.0750
-0.0161 -0.4694 -1.0195
-0.0950 -0.4480 -0.9497
-0.1323 -0.5126 -0.8949
-0.1596 -0.5207 -0.8251
-0.1596 -0.5207 -0.8251
-0.1824 -0.5217 -0.7310
-0.1898 -0.5331 -0.6220
-0.1881 -0.5653 -0.5412
-0.1828 -0.6045 -0.4864
-0.1804 -0.6232 -0.4695
-0.1804 -0.6232 -0.4695
-0.1702 -0.6373 -0.4968
-0.1544 -0.6328 -0.5480
-0.1499 -0.6211 -0.5633
-0.1512 -0.6209 -0.5843
-0.1325 -0.6516 -0.6048
-0.1325 -0.6516 -0.6048
-0.1123 -0.6631 -0.5661
-0.1011 -0.6939 -0.6128
-0.1129 -0.7119 -0.6398
-0.1220 -0.7204 -0.7032
-0.1351 -0.7321 -0.8785
-0.1351 -0.7321 -0.8785
-0.1526 -0.7271 -0.9961
-0.1840 -0.6828 -1.1179
-0.2295 -0.6217 -1.1811
-0.2533 -0.5792 -1.0663
-0.2533 -0.5792 -1.0663
-0.2474 -0.6003 -0.8741
-0.1686 -0.6606 -0.7039
-0.1110 -0.6821 -0.6016
-0.0960 -0.6937 -0.6982
-0.0992 -0.6174 -0.7870
-0.0992 -0.6174 -0.7870
-0.1029 -0.5090 -0.7815
-0.0521 -0.4832 -0.7291
0.0225 -0.5185 -0.6093
0.1165 -0.5702 -0.5441
0.1936 -0.6389 -0.5183
0.1936 -0.6389 -0.5183
0.2477 -0.6708 -0.4983
0.2729 -0.6918 -0.4919
0.2855 -0.7210 -0.5349
0.2726 -0.7264 -0.6121
0.2587 -0.7197 -0.6926
0.2587 -0.7197 -0.6926
0.2492 -0.7174 -0.7858
0.2298 -0.7076 -0.8806
0.1831 -0.6954 -0.9162
0.1241 -0.6976 -0.9117
0.0840 -0.7272 -0.8769
0.0840 -0.7272 -0.8769
0.0797 -0.7577 -0.8293
0.0724 -0.7768 -0.8021
0.0513 -0.7591 -0.7985
0.0490 -0.7150 -0.7945
0.0490 -0.7150 -0.7945
0.1079 -0.6977 -0.7346
0.1995 -0.7254 -0.6712
0.2742 -0.7395 -0.6523
0.3493 -0.7843 -0.6650
0.3807 -0.7364 -0.7257
0.3807 -0.7364 -0.7257
0.3478 -0.6136 -0.8660
0.3258 -0.5018 -0.9358
0.3703 -0.4037 -0.8511
0.4605 -0.4157 -0.6880
0.5576 -0.5145 -0.6164
0.5576 -0.5145 -0.6164
0.5632 -0.5882 -0.7035
0.4217 -0.5864 -0.9336
0.2403 -0.5495 -1.1858
0.0441 -0.4546 -1.2617
-0.1224 -0.3651 -1.1541
-0.1224 -0.3651 -1.1541
-0.1994 -0.4082 -1.1057
-0.2572 -0.4866 -1.0165
-0.2819 -0.4999 -0.8591
-0.2673 -0.5037 -0.7006
-0.2673 -0.5037 -0.7006
-0.2422 -0.5290 -0.6170
-0.2245 -0.5594 -0.5476
-0.2166 -0.5773 -0.5118
-0.2078 -0.5855 -0.5043
-0.1954 -0.5843 -0.5077
-0.1954 -0.5843 -0.5077
-0.1670 -0.5866 -0.5220
-0.1312 -0.6044 -0.5670
-0.0930 -0.6381 -0.6257
-0.0601 -0.6728 -0.7048
-0.0219 -0.7182 -0.8076
-0.0219 -0.7182 -0.8076
-0.0025 -0.8125 -0.8890
-0.0219 -0.8791 -1.0034
-0.0818 -0.8521 -1.0924
-0.1582 -0.7274 -1.1576
-0.1901 -0.5872 -1.0435
-0.1901 -0.5872 -1.0435
-0.1273 -0.5040 -0.8007
-0.0010 -0.5535 -0.5597
0.1394 -0.6286 -0.4183
0.2469 -0.7509 -0.3334
0.3212 -0.8096 -0.3702
0.3212 -0.8096 -0.3702
0.3192 -0.8191 -0.5305
0.2425 -0.7735 -0.6581
0.1417 -0.6780 -0.7590
0.0934 -0.6294 -0.8321
0.0934 -0.6294 -0.8321
0.1156 -0.6236 -0.7504
0.2000 -0.6341 -0.7109
0.2721 -0.6391 -0.6397
0.2957 -0.6587 -0.6769
0.2648 -0.6825 -0.6955
0.2648 -0.6825 -0.6955
0.2146 -0.6781 -0.7521
0.1288 -0.6954 -0.7950
0.0749 -0.7103 -0.8270
0.0100 -0.7053 -0.8425
-0.0577 -0.7204 -0.8478
-0.0577 -0.7204 -0.8478
-0.1142 -0.7217 -0.8476
-0.1446 -0.7085 -0.8103
-0.1288 -0.6908 -0.7608
-0.1186 -0.6694 -0.7458
-0.1040 -0.6604 -0.7427
-0.1040 -0.6604 -0.7427
-0.0932 -0.6323 -0.7343
-0.0795 -0.6172 -0.7595
-0.0869 -0.6104 -0.7427
-0.1036 -0.6187 -0.7208
-0.1265 -0.6304 -0.7056
-0.1265 -0.6304 -0.7056
-0.1509 -0.6366 -0.6936
-0.1709 -0.6191 -0.6744
-0.1901 -0.5984 -0.7075
-0.2340 -0.5558 -0.7145
-0.2340 -0.5558 -0.7145
-0.2627 -0.5329 -0.7435
-0.2718 -0.5056 -0.7340
-0.2234 -0.4711 -0.7008
-0.1615 -0.4738 -0.6711
-0.1155 -0.4994 -0.6592
-0.1155 -0.4994 -0.6592
-0.0840 -0.5208 -0.6587
-0.0667 -0.5594 -0.6734
-0.0363 -0.6418 -0.6635
0.0501 -0.7850 -0.6805
0.1014 -0.9275 -0.7769
0.1014 -0.9275 -0.7769
-0.0041 -0.9381 -1.1919
-0.2393 -0.8552 -1.2514
-0.3250 -0.8480 -1.0219
-0.2273 -0.9248 -0.9970
-0.1246 -0.8242 -0.9190
-0.1246 -0.8242 -0.9190
-0.1132 -0.6993 -0.7820
-0.1230 -0.6101 -0.5246
-0.0636 -0.5923 -0.3616
0.0329 -0.6219 -0.2141
0.1163 -0.6357 -0.1167
0.1163 -0.6357 -0.1167
0.1679 -0.6744 -0.1172
0.2512 -0.6966 -0.1875
0.3237 -0.7340 -0.2201
0.3679 -0.7546 -0.3394
0.3679 -0.7546 -0.3394
0.4253 -0.8078 -0.4507
0.4636 -0.8550 -0.5946
0.4655 -0.8928 -0.7068
0.4322 -0.8835 -0.8586
0.3960 -0.8686 -0.9496
0.3960 -0.8686 -0.9496
0.3681 -0.8553 -0.9605
0.3611 -0.8248 -0.8895
0.3619 -0.7944 -0.8417
0.3245 -0.7692 -0.8221
0.2723 -0.7476 -0.8225
0.2723 -0.7476 -0.8225
0.2229 -0.7291 -0.8170
0.1727 -0.7150 -0.7824
0.1524 -0.7159 -0.7611
0.1626 -0.7141 -0.7242
0.1951 -0.6953 -0.6891
0.1951 -0.6953 -0.6891
0.2191 -0.6782 -0.6586
0.2336 -0.6581 -0.6204
0.2416 -0.6499 -0.5498
0.2193 -0.6607 -0.5708
0.1384 -0.6665 -0.6189
0.1384 -0.6665 -0.6189
0.0323 -0.6493 -0.6370
-0.0558 -0.6543 -0.6619
-0.1346 -0.6909 -0.6330
-0.1703 -0.7621 -0.5755
-0.1703 -0.7621 -0.5755
-0.1868 -0.8569 -0.5591
-0.1955 -0.9212 -0.5613
-0.2222 -0.9662 -0.5898
-0.2717 -0.9690 -0.6041
-0.3020 -0.9472 -0.5958
-0.3020 -0.9472 -0.5958
-0.2797 -0.9124 -0.5481
-0.2070 -0.8936 -0.5133
-0.1166 -0.8823 -0.5253
-0.0596 -0.8387 -0.5366
-0.0085 -0.8253 -0.5915
-0.0085 -0.8253 -0.5915
0.0183 -0.8239 -0.5931
0.0287 -0.8222 -0.6024
0.0213 -0.8356 -0.6268
-0.0134 -0.8404 -0.6420
-0.0591 -0.8414 -0.6509
-0.0591 -0.8414 -0.6509
-0.0800 -0.8263 -0.6395
-0.0828 -0.8045 -0.6276
-0.0974 -0.7839 -0.6097
-0.1196 -0.7643 -0.5615
-0.1196 -0.7643 -0.5615
-0.1443 -0.7569 -0.5059
-0.1598 -0.7465 -0.4559
-0.1566 -0.7305 -0.4124
-0.1237 -0.7155 -0.3999
-0.0741 -0.6777 -0.4054
-0.0741 -0.6777 -0.4054
-0.0387 -0.6391 -0.3770
0.0133 -0.5965 -0.4020
0.0521 -0.6015 -0.4798
0.0695 -0.6046 -0.4966
0.1329 -0.6232 -0.4725
0.1329 -0.6232 -0.4725
0.2202 -0.6438 -0.5591
0.3019 -0.6646 -0.7274
0.3197 -0.6710 -0.8271
0.2684 -0.6469 -0.9582
0.2337 -0.6872 -1.0780
0.2337 -0.6872 -1.0780
0.2962 -0.8076 -1.1711
0.3433 -0.8810 -1.3446
0.2032 -0.7907 -1.5344
-0.0239 -0.6691 -1.6043
-0.1479 -0.5746 -1.4417
-0.1479 -0.5746 -1.4417
-0.1251 -0.5418 -1.2274
-0.0267 -0.5229 -0.9836
0.0258 -0.5260 -0.6987
0.0429 -0.5447 -0.4995
0.0429 -0.5447 -0.4995
0.0504 -0.5588 -0.4008
0.0940 -0.5420 -0.3943
0.1330 -0.4877 -0.4254
0.1277 -0.4412 -0.5192
0.1289 -0.4063 -0.5731
0.1289 -0.4063 -0.5731
0.1390 -0.3972 -0.5992
0.1551 -0.4155 -0.6346
0.1864 -0.4441 -0.6325
0.2249 -0.4711 -0.5982
0.2641 -0.5190 -0.5951
0.2641 -0.5190 -0.5951
0.2965 -0.5748 -0.5744
0.3050 -0.6472 -0.5739
0.2869 -0.7135 -0.5687
0.2514 -0.7696 -0.6037
0.2009 -0.7909 -0.6422
0.2009 -0.7909 -0.6422
0.1697 -0.8042 -0.6791
0.1524 -0.8039 -0.7546
0.1373 -0.7872 -0.7927
0.1227 -0.7735 -0.8135
0.1196 -0.7637 -0.7971
0.1196 -0.7637 -0.7971
0.1047 -0.7465 -0.7977
0.0779 -0.7235 -0.8018
0.0373 -0.7392 -0.8620
-0.0626 -0.7044 -0.8442
-0.0626 -0.7044 -0.8442
-0.1816 -0.6694 -0.8940
-0.3231 -0.6079 -0.9468
-0.4803 -0.5566 -0.9886
-0.5109 -0.4703 -1.0528
-0.4305 -0.3561 -0.9143
-0.4305 -0.3561 -0.9143
-0.3152 -0.3752 -0.8357
-0.2679 -0.4397 -0.7220
-0.2532 -0.5294 -0.6714
-0.2532 -0.5608 -0.6413
-0.2346 -0.5321 -0.5871
-0.2346 -0.5321 -0.5871
-0.1969 -0.5206 -0.6015
-0.1270 -0.5422 -0.6265
-0.0384 -0.5638 -0.5960
0.0289 -0.5783 -0.5560
0.0970 -0.6160 -0.5546
0.0970 -0.6160 -0.5546
0.1719 -0.6412 -0.5429
0.2452 -0.6477 -0.5969
0.3043 -0.6520 -0.6794
0.3421 -0.6452 -0.7858
0.3421 -0.6452 -0.7858
0.3519 -0.6737 -0.8963
0.3629 -0.6903 -0.9246
0.3828 -0.7043 -0.9281
0.3931 -0.7191 -0.9226
0.3835 -0.7415 -0.9025
0.3835 -0.7415 -0.9025
0.3595 -0.7892 -0.9157
0.3118 -0.8461 -0.9105
0.2780 -0.9185 -0.9244
0.2349 -0.9208 -1.0496
0.1238 -0.8221 -1.1934
0.1238 -0.8221 -1.1934
0.0139 -0.6650 -1.1632
0.0329 -0.5372 -1.0129
0.1871 -0.5327 -0.8534
0.3112 -0.5575 -0.6790
0.3944 -0.6141 -0.6377
0.3944 -0.6141 -0.6377
0.3999 -0.6030 -0.7008
0.2818 -0.5429 -0.8139
0.1665 -0.4906 -0.9314
0.0928 -0.4378 -0.9003
0.0711 -0.4405 -0.8299
0.0711 -0.4405 -0.8299
0.0507 -0.4845 -0.7548
0.0079 -0.5089 -0.6513
-0.0091 -0.5283 -0.5638
-0.0233 -0.5522 -0.5172
-0.0233 -0.5522 -0.5172
-0.0303 -0.5734 -0.4680
-0.0094 -0.5859 -0.4631
0.0204 -0.5934 -0.4995
0.0315 -0.5737 -0.5048
0.0323 -0.5678 -0.5298
0.0323 -0.5678 -0.5298
0.0602 -0.5720 -0.5505
0.0967 -0.5932 -0.5605
0.1295 -0.6240 -0.6292
0.1032 -0.6255 -0.7207
0.0404 -0.6366 -0.8667
0.0404 -0.6366 -0.8667
-0.0010 -0.6701 -0.9664
-0.0569 -0.6791 -1.0750
-0.1132 -0.6753 -1.1664
-0.2090 -0.5892 -1.3074
-0.3151 -0.5400 -1.3835
-0.3151 -0.5400 -1.3835
-0.3890 -0.5517 -1.2261
-0.3838 -0.6410 -1.0615
-0.3784 -0.6779 -0.8186
-0.3726 -0.7132 -0.7123
-0.3589 -0.6636 -0.7063
-0.3589 -0.6636 -0.7063
-0.2728 -0.5420 -0.6258
-0.1423 -0.4740 -0.6223
0.0094 -0.4659 -0.5674
0.1290 -0.4716 -0.5072
0.1290 -0.4716 -0.5072
0.2249 -0.4924 -0.4382
0.2852 -0.5209 -0.3797
0.3427 -0.5486 -0.3824
0.3948 -0.5632 -0.4162
0.4333 -0.5699 -0.5026
0.4333 -0.5699 -0.5026
0.4620 -0.5737 -0.6107
0.4832 -0.5782 -0.7280
0.4840 -0.5851 -0.8271
0.4457 -0.6104 -0.8912
0.4039 -0.6597 -0.9088
0.4039 -0.6597 -0.9088
0.3816 -0.7337 -0.9027
0.3497 -0.8141 -0.9357
0.2955 -0.8948 -0.9834
0.2337 -0.9182 -1.1073
0.1310 -0.8784 -1.2238
0.1310 -0.8784 -1.2238
0.0008 -0.7461 -1.2582
-0.0808 -0.6098 -1.1573
-0.0201 -0.5314 -0.8975
0.1443 -0.5275 -0.6384
0.3163 -0.5730 -0.4672
0.3163 -0.5730 -0.4672
0.4192 -0.6039 -0.4598
0.4012 -0.5806 -0.5863
0.2847 -0.5374 -0.6752
0.1764 -0.4761 -0.8378
0.1764 -0.4761 -0.8378
0.0929 -0.4355 -0.9633
0.0348 -0.4208 -0.9891
-0.0076 -0.4435 -0.9446
-0.0289 -0.4595 -0.8278
-0.0610 -0.4808 -0.7030
-0.0610 -0.4808 -0.7030
-0.1103 -0.5125 -0.5844
-0.1367 -0.5423 -0.5191
-0.1318 -0.5628 -0.4989
-0.1190 -0.5547 -0.5271
-0.0944 -0.5424 -0.5674
-0.0944 -0.5424 -0.5674
-0.0843 -0.5460 -0.5838
-0.0543 -0.5539 -0.6110
-0.0049 -0.5799 -0.6637
-0.0029 -0.5929 -0.7389
-0.0331 -0.6110 -0.8575
-0.0331 -0.6110 -0.8575
-0.0872 -0.6655 -0.9615
-0.1280 -0.6903 -1.0903
-0.1531 -0.6785 -1.2036
-0.1978 -0.5762 -1.2717
-0.2207 -0.4704 -1.2516
-0.2207 -0.4704 -1.2516
-0.2172 -0.4188 -1.0748
-0.1831 -0.4771 -0.8834
-0.1534 -0.5523 -0.6707
-0.1809 -0.6156 -0.6641
-0.1809 -0.6156 -0.6641
-0.2096 -0.6402 -0.8313
-0.2043 -0.5363 -0.8554
-0.1753 -0.4576 -0.7763
-0.0888 -0.4776 -0.6986
-0.0047 -0.4923 -0.5679
-0.0047 -0.4923 -0.5679
0.0767 -0.5372 -0.4841
0.1076 -0.5615 -0.4553
0.1220 -0.5791 -0.4499
0.1428 -0.6100 -0.5119
0.1627 -0.6318 -0.5548
0.1627 -0.6318 -0.5548
0.1936 -0.6521 -0.6393
0.2506 -0.6607 -0.7546
0.2843 -0.6540 -0.8903
0.3221 -0.6289 -0.9774
0.3227 -0.6065 -0.9907
0.3227 -0.6065 -0.9907
0.2665 -0.6061 -0.9107
0.2020 -0.6403 -0.8618
0.1518 -0.6624 -0.8607
0.1285 -0.6663 -0.8877
0.1285 -0.6663 -0.8877
0.1167 -0.7023 -0.9193
0.1068 -0.7239 -0.9672
0.1111 -0.6913 -1.0340
0.1159 -0.6490 -1.0511
0.0842 -0.5414 -1.1042
0.0842 -0.5414 -1.1042
0.0245 -0.4372 -1.0276
-0.0085 -0.3992 -0.8508
0.0103 -0.4472 -0.6407
0.0760 -0.5576 -0.5752
0.0860 -0.6225 -0.6743
0.0860 -0.6225 -0.6743
0.0574 -0.5998 -0.9465
-0.0154 -0.5342 -1.1741
-0.1330 -0.4413 -1.1804
-0.1877 -0.4074 -1.0440
-0.2050 -0.3782 -0.9444
-0.2050 -0.3782 -0.9444
-0.1774 -0.3761 -0.8465
-0.1022 -0.3547 -0.7506
-0.0500 -0.3388 -0.6474
-0.0275 -0.3693 -0.6169
-0.0426 -0.3974 -0.6009
-0.0426 -0.3974 -0.6009
-0.0702 -0.4269 -0.6205
-0.0912 -0.4458 -0.6807
-0.1652 -0.4802 -0.7589
-0.3248 -0.5243 -0.8192
-0.3248 -0.5243 -0.8192
-0.5483 -0.6170 -0.9030
-0.6960 -0.6855 -0.9162
-0.6319 -0.6950 -0.9653
-0.5387 -0.7176 -0.9501
-0.4696 -0.8181 -0.9617
-0.4696 -0.8181 -0.9617
-0.4072 -0.8778 -0.9845
-0.3447 -0.7358 -1.2661
-0.3134 -0.4980 -1.3801
-0.3098 -0.2668 -1.2084
-0.2379 -0.2443 -0.8635
-0.2379 -0.2443 -0.8635
-0.1213 -0.3248 -0.5427
0.0224 -0.4115 -0.3015
0.2124 -0.6195 -0.1435
0.3987 -0.5239 -0.4517
0.6259 -0.4455 -0.8335
0.6259 -0.4455 -0.8335
0.5683 -0.3901 -0.9357
0.3306 -0.2422 -0.9445
0.3472 -0.2873 -0.8641
0.4008 -0.3451 -0.8621
0.3901 -0.3973 -0.8204
0.3901 -0.3973 -0.8204
0.3466 -0.4204 -0.7823
0.3379 -0.4182 -0.8062
0.3062 -0.4195 -0.8199
0.2645 -0.4198 -0.8439
0.2645 -0.4198 -0.8439
0.2359 -0.4129 -0.8558
0.2184 -0.3971 -0.8570
0.1760 -0.3830 -0.8874
0.1208 -0.3625 -0.9430
0.0773 -0.3439 -0.9268
0.0773 -0.3439 -0.9268
0.0459 -0.3329 -0.9117
0.0262 -0.3343 -0.8828
0.0244 -0.3447 -0.8417
0.0305 -0.3492 -0.7959
0.0430 -0.3506 -0.7576
0.0430 -0.3506 -0.7576
0.0804 -0.3482 -0.7712
0.0820 -0.3291 -0.7661
0.0695 -0.3327 -0.8499
0.0901 -0.3136 -0.9053
0.0753 -0.2921 -0.9835
0.0753 -0.2921 -0.9835
0.0054 -0.2841 -1.0676
-0.0502 -0.3034 -1.1260
-0.0821 -0.3200 -1.1985
-0.1204 -0.2958 -1.3846
-0.1204 -0.2958 -1.3846
-0.1535 -0.2166 -1.4378
-0.1347 -0.1339 -1.3461
-0.0799 -0.1533 -1.1559
-0.0336 -0.2222 -0.9223
-0.0052 -0.2924 -0.7460
-0.0052 -0.2924 -0.7460
0.0090 -0.3434 -0.6305
0.0285 -0.3798 -0.6080
0.0566 -0.4097 -0.7091
0.0914 -0.4191 -0.8283
0.1345 -0.4377 -0.8660
0.1345 -0.4377 -0.8660
0.1734 -0.4693 -0.8565
0.1613 -0.4926 -0.9102
0.1416 -0.4645 -0.9588
0.1557 -0.4366 -1.0451
0.1748 -0.4498 -1.0387
0.1748 -0.4498 -1.0387
0.1834 -0.4608 -0.9913
0.1750 -0.4928 -0.9523
0.1557 -0.5177 -0.9141
0.0993 -0.4973 -0.9853
0.0428 -0.4454 -1.0293
0.0428 -0.4454 -1.0293
0.0386 -0.4148 -0.9326
0.0683 -0.4509 -0.8080
0.0786 -0.5313 -0.7168
0.0499 -0.5682 -0.7112
0.0499 -0.5682 -0.7112
-0.0264 -0.5855 -0.7355
-0.0888 -0.6002 -0.8245
-0.0934 -0.6055 -0.8451
-0.0407 -0.5968 -0.9036
0.0358 -0.5681 -0.9198
0.0358 -0.5681 -0.9198
0.0872 -0.5573 -0.8746
0.1174 -0.5602 -0.8655
0.1417 -0.5773 -0.8385
0.1555 -0.5618 -0.8610
0.1418 -0.5155 -0.9252
0.1418 -0.5155 -0.9252
0.1174 -0.4486 -0.9396
0.1182 -0.3942 -0.9112
0.1415 -0.3971 -0.8310
0.1650 -0.4470 -0.7603
0.1632 -0.4704 -0.6911
0.1632 -0.4704 -0.6911
0.1499 -0.5083 -0.7130
0.1210 -0.5264 -0.7606
0.1384 -0.5537 -0.8032
0.2169 -0.6241 -0.8183
0.2388 -0.7220 -0.9084
0.2388 -0.7220 -0.9084
0.2005 -0.7876 -1.0078
0.1898 -0.8428 -1.0919
0.1739 -0.8876 -1.2025
0.0794 -0.8732 -1.1631
0.0794 -0.8732 -1.1631
0.0155 -0.8464 -1.1861
-0.0657 -0.7825 -1.0957
-0.1183 -0.6972 -0.9428
-0.1032 -0.6557 -0.8070
-0.0740 -0.6011 -0.6727
-0.0740 -0.6011 -0.6727
0.0157 -0.5683 -0.7360
0.0076 -0.5035 -0.6468
-0.0036 -0.4627 -0.5466
0.0110 -0.4645 -0.4838
-0.0164 -0.4564 -0.4660
-0.0164 -0.4564 -0.4660
-0.0534 -0.4583 -0.5082
-0.0964 -0.4596 -0.5585
-0.1952 -0.4906 -0.5629
-0.1432 -0.5522 -0.6882
-0.1033 -0.5716 -0.6582
-0.1033 -0.5716 -0.6582
-0.0668 -0.5579 -0.6702
-0.0718 -0.5953 -0.6509
-0.0806 -0.5940 -0.6958
-0.0591 -0.6035 -0.6069
-0.0558 -0.6422 -0.5631
-0.0558 -0.6422 -0.5631
-0.0695 -0.6416 -0.6246
-0.0623 -0.6553 -0.6216
-0.0312 -0.6595 -0.6012
0.0164 -0.6589 -0.6442
0.0164 -0.6589 -0.6442
0.0444 -0.6703 -0.6637
0.0442 -0.6796 -0.6766
0.0052 -0.6912 -0.6871
-0.0043 -0.7075 -0.6954
0.0142 -0.7010 -0.7134
0.0142 -0.7010 -0.7134
0.0196 -0.6863 -0.7116
0.0135 -0.6994 -0.7077
0.0042 -0.7049 -0.7032
0.0026 -0.7114 -0.6942
0.0017 -0.7081 -0.7006
0.0017 -0.7081 -0.7006
0.0012 -0.7125 -0.7236
0.0043 -0.7219 -0.7104
0.0067 -0.7208 -0.7079
0.0142 -0.7050 -0.7204
0.0221 -0.7065 -0.7323
0.0221 -0.7065 -0.7323
0.0171 -0.7045 -0.7096
0.0205 -0.7069 -0.7026
0.0141 -0.7039 -0.6833
0.0173 -0.7104 -0.6789
0.0301 -0.7134 -0.6908
0.0301 -0.7134 -0.6908
0.0392 -0.7035 -0.6976
0.0363 -0.6935 -0.7126
0.0331 -0.7021 -0.7000
0.0345 -0.6888 -0.6952
0.0345 -0.6888 -0.6952
0.0324 -0.6922 -0.6864
0.0340 -0.6911 -0.6935
0.0274 -0.7102 -0.7078
0.0288 -0.7129 -0.6874
0.0264 -0.7282 -0.6603
0.0264 -0.7282 -0.6603
0.0165 -0.7395 -0.6503
0.0229 -0.7479 -0.6385
0.0329 -0.7554 -0.6131
0.0322 -0.7662 -0.6199
0.0239 -0.7822 -0.6199
0.0239 -0.7822 -0.6199
0.0309 -0.7901 -0.6243
0.0413 -0.7957 -0.6134
0.0380 -0.8029 -0.5952
0.0392 -0.8152 -0.5917
0.0514 -0.8122 -0.5997
0.0514 -0.8122 -0.5997
0.0549 -0.8019 -0.5846
0.0555 -0.7988 -0.5744
0.0445 -0.7943 -0.5629
0.0450 -0.8016 -0.5568
0.0450 -0.8016 -0.5568
0.0432 -0.7971 -0.5394
0.0358 -0.8017 -0.5229
0.0231 -0.8004 -0.5050
0.0244 -0.8039 -0.5060
0.0164 -0.8139 -0.5186
0.0164 -0.8139 -0.5186
0.0200 -0.8068 -0.5353
0.0213 -0.8062 -0.5194
0.0021 -0.8168 -0.5235
-0.0014 -0.8242 -0.5468
0.0143 -0.8204 -0.5487
0.0143 -0.8204 -0.5487
0.0200 -0.8117 -0.5444
0.0228 -0.8164 -0.5403
0.0208 -0.8173 -0.5539
0.0122 -0.8109 -0.5483
0.0186 -0.8202 -0.5568
0.0186 -0.8202 -0.5568
0.0213 -0.8206 -0.5470
0.0197 -0.8127 -0.5546
0.0152 -0.8123 -0.5633
0.0216 -0.8194 -0.5649
0.0190 -0.8146 -0.5610
0.0190 -0.8146 -0.5610
-0.0024 -0.8121 -0.5497
-0.0008 -0.8219 -0.5407
0.0073 -0.8159 -0.5490
-0.0043 -0.8119 -0.5598
-0.0043 -0.8119 -0.5598
-0.0002 -0.8078 -0.5637
0.0109 -0.8176 -0.5693
0.0155 -0.8190 -0.5662
0.0172 -0.8152 -0.5656
0.0085 -0.8206 -0.5563
0.0085 -0.8206 -0.5563
0.0145 -0.8218 -0.5608
0.0155 -0.8174 -0.5571
0.0105 -0.8167 -0.5590
0.0072 -0.8173 -0.5653
0.0039 -0.8190 -0.5551
0.0039 -0.8190 -0.5551
0.0133 -0.8207 -0.5664
0.0162 -0.8091 -0.5681
0.0027 -0.8055 -0.5620
0.0031 -0.8118 -0.5665
0.0077 -0.8168 -0.5590
0.0077 -0.8168 -0.5590
0.0022 -0.8186 -0.5468
-0.0027 -0.8194 -0.5447
0.0099 -0.8198 -0.5365
-0.0006 -0.8143 -0.5485
-0.0006 -0.8143 -0.5485
-0.0050 -0.8150 -0.5636
0.0048 -0.8189 -0.5713
0.0029 -0.8199 -0.5690
0.0002 -0.8159 -0.5622
0.0041 -0.8161 -0.5500
0.0041 -0.8161 -0.5500
0.0073 -0.8185 -0.5550
0.0044 -0.8149 -0.5502
0.0073 -0.8163 -0.5487
0.0077 -0.8182 -0.5430
0.0117 -0.8206 -0.5627
0.0117 -0.8206 -0.5627
0.0110 -0.8184 -0.5638
0.0046 -0.8210 -0.5508
0.0108 -0.8206 -0.5439
0.0065 -0.8151 -0.5427
0.0037 -0.8124 -0.5471
0.0037 -0.8124 -0.5471
0.0118 -0.8060 -0.5581
0.0085 -0.8187 -0.5529
-0.0075 -0.8170 -0.5493
-0.0116 -0.8231 -0.5489
-0.0045 -0.8311 -0.5441
-0.0045 -0.8311 -0.5441
0.0012 -0.8262 -0.5476
0.0034 -0.8245 -0.5549
-0.0071 -0.8309 -0.5548
-0.0119 -0.8274 -0.5522
-0.0119 -0.8274 -0.5522
-0.0050 -0.8366 -0.5451
0.0038 -0.8293 -0.5432
-0.0056 -0.8176 -0.5493
0.0052 -0.8220 -0.5628
0.0197 -0.8191 -0.5463
0.0197 -0.8191 -0.5463
0.0070 -0.8136 -0.5421
0.0114 -0.8202 -0.5452
0.0212 -0.8255 -0.5493
0.0161 -0.8139 -0.5221
0.0193 -0.8221 -0.5283
0.0193 -0.8221 -0.5283
0.0050 -0.8157 -0.5197
0.0065 -0.8258 -0.5282
0.0096 -0.8193 -0.5502
0.0052 -0.8125 -0.5602
-0.0049 -0.8105 -0.5294
-0.0049 -0.8105 -0.5294
0.0008 -0.8183 -0.5305
0.0059 -0.8095 -0.5474
0.0122 -0.8120 -0.5417
0.0100 -0.8204 -0.5443
0.0047 -0.8193 -0.5317
0.0047 -0.8193 -0.5317
0.0147 -0.8334 -0.5379
0.0161 -0.8233 -0.5292
0.0234 -0.8261 -0.5571
0.0227 -0.8245 -0.5741
0.0227 -0.8245 -0.5741
0.0263 -0.8205 -0.5826
0.0279 -0.8235 -0.5949
0.0187 -0.8171 -0.5866
0.0118 -0.8207 -0.5636
0.0089 -0.8163 -0.5509
0.0089 -0.8163 -0.5509
0.0129 -0.8171 -0.5516
0.0131 -0.8219 -0.5659
0.0132 -0.8197 -0.5661
0.0147 -0.8197 -0.5477
0.0127 -0.8214 -0.5526
0.0127 -0.8214 -0.5526
0.0113 -0.8221 -0.5562
0.0069 -0.8172 -0.5511
0.0137 -0.8204 -0.5632
0.0192 -0.8145 -0.5588
0.0149 -0.8218 -0.5652
0.0149 -0.8218 -0.5652
0.0150 -0.8234 -0.5491
0.0141 -0.8186 -0.5437
0.0001 -0.8162 -0.5593
0.0135 -0.8186 -0.5561
0.0194 -0.8181 -0.5488
0.0194 -0.8181 -0.5488
0.0165 -0.8186 -0.5420
0.0083 -0.8193 -0.5367
0.0025 -0.8254 -0.5374
0.0089 -0.8240 -0.5480
0.0089 -0.8240 -0.5480
0.0153 -0.8172 -0.5568
0.0092 -0.8146 -0.5484
0.0160 -0.8195 -0.5576
0.0199 -0.8189 -0.5441
0.0158 -0.8195 -0.5420
0.0158 -0.8195 -0.5420
0.0136 -0.8214 -0.5451
0.0147 -0.8230 -0.5266
0.0106 -0.8264 -0.5457
0.0109 -0.8229 -0.5466
0.0077 -0.8287 -0.5561
0.0077 -0.8287 -0.5561
0.0049 -0.8276 -0.5729
0.0299 -0.8180 -0.5481
0.0245 -0.8187 -0.5337
0.0038 -0.8209 -0.5319
0.0111 -0.8249 -0.5405
0.0111 -0.8249 -0.5405
0.0118 -0.8194 -0.5606
0.0186 -0.8221 -0.5478
0.0202 -0.8237 -0.5355
0.0155 -0.8158 -0.5208
0.0155 -0.8154 -0.5642
0.0155 -0.8154 -0.5642
-0.0024 -0.8158 -0.5395
0.0050 -0.8231 -0.5076
0.0206 -0.8277 -0.5626
0.0226 -0.8074 -0.5437
0.0226 -0.8074 -0.5437
0.0114 -0.8192 -0.5434
0.0033 -0.8286 -0.5581
0.0165 -0.8183 -0.5540
0.0152 -0.8226 -0.5495
0.0179 -0.8322 -0.5507
0.0179 -0.8322 -0.5507
0.0170 -0.8194 -0.5611
0.0192 -0.8100 -0.5560
0.0154 -0.8190 -0.5469
0.0154 -0.8249 -0.5492
0.0150 -0.8139 -0.5518
0.0150 -0.8139 -0.5518
0.0116 -0.8243 -0.5566
0.0150 -0.8245 -0.5612
0.0251 -0.8154 -0.5670
0.0169 -0.8114 -0.5490
0.0100 -0.8161 -0.5438
0.0100 -0.8161 -0.5438
0.0074 -0.8179 -0.5316
0.0446 -0.7766 -0.5525
0.0011 -0.9061 -0.6655
0.0246 -0.7750 -0.5262

