-0.0268 0.0468 -0.0093
-0.0587 0.0797 -0.0061
-0.0295 0.0472 -0.0017
-0.0127 0.0248 -0.0002
-0.0008 -0.0001 -0.0022
-0.0218 -0.0154 0.0134
-0.0266 -0.0277 0.0114
-0.0212 -0.0353 0.0024
0.0232 -0.0225 -0.0038
0.0445 -0.0078 -0.0012
0.0622 0.0128 -0.0092
0.0344 -0.0072 -0.0035
0.0161 -0.0293 0.0054
-0.0185 -0.0454 0.0093
-0.0229 -0.0319 0.0223
-0.0145 -0.0406 0.0167
0.0317 -0.0529 0.0069
0.0543 -0.0284 0.0014
0.0475 0.0092 -0.0094
-0.0041 0.0064 -0.0009
-0.0114 -0.0012 0.0043
0.0150 0.0145 -0.0052
0.0384 0.0078 -0.0032
0.0427 0.0028 0.0034
0.0215 -0.0148 0.0133
0.0032 0.0155 0.0291
0.0079 0.0366 0.0316
0.0380 0.0643 0.0172
0.0434 0.0614 0.0098
0.0299 0.0531 0.0046
0.0051 0.0328 0.0030
0.0139 0.0066 0.0104
0.0196 0.0116 0.0182
0.0147 0.0305 0.0166
0.0136 0.0370 0.0215
0.0255 0.0349 0.0212
0.0201 0.0367 0.0127
-0.0035 0.0248 0.0035
-0.0057 0.0092 -0.0009
-0.0139 0.0100 -0.0121
-0.0136 0.0186 -0.0070
0.0137 0.0605 0.0056
0.0459 0.0334 0.0091
0.0450 0.0085 0.0152
-0.0002 -0.0257 0.0173
-0.0043 0.0046 0.0448
0.1259 0.1864 -0.0399
0.2007 0.1669 -0.0954
0.0702 0.0071 0.0062
-0.0474 -0.0847 0.0389
-0.1365 -0.1447 0.0925
-0.0080 -0.0358 0.0515
0.0791 0.0360 0.0175
0.1325 0.0555 -0.0028
0.0103 -0.0034 0.0068
0.0103 -0.0034 0.0068
0.0376 -0.0718 0.0158
0.0500 -0.0710 0.0170
0.0416 -0.0348 0.0079
0.0284 -0.0136 -0.0090
0.0259 -0.0209 -0.0112
0.0405 -0.0434 -0.0042
0.0408 -0.0476 -0.0025
0.0277 -0.0492 0.0051
0.0041 -0.0535 0.0126
0.0091 -0.0689 0.0133
0.0241 -0.0679 0.0093
0.0522 -0.0560 0.0070
0.0506 -0.0421 0.0130
0.0308 -0.0237 0.0275
-0.0019 0.0081 0.0234
-0.0147 0.0179 0.0291
-0.0306 0.0419 0.0310
-0.0627 0.0733 0.0543
-0.0779 0.1016 0.0750
-0.1282 0.1397 0.0919
-0.2039 0.2029 0.0864
-0.2638 0.2214 0.0782
-0.3570 0.2602 0.0701
-0.4510 0.3159 0.0600
-0.4660 0.4119 0.0470
-0.4051 0.5468 0.0363
-0.4216 0.6266 0.0617
-0.5107 0.6450 0.0956
-0.8500 0.4375 0.1806
-1.2513 -0.0235 0.3673
-1.3892 -0.2002 0.4615
-1.5831 -0.1763 0.5903
-1.5287 0.7155 0.8422
-1.3463 0.9710 1.0107
-1.3412 1.2292 1.1039
-1.4668 0.9502 1.0443
-1.4754 0.8074 1.0449
-1.3167 0.5427 1.1491
-1.2339 0.4761 1.2224
-1.1685 0.5768 1.3394
-1.2626 0.8221 1.3398
-1.3170 0.9072 1.3059
-1.3745 1.0550 1.2310
-1.4385 1.1635 1.1769
-1.4411 1.2400 1.1635
-1.4447 1.5822 1.1651
-1.3495 1.6262 1.2924
-1.2157 1.6068 1.3970
-0.8467 1.5668 1.5381
-0.6624 1.2908 1.5085
-0.6253 1.1207 1.4692
-0.4897 0.7518 1.4203
-0.2203 0.4834 1.3694
-0.1106 0.3980 1.3251
-0.0063 0.2594 1.2309
0.0671 0.1389 1.0984
0.1498 0.0868 1.0253
0.4165 -0.0043 0.8618
0.6913 -0.1315 0.6871
0.7793 -0.2302 0.6293
0.8203 -0.4591 0.5552
0.6744 -0.5806 0.5385
0.5567 -0.5590 0.5554
0.2428 -0.2901 0.6282
-0.2295 -0.0408 0.7865
-0.4757 0.0703 0.8720
-0.8325 0.1960 0.9743
-0.8870 0.1934 0.9700
-0.7404 0.1897 0.8488
-0.5626 0.2284 0.6668
-0.5359 0.2223 0.6079
-0.4697 0.1987 0.5946
-0.2544 0.1919 0.5437
-0.1003 0.2377 0.4669
0.1422 0.3424 0.2768
0.2047 0.3769 0.1266
0.1957 0.3757 0.0618
0.2475 0.4815 -0.0605
0.4351 0.6158 -0.1428
0.5617 0.6930 -0.1469
0.7486 0.7240 -0.0796
0.7419 0.6033 0.0315
0.6493 0.5524 0.0674
0.3776 0.4364 0.1170
0.1607 0.2211 0.1528
0.0919 0.1597 0.1450
-0.0596 0.1673 0.0360
-0.2415 0.2225 -0.0945
-0.3312 0.1857 -0.1339
-0.5306 -0.0033 -0.1308
-0.6064 -0.2424 -0.0660
-0.5553 -0.1886 -0.0509
-0.4237 0.0099 -0.0708
-0.3904 0.0399 -0.0675
-0.3263 0.0248 -0.0052
-0.1848 0.0864 0.0194
-0.1323 0.0755 0.0104
-0.0727 -0.0566 0.0148
0.0294 -0.1382 0.0246
0.0789 -0.1819 0.0227
0.1250 -0.2152 0.0319
0.1086 -0.0046 0.0682
0.0550 0.1042 0.0748
-0.1394 0.2081 0.0548
-0.2973 0.2089 -0.0057
-0.2632 0.2176 -0.0179
0.0672 0.3049 0.0620
0.4900 0.5519 0.2994
0.6149 0.6917 0.4818
0.6183 0.9110 0.9078
0.3860 0.8994 1.2507
0.2284 0.7674 1.3557
-0.0050 0.3060 1.4413
-0.0188 -0.1733 1.3389
0.0625 -0.3130 1.2807
0.2880 -0.2810 1.2768
0.4311 -0.0317 1.4216
0.4429 0.0890 1.5280
0.3934 0.2981 1.7168
0.3956 0.3963 1.8097
0.4345 0.4247 1.8155
0.5377 0.5231 1.7312
0.5774 0.5980 1.6610
0.5542 0.6857 1.5395
0.4370 0.6603 1.4608
0.3598 0.5646 1.4138
0.2141 0.2713 1.2664
0.1410 0.0578 1.0014
0.1225 0.0123 0.8360
0.0903 0.0298 0.5150
-0.0120 0.1174 0.2382
-0.0753 0.1289 0.1240
-0.1313 0.1536 -0.0443
-0.1159 0.1008 -0.1463
-0.1237 0.0723 -0.1871
-0.1556 -0.0005 -0.2641
-0.1755 -0.0337 -0.3134
-0.2162 -0.0662 -0.3405
-0.4030 -0.2853 -0.4194
-0.5451 -0.5043 -0.5518
-0.5681 -0.5939 -0.6586
-0.4515 -0.8146 -0.9343
0.0308 -0.7546 -1.1167
0.3551 -0.6208 -1.1097
0.8762 -0.4357 -0.8576
0.9591 -0.6674 -0.5632
0.8286 -0.8295 -0.5427
0.2777 -1.2567 -0.8141
-0.3358 -1.7862 -1.4338
-0.4695 -1.8344 -1.8114
-0.3096 -1.4997 -2.4584
-0.1303 -1.2137 -2.6259
0.1479 -0.6594 -2.5508
0.2459 -0.3604 -2.0895
0.2553 -0.3471 -1.7970
0.2075 -0.4827 -1.3012
0.1194 -0.5856 -1.0359
0.0920 -0.6200 -0.9821
0.0772 -0.6866 -0.9852
0.0317 -0.8236 -1.0822
-0.0068 -0.8920 -1.1478
-0.0933 -0.9333 -1.2525
-0.1725 -0.8264 -1.2733
-0.1816 -0.7232 -1.2459
-0.1828 -0.4693 -1.1296
-0.1394 -0.2340 -0.9153
-0.1016 -0.1049 -0.7834
-0.0360 0.0874 -0.5193
0.0414 0.0748 -0.2957
0.1001 0.0368 -0.2072
0.2026 -0.0323 -0.0937
0.2030 -0.1101 -0.0769
0.1897 -0.1657 -0.1251
0.2426 -0.1562 -0.2774
0.3153 -0.0670 -0.3621
0.5331 0.2602 -0.4665
0.7148 0.5776 -0.4292
0.7537 0.6866 -0.3392
0.7361 0.7959 -0.0321
0.6654 0.9079 0.3045
0.5715 0.9109 0.4352
0.2678 0.6608 0.6287
-0.0366 0.3862 0.7066
-0.1653 0.2709 0.7017
-0.3378 0.0742 0.7145
-0.3820 0.0764 0.7550
-0.3056 0.1987 0.7744
0.0216 0.6976 0.8558
0.3095 1.1951 1.0256
0.3762 1.3104 1.1462
0.4087 1.1705 1.3655
0.4841 0.9987 1.4717
0.5273 0.9294 1.4564
0.4992 0.7673 1.3153
0.2954 0.6125 1.0721
0.1319 0.5125 0.9137
-0.1750 0.2741 0.5953
-0.3006 0.0974 0.3503
-0.2987 0.0633 0.2661
-0.2656 0.0717 0.1562
-0.2502 0.1999 0.1011
-0.2593 0.3113 0.0800
-0.3839 0.4170 0.0263
-0.5832 0.2437 -0.0474
-0.6529 0.1357 -0.1131
-0.5714 -0.0260 -0.2126
-0.4365 -0.0870 -0.1827
-0.2277 -0.2436 -0.0544
-0.2657 -0.6394 0.0206
-0.3010 -0.7526 -0.0087
-0.2301 -0.9005 -0.2127
0.1593 -0.8563 -0.4060
0.4599 -0.6618 -0.4578
1.0134 -0.1450 -0.4134
1.1953 -0.1083 -0.2940
1.1383 -0.2541 -0.2935
0.7603 -0.7966 -0.4969
0.2774 -1.3695 -0.9036
0.1313 -1.4483 -1.1430
0.0773 -1.2249 -1.5678
0.2005 -0.8139 -1.7312
0.2601 -0.6440 -1.7093
0.3014 -0.4109 -1.5560
0.2974 -0.3958 -1.3259
0.2757 -0.4721 -1.2101
0.1476 -0.6383 -1.0050
-0.0676 -0.8564 -0.8382
-0.1823 -0.9334 -0.7703
-0.3952 -1.0638 -0.6832
-0.5496 -0.9481 -0.6581
-0.6196 -0.8816 -0.6600
-0.7506 -0.8220 -0.6151
-0.7651 -0.7595 -0.5510
-0.6224 -0.5011 -0.3773
-0.2955 -0.2453 -0.1591
-0.1072 -0.0868 -0.0379
0.1921 0.3124 0.2183
0.2809 0.4739 0.4918
0.2728 0.4873 0.5971
0.2689 0.4174 0.6933
0.3370 0.3771 0.6745
0.3862 0.3957 0.6206
0.4203 0.3923 0.4954
0.4007 0.5616 0.4651
0.4220 0.6492 0.4863
0.6337 0.7869 0.6444
0.9730 1.1800 0.8955
1.1044 1.4239 1.0463
1.1518 1.9543 1.3383
0.7905 2.1982 1.5251
0.4885 2.1114 1.5844
-0.2118 1.4282 1.5917
-0.6716 0.5330 1.4864
-0.7340 0.2286 1.4306
-0.5274 -0.0620 1.3544
0.0538 0.6636 1.3030
0.3136 1.2526 1.2899
0.4619 1.9660 1.4108
0.3856 2.0076 1.5180
0.2635 1.6851 1.6177
0.4200 1.3977 1.4911
0.5794 1.3405 1.3783
0.8488 1.3274 1.1099
0.8478 1.2113 0.8836
0.7494 1.1123 0.7907
0.4725 0.8577 0.6099
0.2721 0.5326 0.4167
0.2309 0.3748 0.3178
0.2413 0.1604 0.1296
0.2803 0.1566 -0.0096
0.2396 0.1643 -0.0627
0.0846 0.1742 -0.1340
-0.1108 0.2977 -0.1852
-0.2587 0.3188 -0.2221
-0.6114 0.3438 -0.3004
-0.9050 0.5394 -0.3675
-1.0219 0.5737 -0.3992
-1.1703 0.2405 -0.4102
-1.0487 -0.2692 -0.3943
-0.8996 -0.5162 -0.4283
-0.5012 -1.0053 -0.5671
0.0752 -1.0493 -0.6260
0.4041 -0.8197 -0.5863
0.8766 -0.2550 -0.3272
0.8527 -0.0811 -0.0646
0.6458 -0.1540 -0.0649
-0.0098 -0.7533 -0.3309
-0.3241 -1.2686 -0.5602
-0.5665 -2.0293 -1.1045
-0.2304 -1.9006 -1.4741
0.0269 -1.6105 -1.5345
0.3240 -0.7657 -1.3702
0.1491 -0.2141 -1.0211
-0.0175 -0.1820 -0.8590
-0.2395 -0.4461 -0.6074
-0.2247 -0.7755 -0.4821
-0.1687 -0.8490 -0.4794
-0.1424 -0.9078 -0.5346
-0.2346 -0.9177 -0.5396
-0.2971 -0.9193 -0.4982
-0.4179 -0.8349 -0.3872
-0.4137 -0.6903 -0.2683
-0.3449 -0.6016 -0.2047
-0.0832 -0.4686 -0.0574
0.2635 -0.2382 0.1204
0.4091 -0.1117 0.2166
0.5691 0.0900 0.4196
0.5594 0.2322 0.5076
0.5372 0.2536 0.4952
0.4979 0.2523 0.3941
0.4790 0.2299 0.2207
0.4943 0.2832 0.1482
0.5696 0.6069 0.1579
0.5733 0.8436 0.2461
0.4365 1.2044 0.5133
0.1885 1.2980 0.8193
0.0834 1.2768 0.9888
-0.0434 1.1149 1.2248
-0.1378 0.8830 1.1824
-0.1510 0.8883 1.1060
0.0579 1.4304 1.0380
0.4270 2.5223 1.2525
0.4772 3.0354 1.5010
0.1314 3.5641 2.0901
-0.5383 3.0133 2.5127
-0.8466 2.3280 2.5738
-1.1414 0.7313 2.3984
-0.7370 -0.0907 2.0166
-0.2672 0.0313 1.7728
0.6638 1.0539 1.3218
0.9118 1.8521 1.2183
0.7967 1.9670 1.3146
0.5193 1.9628 1.5911
0.5350 2.0325 1.7067
0.6408 2.0795 1.6591
0.8194 1.9752 1.4160
0.8362 1.6391 1.1137
0.7572 1.4263 0.9602
0.5187 1.0034 0.6980
0.3362 0.6425 0.5378
0.2637 0.5573 0.4691
0.1068 0.5811 0.3187
0.0124 0.6165 0.2576
-0.2193 0.6772 0.2039
-0.4722 0.7070 0.2348
-0.5630 0.6916 0.2674
-0.5883 0.5108 0.3545
-0.5140 0.3109 0.4970
-0.5128 0.1969 0.5480
-0.6377 -0.1040 0.4737
-0.6859 -0.3473 0.1212
-0.5769 -0.3879 -0.0674
-0.0591 0.0754 -0.2887
0.5943 1.0466 -0.1384
0.8115 1.4890 0.0992
0.8515 1.9389 0.6643
0.5035 1.8009 1.1379
0.3154 1.5842 1.3255
-0.0439 0.8123 1.4373
-0.4440 -0.4106 1.1167
-0.6388 -0.9464 0.8567
-0.7838 -1.1737 0.3657
-0.4182 -0.7099 0.1006
-0.1627 -0.2340 0.0924
0.0214 0.9929 0.3083
-0.1090 1.4684 0.5011
-0.4940 1.9738 0.9655
-0.7186 1.9548 1.3935
-0.7195 1.7693 1.5790
-0.5067 1.3285 1.8222
-0.1093 0.8763 1.8687
0.0842 0.7045 1.8797
0.3161 0.5122 1.8928
0.4234 0.5106 1.9163
0.4470 0.5412 1.9434
0.4523 0.6692 2.0035
0.4647 0.8463 2.0161
0.4797 0.9740 1.9868
0.5171 1.2160 1.8891
0.4723 1.4790 1.7662
0.4118 1.5350 1.6883
0.3619 1.5676 1.5791
0.4538 1.5950 1.4969
0.5304 1.5482 1.4540
0.6844 1.3837 1.3920
0.7666 1.3312 1.3191
0.7755 1.3334 1.2754
0.7265 1.3361 1.1520
0.6295 1.3596 0.9793
0.5769 1.3849 0.8809
0.4929 1.3430 0.7265
0.4457 1.2964 0.5815
0.4068 1.3061 0.4974
0.2986 1.3726 0.3648
0.1636 1.5535 0.3010
0.1329 1.6692 0.2921
0.2080 1.8327 0.3771
0.2740 1.8102 0.4596
0.3451 1.6299 0.6350
0.3425 1.4863 0.8042
0.3164 1.4905 0.8712
0.2390 1.6792 0.9695
0.1923 1.8857 1.1585
0.1804 1.9107 1.3185
-0.0038 1.4185 1.6244
-0.4650 -0.0955 1.4732
-0.5440 -0.4906 1.2504
-0.0084 0.3406 0.7685
0.6999 1.5779 0.6420
0.7314 1.5106 0.6813
0.3211 0.5784 0.5288
0.1644 -0.0628 0.2698
0.3749 0.0456 0.2252
0.9879 0.3576 0.2416
1.2230 0.2451 0.3677
1.1303 0.1148 0.4069
0.6045 -0.0820 0.3460
-0.1482 -0.1639 0.1391
-0.4999 -0.2075 0.0252
-0.9423 -0.2604 -0.0814
-0.8833 0.0514 0.0010
-0.7412 0.1408 0.0612
-0.5238 0.0977 0.1732
-0.4995 -0.0432 0.1974
-0.5753 -0.2231 0.1972
-0.6111 -0.2247 0.1810
-0.5759 -0.1915 0.1816
-0.3926 0.0233 0.2091
-0.1329 0.3914 0.2801
-0.0418 0.6104 0.3312
-0.0098 0.9329 0.4596
-0.0942 0.9184 0.6228
-0.1009 0.8829 0.7121
0.0293 0.8087 0.8948
0.2972 0.7843 0.9873
0.4251 0.8007 0.9799
0.5753 0.8781 0.8318
0.5173 1.0772 0.5767
0.4414 1.2627 0.4449
0.3349 1.6120 0.2366
0.2778 1.7806 0.1459
0.2694 1.7859 0.1335
0.2359 1.7655 0.1140
0.0743 1.7212 0.1172
-0.0578 1.5856 0.1525
-0.2831 1.2809 0.2602
-0.3619 1.1962 0.2732
-0.3336 1.1621 0.2784
-0.2172 1.1454 0.3047
-0.1214 1.2089 0.3677
-0.1205 1.2287 0.4111
-0.1848 1.0399 0.5212
-0.2008 0.8574 0.5736
-0.1445 0.3298 0.5989
-0.0127 -0.2536 0.4980
0.0291 -0.4562 0.3760
0.0982 -0.6328 0.0945
0.1794 -0.5118 -0.1335
0.1575 -0.4008 -0.2192
-0.0306 -0.3989 -0.3041
-0.2314 -0.5409 -0.3282
-0.2814 -0.6116 -0.3287
-0.3037 -0.7247 -0.2738
-0.2965 -0.5933 -0.1311
-0.3368 -0.4645 -0.0227
-0.4750 -0.2882 0.2975
-0.5773 -0.2869 0.6865
-0.5692 -0.3138 0.8536
-0.4387 -0.2776 1.0337
-0.2326 -0.1414 1.0284
-0.1148 -0.1219 1.0132
0.1099 -0.2387 1.0152
0.3680 -0.4301 1.0277
0.4898 -0.4890 0.9985
0.6098 -0.4336 0.8108
0.5962 -0.2570 0.5403
0.5337 -0.1509 0.3855
0.2835 0.0903 0.0748
0.1427 0.2033 -0.0533
-0.1536 0.4068 -0.2551
-0.4605 0.6991 -0.3681
-0.6320 0.8429 -0.4027
-1.0203 1.0288 -0.4478
-1.3245 1.4170 -0.4716
-1.4390 1.7374 -0.4569
-1.5781 2.3438 -0.2233
-1.6400 2.4039 0.0489
-1.6658 2.1235 0.1700
-1.6241 1.4309 0.3579
-1.2651 1.3585 0.4710
-1.0845 1.5413 0.4877
-0.8419 1.9333 0.6265
-0.8717 1.8224 1.0606
-0.9541 1.4712 1.2693
-1.0484 0.3529 1.1967
-0.7727 -0.0644 0.3836
-0.4862 0.0569 -0.0226
0.1556 0.7277 -0.3274
0.6114 1.1116 0.0783
0.7863 1.1103 0.4101
1.2490 0.9132 0.9046
1.7128 0.6918 0.9818
1.7632 0.5294 0.8941
1.4160 0.1004 0.5459
1.1292 -0.1241 0.3221
0.5775 -0.4153 -0.0798
0.1861 -0.4743 -0.1932
0.0854 -0.4870 -0.1400
0.0376 -0.3511 0.0358
0.0625 -0.1017 0.0992
0.0193 -0.0209 0.0623
-0.1222 0.0311 -0.0744
-0.1829 0.1981 -0.2281
-0.1786 0.3301 -0.2715
-0.1988 0.4370 -0.2150
-0.1588 0.3659 0.0156
-0.1183 0.2864 0.1416
-0.0351 0.1347 0.3433
-0.0042 -0.0058 0.4100
0.0127 -0.0707 0.4052
0.0166 -0.1223 0.3408
-0.0074 -0.0575 0.2692
-0.0120 -0.0568 0.2427
0.1002 -0.0700 0.2028
0.3118 -0.0549 0.1677
0.3953 -0.0334 0.1534
0.4558 -0.0204 0.1444
0.4092 -0.0890 0.1471
0.3754 -0.1347 0.1570
0.3092 -0.3655 0.2311
0.3233 -0.6345 0.2693
0.3350 -0.6856 0.2390
0.2955 -0.9221 0.1353
0.2853 -1.0912 0.0823
0.1843 -1.2879 -0.1437
-0.2324 -1.2300 -0.6971
-0.3958 -1.0347 -1.0058
-0.2488 -0.2706 -1.3193
0.2218 -0.1210 -1.0202
0.3989 -0.3407 -0.7673
0.3924 -1.2431 -0.4630
-0.0720 -2.1284 -0.6282
-0.3164 -2.3427 -0.8424
-0.4784 -2.2131 -1.2462
-0.3200 -1.9572 -1.3713
-0.2361 -1.9278 -1.3527
-0.1475 -1.9922 -1.3106
-0.0696 -1.9860 -1.3045
-0.0561 -1.9259 -1.3236
-0.1682 -1.7288 -1.4171
-0.3537 -1.4653 -1.4792
-0.4475 -1.3681 -1.5050
-0.5968 -1.2835 -1.5234
-0.6684 -1.2292 -1.5059
-0.6886 -1.1904 -1.4806
-0.7130 -0.9733 -1.3728
-0.6035 -0.4436 -1.2014
-0.5129 -0.1566 -1.0863
-0.3903 0.2107 -0.8235
-0.3030 0.2800 -0.5299
-0.2281 0.2866 -0.3796
-0.0516 0.2451 -0.0875
0.0126 0.2648 0.0346
0.0606 0.4191 0.2304
-0.0078 0.3694 0.3610
-0.0857 0.1636 0.3449
-0.0911 -0.1746 0.0999
0.2207 0.2364 -0.2371
0.3967 0.7283 -0.3562
0.6520 1.5715 -0.2407
0.7676 1.8974 0.2410
0.7397 1.8496 0.4978
0.4449 1.3295 0.8480
-0.0737 0.5510 0.7779
-0.3146 0.2727 0.6052
-0.4992 0.0842 0.2597
-0.2096 0.3534 0.0713
0.0510 0.6415 0.0723
0.4109 0.9773 0.3018
0.4669 0.8921 0.6763
0.4646 0.8373 0.8122
0.4982 0.8770 0.9289
0.5740 0.9043 0.9216
0.5834 0.8714 0.8892
0.5416 0.7767 0.8026
0.3959 0.5904 0.6620
0.2857 0.4641 0.5669
0.1317 0.3567 0.3631
0.0920 0.3302 0.2758
-0.0056 0.2756 0.1546
-0.1226 0.1974 0.1008
-0.1602 0.1783 0.0986
-0.2674 0.0912 0.1077
-0.4906 -0.1140 0.0788
-0.6259 -0.2239 0.0284
-0.8210 -0.4111 -0.0529
-0.7811 -0.4310 -0.0116
-0.7241 -0.4339 0.0021
-0.6893 -0.5478 -0.0661
-0.7096 -0.8271 -0.3020
-0.6705 -1.0008 -0.4492
-0.1993 -1.0560 -0.6037
0.8323 -0.6765 -0.3583
1.3154 -0.6573 -0.1159
1.7571 -0.9915 0.2977
1.2964 -1.4984 0.0851
0.7994 -1.7308 -0.2278
-0.1608 -1.7993 -1.0704
-0.3619 -1.0392 -1.7504
-0.2285 -0.6835 -1.8555
0.0515 -0.4278 -1.6711
0.2094 -0.5604 -1.2998
0.2451 -0.6847 -1.1427
0.2360 -0.8583 -0.9613
0.1264 -0.8270 -0.8959
0.0167 -0.7746 -0.8752
-0.2316 -0.6834 -0.7884
-0.3410 -0.6260 -0.7327
-0.5614 -0.5479 -0.6159
-0.7458 -0.5231 -0.5260
-0.7955 -0.4952 -0.4808
-0.7971 -0.3793 -0.3575
-0.6252 -0.1257 -0.1343
-0.5066 0.0025 0.0284
-0.2819 0.2208 0.3992
-0.1220 0.3893 0.7220
-0.0912 0.4183 0.8486
-0.0758 0.4025 1.0311
-0.0957 0.2717 1.1017
-0.1126 0.0943 1.0571
-0.0513 -0.2534 0.7917
0.2573 -0.3035 0.3790
0.4576 -0.1355 0.1658
0.8374 0.6814 -0.0413
1.0240 1.6317 0.2546
0.9975 1.9771 0.5555
0.6892 2.1642 1.2160
0.2139 1.5384 1.6807
-0.0291 0.9978 1.7592
-0.4523 0.0272 1.6161
-0.6452 -0.1214 1.3067
-0.6426 0.0321 1.1814
-0.4086 0.6108 1.0977
-0.2184 0.9417 1.1608
0.0752 1.3034 1.4409
0.2906 1.2970 1.7101
0.4108 1.2349 1.7637
0.6415 1.0852 1.7118
0.7100 0.9849 1.5392
0.6575 0.9222 1.4333
0.4444 0.7425 1.1795
0.2492 0.5661 0.8707
0.1761 0.4901 0.6888
0.0656 0.3846 0.3114
-0.0120 0.4110 0.0789
-0.0668 0.4376 0.0268
-0.2296 0.4437 -0.0121
-0.4358 0.4061 -0.0207
-0.5358 0.3576 -0.0362
-0.6979 0.2095 -0.0653
-0.8336 0.1204 -0.0195
-0.8781 0.0752 0.0004
-0.9404 -0.1249 -0.0681
-0.8339 -0.3413 -0.2930
-0.6770 -0.4187 -0.4195
-0.1783 -0.4247 -0.5572
0.4330 -0.1352 -0.3544
0.6851 0.0002 -0.0966
0.9389 0.1016 0.5594
0.8675 0.0319 0.7887
0.2479 -0.5392 0.8403
-0.6082 -1.3697 0.3186
-0.8564 -1.5306 -0.1598
-0.5933 -1.0769 -1.1666
0.1326 -0.3725 -1.5665
0.3353 -0.1955 -1.4959
0.2774 -0.1163 -1.1228
-0.0146 -0.2256 -0.7563
-0.1374 -0.2892 -0.6647
-0.2846 -0.2956 -0.6773
-0.3257 -0.2921 -0.8005
-0.3296 -0.3815 -0.8221
-0.3725 -0.5476 -0.7860
-0.4905 -0.6750 -0.6520
-0.5473 -0.7376 -0.5614
-0.5302 -0.8270 -0.3352
-0.2579 -0.9073 -0.0385
-0.0416 -0.9296 0.1377
0.3979 -0.8828 0.5462
0.6087 -0.5045 1.0075
0.5750 -0.2835 1.2248
0.4093 0.0950 1.6103
0.3729 0.3857 1.8791
0.3957 0.5111 1.9534
0.3928 0.7353 1.9934
0.2726 0.7746 1.8766
0.2283 0.6889 1.7698
0.3052 0.5899 1.6148
0.3828 0.5481 1.5629
0.5603 0.3553 1.4646
0.8465 0.5063 1.4220
0.9923 0.7655 1.4688
1.0413 1.7325 1.7383
0.5924 2.5999 2.1493
0.2672 2.7415 2.3638
-0.4017 2.3704 2.6155
-0.6973 1.2452 2.4305
-0.5885 0.6027 2.1955
0.0843 0.0319 1.6059
0.7221 0.5675 1.1556
0.8172 1.0589 1.0815
0.6194 1.8099 1.2091
0.3245 2.1406 1.5923
0.2617 2.1781 1.7753
0.3372 2.2559 1.9999
0.3837 2.2178 2.0519
0.3265 2.0987 2.0485
0.1353 1.7516 2.0034
-0.0556 1.4033 1.8919
-0.0905 1.2135 1.8054
-0.0201 0.6744 1.6326
0.0426 0.2726 1.4133
0.0294 0.2230 1.2461
0.0513 0.5025 0.8406
0.1141 0.8508 0.6067
0.2092 1.4770 0.0691
0.3578 1.5848 -0.3620
0.4358 1.5153 -0.4739
0.4942 1.1403 -0.4670
0.1840 0.6458 -0.4521
-0.1184 0.1608 -0.6500
-0.4976 -1.1242 -1.4892
-0.0625 -1.5574 -2.4691
0.4486 -1.2491 -2.7643
1.3790 -0.1065 -2.5796
1.3959 0.8854 -1.5583
0.9472 1.2191 -0.9991
-0.3536 1.9362 -0.2336
-1.6585 1.8877 0.0083
-2.1515 1.2545 -0.0984
-2.7979 -1.1854 -0.6815
-2.6858 -2.5872 -1.1034
-2.1294 -2.1495 -1.2049
-0.6242 -1.0933 -1.1210
0.1869 -0.3886 -0.4301
0.1813 -0.3186 -0.0087
-0.2696 -0.1895 0.6262
-0.6153 0.1659 0.8804
-0.6312 0.3708 0.8854
-0.4930 0.4235 0.8547
-0.3267 0.2839 0.8595
-0.2903 0.2329 0.8641
-0.2567 0.1990 0.8564
-0.2337 0.2394 0.8498
-0.2088 0.2231 0.9042
-0.0778 0.0416 0.9717
0.0478 -0.0422 0.9774
0.2239 -0.0162 1.0179
0.2976 0.1230 1.1932
0.3473 0.1988 1.2884
0.4662 0.3654 1.3875
0.5325 0.5005 1.4282
0.5115 0.5666 1.4576
0.4131 0.6941 1.5630
0.3332 0.7875 1.7115
0.3179 0.8749 1.7814
0.2017 1.0989 1.8449
0.1172 1.1748 1.8814
0.1244 1.1801 1.9130
0.1261 1.0627 1.9897
0.1309 0.8882 2.0463
0.1547 0.8420 2.0510
0.2077 0.7384 2.0158
-0.0028 0.4168 1.7890
-0.1551 0.1924 1.5771
-0.1528 0.1926 1.0889
0.1040 0.7566 0.8048
0.2283 1.0372 0.8251
0.4091 1.2970 1.0803
0.4654 1.2403 1.2110
0.4839 0.9708 1.2759
0.3147 0.8246 1.0675
0.1399 0.8210 0.9131
-0.1975 0.8321 0.6627
-0.1200 0.6847 0.5713
0.0566 0.6511 0.5555
0.3372 0.5414 0.5223
0.1031 0.4648 0.4572
-0.1484 0.4393 0.4919
-0.4546 0.5198 0.6562
-0.2479 0.5877 0.5963
-0.0753 0.6143 0.4932
0.2130 0.6108 0.3713
0.3597 0.4854 0.4055
0.3586 0.4491 0.4199
0.2871 0.2886 0.3599
0.1518 0.2845 0.1925
0.0591 0.2123 0.0678
-0.0914 0.2010 -0.1929
-0.0781 0.6422 -0.2529
-0.0169 0.8625 -0.1174
0.0750 0.9316 0.3720
0.0233 0.5120 0.7863
-0.0118 0.2732 0.8837
-0.0307 0.0139 0.9471
-0.0201 -0.0900 0.8945
-0.0001 -0.0276 0.8201
0.0187 0.0771 0.6031
0.0244 0.1035 0.4945
0.0933 0.0963 0.3938
0.2322 0.2528 0.4409
0.2932 0.3139 0.4839
0.2969 0.3399 0.5183
0.2166 0.2711 0.4789
0.1753 0.1576 0.4260
0.1162 -0.1374 0.3088
0.1419 -0.0679 0.2668
0.2158 0.1263 0.2910
0.3928 0.5633 0.4243
0.4382 0.6164 0.6524
0.3991 0.5193 0.7446
0.2013 0.3305 0.7613
-0.0420 0.1307 0.6698
-0.0890 0.0635 0.6213
-0.0150 0.2316 0.5302
0.0725 0.4610 0.6054
0.0535 0.4872 0.7255
-0.0359 0.2940 0.9888
0.1209 0.1400 1.0111
0.2686 0.1384 0.9120
0.3802 -0.0859 0.6952
0.4748 -0.2084 0.6971
0.5733 -0.0907 0.7301
0.6311 -0.0227 0.6815
0.6686 0.0164 0.5733
0.8261 0.3755 0.2250
0.8767 0.6321 0.0418
0.8381 0.6734 0.0558
0.7140 0.7533 0.2351
0.7747 0.3616 0.4492
0.9631 0.1873 0.4807
1.3468 0.2082 0.3342
1.2497 0.2622 0.2321
1.0606 0.2343 0.3069
0.5466 0.1086 0.4999
0.0591 -0.0083 0.5136
-0.0457 -0.0334 0.4689
0.0623 0.2496 0.3280
0.2148 0.5205 0.2114
0.2601 0.4526 0.1812
0.3042 0.2750 0.1300
0.3024 0.0251 0.1299
0.2835 0.0247 0.1337
0.3868 0.1889 -0.0304
0.3699 0.1345 0.0340
0.2354 0.0400 0.0709
-0.0563 -0.0355 0.0857
-0.1263 -0.0026 0.0618
-0.1097 0.0539 0.0449
-0.1229 0.1920 0.0070
-0.1617 0.2679 0.0328
-0.1482 0.2504 0.0528
-0.0416 0.1972 0.0702
-0.0014 0.1584 0.0587
0.0098 0.0719 0.0022
0.0211 0.0439 0.0076
0.0133 0.0329 0.0225
-0.0466 -0.0083 0.0265
-0.0256 -0.0804 -0.0089
-0.0039 -0.1049 -0.0201
0.0465 -0.0811 0.0003
0.0395 0.0066 -0.0099
0.0144 0.0501 -0.0100
0.0180 0.0985 -0.0020
0.0597 0.0763 -0.0270
0.0805 0.0842 -0.0271
0.0822 0.1072 -0.0167
0.1061 0.1210 -0.0223
0.1299 0.1031 -0.0297
0.1553 0.0272 -0.0468
0.1751 0.0039 -0.0402
0.1756 -0.0207 -0.0464
0.1798 -0.0832 -0.0517
0.1747 -0.0561 -0.0600
0.1647 -0.0142 -0.0629
0.1264 -0.0027 -0.0566
0.1206 -0.0275 -0.0236
0.1418 -0.0433 -0.0158
0.1730 -0.1139 -0.0392
0.1874 -0.1256 -0.0387
0.1871 -0.1171 -0.0639
0.1973 -0.1158 -0.0745
0.2002 -0.1201 -0.0853
0.2214 -0.1675 -0.0846
0.2966 -0.1941 -0.0462
0.3227 -0.1629 -0.0291
0.3077 -0.0913 -0.0243
0.2931 -0.0661 -0.0052
0.3150 -0.0492 0.0009
0.3557 0.0220 0.0055
0.3305 0.0496 -0.0004
0.3014 0.0516 -0.0102
0.2737 0.0533 -0.0198
0.3049 0.0140 -0.0238
0.3241 0.0185 -0.0242
0.3295 0.0600 -0.0084
0.2992 0.0952 0.0097
0.2848 0.0948 0.0192
0.2705 0.0696 0.0406
0.2719 0.0546 0.0377
0.2619 0.0524 0.0378
0.2618 0.0821 0.0723
0.2677 0.0989 0.0769
0.2560 0.0706 0.0766
0.2299 0.0317 0.0787
0.1882 0.0224 0.0749
0.1763 0.0191 0.0782
0.1489 0.0149 0.0626
0.1140 0.0034 0.0558
0.0541 -0.0178 0.0639
0.0569 -0.0187 0.0565
0.0826 0.0097 0.0424
0.0769 0.0347 0.0165
0.0112 0.0339 0.0032
-0.0216 0.0114 0.0057
-0.0061 0.0057 0.0207
0.0358 -0.0023 0.0152
0.0268 0.0126 0.0190
0.0006 0.0139 0.0352
0.0111 0.0056 0.0228
0.0119 0.0079 0.0094
-0.0047 -0.0047 0.0141
-0.0027 0.0263 0.0534
-0.0034 0.0479 0.0487
-0.0121 0.0493 0.0479
-0.0098 0.0184 0.0443
-0.0037 -0.0004 0.0490
0.0259 -0.0050 0.0513
0.0406 0.0189 0.0280
0.0299 0.0321 0.0241
-0.0058 0.0342 0.0324
-0.0024 0.0159 0.0177
0.0135 0.0138 0.0069
0.0147 0.0203 -0.0078
0.0034 0.0345 0.0019
0.0074 0.0437 0.0180
0.0375 0.0379 0.0259
0.0395 0.0195 0.0263
0.0235 0.0047 0.0225
0.0138 0.0202 0.0295
0.0245 0.0293 0.0268
0.0364 0.0315 0.0173
0.0287 0.0120 0.0199
0.0416 0.0070 0.0184
0.0521 0.0529 0.0150
0.0337 0.0518 0.0253
0.0223 0.0307 0.0166
0.0303 -0.0266 -0.0055
0.0388 -0.0296 -0.0129
0.0249 -0.0286 -0.0054
0.0114 -0.0402 0.0179
0.0348 -0.0492 0.0221
0.0450 -0.0552 0.0182
0.0334 -0.0178 0.0220
0.0190 0.0133 0.0332
0.0189 0.0220 0.0295
0.0253 0.0094 0.0198
0.0234 -0.0121 0.0317
0.0226 -0.0125 0.0264
0.0338 -0.0189 0.0260
0.0592 -0.0144 0.0290
0.0633 -0.0016 0.0242
0.0462 0.0394 0.0287
0.0467 0.0490 0.0347
0.0506 0.0480 0.0204
0.0328 0.0376 0.0202
0.0141 0.0368 0.0123
0.0226 0.0317 0.0048
0.0579 0.0379 0.0078
0.0654 0.0395 0.0083
0.0408 0.0476 0.0159
0.0297 0.0310 0.0131
0.0337 0.0236 0.0030
0.0404 0.0086 0.0007
0.0261 -0.0084 0.0036
0.0104 -0.0201 0.0078
0.0001 -0.0319 0.0120
0.0437 0.0009 0.0062
0.0465 0.0207 0.0157
0.0203 0.0563 0.0352
0.0286 0.0535 0.0252
0.0421 0.0427 0.0127
0.0481 -0.0062 -0.0050
0.0378 -0.0425 -0.0298
0.0383 -0.0403 -0.0295
0.0509 -0.0046 -0.0173
0.0357 0.0249 -0.0095
0.0348 0.0219 -0.0143
0.0363 -0.0382 -0.0450
0.0389 -0.0684 -0.0409
0.0467 -0.0577 -0.0269
0.0667 -0.0539 -0.0390
0.0726 -0.0663 -0.0357
0.0422 -0.0813 -0.0221
0.0585 -0.0923 0.0171
0.0786 -0.0637 0.0240
0.0594 -0.0359 0.0151
0.0233 0.0028 0.0215
0.0046 0.0199 0.0253
-0.0463 0.0224 0.0365
-0.0545 0.0096 0.0393
-0.0107 -0.0161 0.0340
0.0150 0.0288 0.0193
-0.0687 0.0790 0.0196
-0.0820 0.0794 0.0111
-0.0554 0.0776 -0.0151
-0.0358 0.0797 -0.0261
-0.0261 0.0714 -0.0185
-0.0305 0.0843 -0.0194
-0.0739 0.0581 -0.0066
-0.0797 0.0690 -0.0074
-0.0812 0.0781 -0.0165
-0.0558 0.0655 -0.0065
-0.0390 0.0389 -0.0131
-0.0240 0.0198 -0.0105
-0.0189 0.0034 0.0017
0.0108 -0.0211 0.0178
0.0310 -0.0365 0.0238
0.0356 -0.0222 0.0252
0.0237 0.0249 0.0298
0.0071 0.0364 0.0323
0.0061 0.0203 0.0304
0.0153 -0.0139 0.0262
0.0299 -0.0102 0.0176
0.0323 0.0035 0.0181
0.0367 0.0055 0.0128
0.0461 -0.0065 0.0166
0.0420 -0.0043 0.0177
0.0248 0.0304 0.0114
0.0394 0.0189 0.0072
0.0461 0.0093 -0.0005
0.0498 -0.0074 0.0035
0.0525 -0.0015 0.0199
0.0477 0.0130 0.0263
0.0404 0.0310 0.0217
0.0379 0.0165 0.0180
0.0436 0.0194 0.0131
0.0412 0.0105 0.0032
0.0412 0.0113 0.0043
0.0445 0.0125 -0.0010
0.0393 0.0207 -0.0016
0.0246 0.0235 0.0067
0.0103 0.0088 0.0220
0.0389 0.0132 0.0235
0.0532 0.0221 0.0127
0.0428 0.0112 0.0025
0.0158 -0.0105 0.0008
0.0222 0.0087 0.0020
0.0437 0.0363 0.0012
0.0362 0.0399 -0.0028
0.0383 0.0041 0.0031
0.0454 0.0436 0.0082
0.0137 0.0613 0.0151
0.0141 0.0535 0.0128
-0.0010 0.0650 0.0016
0.0219 0.0404 0.0306
0.0503 0.0092 0.0362
0.0240 -0.0403 0.0131
0.0105 0.0158 0.0128
0.0130 0.0453 0.0035
-0.0108 0.0570 0.0059
0.0072 0.0141 0.0160
0.0174 -0.0164 0.0152
0.0291 -0.0397 0.0185
0.0019 -0.0123 0.0216
-0.0178 0.0435 0.0154
0.0331 0.0393 0.0010
0.0784 0.0523 -0.0222
0.0503 0.0517 -0.0187
-0.0479 0.0555 -0.0102
-0.0486 0.0093 0.0009
0.0097 0.0141 -0.0101
-0.0015 0.0249 -0.0226
-0.0275 0.0342 -0.0106
-0.0219 0.0243 0.0119
0.0106 0.0145 0.0041
-0.0051 0.0003 -0.0016
-0.0681 -0.0241 0.0038
-0.0502 -0.0248 0.0068
-0.0085 -0.0308 0.0019
0.0282 -0.0206 -0.0135
0.0010 -0.0226 -0.0166
-0.0006 -0.0199 -0.0130
0.0218 0.0001 -0.0131
0.0113 0.0261 -0.0060
0.0068 0.0363 0.0035
0.0214 0.0161 0.0134
0.0377 0.0024 -0.0023
0.0360 0.0198 -0.0121
0.0024 0.0276 -0.0124
-0.0360 0.0757 -0.0060
0.0798 0.3421 -0.0593
-0.0383 -0.0446 -0.0179
-0.0786 -0.1537 0.0880
-0.0230 -0.0734 0.0236

