0.0000 0.0000 0.0000
0.0000 0.0000 0.0000
0.0000 0.0000 0.0000
0.0000 0.0000 0.0000
0.0000 0.0000 0.0000
0.0000 0.0000 0.0000
0.0000 0.0000 0.0000
0.0000 0.0000 0.0000
0.0000 0.0000 0.0000
0.0000 0.0000 0.0000
0.0000 0.0000 0.0000
0.0000 0.0000 0.0000
0.0790 -0.4725 -0.8392
0.0769 -0.4709 -0.8440
0.0757 -0.4713 -0.8477
0.0694 -0.4744 -0.8531
0.0688 -0.4773 -0.8543
0.0633 -0.4788 -0.8512
0.0670 -0.4824 -0.8495
0.0727 -0.4793 -0.8655
0.0727 -0.4793 -0.8655
0.0656 -0.4848 -0.8581
0.0626 -0.4871 -0.8500
0.0626 -0.4871 -0.8500
0.0576 -0.4914 -0.8530
0.0564 -0.4871 -0.8595
0.0562 -0.4862 -0.8679
0.0680 -0.4794 -0.8591
0.0949 -0.4686 -0.8138
0.0949 -0.4686 -0.8138
0.1191 -0.4804 -0.7971
0.1109 -0.4095 -0.8444
0.0802 -0.4723 -0.8457
0.1032 -0.4340 -0.7787
0.0705 -0.4625 -0.9043
0.0705 -0.4625 -0.9043
-0.0283 -0.4665 -0.9037
-0.0748 -0.5861 -0.9225
-0.1193 -0.5700 -0.8708
-0.1922 -0.5841 -0.8267
-0.1698 -0.5993 -0.8256
-0.1698 -0.5993 -0.8256
-0.0879 -0.5392 -0.8385
-0.0865 -0.5001 -0.8229
-0.1008 -0.5348 -0.8378
-0.1284 -0.5531 -0.8085
-0.1386 -0.5642 -0.7898
-0.1386 -0.5642 -0.7898
-0.1405 -0.5697 -0.7775
-0.1466 -0.5683 -0.7581
-0.1476 -0.5849 -0.7511
-0.1590 -0.6038 -0.7693
-0.1590 -0.6038 -0.7693
-0.1615 -0.5956 -0.7829
-0.1432 -0.5809 -0.7811
-0.1287 -0.5738 -0.7647
-0.1328 -0.5694 -0.7610
-0.1349 -0.5857 -0.7703
-0.1349 -0.5857 -0.7703
-0.1433 -0.5956 -0.7694
-0.1341 -0.6017 -0.7964
-0.1165 -0.6000 -0.7862
-0.1543 -0.6087 -0.7362
-0.1556 -0.6027 -0.7718
-0.1556 -0.6027 -0.7718
-0.1581 -0.5720 -0.8538
-0.1526 -0.6234 -0.8640
-0.1398 -0.6298 -0.7390
-0.1490 -0.6336 -0.7679
-0.1274 -0.6296 -0.7811
-0.1274 -0.6296 -0.7811
-0.0936 -0.6224 -0.7831
-0.0916 -0.6439 -0.7687
-0.1070 -0.6652 -0.7531
-0.1303 -0.6793 -0.7424
-0.1674 -0.6984 -0.7642
-0.1674 -0.6984 -0.7642
-0.1684 -0.7048 -0.7798
-0.1591 -0.7209 -0.7671
-0.1438 -0.7164 -0.7922
-0.1060 -0.6978 -0.8451
-0.1060 -0.6978 -0.8451
-0.0854 -0.6738 -0.8258
-0.1005 -0.6742 -0.8026
-0.1096 -0.6699 -0.7618
-0.1052 -0.6640 -0.7260
-0.1165 -0.6627 -0.7198
-0.1165 -0.6627 -0.7198
-0.1171 -0.6650 -0.6840
-0.1260 -0.6699 -0.6367
-0.1360 -0.6679 -0.6413
-0.1371 -0.6777 -0.6789
-0.1221 -0.6590 -0.6898
-0.1221 -0.6590 -0.6898
-0.1010 -0.6528 -0.6976
-0.0860 -0.6646 -0.6876
-0.0965 -0.6771 -0.6962
-0.1079 -0.7066 -0.6730
-0.1038 -0.6863 -0.6961
-0.1038 -0.6863 -0.6961
-0.0888 -0.6942 -0.7216
-0.0634 -0.6759 -0.7256
-0.0584 -0.6744 -0.7287
-0.0500 -0.6865 -0.7242
-0.0500 -0.6865 -0.7242
-0.0480 -0.6873 -0.7164
-0.0207 -0.6456 -0.7039
0.0343 -0.6565 -0.6874
0.0412 -0.6273 -0.6655
0.0315 -0.6378 -0.6684
0.0315 -0.6378 -0.6684
0.0313 -0.6351 -0.6570
-0.0131 -0.6785 -0.6496
-0.0312 -0.7009 -0.6602
-0.0269 -0.7079 -0.6660
-0.0113 -0.7024 -0.6601
-0.0113 -0.7024 -0.6601
-0.0067 -0.6950 -0.6814
-0.0177 -0.7137 -0.6766
-0.0207 -0.7312 -0.6578
-0.0191 -0.7240 -0.6694
-0.0102 -0.7093 -0.6622
-0.0102 -0.7093 -0.6622
0.0052 -0.7132 -0.6519
0.0069 -0.7248 -0.6420
0.0118 -0.7156 -0.6511
0.0070 -0.7188 -0.6534
0.0152 -0.7230 -0.6566
0.0152 -0.7230 -0.6566
0.0146 -0.7271 -0.6600
0.0280 -0.7181 -0.6424
0.0341 -0.7151 -0.6420
0.0290 -0.7122 -0.6547
0.0290 -0.7122 -0.6547
0.0341 -0.7120 -0.6492
0.0182 -0.7234 -0.6352
-0.0042 -0.7409 -0.6237
0.0038 -0.7395 -0.6263
0.0092 -0.7277 -0.6358
0.0092 -0.7277 -0.6358
0.0213 -0.7238 -0.6305
0.0123 -0.7337 -0.6316
0.0171 -0.7339 -0.6435
0.0359 -0.7535 -0.6614
0.0322 -0.7373 -0.6527
0.0322 -0.7373 -0.6527
0.0407 -0.7391 -0.6544
0.0355 -0.7342 -0.6548
0.0272 -0.7433 -0.6616
0.0293 -0.7432 -0.6553
0.0164 -0.7473 -0.6437
0.0164 -0.7473 -0.6437
0.0117 -0.7508 -0.6417
0.0161 -0.7527 -0.6349
0.0193 -0.7350 -0.6366
0.0156 -0.7275 -0.6468
0.0178 -0.7268 -0.6383
0.0178 -0.7268 -0.6383
0.0256 -0.7276 -0.6350
0.0213 -0.7327 -0.6339
0.0279 -0.7300 -0.6492
0.0262 -0.7287 -0.6580
0.0262 -0.7287 -0.6580
0.0265 -0.7336 -0.6544
0.0303 -0.7362 -0.6422
0.0270 -0.7372 -0.6567
0.0296 -0.7383 -0.6501
0.0325 -0.7401 -0.6489
0.0325 -0.7401 -0.6489
0.0314 -0.7420 -0.6556
0.0311 -0.7380 -0.6575
0.0277 -0.7391 -0.6571
0.0284 -0.7375 -0.6468
0.0281 -0.7446 -0.6432
0.0281 -0.7446 -0.6432
0.0277 -0.7415 -0.6544
0.0345 -0.7346 -0.6604
0.0303 -0.7353 -0.6643
0.0229 -0.7426 -0.6601
0.0289 -0.7415 -0.6488
0.0289 -0.7415 -0.6488
0.0335 -0.7342 -0.6559
0.0314 -0.7355 -0.6617
0.0274 -0.7426 -0.6661
0.0354 -0.7498 -0.6668
0.0354 -0.7498 -0.6668
0.0347 -0.7461 -0.6614
0.0277 -0.7447 -0.6609
0.0267 -0.7492 -0.6584
0.0276 -0.7456 -0.6568
0.0251 -0.7469 -0.6599
0.0251 -0.7469 -0.6599
0.0236 -0.7461 -0.6518
0.0363 -0.7353 -0.6543
0.0397 -0.7385 -0.6557
0.0351 -0.7415 -0.6514
0.0317 -0.7407 -0.6417
0.0317 -0.7407 -0.6417
0.0350 -0.7374 -0.6422
0.0359 -0.7486 -0.6530
0.0337 -0.7635 -0.6608
0.0034 -0.7353 -0.6290
-0.0049 -0.8137 -0.6477
-0.0049 -0.8137 -0.6477
-0.0254 -0.7814 -0.6685
-0.0097 -0.7661 -0.6156
0.0302 -0.7580 -0.6265
0.0656 -0.7384 -0.6247
0.1075 -0.6983 -0.6348
0.1075 -0.6983 -0.6348
0.1298 -0.6907 -0.6549
0.1076 -0.6688 -0.6683
0.1045 -0.7033 -0.6363
0.1156 -0.7120 -0.6421
0.1156 -0.7120 -0.6421
0.0674 -0.7355 -0.6448
0.0777 -0.7119 -0.6787
0.0730 -0.7149 -0.7344
0.0623 -0.7216 -0.7102
0.0788 -0.7241 -0.7030
0.0788 -0.7241 -0.7030
0.0674 -0.7181 -0.6786
0.0647 -0.7297 -0.6640
0.0618 -0.7451 -0.6518
0.0512 -0.7617 -0.6323
0.0561 -0.7662 -0.6131
0.0561 -0.7662 -0.6131
0.0603 -0.7601 -0.6044
0.0600 -0.7591 -0.6246
0.0755 -0.7607 -0.6380
0.0706 -0.7623 -0.6063
0.0502 -0.7762 -0.5990
0.0502 -0.7762 -0.5990
0.0414 -0.7829 -0.5985
0.0464 -0.7735 -0.6108
0.0485 -0.7789 -0.6233
0.0454 -0.7773 -0.6207
0.0428 -0.7785 -0.6096
0.0428 -0.7785 -0.6096
0.0472 -0.7771 -0.5986
0.0555 -0.7744 -0.5892
0.0458 -0.7726 -0.5836
0.0469 -0.7666 -0.5933
0.0469 -0.7666 -0.5933
0.0462 -0.7652 -0.5884
0.0666 -0.7220 -0.5163
0.0637 -0.7654 -0.5787
0.0769 -0.7594 -0.5623
0.0686 -0.7542 -0.5972
0.0686 -0.7542 -0.5972
0.0572 -0.7426 -0.6094
0.1096 -0.7014 -0.6005
0.0517 -0.7363 -0.6058
-0.0396 -0.7861 -0.6580
-0.0631 -0.7923 -0.6408
-0.0631 -0.7923 -0.6408
-0.0851 -0.8091 -0.6459
-0.0573 -0.7866 -0.6353
-0.0282 -0.7790 -0.6467
-0.0242 -0.7768 -0.6578
-0.0285 -0.7601 -0.6530
-0.0285 -0.7601 -0.6530
-0.0082 -0.7624 -0.6429
0.0040 -0.7548 -0.6475
0.0189 -0.7461 -0.6352
0.0236 -0.7503 -0.6530
0.0178 -0.7607 -0.6645
0.0178 -0.7607 -0.6645
0.0130 -0.7523 -0.6361
0.0271 -0.7531 -0.6278
-0.0052 -0.7512 -0.6002
0.0017 -0.7617 -0.6230
0.0017 -0.7617 -0.6230
0.0084 -0.7608 -0.6070
-0.0123 -0.7575 -0.5898
-0.0248 -0.7885 -0.5901
-0.0209 -0.7715 -0.6236
0.0040 -0.7654 -0.6488
0.0040 -0.7654 -0.6488
0.0295 -0.7591 -0.6342
0.0149 -0.7704 -0.6063
-0.0082 -0.7825 -0.5716
-0.0457 -0.7815 -0.5478
-0.0344 -0.7947 -0.6105
-0.0344 -0.7947 -0.6105
-0.0111 -0.7812 -0.6117
-0.0185 -0.7913 -0.6405
-0.0185 -0.7839 -0.6044
-0.0114 -0.7841 -0.6201
0.0045 -0.7819 -0.6035
0.0045 -0.7819 -0.6035
-0.0057 -0.7859 -0.6077
-0.0089 -0.7867 -0.6001
-0.0092 -0.7850 -0.6076
-0.0061 -0.7826 -0.6122
-0.0061 -0.7826 -0.6122
-0.0027 -0.7795 -0.6018
-0.0100 -0.7791 -0.6114
-0.0126 -0.7791 -0.6160
-0.0093 -0.7771 -0.6217
-0.0213 -0.7865 -0.6183
-0.0213 -0.7865 -0.6183
-0.0644 -0.8060 -0.6625
-0.0609 -0.8017 -0.6527
0.0077 -0.7840 -0.6560
0.0600 -0.7398 -0.6403
0.0676 -0.7424 -0.6309
0.0676 -0.7424 -0.6309
0.0465 -0.7585 -0.6272
0.0284 -0.7798 -0.6082
0.0323 -0.7601 -0.6352
0.0365 -0.7854 -0.5916
0.0421 -0.7641 -0.5817
0.0421 -0.7641 -0.5817
0.0392 -0.7627 -0.5877
0.0497 -0.7790 -0.5744
0.0437 -0.7777 -0.5785
0.0563 -0.7535 -0.5957
0.0740 -0.7623 -0.6031
0.0740 -0.7623 -0.6031
0.0959 -0.7520 -0.6427
0.0822 -0.7554 -0.6650
0.0619 -0.7529 -0.6738
0.0738 -0.7710 -0.6452
0.0738 -0.7710 -0.6452
0.0709 -0.7914 -0.6409
0.0552 -0.7656 -0.6099
0.0471 -0.7740 -0.5970
0.0562 -0.7788 -0.5833
0.0561 -0.7785 -0.5782
0.0561 -0.7785 -0.5782
0.0468 -0.7735 -0.5814
0.0462 -0.7750 -0.5996
0.0652 -0.7780 -0.5976
0.0663 -0.7728 -0.5960
0.0627 -0.7776 -0.6106
0.0627 -0.7776 -0.6106
0.0674 -0.7793 -0.6141
0.0662 -0.7811 -0.6134
0.0732 -0.7886 -0.5951
0.0753 -0.7839 -0.5941
0.0738 -0.7870 -0.5998
0.0738 -0.7870 -0.5998
0.0632 -0.7948 -0.6079
0.0621 -0.8010 -0.6039
0.0686 -0.7919 -0.5989
0.0741 -0.7929 -0.5869
0.0653 -0.7945 -0.5822
0.0653 -0.7945 -0.5822
0.0671 -0.7938 -0.5779
0.0696 -0.8011 -0.5724
0.0662 -0.8031 -0.5643
0.0727 -0.8046 -0.5655
0.0727 -0.8046 -0.5655
0.0697 -0.7989 -0.5548
0.0606 -0.7983 -0.5571
0.0620 -0.8006 -0.5622
0.0691 -0.8043 -0.5528
0.0607 -0.7942 -0.5521
0.0607 -0.7942 -0.5521
0.0513 -0.8011 -0.5530
0.0591 -0.8012 -0.5440
0.0608 -0.8024 -0.5468
0.0531 -0.7985 -0.5554
0.0585 -0.8018 -0.5630
0.0585 -0.8018 -0.5630
0.0636 -0.8044 -0.5557
0.0591 -0.8075 -0.5644
0.0449 -0.8068 -0.5697
0.0571 -0.8084 -0.5669
0.0604 -0.8122 -0.5671
0.0604 -0.8122 -0.5671
0.0575 -0.8075 -0.5617
0.0561 -0.8123 -0.5808
0.0575 -0.8090 -0.5663
0.0592 -0.8108 -0.5620
0.0595 -0.8097 -0.5610
0.0595 -0.8097 -0.5610
0.0603 -0.8147 -0.5705
0.0562 -0.8117 -0.5766
0.0509 -0.8120 -0.5671
0.0575 -0.8078 -0.5666
0.0575 -0.8078 -0.5666
0.0602 -0.8081 -0.5709
0.0571 -0.8108 -0.5668
0.0507 -0.8143 -0.5657
0.0506 -0.8120 -0.5647
0.0518 -0.8152 -0.5786
0.0518 -0.8152 -0.5786
0.0527 -0.8130 -0.5802
0.0496 -0.8143 -0.5678
0.0476 -0.8130 -0.5723
0.0454 -0.8227 -0.5779
0.0500 -0.8213 -0.5775
0.0500 -0.8213 -0.5775
0.0526 -0.8146 -0.5775
0.0579 -0.8113 -0.5796
0.0518 -0.8008 -0.5716
0.0521 -0.7975 -0.5687
0.0490 -0.8072 -0.5569
0.0490 -0.8072 -0.5569
0.0464 -0.7996 -0.5470
0.0495 -0.7939 -0.5637
0.0497 -0.7965 -0.5629
0.0517 -0.7949 -0.5315
0.0517 -0.7949 -0.5315
0.0451 -0.7987 -0.5336
0.0482 -0.8040 -0.5425
0.0538 -0.8055 -0.5520
0.0603 -0.8031 -0.5576
0.0585 -0.8025 -0.5636
0.0585 -0.8025 -0.5636
0.0564 -0.8099 -0.5568
0.0576 -0.8091 -0.5532
0.0578 -0.8068 -0.5607
0.0516 -0.8118 -0.5465
0.0474 -0.8145 -0.5384
0.0474 -0.8145 -0.5384
0.0489 -0.8149 -0.5396
0.0524 -0.8149 -0.5462
0.0533 -0.8157 -0.5430
0.0434 -0.8184 -0.5394
0.0518 -0.8192 -0.5454
0.0518 -0.8192 -0.5454
0.0580 -0.8241 -0.5460
0.0501 -0.8175 -0.5419
0.0581 -0.8203 -0.5466
0.0571 -0.8246 -0.5490
0.0550 -0.8189 -0.5448
0.0550 -0.8189 -0.5448
0.0558 -0.8205 -0.5482
0.0546 -0.8195 -0.5452
0.0574 -0.8225 -0.5400
0.0505 -0.8179 -0.5392
0.0505 -0.8179 -0.5392
0.0508 -0.8191 -0.5480
0.0557 -0.8195 -0.5517
0.0553 -0.8193 -0.5407
0.0580 -0.8183 -0.5384
0.0531 -0.8203 -0.5357
0.0531 -0.8203 -0.5357
0.0576 -0.8232 -0.5383
0.0653 -0.8181 -0.5486
0.0643 -0.8187 -0.5494
0.0572 -0.8217 -0.5355
0.0564 -0.8217 -0.5321
0.0564 -0.8217 -0.5321
0.0607 -0.8219 -0.5509
0.0643 -0.8185 -0.5634
0.0659 -0.8190 -0.5538
0.0677 -0.8156 -0.5482
0.0637 -0.8152 -0.5407
0.0637 -0.8152 -0.5407
0.0552 -0.8184 -0.5384
0.0607 -0.8225 -0.5509
0.0630 -0.8208 -0.5473
0.0672 -0.8180 -0.5434
0.0650 -0.8204 -0.5434
0.0650 -0.8204 -0.5434
0.0598 -0.8223 -0.5448
0.0652 -0.8229 -0.5486
0.0669 -0.8249 -0.5465
0.0603 -0.8208 -0.5532
0.0603 -0.8208 -0.5532
0.0643 -0.8204 -0.5501
0.0650 -0.8178 -0.5463
0.0625 -0.8219 -0.5508
0.0636 -0.8175 -0.5449
0.0627 -0.8217 -0.5408
0.0627 -0.8217 -0.5408
0.0652 -0.8174 -0.5381
0.0679 -0.8181 -0.5519
0.0632 -0.8135 -0.5587
0.0577 -0.8208 -0.5519
0.0645 -0.8272 -0.5408
0.0645 -0.8272 -0.5408
0.0653 -0.8200 -0.5467
0.0573 -0.8179 -0.5442
0.0597 -0.8248 -0.5381
0.0665 -0.8262 -0.5477
0.0683 -0.8168 -0.5605
0.0683 -0.8168 -0.5605
0.0625 -0.8182 -0.5537
0.0547 -0.8219 -0.5383
0.0643 -0.8256 -0.5398
0.0655 -0.8157 -0.5488
0.0632 -0.8210 -0.5481
0.0632 -0.8210 -0.5481
0.0649 -0.8213 -0.5467
0.0642 -0.8184 -0.5428
0.0581 -0.8174 -0.5402
0.0642 -0.8296 -0.5344
0.0642 -0.8296 -0.5344
0.0730 -0.8232 -0.5413
0.0624 -0.8193 -0.5503
0.0530 -0.8190 -0.5411
0.0587 -0.8275 -0.5436
0.0688 -0.8202 -0.5520
0.0688 -0.8202 -0.5520
0.0603 -0.8128 -0.5434
0.0548 -0.8242 -0.5263
0.0616 -0.8247 -0.5233
0.0761 -0.8154 -0.5469
0.0620 -0.8111 -0.5575
0.0620 -0.8111 -0.5575
0.0603 -0.8225 -0.5443
0.0630 -0.8282 -0.5353
0.0570 -0.8243 -0.5414
0.0570 -0.8271 -0.5446
0.0643 -0.8258 -0.5551
0.0643 -0.8258 -0.5551
0.0680 -0.8169 -0.5642
0.0522 -0.8148 -0.5538
0.0554 -0.8288 -0.5359
0.0612 -0.8226 -0.5387
0.0612 -0.8226 -0.5387
0.0564 -0.8178 -0.5467
0.0576 -0.8210 -0.5365
0.0590 -0.8215 -0.5319
0.0713 -0.8217 -0.5454
0.0643 -0.8154 -0.5477
0.0643 -0.8154 -0.5477
0.0587 -0.8263 -0.5377
0.0588 -0.8254 -0.5358
0.0638 -0.8198 -0.5461
0.0673 -0.8261 -0.5454
0.0642 -0.8235 -0.5401
0.0642 -0.8235 -0.5401
0.0597 -0.8226 -0.5372
0.0640 -0.8237 -0.5408
0.0645 -0.8207 -0.5469
0.0611 -0.8190 -0.5465
0.0667 -0.8243 -0.5341
0.0667 -0.8243 -0.5341
0.0651 -0.8225 -0.5348
0.0641 -0.8172 -0.5377
0.0574 -0.8221 -0.5435
0.0631 -0.8228 -0.5353
0.0603 -0.8212 -0.5391
0.0603 -0.8212 -0.5391
0.0562 -0.8211 -0.5450
0.0575 -0.8288 -0.5464
0.0608 -0.8284 -0.5472
0.0581 -0.8238 -0.5587
0.0581 -0.8238 -0.5587

