0.0000 0.0000 0.0000
0.0000 0.0000 0.0000
0.0000 0.0000 0.0000
0.0000 0.0000 0.0000
0.0000 0.0000 0.0000
0.0000 0.0000 0.0000
0.0000 0.0000 0.0000
0.0000 0.0000 0.0000
0.0000 0.0000 0.0000
0.0000 0.0000 0.0000
0.0000 0.0000 0.0000
0.0000 0.0000 0.0000
0.0000 0.0000 0.0000
0.0000 0.0000 0.0000
0.0000 0.0000 0.0000
0.0000 0.0000 0.0000
0.0000 0.0000 0.0000
0.0000 0.0000 0.0000
0.0000 0.0000 0.0000
0.0000 0.0000 0.0000
0.0000 0.0000 0.0000
0.0000 0.0000 0.0000
0.0000 0.0000 0.0000
0.0000 0.0000 0.0000
0.0000 0.0000 0.0000
0.0000 0.0000 0.0000
0.0000 0.0000 0.0000
0.0000 0.0000 0.0000
0.0000 0.0000 0.0000
0.0000 0.0000 0.0000
0.0000 0.0000 0.0000
0.0000 0.0000 0.0000
0.0000 0.0000 0.0000
0.0000 0.0000 0.0000
0.0000 0.0000 0.0000
0.0000 0.0000 0.0000
0.0000 0.0000 0.0000
0.0000 0.0000 0.0000
0.0000 0.0000 0.0000
0.0000 0.0000 0.0000
0.0000 0.0000 0.0000
0.0000 0.0000 0.0000
0.0000 0.0000 0.0000
0.0000 0.0000 0.0000
0.0000 0.0000 0.0000
0.0000 0.0000 0.0000
0.0000 0.0000 0.0000
0.0000 0.0000 0.0000
0.0000 0.0000 0.0000
0.0000 0.0000 0.0000
0.0000 0.0000 0.0000
0.0000 0.0000 0.0000
0.0000 0.0000 0.0000
0.0000 0.0000 0.0000
0.0000 0.0000 0.0000
0.0000 0.0000 0.0000
0.0000 0.0000 0.0000
0.0000 0.0000 0.0000
0.0000 0.0000 0.0000
0.0000 0.0000 0.0000
0.0000 0.0000 0.0000
0.0000 0.0000 0.0000
0.0000 0.0000 0.0000
0.0000 0.0000 0.0000
0.0000 0.0000 0.0000
0.0000 0.0000 0.0000
0.0000 0.0000 0.0000
0.0000 0.0000 0.0000
0.0000 0.0000 0.0000
0.0000 0.0000 0.0000
0.0000 0.0000 0.0000
0.0000 0.0000 0.0000
0.0000 0.0000 0.0000
0.0000 0.0000 0.0000
0.0000 0.0000 0.0000
0.0000 0.0000 0.0000
0.0000 0.0000 0.0000
0.0000 0.0000 0.0000
0.0000 0.0000 0.0000
0.0000 0.0000 0.0000
0.0000 0.0000 0.0000
0.0000 0.0000 0.0000
0.0000 0.0000 0.0000
0.0000 0.0000 0.0000
0.0000 0.0000 0.0000
0.0000 0.0000 0.0000
0.0000 0.0000 0.0000
0.0000 0.0000 0.0000
0.0000 0.0000 0.0000
0.0000 0.0000 0.0000
0.0000 0.0000 0.0000
0.0000 0.0000 0.0000
0.0000 0.0000 0.0000
0.0000 0.0000 0.0000
0.0000 0.0000 0.0000
0.0000 0.0000 0.0000
0.0000 0.0000 0.0000
0.0000 0.0000 0.0000
0.0000 0.0000 0.0000
0.0000 0.0000 0.0000
0.0000 0.0000 0.0000
0.0000 0.0000 0.0000
0.0000 0.0000 0.0000
0.0000 0.0000 0.0000
0.0000 0.0000 0.0000
0.0000 0.0000 0.0000
0.0000 0.0000 0.0000
0.0000 0.0000 0.0000
0.0000 0.0000 0.0000
0.0000 0.0000 0.0000
0.0000 0.0000 0.0000
0.0000 0.0000 0.0000
0.0000 0.0000 0.0000
0.0000 0.0000 0.0000
0.0000 0.0000 0.0000
0.0000 0.0000 0.0000
0.0000 0.0000 0.0000
0.0000 0.0000 0.0000
0.0000 0.0000 0.0000
0.0000 0.0000 0.0000
0.0000 0.0000 0.0000
-0.0021 -0.0005 -0.0002
-0.0044 -0.0010 -0.0005
-0.0068 -0.0016 -0.0006
-0.0093 -0.0023 -0.0008
-0.0120 -0.0030 -0.0009
0.0094 -0.0018 0.0025
0.0161 -0.0017 0.0037
0.0180 -0.0021 0.0043
0.0184 -0.0027 0.0047
0.0183 -0.0033 0.0051
0.0180 -0.0027 0.0049
0.0178 0.0008 0.0034
0.0174 0.0017 0.0030
0.0169 0.0018 0.0029
0.0164 0.0016 0.0029
0.0159 0.0013 0.0029
0.0155 0.0014 0.0027
0.0157 0.0026 0.0018
0.0155 0.0028 0.0015
0.0152 0.0028 0.0013
0.0148 0.0027 0.0011
0.0143 0.0025 0.0010
0.0139 0.0023 0.0009
0.0139 0.0032 0.0009
0.0136 0.0034 0.0008
0.0133 0.0034 0.0007
0.0130 0.0035 0.0005
0.0126 0.0035 0.0003
0.0120 0.0033 0.0004
0.0112 0.0030 0.0010
0.0108 0.0028 0.0012
0.0104 0.0026 0.0012
0.0101 0.0025 0.0012
0.0098 0.0024 0.0011
0.0092 0.0024 0.0011
0.0084 0.0023 0.0013
0.0079 0.0023 0.0014
0.0076 0.0024 0.0013
0.0072 0.0025 0.0011
0.0069 0.0026 0.0009
0.0066 0.0028 0.0006
0.0067 0.0028 0.0008
0.0065 0.0028 0.0008
0.0063 0.0029 0.0007
0.0059 0.0029 0.0007
0.0056 0.0030 0.0006
0.0051 0.0031 0.0006
0.0044 0.0029 0.0010
0.0039 0.0029 0.0011
0.0034 0.0029 0.0011
0.0030 0.0030 0.0010
0.0025 0.0032 0.0009
0.0024 0.0031 0.0014
0.0033 0.0023 0.0031
0.0032 0.0021 0.0037
0.0029 0.0021 0.0039
0.0024 0.0022 0.0041
0.0019 0.0024 0.0041
0.0020 0.0024 0.0047
0.0033 0.0019 0.0065
0.0034 0.0019 0.0073
0.0031 0.0020 0.0078
0.0026 0.0023 0.0083
0.0020 0.0026 0.0088
0.0012 0.0029 0.0099
-0.0001 0.0032 0.0118
-0.0011 0.0041 0.0132
-0.0023 0.0055 0.0148
-0.0036 0.0078 0.0168
-0.0051 0.0108 0.0195
-0.0073 0.0144 0.0233
-0.0103 0.0180 0.0286
-0.0128 0.0226 0.0336
-0.0153 0.0278 0.0389
-0.0177 0.0333 0.0444
-0.0203 0.0390 0.0499
-0.0224 0.0451 0.0557
-0.0233 0.0516 0.0622
-0.0248 0.0570 0.0686
-0.0266 0.0615 0.0751
-0.0285 0.0653 0.0818
-0.0306 0.0686 0.0886
-0.0325 0.0713 0.0954
-0.0342 0.0733 0.1020
-0.0353 0.0748 0.1090
-0.0351 0.0760 0.1169
-0.0359 0.0767 0.1230
-0.0369 0.0771 0.1282
-0.0380 0.0771 0.1328
-0.0394 0.0769 0.1366
-0.0400 0.0769 0.1393
-0.0391 0.0775 0.1407
-0.0395 0.0776 0.1424
-0.0401 0.0774 0.1438
-0.0408 0.0770 0.1451
-0.0415 0.0764 0.1462
-0.0415 0.0757 0.1472
-0.0402 0.0747 0.1481
-0.0400 0.0741 0.1486
-0.0402 0.0736 0.1489
-0.0403 0.0733 0.1489
-0.0406 0.0730 0.1487
-0.0403 0.0732 0.1484
-0.0389 0.0740 0.1482
-0.0385 0.0743 0.1477
-0.0384 0.0745 0.1471
-0.0384 0.0746 0.1464
-0.0385 0.0747 0.1457
-0.0383 0.0752 0.1454
-0.0375 0.0762 0.1457
-0.0372 0.0766 0.1454
-0.0372 0.0767 0.1449
-0.0372 0.0768 0.1443
-0.0373 0.0768 0.1438
-0.0370 0.0770 0.1440
-0.0360 0.0776 0.1457
-0.0356 0.0777 0.1460
-0.0355 0.0777 0.1457
-0.0354 0.0777 0.1453
-0.0354 0.0777 0.1449
-0.0351 0.0775 0.1452
-0.0345 0.0772 0.1473
-0.0343 0.0769 0.1476
-0.0342 0.0766 0.1473
-0.0340 0.0761 0.1467
-0.0339 0.0755 0.1459
-0.0335 0.0747 0.1456
-0.0328 0.0736 0.1468
-0.0325 0.0726 0.1458
-0.0321 0.0716 0.1437
-0.0316 0.0706 0.1410
-0.0309 0.0695 0.1378
-0.0298 0.0682 0.1344
-0.0280 0.0668 0.1314
-0.0267 0.0652 0.1272
-0.0256 0.0634 0.1224
-0.0244 0.0613 0.1174
-0.0232 0.0589 0.1122
-0.0217 0.0563 0.1073
-0.0192 0.0532 0.1033
-0.0175 0.0504 0.0984
-0.0160 0.0476 0.0932
-0.0148 0.0449 0.0879
-0.0139 0.0422 0.0827
-0.0129 0.0396 0.0770
-0.0116 0.0370 0.0709
-0.0105 0.0343 0.0655
-0.0094 0.0315 0.0604
-0.0085 0.0286 0.0556
-0.0076 0.0257 0.0509
-0.0066 0.0230 0.0467
-0.0051 0.0207 0.0432
-0.0039 0.0181 0.0393
-0.0028 0.0157 0.0352
-0.0018 0.0133 0.0310
-0.0008 0.0112 0.0269
0.0003 0.0094 0.0231
0.0016 0.0080 0.0197
0.0024 0.0063 0.0164
0.0032 0.0047 0.0131
0.0039 0.0033 0.0099
0.0044 0.0022 0.0066
0.0050 0.0012 0.0042
0.0059 0.0000 0.0031
0.0063 -0.0007 0.0009
0.0065 -0.0010 -0.0016
0.0065 -0.0013 -0.0040
0.0064 -0.0014 -0.0063
0.0066 -0.0014 -0.0084
0.0077 -0.0014 -0.0099
0.0079 -0.0012 -0.0117
0.0078 -0.0010 -0.0134
0.0076 -0.0007 -0.0149
0.0073 -0.0003 -0.0165
0.0077 0.0006 -0.0184
0.0093 0.0023 -0.0208
0.0096 0.0031 -0.0225
0.0095 0.0037 -0.0238
0.0092 0.0041 -0.0250
0.0090 0.0045 -0.0261
0.0092 0.0051 -0.0269
0.0102 0.0059 -0.0270
0.0104 0.0065 -0.0278
0.0103 0.0070 -0.0288
0.0101 0.0074 -0.0299
0.0098 0.0078 -0.0308
0.0102 0.0081 -0.0315
0.0118 0.0083 -0.0316
0.0122 0.0087 -0.0323
0.0122 0.0092 -0.0332
0.0121 0.0097 -0.0342
0.0119 0.0101 -0.0351
0.0126 0.0106 -0.0356
0.0145 0.0111 -0.0358
0.0150 0.0115 -0.0364
0.0151 0.0119 -0.0372
0.0150 0.0123 -0.0380
0.0150 0.0126 -0.0388
0.0156 0.0128 -0.0396
0.0171 0.0131 -0.0403
0.0176 0.0132 -0.0410
0.0176 0.0133 -0.0417
0.0175 0.0134 -0.0423
0.0174 0.0135 -0.0430
0.0178 0.0134 -0.0434
0.0188 0.0130 -0.0434
0.0191 0.0129 -0.0437
0.0190 0.0129 -0.0442
0.0188 0.0130 -0.0448
0.0186 0.0131 -0.0454
0.0184 0.0136 -0.0458
0.0183 0.0147 -0.0459
0.0182 0.0151 -0.0463
0.0181 0.0153 -0.0468
0.0180 0.0154 -0.0473
0.0179 0.0156 -0.0479
0.0179 0.0154 -0.0479
0.0181 0.0148 -0.0468
0.0181 0.0147 -0.0467
0.0180 0.0148 -0.0470
0.0179 0.0149 -0.0473
0.0178 0.0151 -0.0477
0.0178 0.0154 -0.0476
0.0182 0.0159 -0.0467
0.0183 0.0162 -0.0467
0.0183 0.0163 -0.0469
0.0183 0.0164 -0.0471
0.0182 0.0165 -0.0473
0.0185 0.0166 -0.0470
0.0193 0.0168 -0.0459
0.0195 0.0169 -0.0457
0.0196 0.0168 -0.0457
0.0196 0.0168 -0.0458
0.0195 0.0167 -0.0459
0.0195 0.0166 -0.0456
0.0197 0.0166 -0.0447
0.0197 0.0165 -0.0444
0.0197 0.0165 -0.0444
0.0196 0.0164 -0.0445
0.0194 0.0164 -0.0445
0.0195 0.0166 -0.0449
0.0198 0.0172 -0.0457

