0.0000 0.0000 0.0000
0.0000 0.0000 0.0000
0.0000 0.0000 0.0000
0.0000 0.0000 0.0000
0.0000 0.0000 0.0000
0.0000 0.0000 0.0000
0.0000 0.0000 0.0000
0.0000 0.0000 0.0000
0.0000 0.0000 0.0000
0.0000 0.0000 0.0000
0.0000 0.0000 0.0000
0.0000 0.0000 0.0000
0.0000 0.0000 0.0000
0.1348 -0.0365 0.2480
0.2175 -0.1492 0.2235
0.2235 -0.1956 0.2051
0.1700 -0.1829 0.1708
0.0975 -0.0649 0.1676
0.0831 -0.0421 0.1649
0.1474 -0.0618 0.1855
0.1982 -0.1061 0.1964
0.3487 -0.2564 0.2355
0.3548 -0.2700 0.2382
0.3181 -0.2696 0.2480
0.1756 -0.1761 0.2491
0.0230 -0.0116 0.2132
-0.0555 -0.0195 0.1981
-0.2602 -0.0060 0.0585
0.0462 0.1012 -0.0445
0.1933 0.0436 -0.0572
0.2500 0.0708 -0.0171
0.1130 0.1671 -0.0157
0.1013 0.2306 -0.0458
0.1190 0.2049 -0.1124
0.0851 0.1533 -0.1216
0.0386 0.1136 -0.1138
-0.1117 0.0165 -0.1232
-0.0978 0.1580 -0.1496
-0.0043 0.1470 -0.1625
0.0612 -0.0834 -0.1591
0.0251 -0.0904 -0.1911
-0.1750 0.2461 -0.3695
-0.2102 0.4046 -0.4196
-0.2231 0.5804 -0.4639
-0.1724 0.8816 -0.5290
-0.1358 1.1438 -0.4315
-0.1023 1.2302 -0.3543
-0.0947 1.3601 -0.2241
-0.0821 1.4156 -0.0236
-0.0836 1.2235 0.0431
0.0514 0.6958 0.1933
0.4548 0.1672 0.2908
0.7236 -0.1270 0.2752
0.7116 -0.6727 0.6172
0.6197 -0.7738 0.5961
0.6503 -0.7814 0.4326
0.6779 -0.9273 0.0660
0.6517 -0.7985 -0.0388
0.6483 -0.6383 -0.0719
0.7118 -0.3231 -0.2006
0.8873 -0.1685 -0.2683
0.9707 -0.2452 -0.2658
0.9829 -0.2022 -0.2394
0.7623 0.0327 -0.1545
0.5874 0.0627 -0.1186
0.2754 0.0362 -0.0537
0.1872 0.1481 0.0238
0.2118 0.1554 0.0848
0.2620 0.1557 0.0841
0.2395 0.1576 0.0633
0.1161 0.0977 0.0274
0.0384 0.1005 -0.0019
0.0734 0.1581 -0.0076
0.1682 0.2258 -0.0229
0.1374 0.2982 -0.0492
0.0992 0.3473 -0.0754
-0.0232 0.3325 -0.0799
-0.1469 0.2571 0.0459
-0.1922 0.2408 0.1268
-0.2971 0.1265 0.1984
-0.2915 0.1085 0.2647
-0.2346 0.2092 0.2566
-0.1012 0.4343 0.1349
-0.0549 0.4477 0.0572
-0.0863 0.4281 0.0521
-0.1139 0.3075 0.0465
0.0459 0.1527 0.0408
0.1306 0.1005 0.0430
0.1277 0.0331 0.0154
0.0095 -0.0242 -0.0040
-0.0447 -0.0436 -0.0198
-0.1013 -0.0468 -0.0272
-0.1004 -0.0470 -0.0193
-0.0360 -0.0084 0.0099
0.0186 0.0248 0.0255
0.0089 0.0127 0.0359
-0.0491 -0.0149 0.0492
-0.0593 -0.0620 0.0648
-0.0393 -0.0604 0.0643
0.0046 -0.0209 0.0769
-0.0035 0.0088 0.0643
-0.0162 0.0157 0.0523
-0.0354 -0.0307 0.0491
-0.0263 -0.1332 0.0302
-0.0158 -0.1298 0.0219
0.0091 -0.0510 0.0110
0.0314 0.0016 0.0330
0.0331 -0.0043 0.0454
0.0292 -0.0164 0.0590
0.0181 -0.0380 0.0471
0.0138 -0.0221 0.0406
0.0273 0.0147 0.0317
0.0140 0.0366 0.0447
0.0019 0.0308 0.0555
-0.0028 0.0025 0.0556
0.0166 -0.0479 0.0470
0.0303 -0.0520 0.0420
0.0632 -0.0496 0.0456
0.0911 -0.0431 0.0456
0.0516 -0.0128 0.0317
0.0028 -0.0281 0.0490
0.0091 -0.0442 0.0625
0.0528 -0.0522 0.0922
0.0637 -0.0511 0.1036
0.0794 -0.1007 0.1353
0.0113 -0.0615 0.1140
-0.0708 -0.0341 0.1001
-0.0754 -0.0056 0.0945
-0.0448 0.0038 0.0577
-0.0059 -0.0363 0.0632
0.0073 -0.0373 0.0577
0.0223 0.0028 0.0432
-0.0009 0.0564 0.0239
-0.0201 0.0604 0.0241
-0.0267 0.0547 0.0246
-0.0140 0.0532 0.0166
-0.0162 0.0471 0.0142
-0.0275 0.0427 0.0177
-0.0081 0.0393 0.0087
0.0066 0.0355 0.0010
-0.0025 0.0106 -0.0149
-0.0277 0.0408 -0.0177
-0.0348 0.0400 -0.0235
0.0006 0.0196 -0.0124
0.0335 0.0101 -0.0193
0.0261 0.0207 -0.0231
-0.0232 0.0279 -0.0185
-0.0529 0.0311 -0.0147
-0.0551 0.0318 -0.0135
-0.0268 0.0035 -0.0080
-0.0233 -0.0134 0.0076
-0.0265 -0.0434 0.0100
-0.0170 -0.0426 0.0099
-0.0129 -0.0403 0.0107
-0.0293 -0.0055 -0.0131
-0.0049 -0.0237 0.0041
0.0169 -0.0223 -0.0035
0.0420 -0.0239 -0.0267
0.0082 -0.0202 -0.0339
-0.0150 -0.0205 -0.0304
-0.0293 -0.0057 -0.0218
-0.0254 -0.0014 -0.0187
-0.0128 -0.0042 -0.0146
0.0194 -0.0146 -0.0025
0.0273 0.0049 -0.0084
0.0144 0.0011 -0.0116
0.0000 -0.0078 -0.0070
0.0134 -0.0059 -0.0109
0.0349 0.0036 -0.0023
0.0730 -0.0006 -0.0060
0.0516 0.0018 -0.0130
0.0206 0.0040 -0.0061
-0.0009 0.0243 -0.0040
0.0371 0.0168 -0.0073
0.0473 -0.0002 -0.0094
0.0256 -0.0244 -0.0032
-0.0008 -0.0297 -0.0002
-0.0364 -0.0361 -0.0059
0.0053 -0.0276 -0.0068
0.0264 -0.0294 -0.0098
0.0047 -0.0277 -0.0059
-0.0232 -0.0554 0.0317
-0.0072 -0.0695 0.0472
0.0661 -0.1337 0.1055
0.1936 -0.2282 0.2547
0.2432 -0.2881 0.3406
0.2488 -0.3794 0.4667
0.1867 -0.3410 0.5181
0.1460 -0.2640 0.4906
0.1573 -0.1404 0.3795
0.3196 -0.1077 0.2774
0.4440 -0.1949 0.2456
0.7773 -0.4487 0.2427
0.8999 -0.4785 0.0572
0.8458 -0.3140 -0.0677
0.4904 0.0202 -0.2690
0.0304 0.2555 -0.2470
-0.1806 0.4159 -0.1830
-0.3954 0.5456 -0.0629
-0.4398 0.6784 -0.0563
-0.5349 0.7075 -0.0893
-0.7408 0.5261 -0.0950
-0.7027 0.1953 -0.0478
-0.6430 -0.0353 -0.0966
-0.6258 -0.1412 -0.1831
-0.6262 -0.0305 -0.0994
-0.5918 0.1170 0.1333
-0.4995 0.2156 0.1723
-0.4325 0.2336 0.1286
-0.2641 0.2628 0.0927
-0.2370 0.2436 0.0581
-0.2949 0.2372 0.0350
-0.4215 0.2103 0.0034
-0.4215 0.1657 -0.0082
-0.3803 0.1593 -0.0117
-0.2410 0.0642 -0.0166
-0.1301 -0.0209 -0.0617
-0.0799 -0.0147 -0.0718
0.0194 -0.0630 -0.0621
0.1273 -0.0596 -0.0509
0.1539 -0.0198 -0.0628
0.1657 -0.0031 -0.0669
0.1610 -0.0260 -0.0251
0.1385 -0.0440 -0.0107
0.0586 0.0097 0.0052
0.0011 0.0555 -0.0028
-0.0116 0.0263 -0.0123
-0.0118 -0.0277 -0.0338
0.0114 -0.0444 -0.0405
0.0216 -0.0272 -0.0443
0.0172 -0.0339 -0.0460
0.0159 -0.0399 -0.0439
0.0169 0.0437 -0.0458
0.0039 0.1132 -0.0388
0.0062 0.0788 -0.0233
-0.0013 0.0412 -0.0214
0.0013 0.0438 -0.0257
0.0187 0.0414 -0.0217
0.0408 0.0401 -0.0136
0.0146 0.0632 -0.0087
-0.0083 0.0760 -0.0093
-0.0248 0.0520 -0.0181
0.0192 -0.0078 -0.0208
0.0687 -0.0182 -0.0161
0.1926 -0.0359 0.0087
0.2363 0.0072 0.0028
0.2363 0.0102 -0.0102
0.2446 0.0487 -0.0400
0.2783 0.1296 -0.0640
0.3033 0.1528 -0.0786
0.3409 0.0997 -0.0781
0.4013 0.0616 -0.0388
0.4088 0.0785 -0.0436
0.3466 0.1384 -0.0742
0.3114 0.0449 -0.0574
0.3106 -0.0520 -0.0418
0.2954 -0.1156 -0.0286
0.2848 0.0654 -0.0551
0.2631 0.1073 -0.0714
0.2066 0.0030 0.0236
0.0971 -0.1535 0.1206
0.0220 -0.1841 0.0999
-0.0632 -0.1445 0.0334
-0.0600 -0.1301 0.0174
-0.0393 -0.0827 0.0150
-0.0969 -0.0628 0.0137
-0.0973 -0.0624 0.0041
-0.0844 -0.0583 -0.0648
-0.1594 -0.1021 -0.0861
-0.1810 -0.1026 -0.0793
-0.1235 -0.1395 -0.0957
0.0500 -0.1856 -0.0997
0.0964 -0.1826 -0.0876
0.0033 -0.2039 -0.0188
-0.1263 -0.1711 0.0175
-0.1323 -0.1104 -0.0082
-0.0659 0.0142 -0.0683
0.0606 0.0275 -0.0463
0.0942 0.0518 -0.0122
0.1049 0.1139 0.0119
0.1241 0.1531 0.0150
0.1556 0.1335 0.0057
0.2113 0.0951 -0.0099
0.1685 0.0846 -0.0040
0.1495 0.0752 0.0154
0.1626 0.0441 0.0370
0.1801 -0.0034 0.0301
0.1723 -0.0103 0.0216
0.1317 -0.0006 0.0015
0.1230 0.0086 -0.0073
0.1820 0.0261 0.0090
0.2639 -0.0297 0.0075
0.2773 -0.0370 0.0054
0.2221 0.0215 0.0140
0.1366 0.1174 0.0298
0.1125 0.1459 0.0175
0.1209 0.1404 0.0084
0.1860 0.0448 0.0044
0.2095 0.0166 -0.0059
0.2014 -0.0088 -0.0123
0.1608 0.0223 -0.0122
0.1363 0.0305 -0.0002
0.1071 0.0651 0.0194
0.1080 0.0458 0.0036
0.1328 0.0128 0.0091
0.1999 0.0018 0.0072
0.2121 0.0068 -0.0078
0.1846 0.0189 -0.0104
0.1232 0.0376 -0.0016
0.1499 0.0483 0.0069
0.1652 0.0751 0.0007
0.1443 0.1026 -0.0022
0.1061 0.0790 -0.0122
0.1204 0.0486 -0.0311
0.1760 0.0220 -0.0682
0.1841 0.0156 -0.0816
0.1332 0.0296 -0.0783
0.0329 0.0624 -0.0637
0.0114 0.0460 -0.0424
0.0513 0.0010 -0.0311
0.0954 0.0275 -0.0387
0.0980 0.0409 -0.0449
0.0674 0.0762 -0.0293
0.0476 0.0853 -0.0219
0.0451 0.0661 -0.0156
0.0530 0.0069 0.0006
0.0743 0.0055 0.0090
0.0868 0.0157 0.0061
0.0981 0.0332 -0.0123
0.0909 0.0177 -0.0111
0.0809 -0.0030 -0.0183
0.0876 -0.0161 -0.0228
0.1081 -0.0319 -0.0077
0.1124 -0.0328 -0.0094
0.0952 -0.0151 -0.0066
0.0503 -0.0182 -0.0022
0.0370 -0.0326 0.0055
0.0294 -0.0415 0.0213
0.0414 -0.0260 0.0297
0.0558 -0.0160 0.0234
0.0791 -0.0046 0.0118
0.0785 -0.0080 0.0118
0.0549 -0.0389 0.0081
0.0356 -0.0553 0.0069
0.0369 -0.0350 0.0044
0.0399 0.0267 -0.0021
0.0475 0.0161 0.0154
0.0570 -0.0210 0.0194
0.0483 -0.0722 -0.0006
0.0141 -0.0737 -0.0017
-0.0036 -0.0484 0.0117
-0.0004 -0.0280 0.0193
0.0268 0.0198 0.0199
0.0382 0.0174 0.0262
0.0443 0.0140 0.0516
0.0223 -0.0145 0.0402
0.0496 -0.0589 0.0348
0.0222 0.0128 0.0168
-0.0029 0.0835 0.0333
0.0019 0.0901 0.0341
-0.0110 0.0828 0.0311
-0.0362 0.0375 0.0357
-0.0333 0.0120 0.0279

