-0.0243 0.0181 0.0644
-0.0249 0.0184 0.0660
-0.0255 0.0185 0.0679
-0.0263 0.0187 0.0699
-0.0271 0.0189 0.0720
-0.0267 0.0174 0.0698
-0.0272 0.0169 0.0705
-0.0279 0.0167 0.0722
-0.0287 0.0166 0.0742
-0.0295 0.0166 0.0763
-0.0304 0.0166 0.0786
-0.0291 0.0170 0.0767
-0.0292 0.0171 0.0775
-0.0299 0.0171 0.0793
-0.0307 0.0171 0.0814
-0.0316 0.0171 0.0836
-0.0335 0.0173 0.0884
-0.0344 0.0173 0.0908
-0.0354 0.0174 0.0933
-0.0364 0.0175 0.0957
-0.0375 0.0176 0.0982
-0.0375 0.0176 0.0982
-0.0396 0.0177 0.1033
-0.0407 0.0178 0.1060
-0.0407 0.0178 0.1060
-0.0418 0.0178 0.1088
-0.0430 0.0178 0.1116
-0.0442 0.0178 0.1144
-0.0454 0.0177 0.1173
-0.0467 0.0177 0.1202
-0.0436 0.0184 0.1202
-0.0434 0.0186 0.1222
-0.0440 0.0187 0.1247
-0.0450 0.0188 0.1275
-0.0462 0.0188 0.1304
-0.0474 0.0188 0.1334
-0.0469 0.0176 0.1342
-0.0475 0.0172 0.1365
-0.0486 0.0170 0.1393
-0.0498 0.0170 0.1423
-0.0511 0.0170 0.1454
-0.0525 0.0170 0.1486
-0.0229 0.0171 0.0694
-0.0139 0.0171 0.0449
-0.0114 0.0172 0.0377
-0.0109 0.0173 0.0359
-0.0111 0.0174 0.0358
-0.0102 0.0181 0.0353
-0.0102 0.0184 0.0356
-0.0105 0.0185 0.0362
-0.0109 0.0186 0.0369
-0.0114 0.0187 0.0377
-0.0119 0.0188 0.0385
-0.0113 0.0191 0.0363
-0.0115 0.0192 0.0362
-0.0118 0.0194 0.0367
-0.0123 0.0196 0.0375
-0.0127 0.0197 0.0383
-0.0132 0.0199 0.0392
-0.0125 0.0201 0.0381
-0.0126 0.0203 0.0384
-0.0130 0.0204 0.0391
-0.0134 0.0204 0.0400
-0.0140 0.0205 0.0409
-0.0145 0.0205 0.0418
-0.0150 0.0206 0.0427
-0.0134 0.0216 0.0414
-0.0132 0.0219 0.0417
-0.0134 0.0220 0.0424
-0.0138 0.0221 0.0432
-0.0142 0.0221 0.0440
-0.0146 0.0220 0.0449
-0.0146 0.0218 0.0444
-0.0149 0.0217 0.0448
-0.0153 0.0216 0.0456
-0.0157 0.0216 0.0464
-0.0161 0.0215 0.0472
-0.0166 0.0213 0.0481
-0.0154 0.0215 0.0470
-0.0153 0.0214 0.0473
-0.0155 0.0214 0.0479
-0.0159 0.0214 0.0488
-0.0163 0.0214 0.0496
-0.0144 0.0212 0.0484
-0.0140 0.0211 0.0487
-0.0141 0.0211 0.0493
-0.0144 0.0210 0.0501
-0.0147 0.0210 0.0509
-0.0151 0.0210 0.0518
-0.0098 0.0196 0.0367
-0.0082 0.0191 0.0321
-0.0077 0.0189 0.0308
-0.0077 0.0188 0.0307
-0.0078 0.0188 0.0308
-0.0079 0.0187 0.0311
-0.0054 0.0186 0.0251
-0.0047 0.0186 0.0233
-0.0045 0.0186 0.0227
-0.0044 0.0186 0.0226
-0.0045 0.0187 0.0226
-0.0045 0.0187 0.0226
-0.0034 0.0182 0.0177
-0.0030 0.0181 0.0162
-0.0029 0.0180 0.0156
-0.0029 0.0180 0.0154
-0.0030 0.0180 0.0154
-0.0030 0.0181 0.0154
-0.0031 0.0181 0.0154
-0.0023 0.0183 0.0155
-0.0021 0.0184 0.0155
-0.0020 0.0185 0.0156
-0.0021 0.0185 0.0157
-0.0021 0.0185 0.0157
-0.0019 0.0185 0.0161
-0.0018 0.0185 0.0163
-0.0018 0.0186 0.0165
-0.0019 0.0186 0.0166
-0.0019 0.0186 0.0167
-0.0020 0.0186 0.0168
-0.0019 0.0187 0.0163
-0.0019 0.0188 0.0161
-0.0019 0.0188 0.0161
-0.0020 0.0187 0.0161
-0.0021 0.0187 0.0162
-0.0022 0.0187 0.0163
-0.0021 0.0182 0.0157
-0.0022 0.0180 0.0156
-0.0023 0.0179 0.0156
-0.0024 0.0179 0.0156
-0.0025 0.0180 0.0157
-0.0027 0.0181 0.0158
-0.0027 0.0181 0.0159
-0.0028 0.0182 0.0160
-0.0030 0.0182 0.0160
-0.0031 0.0182 0.0161
-0.0032 0.0182 0.0161
-0.0025 0.0175 0.0157
-0.0025 0.0175 0.0157
-0.0023 0.0173 0.0156
-0.0023 0.0173 0.0156
-0.0023 0.0173 0.0157
-0.0023 0.0173 0.0158
-0.0024 0.0172 0.0159
-0.0015 0.0175 0.0151
-0.0013 0.0177 0.0148
-0.0013 0.0178 0.0147
-0.0014 0.0179 0.0147
-0.0014 0.0180 0.0147
-0.0014 0.0181 0.0147
-0.0007 0.0182 0.0149
-0.0004 0.0182 0.0150
-0.0004 0.0183 0.0151
-0.0004 0.0183 0.0152
-0.0004 0.0183 0.0153
-0.0004 0.0184 0.0154
-0.0003 0.0184 0.0153
-0.0003 0.0185 0.0154
-0.0003 0.0185 0.0155
-0.0003 0.0185 0.0157
-0.0004 0.0186 0.0158
-0.0004 0.0186 0.0159
0.0002 0.0187 0.0160
0.0003 0.0187 0.0161
0.0004 0.0187 0.0162
0.0004 0.0187 0.0163
0.0004 0.0188 0.0165
0.0003 0.0188 0.0166
0.0007 0.0188 0.0163
0.0008 0.0187 0.0163
0.0008 0.0187 0.0164
0.0008 0.0186 0.0166
0.0007 0.0186 0.0167
0.0007 0.0185 0.0168
0.0011 0.0184 0.0164
0.0013 0.0184 0.0164
0.0013 0.0184 0.0165
0.0014 0.0184 0.0166
0.0013 0.0184 0.0168
0.0014 0.0184 0.0168
0.0018 0.0185 0.0167
0.0020 0.0186 0.0168
0.0020 0.0187 0.0169
0.0021 0.0187 0.0171
0.0021 0.0188 0.0172
0.0021 0.0188 0.0174
0.0027 0.0191 0.0174
0.0030 0.0191 0.0175
0.0030 0.0192 0.0176
0.0031 0.0192 0.0178
0.0031 0.0193 0.0179
0.0031 0.0193 0.0181
0.0036 0.0194 0.0188
0.0038 0.0194 0.0192
0.0038 0.0195 0.0195
0.0037 0.0195 0.0197
0.0037 0.0195 0.0200
0.0036 0.0195 0.0203
0.0043 0.0196 0.0217
0.0044 0.0197 0.0224
0.0045 0.0198 0.0227
0.0045 0.0199 0.0230
0.0044 0.0200 0.0233
0.0044 0.0202 0.0236
0.0042 0.0204 0.0226
0.0042 0.0206 0.0225
0.0041 0.0207 0.0226
0.0040 0.0208 0.0228
0.0039 0.0208 0.0230
0.0038 0.0209 0.0233
0.0036 0.0204 0.0217
0.0034 0.0203 0.0212
0.0033 0.0202 0.0212
0.0032 0.0203 0.0213
0.0031 0.0203 0.0214
0.0030 0.0203 0.0215
0.0032 0.0201 0.0208
0.0032 0.0201 0.0206
0.0031 0.0201 0.0206
0.0031 0.0200 0.0206
0.0030 0.0200 0.0207
0.0030 0.0199 0.0207
0.0032 0.0198 0.0205
0.0033 0.0198 0.0204
0.0033 0.0198 0.0204
0.0033 0.0198 0.0204
0.0033 0.0197 0.0204
0.0032 0.0197 0.0205
0.0035 0.0197 0.0199
0.0036 0.0196 0.0198
0.0035 0.0196 0.0198
0.0035 0.0196 0.0199
0.0035 0.0196 0.0199
0.0034 0.0196 0.0200
0.0037 0.0197 0.0195
0.0038 0.0198 0.0193
0.0038 0.0198 0.0193
0.0038 0.0198 0.0194
0.0037 0.0198 0.0195
0.0037 0.0197 0.0196
0.0038 0.0196 0.0195
0.0039 0.0196 0.0195
0.0039 0.0196 0.0196
0.0039 0.0197 0.0197
0.0040 0.0197 0.0198
0.0040 0.0198 0.0199
0.0041 0.0195 0.0198
0.0041 0.0195 0.0198
0.0041 0.0195 0.0198
0.0041 0.0195 0.0199
0.0041 0.0195 0.0200
0.0041 0.0195 0.0201
0.0043 0.0196 0.0199
0.0044 0.0197 0.0199
0.0045 0.0198 0.0199
0.0045 0.0198 0.0200
0.0045 0.0199 0.0201
0.0046 0.0201 0.0202
0.0049 0.0202 0.0202
0.0050 0.0204 0.0202
0.0050 0.0205 0.0203
0.0051 0.0206 0.0204
0.0051 0.0207 0.0204
0.0051 0.0209 0.0206
0.0051 0.0210 0.0207
0.0051 0.0210 0.0207
0.0051 0.0211 0.0208
0.0051 0.0212 0.0209
0.0051 0.0212 0.0209
0.0052 0.0213 0.0209
0.0055 0.0215 0.0207
0.0055 0.0215 0.0207
0.0056 0.0216 0.0207
0.0056 0.0216 0.0207
0.0056 0.0217 0.0207
0.0056 0.0217 0.0208
0.0057 0.0217 0.0209
0.0057 0.0217 0.0210
0.0057 0.0218 0.0210
0.0056 0.0217 0.0211
0.0054 0.0218 0.0212
0.0063 0.0223 0.0213
0.0067 0.0225 0.0214
0.0068 0.0227 0.0214
0.0069 0.0229 0.0214
0.0069 0.0230 0.0215
0.0070 0.0229 0.0213
0.0071 0.0225 0.0206
0.0071 0.0224 0.0204
0.0071 0.0223 0.0204
0.0072 0.0223 0.0204
0.0072 0.0223 0.0204
0.0072 0.0223 0.0204
0.0071 0.0222 0.0203
0.0071 0.0222 0.0204
0.0072 0.0221 0.0204
0.0072 0.0220 0.0204
0.0072 0.0218 0.0205
0.0072 0.0216 0.0204
0.0076 0.0217 0.0205
0.0077 0.0217 0.0204
0.0079 0.0215 0.0203
0.0080 0.0214 0.0202
0.0082 0.0212 0.0200
0.0086 0.0212 0.0199
0.0095 0.0213 0.0198
0.0100 0.0211 0.0194
0.0104 0.0209 0.0187
0.0109 0.0206 0.0179
0.0114 0.0202 0.0169
0.0120 0.0197 0.0156
0.0134 0.0195 0.0141
0.0145 0.0190 0.0123
0.0155 0.0182 0.0100
0.0165 0.0173 0.0073
0.0177 0.0163 0.0041
0.0191 0.0150 0.0004
0.0213 0.0136 -0.0042
0.0236 0.0123 -0.0091
0.0263 0.0111 -0.0145
0.0294 0.0098 -0.0204
0.0329 0.0084 -0.0270
0.0368 0.0071 -0.0341
0.0413 0.0058 -0.0415
0.0462 0.0047 -0.0494
0.0514 0.0038 -0.0576
0.0570 0.0030 -0.0659
0.0630 0.0026 -0.0744
0.0693 0.0024 -0.0829
0.0759 0.0031 -0.0909
0.0828 0.0038 -0.0991
0.0898 0.0047 -0.1073
0.0970 0.0056 -0.1155
0.1043 0.0066 -0.1237
0.1118 0.0076 -0.1321
0.1201 0.0098 -0.1402
0.1281 0.0111 -0.1489
0.1361 0.0120 -0.1579
0.1444 0.0126 -0.1673
0.1529 0.0132 -0.1771
0.1623 0.0140 -0.1871
0.1726 0.0151 -0.1972
0.1830 0.0156 -0.2081
0.1938 0.0158 -0.2194
0.2051 0.0157 -0.2313
0.2170 0.0155 -0.2434
0.2296 0.0152 -0.2554
0.2429 0.0151 -0.2674
0.2562 0.0147 -0.2798
0.2695 0.0140 -0.2925
0.2829 0.0132 -0.3052
0.2964 0.0127 -0.3175
0.3099 0.0129 -0.3293
0.3234 0.0139 -0.3403
0.3368 0.0152 -0.3509
0.3500 0.0165 -0.3612
0.3631 0.0179 -0.3713
0.3759 0.0191 -0.3814
0.3885 0.0203 -0.3914
0.4010 0.0216 -0.4011
0.4137 0.0231 -0.4106
0.4265 0.0250 -0.4195
0.4392 0.0271 -0.4281
0.4519 0.0292 -0.4363
0.4645 0.0310 -0.4444
0.4765 0.0325 -0.4521
0.4885 0.0332 -0.4601
0.5001 0.0334 -0.4682
0.5113 0.0332 -0.4763
0.5219 0.0326 -0.4844
0.5318 0.0319 -0.4926
0.5410 0.0313 -0.5006
0.5495 0.0305 -0.5087
0.5574 0.0297 -0.5169
0.5646 0.0291 -0.5251
0.5712 0.0285 -0.5335
0.5772 0.0280 -0.5420
0.5810 0.0266 -0.5534
0.5853 0.0255 -0.5636
0.5894 0.0244 -0.5736
0.5933 0.0231 -0.5839
0.5968 0.0214 -0.5947
0.5955 0.0188 -0.6066
0.5888 0.0151 -0.6199
0.5879 0.0126 -0.6326
0.5887 0.0105 -0.6453
0.5898 0.0086 -0.6584
0.5907 0.0068 -0.6717
0.5917 0.0041 -0.6997
0.5918 0.0029 -0.7165
0.5914 0.0025 -0.7320
0.5906 0.0028 -0.7472
0.5897 0.0037 -0.7627
0.5881 0.0069 -0.7950
0.5876 0.0095 -0.8114
0.5876 0.0095 -0.8114
0.5873 0.0132 -0.8272
0.5870 0.0183 -0.8423
0.5867 0.0245 -0.8564
0.5864 0.0313 -0.8697
0.5864 0.0380 -0.8825
0.5905 0.0438 -0.9007
0.5928 0.0487 -0.9154
0.5949 0.0524 -0.9290
0.5970 0.0550 -0.9423
0.5992 0.0571 -0.9552
0.6036 0.0593 -0.9714
0.6060 0.0613 -0.9845
0.6075 0.0630 -0.9965
0.6086 0.0640 -1.0082
0.6093 0.0641 -1.0201
0.6098 0.0634 -1.0323
0.6124 0.0616 -1.0488
0.6130 0.0594 -1.0630
0.6128 0.0571 -1.0767
0.6121 0.0545 -1.0903
0.6110 0.0518 -1.1041
0.6097 0.0490 -1.1181
0.6150 0.0470 -1.1358
0.6157 0.0445 -1.1516
0.6147 0.0420 -1.1670
0.6130 0.0396 -1.1825
0.6110 0.0375 -1.1981
0.6094 0.0348 -1.2150
0.6084 0.0316 -1.2333
0.6060 0.0298 -1.2506
0.6028 0.0286 -1.2679
0.5989 0.0279 -1.2854
0.5945 0.0276 -1.3032
0.5895 0.0277 -1.3230
0.5840 0.0280 -1.3452
0.5776 0.0292 -1.3647
0.5704 0.0313 -1.3831
0.5621 0.0342 -1.4005
0.5525 0.0379 -1.4168
0.5416 0.0420 -1.4325
0.5292 0.0460 -1.4482
0.5162 0.0504 -1.4616
0.5026 0.0542 -1.4743
0.4882 0.0566 -1.4872
0.4732 0.0576 -1.5002
0.4581 0.0576 -1.5130
0.4428 0.0560 -1.5280
0.4283 0.0552 -1.5402
0.4147 0.0551 -1.5510
0.4020 0.0551 -1.5610
0.3903 0.0550 -1.5707
0.3792 0.0547 -1.5793
0.3685 0.0542 -1.5867
0.3586 0.0528 -1.5962
0.3491 0.0509 -1.6069
0.3398 0.0486 -1.6183
0.3307 0.0459 -1.6303
0.3216 0.0431 -1.6428
0.3134 0.0407 -1.6579
0.3050 0.0382 -1.6719
0.2967 0.0361 -1.6858
0.2887 0.0345 -1.6997
0.2810 0.0334 -1.7139
0.2736 0.0328 -1.7286
0.2667 0.0319 -1.7458
0.2599 0.0318 -1.7625
0.2534 0.0321 -1.7797
0.2473 0.0329 -1.7975
0.2418 0.0341 -1.8161
0.2361 0.0352 -1.8353
0.2302 0.0364 -1.8548
0.2261 0.0389 -1.8739
0.2230 0.0425 -1.8921
0.2208 0.0467 -1.9094
0.2189 0.0510 -1.9261
0.2168 0.0545 -1.9428
0.2141 0.0566 -1.9602
0.2125 0.0577 -1.9783
0.2115 0.0574 -1.9972
0.2110 0.0562 -2.0165
0.2111 0.0545 -2.0357
0.2118 0.0532 -2.0543
0.2108 0.0520 -2.0725
0.2110 0.0520 -2.0892
0.2115 0.0525 -2.1050
0.2119 0.0531 -2.1204
0.2118 0.0532 -2.1356
0.2111 0.0524 -2.1511
0.2085 0.0514 -2.1671
0.2059 0.0492 -2.1836
0.2029 0.0462 -2.2006
0.1994 0.0429 -2.2180
0.1957 0.0394 -2.2357
0.1915 0.0362 -2.2533
0.1873 0.0338 -2.2695
0.1826 0.0321 -2.2864
0.1774 0.0311 -2.3034
0.1717 0.0307 -2.3205
0.1655 0.0307 -2.3376
0.1586 0.0311 -2.3548
0.1516 0.0289 -2.3697
0.1435 0.0291 -2.3862
0.1347 0.0305 -2.4030
0.1251 0.0328 -2.4198
0.1151 0.0357 -2.4361
0.1046 0.0394 -2.4516
0.0941 0.0408 -2.4647
0.0833 0.0450 -2.4775
0.0722 0.0501 -2.4899
0.0608 0.0551 -2.5022
0.0490 0.0594 -2.5145
0.0366 0.0619 -2.5277
0.0240 0.0629 -2.5416
0.0117 0.0644 -2.5546
0.0001 0.0663 -2.5669
-0.0109 0.0683 -2.5786
-0.0210 0.0703 -2.5900
-0.0392 0.0728 -2.6135
-0.0475 0.0730 -2.6260
-0.0554 0.0726 -2.6390
-0.0631 0.0717 -2.6525
-0.0706 0.0704 -2.6665
-0.0706 0.0704 -2.6665
-0.0848 0.0670 -2.6958
-0.0934 0.0624 -2.7075
-0.0934 0.0624 -2.7075
-0.1003 0.0597 -2.7216
-0.1065 0.0579 -2.7366
-0.1123 0.0564 -2.7519
-0.1179 0.0552 -2.7675
-0.1234 0.0540 -2.7835
-0.1288 0.0528 -2.8000
-0.1341 0.0515 -2.8171
-0.1392 0.0503 -2.8347
-0.1440 0.0494 -2.8527
-0.1483 0.0488 -2.8711
-0.1522 0.0486 -2.8898
-0.1559 0.0470 -2.9076
-0.1587 0.0471 -2.9264
-0.1607 0.0481 -2.9456
-0.1617 0.0498 -2.9645
-0.1622 0.0520 -2.9829
-0.1625 0.0547 -3.0008
-0.1615 0.0573 -3.0186
-0.1598 0.0594 -3.0367
-0.1577 0.0606 -3.0554
-0.1553 0.0608 -3.0747
-0.1526 0.0603 -3.0941
-0.1504 0.0600 -3.1122
-0.1475 0.0598 -3.1300
-0.1445 0.0602 -3.1468
-0.1418 0.0611 -3.1627
-0.1394 0.0621 -3.1778
-0.1368 0.0628 -3.1909
-0.1336 0.0628 -3.2017
-0.1325 0.0625 -3.2152
-0.1325 0.0615 -3.2298
-0.1331 0.0601 -3.2450
-0.1342 0.0582 -3.2607
-0.1347 0.0566 -3.2746
-0.1342 0.0556 -3.2861
-0.1353 0.0535 -3.3011
-0.1370 0.0511 -3.3171
-0.1388 0.0488 -3.3335
-0.1409 0.0467 -3.3500
-0.1430 0.0448 -3.3666
-0.1433 0.0437 -3.3774
-0.1453 0.0424 -3.3925
-0.1483 0.0412 -3.4091
-0.1520 0.0403 -3.4264
-0.1563 0.0398 -3.4439
-0.1613 0.0400 -3.4613
-0.1654 0.0397 -3.4728
-0.1714 0.0414 -3.4878
-0.1785 0.0443 -3.5032
-0.1866 0.0480 -3.5179
-0.1955 0.0525 -3.5316
-0.2053 0.0575 -3.5443
-0.2143 0.0630 -3.5526
-0.2252 0.0675 -3.5634
-0.2372 0.0707 -3.5754
-0.2501 0.0726 -3.5880
-0.2633 0.0737 -3.6007
-0.2765 0.0745 -3.6128
-0.2877 0.0767 -3.6209
-0.2993 0.0790 -3.6299
-0.3104 0.0815 -3.6388
-0.3207 0.0839 -3.6477
-0.3305 0.0857 -3.6568
-0.3398 0.0868 -3.6663
-0.3464 0.0873 -3.6781
-0.3542 0.0870 -3.6895
-0.3624 0.0862 -3.7011
-0.3706 0.0849 -3.7130
-0.3787 0.0833 -3.7252
-0.3863 0.0816 -3.7375
-0.3931 0.0797 -3.7497
-0.4005 0.0777 -3.7621
-0.4078 0.0758 -3.7747
-0.4148 0.0742 -3.7873
-0.4217 0.0729 -3.8001
-0.4348 0.0709 -3.8270
-0.4410 0.0703 -3.8409
-0.4469 0.0701 -3.8550
-0.4524 0.0706 -3.8689
-0.4576 0.0717 -3.8827
-0.4576 0.0717 -3.8827
-0.4668 0.0755 -3.9108
-0.4708 0.0777 -3.9251
-0.4708 0.0777 -3.9251
-0.4743 0.0805 -3.9403
-0.4774 0.0833 -3.9544
-0.4799 0.0862 -3.9676
-0.4821 0.0891 -3.9802
-0.4841 0.0916 -3.9927
-0.4859 0.0933 -4.0054
-0.4878 0.0941 -4.0188
-0.4896 0.0939 -4.0328
-0.4913 0.0931 -4.0472
-0.4929 0.0920 -4.0613
-0.4943 0.0916 -4.0744
-0.4952 0.0912 -4.0872
-0.4966 0.0930 -4.0973
-0.4987 0.0959 -4.1055
-0.5017 0.0992 -4.1127
-0.5055 0.1017 -4.1200
-0.5103 0.1029 -4.1280
-0.5161 0.1036 -4.1357
-0.5227 0.1038 -4.1433
-0.5299 0.1037 -4.1508
-0.5375 0.1036 -4.1580
-0.5454 0.1034 -4.1648
-0.5497 0.1049 -4.1758
-0.5568 0.1052 -4.1836
-0.5648 0.1049 -4.1904
-0.5732 0.1044 -4.1967
-0.5818 0.1037 -4.2027
-0.5898 0.1023 -4.2104
-0.5969 0.1002 -4.2201
-0.6052 0.0988 -4.2271
-0.6140 0.0978 -4.2330
-0.6230 0.0968 -4.2385
-0.6321 0.0960 -4.2438
-0.6514 0.0950 -4.2547
-0.6617 0.0959 -4.2615
-0.6717 0.0958 -4.2665
-0.6816 0.0956 -4.2707
-0.6914 0.0953 -4.2746
-0.6914 0.0953 -4.2746
-0.7108 0.0953 -4.2819
-0.7205 0.0956 -4.2855
-0.7205 0.0956 -4.2855
-0.7299 0.0959 -4.2888
-0.7391 0.0960 -4.2919
-0.7485 0.0960 -4.2949
-0.7578 0.0958 -4.2975
-0.7671 0.0955 -4.2996
-0.7762 0.0954 -4.3009
-0.7850 0.0955 -4.3014
-0.7933 0.0958 -4.3010
-0.8013 0.0961 -4.2999
-0.8089 0.0964 -4.2982
-0.8163 0.0963 -4.2967
-0.8233 0.0961 -4.2940
-0.8298 0.0957 -4.2904
-0.8359 0.0952 -4.2862
-0.8414 0.0947 -4.2813
-0.8464 0.0940 -4.2758
-0.8509 0.0928 -4.2705
-0.8551 0.0915 -4.2642
-0.8589 0.0901 -4.2570
-0.8621 0.0887 -4.2492
-0.8647 0.0873 -4.2407
-0.8661 0.0853 -4.2311
-0.8661 0.0823 -4.2203
-0.8659 0.0809 -4.2094
-0.8653 0.0801 -4.1982
-0.8641 0.0795 -4.1865
-0.8622 0.0791 -4.1744
-0.8592 0.0773 -4.1618
-0.8548 0.0734 -4.1488
-0.8508 0.0721 -4.1354
-0.8465 0.0716 -4.1218
-0.8417 0.0715 -4.1078
-0.8363 0.0716 -4.0935
-0.8237 0.0723 -4.0644
-0.8165 0.0727 -4.0495
-0.8088 0.0731 -4.0346
-0.8008 0.0735 -4.0195
-0.7923 0.0737 -4.0044
-0.7923 0.0737 -4.0044
-0.7744 0.0739 -3.9741
-0.7649 0.0739 -3.9591
-0.7649 0.0739 -3.9591
-0.7552 0.0739 -3.9440
-0.7453 0.0739 -3.9291
-0.7354 0.0738 -3.9141
-0.7257 0.0736 -3.8991
-0.7137 0.0701 -3.8842
-0.7032 0.0691 -3.8700
-0.6931 0.0693 -3.8565
-0.6831 0.0702 -3.8437
-0.6731 0.0713 -3.8314
-0.6630 0.0719 -3.8191
-0.6527 0.0717 -3.8064
-0.6433 0.0712 -3.7942
-0.6344 0.0702 -3.7818
-0.6258 0.0687 -3.7693
-0.6174 0.0667 -3.7567
-0.6085 0.0642 -3.7446
-0.5989 0.0613 -3.7333
-0.5899 0.0596 -3.7221
-0.5812 0.0584 -3.7113
-0.5728 0.0573 -3.7007
-0.5646 0.0559 -3.6900
-0.5567 0.0540 -3.6791
-0.5485 0.0497 -3.6682
-0.5409 0.0460 -3.6565
-0.5336 0.0424 -3.6445
-0.5266 0.0390 -3.6322
-0.5198 0.0358 -3.6198
-0.5128 0.0327 -3.6079
-0.5056 0.0297 -3.5966
-0.4994 0.0274 -3.5845
-0.4937 0.0255 -3.5721
-0.4885 0.0239 -3.5593
-0.4836 0.0224 -3.5463
-0.4746 0.0193 -3.5192
-0.4703 0.0177 -3.5051
-0.4660 0.0161 -3.4907
-0.4618 0.0146 -3.4759
-0.4576 0.0133 -3.4609
-0.4576 0.0133 -3.4609
-0.4489 0.0108 -3.4299
-0.4438 0.0090 -3.4141
-0.4438 0.0090 -3.4141
-0.4386 0.0085 -3.3978
-0.4330 0.0086 -3.3810
-0.4267 0.0092 -3.3640
-0.4197 0.0101 -3.3469
-0.4119 0.0116 -3.3300
-0.4033 0.0139 -3.3138
-0.3938 0.0172 -3.2985
-0.3837 0.0216 -3.2844
-0.3729 0.0268 -3.2712
-0.3614 0.0322 -3.2587
-0.3489 0.0360 -3.2479
-0.3361 0.0401 -3.2366
-0.3229 0.0440 -3.2254
-0.3095 0.0474 -3.2148
-0.2962 0.0505 -3.2048
-0.2830 0.0531 -3.1954
-0.2688 0.0543 -3.1875
-0.2557 0.0553 -3.1793
-0.2432 0.0558 -3.1712
-0.2312 0.0557 -3.1632
-0.2195 0.0547 -3.1551
-0.2079 0.0530 -3.1467
-0.1964 0.0501 -3.1395
-0.1850 0.0470 -3.1310
-0.1738 0.0434 -3.1219
-0.1627 0.0397 -3.1123
-0.1517 0.0359 -3.1024
-0.1414 0.0316 -3.0936
-0.1321 0.0266 -3.0864
-0.1221 0.0231 -3.0769
-0.1120 0.0205 -3.0664
-0.1019 0.0184 -3.0555
-0.0918 0.0167 -3.0440
-0.0716 0.0142 -3.0194
-0.0616 0.0137 -3.0066
-0.0519 0.0140 -2.9938
-0.0424 0.0144 -2.9796
-0.0330 0.0153 -2.9646
-0.0330 0.0153 -2.9646
-0.0151 0.0187 -2.9327
-0.0067 0.0214 -2.9163
0.0011 0.0248 -2.9001
0.0083 0.0288 -2.8843
0.0149 0.0332 -2.8691
0.0149 0.0332 -2.8691
0.0213 0.0376 -2.8544
0.0279 0.0412 -2.8398
0.0336 0.0441 -2.8245
0.0389 0.0457 -2.8084
0.0438 0.0461 -2.7916
0.0483 0.0456 -2.7742
0.0520 0.0445 -2.7578
0.0545 0.0432 -2.7428
0.0648 0.0414 -2.6961
0.0687 0.0407 -2.6812
0.0687 0.0407 -2.6812
0.0728 0.0395 -2.6663
0.0818 0.0359 -2.6474
0.0881 0.0329 -2.6310
0.0881 0.0329 -2.6310
0.0938 0.0299 -2.6152
0.0998 0.0267 -2.5993
0.1060 0.0233 -2.5831
0.1126 0.0199 -2.5667
0.1236 0.0192 -2.5474
0.1320 0.0171 -2.5297
0.1395 0.0147 -2.5125
0.1469 0.0125 -2.4953
0.1544 0.0106 -2.4779
0.1631 0.0083 -2.4599
0.1732 0.0057 -2.4413
0.1828 0.0044 -2.4236
0.1927 0.0041 -2.4064
0.2032 0.0047 -2.3897
0.2145 0.0060 -2.3735
0.2400 0.0102 -2.3426
0.2551 0.0132 -2.3273
0.2692 0.0164 -2.3142
0.2833 0.0197 -2.3024
0.2977 0.0229 -2.2912
0.2977 0.0229 -2.2912
0.3279 0.0275 -2.2695
0.3434 0.0289 -2.2591
0.3434 0.0289 -2.2591
0.3587 0.0305 -2.2493
0.3735 0.0323 -2.2401
0.3878 0.0343 -2.2312
0.4014 0.0361 -2.2224
0.4165 0.0372 -2.2127
0.4295 0.0377 -2.2030
0.4416 0.0375 -2.1929
0.4531 0.0365 -2.1821
0.4643 0.0348 -2.1705
0.4759 0.0324 -2.1582
0.4879 0.0295 -2.1453
0.4991 0.0263 -2.1315
0.5100 0.0230 -2.1170
0.5204 0.0200 -2.1019
0.5305 0.0174 -2.0864
0.5401 0.0152 -2.0704
0.5476 0.0083 -2.0548
0.5560 0.0053 -2.0381
0.5646 0.0039 -2.0205
0.5732 0.0032 -2.0023
0.5814 0.0031 -1.9836
0.5892 0.0035 -1.9642
0.5964 0.0015 -1.9440
0.6030 0.0021 -1.9237
0.6091 0.0039 -1.9032
0.6145 0.0065 -1.8826
0.6190 0.0094 -1.8619
0.6225 0.0124 -1.8414
0.6248 0.0153 -1.8212
0.6264 0.0185 -1.8010
0.6273 0.0213 -1.7803
0.6278 0.0233 -1.7590
0.6279 0.0244 -1.7371
0.6262 0.0247 -1.6932
0.6244 0.0249 -1.6721
0.6223 0.0256 -1.6520
0.6201 0.0267 -1.6328
0.6180 0.0278 -1.6145
0.6180 0.0278 -1.6145
0.6148 0.0294 -1.5793
0.6139 0.0294 -1.5618
0.6139 0.0294 -1.5618
0.6136 0.0288 -1.5441
0.6138 0.0276 -1.5262
0.6145 0.0261 -1.5081
0.6156 0.0244 -1.4899
0.6166 0.0214 -1.4716
0.6182 0.0193 -1.4536
0.6203 0.0175 -1.4357
0.6228 0.0158 -1.4179
0.6257 0.0141 -1.4001
0.6292 0.0121 -1.3820
0.6333 0.0096 -1.3634
0.6378 0.0078 -1.3451
0.6430 0.0065 -1.3269
0.6489 0.0055 -1.3087
0.6555 0.0048 -1.2906
0.6627 0.0046 -1.2728
0.6701 0.0066 -1.2538
0.6779 0.0085 -1.2373
0.6859 0.0110 -1.2225
0.6941 0.0139 -1.2085
0.7025 0.0169 -1.1947
0.7116 0.0194 -1.1803
0.7213 0.0210 -1.1652
0.7310 0.0219 -1.1504
0.7404 0.0226 -1.1360
0.7495 0.0235 -1.1223
0.7581 0.0246 -1.1094
0.7660 0.0257 -1.0969
0.7732 0.0264 -1.0846
0.7801 0.0262 -1.0720
0.7866 0.0247 -1.0588
0.7926 0.0220 -1.0448
0.7982 0.0183 -1.0300
0.8084 0.0081 -0.9976
0.8131 0.0019 -0.9794
0.8166 -0.0037 -0.9619
0.8192 -0.0086 -0.9446
0.8210 -0.0125 -0.9276
0.8210 -0.0125 -0.9276
0.8232 -0.0175 -0.8941
0.8237 -0.0189 -0.8772
0.8242 -0.0200 -0.8598
0.8242 -0.0200 -0.8598
0.8245 -0.0209 -0.8420
0.8245 -0.0217 -0.8236
0.8242 -0.0224 -0.8049
0.8238 -0.0216 -0.7844
0.8228 -0.0209 -0.7650
0.8215 -0.0198 -0.7462
0.8198 -0.0180 -0.7276
0.8177 -0.0160 -0.7091
0.8151 -0.0140 -0.6909
0.8121 -0.0113 -0.6717
0.8084 -0.0086 -0.6542
0.8040 -0.0058 -0.6379
0.7991 -0.0031 -0.6221
0.7936 -0.0010 -0.6063
0.7871 0.0007 -0.5903
0.7796 0.0020 -0.5740
0.7718 0.0018 -0.5577
0.7637 0.0010 -0.5419
0.7553 0.0001 -0.5269
0.7469 -0.0005 -0.5128
0.7381 -0.0002 -0.5005
0.7286 0.0010 -0.4901
0.7209 0.0016 -0.4789
0.7140 0.0018 -0.4676
0.7076 0.0013 -0.4559
0.7014 0.0001 -0.4438
0.6946 -0.0020 -0.4323
0.6868 -0.0049 -0.4218
0.6802 -0.0078 -0.4091
0.6740 -0.0107 -0.3957
0.6678 -0.0136 -0.3819
0.6618 -0.0161 -0.3682
0.6548 -0.0184 -0.3572
0.6464 -0.0203 -0.3494
0.6401 -0.0217 -0.3380
0.6345 -0.0227 -0.3253
0.6295 -0.0233 -0.3122
0.6247 -0.0236 -0.2987
0.6202 -0.0237 -0.2847
0.6138 -0.0253 -0.2756
0.6091 -0.0252 -0.2628
0.6053 -0.0240 -0.2491
0.6023 -0.0217 -0.2358
0.6001 -0.0186 -0.2233
0.5979 -0.0145 -0.2130
0.5949 -0.0100 -0.2049
0.5929 -0.0066 -0.1948
0.5908 -0.0043 -0.1837
0.5882 -0.0032 -0.1718
0.5850 -0.0032 -0.1590
0.5799 -0.0038 -0.1465
0.5729 -0.0044 -0.1349
0.5673 -0.0059 -0.1230
0.5620 -0.0073 -0.1120
0.5567 -0.0080 -0.1020
0.5512 -0.0083 -0.0931
0.5451 -0.0076 -0.0861
0.5383 -0.0061 -0.0809
0.5311 -0.0064 -0.0739
0.5231 -0.0077 -0.0662
0.5141 -0.0099 -0.0579
0.5042 -0.0129 -0.0491
0.4934 -0.0157 -0.0409
0.4821 -0.0176 -0.0337
0.4707 -0.0201 -0.0256
0.4593 -0.0222 -0.0176
0.4480 -0.0236 -0.0099
0.4368 -0.0245 -0.0027
0.4258 -0.0246 0.0034
0.4150 -0.0242 0.0081
0.4040 -0.0237 0.0140
0.3931 -0.0235 0.0201
0.3820 -0.0236 0.0263
0.3706 -0.0240 0.0325
0.3591 -0.0244 0.0378
0.3477 -0.0242 0.0421
0.3362 -0.0249 0.0469
0.3246 -0.0255 0.0518
0.3134 -0.0260 0.0563
0.3026 -0.0262 0.0604
0.2924 -0.0258 0.0641
0.2836 -0.0243 0.0659
0.2747 -0.0230 0.0686
0.2659 -0.0219 0.0714
0.2573 -0.0208 0.0742
0.2491 -0.0198 0.0768
0.2415 -0.0187 0.0789
0.2349 -0.0167 0.0800
0.2286 -0.0148 0.0809
0.2226 -0.0128 0.0814
0.2170 -0.0107 0.0816
0.2115 -0.0089 0.0816
0.2060 -0.0074 0.0813
0.2019 -0.0044 0.0798
0.1970 -0.0029 0.0788
0.1921 -0.0018 0.0780
0.1876 -0.0006 0.0771
0.1836 0.0008 0.0764
0.1805 0.0032 0.0755
0.1781 0.0064 0.0745
0.1751 0.0081 0.0739
0.1717 0.0090 0.0737
0.1681 0.0092 0.0737
0.1644 0.0090 0.0735
0.1605 0.0084 0.0728
0.1576 0.0069 0.0714
0.1544 0.0061 0.0699
0.1513 0.0055 0.0685
0.1483 0.0050 0.0671
0.1454 0.0046 0.0659
0.1428 0.0029 0.0648
0.1405 -0.0002 0.0635
0.1380 -0.0014 0.0626
0.1357 -0.0018 0.0620
0.1340 -0.0016 0.0618
0.1326 -0.0011 0.0621
0.1316 -0.0013 0.0627
0.1308 -0.0027 0.0636
0.1295 -0.0031 0.0647
0.1277 -0.0035 0.0661
0.1254 -0.0043 0.0675
0.1229 -0.0051 0.0688
0.1204 -0.0058 0.0700
0.1184 -0.0077 0.0711
0.1168 -0.0079 0.0721
0.1156 -0.0074 0.0729
0.1144 -0.0066 0.0735
0.1132 -0.0060 0.0740
0.1118 -0.0058 0.0744
0.1113 -0.0058 0.0754
0.1100 -0.0060 0.0760
0.1084 -0.0063 0.0766
0.1066 -0.0067 0.0773
0.1047 -0.0071 0.0779
0.1027 -0.0076 0.0787
0.1019 -0.0076 0.0794
0.1006 -0.0076 0.0802
0.0993 -0.0074 0.0812
0.0980 -0.0071 0.0821
0.0967 -0.0067 0.0831
0.0955 -0.0064 0.0841
0.0954 -0.0058 0.0849
0.0947 -0.0053 0.0858
0.0939 -0.0048 0.0867
0.0930 -0.0043 0.0877
0.0921 -0.0038 0.0888
0.0912 -0.0035 0.0900
0.0907 -0.0039 0.0913
0.0899 -0.0041 0.0926
0.0889 -0.0043 0.0938
0.0879 -0.0044 0.0949
0.0870 -0.0046 0.0959
0.0861 -0.0048 0.0968
0.0864 -0.0046 0.0978
0.0860 -0.0046 0.0985
0.0855 -0.0047 0.0991
0.0849 -0.0049 0.0996
0.0844 -0.0051 0.1001
0.0838 -0.0053 0.1004
0.0839 -0.0049 0.1007
0.0836 -0.0049 0.1009
0.0833 -0.0050 0.1012
0.0831 -0.0052 0.1013
0.0828 -0.0053 0.1015
0.0826 -0.0055 0.1016
0.0825 -0.0053 0.1017
0.0824 -0.0054 0.1018
0.0822 -0.0056 0.1019
0.0820 -0.0057 0.1021
0.0818 -0.0058 0.1023
0.0816 -0.0058 0.1025
0.0812 -0.0061 0.1029
0.0810 -0.0063 0.1033
0.0808 -0.0064 0.1036
0.0807 -0.0065 0.1039
0.0806 -0.0066 0.1043
0.0805 -0.0067 0.1047
0.0809 -0.0054 0.1054
0.0810 -0.0051 0.1060
0.0810 -0.0051 0.1065
0.0809 -0.0053 0.1069
0.0809 -0.0056 0.1074
0.0808 -0.0064 0.1076
0.0809 -0.0080 0.1074
0.0809 -0.0087 0.1076
0.0809 -0.0091 0.1079
0.0809 -0.0094 0.1083
0.0809 -0.0097 0.1085
0.0808 -0.0099 0.1088
0.0807 -0.0101 0.1091
0.0806 -0.0103 0.1093
0.0806 -0.0104 0.1095
0.0806 -0.0104 0.1096
0.0806 -0.0104 0.1097
0.0807 -0.0104 0.1097
0.0807 -0.0102 0.1098
0.0807 -0.0101 0.1098
0.0807 -0.0101 0.1098
0.0808 -0.0100 0.1097
0.0808 -0.0099 0.1097
0.0808 -0.0097 0.1097
0.0808 -0.0093 0.1098
0.0808 -0.0091 0.1098
0.0809 -0.0089 0.1098
0.0810 -0.0088 0.1097
0.0811 -0.0088 0.1096
0.0812 -0.0088 0.1095
0.0813 -0.0092 0.1089
0.0815 -0.0094 0.1086
0.0816 -0.0094 0.1085
0.0817 -0.0095 0.1084
0.0818 -0.0094 0.1084
0.0819 -0.0094 0.1083
0.0819 -0.0093 0.1084
0.0820 -0.0093 0.1084
0.0821 -0.0094 0.1083
0.0823 -0.0094 0.1083
0.0824 -0.0093 0.1082
0.0825 -0.0093 0.1081
0.0824 -0.0096 0.1080
0.0825 -0.0097 0.1079
0.0826 -0.0097 0.1078
0.0828 -0.0096 0.1077
0.0829 -0.0096 0.1077
0.0831 -0.0095 0.1076
0.0835 -0.0095 0.1076
0.0837 -0.0095 0.1076
0.0839 -0.0096 0.1076
0.0841 -0.0096 0.1075
0.0843 -0.0096 0.1075
0.0845 -0.0096 0.1074
0.0852 -0.0100 0.1076
0.0855 -0.0101 0.1076
0.0858 -0.0102 0.1075
0.0859 -0.0103 0.1074
0.0861 -0.0103 0.1073
0.0863 -0.0104 0.1072
0.0866 -0.0104 0.1072
0.0868 -0.0104 0.1071
0.0869 -0.0105 0.1071
0.0871 -0.0105 0.1070
0.0872 -0.0106 0.1070
0.0874 -0.0106 0.1068
0.0876 -0.0106 0.1066
0.0878 -0.0106 0.1066
0.0880 -0.0106 0.1065
0.0882 -0.0106 0.1065
0.0884 -0.0106 0.1066
0.0886 -0.0105 0.1066
0.0890 -0.0105 0.1065
0.0893 -0.0105 0.1065
0.0895 -0.0105 0.1064
0.0896 -0.0104 0.1064
0.0898 -0.0103 0.1063
0.0900 -0.0102 0.1064
0.0901 -0.0102 0.1064
0.0902 -0.0101 0.1065
0.0904 -0.0099 0.1066
0.0905 -0.0098 0.1067
0.0906 -0.0098 0.1068
0.0906 -0.0097 0.1068
0.0907 -0.0096 0.1069
0.0909 -0.0097 0.1068
0.0911 -0.0096 0.1069
0.0913 -0.0095 0.1070
0.0914 -0.0093 0.1070
0.0916 -0.0092 0.1071
0.0918 -0.0090 0.1073
0.0920 -0.0088 0.1075
0.0921 -0.0087 0.1076
0.0923 -0.0087 0.1077
0.0924 -0.0086 0.1077
0.0925 -0.0086 0.1078
0.0927 -0.0087 0.1079
0.0928 -0.0088 0.1081
0.0929 -0.0088 0.1082
0.0931 -0.0088 0.1083
0.0932 -0.0089 0.1084
0.0933 -0.0089 0.1085
0.0935 -0.0090 0.1086
0.0937 -0.0090 0.1087
0.0938 -0.0090 0.1087
0.0939 -0.0091 0.1088
0.0940 -0.0091 0.1088
0.0941 -0.0092 0.1089
0.0942 -0.0090 0.1091
0.0943 -0.0089 0.1093
0.0944 -0.0090 0.1095
0.0944 -0.0090 0.1096
0.0945 -0.0090 0.1097
0.0946 -0.0090 0.1099
0.0947 -0.0090 0.1099
0.0947 -0.0089 0.1100
0.0948 -0.0089 0.1102
0.0949 -0.0089 0.1103
0.0949 -0.0089 0.1105
0.0950 -0.0089 0.1106
0.0952 -0.0087 0.1108
0.0953 -0.0086 0.1109

