0.0000 0.0000 0.0000
0.0000 0.0000 0.0000
0.0000 0.0000 0.0000
0.0000 0.0000 0.0000
0.0000 0.0000 0.0000
0.0000 0.0000 0.0000
0.0000 0.0000 0.0000
0.0000 0.0000 0.0000
0.0000 0.0000 0.0000
0.0000 0.0000 0.0000
0.0000 0.0000 0.0000
0.0000 0.0000 0.0000
0.0392 -0.4993 -0.9697
0.0473 -0.5064 -0.9794
0.0470 -0.5279 -0.9529
0.0523 -0.5730 -0.8584
0.0502 -0.5988 -0.7855
0.0502 -0.5988 -0.7855
0.0369 -0.5882 -0.7829
0.0176 -0.5513 -0.8245
-0.0721 -0.4968 -0.9009
-0.0861 -0.5289 -0.8214
-0.0689 -0.5550 -0.8132
-0.0135 -0.5480 -0.8295
0.0238 -0.5319 -0.9126
0.0521 -0.5023 -0.9854
0.0521 -0.5023 -0.9854
0.0777 -0.4989 -0.9213
0.0819 -0.4934 -0.8040
0.0796 -0.5250 -0.7253
0.0645 -0.5582 -0.6214
0.0758 -0.5835 -0.6431
0.0758 -0.5835 -0.6431
0.0728 -0.5798 -0.6512
0.0795 -0.5628 -0.7573
0.0822 -0.5362 -0.7910
0.0812 -0.5289 -0.8326
0.0639 -0.5354 -0.8575
0.0639 -0.5354 -0.8575
0.0652 -0.5420 -0.8486
0.0717 -0.5638 -0.8145
0.0792 -0.5630 -0.8093
0.0893 -0.5473 -0.8103
0.0893 -0.5473 -0.8103
0.0857 -0.5502 -0.8138
0.0680 -0.5388 -0.8175
0.0655 -0.5474 -0.7908
0.0717 -0.5486 -0.8027
0.0768 -0.5394 -0.8125
0.0768 -0.5394 -0.8125
0.0656 -0.5427 -0.7726
0.0430 -0.5717 -0.7386
-0.0062 -0.6255 -0.7104
-0.0931 -0.6416 -0.7687
-0.0931 -0.6416 -0.7687
-0.0989 -0.6209 -0.8374
-0.0462 -0.5673 -0.9126
-0.0285 -0.5849 -0.9174
-0.0216 -0.5783 -0.8341
-0.0265 -0.6129 -0.7890
-0.0265 -0.6129 -0.7890
-0.0357 -0.6345 -0.7587
-0.0675 -0.6391 -0.7434
-0.0816 -0.6442 -0.7412
-0.0756 -0.6392 -0.7379
-0.0567 -0.6485 -0.7435
-0.0567 -0.6485 -0.7435
-0.0659 -0.6452 -0.7103
-0.0885 -0.6447 -0.6895
-0.1289 -0.6521 -0.7220
-0.1043 -0.6252 -0.8300
-0.1043 -0.6252 -0.8300
-0.0801 -0.6124 -0.8159
-0.0984 -0.6229 -0.8001
-0.0910 -0.6243 -0.7530
-0.0882 -0.6260 -0.7171
-0.0753 -0.6288 -0.7127
-0.0753 -0.6288 -0.7127
-0.0758 -0.6345 -0.7099
-0.0791 -0.6347 -0.7125
-0.1087 -0.6485 -0.6718
-0.1479 -0.6432 -0.7512
-0.1253 -0.6531 -0.7518
-0.1253 -0.6531 -0.7518
-0.1265 -0.6649 -0.7558
-0.1399 -0.6577 -0.7688
-0.1223 -0.6522 -0.7971
-0.1633 -0.6833 -0.8190
-0.1633 -0.6833 -0.8190
-0.1341 -0.6652 -0.8224
-0.0667 -0.6360 -0.8165
-0.0109 -0.6316 -0.8131
0.0448 -0.6019 -0.8292
0.0448 -0.6019 -0.8292
0.0738 -0.5783 -0.8202
0.1055 -0.5549 -0.8127
0.1156 -0.5563 -0.8144
0.1041 -0.5667 -0.8060
0.0933 -0.5781 -0.7901
0.0933 -0.5781 -0.7901
0.0777 -0.5760 -0.7869
0.0795 -0.5655 -0.7731
0.0715 -0.5621 -0.7682
0.0509 -0.5767 -0.7536
0.0442 -0.5797 -0.7575
0.0442 -0.5797 -0.7575
0.0383 -0.5695 -0.7662
0.0461 -0.5771 -0.7902
0.0498 -0.5827 -0.8087
0.0513 -0.5732 -0.8183
0.0607 -0.5771 -0.8190
0.0607 -0.5771 -0.8190
0.0678 -0.5797 -0.8038
0.0512 -0.5719 -0.7943
0.0614 -0.5792 -0.7814
0.0656 -0.5862 -0.7706
0.0648 -0.5744 -0.7782
0.0648 -0.5744 -0.7782
0.0583 -0.5766 -0.7721
0.0617 -0.5857 -0.7696
0.0444 -0.5899 -0.7530
0.0342 -0.5876 -0.7458
0.0342 -0.5876 -0.7458
0.0326 -0.5871 -0.7339
0.0415 -0.5845 -0.7418
0.0446 -0.5774 -0.7533
0.0389 -0.5690 -0.7804
0.0124 -0.5659 -0.7811
0.0124 -0.5659 -0.7811
0.0031 -0.5838 -0.7837
0.0076 -0.5943 -0.7720
0.0206 -0.5959 -0.7847
0.0227 -0.5913 -0.7895
0.0230 -0.5862 -0.7869
0.0230 -0.5862 -0.7869
0.0257 -0.5851 -0.7872
0.0200 -0.5949 -0.7804
0.0112 -0.5945 -0.7799
0.0143 -0.5973 -0.7836
0.0269 -0.5950 -0.7802
0.0269 -0.5950 -0.7802
0.0319 -0.5952 -0.7740
0.0270 -0.6036 -0.7815
0.0273 -0.5981 -0.7829
0.0321 -0.5966 -0.7829
0.0249 -0.5964 -0.7702
0.0249 -0.5964 -0.7702
0.0245 -0.6117 -0.7652
0.0245 -0.6163 -0.7688
0.0275 -0.6123 -0.7835
0.0309 -0.6028 -0.7826
0.0309 -0.6028 -0.7826
0.0293 -0.6035 -0.7704
0.0232 -0.6109 -0.7649
0.0152 -0.6108 -0.7760
0.0209 -0.6101 -0.7819
0.0275 -0.6077 -0.7813
0.0275 -0.6077 -0.7813
0.0244 -0.6089 -0.7710
0.0178 -0.6078 -0.7667
0.0188 -0.6112 -0.7695
0.0209 -0.6047 -0.7733
0.0211 -0.6034 -0.7765
0.0211 -0.6034 -0.7765
0.0202 -0.6022 -0.7747
0.0202 -0.6058 -0.7658
0.0249 -0.6066 -0.7663
0.0256 -0.6074 -0.7726
0.0253 -0.6007 -0.7825
0.0253 -0.6007 -0.7825
0.0189 -0.6037 -0.7776
0.0169 -0.6053 -0.7735
0.0153 -0.6088 -0.7740
0.0118 -0.6090 -0.7850
0.0118 -0.6090 -0.7850
0.0134 -0.6038 -0.7878
0.0175 -0.6012 -0.7808
0.0205 -0.6084 -0.7816
0.0238 -0.6050 -0.7761
0.0240 -0.6048 -0.7807
0.0240 -0.6048 -0.7807
0.0224 -0.6049 -0.7818
0.0293 -0.6038 -0.7715
0.0337 -0.6000 -0.7757
0.0361 -0.5983 -0.7796
0.0326 -0.6001 -0.7806
0.0326 -0.6001 -0.7806
0.0309 -0.6050 -0.7743
0.0262 -0.6048 -0.7758
0.0236 -0.6044 -0.7752
0.0223 -0.6061 -0.7767
0.0233 -0.6072 -0.7824
0.0233 -0.6072 -0.7824
0.0263 -0.6032 -0.7792
0.0330 -0.6029 -0.7771
0.0353 -0.6022 -0.7796
0.0361 -0.6038 -0.7826
0.0318 -0.6063 -0.7799
0.0318 -0.6063 -0.7799
0.0298 -0.6019 -0.7779
0.0279 -0.6028 -0.7779
0.0290 -0.6022 -0.7872
0.0314 -0.6035 -0.7869
0.0314 -0.6035 -0.7869
0.0328 -0.6014 -0.7811
0.0311 -0.6050 -0.7788
0.0351 -0.6061 -0.7836
0.0362 -0.6014 -0.7748
0.0364 -0.6007 -0.7746
0.0364 -0.6007 -0.7746
0.0338 -0.6048 -0.7697
0.0367 -0.6092 -0.7688
0.0377 -0.6012 -0.7822
0.0368 -0.5979 -0.7848
0.0319 -0.5995 -0.7827
0.0319 -0.5995 -0.7827
0.0268 -0.6024 -0.7826
0.0266 -0.6039 -0.7891
0.0271 -0.6007 -0.7867
0.0251 -0.5965 -0.7824
0.0269 -0.5988 -0.7792
0.0269 -0.5988 -0.7792
0.0288 -0.5994 -0.7795
0.0277 -0.6007 -0.7787
0.0194 -0.6004 -0.7811
0.0231 -0.6016 -0.7747
0.0296 -0.5973 -0.7701
0.0296 -0.5973 -0.7701
0.0315 -0.6011 -0.7846
0.0303 -0.5980 -0.7896
0.0286 -0.5990 -0.7795
0.0277 -0.5987 -0.7757
0.0277 -0.5987 -0.7757
0.0273 -0.6021 -0.7788
0.0297 -0.5957 -0.7832
0.0281 -0.5992 -0.7799
0.0265 -0.6002 -0.7818
0.0308 -0.6005 -0.7880
0.0308 -0.6005 -0.7880
0.0330 -0.5954 -0.7880
0.0302 -0.5937 -0.7923
0.0292 -0.5932 -0.7875
0.0284 -0.5967 -0.7861
0.0304 -0.5980 -0.7925
0.0304 -0.5980 -0.7925
0.0323 -0.5962 -0.7909
0.0277 -0.5979 -0.7842
0.0285 -0.5997 -0.7796
0.0307 -0.6011 -0.7775
0.0264 -0.5993 -0.7783
0.0280 -0.6036 -0.7796
0.0280 -0.6036 -0.7796
0.0271 -0.6027 -0.7832
0.0314 -0.5986 -0.7866
0.0309 -0.6009 -0.7840
0.0309 -0.6009 -0.7840
0.0266 -0.5996 -0.7831
0.0270 -0.5980 -0.7836
0.0284 -0.5992 -0.7803
0.0317 -0.6014 -0.7797
0.0317 -0.6014 -0.7797
0.0299 -0.5969 -0.7826
0.0248 -0.6003 -0.7863
0.0231 -0.6007 -0.7854
0.0260 -0.5956 -0.7780
0.0310 -0.5975 -0.7735
0.0310 -0.5975 -0.7735
0.0287 -0.6022 -0.7704
0.0302 -0.6003 -0.7753
0.0282 -0.5969 -0.7798
0.0225 -0.5978 -0.7794
0.0210 -0.5976 -0.7753
0.0210 -0.5976 -0.7753
0.0221 -0.6037 -0.7771
0.0222 -0.5995 -0.7883
0.0261 -0.5952 -0.7916
0.0271 -0.6003 -0.7875
0.0225 -0.5996 -0.7837
0.0225 -0.5996 -0.7837
0.0216 -0.6030 -0.7871
0.0201 -0.6021 -0.7877
0.0165 -0.6050 -0.7858
0.0182 -0.5972 -0.7759
0.0193 -0.5988 -0.7750
0.0193 -0.5988 -0.7750
0.0240 -0.5970 -0.7855
0.0283 -0.5925 -0.7877
0.0247 -0.5936 -0.7822
0.0221 -0.5911 -0.7773
0.0221 -0.5911 -0.7773
0.0205 -0.5958 -0.7810
0.0219 -0.5953 -0.7832
0.0230 -0.5988 -0.7796
0.0265 -0.5962 -0.7804
0.0309 -0.5948 -0.7900
0.0309 -0.5948 -0.7900
0.0266 -0.5965 -0.7848
0.0209 -0.6012 -0.7785
0.0160 -0.6036 -0.7816
0.0162 -0.5999 -0.7867
0.0207 -0.6018 -0.7944
0.0207 -0.6018 -0.7944
0.0238 -0.5977 -0.7910
0.0257 -0.5932 -0.7793
0.0252 -0.5914 -0.7725
0.0238 -0.5929 -0.7705
0.0272 -0.5932 -0.7758
0.0272 -0.5932 -0.7758
0.0255 -0.5909 -0.7768
0.0206 -0.5936 -0.7818
0.0158 -0.5900 -0.7803
0.0195 -0.5937 -0.7830
0.0195 -0.5937 -0.7830
0.0214 -0.5883 -0.7850
0.0112 -0.5911 -0.7794
0.0068 -0.5971 -0.7789
0.0065 -0.5990 -0.7910
0.0099 -0.5950 -0.7992
0.0099 -0.5950 -0.7992
0.0098 -0.5903 -0.7979
0.0077 -0.5940 -0.8003
0.0092 -0.6001 -0.7971
0.0094 -0.6037 -0.7913
0.0161 -0.5999 -0.7961
0.0161 -0.5999 -0.7961
0.0191 -0.5949 -0.7990
0.0190 -0.5925 -0.7887
0.0185 -0.5918 -0.7880
0.0161 -0.5886 -0.7893
0.0172 -0.5922 -0.7806
0.0172 -0.5922 -0.7806
0.0216 -0.5917 -0.7760
0.0262 -0.5923 -0.7764
0.0320 -0.5887 -0.7859
0.0307 -0.5877 -0.7943
0.0224 -0.5882 -0.7828
0.0224 -0.5882 -0.7828
0.0147 -0.5954 -0.7749
0.0154 -0.5969 -0.7834
0.0205 -0.5932 -0.7885
0.0242 -0.5959 -0.7936
0.0242 -0.5959 -0.7936
0.0281 -0.5958 -0.7906
0.0333 -0.5962 -0.7835
0.0388 -0.5935 -0.7852
0.0408 -0.5936 -0.7855
0.0377 -0.5933 -0.7895
0.0377 -0.5933 -0.7895
0.0435 -0.5964 -0.7838
0.0463 -0.5973 -0.7858
0.0586 -0.5976 -0.7892
0.0607 -0.5978 -0.7877
0.0607 -0.5978 -0.7877
0.0619 -0.5994 -0.7827
0.0617 -0.5994 -0.7833
0.0579 -0.5991 -0.7808
0.0624 -0.6034 -0.7804
0.0616 -0.5985 -0.7867
0.0616 -0.5985 -0.7867
0.0546 -0.5954 -0.7865
0.0478 -0.5899 -0.7846
0.0464 -0.5863 -0.7855
0.0454 -0.5928 -0.7784
0.0447 -0.5982 -0.7679
0.0447 -0.5982 -0.7679
0.0458 -0.5963 -0.7655
0.0403 -0.5912 -0.7740
0.0266 -0.5812 -0.7737
0.0087 -0.5895 -0.7696
0.0087 -0.5895 -0.7696
0.0011 -0.5890 -0.7731
-0.0095 -0.5968 -0.7826
-0.0073 -0.6007 -0.8018
-0.0068 -0.5911 -0.8128
0.0013 -0.5947 -0.8073
0.0013 -0.5947 -0.8073
-0.0020 -0.6022 -0.7959
-0.0010 -0.6114 -0.7927
0.0028 -0.6110 -0.7922
0.0073 -0.6082 -0.7854
0.0035 -0.6102 -0.7882
0.0035 -0.6102 -0.7882
0.0134 -0.6010 -0.7788
0.0066 -0.6110 -0.7735
0.0107 -0.6053 -0.7728
0.0204 -0.5966 -0.7757
0.0164 -0.6058 -0.7747
0.0164 -0.6058 -0.7747
0.0241 -0.6008 -0.7735
0.0268 -0.6051 -0.7769
0.0269 -0.6053 -0.7710
0.0304 -0.6062 -0.7708
0.0304 -0.6062 -0.7708
0.0309 -0.6053 -0.7706
0.0343 -0.6050 -0.7776
0.0341 -0.6086 -0.7849
0.0317 -0.6060 -0.7844
0.0302 -0.6075 -0.7786
0.0302 -0.6075 -0.7786
0.0219 -0.6074 -0.7753
0.0185 -0.6097 -0.7757
0.0220 -0.6072 -0.7757
0.0257 -0.6041 -0.7743
0.0300 -0.6032 -0.7731
0.0300 -0.6032 -0.7731
0.0290 -0.6021 -0.7731
0.0271 -0.6025 -0.7798
0.0253 -0.6039 -0.7770
0.0183 -0.6021 -0.7733
0.0149 -0.6019 -0.7700
0.0149 -0.6019 -0.7700
0.0069 -0.6049 -0.7754
-0.0066 -0.5990 -0.7793
-0.0121 -0.5970 -0.7795
-0.0192 -0.6002 -0.7800
-0.0238 -0.6075 -0.7724
-0.0238 -0.6075 -0.7724
-0.0279 -0.6157 -0.7760
-0.0216 -0.6172 -0.7805
-0.0310 -0.6172 -0.8050
-0.0456 -0.6132 -0.8074
-0.0396 -0.5943 -0.7472
-0.0396 -0.5943 -0.7472
-0.0117 -0.6053 -0.7684
0.0088 -0.6085 -0.7852
0.0054 -0.5976 -0.7765
0.0159 -0.6010 -0.7996
0.0159 -0.6010 -0.7996
0.0080 -0.6023 -0.7923
0.0109 -0.5983 -0.7666
0.0158 -0.6096 -0.7746
0.0310 -0.6057 -0.7462
0.0458 -0.6087 -0.7714
0.0458 -0.6087 -0.7714
0.0402 -0.6193 -0.7712
0.0468 -0.6190 -0.7664
0.0566 -0.6262 -0.7655
0.0557 -0.6263 -0.7581
0.0524 -0.6294 -0.7681
0.0524 -0.6294 -0.7681
0.0374 -0.6223 -0.7741
0.0335 -0.6181 -0.7624
0.0428 -0.6214 -0.7612
0.0558 -0.6230 -0.7602
0.0529 -0.6141 -0.7636
0.0529 -0.6141 -0.7636
0.0518 -0.6104 -0.7616
0.0441 -0.6251 -0.7665
0.0412 -0.6203 -0.7755
0.0413 -0.6251 -0.7743
0.0434 -0.6264 -0.7707
0.0434 -0.6264 -0.7707
0.0418 -0.6407 -0.7814
0.0349 -0.6456 -0.7818
0.0383 -0.6432 -0.7804
0.0383 -0.6432 -0.7804
0.0550 -0.6425 -0.7776
0.0526 -0.6423 -0.7576
0.0302 -0.6497 -0.7281
0.0223 -0.6639 -0.7151
0.0157 -0.6594 -0.6951
0.0157 -0.6594 -0.6951
0.0274 -0.6734 -0.6978
0.0219 -0.6693 -0.6977
0.0202 -0.6820 -0.7094
0.0246 -0.6828 -0.7091
0.0358 -0.6878 -0.7011
0.0358 -0.6878 -0.7011
0.0413 -0.6812 -0.7029
0.0418 -0.6991 -0.7000
0.0369 -0.7043 -0.6916
0.0426 -0.7047 -0.6898
0.0493 -0.7030 -0.6939
0.0493 -0.7030 -0.6939
0.0408 -0.7005 -0.6924
0.0389 -0.7010 -0.6912
0.0385 -0.7004 -0.6938
0.0450 -0.7020 -0.6912
0.0450 -0.7020 -0.6912
0.0453 -0.6991 -0.6802
0.0433 -0.6953 -0.6754
0.0404 -0.6955 -0.6754
0.0390 -0.6946 -0.6784
0.0304 -0.6932 -0.6783
0.0304 -0.6932 -0.6783
0.0260 -0.7014 -0.6804
0.0315 -0.7030 -0.6747
0.0326 -0.7009 -0.6897
0.0341 -0.7030 -0.7001
0.0305 -0.7077 -0.7016
0.0305 -0.7077 -0.7016
0.0262 -0.7104 -0.7032
0.0259 -0.7179 -0.7103
0.0301 -0.7152 -0.7018
0.0381 -0.7144 -0.6984
0.0435 -0.7133 -0.6972
0.0435 -0.7133 -0.6972
0.0442 -0.7161 -0.7008
0.0439 -0.7122 -0.6917
0.0412 -0.7178 -0.6876
0.0395 -0.7232 -0.6899
0.0443 -0.7159 -0.6912
0.0443 -0.7159 -0.6912
0.0420 -0.7125 -0.6964
0.0323 -0.7127 -0.6845
0.0344 -0.7078 -0.6869
0.0387 -0.7135 -0.6878
0.0387 -0.7135 -0.6878
0.0408 -0.6971 -0.6890
0.0298 -0.7171 -0.6927
0.0181 -0.7019 -0.6725
0.0250 -0.7085 -0.6765
0.0203 -0.7159 -0.6666
0.0203 -0.7159 -0.6666
0.0310 -0.7227 -0.6958
0.0453 -0.7242 -0.7438
0.0221 -0.6937 -0.7122
0.0104 -0.7113 -0.6877
0.0117 -0.7226 -0.6847
0.0117 -0.7226 -0.6847
0.0094 -0.7205 -0.6805
0.0119 -0.7128 -0.6776
0.0201 -0.7135 -0.6801
0.0110 -0.7099 -0.6790
0.0120 -0.7087 -0.6770
0.0120 -0.7087 -0.6770
0.0159 -0.7126 -0.6790
0.0147 -0.7098 -0.6783
0.0127 -0.7081 -0.6703
0.0134 -0.7110 -0.6646
0.0174 -0.7083 -0.6707
0.0174 -0.7083 -0.6707
0.0188 -0.7021 -0.6709
0.0184 -0.7103 -0.6600
0.0159 -0.7095 -0.6686
0.0152 -0.7102 -0.6830
0.0152 -0.7102 -0.6830
0.0103 -0.7048 -0.6848
0.0111 -0.7126 -0.6724
0.0164 -0.7292 -0.6707
0.0086 -0.7211 -0.6643
0.0163 -0.7301 -0.6701
0.0163 -0.7301 -0.6701
0.0175 -0.7333 -0.6681
0.0067 -0.7293 -0.6530
0.0125 -0.7272 -0.6421
0.0185 -0.7393 -0.6544
0.0217 -0.7258 -0.6681
0.0217 -0.7258 -0.6681
0.0217 -0.7211 -0.6782
0.0201 -0.7182 -0.6699
0.0155 -0.7199 -0.6578
0.0130 -0.7227 -0.6470
0.0130 -0.7227 -0.6470
0.0209 -0.7237 -0.6526
0.0202 -0.7208 -0.6562
0.0195 -0.7154 -0.6555
0.0238 -0.7170 -0.6631
0.0238 -0.7170 -0.6631
0.0241 -0.7149 -0.6690
0.0261 -0.7178 -0.6593
0.0281 -0.7191 -0.6447
0.0265 -0.7197 -0.6460
0.0183 -0.7206 -0.6550
0.0183 -0.7206 -0.6550
0.0119 -0.7228 -0.6584
0.0101 -0.7287 -0.6705
0.0190 -0.7260 -0.6774
0.0171 -0.7247 -0.6724
0.0099 -0.7255 -0.6681
0.0099 -0.7255 -0.6681
0.0126 -0.7242 -0.6664
0.0167 -0.7262 -0.6646
0.0194 -0.7264 -0.6610
0.0254 -0.7269 -0.6712
0.0197 -0.7209 -0.6652
0.0197 -0.7209 -0.6652
0.0183 -0.7232 -0.6709
0.0156 -0.7257 -0.6721
0.0169 -0.7280 -0.6748
0.0173 -0.7235 -0.6809
0.0201 -0.7145 -0.6910
0.0201 -0.7145 -0.6910
0.0220 -0.7166 -0.6890
0.0214 -0.7175 -0.6746
0.0159 -0.7204 -0.6619
0.0163 -0.7218 -0.6646
0.0163 -0.7218 -0.6646
0.0214 -0.7251 -0.6756
0.0177 -0.7205 -0.6732
0.0213 -0.7255 -0.6700
0.0241 -0.7168 -0.6749
0.0304 -0.7206 -0.6830
0.0304 -0.7206 -0.6830
-0.0007 -0.7179 -0.6575
0.0122 -0.7346 -0.6735
0.0154 -0.7214 -0.6769
0.0171 -0.7178 -0.6803
0.0124 -0.7205 -0.6778
0.0124 -0.7205 -0.6778
0.0100 -0.7249 -0.6661
0.0121 -0.7264 -0.6777
0.0195 -0.7187 -0.6846
0.0284 -0.7193 -0.6754

