-1.0648 0.1786 -0.3343
-1.0648 0.1786 -0.3348
-1.0649 0.1786 -0.3352
-1.0648 0.1787 -0.3354
-1.0645 0.1790 -0.3358
-1.0642 0.1791 -0.3360
-1.0640 0.1792 -0.3360
-1.0637 0.1790 -0.3359
-1.0635 0.1789 -0.3363
-1.0635 0.1789 -0.3363
-1.0635 0.1787 -0.3365
-1.0634 0.1786 -0.3367
-1.0634 0.1785 -0.3368
-1.0633 0.1785 -0.3368
-1.0635 0.1784 -0.3368
-1.0635 0.1783 -0.3368
-1.0634 0.1783 -0.3368
-1.0633 0.1784 -0.3369
-1.0631 0.1785 -0.3369
-1.0629 0.1786 -0.3369
-1.0628 0.1784 -0.3375
-1.0626 0.1784 -0.3377
-1.0624 0.1784 -0.3377
-1.0622 0.1785 -0.3377
-1.0619 0.1786 -0.3377
-1.0617 0.1786 -0.3381
-1.0615 0.1788 -0.3383
-1.0612 0.1788 -0.3383
-1.0609 0.1789 -0.3383
-1.0607 0.1789 -0.3384
-1.0605 0.1789 -0.3384
-1.0599 0.1788 -0.3394
-1.0596 0.1788 -0.3397
-1.0593 0.1788 -0.3398
-1.0590 0.1788 -0.3399
-1.0587 0.1789 -0.3400
-1.0584 0.1789 -0.3400
-1.0583 0.1790 -0.3404
-1.0581 0.1791 -0.3406
-1.0578 0.1792 -0.3406
-1.0576 0.1793 -0.3406
-1.0573 0.1794 -0.3406
-1.0570 0.1795 -0.3406
-1.0566 0.1795 -0.3408
-1.0562 0.1796 -0.3408
-1.0557 0.1799 -0.3407
-1.0553 0.1801 -0.3406
-1.0549 0.1803 -0.3404
-1.0545 0.1805 -0.3403
-1.0538 0.1808 -0.3404
-1.0533 0.1810 -0.3404
-1.0530 0.1812 -0.3403
-1.0527 0.1813 -0.3403
-1.0525 0.1814 -0.3402
-1.0522 0.1815 -0.3402
-1.0516 0.1816 -0.3403
-1.0512 0.1817 -0.3402
-1.0509 0.1819 -0.3401
-1.0507 0.1820 -0.3400
-1.0504 0.1821 -0.3398
-1.0502 0.1822 -0.3396
-1.0513 0.1818 -0.3398
-1.0515 0.1817 -0.3397
-1.0515 0.1818 -0.3396
-1.0514 0.1818 -0.3394
-1.0512 0.1819 -0.3393
-1.0513 0.1819 -0.3393
-1.0518 0.1817 -0.3397
-1.0518 0.1817 -0.3397
-1.0517 0.1817 -0.3396
-1.0517 0.1816 -0.3395
-1.0517 0.1815 -0.3393
-1.0518 0.1813 -0.3392
-1.0511 0.1816 -0.3393
-1.0509 0.1816 -0.3393
-1.0507 0.1816 -0.3392
-1.0506 0.1816 -0.3391
-1.0506 0.1816 -0.3389
-1.0505 0.1816 -0.3387
-1.0499 0.1819 -0.3386
-1.0497 0.1820 -0.3384
-1.0495 0.1821 -0.3382
-1.0494 0.1822 -0.3380
-1.0493 0.1823 -0.3378
-1.0491 0.1824 -0.3376
-1.0488 0.1826 -0.3377
-1.0487 0.1826 -0.3376
-1.0485 0.1827 -0.3375
-1.0484 0.1828 -0.3373
-1.0483 0.1828 -0.3372
-1.0482 0.1829 -0.3371
-1.0477 0.1829 -0.3370
-1.0474 0.1830 -0.3369
-1.0473 0.1830 -0.3369
-1.0472 0.1831 -0.3368
-1.0470 0.1832 -0.3368
-1.0468 0.1833 -0.3367
-1.0470 0.1830 -0.3371
-1.0470 0.1829 -0.3371
-1.0469 0.1829 -0.3371
-1.0468 0.1829 -0.3371
-1.0467 0.1829 -0.3371
-1.0467 0.1829 -0.3371
-1.0466 0.1828 -0.3373
-1.0465 0.1828 -0.3373
-1.0463 0.1828 -0.3374
-1.0462 0.1828 -0.3373
-1.0461 0.1828 -0.3373
-1.0460 0.1828 -0.3373
-1.0462 0.1828 -0.3372
-1.0463 0.1828 -0.3371
-1.0463 0.1827 -0.3370
-1.0464 0.1827 -0.3370
-1.0463 0.1827 -0.3370
-1.0463 0.1826 -0.3369
-1.0464 0.1823 -0.3367
-1.0465 0.1822 -0.3366
-1.0465 0.1821 -0.3365
-1.0465 0.1820 -0.3364
-1.0466 0.1819 -0.3363
-1.0466 0.1818 -0.3362
-1.0467 0.1817 -0.3361
-1.0468 0.1817 -0.3361
-1.0469 0.1816 -0.3361
-1.0470 0.1814 -0.3360
-1.0472 0.1812 -0.3359
-1.0472 0.1811 -0.3359
-1.0473 0.1809 -0.3358
-1.0475 0.1808 -0.3357
-1.0477 0.1806 -0.3356
-1.0479 0.1805 -0.3354
-1.0480 0.1804 -0.3353
-1.0481 0.1804 -0.3351
-1.0479 0.1807 -0.3350
-1.0478 0.1808 -0.3349
-1.0479 0.1809 -0.3348
-1.0479 0.1809 -0.3346
-1.0480 0.1809 -0.3344
-1.0481 0.1808 -0.3343
-1.0479 0.1807 -0.3341
-1.0479 0.1807 -0.3340
-1.0479 0.1807 -0.3339
-1.0479 0.1807 -0.3339
-1.0479 0.1807 -0.3339
-1.0480 0.1807 -0.3338
-1.0482 0.1802 -0.3333
-1.0484 0.1801 -0.3331
-1.0485 0.1801 -0.3329
-1.0485 0.1801 -0.3329
-1.0486 0.1801 -0.3328
-1.0486 0.1802 -0.3328
-1.0486 0.1803 -0.3326
-1.0486 0.1804 -0.3325
-1.0486 0.1804 -0.3325
-1.0487 0.1805 -0.3325
-1.0488 0.1806 -0.3325
-1.0488 0.1806 -0.3325
-1.0488 0.1804 -0.3321
-1.0489 0.1804 -0.3320
-1.0489 0.1804 -0.3320
-1.0489 0.1805 -0.3320
-1.0489 0.1805 -0.3319
-1.0489 0.1805 -0.3319
-1.0491 0.1804 -0.3317
-1.0492 0.1804 -0.3317
-1.0493 0.1804 -0.3317
-1.0493 0.1804 -0.3318
-1.0493 0.1804 -0.3318
-1.0494 0.1804 -0.3319
-1.0494 0.1802 -0.3321
-1.0494 0.1802 -0.3322
-1.0494 0.1802 -0.3323
-1.0494 0.1802 -0.3323
-1.0493 0.1803 -0.3323
-1.0493 0.1803 -0.3323
-1.0493 0.1805 -0.3323
-1.0493 0.1805 -0.3323
-1.0493 0.1805 -0.3322
-1.0493 0.1805 -0.3322
-1.0493 0.1805 -0.3322
-1.0493 0.1804 -0.3321
-1.0496 0.1802 -0.3321
-1.0497 0.1802 -0.3320
-1.0497 0.1801 -0.3320
-1.0497 0.1799 -0.3319
-1.0497 0.1798 -0.3319
-1.0498 0.1796 -0.3318
-1.0500 0.1796 -0.3319
-1.0502 0.1795 -0.3319
-1.0503 0.1794 -0.3319
-1.0504 0.1794 -0.3318
-1.0505 0.1793 -0.3317
-1.0505 0.1792 -0.3316
-1.0505 0.1794 -0.3317
-1.0505 0.1795 -0.3317
-1.0506 0.1795 -0.3316
-1.0506 0.1795 -0.3315
-1.0507 0.1795 -0.3314
-1.0507 0.1795 -0.3313
-1.0506 0.1797 -0.3313
-1.0506 0.1798 -0.3312
-1.0506 0.1799 -0.3312
-1.0506 0.1799 -0.3311
-1.0506 0.1800 -0.3311
-1.0507 0.1799 -0.3310
-1.0507 0.1799 -0.3310
-1.0506 0.1801 -0.3312
-1.0506 0.1801 -0.3312
-1.0505 0.1801 -0.3312
-1.0506 0.1801 -0.3312
-1.0506 0.1801 -0.3313
-1.0507 0.1801 -0.3313
-1.0506 0.1800 -0.3314
-1.0507 0.1800 -0.3314
-1.0507 0.1800 -0.3315
-1.0507 0.1800 -0.3315
-1.0508 0.1800 -0.3316
-1.0511 0.1799 -0.3317
-1.0513 0.1798 -0.3318
-1.0514 0.1797 -0.3319
-1.0514 0.1797 -0.3320
-1.0515 0.1797 -0.3321
-1.0515 0.1796 -0.3322
-1.0519 0.1794 -0.3322
-1.0520 0.1792 -0.3322
-1.0522 0.1791 -0.3323
-1.0523 0.1789 -0.3324
-1.0525 0.1786 -0.3326
-1.0527 0.1784 -0.3327
-1.0532 0.1780 -0.3327
-1.0535 0.1778 -0.3327
-1.0536 0.1776 -0.3328
-1.0537 0.1775 -0.3329
-1.0539 0.1773 -0.3330
-1.0541 0.1771 -0.3331
-1.0544 0.1769 -0.3333
-1.0545 0.1768 -0.3334
-1.0545 0.1767 -0.3334
-1.0545 0.1766 -0.3335
-1.0546 0.1765 -0.3336
-1.0547 0.1763 -0.3336
-1.0540 0.1771 -0.3330
-1.0539 0.1773 -0.3328
-1.0539 0.1773 -0.3327
-1.0539 0.1773 -0.3327
-1.0538 0.1773 -0.3326
-1.0538 0.1773 -0.3326
-1.0536 0.1775 -0.3325
-1.0535 0.1776 -0.3324
-1.0535 0.1776 -0.3324
-1.0534 0.1777 -0.3324
-1.0534 0.1778 -0.3325
-1.0533 0.1779 -0.3325
-1.0535 0.1777 -0.3326
-1.0535 0.1778 -0.3326
-1.0534 0.1780 -0.3327
-1.0534 0.1781 -0.3326
-1.0533 0.1783 -0.3326
-1.0532 0.1785 -0.3326
-1.0535 0.1782 -0.3327
-1.0536 0.1781 -0.3328
-1.0536 0.1782 -0.3328
-1.0536 0.1782 -0.3328
-1.0536 0.1782 -0.3329
-1.0535 0.1783 -0.3329
-1.0539 0.1778 -0.3330
-1.0540 0.1777 -0.3331
-1.0541 0.1776 -0.3332
-1.0541 0.1776 -0.3333
-1.0541 0.1776 -0.3334
-1.0540 0.1776 -0.3334
-1.0543 0.1773 -0.3336
-1.0544 0.1772 -0.3337
-1.0544 0.1772 -0.3338
-1.0544 0.1772 -0.3338
-1.0544 0.1772 -0.3338
-1.0544 0.1771 -0.3338
-1.0546 0.1770 -0.3338
-1.0548 0.1769 -0.3339
-1.0548 0.1768 -0.3339
-1.0548 0.1768 -0.3340
-1.0548 0.1766 -0.3340
-1.0549 0.1765 -0.3341
-1.0552 0.1763 -0.3342
-1.0553 0.1762 -0.3342
-1.0554 0.1761 -0.3342
-1.0554 0.1761 -0.3342
-1.0554 0.1760 -0.3341
-1.0554 0.1761 -0.3341
-1.0554 0.1761 -0.3341
-1.0556 0.1761 -0.3342
-1.0557 0.1761 -0.3343
-1.0558 0.1761 -0.3342
-1.0559 0.1760 -0.3342
-1.0560 0.1760 -0.3342
-1.0560 0.1759 -0.3342
-1.0562 0.1759 -0.3344
-1.0563 0.1759 -0.3345
-1.0563 0.1758 -0.3345
-1.0564 0.1757 -0.3345
-1.0564 0.1756 -0.3345
-1.0566 0.1757 -0.3347
-1.0566 0.1757 -0.3348
-1.0566 0.1757 -0.3349
-1.0566 0.1756 -0.3349
-1.0565 0.1756 -0.3349
-1.0565 0.1756 -0.3349
-1.0567 0.1757 -0.3352
-1.0568 0.1757 -0.3354
-1.0568 0.1757 -0.3355
-1.0568 0.1758 -0.3355
-1.0567 0.1758 -0.3356
-1.0567 0.1759 -0.3357
-1.0570 0.1758 -0.3361
-1.0571 0.1758 -0.3363
-1.0571 0.1758 -0.3363
-1.0572 0.1758 -0.3364
-1.0572 0.1758 -0.3364
-1.0572 0.1758 -0.3365
-1.0574 0.1759 -0.3366
-1.0574 0.1759 -0.3367
-1.0574 0.1760 -0.3368
-1.0574 0.1760 -0.3368
-1.0573 0.1760 -0.3367
-1.0573 0.1760 -0.3367
-1.0579 0.1759 -0.3371
-1.0581 0.1759 -0.3372
-1.0581 0.1759 -0.3372
-1.0581 0.1758 -0.3372
-1.0581 0.1758 -0.3371
-1.0581 0.1758 -0.3371
-1.0583 0.1758 -0.3373
-1.0584 0.1758 -0.3373
-1.0584 0.1758 -0.3373
-1.0583 0.1757 -0.3373
-1.0583 0.1757 -0.3373
-1.0582 0.1757 -0.3373
-1.0584 0.1758 -0.3375
-1.0584 0.1758 -0.3376
-1.0583 0.1759 -0.3377
-1.0582 0.1759 -0.3377
-1.0581 0.1759 -0.3377
-1.0580 0.1760 -0.3377
-1.0579 0.1763 -0.3378
-1.0578 0.1764 -0.3379
-1.0577 0.1765 -0.3379
-1.0576 0.1766 -0.3379
-1.0575 0.1766 -0.3380
-1.0574 0.1767 -0.3381
-1.0574 0.1767 -0.3384
-1.0573 0.1768 -0.3385
-1.0571 0.1769 -0.3385
-1.0570 0.1769 -0.3385
-1.0569 0.1770 -0.3385
-1.0568 0.1770 -0.3385
-1.0571 0.1771 -0.3386
-1.0570 0.1772 -0.3386
-1.0568 0.1773 -0.3386
-1.0567 0.1774 -0.3386
-1.0565 0.1774 -0.3385
-1.0564 0.1775 -0.3385
-1.0565 0.1777 -0.3386
-1.0565 0.1777 -0.3386
-1.0565 0.1777 -0.3386
-1.0564 0.1777 -0.3386
-1.0563 0.1778 -0.3386
-1.0562 0.1778 -0.3385
-1.0565 0.1778 -0.3386
-1.0566 0.1778 -0.3387
-1.0566 0.1777 -0.3386
-1.0566 0.1777 -0.3386
-1.0566 0.1776 -0.3386
-1.0567 0.1775 -0.3386
-1.0566 0.1775 -0.3386
-1.0568 0.1776 -0.3388
-1.0569 0.1776 -0.3389
-1.0569 0.1775 -0.3389
-1.0569 0.1774 -0.3388
-1.0570 0.1772 -0.3388
-1.0573 0.1773 -0.3389
-1.0574 0.1772 -0.3389
-1.0574 0.1771 -0.3389
-1.0575 0.1768 -0.3388
-1.0575 0.1767 -0.3388
-1.0575 0.1765 -0.3387
-1.0572 0.1768 -0.3390
-1.0571 0.1769 -0.3391
-1.0571 0.1768 -0.3391
-1.0572 0.1766 -0.3391
-1.0572 0.1764 -0.3391
-1.0570 0.1768 -0.3392
-1.0570 0.1768 -0.3393
-1.0570 0.1768 -0.3394
-1.0569 0.1769 -0.3394
-1.0568 0.1770 -0.3395
-1.0566 0.1771 -0.3395
-1.0562 0.1776 -0.3397
-1.0560 0.1777 -0.3398
-1.0559 0.1778 -0.3399
-1.0559 0.1778 -0.3400
-1.0558 0.1777 -0.3402
-1.0558 0.1778 -0.3404
-1.0556 0.1778 -0.3406
-1.0555 0.1778 -0.3408
-1.0555 0.1778 -0.3409
-1.0555 0.1777 -0.3410
-1.0556 0.1776 -0.3411
-1.0556 0.1776 -0.3412
-1.0558 0.1774 -0.3411
-1.0558 0.1774 -0.3411
-1.0558 0.1773 -0.3411
-1.0558 0.1773 -0.3410
-1.0558 0.1772 -0.3410
-1.0558 0.1771 -0.3410
-1.0560 0.1763 -0.3417
-1.0561 0.1759 -0.3420
-1.0562 0.1756 -0.3422
-1.0564 0.1753 -0.3424
-1.0565 0.1750 -0.3427
-1.0566 0.1746 -0.3430
-1.0566 0.1739 -0.3439
-1.0568 0.1734 -0.3444
-1.0569 0.1728 -0.3450
-1.0571 0.1723 -0.3455
-1.0574 0.1716 -0.3461
-1.0578 0.1710 -0.3466
-1.0580 0.1701 -0.3477
-1.0583 0.1693 -0.3486
-1.0587 0.1686 -0.3495
-1.0591 0.1678 -0.3505
-1.0595 0.1670 -0.3517
-1.0600 0.1660 -0.3531
-1.0602 0.1651 -0.3546
-1.0606 0.1639 -0.3565
-1.0612 0.1624 -0.3587
-1.0618 0.1608 -0.3613
-1.0624 0.1590 -0.3642
-1.0630 0.1571 -0.3674
-1.0634 0.1549 -0.3710
-1.0637 0.1529 -0.3749
-1.0640 0.1505 -0.3793
-1.0645 0.1478 -0.3842
-1.0650 0.1449 -0.3897
-1.0656 0.1417 -0.3957
-1.0663 0.1375 -0.4022
-1.0666 0.1339 -0.4091
-1.0666 0.1306 -0.4162
-1.0661 0.1276 -0.4237
-1.0654 0.1248 -0.4316
-1.0644 0.1222 -0.4400
-1.0635 0.1194 -0.4489
-1.0622 0.1169 -0.4583
-1.0607 0.1145 -0.4682
-1.0590 0.1122 -0.4785
-1.0570 0.1098 -0.4891
-1.0547 0.1075 -0.5001
-1.0522 0.1052 -0.5108
-1.0493 0.1029 -0.5221
-1.0462 0.1005 -0.5339
-1.0428 0.0982 -0.5461
-1.0393 0.0958 -0.5586
-1.0356 0.0933 -0.5716
-1.0314 0.0912 -0.5844
-1.0272 0.0888 -0.5980
-1.0229 0.0864 -0.6122
-1.0184 0.0839 -0.6268
-1.0137 0.0816 -0.6419
-1.0087 0.0793 -0.6573
-1.0032 0.0771 -0.6730
-0.9977 0.0748 -0.6892
-0.9920 0.0726 -0.7057
-0.9861 0.0704 -0.7226
-0.9802 0.0683 -0.7397
-0.9741 0.0662 -0.7569
-0.9682 0.0643 -0.7739
-0.9621 0.0623 -0.7910
-0.9559 0.0604 -0.8082
-0.9499 0.0586 -0.8252
-0.9441 0.0569 -0.8422
-0.9387 0.0551 -0.8593
-0.9332 0.0538 -0.8754
-0.9283 0.0523 -0.8922
-0.9238 0.0511 -0.9089
-0.9193 0.0506 -0.9251
-0.9148 0.0511 -0.9406
-0.9104 0.0526 -0.9553
-0.9075 0.0545 -0.9686
-0.9041 0.0571 -0.9815
-0.9011 0.0598 -0.9939
-0.8990 0.0621 -1.0061
-0.8977 0.0636 -1.0182
-0.8970 0.0647 -1.0438
-0.8970 0.0644 -1.0575
-0.8972 0.0637 -1.0713
-0.8977 0.0627 -1.0849
-0.8986 0.0615 -1.0984
-0.8997 0.0600 -1.1118
-0.9009 0.0581 -1.1251
-0.9035 0.0558 -1.1383
-0.9055 0.0533 -1.1516
-0.9075 0.0506 -1.1652
-0.9099 0.0475 -1.1792
-0.9127 0.0438 -1.1937
-0.9160 0.0419 -1.2076
-0.9196 0.0383 -1.2226
-0.9235 0.0340 -1.2380
-0.9277 0.0296 -1.2537
-0.9322 0.0254 -1.2697
-0.9370 0.0216 -1.2858
-0.9437 0.0170 -1.3009
-0.9493 0.0134 -1.3169
-0.9545 0.0105 -1.3334
-0.9594 0.0084 -1.3501
-0.9641 0.0071 -1.3670
-0.9685 0.0066 -1.3839
-0.9725 0.0068 -1.4012
-0.9768 0.0063 -1.4191
-0.9801 0.0070 -1.4375
-0.9830 0.0085 -1.4565
-0.9855 0.0105 -1.4755
-0.9878 0.0133 -1.4944
-0.9894 0.0168 -1.5127
-0.9897 0.0181 -1.5317
-0.9892 0.0216 -1.5496
-0.9878 0.0257 -1.5672
-0.9854 0.0298 -1.5847
-0.9820 0.0337 -1.6023
-0.9772 0.0353 -1.6187
-0.9723 0.0383 -1.6350
-0.9673 0.0420 -1.6506
-0.9622 0.0459 -1.6653
-0.9571 0.0495 -1.6792
-0.9521 0.0527 -1.6925
-0.9468 0.0540 -1.7042
-0.9421 0.0553 -1.7166
-0.9378 0.0558 -1.7293
-0.9340 0.0554 -1.7423
-0.9306 0.0541 -1.7555
-0.9274 0.0518 -1.7691
-0.9245 0.0487 -1.7831
-0.9219 0.0452 -1.7960
-0.9197 0.0410 -1.8104
-0.9179 0.0365 -1.8257
-0.9166 0.0318 -1.8416
-0.9157 0.0272 -1.8581
-0.9154 0.0230 -1.8751
-0.9168 0.0187 -1.8928
-0.9180 0.0154 -1.9108
-0.9196 0.0131 -1.9290
-0.9218 0.0118 -1.9474
-0.9247 0.0115 -1.9660
-0.9301 0.0104 -1.9827
-0.9353 0.0118 -2.0004
-0.9411 0.0149 -2.0180
-0.9478 0.0195 -2.0353
-0.9557 0.0252 -2.0521
-0.9651 0.0319 -2.0682
-0.9763 0.0374 -2.0809
-0.9886 0.0441 -2.0948
-1.0019 0.0508 -2.1092
-1.0163 0.0569 -2.1241
-1.0316 0.0620 -2.1394
-1.0480 0.0661 -2.1552
-1.0652 0.0689 -2.1701
-1.0834 0.0711 -2.1847
-1.1020 0.0725 -2.1984
-1.1206 0.0733 -2.2110
-1.1388 0.0732 -2.2228
-1.1563 0.0723 -2.2336
-1.1730 0.0704 -2.2437
-1.1890 0.0676 -2.2547
-1.2042 0.0638 -2.2662
-1.2186 0.0592 -2.2783
-1.2324 0.0540 -2.2910
-1.2324 0.0540 -2.2910
-1.2455 0.0478 -2.3040
-1.2579 0.0407 -2.3172
-1.2697 0.0345 -2.3309
-1.2808 0.0288 -2.3449
-1.2912 0.0235 -2.3592
-1.3008 0.0187 -2.3740
-1.3097 0.0145 -2.3892
-1.3172 0.0103 -2.4092
-1.3246 0.0074 -2.4266
-1.3315 0.0056 -2.4435
-1.3380 0.0048 -2.4605
-1.3441 0.0049 -2.4777
-1.3497 0.0049 -2.4972
-1.3550 0.0046 -2.5192
-1.3597 0.0059 -2.5390
-1.3639 0.0079 -2.5581
-1.3672 0.0103 -2.5767
-1.3695 0.0128 -2.5950
-1.3707 0.0148 -2.6148
-1.3705 0.0159 -2.6367
-1.3691 0.0168 -2.6568
-1.3664 0.0171 -2.6769
-1.3627 0.0168 -2.6971
-1.3584 0.0161 -2.7173
-1.3547 0.0152 -2.7388
-1.3520 0.0148 -2.7615
-1.3478 0.0152 -2.7802
-1.3436 0.0159 -2.7971
-1.3399 0.0165 -2.8130
-1.3369 0.0167 -2.8288
-1.3350 0.0167 -2.8459
-1.3344 0.0164 -2.8647
-1.3339 0.0151 -2.8821
-1.3341 0.0130 -2.8992
-1.3349 0.0107 -2.9163
-1.3364 0.0081 -2.9335
-1.3384 0.0054 -2.9508
-1.3422 0.0054 -2.9702
-1.3458 0.0034 -2.9884
-1.3497 0.0006 -3.0064
-1.3538 -0.0024 -3.0243
-1.3582 -0.0054 -3.0424
-1.3635 -0.0089 -3.0604
-1.3701 -0.0126 -3.0782
-1.3763 -0.0152 -3.0962
-1.3826 -0.0172 -3.1143
-1.3896 -0.0186 -3.1324
-1.3972 -0.0193 -3.1505
-1.4063 -0.0196 -3.1688
-1.4171 -0.0194 -3.1871
-1.4287 -0.0171 -3.2039
-1.4416 -0.0132 -3.2192
-1.4558 -0.0085 -3.2335
-1.4710 -0.0034 -3.2469
-1.4875 0.0011 -3.2607
-1.5054 0.0043 -3.2754
-1.5237 0.0074 -3.2897
-1.5428 0.0097 -3.3038
-1.5624 0.0113 -3.3175
-1.5824 0.0120 -3.3305
-1.6025 0.0118 -3.3432
-1.6225 0.0106 -3.3558
-1.6412 0.0086 -3.3677
-1.6588 0.0058 -3.3796
-1.6755 0.0022 -3.3918
-1.6913 -0.0022 -3.4044
-1.7065 -0.0077 -3.4183
-1.7211 -0.0141 -3.4336
-1.7344 -0.0199 -3.4483
-1.7467 -0.0254 -3.4633
-1.7579 -0.0306 -3.4786
-1.7681 -0.0353 -3.4944
-1.7775 -0.0404 -3.5110
-1.7859 -0.0458 -3.5285
-1.7927 -0.0495 -3.5462
-1.7982 -0.0522 -3.5645
-1.8026 -0.0542 -3.5835
-1.8060 -0.0554 -3.6031
-1.8091 -0.0564 -3.6235
-1.8120 -0.0573 -3.6446
-1.8138 -0.0566 -3.6653
-1.8150 -0.0550 -3.6861
-1.8158 -0.0530 -3.7071
-1.8161 -0.0505 -3.7281
-1.8165 -0.0482 -3.7494
-1.8169 -0.0461 -3.7712
-1.8156 -0.0438 -3.7922
-1.8132 -0.0417 -3.8134
-1.8100 -0.0404 -3.8351
-1.8061 -0.0396 -3.8574
-1.8018 -0.0387 -3.8801
-1.7975 -0.0370 -3.9027
-1.7920 -0.0358 -3.9241
-1.7858 -0.0341 -3.9441
-1.7792 -0.0321 -3.9628
-1.7724 -0.0300 -3.9803
-1.7658 -0.0275 -3.9970
-1.7597 -0.0249 -4.0134
-1.7536 -0.0236 -4.0293
-1.7479 -0.0233 -4.0451
-1.7428 -0.0239 -4.0608
-1.7384 -0.0252 -4.0768
-1.7346 -0.0272 -4.0933
-1.7312 -0.0266 -4.1091
-1.7287 -0.0287 -4.1262
-1.7269 -0.0320 -4.1441
-1.7256 -0.0359 -4.1625
-1.7247 -0.0402 -4.1814
-1.7241 -0.0435 -4.2004
-1.7237 -0.0454 -4.2193
-1.7236 -0.0485 -4.2385
-1.7237 -0.0516 -4.2578
-1.7242 -0.0543 -4.2770
-1.7252 -0.0562 -4.2960
-1.7271 -0.0570 -4.3142
-1.7302 -0.0565 -4.3314
-1.7383 -0.0518 -4.3640
-1.7436 -0.0479 -4.3788
-1.7494 -0.0433 -4.3928
-1.7557 -0.0385 -4.4066
-1.7622 -0.0336 -4.4194
-1.7702 -0.0294 -4.4338
-1.7795 -0.0258 -4.4493
-1.7902 -0.0226 -4.4652
-1.8020 -0.0197 -4.4811
-1.8145 -0.0171 -4.4966
-1.8265 -0.0138 -4.5106
-1.8389 -0.0116 -4.5250
-1.8512 -0.0102 -4.5396
-1.8633 -0.0095 -4.5543
-1.8750 -0.0093 -4.5692
-1.8864 -0.0096 -4.5842
-1.8974 -0.0101 -4.5994
-1.9078 -0.0097 -4.6136
-1.9177 -0.0100 -4.6286
-1.9270 -0.0105 -4.6437
-1.9355 -0.0111 -4.6589
-1.9432 -0.0116 -4.6743
-1.9502 -0.0120 -4.6897
-1.9561 -0.0124 -4.7061
-1.9614 -0.0125 -4.7224
-1.9659 -0.0125 -4.7388
-1.9697 -0.0123 -4.7555
-1.9729 -0.0119 -4.7722
-1.9747 -0.0118 -4.7882
-1.9766 -0.0112 -4.8047
-1.9781 -0.0102 -4.8215
-1.9790 -0.0090 -4.8383
-1.9792 -0.0077 -4.8554
-1.9787 -0.0061 -4.8729
-1.9777 -0.0043 -4.8905
-1.9764 -0.0023 -4.9077
-1.9750 0.0000 -4.9241
-1.9734 0.0027 -4.9398
-1.9716 0.0054 -4.9549
-1.9694 0.0076 -4.9701
-1.9667 0.0091 -4.9858
-1.9644 0.0098 -5.0018
-1.9623 0.0099 -5.0180
-1.9607 0.0096 -5.0341
-1.9595 0.0096 -5.0494
-1.9586 0.0099 -5.0638
-1.9579 0.0107 -5.0774
-1.9581 0.0116 -5.0898
-1.9591 0.0124 -5.1014
-1.9608 0.0134 -5.1124
-1.9633 0.0145 -5.1229
-1.9669 0.0156 -5.1329
-1.9723 0.0172 -5.1429
-1.9786 0.0178 -5.1526
-1.9859 0.0175 -5.1625
-1.9940 0.0166 -5.1724
-2.0027 0.0152 -5.1825
-2.0121 0.0133 -5.1924
-2.0221 0.0122 -5.2018
-2.0324 0.0103 -5.2107
-2.0430 0.0081 -5.2190
-2.0537 0.0057 -5.2268
-2.0645 0.0033 -5.2340
-2.0752 0.0009 -5.2405
-2.0873 -0.0019 -5.2466
-2.0983 -0.0043 -5.2517
-2.1088 -0.0066 -5.2561
-2.1188 -0.0085 -5.2598
-2.1286 -0.0103 -5.2631
-2.1382 -0.0120 -5.2663
-2.1485 -0.0138 -5.2711
-2.1587 -0.0159 -5.2749
-2.1689 -0.0179 -5.2778
-2.1789 -0.0194 -5.2794
-2.1883 -0.0202 -5.2798
-2.1970 -0.0202 -5.2789
-2.2058 -0.0198 -5.2779
-2.2136 -0.0192 -5.2757
-2.2209 -0.0186 -5.2729
-2.2279 -0.0182 -5.2694
-2.2347 -0.0177 -5.2652
-2.2412 -0.0171 -5.2601
-2.2491 -0.0165 -5.2562
-2.2554 -0.0159 -5.2501
-2.2609 -0.0154 -5.2429
-2.2658 -0.0151 -5.2349
-2.2700 -0.0150 -5.2261
-2.2734 -0.0149 -5.2167
-2.2762 -0.0145 -5.2059
-2.2780 -0.0142 -5.1948
-2.2788 -0.0139 -5.1832
-2.2787 -0.0136 -5.1710
-2.2779 -0.0133 -5.1583
-2.2765 -0.0132 -5.1451
-2.2781 -0.0120 -5.1287
-2.2770 -0.0119 -5.1138
-2.2747 -0.0123 -5.0991
-2.2718 -0.0130 -5.0843
-2.2684 -0.0139 -5.0693
-2.2646 -0.0149 -5.0541
-2.2632 -0.0151 -5.0361
-2.2597 -0.0160 -5.0199
-2.2554 -0.0170 -5.0042
-2.2507 -0.0180 -4.9885
-2.2455 -0.0190 -4.9728
-2.2398 -0.0199 -4.9570
-2.2342 -0.0209 -4.9399
-2.2279 -0.0216 -4.9236
-2.2212 -0.0222 -4.9076
-2.2144 -0.0229 -4.8917
-2.2074 -0.0237 -4.8757
-2.2003 -0.0246 -4.8598
-2.1934 -0.0264 -4.8428
-2.1864 -0.0279 -4.8265
-2.1796 -0.0294 -4.8107
-2.1732 -0.0311 -4.7950
-2.1675 -0.0330 -4.7794
-2.1624 -0.0349 -4.7638
-2.1577 -0.0372 -4.7470
-2.1525 -0.0386 -4.7308
-2.1464 -0.0390 -4.7148
-2.1396 -0.0382 -4.6993
-2.1322 -0.0366 -4.6844
-2.1250 -0.0348 -4.6695
-2.1186 -0.0333 -4.6543
-2.1125 -0.0322 -4.6395
-2.1069 -0.0318 -4.6244
-2.1017 -0.0318 -4.6088
-2.0965 -0.0322 -4.5927
-2.0913 -0.0327 -4.5761
-2.0860 -0.0335 -4.5593
-2.0802 -0.0340 -4.5433
-2.0743 -0.0348 -4.5279
-2.0686 -0.0359 -4.5130
-2.0632 -0.0375 -4.4984
-2.0581 -0.0398 -4.4840
-2.0540 -0.0430 -4.4692
-2.0495 -0.0463 -4.4547
-2.0449 -0.0498 -4.4403
-2.0403 -0.0532 -4.4258
-2.0359 -0.0567 -4.4113
-2.0315 -0.0602 -4.3967
-2.0271 -0.0631 -4.3820
-2.0229 -0.0662 -4.3672
-2.0187 -0.0691 -4.3522
-2.0145 -0.0716 -4.3370
-2.0101 -0.0737 -4.3218
-2.0055 -0.0753 -4.3063
-2.0007 -0.0767 -4.2907
-1.9956 -0.0775 -4.2747
-1.9901 -0.0779 -4.2582
-1.9841 -0.0780 -4.2412
-1.9775 -0.0778 -4.2235
-1.9702 -0.0773 -4.2054
-1.9628 -0.0776 -4.1877
-1.9542 -0.0764 -4.1698
-1.9446 -0.0741 -4.1525
-1.9342 -0.0706 -4.1363
-1.9231 -0.0659 -4.1218
-1.9118 -0.0607 -4.1088
-1.9013 -0.0563 -4.0979
-1.8904 -0.0514 -4.0872
-1.8790 -0.0468 -4.0769
-1.8668 -0.0429 -4.0670
-1.8539 -0.0399 -4.0576
-1.8405 -0.0379 -4.0487
-1.8281 -0.0372 -4.0417
-1.8150 -0.0373 -4.0338
-1.8019 -0.0386 -4.0256
-1.7889 -0.0413 -4.0171
-1.7761 -0.0450 -4.0082
-1.7635 -0.0498 -3.9991
-1.7517 -0.0555 -3.9916
-1.7397 -0.0617 -3.9824
-1.7281 -0.0684 -3.9724
-1.7168 -0.0754 -3.9616
-1.7058 -0.0828 -3.9502
-1.6952 -0.0904 -3.9381
-1.6853 -0.0984 -3.9261
-1.6757 -0.1057 -3.9129
-1.6666 -0.1123 -3.8988
-1.6584 -0.1180 -3.8841
-1.6509 -0.1227 -3.8687
-1.6440 -0.1265 -3.8526
-1.6377 -0.1294 -3.8359
-1.6317 -0.1320 -3.8186
-1.6262 -0.1334 -3.8003
-1.6209 -0.1335 -3.7813
-1.6157 -0.1323 -3.7621
-1.6104 -0.1295 -3.7428
-1.6028 -0.1281 -3.7224
-1.5966 -0.1236 -3.7035
-1.5909 -0.1176 -3.6854
-1.5857 -0.1112 -3.6675
-1.5809 -0.1048 -3.6494
-1.5764 -0.0990 -3.6310
-1.5704 -0.0950 -3.6107
-1.5655 -0.0909 -3.5911
-1.5609 -0.0870 -3.5719
-1.5565 -0.0832 -3.5530
-1.5522 -0.0792 -3.5347
-1.5483 -0.0751 -3.5170
-1.5428 -0.0713 -3.4977
-1.5388 -0.0674 -3.4802
-1.5351 -0.0638 -3.4633
-1.5316 -0.0610 -3.4464
-1.5279 -0.0591 -3.4291
-1.5238 -0.0583 -3.4112
-1.5172 -0.0593 -3.3906
-1.5113 -0.0606 -3.3710
-1.5052 -0.0621 -3.3516
-1.4985 -0.0637 -3.3323
-1.4913 -0.0652 -3.3133
-1.4832 -0.0669 -3.2938
-1.4741 -0.0691 -3.2738
-1.4655 -0.0706 -3.2547
-1.4569 -0.0717 -3.2361
-1.4480 -0.0728 -3.2177
-1.4388 -0.0738 -3.1998
-1.4294 -0.0744 -3.1822
-1.4188 -0.0780 -3.1639
-1.4083 -0.0791 -3.1469
-1.3973 -0.0793 -3.1308
-1.3858 -0.0789 -3.1156
-1.3739 -0.0779 -3.1015
-1.3620 -0.0762 -3.0886
-1.3505 -0.0771 -3.0750
-1.3391 -0.0755 -3.0634
-1.3276 -0.0730 -3.0528
-1.3157 -0.0705 -3.0428
-1.3030 -0.0681 -3.0331
-1.2896 -0.0661 -3.0238
-1.2766 -0.0649 -3.0163
-1.2621 -0.0640 -3.0080
-1.2467 -0.0637 -2.9993
-1.2309 -0.0643 -2.9900
-1.2148 -0.0659 -2.9802
-1.1987 -0.0682 -2.9697
-1.1841 -0.0702 -2.9596
-1.1691 -0.0731 -2.9480
-1.1544 -0.0765 -2.9355
-1.1400 -0.0802 -2.9222
-1.1263 -0.0840 -2.9081
-1.1131 -0.0878 -2.8932
-1.1020 -0.0922 -2.8795
-1.0907 -0.0961 -2.8638
-1.0798 -0.0996 -2.8473
-1.0694 -0.1029 -2.8302
-1.0595 -0.1057 -2.8127
-1.0500 -0.1080 -2.7949
-1.0411 -0.1112 -2.7789
-1.0323 -0.1125 -2.7615
-1.0235 -0.1129 -2.7437
-1.0146 -0.1126 -2.7257
-1.0056 -0.1121 -2.7076
-0.9968 -0.1112 -2.6892
-0.9902 -0.1103 -2.6727
-0.9829 -0.1091 -2.6545
-0.9757 -0.1077 -2.6355
-0.9691 -0.1065 -2.6159
-0.9631 -0.1058 -2.5954
-0.9576 -0.1059 -2.5738
-0.9546 -0.1061 -2.5540
-0.9512 -0.1073 -2.5314
-0.9482 -0.1086 -2.5082
-0.9457 -0.1092 -2.4852
-0.9440 -0.1087 -2.4630
-0.9431 -0.1072 -2.4416
-0.9428 -0.1051 -2.4210
-0.9445 -0.1030 -2.4033
-0.9453 -0.1010 -2.3846
-0.9456 -0.0995 -2.3656
-0.9455 -0.0988 -2.3465
-0.9448 -0.0988 -2.3272
-0.9449 -0.0984 -2.3094
-0.9435 -0.0993 -2.2903
-0.9413 -0.1009 -2.2708
-0.9385 -0.1030 -2.2511
-0.9354 -0.1052 -2.2314
-0.9320 -0.1077 -2.2120
-0.9302 -0.1086 -2.1944
-0.9272 -0.1110 -2.1756
-0.9238 -0.1140 -2.1564
-0.9200 -0.1171 -2.1371
-0.9159 -0.1202 -2.1181
-0.9114 -0.1231 -2.0994
-0.9076 -0.1253 -2.0826
-0.9028 -0.1272 -2.0652
-0.8974 -0.1282 -2.0481
-0.8915 -0.1282 -2.0319
-0.8853 -0.1270 -2.0169
-0.8789 -0.1248 -2.0027
-0.8731 -0.1243 -1.9883
-0.8662 -0.1217 -1.9750
-0.8582 -0.1184 -1.9622
-0.8490 -0.1147 -1.9497
-0.8387 -0.1109 -1.9375
-0.8277 -0.1072 -1.9255
-0.8164 -0.1044 -1.9088
-0.8046 -0.1022 -1.8953
-0.7926 -0.1008 -1.8824
-0.7806 -0.1006 -1.8696
-0.7687 -0.1015 -1.8563
-0.7569 -0.1035 -1.8426
-0.7450 -0.1066 -1.8253
-0.7337 -0.1106 -1.8093
-0.7229 -0.1153 -1.7933
-0.7126 -0.1205 -1.7769
-0.7028 -0.1259 -1.7603
-0.6936 -0.1313 -1.7434
-0.6845 -0.1366 -1.7230
-0.6769 -0.1415 -1.7046
-0.6707 -0.1457 -1.6868
-0.6656 -0.1492 -1.6691
-0.6615 -0.1520 -1.6513
-0.6579 -0.1539 -1.6334
-0.6543 -0.1556 -1.6138
-0.6512 -0.1558 -1.5952
-0.6484 -0.1550 -1.5771
-0.6457 -0.1532 -1.5590
-0.6431 -0.1507 -1.5407
-0.6407 -0.1477 -1.5224
-0.6404 -0.1438 -1.5059
-0.6393 -0.1399 -1.4886
-0.6386 -0.1361 -1.4711
-0.6386 -0.1329 -1.4532
-0.6396 -0.1304 -1.4349
-0.6412 -0.1289 -1.4159
-0.6442 -0.1286 -1.3967
-0.6467 -0.1283 -1.3772
-0.6486 -0.1275 -1.3577
-0.6499 -0.1257 -1.3388
-0.6504 -0.1229 -1.3205
-0.6503 -0.1193 -1.3028
-0.6506 -0.1161 -1.2861
-0.6501 -0.1125 -1.2693
-0.6493 -0.1090 -1.2526
-0.6483 -0.1056 -1.2360
-0.6467 -0.1026 -1.2192
-0.6446 -0.1000 -1.2023
-0.6419 -0.0981 -1.1855
-0.6386 -0.0965 -1.1685
-0.6351 -0.0953 -1.1516
-0.6315 -0.0947 -1.1348
-0.6280 -0.0949 -1.1181
-0.6249 -0.0959 -1.1015
-0.6209 -0.0980 -1.0860
-0.6183 -0.1011 -1.0694
-0.6166 -0.1051 -1.0524
-0.6155 -0.1099 -1.0352
-0.6152 -0.1152 -1.0180
-0.6157 -0.1205 -1.0009
-0.6146 -0.1265 -0.9844
-0.6145 -0.1312 -0.9686
-0.6144 -0.1344 -0.9542
-0.6138 -0.1360 -0.9411
-0.6131 -0.1360 -0.9292
-0.6125 -0.1351 -0.9179
-0.6109 -0.1346 -0.9059
-0.6095 -0.1338 -0.8941
-0.6074 -0.1330 -0.8821
-0.6042 -0.1321 -0.8698
-0.6003 -0.1312 -0.8576
-0.5960 -0.1302 -0.8453
-0.5922 -0.1284 -0.8328
-0.5886 -0.1278 -0.8202
-0.5856 -0.1280 -0.8074
-0.5832 -0.1290 -0.7942
-0.5815 -0.1308 -0.7803
-0.5806 -0.1332 -0.7658
-0.5805 -0.1329 -0.7502
-0.5809 -0.1352 -0.7344
-0.5819 -0.1384 -0.7184
-0.5834 -0.1419 -0.7022
-0.5855 -0.1453 -0.6861
-0.5887 -0.1481 -0.6705
-0.5932 -0.1500 -0.6556
-0.5982 -0.1522 -0.6406
-0.6039 -0.1544 -0.6256
-0.6100 -0.1563 -0.6107
-0.6164 -0.1581 -0.5959
-0.6224 -0.1591 -0.5802
-0.6280 -0.1590 -0.5632
-0.6343 -0.1594 -0.5478
-0.6409 -0.1596 -0.5333
-0.6479 -0.1593 -0.5195
-0.6552 -0.1584 -0.5065
-0.6630 -0.1572 -0.4941
-0.6704 -0.1527 -0.4793
-0.6787 -0.1504 -0.4669
-0.6872 -0.1487 -0.4555
-0.6957 -0.1471 -0.4451
-0.7041 -0.1453 -0.4355
-0.7125 -0.1436 -0.4268
-0.7206 -0.1407 -0.4159
-0.7292 -0.1393 -0.4074
-0.7381 -0.1390 -0.4000
-0.7474 -0.1395 -0.3928
-0.7570 -0.1408 -0.3858
-0.7666 -0.1425 -0.3789
-0.7751 -0.1434 -0.3699
-0.7841 -0.1446 -0.3631
-0.7927 -0.1452 -0.3576
-0.8008 -0.1450 -0.3531
-0.8085 -0.1443 -0.3495
-0.8160 -0.1438 -0.3467
-0.8237 -0.1419 -0.3410
-0.8314 -0.1421 -0.3378
-0.8392 -0.1436 -0.3355
-0.8469 -0.1459 -0.3335
-0.8546 -0.1489 -0.3316
-0.8622 -0.1524 -0.3300
-0.8701 -0.1548 -0.3260
-0.8776 -0.1583 -0.3242
-0.8847 -0.1622 -0.3233
-0.8914 -0.1661 -0.3229
-0.8976 -0.1698 -0.3227
-0.9030 -0.1733 -0.3226
-0.9075 -0.1756 -0.3195
-0.9115 -0.1780 -0.3185
-0.9150 -0.1801 -0.3185
-0.9185 -0.1821 -0.3188
-0.9221 -0.1842 -0.3192
-0.9259 -0.1860 -0.3189
-0.9298 -0.1874 -0.3176
-0.9342 -0.1898 -0.3168
-0.9388 -0.1924 -0.3161
-0.9435 -0.1945 -0.3155
-0.9482 -0.1958 -0.3153
-0.9531 -0.1965 -0.3154
-0.9593 -0.1952 -0.3142
-0.9651 -0.1949 -0.3144
-0.9710 -0.1952 -0.3149
-0.9771 -0.1960 -0.3154
-0.9833 -0.1969 -0.3159
-0.9895 -0.1977 -0.3166
-0.9963 -0.1968 -0.3162
-1.0027 -0.1968 -0.3170
-1.0087 -0.1971 -0.3183
-1.0145 -0.1973 -0.3198
-1.0199 -0.1974 -0.3213
-1.0249 -0.1971 -0.3228
-1.0300 -0.1962 -0.3238
-1.0345 -0.1953 -0.3253
-1.0386 -0.1945 -0.3270
-1.0423 -0.1934 -0.3285
-1.0456 -0.1919 -0.3297
-1.0484 -0.1899 -0.3307
-1.0505 -0.1878 -0.3304
-1.0524 -0.1853 -0.3308
-1.0540 -0.1826 -0.3318
-1.0555 -0.1800 -0.3333
-1.0568 -0.1774 -0.3355
-1.0579 -0.1749 -0.3383
-1.0579 -0.1713 -0.3416
-1.0584 -0.1683 -0.3459
-1.0591 -0.1654 -0.3509
-1.0596 -0.1621 -0.3565
-1.0600 -0.1583 -0.3627
-1.0606 -0.1536 -0.3690
-1.0617 -0.1480 -0.3753
-1.0615 -0.1417 -0.3819
-1.0607 -0.1347 -0.3886
-1.0597 -0.1272 -0.3950
-1.0586 -0.1194 -0.4011
-1.0577 -0.1117 -0.4070
-1.0572 -0.1042 -0.4128
-1.0561 -0.0962 -0.4179
-1.0550 -0.0883 -0.4226
-1.0538 -0.0805 -0.4267
-1.0525 -0.0732 -0.4306
-1.0513 -0.0663 -0.4342
-1.0501 -0.0591 -0.4373
-1.0490 -0.0531 -0.4402
-1.0480 -0.0479 -0.4426
-1.0471 -0.0436 -0.4446
-1.0461 -0.0400 -0.4462
-1.0450 -0.0372 -0.4476
-1.0442 -0.0361 -0.4477
-1.0432 -0.0347 -0.4488
-1.0421 -0.0334 -0.4500
-1.0411 -0.0323 -0.4512
-1.0400 -0.0316 -0.4523
-1.0391 -0.0311 -0.4533
-1.0380 -0.0307 -0.4535
-1.0373 -0.0305 -0.4537
-1.0368 -0.0304 -0.4534
-1.0362 -0.0299 -0.4525
-1.0352 -0.0290 -0.4513
-1.0340 -0.0276 -0.4499
-1.0332 -0.0267 -0.4480
-1.0324 -0.0257 -0.4463
-1.0319 -0.0248 -0.4446
-1.0317 -0.0242 -0.4428
-1.0318 -0.0238 -0.4410
-1.0321 -0.0236 -0.4392
-1.0331 -0.0238 -0.4373
-1.0336 -0.0238 -0.4357
-1.0339 -0.0236 -0.4341
-1.0342 -0.0234 -0.4327
-1.0346 -0.0233 -0.4315
-1.0349 -0.0233 -0.4303
-1.0357 -0.0239 -0.4289
-1.0360 -0.0240 -0.4278
-1.0361 -0.0239 -0.4267
-1.0361 -0.0237 -0.4257
-1.0360 -0.0236 -0.4247
-1.0360 -0.0235 -0.4236
-1.0359 -0.0235 -0.4223
-1.0359 -0.0234 -0.4212
-1.0360 -0.0234 -0.4201
-1.0361 -0.0234 -0.4191
-1.0363 -0.0234 -0.4181
-1.0365 -0.0234 -0.4173
-1.0365 -0.0234 -0.4162
-1.0365 -0.0233 -0.4153
-1.0365 -0.0231 -0.4145
-1.0365 -0.0229 -0.4136
-1.0364 -0.0225 -0.4127
-1.0362 -0.0221 -0.4117
-1.0366 -0.0223 -0.4107
-1.0365 -0.0219 -0.4096
-1.0363 -0.0214 -0.4086
-1.0361 -0.0208 -0.4076
-1.0359 -0.0202 -0.4066
-1.0358 -0.0196 -0.4057
-1.0358 -0.0194 -0.4050
-1.0357 -0.0189 -0.4041
-1.0354 -0.0183 -0.4032
-1.0352 -0.0176 -0.4022
-1.0349 -0.0169 -0.4012
-1.0347 -0.0163 -0.4002
-1.0337 -0.0154 -0.4006
-1.0333 -0.0148 -0.4001
-1.0330 -0.0142 -0.3995
-1.0327 -0.0137 -0.3989
-1.0324 -0.0131 -0.3983
-1.0321 -0.0126 -0.3977
-1.0313 -0.0116 -0.3979
-1.0307 -0.0110 -0.3976
-1.0303 -0.0106 -0.3972
-1.0299 -0.0102 -0.3967
-1.0295 -0.0099 -0.3963
-1.0291 -0.0095 -0.3959
-1.0286 -0.0092 -0.3956
-1.0281 -0.0090 -0.3953
-1.0278 -0.0088 -0.3951
-1.0275 -0.0087 -0.3948
-1.0272 -0.0086 -0.3945
-1.0268 -0.0086 -0.3943
-1.0264 -0.0085 -0.3948
-1.0259 -0.0083 -0.3948
-1.0254 -0.0082 -0.3946
-1.0249 -0.0080 -0.3944
-1.0245 -0.0079 -0.3942
-1.0241 -0.0078 -0.3940
-1.0240 -0.0076 -0.3943
-1.0237 -0.0074 -0.3943
-1.0233 -0.0073 -0.3941
-1.0228 -0.0071 -0.3939
-1.0224 -0.0070 -0.3938
-1.0220 -0.0069 -0.3936
-1.0214 -0.0064 -0.3937
-1.0208 -0.0061 -0.3937
-1.0204 -0.0060 -0.3936
-1.0201 -0.0059 -0.3936
-1.0197 -0.0057 -0.3936
-1.0193 -0.0056 -0.3936
-1.0189 -0.0053 -0.3935
-1.0186 -0.0051 -0.3935
-1.0183 -0.0050 -0.3935
-1.0180 -0.0049 -0.3936
-1.0177 -0.0048 -0.3937
-1.0174 -0.0047 -0.3938
-1.0169 -0.0041 -0.3936
-1.0165 -0.0038 -0.3937
-1.0162 -0.0036 -0.3938
-1.0159 -0.0035 -0.3940
-1.0157 -0.0034 -0.3942
-1.0155 -0.0034 -0.3944
-1.0147 -0.0024 -0.3938
-1.0143 -0.0020 -0.3937
-1.0140 -0.0019 -0.3939
-1.0139 -0.0018 -0.3941
-1.0137 -0.0017 -0.3944
-1.0135 -0.0017 -0.3946
-1.0127 -0.0012 -0.3943
-1.0123 -0.0010 -0.3943
-1.0121 -0.0008 -0.3944
-1.0118 -0.0006 -0.3946
-1.0116 -0.0005 -0.3948
-1.0112 -0.0005 -0.3950
-1.0106 -0.0006 -0.3950
-1.0103 -0.0006 -0.3952
-1.0101 -0.0006 -0.3954
-1.0099 -0.0006 -0.3956
-1.0098 -0.0006 -0.3958
-1.0096 -0.0006 -0.3961
-1.0097 -0.0003 -0.3965
-1.0096 -0.0002 -0.3969
-1.0094 -0.0002 -0.3971
-1.0093 -0.0002 -0.3973
-1.0091 -0.0002 -0.3975
-1.0089 -0.0002 -0.3977
-1.0095 -0.0003 -0.3974
-1.0096 -0.0004 -0.3974
-1.0096 -0.0005 -0.3975
-1.0095 -0.0006 -0.3975
-1.0093 -0.0006 -0.3976
-1.0091 -0.0006 -0.3976
-1.0090 -0.0005 -0.3976
-1.0088 -0.0004 -0.3976
-1.0087 -0.0004 -0.3975
-1.0085 -0.0004 -0.3975
-1.0084 -0.0004 -0.3975
-1.0082 -0.0004 -0.3974
-1.0078 0.0001 -0.3976
-1.0076 0.0002 -0.3976
-1.0075 0.0003 -0.3976
-1.0073 0.0004 -0.3976
-1.0072 0.0004 -0.3976
-1.0071 0.0005 -0.3976
-1.0065 0.0008 -0.3975
-1.0063 0.0009 -0.3975
-1.0061 0.0010 -0.3975
-1.0060 0.0010 -0.3975
-1.0059 0.0011 -0.3974
-1.0058 0.0011 -0.3974
-1.0055 -0.0008 -0.3982
-1.0053 -0.0014 -0.3984
-1.0052 -0.0015 -0.3984
-1.0051 -0.0015 -0.3984
-1.0050 -0.0015 -0.3985
-1.0052 -0.0016 -0.3987
-1.0055 -0.0019 -0.3992
-1.0056 -0.0019 -0.3994
-1.0055 -0.0019 -0.3995
-1.0054 -0.0018 -0.3996
-1.0053 -0.0017 -0.3996
-1.0053 -0.0017 -0.3996
-1.0055 -0.0020 -0.3997
-1.0056 -0.0022 -0.3997
-1.0056 -0.0022 -0.3997
-1.0056 -0.0023 -0.3996
-1.0055 -0.0023 -0.3995
-1.0055 -0.0023 -0.3994
-1.0057 -0.0026 -0.3994
-1.0058 -0.0027 -0.3994
-1.0059 -0.0027 -0.3993
-1.0059 -0.0028 -0.3991
-1.0059 -0.0028 -0.3990
-1.0060 -0.0028 -0.3988
-1.0062 -0.0028 -0.3988
-1.0061 -0.0026 -0.3986
-1.0060 -0.0024 -0.3985
-1.0059 -0.0023 -0.3983
-1.0059 -0.0021 -0.3982
-1.0059 -0.0021 -0.3981
-1.0061 -0.0022 -0.3982
-1.0062 -0.0023 -0.3981
-1.0063 -0.0022 -0.3979
-1.0064 -0.0022 -0.3977
-1.0064 -0.0021 -0.3974
-1.0065 -0.0021 -0.3972
-1.0064 -0.0020 -0.3970
-1.0064 -0.0020 -0.3968
-1.0065 -0.0020 -0.3965
-1.0065 -0.0020 -0.3963
-1.0066 -0.0020 -0.3960
-1.0067 -0.0021 -0.3957
-1.0066 -0.0022 -0.3958
-1.0066 -0.0023 -0.3957
-1.0068 -0.0024 -0.3956
-1.0069 -0.0025 -0.3955
-1.0071 -0.0026 -0.3954
-1.0072 -0.0026 -0.3953
-1.0073 -0.0027 -0.3953
-1.0074 -0.0028 -0.3952
-1.0076 -0.0029 -0.3951
-1.0078 -0.0029 -0.3950
-1.0080 -0.0030 -0.3948
-1.0082 -0.0031 -0.3946
-1.0081 -0.0029 -0.3943
-1.0082 -0.0028 -0.3941
-1.0083 -0.0028 -0.3940
-1.0084 -0.0028 -0.3938
-1.0086 -0.0028 -0.3936
-1.0087 -0.0029 -0.3935
-1.0087 -0.0026 -0.3934
-1.0088 -0.0025 -0.3932
-1.0090 -0.0025 -0.3931
-1.0091 -0.0025 -0.3930
-1.0093 -0.0025 -0.3929
-1.0094 -0.0024 -0.3928
-1.0095 -0.0024 -0.3927
-1.0100 -0.0029 -0.3925
-1.0102 -0.0030 -0.3924
-1.0104 -0.0031 -0.3924
-1.0105 -0.0032 -0.3923

