0.1858 0.0290 0.0567
0.1862 0.0292 0.0567
0.1863 0.0293 0.0568
0.1864 0.0294 0.0569
0.1864 0.0294 0.0571
0.1865 0.0295 0.0573
0.1869 0.0294 0.0569
0.1870 0.0294 0.0567
0.1870 0.0295 0.0567
0.1870 0.0296 0.0567
0.1871 0.0296 0.0567
0.1871 0.0296 0.0568
0.1864 0.0292 0.0575
0.1862 0.0290 0.0577
0.1861 0.0290 0.0578
0.1860 0.0290 0.0579
0.1859 0.0291 0.0579
0.1858 0.0291 0.0579
0.1857 0.0292 0.0578
0.1844 0.0283 0.0583
0.1839 0.0280 0.0585
0.1836 0.0279 0.0585
0.1835 0.0280 0.0585
0.1833 0.0280 0.0584
0.1832 0.0274 0.0587
0.1831 0.0272 0.0587
0.1830 0.0272 0.0586
0.1829 0.0273 0.0586
0.1827 0.0273 0.0585
0.1826 0.0274 0.0584
0.1824 0.0275 0.0584
0.1823 0.0272 0.0584
0.1820 0.0272 0.0584
0.1818 0.0273 0.0583
0.1814 0.0273 0.0582
0.1811 0.0273 0.0582
0.1809 0.0273 0.0582
0.1806 0.0274 0.0576
0.1803 0.0276 0.0574
0.1799 0.0277 0.0572
0.1796 0.0278 0.0572
0.1792 0.0280 0.0567
0.1788 0.0281 0.0565
0.1785 0.0283 0.0564
0.1781 0.0285 0.0563
0.1777 0.0286 0.0562
0.1773 0.0287 0.0560
0.1771 0.0284 0.0558
0.1768 0.0283 0.0557
0.1765 0.0283 0.0556
0.1762 0.0283 0.0555
0.1758 0.0284 0.0555
0.1754 0.0285 0.0555
0.1750 0.0286 0.0555
0.1750 0.0284 0.0554
0.1747 0.0283 0.0554
0.1743 0.0283 0.0555
0.1738 0.0283 0.0557
0.1733 0.0284 0.0560
0.1727 0.0283 0.0564
0.1719 0.0294 0.0565
0.1712 0.0296 0.0569
0.1704 0.0295 0.0576
0.1696 0.0293 0.0585
0.1687 0.0290 0.0597
0.1678 0.0285 0.0610
0.1670 0.0285 0.0621
0.1660 0.0281 0.0637
0.1648 0.0276 0.0656
0.1634 0.0269 0.0678
0.1618 0.0261 0.0703
0.1606 0.0256 0.0729
0.1589 0.0247 0.0758
0.1569 0.0236 0.0791
0.1546 0.0223 0.0827
0.1521 0.0209 0.0864
0.1494 0.0193 0.0905
0.1472 0.0179 0.0946
0.1443 0.0163 0.0992
0.1410 0.0148 0.1041
0.1338 0.0120 0.1150
0.1299 0.0110 0.1210
0.1258 0.0103 0.1272
0.1220 0.0103 0.1334
0.1178 0.0104 0.1398
0.1134 0.0108 0.1463
0.1088 0.0115 0.1528
0.1042 0.0124 0.1592
0.0994 0.0136 0.1657
0.0944 0.0156 0.1720
0.0893 0.0173 0.1788
0.0840 0.0190 0.1861
0.0784 0.0207 0.1937
0.0724 0.0224 0.2019
0.0661 0.0247 0.2096
0.0595 0.0263 0.2183
0.0524 0.0275 0.2277
0.0451 0.0282 0.2376
0.0375 0.0285 0.2480
0.0297 0.0282 0.2589
0.0215 0.0280 0.2698
0.0129 0.0272 0.2814
0.0039 0.0262 0.2934
-0.0055 0.0250 0.3059
-0.0153 0.0239 0.3189
-0.0256 0.0228 0.3324
-0.0365 0.0219 0.3466
-0.0478 0.0210 0.3613
-0.0595 0.0203 0.3765
-0.0719 0.0202 0.3918
-0.0848 0.0209 0.4071
-0.0980 0.0224 0.4221
-0.1113 0.0241 0.4368
-0.1247 0.0262 0.4514
-0.1381 0.0284 0.4657
-0.1514 0.0307 0.4799
-0.1645 0.0331 0.4936
-0.1775 0.0357 0.5068
-0.1903 0.0384 0.5195
-0.2029 0.0410 0.5314
-0.2152 0.0431 0.5431
-0.2274 0.0444 0.5545
-0.2394 0.0450 0.5658
-0.2512 0.0447 0.5770
-0.2625 0.0436 0.5880
-0.2731 0.0418 0.5992
-0.2833 0.0392 0.6102
-0.2931 0.0358 0.6212
-0.3023 0.0321 0.6320
-0.3110 0.0282 0.6425
-0.3185 0.0246 0.6540
-0.3258 0.0212 0.6646
-0.3324 0.0181 0.6749
-0.3385 0.0153 0.6851
-0.3438 0.0129 0.6954
-0.3486 0.0107 0.7060
-0.3528 0.0085 0.7170
-0.3535 0.0052 0.7314
-0.3556 0.0027 0.7445
-0.3578 0.0005 0.7575
-0.3596 -0.0013 0.7709
-0.3610 -0.0027 0.7847
-0.3633 -0.0038 0.8009
-0.3645 -0.0042 0.8163
-0.3650 -0.0039 0.8317
-0.3652 -0.0026 0.8473
-0.3652 -0.0005 0.8634
-0.3650 0.0026 0.8799
-0.3661 0.0056 0.8981
-0.3661 0.0103 0.9154
-0.3656 0.0165 0.9320
-0.3649 0.0237 0.9481
-0.3640 0.0316 0.9637
-0.3631 0.0395 0.9787
-0.3648 0.0458 0.9963
-0.3655 0.0520 1.0118
-0.3664 0.0572 1.0266
-0.3681 0.0611 1.0411
-0.3707 0.0639 1.0554
-0.3707 0.0639 1.0554
-0.3741 0.0658 1.0694
-0.3792 0.0662 1.0849
-0.3839 0.0671 1.0985
-0.3885 0.0681 1.1112
-0.3929 0.0691 1.1233
-0.3971 0.0701 1.1351
-0.4009 0.0709 1.1466
-0.4057 0.0699 1.1602
-0.4094 0.0692 1.1727
-0.4126 0.0679 1.1853
-0.4155 0.0661 1.1984
-0.4181 0.0639 1.2119
-0.4204 0.0615 1.2259
-0.4261 0.0557 1.2394
-0.4291 0.0524 1.2539
-0.4309 0.0501 1.2690
-0.4322 0.0483 1.2845
-0.4330 0.0468 1.3003
-0.4339 0.0448 1.3167
-0.4350 0.0422 1.3338
-0.4348 0.0408 1.3509
-0.4339 0.0400 1.3684
-0.4324 0.0393 1.3864
-0.4302 0.0388 1.4049
-0.4277 0.0379 1.4245
-0.4248 0.0366 1.4453
-0.4202 0.0365 1.4655
-0.4143 0.0370 1.4856
-0.4069 0.0385 1.5047
-0.3979 0.0414 1.5223
-0.3876 0.0454 1.5388
-0.3764 0.0495 1.5548
-0.3637 0.0534 1.5694
-0.3500 0.0560 1.5836
-0.3355 0.0569 1.5982
-0.3203 0.0565 1.6126
-0.3048 0.0558 1.6260
-0.2897 0.0550 1.6390
-0.2745 0.0560 1.6492
-0.2598 0.0580 1.6577
-0.2459 0.0603 1.6651
-0.2328 0.0623 1.6722
-0.2208 0.0634 1.6799
-0.2098 0.0636 1.6885
-0.1991 0.0636 1.6967
-0.1890 0.0634 1.7050
-0.1797 0.0629 1.7138
-0.1708 0.0620 1.7234
-0.1627 0.0603 1.7346
-0.1553 0.0579 1.7477
-0.1480 0.0559 1.7602
-0.1411 0.0542 1.7729
-0.1347 0.0526 1.7861
-0.1289 0.0511 1.8000
-0.1247 0.0494 1.8166
-0.1222 0.0475 1.8367
-0.1186 0.0462 1.8549
-0.1151 0.0457 1.8730
-0.1123 0.0461 1.8907
-0.1102 0.0476 1.9078
-0.1090 0.0501 1.9237
-0.1115 0.0515 1.9425
-0.1122 0.0538 1.9584
-0.1125 0.0556 1.9739
-0.1128 0.0562 1.9901
-0.1131 0.0553 2.0075
-0.1131 0.0531 2.0272
-0.1128 0.0500 2.0489
-0.1136 0.0480 2.0682
-0.1149 0.0473 2.0858
-0.1163 0.0478 2.1020
-0.1178 0.0493 2.1172
-0.1202 0.0531 2.1454
-0.1209 0.0546 2.1590
-0.1212 0.0556 2.1726
-0.1208 0.0558 2.1864
-0.1199 0.0552 2.2004
-0.1157 0.0522 2.2294
-0.1127 0.0500 2.2442
-0.1091 0.0477 2.2590
-0.1049 0.0455 2.2736
-0.1004 0.0433 2.2882
-0.0953 0.0413 2.3027
-0.0897 0.0394 2.3173
-0.0812 0.0365 2.3376
-0.0737 0.0348 2.3541
-0.0663 0.0337 2.3694
-0.0586 0.0335 2.3840
-0.0504 0.0341 2.3982
-0.0412 0.0345 2.4154
-0.0318 0.0363 2.4297
-0.0220 0.0391 2.4424
-0.0116 0.0426 2.4539
-0.0004 0.0464 2.4647
0.0118 0.0499 2.4752
0.0253 0.0517 2.4879
0.0397 0.0536 2.4994
0.0548 0.0555 2.5101
0.0701 0.0579 2.5198
0.0851 0.0610 2.5284
0.0997 0.0647 2.5357
0.1138 0.0682 2.5461
0.1272 0.0711 2.5538
0.1401 0.0728 2.5609
0.1524 0.0733 2.5681
0.1641 0.0728 2.5758
0.1753 0.0713 2.5839
0.1864 0.0676 2.5948
0.1967 0.0639 2.6051
0.2064 0.0597 2.6158
0.2155 0.0551 2.6272
0.2240 0.0502 2.6391
0.2317 0.0455 2.6516
0.2369 0.0429 2.6706
0.2423 0.0397 2.6860
0.2475 0.0368 2.7004
0.2523 0.0343 2.7149
0.2568 0.0321 2.7299
0.2609 0.0304 2.7454
0.2612 0.0271 2.7658
0.2633 0.0259 2.7835
0.2656 0.0261 2.8004
0.2674 0.0272 2.8169
0.2686 0.0293 2.8329
0.2690 0.0322 2.8481
0.2693 0.0354 2.8653
0.2686 0.0387 2.8802
0.2672 0.0415 2.8944
0.2653 0.0431 2.9092
0.2631 0.0432 2.9249
0.2604 0.0420 2.9417
0.2585 0.0427 2.9622
0.2544 0.0417 2.9803
0.2487 0.0413 2.9966
0.2421 0.0421 3.0109
0.2350 0.0441 3.0236
0.2284 0.0476 3.0365
0.2229 0.0522 3.0502
0.2164 0.0545 3.0617
0.2098 0.0555 3.0725
0.2036 0.0553 3.0833
0.1980 0.0542 3.0944
0.1939 0.0531 3.1072
0.1915 0.0524 3.1221
0.1879 0.0505 3.1350
0.1840 0.0482 3.1472
0.1840 0.0482 3.1472
0.1803 0.0459 3.1592
0.1766 0.0437 3.1710
0.1726 0.0414 3.1976
0.1701 0.0402 3.2104
0.1674 0.0390 3.2231
0.1648 0.0383 3.2361
0.1624 0.0383 3.2493
0.1602 0.0392 3.2628
0.1621 0.0448 3.2800
0.1624 0.0491 3.2936
0.1628 0.0540 3.3049
0.1638 0.0595 3.3146
0.1653 0.0647 3.3233
0.1671 0.0689 3.3320
0.1715 0.0729 3.3440
0.1742 0.0740 3.3560
0.1763 0.0730 3.3693
0.1778 0.0706 3.3840
0.1789 0.0673 3.3996
0.1797 0.0643 3.4150
0.1819 0.0639 3.4318
0.1827 0.0645 3.4450
0.1827 0.0662 3.4562
0.1819 0.0684 3.4660
0.1803 0.0705 3.4752
0.1784 0.0726 3.4846
0.1762 0.0742 3.4944
0.1722 0.0744 3.5039
0.1669 0.0734 3.5133
0.1606 0.0715 3.5227
0.1536 0.0688 3.5320
0.1462 0.0662 3.5413
0.1386 0.0641 3.5507
0.1306 0.0606 3.5594
0.1225 0.0568 3.5677
0.1143 0.0529 3.5756
0.1061 0.0493 3.5834
0.0979 0.0457 3.5910
0.0895 0.0420 3.5984
0.0811 0.0407 3.6055
0.0730 0.0415 3.6118
0.0656 0.0446 3.6167
0.0593 0.0493 3.6206
0.0538 0.0549 3.6222
0.0488 0.0601 3.6219
0.0435 0.0639 3.6240
0.0373 0.0660 3.6276
0.0300 0.0663 3.6320
0.0215 0.0653 3.6369
0.0119 0.0637 3.6406
0.0017 0.0623 3.6422
-0.0082 0.0612 3.6441
-0.0174 0.0616 3.6445
-0.0257 0.0636 3.6433
-0.0332 0.0665 3.6405
-0.0404 0.0696 3.6359
-0.0478 0.0722 3.6299
-0.0546 0.0744 3.6235
-0.0614 0.0757 3.6166
-0.0681 0.0762 3.6090
-0.0749 0.0759 3.6007
-0.0817 0.0751 3.5918
-0.0895 0.0741 3.5826
-0.0963 0.0727 3.5724
-0.1027 0.0711 3.5613
-0.1086 0.0695 3.5495
-0.1140 0.0682 3.5370
-0.1197 0.0677 3.5248
-0.1258 0.0683 3.5133
-0.1305 0.0682 3.4998
-0.1346 0.0679 3.4852
-0.1385 0.0674 3.4699
-0.1423 0.0667 3.4541
-0.1471 0.0659 3.4386
-0.1533 0.0652 3.4236
-0.1578 0.0642 3.4067
-0.1615 0.0631 3.3886
-0.1649 0.0619 3.3698
-0.1681 0.0606 3.3504
-0.1718 0.0594 3.3309
-0.1763 0.0585 3.3114
-0.1795 0.0572 3.2914
-0.1823 0.0557 3.2710
-0.1850 0.0540 3.2506
-0.1878 0.0522 3.2304
-0.1921 0.0504 3.2104
-0.1983 0.0487 3.1909
-0.2024 0.0468 3.1713
-0.2056 0.0447 3.1516
-0.2084 0.0427 3.1321
-0.2108 0.0407 3.1127
-0.2145 0.0398 3.0934
-0.2199 0.0401 3.0745
-0.2231 0.0393 3.0556
-0.2255 0.0384 3.0369
-0.2278 0.0377 3.0187
-0.2298 0.0377 3.0009
-0.2316 0.0386 2.9838
-0.2374 0.0406 2.9678
-0.2403 0.0430 2.9521
-0.2425 0.0456 2.9370
-0.2446 0.0481 2.9224
-0.2470 0.0500 2.9083
-0.2506 0.0515 2.8944
-0.2557 0.0525 2.8806
-0.2604 0.0517 2.8671
-0.2655 0.0498 2.8535
-0.2710 0.0470 2.8399
-0.2771 0.0435 2.8263
-0.2833 0.0411 2.8122
-0.2895 0.0400 2.7974
-0.2965 0.0369 2.7830
-0.3038 0.0335 2.7685
-0.3111 0.0304 2.7539
-0.3182 0.0284 2.7391
-0.3252 0.0279 2.7243
-0.3320 0.0289 2.7096
-0.3385 0.0295 2.6939
-0.3449 0.0302 2.6775
-0.3511 0.0309 2.6604
-0.3570 0.0317 2.6425
-0.3627 0.0332 2.6242
-0.3682 0.0352 2.6054
-0.3733 0.0368 2.5851
-0.3779 0.0385 2.5638
-0.3816 0.0409 2.5422
-0.3844 0.0445 2.5209
-0.3864 0.0495 2.5001
-0.3878 0.0552 2.4796
-0.3880 0.0603 2.4589
-0.3872 0.0648 2.4378
-0.3855 0.0686 2.4165
-0.3831 0.0722 2.3952
-0.3801 0.0755 2.3743
-0.3769 0.0788 2.3539
-0.3731 0.0819 2.3340
-0.3691 0.0847 2.3147
-0.3651 0.0872 2.2959
-0.3613 0.0893 2.2776
-0.3580 0.0904 2.2594
-0.3554 0.0904 2.2409
-0.3529 0.0905 2.2232
-0.3508 0.0902 2.2057
-0.3492 0.0895 2.1883
-0.3480 0.0883 2.1707
-0.3475 0.0870 2.1528
-0.3475 0.0857 2.1345
-0.3477 0.0842 2.1167
-0.3483 0.0827 2.0991
-0.3493 0.0813 2.0815
-0.3508 0.0798 2.0637
-0.3531 0.0778 2.0457
-0.3565 0.0754 2.0276
-0.3600 0.0742 2.0092
-0.3640 0.0737 1.9906
-0.3688 0.0739 1.9718
-0.3743 0.0747 1.9528
-0.3810 0.0750 1.9349
-0.3889 0.0747 1.9187
-0.3965 0.0773 1.9025
-0.4042 0.0812 1.8869
-0.4123 0.0855 1.8716
-0.4209 0.0896 1.8564
-0.4301 0.0924 1.8406
-0.4401 0.0939 1.8242
-0.4505 0.0959 1.8079
-0.4611 0.0984 1.7922
-0.4716 0.1017 1.7775
-0.4817 0.1057 1.7639
-0.4915 0.1096 1.7506
-0.5006 0.1126 1.7372
-0.5092 0.1150 1.7245
-0.5174 0.1163 1.7117
-0.5251 0.1163 1.6984
-0.5323 0.1150 1.6844
-0.5390 0.1121 1.6693
-0.5451 0.1080 1.6531
-0.5505 0.1038 1.6368
-0.5554 0.0994 1.6201
-0.5595 0.0951 1.6032
-0.5628 0.0911 1.5862
-0.5653 0.0878 1.5693
-0.5670 0.0824 1.5516
-0.5681 0.0797 1.5344
-0.5687 0.0781 1.5171
-0.5689 0.0770 1.4995
-0.5689 0.0761 1.4814
-0.5686 0.0755 1.4629
-0.5694 0.0717 1.4424
-0.5690 0.0708 1.4230
-0.5680 0.0713 1.4040
-0.5665 0.0727 1.3855
-0.5644 0.0749 1.3675
-0.5620 0.0767 1.3493
-0.5593 0.0777 1.3305
-0.5550 0.0794 1.3118
-0.5496 0.0810 1.2927
-0.5429 0.0823 1.2732
-0.5352 0.0836 1.2537
-0.5268 0.0847 1.2344
-0.5182 0.0859 1.2155
-0.5088 0.0895 1.1988
-0.4993 0.0941 1.1835
-0.4898 0.0988 1.1690
-0.4806 0.1031 1.1550
-0.4721 0.1060 1.1401
-0.4646 0.1074 1.1236
-0.4573 0.1081 1.1083
-0.4504 0.1079 1.0931
-0.4439 0.1069 1.0775
-0.4378 0.1053 1.0617
-0.4324 0.1031 1.0448
-0.4277 0.1003 1.0265
-0.4226 0.0978 1.0098
-0.4175 0.0954 0.9936
-0.4126 0.0929 0.9775
-0.4080 0.0904 0.9612
-0.4046 0.0877 0.9434
-0.4027 0.0849 0.9236
-0.4004 0.0828 0.9055
-0.3985 0.0813 0.8876
-0.3972 0.0803 0.8696
-0.3968 0.0800 0.8514
-0.3970 0.0807 0.8338
-0.3996 0.0805 0.8143
-0.4019 0.0829 0.7979
-0.4044 0.0864 0.7828
-0.4072 0.0900 0.7680
-0.4103 0.0930 0.7527
-0.4139 0.0948 0.7362
-0.4179 0.0953 0.7182
-0.4214 0.0960 0.7009
-0.4247 0.0971 0.6843
-0.4277 0.0988 0.6689
-0.4305 0.1009 0.6546
-0.4330 0.1034 0.6408
-0.4352 0.1060 0.6271
-0.4366 0.1072 0.6140
-0.4374 0.1076 0.6011
-0.4375 0.1073 0.5879
-0.4369 0.1063 0.5744
-0.4359 0.1049 0.5598
-0.4345 0.1033 0.5440
-0.4319 0.1014 0.5288
-0.4284 0.0993 0.5138
-0.4242 0.0973 0.4989
-0.4193 0.0955 0.4842
-0.4147 0.0939 0.4687
-0.4108 0.0925 0.4523
-0.4051 0.0912 0.4372
-0.3984 0.0900 0.4223
-0.3911 0.0888 0.4074
-0.3832 0.0877 0.3925
-0.3754 0.0864 0.3773
-0.3678 0.0852 0.3616
-0.3583 0.0846 0.3471
-0.3479 0.0844 0.3332
-0.3367 0.0848 0.3199
-0.3253 0.0858 0.3073
-0.3141 0.0865 0.2967
-0.3035 0.0867 0.2884
-0.2924 0.0884 0.2801
-0.2808 0.0902 0.2722
-0.2686 0.0913 0.2645
-0.2555 0.0914 0.2570
-0.2415 0.0905 0.2499
-0.2273 0.0865 0.2426
-0.2126 0.0844 0.2372
-0.1982 0.0835 0.2336
-0.1845 0.0835 0.2314
-0.1715 0.0842 0.2305
-0.1593 0.0850 0.2303
-0.1477 0.0855 0.2302
-0.1367 0.0858 0.2304
-0.1260 0.0857 0.2306
-0.1157 0.0851 0.2303
-0.1058 0.0840 0.2296
-0.0961 0.0828 0.2276
-0.0869 0.0815 0.2241
-0.0777 0.0796 0.2209
-0.0688 0.0774 0.2176
-0.0602 0.0751 0.2140
-0.0521 0.0728 0.2102
-0.0442 0.0701 0.2049
-0.0364 0.0671 0.1978
-0.0292 0.0653 0.1926
-0.0220 0.0641 0.1880
-0.0147 0.0630 0.1835
-0.0073 0.0619 0.1789
-0.0004 0.0606 0.1729
0.0054 0.0595 0.1652
0.0105 0.0600 0.1594
0.0149 0.0614 0.1542
0.0191 0.0630 0.1491
0.0235 0.0640 0.1440
0.0224 0.0579 0.1484
0.0149 0.0438 0.1638
0.0167 0.0384 0.1652
0.0211 0.0362 0.1625
0.0260 0.0354 0.1588
0.0308 0.0352 0.1551
0.0356 0.0360 0.1517
0.0405 0.0377 0.1487
0.0454 0.0381 0.1457
0.0503 0.0379 0.1428
0.0555 0.0372 0.1400
0.0608 0.0362 0.1373
0.0661 0.0353 0.1347
0.0716 0.0346 0.1323
0.0769 0.0337 0.1300
0.0818 0.0328 0.1278
0.0864 0.0322 0.1258
0.0908 0.0318 0.1240
0.0951 0.0322 0.1221
0.0996 0.0334 0.1202
0.1040 0.0335 0.1182
0.1085 0.0333 0.1162
0.1129 0.0331 0.1142
0.1171 0.0332 0.1121
0.1209 0.0337 0.1101
0.1248 0.0346 0.1081
0.1281 0.0357 0.1060
0.1310 0.0367 0.1038
0.1338 0.0376 0.1017
0.1365 0.0382 0.0995
0.1391 0.0388 0.0974
0.1417 0.0396 0.0955
0.1442 0.0398 0.0934
0.1465 0.0397 0.0914
0.1487 0.0395 0.0894
0.1508 0.0392 0.0875
0.1528 0.0390 0.0858
0.1548 0.0389 0.0841
0.1565 0.0387 0.0826
0.1579 0.0383 0.0812
0.1592 0.0380 0.0799
0.1604 0.0377 0.0786
0.1617 0.0373 0.0774
0.1630 0.0369 0.0763
0.1653 0.0359 0.0740
0.1665 0.0352 0.0731
0.1675 0.0345 0.0724
0.1685 0.0337 0.0720
0.1695 0.0336 0.0717
0.1703 0.0331 0.0716
0.1711 0.0325 0.0717
0.1718 0.0318 0.0718
0.1726 0.0311 0.0721
0.1733 0.0305 0.0723
0.1740 0.0299 0.0726
0.1747 0.0288 0.0725
0.1753 0.0282 0.0727
0.1758 0.0278 0.0731
0.1763 0.0274 0.0735
0.1766 0.0271 0.0739
0.1770 0.0268 0.0744
0.1787 0.0236 0.0725
0.1795 0.0223 0.0721
0.1798 0.0216 0.0722
0.1801 0.0210 0.0725
0.1803 0.0205 0.0728
0.1806 0.0199 0.0731
0.1795 0.0200 0.0741
0.1793 0.0196 0.0748
0.1793 0.0190 0.0753
0.1795 0.0185 0.0758
0.1796 0.0180 0.0762
0.1796 0.0177 0.0766
0.1792 0.0173 0.0774
0.1790 0.0171 0.0779
0.1789 0.0169 0.0784
0.1789 0.0168 0.0789
0.1788 0.0166 0.0793
0.1788 0.0164 0.0797
0.1780 0.0179 0.0802
0.1777 0.0182 0.0805
0.1776 0.0181 0.0808
0.1775 0.0181 0.0810
0.1774 0.0180 0.0813
0.1773 0.0178 0.0814
0.1771 0.0175 0.0820
0.1770 0.0173 0.0822
0.1769 0.0172 0.0823
0.1768 0.0171 0.0824
0.1768 0.0170 0.0824
0.1763 0.0170 0.0826
0.1761 0.0169 0.0827
0.1760 0.0169 0.0827
0.1758 0.0169 0.0828
0.1757 0.0169 0.0829
0.1755 0.0170 0.0830
0.1750 0.0172 0.0834
0.1747 0.0174 0.0837
0.1744 0.0176 0.0839
0.1742 0.0179 0.0840
0.1739 0.0182 0.0842
0.1737 0.0184 0.0844
0.1735 0.0186 0.0846
0.1732 0.0189 0.0850
0.1729 0.0191 0.0852
0.1727 0.0192 0.0854
0.1726 0.0193 0.0855
0.1724 0.0193 0.0856
0.1720 0.0194 0.0857
0.1718 0.0194 0.0857
0.1716 0.0195 0.0858
0.1715 0.0196 0.0858
0.1713 0.0198 0.0859
0.1712 0.0200 0.0859
0.1707 0.0201 0.0860
0.1705 0.0203 0.0860
0.1703 0.0205 0.0860
0.1701 0.0208 0.0860
0.1700 0.0211 0.0860
0.1699 0.0214 0.0860
0.1698 0.0217 0.0861
0.1693 0.0219 0.0861
0.1691 0.0221 0.0861
0.1690 0.0223 0.0861
0.1689 0.0225 0.0861
0.1688 0.0227 0.0860
0.1688 0.0229 0.0860
0.1685 0.0231 0.0859
0.1684 0.0233 0.0858
0.1683 0.0235 0.0857
0.1682 0.0238 0.0856
0.1681 0.0240 0.0855
0.1680 0.0238 0.0854
0.1680 0.0238 0.0852
0.1679 0.0238 0.0851
0.1679 0.0239 0.0851
0.1679 0.0239 0.0850
0.1679 0.0238 0.0850
0.1678 0.0237 0.0850
0.1678 0.0235 0.0849
0.1677 0.0234 0.0849
0.1676 0.0234 0.0849
0.1676 0.0233 0.0848
0.1675 0.0233 0.0848
0.1674 0.0234 0.0847
0.1673 0.0233 0.0846
0.1673 0.0232 0.0845
0.1673 0.0232 0.0844
0.1673 0.0231 0.0843
0.1674 0.0231 0.0841
0.1674 0.0231 0.0840
0.1670 0.0236 0.0836
0.1669 0.0239 0.0834
0.1668 0.0240 0.0832
0.1668 0.0241 0.0831
0.1668 0.0241 0.0829
0.1668 0.0241 0.0828
0.1664 0.0242 0.0825
0.1663 0.0243 0.0823
0.1662 0.0243 0.0821
0.1661 0.0244 0.0819
0.1660 0.0244 0.0818
0.1660 0.0244 0.0816
0.1654 0.0245 0.0812
0.1652 0.0246 0.0810
0.1651 0.0247 0.0809
0.1650 0.0249 0.0808
0.1650 0.0250 0.0807
0.1647 0.0253 0.0801
0.1646 0.0254 0.0798
0.1646 0.0256 0.0796
0.1646 0.0258 0.0794
0.1646 0.0258 0.0792

