0.0013 0.0286 0.0029
-0.0187 -0.0115 0.0013
0.0016 -0.0281 -0.0326
0.0105 -0.0251 -0.0430
0.0415 -0.0104 -0.0321
0.0472 0.0269 -0.0248
0.0284 0.0383 -0.0187
-0.0178 0.0344 -0.0008
-0.0287 -0.0050 0.0031
-0.0255 -0.0137 -0.0054
-0.0074 -0.0277 -0.0153
-0.0018 -0.0314 -0.0309
-0.0008 -0.0034 -0.0289
0.0143 0.0400 -0.0261
0.0200 0.0373 -0.0183
0.0137 0.0211 0.0008
-0.0063 0.0034 0.0094
0.0001 -0.0081 0.0128
0.0239 -0.0192 0.0001
0.0175 0.0068 -0.0075
0.0044 0.0160 -0.0110
0.0020 0.0062 -0.0152
0.0281 0.0119 -0.0106
0.0327 0.0123 -0.0092
0.0139 0.0025 0.0049
0.0180 0.0049 0.0143
0.0309 0.0170 0.0172
0.0557 0.0429 0.0192
0.0658 0.0373 0.0475
0.1764 0.2345 0.0215
0.1766 0.2125 -0.0938
-0.1151 -0.0778 0.0783
-0.1319 -0.0829 0.0673
-0.0373 -0.0508 0.0394
0.1407 0.1422 -0.0251
0.1580 0.0974 -0.0487
-0.0411 0.0097 0.0367
-0.0482 0.0178 0.0452
0.0120 -0.0110 0.0646
0.0084 -0.0105 0.0444
0.0117 -0.0006 0.0349
0.0181 0.0250 0.0311
0.0285 0.0438 0.0382
0.0466 0.0741 0.0524
-0.0114 0.0513 0.0602
-0.0341 0.0300 0.0647
-0.0161 0.0303 0.0702
0.0229 0.0383 0.0674
0.0364 0.0388 0.0714
0.0473 0.0586 0.0767
-0.0058 0.0857 0.1013
-0.0263 0.0915 0.1140
-0.0172 0.0853 0.1299
-0.0011 0.1043 0.1470
-0.0001 0.1202 0.1566
-0.0230 0.1377 0.1792
-0.0381 0.1546 0.2021
-0.0404 0.1685 0.2159
-0.0681 0.1857 0.2648
-0.0953 0.2098 0.3101
-0.1042 0.2284 0.3297
-0.1159 0.2551 0.3768
-0.1387 0.2736 0.4215
-0.1482 0.3012 0.4498
-0.1613 0.3609 0.5038
-0.1830 0.4174 0.5353
-0.2099 0.4261 0.5637
-0.2552 0.4779 0.6112
-0.2702 0.5156 0.6318
-0.3024 0.6009 0.6824
-0.3458 0.6690 0.7377
-0.3645 0.7084 0.7679
-0.3573 0.7521 0.8324
-0.2811 0.7717 0.9077
-0.2235 0.7833 0.9445
-0.1673 0.7693 1.0127
-0.1726 0.6356 1.0880
-0.1856 0.5538 1.1076
-0.1979 0.4017 1.1083
-0.1558 0.1818 1.0459
-0.1498 0.0616 1.0045
-0.0867 -0.1911 0.9172
-0.0464 -0.1916 0.7877
-0.0236 -0.2142 0.7302
0.0713 -0.1262 0.6390
0.1735 -0.0336 0.5800
0.1965 0.0097 0.5738
0.2120 0.1046 0.6079
0.2422 0.0939 0.6815
0.2524 0.0638 0.7223
0.2986 0.0021 0.8280
0.3479 -0.0064 0.9129
0.3540 -0.0073 0.9585
0.3048 0.0001 1.0203
0.1866 0.0110 1.0721
0.1202 0.0351 1.0841
0.0269 0.1222 1.1215
0.0196 0.2417 1.1706
0.0114 0.3755 1.1861
0.0884 0.5451 1.2396
0.1137 0.7052 1.2362
0.0917 0.9845 1.2336
-0.0139 1.2216 1.2633
-0.0931 1.3093 1.2577
-0.2657 1.3120 1.1876
-0.4250 1.1070 1.0974
-0.4763 0.9708 1.0942
-0.4052 0.7245 1.1178
-0.1541 0.5605 1.0967
-0.0385 0.5257 1.0867
0.0471 0.5452 1.1138
0.0013 0.6472 1.2218
-0.0382 0.7072 1.3033
-0.1068 0.8268 1.5225
-0.1058 0.8636 1.8008
-0.0668 0.8914 1.9191
-0.0239 0.9380 2.0419
-0.0408 0.8683 2.0718
-0.0540 0.7975 2.0611
-0.1193 0.6184 1.9932
-0.2700 0.4450 1.8662
-0.3798 0.3667 1.7939
-0.6096 0.1826 1.6556
-0.7917 0.0912 1.5163
-0.8573 0.0756 1.4600
-0.8522 0.0836 1.3823
-0.7428 0.1563 1.3716
-0.7097 0.2023 1.3641
-0.6584 0.2492 1.3034
-0.6005 0.2575 1.2618
-0.3960 0.3032 1.1454
-0.1878 0.3869 1.0013
-0.1276 0.4424 0.9257
-0.0846 0.5136 0.7535
-0.0541 0.5073 0.5584
-0.0291 0.4878 0.4411
0.0030 0.3905 0.2027
0.0607 0.3049 0.0273
0.1098 0.2889 -0.0344
0.1664 0.3105 -0.0958
0.2590 0.3324 -0.0545
0.3522 0.3333 -0.0182
0.5083 0.3365 0.0699
0.5403 0.2594 0.1314
0.4954 0.1686 0.1453
0.4565 -0.0932 0.1735
0.5155 -0.1932 0.2393
0.6231 -0.1864 0.3004
0.8862 -0.1255 0.3573
1.0892 0.0510 0.5098
1.1722 0.1284 0.5037
1.1965 0.2768 0.5822
1.0893 0.3388 0.6250
0.7834 0.3600 0.6342
0.3353 0.3207 0.6501
0.0942 0.2668 0.6991
-0.2235 0.1087 0.7664
-0.3081 -0.0558 0.8366
-0.3274 -0.1934 0.8667
-0.3485 -0.4167 0.9151
-0.2429 -0.4848 0.9090
-0.0080 -0.3154 0.8449
0.1765 0.0099 0.7205
0.1506 0.0945 0.6767
0.0336 0.2743 0.5706
-0.0343 0.3738 0.4837
-0.0452 0.3850 0.4403
-0.0063 0.3775 0.3893
0.0716 0.3443 0.3326
0.0921 0.3448 0.2955
0.1026 0.3235 0.2090
0.1808 0.2855 0.0934
0.2527 0.2652 0.0260
0.4282 0.1917 -0.1370
0.5464 0.0791 -0.3266
0.5754 0.0231 -0.4137
0.5455 -0.1432 -0.5966
0.3653 -0.3563 -0.7315
0.2653 -0.5061 -0.7853
0.1535 -0.8177 -0.9417
0.0863 -0.9735 -1.0476
-0.2466 -1.2251 -1.2686
-0.6402 -1.2382 -1.4393
-0.6222 -1.2400 -1.4863
0.0264 -1.3925 -1.6002
1.0496 -1.6050 -1.6521
1.4433 -1.6106 -1.6762
1.4977 -1.6160 -1.8390
0.5765 -1.2204 -1.8556
-0.2030 -0.9669 -1.9225
-1.3189 -0.6498 -2.0601
-1.3247 -0.3248 -2.2051
-0.9624 -0.3838 -2.2600
-0.0113 -0.5433 -2.3198
0.6754 -0.6794 -2.2478
0.8406 -0.7331 -2.2014
0.8720 -0.7605 -2.0439
0.6704 -0.9198 -1.9392
0.6631 -0.9755 -1.8073
0.8053 -1.1892 -1.6685
0.9742 -1.3289 -1.5545
0.9614 -1.2792 -1.5312
0.7091 -0.9897 -1.4867
0.4005 -0.6299 -1.2266
0.3005 -0.4591 -1.0507
0.2556 -0.1899 -0.6813
0.3299 -0.0337 -0.3340
0.3544 0.0303 -0.1619
0.2942 0.1740 0.1577
0.2068 0.2612 0.3099
-0.0501 0.4132 0.5898
-0.4801 0.1717 0.7893
-0.7004 -0.0368 0.8744
-0.9035 -0.2801 1.0098
-0.5383 -0.0970 1.1738
-0.1628 0.0905 1.2526
0.6515 0.6237 1.3475
1.0110 0.8948 1.3571
0.9488 0.8999 1.3581
0.3873 0.8233 1.3271
-0.4831 0.6977 1.2658
-0.9565 0.6159 1.2503
-1.7861 0.6786 1.2620
-1.7523 1.1235 1.3417
-1.4437 1.2259 1.3282
-0.7499 1.0123 1.3052
-0.1650 0.4465 1.2714
0.0560 0.1528 1.2071
0.3973 -0.2239 1.0257
0.5599 -0.2945 0.8321
0.5809 -0.2800 0.7653
0.5040 -0.2269 0.6609
0.3339 -0.0091 0.5705
0.2279 0.0919 0.5278
0.0383 0.2441 0.4207
0.0269 0.3410 0.2873
0.1185 0.3459 0.2251
0.3155 0.3350 0.0793
0.3806 0.3098 0.0030
0.4328 0.0948 -0.2192
0.3653 -0.1989 -0.4829
0.3040 -0.3813 -0.5991
0.2353 -0.6898 -0.7802
0.3292 -0.9443 -0.9401
0.4091 -1.3002 -1.0854
0.3064 -1.6106 -1.1569
0.3129 -1.6856 -1.1581
0.5427 -1.8813 -1.1782
0.9198 -2.0124 -1.2706
1.0215 -2.0265 -1.3396
0.8698 -2.0553 -1.3774
0.1542 -1.3637 -1.3841
-0.2562 -0.8681 -1.3853
-0.6918 0.0974 -1.2597
-0.4451 0.4039 -1.1528
-0.0676 0.2743 -1.0305
0.6208 -0.0024 -0.9105
0.8453 -0.0770 -0.8181
0.7532 0.0302 -0.7997
0.4237 0.3045 -0.7796
0.2138 0.3407 -0.8055
0.1665 0.2869 -0.8356
0.1055 0.1538 -0.9246
0.0697 0.0374 -0.9609
-0.1509 -0.0779 -0.9547
-0.4138 -0.0256 -0.8591
-0.4800 0.0261 -0.7924
-0.4723 0.0216 -0.5977
-0.3204 -0.1777 -0.3140
-0.2427 -0.3075 -0.1320
-0.0422 -0.5658 0.2567
0.0980 -0.6569 0.6194
0.1110 -0.5858 0.7847
-0.0246 -0.3128 1.0815
-0.2429 -0.0373 1.3133
-0.2998 0.0773 1.4102
-0.2804 0.2435 1.4960
-0.2504 0.3820 1.4642
-0.2384 0.4313 1.4331
-0.1007 0.5700 1.3625
0.3514 0.7610 1.2889
0.6480 0.8190 1.2652
1.1095 0.9029 1.2390
1.0903 1.0650 1.2808
0.8961 1.1305 1.2958
0.2458 1.1732 1.3501
-0.5261 0.8826 1.4523
-0.8540 0.5974 1.5403
-0.9407 0.0100 1.8367
-0.2628 0.1048 1.9138
0.1542 0.1538 1.9149
0.6995 0.1283 1.8551
0.8125 0.1174 1.8274
0.8166 0.0901 1.7486
0.7377 0.1369 1.6781
0.6313 0.2456 1.6309
0.4500 0.7929 1.3970
0.3123 1.1370 1.2371
0.2447 1.2582 1.1702
0.1145 1.3793 1.0357
0.0529 1.3471 0.9050
0.0893 1.2746 0.8390
0.2572 1.1644 0.7122
0.3796 1.0911 0.5559
0.3932 0.9973 0.4783
0.3526 0.7982 0.2986
0.2555 0.6120 0.1276
0.1915 0.4897 0.0504
-0.2980 -0.4508 -0.2656
-0.4894 -0.5991 -0.3249
-0.6527 -0.4758 -0.4622
-0.1977 -0.0058 -0.6420
0.2109 0.1169 -0.7232
0.8970 0.1949 -0.8150
1.2084 0.2117 -0.7980
1.1316 0.2028 -0.7776
0.5670 0.2733 -0.7480
-0.1829 0.3989 -0.7630
-0.4649 0.3494 -0.8093
-1.2584 0.3163 -0.4544
-1.7964 0.6231 -0.2684
-2.3400 0.9196 0.1767
-1.5492 1.0839 0.4642
-1.0143 1.2229 0.5107
-0.0171 1.4815 0.6135
0.5335 1.6164 0.6829
0.6096 1.6160 0.6957
0.4704 1.4607 0.7600
0.1910 1.2499 0.8938
0.0330 1.1051 0.9730
-0.2526 0.7810 1.1138
-0.3846 0.5869 1.1894
-0.3997 0.5243 1.2158
-0.3570 0.4660 1.2655
-0.3209 0.4139 1.2636
-0.2976 0.4298 1.2710
-0.2719 0.5441 1.3251
-0.2675 0.6948 1.3563
-0.2821 0.7672 1.3866
-0.3933 0.8355 1.4614
-0.5308 0.6786 1.5496
-0.4985 0.5051 1.6136
-0.1709 0.1993 1.7534
0.4612 0.2745 1.8653
0.8174 0.4307 1.8621
1.3301 0.6901 1.7644
1.3087 0.8735 1.6745
1.0842 0.9987 1.6514
0.3567 1.4114 1.5996
0.0017 1.6477 1.5933
-0.5079 2.0245 1.6507
-0.8799 2.3465 1.6676
-0.8920 2.4697 1.6714
-0.7630 2.2511 1.7056
-0.2600 1.7854 1.6754
-0.0038 1.5744 1.5797
0.3108 1.1449 1.5190
0.3926 0.9978 1.5221
0.3590 0.9885 1.5130
0.1859 0.9918 1.5219
-0.0080 0.9970 1.6000
-0.0927 1.0077 1.6375
-0.1932 1.0416 1.6712
-0.2437 1.1106 1.6584
-0.3042 1.1298 1.6450
-0.4571 1.0856 1.5949
-0.5238 0.9775 1.5284
-0.5251 0.8945 1.5026
-0.4761 0.6610 1.4349
-0.3255 0.4035 1.3786
-0.2498 0.3413 1.3466
-0.1442 0.3848 1.3004
-0.1530 0.6170 1.3014
-0.1516 0.7353 1.3238
-0.1486 0.9428 1.4057
-0.1094 1.0693 1.4572
-0.0731 1.0507 1.4879
-0.0153 0.9773 1.4836
0.0549 0.8829 1.4975
0.1417 0.8115 1.5574
0.1981 0.7468 1.6190
0.2098 0.7167 1.6500
0.2394 0.5401 1.6802
0.2419 0.5561 1.6067
0.2207 0.5034 1.5172
0.1775 0.5388 1.2920
0.0577 0.6659 1.0912
-0.0235 0.7561 0.9799
-0.1062 0.9227 0.7214
-0.1202 1.0321 0.5039
-0.1500 1.0721 0.4164
-0.2102 1.1198 0.2708
-0.2040 1.0186 0.1724
-0.1946 0.9553 0.1094
-0.2631 0.7764 0.0327
-0.4768 0.6494 0.0594
-0.5849 0.6005 0.0795
-0.7052 0.5034 0.1688
-0.6579 0.3315 0.3009
-0.5661 0.1969 0.3611
-0.3465 -0.0588 0.4552
-0.1091 -0.1541 0.5473
0.0189 -0.1354 0.5824
0.2466 -0.0534 0.6315
0.3093 0.0097 0.6459
0.3403 0.1639 0.6646
0.2241 0.2843 0.7273
0.1374 0.3623 0.7579
0.0037 0.4037 0.7682
-0.0342 0.3661 0.7365
-0.0170 0.3638 0.7030
-0.0353 0.4051 0.6065
-0.1997 0.6788 0.5232
-0.3167 0.8976 0.4983
-0.5160 1.2818 0.4853
-0.4130 1.2317 0.5505
-0.2539 1.0881 0.5918
0.0424 0.7133 0.6354
0.1805 0.5274 0.6344
0.2110 0.5404 0.6388
0.1612 0.6431 0.6847
0.0825 0.7812 0.7893
0.0687 0.8375 0.8521
-0.0295 0.9573 0.9841
-0.2936 0.9674 1.0886
-0.4414 0.8314 1.1649
-0.6705 0.4100 1.3648
-0.4383 0.1431 1.6105
-0.1380 0.3274 1.7360
0.4357 0.9491 1.8807
0.5596 1.2751 1.9815
0.4675 1.2076 2.0235
0.1567 0.7706 2.0435
0.0095 0.4993 2.0544
-0.1738 0.1721 2.0907
-0.1935 0.1198 2.0805
-0.1720 -0.0238 2.0956
-0.0638 0.1612 2.0978
0.0349 0.1992 2.0433
0.0655 0.1685 2.0322
0.1724 0.1720 1.9526
0.2852 0.1991 1.8512
0.3376 0.2613 1.8038
0.3897 0.4456 1.6995
0.3348 0.5816 1.5455
0.2876 0.6068 1.4476
0.1935 0.5729 1.2422
0.1705 0.4664 1.0265
0.1819 0.4081 0.9162
0.2543 0.3325 0.6865
0.3185 0.3207 0.4246
0.3140 0.3214 0.2910
0.1866 0.2200 0.0107
0.0389 -0.0342 -0.2722
-0.0082 -0.1798 -0.4032
-0.0714 -0.4314 -0.6165
-0.1430 -0.5782 -0.8022
-0.2252 -0.6539 -0.8819
-0.4426 -0.5844 -0.9976
-0.4759 -0.2305 -1.0513
-0.3167 -0.1565 -1.0480
0.1679 -0.3395 -1.0534
0.3803 -0.5559 -1.0711
0.6306 -0.9955 -1.1492
0.5623 -1.2901 -1.2645
0.3900 -1.3156 -1.2940
-0.2314 -0.8351 -1.1936
-0.9579 -0.0605 -0.9283
-1.1263 0.1045 -0.8409
-0.7457 0.2316 -0.7589
0.0943 0.0619 -0.6963
0.4382 0.0746 -0.6751
0.7223 0.1931 -0.7003
0.5445 0.4339 -0.7572
0.3910 0.4925 -0.7760
0.0901 0.4863 -0.8110
-0.1468 0.3509 -0.8395
-0.2265 0.2802 -0.8545
-0.3596 0.1483 -0.8948
-0.4385 0.1489 -0.8881
-0.4593 0.1755 -0.8547
-0.4468 0.1331 -0.6709
-0.3136 0.0324 -0.3754
-0.2088 -0.0991 -0.2152
0.0375 -0.3520 0.1172
0.2167 -0.4690 0.4356
0.2498 -0.4145 0.5831
0.1517 -0.1548 0.8577
-0.1531 0.0790 1.0687
-0.2977 0.1682 1.1174
-0.4473 0.2574 1.1649
-0.4284 0.3196 1.1523
-0.2416 0.5554 1.0946
0.1372 0.9254 1.1306
0.3305 1.1673 1.1741
0.5769 1.4968 1.3375
0.5495 1.5769 1.4886
0.4230 1.4675 1.5595
-0.0197 0.9240 1.6611
-0.5231 0.0684 1.7540
-0.6996 -0.3113 1.8182
-0.5970 -0.6880 1.9218
0.1058 -0.3907 1.9431
0.4778 -0.2462 1.9400
0.9627 -0.2283 1.9230
1.1151 -0.3279 1.8450
1.1339 -0.2500 1.7682
1.0480 0.0717 1.5440
0.8489 0.5679 1.2949
0.7317 0.7997 1.1727
0.5171 1.0576 0.9640
0.3615 1.0430 0.7886
0.3205 0.9920 0.7112
0.2525 0.8462 0.5854
0.2257 0.6707 0.4894
0.2420 0.6248 0.4284
0.2548 0.5129 0.2653
0.2397 0.4189 0.1662
0.2005 0.1116 -0.1031
0.1330 -0.3039 -0.3883
0.0787 -0.4901 -0.5253
-0.0761 -0.7181 -0.7813
-0.3401 -0.8094 -1.0103
-0.5251 -0.7487 -1.0724
-0.8490 -0.3925 -1.0932
-0.7288 -0.0542 -0.9666
-0.4330 -0.0190 -0.9346
0.3564 -0.2518 -0.8972
0.9989 -0.5784 -0.8975
1.1504 -0.6559 -0.9129
0.9922 -0.6530 -0.9154
0.1525 -0.3927 -0.7477
-0.3785 -0.1477 -0.6110
-1.1036 0.3457 -0.3324
-1.1313 0.3275 -0.1700
-0.8855 0.2573 -0.1399
-0.1906 0.2058 -0.1747
0.3284 0.5280 -0.2647
0.4315 0.7557 -0.2951
0.4012 1.0350 -0.2935
0.2005 1.0917 -0.2438
0.0754 1.0273 -0.2181
-0.1573 0.8448 -0.1062
-0.2341 0.7497 -0.0375
-0.2799 0.6182 0.1017
-0.2314 0.5728 0.2928
-0.2094 0.5974 0.3989
-0.1212 0.6078 0.6326
-0.0025 0.4433 0.8478
0.0667 0.3236 0.9463
0.1517 0.0966 1.1216
0.2113 0.0813 1.2497
0.2147 0.1829 1.3145
0.1275 0.4069 1.4729
-0.0254 0.5684 1.6586
-0.0876 0.6290 1.7664
-0.1572 0.6883 1.9502
-0.3005 0.5772 2.0408
-0.4041 0.4796 2.0117
-0.5272 0.1844 1.9102
-0.3948 0.1947 1.8783
-0.2341 0.4200 1.8759
0.2238 1.1434 1.9143
0.5329 1.6683 2.0272
0.5525 1.7656 2.1078
0.3154 1.7734 2.2374
-0.2189 1.4967 2.3653
-0.5092 1.2925 2.4301
-0.9254 1.0648 2.5643
-0.9476 1.0365 2.6797
-0.7971 1.0711 2.7263
-0.3170 0.9792 2.7354
-0.0792 0.8514 2.6888
0.2526 0.5119 2.5251
0.4023 0.1522 2.2756
0.4485 0.0296 2.1192
0.5420 0.0350 1.8026
0.6025 0.3990 1.5487
0.5386 0.6388 1.4575
0.1726 0.9561 1.2603
-0.2594 1.1203 1.0259
-0.3921 1.2047 0.9032
-0.4492 1.3872 0.6698
-0.2825 1.3902 0.4950
-0.1726 1.3754 0.4413
0.0938 1.3748 0.3573
0.4603 0.9856 0.2704
0.5778 0.7613 0.2339
0.4797 0.4365 0.2124
-0.1089 0.1312 0.0997
-0.6408 0.1700 -0.0420
-1.0880 0.4850 -0.0934
-0.6989 0.4690 -0.1838
-0.2884 0.3143 -0.1759
0.4232 0.0147 -0.0744
0.6172 -0.1880 -0.1184
0.5055 -0.1418 -0.1806
-0.0378 -0.0366 -0.2541
-0.6353 0.1705 -0.0608
-0.7955 0.2698 0.0934
-0.8156 0.2661 0.4026
-0.7587 0.2964 0.5310
-0.4952 0.2537 0.6853
-0.1419 0.2578 0.7349
-0.0067 0.2366 0.7228
0.0932 0.1411 0.6784
0.0071 0.1392 0.6552
-0.0707 0.1721 0.6464
-0.1900 0.2552 0.5981
-0.2792 0.5071 0.4835
-0.3073 0.6475 0.5049
-0.2724 0.5969 0.6122
-0.0331 0.5417 0.6538
0.0898 0.4459 0.6627
0.2553 0.3193 0.6735
0.2873 0.3238 0.6824
0.2481 0.3318 0.6978
0.1173 0.4443 0.7656
-0.1157 0.5790 0.7987
-0.1986 0.5529 0.8052
-0.2522 0.4287 0.8047
-0.1364 0.3430 0.7890
-0.0225 0.3277 0.7730
0.1380 0.3772 0.7051
0.1548 0.3938 0.6735
0.1296 0.3865 0.6338
0.0494 0.3923 0.5711
-0.0532 0.4140 0.5218
-0.0863 0.4131 0.5037
-0.1199 0.3584 0.4613
-0.1325 0.3307 0.4288
-0.1545 0.3445 0.3596
-0.1673 0.4168 0.3227
-0.1535 0.4195 0.3079
-0.1035 0.3653 0.2847
-0.0797 0.2468 0.2567
-0.0880 0.1678 0.2490
-0.1205 0.0568 0.2349
-0.1006 0.0908 0.1850
-0.0713 0.1066 0.1562
-0.0365 0.1099 0.0972
-0.0235 0.1344 0.0304
-0.0184 0.1373 0.0126
-0.0249 0.1864 -0.0197
-0.0734 0.2203 -0.0283
-0.0887 0.1913 -0.0204
-0.0819 0.0805 -0.0368
-0.0776 -0.0170 -0.0717
-0.0826 -0.0402 -0.0816
-0.0792 0.0195 -0.0853
-0.0589 0.0366 -0.0820
-0.0620 0.0508 -0.0753
-0.0448 0.0796 -0.0542
-0.0473 0.0898 -0.0593
-0.0663 0.0702 -0.0533
-0.0750 0.0454 -0.0597
-0.0616 -0.0066 -0.0688
-0.0548 -0.0376 -0.0672
-0.0477 -0.0604 -0.0793
-0.0671 -0.0470 -0.0913
-0.1011 -0.0441 -0.0928
-0.1033 0.0012 -0.1107
-0.0929 0.0344 -0.1017
-0.0758 0.0607 -0.0853
-0.0780 0.0345 -0.0776
-0.0980 0.0201 -0.0701
-0.1475 -0.0026 -0.0529
-0.1555 0.0217 -0.0436
-0.1269 0.0421 -0.0405
-0.0540 0.0279 -0.0264
-0.0403 -0.0305 -0.0165
-0.0458 -0.0378 -0.0171
-0.0435 -0.0449 -0.0087
-0.0371 -0.0686 -0.0074
-0.0379 -0.0780 -0.0076
-0.0525 -0.0736 -0.0134
-0.0570 -0.0473 -0.0145
-0.0513 -0.0413 -0.0194
-0.0450 -0.0482 -0.0235
-0.0063 -0.0634 -0.0240
0.0017 -0.0693 -0.0286
-0.0180 -0.0831 -0.0222
-0.0487 -0.0529 -0.0158
-0.0491 -0.0498 -0.0129
-0.0222 -0.0407 -0.0062
-0.0128 -0.0336 -0.0018
-0.0119 -0.0284 -0.0070
0.0490 -0.0624 -0.0034
0.0418 -0.0064 -0.0116
-0.0194 -0.0401 0.0114
-0.0146 -0.0455 0.0206
-0.0114 -0.0324 0.0220
-0.0203 -0.0345 0.0422
0.0170 -0.0589 0.0420
0.0317 -0.0264 0.0347
0.0563 0.0264 0.0411
0.0685 0.0003 0.0386
0.0649 -0.0047 0.0400
0.0389 -0.0116 0.0434
0.0291 0.0080 0.0460
0.0352 0.0126 0.0432
0.0539 0.0393 0.0380
0.0246 0.0208 0.0363
0.0059 0.0107 0.0384
-0.0039 0.0174 0.0330
0.0092 0.0278 0.0266
0.0300 0.0350 0.0298
0.0573 0.0246 0.0187
0.0324 -0.0085 0.0325
0.0263 -0.0117 0.0310
0.0395 0.0023 0.0239
0.0368 0.0025 0.0217
0.0394 0.0301 0.0165
0.0724 0.0332 0.0162
0.0794 0.0263 0.0108
0.0779 0.0234 0.0082
0.0860 0.0323 0.0124
0.0880 0.0285 0.0133
0.0678 0.0023 0.0170
0.0453 -0.0136 0.0100
0.0513 -0.0074 0.0039
0.0696 -0.0051 -0.0118
0.0780 0.0212 -0.0105
0.0689 0.0382 -0.0071
0.0341 0.0246 0.0011
0.0284 -0.0175 -0.0041
0.0399 -0.0327 -0.0078
0.0788 -0.0013 -0.0154
0.0841 0.0417 -0.0146
0.0621 0.0334 -0.0153
0.0160 0.0025 -0.0098
0.0185 0.0249 -0.0060
0.0384 0.0095 0.0020
0.0815 0.0646 0.0004
0.0160 0.0609 0.0062
-0.0179 0.0578 0.0060
-0.0464 0.0108 -0.0063
0.0186 0.0166 -0.0050
0.0284 0.0259 -0.0081
-0.0084 0.0554 0.0010
-0.0145 0.0323 0.0003
-0.0023 0.0198 -0.0025
0.0096 -0.0009 -0.0126
0.0200 0.0046 -0.0069
0.0163 0.0245 -0.0061
0.0012 0.0248 -0.0081
0.0018 0.0181 -0.0138
0.0230 -0.0023 -0.0226
0.0499 -0.0100 -0.0187
0.0569 -0.0174 -0.0151
0.0441 -0.0022 -0.0118
0.0140 0.0084 -0.0065
0.0082 -0.0001 -0.0077
0.0242 0.0021 -0.0071
0.0242 0.0135 -0.0115
0.0188 0.0084 -0.0038
0.0337 0.0119 0.0001
0.0522 0.0172 -0.0052
0.0463 0.0117 -0.0062
0.0329 0.0198 -0.0099
0.0332 0.0417 -0.0115
0.0352 0.0508 -0.0033
0.0597 0.0496 0.0106
0.0516 -0.0065 0.0100
0.0426 -0.0262 0.0031
0.0330 0.0078 -0.0142
0.0400 0.0733 -0.0129
0.0445 0.0854 -0.0037
0.0637 0.0875 0.0099
0.0529 0.0967 0.0075
0.1378 0.3080 -0.0777
-0.0749 -0.0244 0.0223
-0.1469 -0.0710 0.0731
-0.0380 -0.0560 0.0587
0.2421 0.0682 -0.0187

