0.0238 -0.0162 -0.0006
-0.0068 0.0210 -0.0144
-0.0180 0.0282 -0.0026
-0.0271 0.0259 0.0027
-0.0675 0.0065 0.0117
-0.1288 -0.0156 0.0070
-0.1343 -0.0254 0.0042
-0.0766 -0.0246 -0.0133
-0.0255 -0.0100 0.0006
-0.0261 0.0042 0.0007
-0.0545 0.0170 0.0245
-0.0683 0.0024 0.0235
-0.0800 -0.0146 0.0077
-0.0662 -0.0261 -0.0070
-0.0504 -0.0144 -0.0093
0.0175 0.0187 -0.0109
0.0477 -0.0003 -0.0008
0.0414 -0.0151 0.0083
0.0089 -0.0032 0.0083
0.0019 0.0170 0.0116
0.0269 0.0110 0.0125
0.0581 -0.0371 0.0040
0.0514 -0.0121 0.0083
0.0450 0.0182 -0.0037
0.0394 0.0220 0.0045
0.0348 -0.0138 0.0058
0.0415 -0.0094 0.0069
0.0865 0.0020 0.0074
0.0663 0.0123 0.0068
0.0391 0.0244 0.0112
0.0232 0.0119 0.0136
0.0254 -0.0218 0.0166
0.0323 -0.0195 0.0194
0.0328 0.0036 0.0168
0.0368 0.0054 0.0174
0.0406 0.0083 0.0192
0.0280 -0.0112 0.0104
0.0171 -0.0092 0.0145
0.0064 -0.0041 0.0052
0.0226 0.0101 0.0010
0.0302 0.0294 -0.0027
0.0513 0.0412 0.0023
0.0489 -0.0013 0.0003
0.0499 -0.0174 -0.0005
0.0405 -0.0066 -0.0122
0.0491 -0.1037 -0.0044
0.0879 -0.1065 -0.0089
0.0246 0.0559 0.0138
-0.0318 0.1243 0.0254
-0.0428 0.1207 0.0304
-0.0274 0.1093 0.0126
0.0146 -0.0840 0.0189
0.0239 -0.0692 0.0238
0.0132 0.0522 0.0101
-0.0029 0.1049 0.0247
-0.0121 0.0924 0.0245
-0.0393 0.0108 0.0177
-0.0159 -0.0300 0.0045
0.0056 -0.0351 0.0021
-0.0030 -0.0157 -0.0074
-0.0079 0.0103 -0.0138
0.0104 0.0494 -0.0138
0.0115 0.0453 -0.0106
-0.0283 0.0209 0.0095
-0.0452 0.0112 0.0168
-0.0595 -0.0098 0.0222
-0.0302 -0.0105 0.0009
-0.0070 -0.0139 0.0000
-0.0029 -0.0051 0.0014
-0.0081 0.0027 -0.0029
-0.0270 -0.0127 0.0023
-0.0358 -0.0453 0.0008
-0.0277 -0.0364 -0.0012
-0.0126 0.0135 0.0071
-0.0191 0.0202 0.0113
-0.0249 0.0097 0.0128
-0.0111 -0.0195 0.0174
0.0113 -0.0641 0.0029
0.0191 -0.0536 -0.0076
0.0264 -0.0127 -0.0033
0.0306 0.0312 0.0037
0.0378 0.0285 0.0083
0.0254 -0.0106 0.0172
0.0159 -0.0228 0.0230
0.0269 -0.0124 0.0225
0.0335 -0.0014 0.0197
0.0041 0.0111 0.0253
-0.0080 0.0034 0.0234
0.0031 0.0034 0.0114
0.0305 -0.0364 0.0103
0.0296 -0.0299 0.0068
0.0166 0.0002 0.0079
0.0044 -0.0090 0.0078
-0.0049 -0.0109 0.0010
-0.0147 0.0086 -0.0021
0.0148 0.0075 -0.0097
0.0282 -0.0103 -0.0033
0.0437 -0.0214 0.0114
0.0469 -0.0096 0.0079
0.0294 0.0019 0.0229
0.0351 0.0010 0.0232
0.0407 0.0020 0.0248
0.0597 -0.0128 0.0192
0.0448 -0.0060 0.0157
0.0314 0.0045 0.0136
0.0426 -0.0004 0.0031
0.0565 0.0105 0.0068
0.0603 0.0182 0.0087
0.0853 0.0302 0.0120
0.0695 0.0106 0.0224
0.0549 0.0159 0.0175
0.0335 0.0389 0.0105
0.0464 0.0329 0.0059
0.0604 0.0282 0.0039
0.0753 0.0023 0.0117
0.0550 0.0197 0.0150
0.0422 0.0154 0.0196
0.0252 -0.0005 0.0196
0.0248 0.0166 0.0068
0.0241 0.0207 0.0003
0.0348 0.0079 0.0075
0.0449 0.0087 0.0162
0.0437 0.0174 0.0197
0.0358 0.0188 0.0220
0.0404 0.0249 0.0163
0.0468 0.0300 0.0066
0.0112 0.0176 0.0067
0.0085 0.0366 0.0075
0.0593 0.0463 -0.0017
0.0797 0.0045 -0.0083
0.0624 -0.0130 -0.0117
0.0452 -0.1894 0.0021
-0.0214 -0.0268 0.0135
-0.0303 0.0704 0.0080
-0.0346 0.0908 0.0190
-0.0623 0.0653 0.0160
-0.0420 0.0279 0.0213
0.0345 -0.0309 0.0057
0.0127 0.0201 -0.0012
0.0008 0.0244 -0.0035
0.0190 0.0288 0.0000
0.0102 0.0350 0.0058
-0.0110 0.0236 0.0186
-0.0164 0.0119 0.0247
0.0023 0.0024 0.0173
0.0173 0.0198 0.0121
0.0130 0.0482 0.0062
-0.0183 0.0433 0.0173
-0.0339 0.0242 0.0184
-0.0531 0.0116 0.0048
-0.0589 0.0141 -0.0070
-0.0170 0.0217 -0.0091
0.0147 0.0060 -0.0115
0.0074 -0.0082 -0.0064
-0.0154 0.0122 0.0086
-0.0348 0.0275 0.0062
-0.0404 0.0444 0.0103
-0.0235 0.0634 0.0072
0.0019 0.0179 0.0155
0.0015 -0.0044 0.0137
-0.0025 -0.0165 0.0108
0.0036 -0.0096 0.0023
0.0129 0.0083 -0.0003
0.0268 0.0271 -0.0048
0.0223 0.0173 -0.0010
0.0076 0.0042 0.0017
-0.0013 -0.0065 0.0052
0.0129 -0.0011 0.0067
0.0118 -0.0042 0.0066
0.0139 0.0176 0.0014
0.0263 -0.0105 -0.0024
0.0239 -0.0071 -0.0036
0.0080 -0.0105 0.0010
-0.0169 -0.0058 -0.0032
-0.0190 -0.0117 -0.0039
-0.0018 -0.0016 -0.0095
0.0111 -0.0056 -0.0070
0.0296 -0.0288 -0.0098
0.0180 -0.0391 -0.0170
0.0124 -0.0353 -0.0183
0.0170 0.0035 -0.0175
0.0429 0.0396 -0.0040
0.0477 0.0348 0.0024
0.0469 0.0074 0.0181
0.0837 -0.0003 0.0195
0.0943 0.0081 0.0152
0.0924 0.0388 0.0202
0.0925 0.0242 0.0233
0.0873 -0.0015 0.0199
0.0585 -0.0206 0.0167
0.0234 0.0273 0.0135
0.0134 0.0434 0.0135
0.0186 0.0266 0.0098
0.0466 0.0187 0.0016
0.0598 0.0196 0.0008
0.0763 0.0424 0.0036
0.0716 0.0423 0.0060
0.0436 0.0345 0.0141
0.0051 0.0161 0.0204
0.0196 -0.0130 0.0153
0.0245 -0.0247 0.0175
0.0155 -0.0256 0.0178
0.0099 0.0246 0.0163
0.0118 0.0323 0.0244
0.0126 0.0185 0.0252
-0.0063 0.0235 0.0231
-0.0460 0.0456 0.0266
-0.0131 0.0512 0.0231
0.0216 0.0314 0.0159
0.0568 -0.0277 0.0168
0.0596 -0.0719 -0.0028
0.0159 0.0019 0.0056
-0.0422 0.1341 -0.0029
-0.0292 0.1101 0.0125
-0.0094 0.0569 0.0112
0.0192 -0.0569 0.0087
0.0376 0.0060 0.0103
0.0571 0.0394 0.0063
0.0710 0.0677 -0.0028
0.0566 0.0291 -0.0027
0.0486 0.0015 -0.0035
0.0256 -0.0064 -0.0021
-0.0122 0.0025 0.0020
-0.0157 0.0271 -0.0019
-0.0091 0.0269 0.0005
-0.0125 0.0055 0.0002
-0.0246 0.0041 -0.0002
-0.0366 0.0171 0.0045
-0.0022 0.0053 0.0110
0.0024 0.0055 0.0075
-0.0186 0.0245 0.0089
-0.0159 0.0265 0.0112
-0.0101 0.0087 0.0111
-0.0090 0.0111 0.0114
-0.0110 0.0033 0.0085
0.0033 0.0162 0.0043
-0.0289 0.0260 -0.0014
-0.0360 0.0309 -0.0018
-0.0135 0.0195 -0.0114
-0.0002 -0.0162 -0.0074
-0.0100 -0.0245 -0.0057
-0.0223 0.0082 -0.0058
0.0017 0.0252 -0.0037
0.0185 0.0257 -0.0030
0.0270 0.0137 0.0039
0.0200 0.0248 0.0044
0.0105 0.0290 0.0020
-0.0131 0.0238 0.0029
-0.0114 0.0088 0.0082
-0.0105 -0.0051 0.0074
-0.0093 -0.0161 0.0045
-0.0065 -0.0070 0.0058
-0.0008 0.0071 0.0076
0.0092 0.0289 0.0185
0.0095 0.0248 0.0195
0.0097 0.0073 0.0161
0.0086 0.0163 0.0060
0.0045 0.0323 -0.0019
0.0028 0.0224 0.0032
0.0022 0.0208 0.0092
-0.0019 0.0193 0.0155
-0.0086 0.0312 0.0208
0.0479 0.1417 0.0030
0.0550 0.0535 -0.0323
-0.0330 -0.0268 0.0372
-0.0671 0.0200 0.0350
-0.0325 0.0452 0.0424
0.1266 0.0683 -0.0094
0.0945 0.0418 0.0253
0.0052 0.0074 0.0314
0.0052 0.0074 0.0314
-0.0390 0.0438 0.0221
-0.0724 0.0697 0.0441
-0.0550 0.0647 0.0555
-0.0472 0.0487 0.0647
-0.0816 0.0525 0.0665
-0.1292 0.1088 0.0815
-0.1347 0.1314 0.0816
-0.1526 0.1616 0.0904
-0.1892 0.2072 0.1080
-0.2104 0.2311 0.1208
-0.2571 0.2799 0.1481
-0.3025 0.3333 0.1913
-0.3176 0.3444 0.2175
-0.3283 0.3408 0.2721
-0.3253 0.3223 0.2987
-0.3721 0.3468 0.3422
-0.4206 0.4536 0.3929
-0.4218 0.4737 0.4240
-0.4329 0.5109 0.4801
-0.4991 0.5017 0.5267
-0.5515 0.4903 0.5508
-0.6591 0.4303 0.5904
-0.7458 0.4073 0.6399
-0.7685 0.3785 0.6685
-0.7347 0.3393 0.7337
-0.6288 0.2648 0.7948
-0.5793 0.2330 0.8157
-0.4982 0.2314 0.8821
-0.4209 0.3184 0.9677
-0.4056 0.3689 1.0030
-0.3990 0.4251 1.0662
-0.4330 0.3954 1.1389
-0.4566 0.3727 1.1685
-0.5094 0.3258 1.2205
-0.5623 0.2776 1.2440
-0.5738 0.2496 1.2496
-0.5516 0.2066 1.2944
-0.5268 0.1600 1.3192
-0.5126 0.1515 1.3292
-0.4530 0.1951 1.3526
-0.3654 0.2954 1.3721
-0.3280 0.3623 1.3726
-0.2675 0.4998 1.3859
-0.2425 0.5409 1.3913
-0.2007 0.5810 1.3747
-0.1669 0.5939 1.3307
-0.1490 0.6051 1.3010
-0.0899 0.6575 1.2283
-0.0003 0.6810 1.1306
0.0374 0.6899 1.0912
0.1011 0.7553 1.0277
0.0939 0.8803 0.9780
0.0672 0.9255 0.9790
0.0005 0.9457 1.0061
-0.0217 0.8674 1.0545
-0.0093 0.8328 1.0791
0.0564 0.7356 1.0794
0.1008 0.6641 1.0256
0.0777 0.6417 0.9797
-0.0793 0.6669 0.9108
-0.1998 0.8249 0.8929
-0.1770 0.9189 0.8861
-0.0087 1.0247 0.8591
0.1378 1.0484 0.8332
0.1693 1.0230 0.8297
0.1219 1.0414 0.8450
0.0247 1.0006 0.8959
0.0301 0.9583 0.9132
0.1781 0.8106 0.9282
0.3508 0.6671 0.9149
0.3938 0.6047 0.9100
0.3781 0.4932 0.8814
0.3196 0.4359 0.8559
0.1193 0.3201 0.8173
-0.0704 0.2085 0.7881
-0.1129 0.1686 0.7671
-0.0897 0.0711 0.6925
0.1086 0.0531 0.5833
0.2239 0.1052 0.5066
0.3653 0.2386 0.3664
0.3651 0.3383 0.2718
0.3357 0.3763 0.2214
0.2840 0.3881 0.1354
0.2839 0.4127 0.0861
0.2911 0.3987 0.0550
0.2931 0.2763 0.0033
0.3072 0.0499 -0.0568
0.3350 -0.0200 -0.1183
0.4109 -0.0553 -0.2505
0.3351 0.0077 -0.3529
0.2348 0.0640 -0.3754
0.0206 0.1108 -0.3875
0.0105 0.2259 -0.3736
0.0797 0.3568 -0.3240
0.1899 0.6287 -0.1049
0.1362 0.6720 0.0239
-0.2287 0.5763 0.3243
-0.6090 0.4905 0.6637
-0.6627 0.5327 0.8159
-0.4106 0.5737 1.0603
0.1354 0.6920 1.2108
0.3828 0.7825 1.2646
0.5696 0.8457 1.3642
0.3030 0.7239 1.3956
0.0371 0.5732 1.3873
-0.4965 0.1564 1.3272
-0.6242 -0.2234 1.2304
-0.4758 -0.3269 1.1674
0.0812 -0.4486 1.0266
0.6345 -0.6358 0.9404
0.8343 -0.7432 0.8652
0.9580 -0.7618 0.7346
0.9296 -0.6020 0.7130
0.8923 -0.4862 0.7028
0.7664 -0.3606 0.7151
0.6408 -0.2637 0.7185
0.5841 -0.1968 0.7003
0.4344 0.0532 0.5979
0.2381 0.3525 0.5106
0.1629 0.4834 0.4785
0.0840 0.6709 0.3912
0.1369 0.7169 0.2840
0.2016 0.6707 0.2189
0.3278 0.5279 0.0842
0.3741 0.4058 0.0110
0.3792 0.0135 -0.1832
0.2267 -0.3640 -0.4398
0.1088 -0.5166 -0.5651
-0.0102 -0.7480 -0.7683
0.1792 -0.9690 -0.9376
0.3724 -1.1086 -1.0179
0.6386 -1.5301 -1.2183
0.4309 -1.7754 -1.3181
0.1661 -1.7362 -1.3133
-0.3675 -1.5773 -1.3059
-0.3626 -1.5278 -1.2455
-0.0732 -1.5767 -1.1989
0.8050 -1.7157 -1.1621
1.4937 -1.9413 -1.2377
1.5714 -1.9523 -1.2500
1.1008 -1.7375 -1.2879
0.0979 -1.1976 -1.2710
-0.4861 -0.7301 -1.1544
-1.4128 -0.2609 -0.9889
-1.6027 0.0846 -0.9450
-1.4223 0.1831 -0.9475
-0.8063 0.2592 -1.0096
-0.3241 0.0918 -1.1185
-0.1966 -0.0740 -1.1649
-0.1626 -0.2102 -1.2287
-0.3152 -0.0231 -1.3036
-0.4012 0.0389 -1.3131
-0.5176 0.0174 -1.2474
-0.5378 -0.0104 -1.2003
-0.5225 -0.0954 -1.1179
-0.4435 -0.1784 -1.0011
-0.3775 -0.1835 -0.9277
-0.1656 -0.1756 -0.7696
0.0794 -0.1913 -0.5711
0.1930 -0.2173 -0.4623
0.3432 -0.1858 -0.2438
0.3410 -0.0660 -0.0189
0.2886 0.0437 0.0983
0.1102 0.2659 0.3147
-0.1173 0.3627 0.5253
-0.1925 0.3283 0.6309
-0.1970 0.1785 0.8164
-0.1392 0.0093 0.9864
-0.1021 -0.0731 1.0532
-0.0431 -0.1208 1.1051
-0.0187 0.1398 1.0657
0.0134 0.3001 1.0320
0.2610 0.6664 1.0119
0.6950 1.0425 1.0010
0.8813 1.1842 1.0165
0.9957 1.3648 1.0827
0.6583 1.3921 1.1455
0.3393 1.3601 1.1999
-0.4813 1.1700 1.3641
-0.8912 0.9953 1.4483
-1.4007 0.7067 1.6339
-1.2582 0.3938 1.6843
-0.9752 0.2817 1.6552
-0.2632 0.2236 1.5600
0.2112 0.2823 1.3817
0.2529 0.2608 1.2759
0.0065 0.1715 1.1177
-0.3503 0.2588 0.9210
-0.4810 0.3746 0.8033
-0.6296 0.6406 0.5784
-0.6071 0.8889 0.4055
-0.5218 0.8965 0.3474
-0.2184 0.7580 0.2813
0.1476 0.6556 0.1796
0.3098 0.6490 0.1343
0.4841 0.5962 0.0534
0.5031 0.4448 -0.0257
0.4907 0.3403 -0.0625
0.4171 0.0055 -0.1686
0.2931 -0.5381 -0.3145
0.2457 -0.7980 -0.3854
0.2266 -1.2421 -0.5785
0.2034 -1.6904 -0.7944
0.1341 -1.8121 -0.8842
-0.1866 -1.8099 -1.0187
-0.5689 -2.1473 -1.0245
-0.6240 -1.9967 -1.2074
-0.3120 -2.1740 -1.2896
0.0385 -2.1708 -1.2848
0.8338 -1.9075 -1.5433
1.3268 -1.2677 -1.7699
1.3594 -1.0218 -1.7272
0.9127 -0.4380 -1.5230
0.0295 0.0626 -1.3699
-0.4524 0.2250 -1.2566
-1.0909 0.3659 -1.1280
-0.8935 0.6793 -0.8938
-0.8935 0.6793 -0.8938
0.3162 1.0269 -0.7057
0.5015 0.9944 -0.7225
0.5564 0.7967 -0.7102
0.3415 0.6011 -0.6285
0.1807 0.5383 -0.5824
-0.1578 0.4257 -0.5089
-0.4106 0.2988 -0.4658
-0.4828 0.1969 -0.4383
-0.5191 -0.1060 -0.3383
-0.5569 -0.4164 -0.2007
-0.5015 -0.5152 -0.1306
-0.3303 -0.6223 0.0167
-0.1732 -0.3951 0.2158
-0.1355 -0.1675 0.3269
-0.2321 0.3535 0.5427
-0.5357 0.6963 0.7842
-0.6922 0.7278 0.9039
-0.8814 0.6522 1.0809
-0.8721 0.6058 1.1435
-0.6236 0.6220 1.2186
-0.3573 0.9194 1.2843
-0.3181 1.0481 1.3284
-0.3028 1.1005 1.4041
-0.0341 0.9668 1.4049
0.2155 0.8733 1.3801
0.7780 0.6977 1.3481
1.0522 0.6028 1.3825
0.9559 0.5656 1.4403
0.3350 0.5711 1.5491
-0.5567 0.7859 1.6719
-0.9293 0.9488 1.7277
-1.2568 1.3160 1.7649
-0.9659 1.3791 1.7679
-0.7739 1.3126 1.8051
-0.2047 0.9702 1.7808
0.2393 0.2779 1.6358
0.3587 -0.0445 1.4953
0.3294 -0.2308 1.0973
0.1606 0.0329 0.7929
0.0352 0.2189 0.6840
-0.2136 0.4301 0.5367
-0.3499 0.4644 0.4421
-0.3484 0.4660 0.4041
-0.2602 0.4512 0.3309
-0.2000 0.4066 0.3514
-0.0189 0.3516 0.3835
0.1450 0.3270 0.3790
0.1586 0.3060 0.3631
0.0631 0.2538 0.2716
-0.0549 0.1142 0.1132
-0.0828 0.0341 0.0305
-0.0655 -0.1307 -0.1642
-0.0164 -0.2581 -0.3579
-0.0046 -0.3244 -0.4407
0.0420 -0.4837 -0.5940
0.1281 -0.5677 -0.7431
0.1395 -0.5819 -0.8016
0.1298 -0.6166 -0.9258
0.1332 -0.6665 -1.0582
0.0955 -0.7156 -1.0652
-0.0421 -0.9131 -1.0689
-0.0825 -1.1735 -1.0310
0.0044 -1.3565 -1.0571
0.4245 -1.4811 -1.1129
0.8840 -1.3699 -1.1806
1.0034 -1.2354 -1.2024
0.8737 -0.8552 -1.2114
0.2775 -0.4419 -1.2223
-0.1281 -0.2624 -1.2427
-0.8667 -0.0736 -1.3184
-0.9747 -0.2030 -1.3633
-0.8107 -0.2879 -1.3698
-0.1351 -0.3332 -1.3357
0.5913 -0.2616 -1.1992
0.8776 -0.2344 -1.1053
1.1683 -0.2308 -0.9512
1.0986 -0.2551 -0.9178
0.7265 -0.2969 -0.8296
0.2884 -0.2952 -0.7635
0.1260 -0.2847 -0.7342
0.0650 -0.3235 -0.6739
0.2728 -0.3832 -0.6198
0.3994 -0.4161 -0.5837
0.5448 -0.4546 -0.4792
0.5263 -0.4997 -0.3695
0.4996 -0.5231 -0.3113
0.4693 -0.5373 -0.1897
0.4389 -0.4274 -0.0678
0.4213 -0.3356 -0.0136
0.3593 -0.1043 0.0749
0.2255 0.1359 0.1463
0.1494 0.2490 0.1818
0.0526 0.4788 0.2615
0.0780 0.6591 0.3541
0.1032 0.7179 0.3980
0.0531 0.7476 0.4744
-0.0425 0.7176 0.5577
-0.0785 0.6964 0.6061
-0.1978 0.6075 0.6974
-0.2925 0.5443 0.7492
-0.4164 0.4575 0.7972
-0.3082 0.3800 0.7513
-0.1539 0.3057 0.7486
0.2848 0.2099 0.6722
0.6401 0.1255 0.6127
0.7336 0.1041 0.6196
0.7426 0.1711 0.6381
0.5063 0.2858 0.6660
0.3000 0.3395 0.6639
-0.2701 0.4180 0.6506
-0.7270 0.3959 0.5693
-0.8574 0.2699 0.5006
-0.7641 -0.0832 0.3150
-0.2673 -0.2302 0.1104
0.0198 -0.2735 0.0281
0.4707 -0.3281 -0.1230
0.6330 -0.4912 -0.2732
0.6369 -0.5807 -0.3401
0.5456 -0.6855 -0.4814
0.3133 -0.6351 -0.6230
0.0807 -0.5301 -0.6470
-0.1882 -0.5004 -0.6376
-0.2998 -0.5248 -0.6367
-0.4122 -0.5561 -0.6655
-0.4102 -0.5829 -0.6896
-0.3149 -0.6607 -0.7506
-0.1484 -0.7513 -0.8261
-0.0647 -0.7810 -0.8687
0.0509 -0.8827 -0.9361
0.0596 -0.9713 -0.9555
0.0476 -1.0070 -0.9573
0.0659 -1.0764 -0.9578
0.1256 -1.0922 -0.9619
0.1515 -1.0966 -0.9520
0.2120 -1.0865 -0.9491
0.2855 -1.1297 -0.9975
0.3012 -1.1516 -1.0334
0.2456 -1.1947 -1.1109
0.1659 -1.2022 -1.2007
0.1397 -1.1916 -1.2544
0.0573 -1.0994 -1.3419
-0.1273 -0.8579 -1.3670
-0.2227 -0.7784 -1.3538
-0.2322 -0.8009 -1.3025
0.0316 -1.0435 -1.2015
0.1933 -1.1659 -1.1259
0.4082 -1.2375 -0.9518
0.3101 -1.0488 -0.7869
0.1808 -0.8900 -0.7425
-0.0637 -0.7163 -0.7300
-0.1550 -0.8315 -0.6968
-0.1647 -0.9867 -0.7003
-0.1918 -1.2780 -0.7441
-0.2461 -1.4116 -0.8067
-0.2635 -1.3786 -0.8430
-0.2809 -1.1534 -0.9168
-0.2911 -1.0622 -0.9579
-0.3577 -0.9977 -1.0604
-0.4120 -1.0388 -1.1419
-0.4417 -1.0528 -1.1670
-0.5166 -1.0662 -1.1562
-0.5354 -1.0924 -1.0952
-0.5136 -1.1094 -1.0557
-0.4256 -1.1890 -0.9858
-0.3899 -1.2539 -0.9159
-0.4041 -1.2352 -0.8631
-0.3924 -1.1288 -0.7893
-0.2320 -0.9938 -0.7661
-0.1224 -0.9014 -0.7620
0.0285 -0.7174 -0.7881
-0.0116 -0.6205 -0.8070
-0.0690 -0.5809 -0.8235
-0.1784 -0.5577 -0.8823
-0.1739 -0.6019 -0.9344
-0.1087 -0.6349 -0.9619
0.0405 -0.7165 -0.9998
0.1204 -0.7617 -0.9776
0.1334 -0.7543 -0.9507
0.1418 -0.6712 -0.8850
0.0914 -0.5882 -0.8148
0.0617 -0.5458 -0.7887
-0.0002 -0.4339 -0.7433
-0.0188 -0.3874 -0.7194
-0.0244 -0.2808 -0.6879
-0.0016 -0.2275 -0.6837
0.0203 -0.2351 -0.6864
0.0735 -0.3234 -0.6892
0.1309 -0.4704 -0.6995
0.1353 -0.5412 -0.7052
0.0905 -0.6063 -0.7070
0.0367 -0.6198 -0.6964
0.0293 -0.6140 -0.6946
0.0698 -0.6221 -0.7106
0.1282 -0.6144 -0.7323
0.1346 -0.5741 -0.7404
0.0821 -0.4084 -0.7371
-0.0346 -0.1674 -0.6905
-0.0755 -0.0726 -0.6548
-0.1286 0.0386 -0.5790
-0.1977 0.0545 -0.5283
-0.2392 0.0396 -0.5173
-0.3364 -0.0382 -0.5141
-0.4224 -0.1592 -0.5481
-0.4587 -0.2003 -0.5775
-0.5117 -0.2438 -0.6345
-0.5575 -0.1788 -0.6961
-0.5607 -0.1188 -0.7173
-0.5377 -0.0224 -0.7439
-0.5252 0.0096 -0.7522
-0.5330 0.0519 -0.7639
-0.5662 0.1223 -0.7290
-0.5762 0.1633 -0.6903
-0.5614 0.1958 -0.5717
-0.4978 0.1181 -0.4360
-0.4762 0.0405 -0.3883
-0.4144 -0.2166 -0.3634
-0.3247 -0.6318 -0.4065
-0.2712 -0.8352 -0.4607
-0.1771 -1.1778 -0.6416
-0.1175 -1.3151 -0.8434
-0.1102 -1.2885 -0.9365
-0.1475 -1.1012 -1.0934
-0.2525 -0.8909 -1.1573
-0.3038 -0.8051 -1.1600
-0.3093 -0.7664 -1.1365
-0.1367 -0.8664 -1.1448
-0.0162 -0.9687 -1.1585
0.1434 -1.1463 -1.1656
0.1445 -1.2290 -1.1865
0.0955 -1.2361 -1.1996
-0.0750 -1.2152 -1.2562
-0.2666 -1.1308 -1.3121
-0.3573 -1.0919 -1.3401
-0.4993 -1.0456 -1.4145
-0.5617 -1.0470 -1.4986
-0.5605 -1.0643 -1.5202
-0.5233 -1.1266 -1.5025
-0.4837 -1.1907 -1.4810
-0.3915 -1.3138 -1.5236
-0.2484 -1.3445 -1.5938
-0.1565 -1.3340 -1.6072
0.0246 -1.3151 -1.5908
0.1349 -1.3461 -1.5366
0.1561 -1.3634 -1.5050
0.1916 -1.3793 -1.3984
0.2420 -1.3478 -1.2567
0.2704 -1.2874 -1.1709
0.3023 -1.1145 -0.9769
0.2845 -0.9161 -0.7710
0.2591 -0.8277 -0.6780
0.2082 -0.6757 -0.5348
0.1849 -0.6060 -0.4488
0.1599 -0.6013 -0.4578
-0.0171 -0.5018 -0.5848
-0.4627 -0.2670 -0.7376
-0.7191 -0.1771 -0.8002
-0.9914 -0.2177 -0.9387
-0.7571 -0.5426 -1.1274
-0.5483 -0.7358 -1.2159
-0.1256 -1.1062 -1.3514
0.3136 -1.4287 -1.5565
0.5073 -1.5873 -1.6509
0.6737 -1.6654 -1.8044
0.5978 -1.5407 -1.8690
0.1601 -0.9787 -1.9545
-0.3010 -0.6605 -2.0277
-0.5920 -0.6897 -2.0017
-0.8328 -0.7995 -2.1521
-0.7189 -1.0098 -2.2336
-0.5969 -1.0271 -2.2294
-0.3252 -0.8962 -2.0125
-0.1407 -0.6513 -1.7985
-0.0990 -0.5493 -1.7170
-0.0531 -0.4134 -1.5603
0.0146 -0.2868 -1.4242
0.0583 -0.2130 -1.3753
0.0876 -0.0854 -1.3236
0.0068 -0.0315 -1.3201
-0.0571 -0.0868 -1.3526
-0.1888 0.0133 -1.3736
-0.2070 0.1011 -1.2819
-0.1682 0.1264 -1.1949
-0.0334 0.2084 -0.9710
0.0641 0.2264 -0.6821
0.0815 0.2424 -0.5312
0.0693 0.3979 -0.2737
-0.0186 0.5333 -0.0608
-0.0777 0.5514 0.0298
-0.1843 0.5088 0.1629
-0.2094 0.4702 0.2182
-0.2514 0.3143 0.3233
-0.3523 0.0947 0.4416
-0.3714 -0.0247 0.4970
-0.2581 -0.2374 0.5559
0.0423 -0.3328 0.5768
0.2550 -0.3313 0.5858
0.7120 -0.2463 0.6298
1.0659 -0.1192 0.7235
1.1459 -0.0177 0.7769
0.9728 0.1792 0.8646
0.2627 0.3285 0.9177
-0.2177 0.3153 0.9401
-0.9020 0.1049 0.9643
-0.9207 0.0713 0.9687
-0.6941 0.1215 0.9634
-0.0364 0.0824 0.9613
0.4837 -0.2311 0.9762
0.5851 -0.4696 1.0013
0.5527 -0.5498 0.9683
0.3851 -0.4765 0.8405
0.3019 -0.3483 0.7916
0.1696 -0.0112 0.6934
0.1097 0.2209 0.6484
0.0869 0.2917 0.6378
0.0285 0.4207 0.6214
0.0661 0.4979 0.6195
0.1473 0.5389 0.5987
0.3366 0.5688 0.4944
0.4124 0.5262 0.4130
0.4772 0.3566 0.1709
0.3639 -0.0130 -0.1491
0.2708 -0.2490 -0.3355
0.1423 -0.5957 -0.7105
0.0496 -0.6547 -1.0638
-0.0855 -0.5531 -1.2583
-0.5051 0.1007 -1.5992
-0.8506 0.3588 -1.8163
-0.8609 0.2156 -1.8814
-0.4895 -0.7142 -2.0312
0.2420 -1.6165 -2.2352
0.6775 -1.8255 -2.3124
1.3175 -1.9683 -2.3269
1.1595 -1.5367 -2.1327
0.7737 -1.3116 -1.9839
-0.2938 -0.8411 -1.6786
-1.1659 -0.5741 -1.5603
-1.2892 -0.4404 -1.5106
-0.9122 -0.2715 -1.3442
-0.1681 -0.1331 -1.1622
0.1737 -0.0927 -1.0859
0.5825 -0.1310 -0.9448
0.5517 -0.0990 -0.7939
0.4336 -0.0544 -0.7196
0.1286 0.0991 -0.6306
0.0105 0.1664 -0.6420
-0.1291 0.1484 -0.6793
-0.1632 0.0156 -0.6535
-0.1459 -0.0288 -0.6216
-0.0693 -0.0202 -0.4847
0.0083 0.0036 -0.2699
0.0372 0.0029 -0.1683
0.0638 -0.0507 0.0307
0.0938 -0.0363 0.2525
0.0956 0.0495 0.3760
0.0388 0.3497 0.6431
-0.1324 0.6320 0.9067
-0.2385 0.6773 1.0397
-0.4265 0.5201 1.2981
-0.4671 0.4444 1.5109
-0.4256 0.4504 1.5896
-0.2520 0.6967 1.7717
0.0340 1.2868 1.9429
0.1842 1.4948 1.9832
0.3641 1.7310 1.9523
0.3407 1.6364 1.8130
0.1987 1.4864 1.7487
-0.3698 0.8411 1.6644
-1.0069 0.0754 1.6747
-1.1807 -0.1589 1.6717
-1.0282 -0.3263 1.6221
-0.3652 -0.2616 1.5288
-0.0085 -0.2582 1.4969
0.4962 -0.3433 1.4870
0.7126 -0.3191 1.4787
0.7418 -0.2227 1.4350
0.6916 0.0990 1.2839
0.6247 0.2381 1.1996
0.4054 0.3681 1.0323
0.1687 0.2499 0.8826
0.1089 0.1252 0.8148
0.1306 -0.0298 0.6835
0.2150 -0.0601 0.5212
0.2812 0.0029 0.4306
0.3627 0.1713 0.1695
0.3017 0.1962 -0.1670
0.2325 0.1337 -0.3438
0.1105 -0.0281 -0.6900
-0.0443 -0.1716 -1.0215
-0.1812 -0.1187 -1.1691
-0.6518 0.1945 -1.3843
-1.1866 0.4090 -1.4664
-1.2714 0.3294 -1.4718
-0.7580 -0.3646 -1.4286
0.4204 -1.1063 -1.3905
1.0060 -1.3295 -1.4083
1.6959 -1.5888 -1.5221
1.3223 -1.3997 -1.5817
0.7759 -1.1363 -1.5341
-0.4673 -0.3223 -1.2367
-1.0431 0.3072 -0.7741
-0.9475 0.3870 -0.5433
-0.2747 0.3315 -0.1800
0.1148 0.3399 -0.0777
0.5912 0.4768 0.0182
0.5851 0.5501 0.0013
0.4749 0.5292 -0.0338
0.1697 0.4004 -0.1252
-0.0871 0.1912 -0.1929
-0.1814 0.1312 -0.2361
-0.3076 0.1833 -0.2540
-0.4319 0.3072 -0.1867
-0.5080 0.3466 -0.1401
-0.6021 0.4316 -0.0546
-0.5605 0.5202 0.0338
-0.4742 0.5079 0.0993
-0.1970 0.2912 0.2984
0.0791 0.0552 0.5030
0.1481 0.0348 0.6366
0.0761 0.2346 0.9234
-0.2052 0.5679 1.2018
-0.3392 0.7115 1.3274
-0.4361 0.8521 1.4922
-0.3734 0.8037 1.5706
-0.3507 0.7715 1.6028
-0.3589 0.8273 1.6008
-0.4098 0.9310 1.6065
-0.3933 0.9645 1.6339
-0.1474 0.9336 1.7079
0.2966 0.8211 1.7509
0.5114 0.7206 1.7530
0.7832 0.6563 1.6340
0.7828 0.6420 1.5526
0.4882 0.6309 1.5252
-0.1133 0.7892 1.6605
-0.4313 0.8291 1.7708
-0.8315 0.4792 2.0494
-0.7163 -0.2821 2.2573
-0.5416 -0.5605 2.2693
-0.6211 -0.3538 1.8606
-0.8225 0.2022 1.8025
-0.8587 0.5015 1.8741
-0.7833 0.7352 1.7780
-0.5123 0.6763 1.6237
-0.3633 0.5203 1.5974
-0.0707 0.2517 1.6166
0.1553 0.1907 1.6556
0.2281 0.2371 1.6378
0.2861 0.3019 1.5179
0.3379 0.3593 1.2920
0.3890 0.3559 1.1794
0.4758 0.1872 1.0084
0.4956 0.0667 0.8639
0.4649 0.0675 0.8015
0.3206 0.1311 0.6272
0.1021 0.3840 0.4350
-0.0586 0.5006 0.3858
-0.4806 0.4467 0.3908
-0.6039 -0.0282 0.3213
-0.4482 -0.3095 0.2307
0.1506 -0.4901 -0.0267
0.4898 -0.4245 -0.1804
0.9756 0.0288 -0.3367
0.9593 0.4691 -0.2986
0.7463 0.6204 -0.2747
0.1268 0.7652 -0.2546
-0.3692 0.8516 0.0080
-0.4309 0.7961 0.1932
-0.2188 0.6287 0.4600
0.2463 0.5749 0.6248
0.5164 0.6116 0.6788
0.9256 0.6670 0.7805
1.0130 0.7217 0.9105
0.9777 0.7703 0.9888
0.8031 0.9241 1.1958
0.4827 1.1603 1.3499
0.2741 1.2714 1.3960
-0.2665 1.3528 1.4427
-0.7336 1.2891 1.5406
-0.8537 1.2585 1.6166
-0.7890 1.2617 1.7814
-0.4183 1.3433 1.8903
-0.2120 1.3344 1.9168
0.0849 1.2900 1.9279
0.1360 1.2845 1.8955
0.0924 1.3676 1.8294
-0.0390 1.5199 1.8306
-0.0990 1.5723 1.8437
-0.1557 1.3677 1.7677
-0.0554 0.7163 1.4673
0.0533 0.3376 1.2485
0.2912 -0.2922 0.7029
0.3380 -0.8769 0.4412
0.2081 -0.6819 0.4424
0.1064 -0.0389 0.6093
-0.1672 0.4416 1.0010
-0.3538 0.6441 1.2131
-0.5026 0.6509 1.5933
-0.0782 0.6750 1.7968
0.1117 0.7344 1.8181
0.1260 0.8077 1.6716
-0.1804 0.7767 1.3189
-0.3615 0.7341 1.1042
-0.6043 0.6594 0.5841
-0.7054 0.6919 0.1546
-0.7255 0.7819 0.0368
-0.6887 0.9286 -0.0608
-0.4885 0.9691 0.0197
-0.3759 0.9004 0.0981
-0.2514 0.6091 0.3076
-0.2193 0.3496 0.4989
-0.1969 0.2922 0.5686
-0.1782 0.2204 0.6267
-0.1991 0.2272 0.6547
-0.2636 0.2949 0.6404
-0.3028 0.3357 0.5856
-0.2593 0.2880 0.5256
-0.0705 0.1893 0.3987
-0.0351 0.2083 0.3222
-0.0274 0.2279 0.3042
0.0976 0.2499 0.2820
0.2760 0.1877 0.3339
0.3137 0.1706 0.3886
0.2753 0.2012 0.5188
0.1631 0.3328 0.6923
0.1468 0.4209 0.7713
0.1458 0.5510 0.8879
0.0355 0.5851 0.9631
-0.0086 0.6402 1.0203
-0.2166 0.7034 1.2179
0.0499 0.4968 1.1094
0.3061 0.4425 0.9964
0.8368 0.6087 0.7684
1.1369 0.3928 0.6465
1.1759 0.3345 0.6520
1.1159 0.2195 0.3968
0.8741 -0.0652 0.0830
0.7461 -0.1443 -0.0016
0.5156 -0.2335 -0.0261
0.5100 -0.1575 0.1325
0.5952 0.0196 0.2209
0.7881 0.2792 0.3456
0.8559 0.2136 0.3900
0.9051 -0.2056 0.5095
1.0296 -0.4314 0.4000
1.1097 -0.6101 0.3258
1.2506 -0.8544 0.2452
1.2108 -1.0067 0.1074
1.0758 -0.9941 0.0276
0.7291 -0.9267 -0.0469
0.6204 -0.7666 -0.1037
0.6448 -0.6724 -0.1670
0.6452 -0.5180 -0.3222
0.5023 -0.3029 -0.4881
0.4129 -0.2086 -0.5694
0.2354 -0.0843 -0.6956
0.1161 0.1927 -0.7408
0.0338 0.3307 -0.7389
-0.2074 0.5917 -0.6033
-0.2141 0.3171 -0.4092
-0.0648 0.1148 -0.3274
0.2809 -0.1793 -0.2273
0.4494 -0.1112 -0.1571
0.4350 -0.0149 -0.1285
0.2699 0.1147 -0.0720
0.1225 0.1333 -0.1349
0.0953 0.0503 -0.2454
0.1132 -0.0456 -0.5699
0.1284 -0.0099 -0.4737
0.1791 0.0701 -0.0626
0.2338 -0.0349 0.0697
0.2231 -0.0604 0.0250
0.1764 -0.0173 -0.0767
0.1724 0.0227 -0.1299
0.1932 0.0511 -0.1282
0.2479 0.0243 -0.0981
0.2645 -0.0378 -0.0892
0.2614 -0.0295 -0.0806
0.2066 -0.0486 -0.0603
0.0777 -0.0436 -0.0429
0.0169 -0.0172 -0.0228
0.0341 0.0481 0.0019
0.1475 0.0707 0.0175
0.1862 0.1036 0.0333
0.1714 0.1241 0.0585
0.0983 0.0912 0.0839
0.0655 0.0730 0.0907
0.0416 0.0827 0.1066
0.0367 0.0867 0.1354
0.0479 0.0839 0.1490
0.0748 0.0905 0.1417
0.0745 0.0446 0.1374
0.0632 0.0340 0.1340
0.0356 0.0684 0.1345
0.0388 0.0820 0.1339
0.0585 0.0581 0.1279
0.0577 0.0442 0.1124
0.0539 0.0359 0.1043
0.0579 0.0185 0.0826
0.0775 0.0046 0.0595
0.1028 0.0092 0.0659
0.1343 0.0424 0.0797
0.0373 0.0671 0.0848
-0.0066 0.0626 0.0872
-0.0334 0.0260 0.0911
-0.0028 0.0350 0.0887
0.0175 0.0466 0.0872
0.0519 0.0674 0.0932
0.0241 0.1015 0.0957
-0.0143 0.0974 0.0924
-0.0578 0.0716 0.0857
-0.0086 0.0040 0.0817
0.0204 -0.0343 0.0749
0.0256 -0.0237 0.0667
-0.0134 0.0166 0.0761
-0.0103 0.0446 0.0777
0.0339 0.0348 0.0669
0.0507 -0.0149 0.0493
0.0508 -0.0175 0.0474
0.0453 0.0110 0.0425
0.0488 0.0282 0.0412
0.0468 0.0421 0.0433
0.0613 0.0450 0.0425
0.0832 0.0351 0.0305
0.1274 -0.0208 0.0018
0.1290 -0.0604 -0.0117
0.1127 -0.0615 -0.0051
0.0903 -0.0072 -0.0075
0.0598 0.0393 -0.0259
0.0428 0.0430 -0.0275
0.0128 0.0229 -0.0212
-0.0004 0.0109 -0.0196
0.0183 0.0053 -0.0103
0.0612 0.0014 0.0068
0.0646 0.0393 0.0284
0.0569 0.0449 0.0348
0.0468 0.0414 0.0269
0.0749 0.0095 0.0133
0.0910 -0.0042 0.0141
0.1038 -0.0058 0.0044
0.0489 0.0067 0.0157
0.0311 0.0201 0.0216
0.0305 0.0315 0.0148
0.0170 0.0293 0.0139
0.0087 0.0218 0.0209
0.0294 0.0210 0.0126
0.0604 -0.0002 0.0079
0.0636 0.0111 0.0088
0.0338 0.0580 0.0223
0.0142 0.0849 0.0444
0.0280 0.0843 0.0439
0.0712 0.0356 0.0352
0.0849 0.0164 0.0282
0.0525 0.0064 0.0087
0.0188 0.0588 0.0067
0.0033 0.0875 0.0119
-0.0142 0.0897 0.0184
-0.0353 0.0285 0.0039
-0.0366 -0.0030 0.0005
0.0017 -0.0186 -0.0128
0.0412 0.0203 -0.0170
0.0429 0.0441 -0.0086
0.0305 0.0729 -0.0034
0.0608 0.0639 -0.0023
0.0814 0.0144 -0.0131
0.1416 -0.0850 -0.0101
0.0592 -0.0244 -0.0128
-0.0023 0.0210 -0.0130
-0.0649 0.0735 0.0014
-0.0553 0.0700 0.0159
-0.0267 0.0362 0.0280
0.0434 -0.0312 0.0395
-0.0002 0.0189 0.0391
-0.0253 0.0564 0.0341
0.0061 0.0855 -0.0039
0.0004 0.0293 -0.0220
-0.0205 0.0048 -0.0350
-0.0378 -0.0516 -0.0372
-0.0320 -0.0677 -0.0293
-0.0323 -0.0455 -0.0384
-0.0329 0.0042 -0.0356
-0.0150 0.0366 -0.0297
-0.0090 0.0501 -0.0046
-0.0414 0.0128 0.0199
-0.0584 0.0007 0.0242
-0.0882 0.0015 0.0204
-0.1005 0.0027 0.0119
-0.1205 0.0233 0.0082
-0.1402 0.0111 0.0211
-0.0955 -0.0299 0.0188
-0.0501 -0.0436 0.0076
-0.0125 -0.0363 -0.0185
-0.0271 0.0099 -0.0156
-0.0399 0.0184 -0.0111
-0.0565 0.0069 -0.0006
-0.0450 -0.0318 -0.0058
-0.0343 -0.0287 -0.0109
-0.0171 -0.0155 -0.0228
-0.0315 -0.0115 -0.0250
-0.0388 -0.0114 -0.0229
-0.0383 0.0021 -0.0195
-0.0189 -0.0005 -0.0163
-0.0077 -0.0102 -0.0200
0.0033 -0.0126 -0.0149
0.0072 -0.0037 -0.0115
0.0129 -0.0098 -0.0171
0.0086 -0.0168 -0.0088
0.0011 0.0049 -0.0025
0.0028 0.0113 0.0078
0.0044 0.0027 0.0118
-0.0108 0.0149 0.0066
-0.0335 0.0026 0.0010
-0.0026 -0.0050 -0.0027
0.0137 -0.0122 -0.0059
0.0313 -0.0090 -0.0029
-0.0074 0.0050 -0.0041
-0.0199 0.0078 -0.0085
-0.0080 0.0076 -0.0014
0.0067 0.0165 0.0049
0.0070 0.0041 0.0063
0.0095 -0.0168 0.0081
0.0016 -0.0218 0.0035
0.0103 -0.0177 0.0060
0.0418 0.0081 0.0105
0.0214 0.0113 0.0228
0.0033 -0.0042 0.0343
-0.0082 -0.0104 0.0217
0.0078 -0.0151 0.0180
0.0153 -0.0152 0.0139
0.0338 -0.0009 0.0072
0.0502 -0.0002 0.0094
0.0410 -0.0025 0.0025
0.0003 0.0156 0.0070
-0.0136 0.0262 0.0151
-0.0008 0.0261 0.0118
0.0039 0.0109 0.0027
0.0034 0.0075 0.0090
0.0226 0.0089 0.0079
0.0274 0.0051 -0.0026
0.0212 0.0033 0.0015
0.0139 0.0025 0.0017
0.0239 0.0075 0.0064
0.0227 0.0229 0.0053
0.0369 0.0381 0.0056
0.0393 0.0011 0.0007
0.0322 -0.0069 -0.0020
0.0283 0.0039 -0.0072
0.0029 0.0207 -0.0145
-0.0034 0.0343 -0.0120
0.0049 0.0655 -0.0042
0.0288 0.0395 0.0089
0.0266 0.0191 0.0096
0.0209 0.0379 -0.0016
0.0122 0.0461 -0.0038
0.0087 0.0444 -0.0045
0.0167 0.0638 -0.0009
0.0097 0.0631 0.0038
0.0069 0.0679 -0.0052
0.0779 0.0656 -0.0469
0.0096 -0.0855 -0.0023
-0.0563 -0.0905 0.0144
-0.1119 -0.0429 0.0425
-0.0624 0.0014 0.0439
0.0726 0.0331 0.0093

