0.0232 -0.6993 -0.6878
0.0376 -0.7158 -0.6818
0.0407 -0.7084 -0.6891
0.0254 -0.6976 -0.6863
0.0254 -0.6976 -0.6863
0.0238 -0.7049 -0.6930
0.0338 -0.7088 -0.6975
0.0381 -0.7108 -0.6829
0.0286 -0.7000 -0.6650
0.0309 -0.7056 -0.6652
0.0309 -0.7056 -0.6652
0.0334 -0.7085 -0.6764
0.0386 -0.6991 -0.6925
0.0380 -0.7035 -0.6919
0.0287 -0.7038 -0.6811
0.0241 -0.7084 -0.6746
0.0241 -0.7084 -0.6746
0.0270 -0.7119 -0.6878
0.0305 -0.7033 -0.6947
0.0340 -0.7086 -0.7068
0.0318 -0.7062 -0.6999
0.0265 -0.7005 -0.6978
0.0265 -0.7005 -0.6978
0.0248 -0.7088 -0.6933
0.0298 -0.7088 -0.6960
0.0269 -0.7029 -0.6983
0.0241 -0.7038 -0.6890
0.0241 -0.7038 -0.6890
0.0291 -0.7011 -0.6750
0.0330 -0.7073 -0.6685
0.0336 -0.7116 -0.6860
0.0348 -0.6919 -0.6932
0.0195 -0.6942 -0.6875
0.0195 -0.6942 -0.6875
0.0148 -0.7038 -0.6947
0.0135 -0.6978 -0.6920
0.0120 -0.7082 -0.7102
0.0244 -0.6991 -0.7030
0.0293 -0.6955 -0.7024
0.0293 -0.6955 -0.7024
0.0288 -0.7030 -0.6995
0.0259 -0.6853 -0.6949
0.0147 -0.7001 -0.7034
0.0201 -0.7123 -0.6959
0.0298 -0.7105 -0.6888
0.0298 -0.7105 -0.6888
0.0366 -0.7000 -0.6851
0.0343 -0.6980 -0.6875
0.0262 -0.6992 -0.6869
0.0275 -0.7015 -0.6845
0.0275 -0.7015 -0.6845
0.0286 -0.6968 -0.7040
0.0265 -0.6945 -0.7014
0.0208 -0.6969 -0.6879
0.0135 -0.7001 -0.6907
0.0263 -0.6969 -0.7029
0.0263 -0.6969 -0.7029
0.0312 -0.6951 -0.7003
0.0249 -0.6979 -0.6918
0.0185 -0.7031 -0.6915
0.0208 -0.7021 -0.6949
0.0222 -0.7031 -0.6984
0.0222 -0.7031 -0.6984
0.0255 -0.7066 -0.7012
0.0267 -0.6943 -0.6993
0.0229 -0.6991 -0.7094
0.0226 -0.6981 -0.7024
0.0245 -0.6991 -0.7027
0.0245 -0.6991 -0.7027
0.0218 -0.7062 -0.6975
0.0217 -0.6989 -0.7019
0.0197 -0.6986 -0.7023
0.0256 -0.6982 -0.7025
0.0245 -0.6777 -0.6295
0.0245 -0.6777 -0.6295
0.0381 -0.6934 -0.7231
0.0217 -0.7259 -0.7133
0.0251 -0.7074 -0.6952
0.0310 -0.7102 -0.7114
0.0310 -0.7102 -0.7114
0.0397 -0.6695 -0.6734
0.0212 -0.7197 -0.6974
0.0212 -0.7197 -0.6974
0.0283 -0.7015 -0.6675
0.0283 -0.7015 -0.6675
0.0380 -0.6987 -0.6782
0.0317 -0.6998 -0.6841
0.0314 -0.6996 -0.6866
0.0345 -0.7029 -0.6675
0.0283 -0.7013 -0.6619
0.0283 -0.7013 -0.6619
0.0272 -0.7085 -0.6692
0.0324 -0.7035 -0.6787
0.0356 -0.7036 -0.6836
0.0384 -0.6969 -0.6904
0.0308 -0.6973 -0.6888
0.0308 -0.6973 -0.6888
0.0228 -0.6985 -0.6817
0.0205 -0.7057 -0.6800
0.0273 -0.7128 -0.6851
0.0341 -0.7088 -0.6733
0.0402 -0.7056 -0.6830
0.0402 -0.7056 -0.6830
0.0542 -0.7088 -0.6853
0.0546 -0.7009 -0.6819
0.0629 -0.7049 -0.6696
0.0873 -0.6995 -0.6627
0.0873 -0.6995 -0.6627
0.1169 -0.6941 -0.6680
0.1466 -0.6773 -0.6795
0.1740 -0.6636 -0.6948
0.1879 -0.6481 -0.6813
0.1910 -0.6379 -0.6443
0.1910 -0.6379 -0.6443
0.2062 -0.6532 -0.6190
0.2190 -0.6674 -0.5987
0.2378 -0.6833 -0.5792
0.2492 -0.6895 -0.5808
0.2446 -0.7023 -0.5835
0.2446 -0.7023 -0.5835
0.2334 -0.7099 -0.6294
0.2239 -0.7130 -0.6628
0.2118 -0.7090 -0.6906
0.2031 -0.7028 -0.7461
0.1998 -0.6888 -0.7838
0.1998 -0.6888 -0.7838
0.1992 -0.6724 -0.7806
0.1969 -0.6680 -0.7750
0.1965 -0.6582 -0.7381
0.1869 -0.6363 -0.7416
0.1831 -0.6509 -0.7511
0.1831 -0.6509 -0.7511
0.1840 -0.6516 -0.7267
0.1637 -0.6423 -0.7269
0.1404 -0.6421 -0.6951
0.1140 -0.6452 -0.6688
0.1140 -0.6452 -0.6688
0.0901 -0.6469 -0.6597
0.0860 -0.6363 -0.6716
0.0927 -0.6092 -0.6926
0.0901 -0.6091 -0.7488
0.0545 -0.5968 -0.7515
0.0545 -0.5968 -0.7515
0.0238 -0.5770 -0.8028
0.0032 -0.5838 -0.8625
-0.0404 -0.6010 -0.8467
-0.0562 -0.6455 -0.8211
-0.0423 -0.6199 -0.8024
-0.0423 -0.6199 -0.8024
-0.0132 -0.6255 -0.9085
-0.0034 -0.6382 -1.0444
0.0101 -0.6891 -1.1826
-0.0320 -0.5665 -1.0068
-0.0461 -0.5133 -1.0033
-0.0461 -0.5133 -1.0033
-0.0423 -0.5351 -0.9215
-0.0521 -0.5395 -0.8239
-0.0344 -0.4902 -0.7679
0.0216 -0.5500 -0.7599
0.0216 -0.5500 -0.7599
0.0092 -0.5438 -0.6895
-0.0125 -0.5159 -0.6245
0.0046 -0.5253 -0.6082
0.0288 -0.5170 -0.5847
0.0417 -0.5379 -0.6091
0.0417 -0.5379 -0.6091
0.0319 -0.5710 -0.6211
0.0132 -0.5844 -0.6505
-0.0009 -0.6001 -0.6959
-0.0274 -0.6047 -0.7247
-0.0436 -0.6073 -0.7517
-0.0436 -0.6073 -0.7517
-0.0495 -0.6104 -0.7681
-0.0517 -0.6108 -0.8232
-0.0588 -0.5958 -0.8309
-0.0557 -0.5693 -0.8286
-0.0321 -0.5834 -0.8154
-0.0321 -0.5834 -0.8154
-0.0211 -0.6005 -0.8204
-0.0006 -0.6196 -0.8050
0.0337 -0.6195 -0.8183
0.0566 -0.6450 -0.8490
0.0536 -0.6543 -0.8980
0.0536 -0.6543 -0.8980
0.0346 -0.6463 -1.0012
0.0237 -0.6480 -1.0755
0.0191 -0.6787 -1.0505
0.0068 -0.6618 -1.0359
0.0068 -0.6618 -1.0359
0.0266 -0.6617 -1.0556
0.0280 -0.6056 -1.0289
0.0302 -0.5083 -0.9613
0.0963 -0.4552 -0.8252
0.1898 -0.4544 -0.6912
0.1898 -0.4544 -0.6912
0.2826 -0.4982 -0.6030
0.3450 -0.5469 -0.5977
0.3472 -0.5517 -0.6788
0.2737 -0.5152 -0.7803
0.1963 -0.4829 -0.9324
0.1963 -0.4829 -0.9324
0.1674 -0.4408 -1.0358
0.1424 -0.4005 -1.0909
0.0974 -0.3955 -1.0145
0.0401 -0.4301 -0.9007
-0.0083 -0.4503 -0.7520
-0.0083 -0.4503 -0.7520
-0.0359 -0.4875 -0.6566
-0.0474 -0.5319 -0.5994
-0.0595 -0.5618 -0.5695
-0.0794 -0.5756 -0.5558
-0.0912 -0.5992 -0.5739
-0.0912 -0.5992 -0.5739
-0.1054 -0.6134 -0.6015
-0.1186 -0.6124 -0.6519
-0.1204 -0.6020 -0.7139
-0.1202 -0.5973 -0.8022
-0.1202 -0.5973 -0.8022
-0.1213 -0.5964 -0.8634
-0.1467 -0.6064 -0.9960
-0.2088 -0.6060 -1.0415
-0.2632 -0.6274 -1.0392
-0.3086 -0.6673 -1.0358
-0.3086 -0.6673 -1.0358
-0.3454 -0.7140 -1.0352
-0.4374 -0.6387 -1.1327
-0.5246 -0.5000 -1.2320
-0.5771 -0.3433 -1.1323
-0.5530 -0.2826 -0.9302
-0.5530 -0.2826 -0.9302
-0.4715 -0.3483 -0.7875
-0.3891 -0.4243 -0.7153
-0.3549 -0.4483 -0.6949
-0.3308 -0.4244 -0.6552
-0.3086 -0.3452 -0.6040
-0.3086 -0.3452 -0.6040
-0.2480 -0.2790 -0.5699
-0.1371 -0.2835 -0.5567
-0.0108 -0.3324 -0.5594
0.0985 -0.4179 -0.5543
0.0985 -0.4179 -0.5543
0.1702 -0.4923 -0.5354
0.2243 -0.5498 -0.5902
0.2323 -0.5759 -0.6647
0.2263 -0.5786 -0.7250
0.2430 -0.5878 -0.8354
0.2430 -0.5878 -0.8354
0.2678 -0.6052 -0.8904
0.2895 -0.5863 -0.9225
0.3370 -0.5983 -0.9667
0.3788 -0.6391 -0.9923
0.3964 -0.6725 -0.9835
0.3964 -0.6725 -0.9835
0.3971 -0.7388 -1.0534
0.3600 -0.7855 -1.1527
0.2542 -0.7193 -1.2667
0.0860 -0.6392 -1.3705
-0.0750 -0.5644 -1.2651
-0.0750 -0.5644 -1.2651
-0.1842 -0.4889 -1.0294
-0.1707 -0.5182 -0.7719
-0.0664 -0.6108 -0.5953
0.0682 -0.7082 -0.5068
0.1432 -0.7462 -0.5212
0.1432 -0.7462 -0.5212
0.1468 -0.7103 -0.5989
0.1084 -0.6200 -0.6555
0.0618 -0.5303 -0.7500
0.0281 -0.4685 -0.7721
0.0281 -0.4685 -0.7721
0.0104 -0.4441 -0.8010
-0.0058 -0.4494 -0.7495
-0.0357 -0.4705 -0.6859
-0.0617 -0.5260 -0.6166
-0.0890 -0.5694 -0.5556
-0.0890 -0.5694 -0.5556
-0.1025 -0.5936 -0.5296
-0.0995 -0.6095 -0.5292
-0.0884 -0.6158 -0.5880
-0.0890 -0.6068 -0.6458
-0.0987 -0.5716 -0.6533
-0.0987 -0.5716 -0.6533
-0.0987 -0.5829 -0.6978
-0.1013 -0.6341 -0.7567
-0.1286 -0.6637 -0.8570
-0.1794 -0.6565 -0.9058
-0.2098 -0.6767 -0.9407
-0.2098 -0.6767 -0.9407
-0.2271 -0.6987 -0.9567
-0.2631 -0.7243 -1.0090
-0.3137 -0.6796 -1.1190
-0.3667 -0.5519 -1.0891
-0.3573 -0.4522 -0.9405
-0.3573 -0.4522 -0.9405
-0.2822 -0.4918 -0.7876
-0.1961 -0.6061 -0.7240
-0.2291 -0.6873 -0.7166
-0.3092 -0.7424 -0.7670
-0.3092 -0.7424 -0.7670
-0.3255 -0.6952 -0.7451
-0.3086 -0.5181 -0.6641
-0.2044 -0.4299 -0.6186
-0.0678 -0.4505 -0.5925
0.0557 -0.4785 -0.5628
0.0557 -0.4785 -0.5628
0.1420 -0.5093 -0.5053
0.1961 -0.5375 -0.4841
0.2195 -0.5746 -0.5072
0.2295 -0.5764 -0.5792
0.2242 -0.5540 -0.6697
0.2242 -0.5540 -0.6697
0.2294 -0.5479 -0.7846
0.2338 -0.5247 -0.8816
0.2373 -0.5108 -0.9418
0.2423 -0.5485 -0.9757
0.2185 -0.6166 -0.9794
0.2185 -0.6166 -0.9794
0.1630 -0.6868 -0.9899
0.1054 -0.7629 -1.0040
0.0733 -0.8073 -1.0399
0.0573 -0.8024 -1.0452
0.0600 -0.7621 -1.0453
0.0600 -0.7621 -1.0453
0.0766 -0.6532 -1.0326
0.1035 -0.5244 -0.9424
0.1637 -0.4436 -0.7853
0.2618 -0.4510 -0.6242
0.2618 -0.4510 -0.6242
0.3894 -0.5363 -0.5217
0.4695 -0.6232 -0.5063
0.4540 -0.6491 -0.6499
0.3592 -0.6187 -0.9104
0.2613 -0.5192 -1.0429
0.2613 -0.5192 -1.0429
0.1588 -0.3610 -1.1091
0.0841 -0.2755 -1.0422
0.0443 -0.2802 -0.9891
0.0182 -0.3769 -0.8830
-0.0356 -0.4340 -0.7545
-0.0356 -0.4340 -0.7545
-0.1056 -0.4567 -0.6048
-0.1269 -0.4864 -0.5294
-0.1154 -0.5191 -0.4889
-0.1003 -0.5462 -0.4948
-0.0953 -0.5459 -0.5612
-0.0953 -0.5459 -0.5612
-0.1077 -0.5550 -0.6177
-0.1033 -0.6249 -0.5851
-0.0034 -0.4035 -0.8924
0.0535 -0.5102 -0.8856
0.0535 -0.5102 -0.8856
-0.0029 -0.5423 -0.9960
-0.0602 -0.5454 -1.0807
-0.1025 -0.5951 -1.1191
-0.1372 -0.6082 -1.2367
-0.1964 -0.5571 -1.3307
-0.1964 -0.5571 -1.3307
-0.2505 -0.4088 -1.3171
-0.2564 -0.2966 -1.1752
-0.2128 -0.2421 -0.8885
-0.1485 -0.3205 -0.6697
-0.0992 -0.4318 -0.5171
-0.0992 -0.4318 -0.5171
-0.0851 -0.5596 -0.4464
-0.1084 -0.6642 -0.4892
-0.1215 -0.6924 -0.6878
-0.1127 -0.5906 -0.7782
-0.0573 -0.4696 -0.8559
-0.0573 -0.4696 -0.8559
0.0318 -0.4058 -0.8333
0.1003 -0.3982 -0.7792
0.1629 -0.4461 -0.7128
0.2029 -0.4882 -0.6774
0.2087 -0.5454 -0.6558
0.2087 -0.5454 -0.6558
0.1719 -0.6011 -0.6650
0.1334 -0.6516 -0.6684
0.1092 -0.6729 -0.6950
0.1100 -0.6645 -0.7540
0.1100 -0.6645 -0.7540
0.1217 -0.6369 -0.8221
0.1337 -0.6223 -0.8934
0.1155 -0.5867 -0.9633
0.0810 -0.5738 -1.0047
0.0252 -0.5886 -1.0141
0.0252 -0.5886 -1.0141
-0.0149 -0.6275 -0.9678
-0.0186 -0.6660 -0.9393
-0.0048 -0.6926 -0.9514
0.0092 -0.7054 -0.9670
0.0279 -0.7113 -1.0120
0.0279 -0.7113 -1.0120
0.0297 -0.7093 -1.0374
0.0404 -0.7236 -1.0484
0.0277 -0.6473 -1.1027
-0.0041 -0.5320 -1.0684
-0.0074 -0.4581 -0.9060
-0.0074 -0.4581 -0.9060
0.0098 -0.4560 -0.7262
0.0555 -0.4833 -0.5577
0.0929 -0.4910 -0.4366
0.1136 -0.4916 -0.3625
0.1691 -0.5340 -0.3424
0.1691 -0.5340 -0.3424
0.2643 -0.5591 -0.2934
0.3132 -0.5618 -0.3815
0.2965 -0.5186 -0.4768
0.2150 -0.4664 -0.8184
0.2150 -0.4664 -0.8184
0.1526 -0.4875 -1.2049
0.0539 -0.4340 -1.3410
-0.0419 -0.3635 -1.3243
-0.0674 -0.3970 -1.2485
-0.0626 -0.4444 -1.1599
-0.0626 -0.4444 -1.1599
-0.0472 -0.4487 -1.0448
-0.0349 -0.4458 -0.9459
0.0043 -0.4548 -0.8914
0.0425 -0.4724 -0.8444
0.0859 -0.4844 -0.8025
0.0859 -0.4844 -0.8025
0.1150 -0.4852 -0.8105
0.1142 -0.4656 -0.8280
0.0959 -0.4360 -0.8946
0.0790 -0.4137 -0.9438
0.0608 -0.3947 -0.9881
0.0608 -0.3947 -0.9881
0.0332 -0.3766 -1.0207
0.0043 -0.3768 -1.0745
-0.0194 -0.3716 -1.0869
-0.0560 -0.3519 -1.0784
-0.0829 -0.3559 -1.0497
-0.0829 -0.3559 -1.0497
-0.1056 -0.3634 -1.0076
-0.1378 -0.3746 -0.9292
-0.1784 -0.3887 -0.9059
-0.2390 -0.4101 -0.8578
-0.2390 -0.4101 -0.8578
-0.2837 -0.4238 -0.7884
-0.2989 -0.4559 -0.7652
-0.3160 -0.5300 -0.7571
-0.3486 -0.5681 -0.7812
-0.3726 -0.5797 -0.7896
-0.3726 -0.5797 -0.7896
-0.3860 -0.5866 -0.8233
-0.3916 -0.5987 -0.8450
-0.3894 -0.5891 -0.8711
-0.3794 -0.5757 -0.8710
-0.3638 -0.5597 -0.8818
-0.3638 -0.5597 -0.8818
-0.3475 -0.5377 -0.8662
-0.3263 -0.4852 -0.8366
-0.2760 -0.4498 -0.7675
-0.2127 -0.4315 -0.6959
-0.1472 -0.4340 -0.6684
-0.1472 -0.4340 -0.6684
-0.0863 -0.4579 -0.6473
-0.0459 -0.4816 -0.6668
-0.0334 -0.4994 -0.7084
-0.0721 -0.4712 -0.8365
-0.1590 -0.4491 -0.9451
-0.1590 -0.4491 -0.9451
-0.2167 -0.4013 -1.0030
-0.3176 -0.3736 -1.1563
-0.4324 -0.4784 -1.2015
-0.4847 -0.5232 -1.0112
-0.4847 -0.5232 -1.0112
-0.4471 -0.5525 -0.8857
-0.4028 -0.6165 -0.7869
-0.3948 -0.6296 -0.6910
-0.3882 -0.6518 -0.7321
-0.3562 -0.6372 -0.7950
-0.3562 -0.6372 -0.7950
-0.3244 -0.5740 -0.8079
-0.3085 -0.5322 -0.8277
-0.3027 -0.5151 -0.8226
-0.3138 -0.4717 -0.8117
-0.3023 -0.4444 -0.8125
-0.3023 -0.4444 -0.8125
-0.2521 -0.4260 -0.8245
-0.1738 -0.4087 -0.7921
-0.1036 -0.3916 -0.7318
-0.0430 -0.4141 -0.6619
0.0007 -0.4297 -0.5907
0.0007 -0.4297 -0.5907
0.0392 -0.4424 -0.5739
0.0803 -0.4758 -0.5993
0.1155 -0.5085 -0.6634
0.1292 -0.5280 -0.7520
0.1292 -0.5280 -0.7520
0.0806 -0.5887 -0.9039
0.0806 -0.5887 -0.9039
0.1076 -0.6690 -1.0605
0.1436 -0.6969 -1.1570
0.1436 -0.6969 -1.1570
0.1462 -0.6712 -1.3046
0.1031 -0.6118 -1.4013
0.0465 -0.5004 -1.3429
0.0508 -0.4388 -1.1624
0.1267 -0.4671 -0.9559
0.1267 -0.4671 -0.9559
0.2197 -0.5268 -0.7932
0.2697 -0.5696 -0.7477
0.2705 -0.5613 -0.8053
0.2283 -0.4968 -0.9162
0.1694 -0.4179 -1.0263
0.1694 -0.4179 -1.0263
0.1263 -0.3456 -1.0756
0.0649 -0.2856 -1.0674
-0.0295 -0.2832 -0.9534
-0.1154 -0.3272 -0.8489
-0.1154 -0.3272 -0.8489
-0.2154 -0.3711 -0.7168
-0.3157 -0.4294 -0.6279
-0.3773 -0.4718 -0.5187
-0.3843 -0.5081 -0.4357
-0.3377 -0.5664 -0.4108
-0.3377 -0.5664 -0.4108
-0.2846 -0.5847 -0.4084
-0.2327 -0.5958 -0.4385
-0.1915 -0.6233 -0.4741
-0.1682 -0.6303 -0.5412
-0.1497 -0.6402 -0.5994
-0.1497 -0.6402 -0.5994
-0.1114 -0.6632 -0.6724
-0.0742 -0.6759 -0.7221
-0.0670 -0.6540 -0.7899
-0.0810 -0.6456 -0.8902
-0.1168 -0.6574 -0.9722
-0.1168 -0.6574 -0.9722
-0.1871 -0.6321 -1.0521
-0.2587 -0.5934 -1.1857
-0.3456 -0.5380 -1.2644
-0.4600 -0.4329 -1.2954
-0.5267 -0.3487 -1.2341
-0.5267 -0.3487 -1.2341
-0.5168 -0.3240 -1.0465
-0.4769 -0.3880 -0.8499
-0.4242 -0.4634 -0.6890
-0.3846 -0.5220 -0.6263
-0.3846 -0.5220 -0.6263
-0.3172 -0.5140 -0.6728
-0.2285 -0.4125 -0.6941
-0.1241 -0.3244 -0.7209
-0.0197 -0.3314 -0.7083
0.0524 -0.3593 -0.6549
0.0524 -0.3593 -0.6549
0.1110 -0.4022 -0.6117
0.1714 -0.4538 -0.5711
0.2054 -0.4914 -0.5699
0.2331 -0.5337 -0.5687
0.2622 -0.5715 -0.6066
0.2622 -0.5715 -0.6066
0.2985 -0.6013 -0.6758
0.3276 -0.6029 -0.7537
0.3343 -0.5998 -0.8427
0.2993 -0.6063 -0.9324
0.2356 -0.6052 -0.9997
0.2356 -0.6052 -0.9997
0.1785 -0.6179 -1.0090
0.1360 -0.6655 -1.0009
0.1204 -0.7281 -0.9886
0.1179 -0.7822 -0.9892
0.1408 -0.8349 -1.0544
0.1408 -0.8349 -1.0544
0.1615 -0.8029 -1.1479
0.1778 -0.6898 -1.2223
0.1992 -0.5226 -1.2089
0.2408 -0.4000 -1.0416
0.2408 -0.4000 -1.0416
0.2930 -0.3766 -0.8030
0.3760 -0.4526 -0.6329
0.4485 -0.5313 -0.5266
0.4384 -0.5560 -0.5961
0.3627 -0.5282 -0.8210
0.3627 -0.5282 -0.8210
0.2980 -0.4568 -1.0047
0.2205 -0.3419 -1.0978
0.1084 -0.2643 -0.9899
0.0179 -0.2846 -0.8852
-0.0609 -0.3660 -0.8287
-0.0609 -0.3660 -0.8287
-0.1234 -0.4094 -0.7361
-0.1597 -0.4314 -0.6385
-0.1714 -0.4666 -0.5646
-0.1942 -0.5244 -0.5571
-0.2056 -0.5680 -0.5446
-0.2056 -0.5680 -0.5446
-0.1996 -0.5653 -0.5463
-0.1727 -0.5344 -0.5580
-0.1512 -0.5002 -0.5741
-0.1151 -0.4998 -0.6047
-0.0804 -0.5225 -0.6438
-0.0804 -0.5225 -0.6438
-0.0588 -0.5375 -0.6859
-0.0667 -0.5503 -0.8360
-0.1032 -0.5834 -0.9530
-0.1336 -0.5849 -1.0760
-0.1336 -0.5849 -1.0760
-0.1335 -0.5590 -1.2711
-0.1582 -0.3100 -1.3917
-0.1445 -0.3208 -1.2013
-0.1273 -0.4688 -1.0177
-0.1273 -0.4688 -1.0177
-0.1421 -0.5598 -0.9249
-0.2204 -0.5907 -0.8976
-0.2508 -0.5647 -0.9256
-0.1969 -0.4359 -0.8808
-0.1027 -0.3554 -0.7318
-0.1027 -0.3554 -0.7318
-0.0254 -0.4047 -0.6242
0.0500 -0.4619 -0.5427
0.1012 -0.4783 -0.4873
0.1401 -0.5074 -0.4192
0.1485 -0.5519 -0.4326
0.1485 -0.5519 -0.4326
0.1545 -0.6027 -0.5010
0.1740 -0.6286 -0.5879
0.2039 -0.6064 -0.6711
0.2495 -0.5901 -0.7676
0.2842 -0.5731 -0.8685
0.2842 -0.5731 -0.8685
0.2921 -0.5644 -0.9514
0.2663 -0.5570 -0.9985
0.2090 -0.5897 -1.0435
0.1438 -0.6306 -1.0569
0.1438 -0.6306 -1.0569
0.0913 -0.6748 -1.0640
0.0692 -0.7212 -1.0689
0.0391 -0.7163 -1.1065
0.0176 -0.7072 -1.1150
0.0069 -0.6348 -1.0969
0.0069 -0.6348 -1.0969
0.0036 -0.5379 -1.0206
0.0143 -0.4687 -0.8453
0.0681 -0.4711 -0.6627
0.1672 -0.5560 -0.5075
0.2541 -0.6370 -0.4329
0.2541 -0.6370 -0.4329
0.2948 -0.6543 -0.4900
0.3161 -0.6172 -0.6629
0.3532 -0.5363 -0.8540
0.3654 -0.4463 -0.9504
0.3303 -0.3758 -0.9268
0.3303 -0.3758 -0.9268
0.2644 -0.3352 -0.8495
0.1835 -0.3270 -0.8093
0.0940 -0.3756 -0.7772
0.0283 -0.4345 -0.7208
0.0283 -0.4345 -0.7208
-0.0163 -0.4648 -0.6989
-0.0413 -0.5211 -0.6796
-0.0579 -0.5527 -0.6997
-0.0649 -0.5588 -0.7309
-0.0713 -0.5443 -0.7305
-0.0713 -0.5443 -0.7305
-0.0524 -0.5376 -0.7713
-0.0206 -0.5322 -0.7785
-0.0080 -0.5229 -0.8363
-0.0046 -0.5270 -0.8958
-0.0058 -0.5371 -1.0197
-0.0058 -0.5371 -1.0197
-0.0206 -0.5898 -1.0754
-0.0360 -0.6298 -1.1438
-0.0517 -0.5685 -1.2277
-0.0911 -0.4020 -1.2954
-0.0990 -0.2953 -1.1915
-0.0990 -0.2953 -1.1915
-0.0922 -0.2693 -0.9238
-0.0732 -0.3736 -0.7234
-0.0443 -0.5129 -0.5719
-0.0272 -0.6016 -0.5033
-0.0265 -0.6606 -0.5773
-0.0265 -0.6606 -0.5773
0.0381 -0.5871 -0.7011
0.1355 -0.4588 -0.8124
0.2175 -0.4335 -0.7271
0.2689 -0.4797 -0.6628
0.2689 -0.4797 -0.6628
0.2909 -0.5135 -0.5861
0.3202 -0.5790 -0.5569
0.3523 -0.6194 -0.5167
0.3470 -0.6480 -0.5480
0.3235 -0.6853 -0.6271
0.3235 -0.6853 -0.6271
0.2957 -0.6943 -0.7256
0.2797 -0.6730 -0.8339
0.2464 -0.6373 -0.9203
0.2092 -0.5966 -0.9673
0.1691 -0.5557 -0.9710
0.1691 -0.5557 -0.9710
0.1183 -0.5526 -0.9415
0.0997 -0.5990 -0.9458
0.1231 -0.6161 -0.9542
0.1305 -0.5832 -0.9856
0.1629 -0.5752 -1.0136
0.1629 -0.5752 -1.0136
0.2042 -0.5219 -1.0413
0.2186 -0.4958 -0.9746
0.2086 -0.5070 -0.8958
0.1557 -0.4607 -0.8685
0.1053 -0.3979 -0.8120
0.1053 -0.3979 -0.8120
0.1180 -0.3582 -0.7851
0.1630 -0.3481 -0.7135
0.2081 -0.3856 -0.6153
0.2529 -0.4955 -0.5468
0.2529 -0.4955 -0.5468
0.2906 -0.5727 -0.5649
0.2923 -0.5996 -0.7386
0.3128 -0.5535 -0.9930
0.3614 -0.4341 -1.1330
0.3237 -0.3227 -1.1221
0.3237 -0.3227 -1.1221
0.2454 -0.2808 -0.9804
0.1939 -0.3022 -0.8778
0.1760 -0.3306 -0.7827
0.2046 -0.3566 -0.7302
0.2361 -0.3739 -0.7335
0.2361 -0.3739 -0.7335
0.2509 -0.3809 -0.7979
0.2472 -0.3738 -0.8604
0.2477 -0.3198 -0.9173
0.3074 -0.2698 -0.9305
0.3066 -0.3180 -0.9909
0.3066 -0.3180 -0.9909
0.2403 -0.1629 -1.1281
0.2460 -0.1050 -1.1103
0.1295 -0.2349 -0.9790
0.1576 -0.2150 -1.0836
0.0953 -0.2546 -0.9533
0.0953 -0.2546 -0.9533
0.0241 -0.2987 -0.9140
0.0071 -0.3467 -0.9011
-0.0024 -0.3800 -0.9441
-0.0024 -0.3800 -0.9441
-0.0309 -0.3632 -0.9785
-0.0401 -0.3539 -1.0330
0.0071 -0.3400 -1.0402
0.0771 -0.3261 -1.0109
0.1143 -0.3231 -0.9554
0.1143 -0.3231 -0.9554
0.1057 -0.3114 -0.8755
0.0872 -0.3061 -0.8087
0.0960 -0.2983 -0.8061
0.1168 -0.2818 -0.8558
0.1422 -0.2636 -0.8926
0.1422 -0.2636 -0.8926
0.1372 -0.2444 -0.9196
0.1200 -0.2374 -0.9366
0.0986 -0.2313 -0.9773
0.0883 -0.2187 -1.0246
0.0678 -0.2125 -1.0328
0.0678 -0.2125 -1.0328
0.0473 -0.2202 -1.0311
0.0404 -0.2213 -1.0044
0.0459 -0.2198 -1.0046
0.0450 -0.2241 -1.0099
0.0450 -0.2241 -1.0099
0.0324 -0.2303 -1.0358
0.0168 -0.2323 -1.0598
-0.0018 -0.2454 -1.0431
-0.0023 -0.2585 -0.9773
0.0039 -0.2845 -0.9071
0.0039 -0.2845 -0.9071
0.0269 -0.3087 -0.8533
0.0525 -0.3331 -0.8519
0.0910 -0.3438 -0.8625
0.1459 -0.3444 -0.8896
0.1698 -0.3449 -0.8826
0.1698 -0.3449 -0.8826
0.1810 -0.3474 -0.8908
0.1857 -0.3521 -0.9138
0.2036 -0.3470 -0.9432
0.2070 -0.3445 -0.9566
0.2083 -0.3483 -0.9608
0.2083 -0.3483 -0.9608
0.2126 -0.3546 -0.9644
0.2337 -0.3651 -0.9410
0.2616 -0.3801 -0.9409
0.3028 -0.3964 -0.9422
0.3593 -0.4197 -0.9798
0.3593 -0.4197 -0.9798
0.3898 -0.4534 -1.0137
0.3932 -0.4869 -1.0312
0.3787 -0.5283 -1.0668
0.3561 -0.5448 -1.0565
0.3561 -0.5448 -1.0565
0.3349 -0.5841 -1.0652
0.3001 -0.5839 -1.1154
0.2292 -0.5781 -1.1352
0.1252 -0.5362 -1.0834
0.0443 -0.5505 -1.0323
0.0443 -0.5505 -1.0323
-0.0244 -0.5144 -0.9459
-0.0635 -0.4962 -0.8522
-0.1066 -0.5278 -0.7996
-0.1287 -0.4742 -0.8581
-0.1419 -0.3587 -0.8183
-0.1419 -0.3587 -0.8183
-0.1667 -0.3156 -0.7363
-0.1538 -0.3485 -0.6699
-0.1273 -0.4101 -0.5891
-0.0983 -0.4463 -0.6085
-0.0884 -0.4579 -0.6223
-0.0884 -0.4579 -0.6223
-0.0919 -0.4628 -0.6862
-0.0760 -0.4916 -0.7306
-0.0700 -0.4694 -0.7017
-0.0714 -0.4923 -0.6853
-0.0918 -0.5551 -0.6685
-0.0918 -0.5551 -0.6685
-0.1152 -0.5505 -0.6372
-0.0885 -0.5853 -0.6623
-0.0544 -0.5978 -0.6783
-0.0412 -0.6211 -0.6900
-0.0412 -0.6211 -0.6900
-0.0623 -0.6443 -0.6887
-0.2653 -0.7165 -0.7753
-0.1393 -0.6815 -0.8197
0.0054 -0.6457 -0.7603
0.0126 -0.6505 -0.7457
0.0126 -0.6505 -0.7457
-0.0386 -0.6541 -0.7443
-0.0435 -0.6703 -0.7511
-0.0037 -0.6510 -0.7489
-0.0020 -0.6561 -0.7306
-0.0078 -0.6579 -0.7561
-0.0078 -0.6579 -0.7561
0.0042 -0.6678 -0.7393
0.0134 -0.6614 -0.7345
0.0185 -0.6375 -0.7562
0.0145 -0.6302 -0.7421
0.0080 -0.6398 -0.7596
0.0080 -0.6398 -0.7596
0.0038 -0.6410 -0.7483
-0.0121 -0.6329 -0.7189
-0.0183 -0.6303 -0.6821
0.0099 -0.6556 -0.6869
0.0099 -0.6556 -0.6869
0.0033 -0.6544 -0.7496
-0.0177 -0.6318 -0.7725
-0.0131 -0.6360 -0.7549
-0.0002 -0.6515 -0.7468
-0.0101 -0.6490 -0.7302
-0.0101 -0.6490 -0.7302
-0.0060 -0.6533 -0.7355
0.0122 -0.6489 -0.7484
0.0175 -0.6320 -0.7556
0.0088 -0.6496 -0.7572
0.0123 -0.6622 -0.7412
0.0123 -0.6622 -0.7412
0.0208 -0.6482 -0.7443
0.0221 -0.6472 -0.7381
0.0114 -0.6604 -0.7164
0.0218 -0.6726 -0.7317
0.0210 -0.6508 -0.7263
0.0210 -0.6508 -0.7263
0.0134 -0.6449 -0.7060
0.0040 -0.6642 -0.7039
0.0099 -0.6641 -0.7245
0.0092 -0.6615 -0.7319
0.0126 -0.6610 -0.7309
0.0126 -0.6610 -0.7309
0.0082 -0.6794 -0.7209
0.0120 -0.6662 -0.7333
0.0117 -0.6640 -0.7196
0.0177 -0.6777 -0.7292
0.0177 -0.6777 -0.7292
0.0089 -0.6726 -0.7352
0.0030 -0.6695 -0.7352
0.0040 -0.6755 -0.7111
0.0091 -0.6741 -0.6975
0.0115 -0.6775 -0.7184
0.0115 -0.6775 -0.7184
0.0135 -0.6726 -0.7210
0.0125 -0.6748 -0.7164
0.0096 -0.6718 -0.7078
0.0128 -0.6744 -0.7077
0.0061 -0.6752 -0.7107
0.0061 -0.6752 -0.7107
0.0102 -0.6766 -0.7099
0.0207 -0.6799 -0.7047
0.0159 -0.6943 -0.7064
0.0178 -0.6827 -0.7211
0.0172 -0.6742 -0.7253
0.0172 -0.6742 -0.7253
0.0047 -0.6839 -0.7146
0.0080 -0.6906 -0.7084
0.0177 -0.6906 -0.7203
0.0146 -0.6848 -0.7309
0.0095 -0.6990 -0.7208
0.0095 -0.6990 -0.7208
0.0100 -0.6963 -0.7155
0.0130 -0.6900 -0.7096
0.0076 -0.6917 -0.6977
0.0080 -0.7014 -0.6874
0.0080 -0.7014 -0.6874
0.0184 -0.6974 -0.6930
0.0185 -0.6962 -0.7023
0.0180 -0.6962 -0.6927
0.0159 -0.6899 -0.6876
0.0203 -0.6949 -0.7015
0.0203 -0.6949 -0.7015
0.0196 -0.6935 -0.7131
0.0076 -0.6937 -0.6989
0.0091 -0.6968 -0.6701
0.0124 -0.7058 -0.6812
0.0163 -0.7117 -0.6887
0.0163 -0.7117 -0.6887
0.0232 -0.7095 -0.6876
0.0167 -0.7009 -0.6814
0.0052 -0.7010 -0.6826
0.0004 -0.7082 -0.6876
0.0096 -0.7018 -0.6900
0.0096 -0.7018 -0.6900
0.0154 -0.6942 -0.6866
0.0127 -0.7068 -0.6809
0.0128 -0.7077 -0.6794
0.0208 -0.7099 -0.6785
0.0208 -0.7099 -0.6785
0.0046 -0.6985 -0.6690
-0.0011 -0.7085 -0.6689
0.0028 -0.7014 -0.6612
0.0081 -0.7102 -0.6705
0.0023 -0.7121 -0.6775
0.0023 -0.7121 -0.6775
0.0179 -0.7017 -0.6874
0.0141 -0.7020 -0.6970
0.0006 -0.7049 -0.6929
0.0113 -0.7173 -0.6936
0.0144 -0.7232 -0.6885
0.0144 -0.7232 -0.6885
0.0056 -0.7167 -0.6857
0.0083 -0.7132 -0.6832
0.0117 -0.7209 -0.6875
0.0184 -0.7129 -0.6841
0.0203 -0.7076 -0.6803
0.0203 -0.7076 -0.6803
0.0195 -0.7088 -0.6768
0.0177 -0.7036 -0.6697
0.0185 -0.7057 -0.6819
0.0213 -0.7049 -0.6531
0.0131 -0.7179 -0.6696
0.0131 -0.7179 -0.6696
0.0047 -0.7206 -0.6960
0.0073 -0.7122 -0.7045
0.0197 -0.7174 -0.6996
0.0259 -0.7018 -0.6796
0.0259 -0.7018 -0.6796
0.0122 -0.7059 -0.6702
0.0096 -0.7189 -0.6743
0.0188 -0.7200 -0.6737
0.0208 -0.7120 -0.6744
0.0200 -0.7152 -0.6753
0.0200 -0.7152 -0.6753
0.0101 -0.7036 -0.6625
0.0039 -0.7120 -0.6720
0.0123 -0.7099 -0.6758
0.0139 -0.7059 -0.6753
0.0089 -0.7075 -0.6738
0.0089 -0.7075 -0.6738
0.0081 -0.7029 -0.6776
0.0051 -0.7032 -0.6777
0.0124 -0.7031 -0.6842
0.0173 -0.7108 -0.6896
0.0151 -0.7061 -0.6852
0.0151 -0.7061 -0.6852
0.0172 -0.7167 -0.6848
0.0166 -0.7078 -0.6862
0.0166 -0.7051 -0.6919
0.0228 -0.7067 -0.7043
0.0229 -0.7041 -0.7057
0.0229 -0.7041 -0.7057
0.0222 -0.7038 -0.7024
0.0201 -0.7114 -0.6998
0.0212 -0.7074 -0.6908
0.0209 -0.7038 -0.6958
0.0209 -0.7038 -0.6958
0.0259 -0.7054 -0.6927
0.0258 -0.7083 -0.6914
0.0318 -0.7005 -0.6954
0.0291 -0.7000 -0.6939
0.0208 -0.6991 -0.6857
0.0208 -0.6991 -0.6857
0.0250 -0.7055 -0.6972
0.0268 -0.7054 -0.6875
0.0290 -0.7043 -0.6826
0.0265 -0.7052 -0.6863
0.0276 -0.7077 -0.6938
0.0276 -0.7077 -0.6938
0.0296 -0.7038 -0.6952
0.0232 -0.7020 -0.6886
0.0305 -0.7083 -0.6879
0.0249 -0.6910 -0.5948
0.0571 -0.7045 -0.7494
0.0571 -0.7045 -0.7494
0.0261 -0.7509 -0.7868
0.0149 -0.6849 -0.7434
0.0362 -0.6650 -0.6648

