0.0000 0.0000 0.0000
0.0000 0.0000 0.0000
0.0000 0.0000 0.0000
0.0000 0.0000 0.0000
0.0000 0.0000 0.0000
0.0000 0.0000 0.0000
0.0000 0.0000 0.0000
0.0000 0.0000 0.0000
0.0000 0.0000 0.0000
0.0000 0.0000 0.0000
0.0000 0.0000 0.0000
0.0000 0.0000 0.0000
0.0450 -0.4388 -0.8679
0.0417 -0.4152 -0.8911
0.0524 -0.3533 -0.9816
0.0574 -0.3027 -1.0129
0.0458 -0.2651 -0.9705
0.0286 -0.2380 -0.9588
0.0084 -0.2421 -0.9176
-0.0004 -0.2313 -0.9023
0.0026 -0.2704 -0.9158
-0.0145 -0.2825 -0.8785
-0.0270 -0.2870 -0.8298
-0.0270 -0.2870 -0.8298
-0.0570 -0.3409 -0.8313
-0.0748 -0.3873 -0.8234
-0.0844 -0.3964 -0.8286
-0.0948 -0.4034 -0.8680
-0.0948 -0.4034 -0.8680
-0.0848 -0.4211 -0.9242
-0.0779 -0.4331 -0.9760
-0.0697 -0.4368 -1.0075
-0.0603 -0.4345 -0.9982
-0.0237 -0.4475 -0.9921
-0.0237 -0.4475 -0.9921
0.0356 -0.4573 -0.9724
0.1523 -0.4862 -0.9569
0.2298 -0.5911 -0.9402
0.2338 -0.6651 -0.8896
0.1903 -0.6324 -0.8241
0.1903 -0.6324 -0.8241
0.1204 -0.5363 -0.7831
0.0509 -0.4494 -0.7756
-0.0145 -0.4150 -0.8162
-0.0799 -0.3927 -0.8569
-0.1298 -0.3724 -0.8801
-0.1298 -0.3724 -0.8801
-0.1702 -0.3689 -0.9130
-0.2008 -0.3744 -0.9612
-0.2222 -0.3680 -0.9795
-0.2415 -0.3680 -0.9827
-0.2415 -0.3680 -0.9827
-0.2565 -0.3525 -0.9713
-0.2619 -0.3325 -0.9408
-0.2670 -0.3778 -0.9140
-0.2740 -0.4285 -0.8800
-0.2685 -0.4426 -0.8438
-0.2685 -0.4426 -0.8438
-0.2560 -0.4401 -0.8401
-0.2191 -0.4362 -0.8836
-0.1819 -0.4449 -0.9602
-0.1736 -0.4568 -1.0065
-0.1755 -0.4551 -0.9526
-0.1755 -0.4551 -0.9526
-0.1557 -0.4355 -0.9116
-0.1375 -0.3883 -0.9301
-0.1269 -0.3311 -0.9492
-0.1287 -0.3013 -0.8927
-0.1083 -0.3037 -0.7995
-0.1083 -0.3037 -0.7995
-0.0572 -0.3446 -0.7193
0.0360 -0.3994 -0.7356
0.1297 -0.4417 -0.8421
0.1563 -0.4530 -0.9308
0.1293 -0.4197 -0.9226
0.1293 -0.4197 -0.9226
0.0869 -0.4079 -0.8301
0.0443 -0.4237 -0.7553
0.0262 -0.4290 -0.7770
0.0027 -0.4023 -0.8415
0.0027 -0.4023 -0.8415
-0.0143 -0.3701 -0.8963
-0.0472 -0.3703 -0.9110
-0.0683 -0.4034 -0.8693
-0.0840 -0.4536 -0.8133
-0.0710 -0.5068 -0.8054
-0.0710 -0.5068 -0.8054
-0.0457 -0.5307 -0.8534
-0.0443 -0.5159 -0.8975
-0.0429 -0.4678 -0.9240
-0.0328 -0.4243 -0.9382
-0.0044 -0.4206 -0.9360
-0.0044 -0.4206 -0.9360
0.0503 -0.4623 -0.9446
0.0862 -0.5089 -0.9904
0.1101 -0.4905 -1.0215
0.0882 -0.4594 -0.9986
0.0686 -0.4654 -0.9323
0.0686 -0.4654 -0.9323
0.0432 -0.5214 -0.8619
0.0036 -0.5581 -0.8061
-0.0347 -0.5293 -0.8025
-0.0633 -0.4686 -0.8420
-0.0818 -0.4614 -0.8594
-0.0818 -0.4614 -0.8594
-0.0802 -0.5083 -0.8443
-0.0845 -0.5534 -0.8553
-0.1087 -0.5557 -0.8684
-0.1440 -0.5453 -0.9157
-0.1440 -0.5453 -0.9157
-0.1663 -0.5129 -0.9725
-0.1981 -0.4990 -0.9805
-0.2147 -0.5070 -0.9618
-0.2169 -0.4833 -0.9818
-0.2098 -0.4329 -1.0272
-0.2098 -0.4329 -1.0272
-0.1640 -0.4120 -1.0182
-0.1548 -0.4675 -0.9276
-0.1300 -0.5030 -0.8303
-0.0836 -0.5223 -0.7458
-0.0773 -0.5573 -0.7244
-0.0773 -0.5573 -0.7244
-0.0841 -0.5316 -0.7714
-0.1031 -0.5181 -0.7832
-0.1275 -0.5543 -0.6923
-0.1615 -0.5886 -0.5992
-0.1314 -0.6152 -0.6163
-0.1314 -0.6152 -0.6163
-0.0429 -0.6144 -0.8114
0.1793 -0.5889 -1.3243
0.3866 -1.0570 -1.0849
0.2946 -0.8510 -0.6658
0.1432 -0.3865 -0.7491
0.1432 -0.3865 -0.7491
0.0679 -0.2980 -0.7570
0.0381 -0.4784 -0.6881
0.0493 -0.5724 -0.7634
0.0599 -0.6212 -0.7172
0.0599 -0.6212 -0.7172
0.0432 -0.6074 -0.6940
0.0112 -0.5520 -0.7671
0.0175 -0.5525 -0.7582
0.0263 -0.5919 -0.7745
0.0270 -0.6033 -0.7851
0.0270 -0.6033 -0.7851
0.0058 -0.6332 -0.7133
-0.0632 -0.6183 -0.6954
-0.2077 -0.4596 -0.8373
-0.1416 -0.5385 -0.6857
0.0285 -0.6671 -0.5900
0.0285 -0.6671 -0.5900
0.1035 -0.6184 -0.7079
0.1239 -0.5262 -0.7418
0.0438 -0.5305 -0.7684
0.0102 -0.6419 -0.7558
0.0300 -0.7069 -0.6567
0.0300 -0.7069 -0.6567
0.0489 -0.6859 -0.6241
0.0441 -0.6633 -0.6404
0.0196 -0.6444 -0.6903
0.0076 -0.6382 -0.7354
0.0076 -0.6382 -0.7354
0.0123 -0.6489 -0.7378
0.0121 -0.6662 -0.7249
0.0171 -0.6526 -0.7289
0.0084 -0.6528 -0.7106
-0.0041 -0.6509 -0.6925
-0.0041 -0.6509 -0.6925
0.0027 -0.6685 -0.6906
0.0096 -0.6519 -0.7042
0.0070 -0.6312 -0.7237
-0.0037 -0.6553 -0.7475
-0.0019 -0.6906 -0.7376
-0.0019 -0.6906 -0.7376
-0.0084 -0.6733 -0.7013
-0.0040 -0.6746 -0.7043
-0.0137 -0.6952 -0.7014
-0.0257 -0.7010 -0.7175
-0.0364 -0.6977 -0.7040
-0.0364 -0.6977 -0.7040
-0.0382 -0.6864 -0.7076
-0.0382 -0.6770 -0.7223
-0.0301 -0.6784 -0.7185
-0.0116 -0.6679 -0.7272
0.0090 -0.6776 -0.7029
0.0090 -0.6776 -0.7029
-0.0054 -0.6956 -0.6741
-0.0295 -0.7159 -0.6914
-0.0286 -0.6777 -0.7795
-0.0166 -0.7098 -0.6700
-0.0166 -0.7098 -0.6700
-0.0244 -0.7203 -0.7099
-0.0299 -0.7185 -0.6979
-0.0374 -0.7202 -0.7168
-0.0333 -0.7207 -0.7228
-0.0213 -0.6974 -0.7328
-0.0213 -0.6974 -0.7328
-0.0290 -0.6696 -0.7431
-0.0259 -0.6715 -0.7497
-0.0228 -0.6773 -0.7416
-0.0183 -0.6719 -0.6954
0.0069 -0.6581 -0.6878
0.0069 -0.6581 -0.6878
0.0381 -0.6626 -0.7385
0.0347 -0.6495 -0.7170
0.0476 -0.6496 -0.7205
0.0512 -0.6495 -0.7311
0.0546 -0.6413 -0.7533
0.0546 -0.6413 -0.7533
0.0506 -0.6675 -0.7234
0.0253 -0.6776 -0.6896
0.0152 -0.6717 -0.6884
0.0150 -0.6602 -0.7085
0.0150 -0.6602 -0.7085
0.0116 -0.6709 -0.7126
0.0091 -0.6530 -0.7100
0.0089 -0.6398 -0.7168
0.0295 -0.6407 -0.7422
0.0374 -0.6477 -0.7769
0.0374 -0.6477 -0.7769
0.0470 -0.6672 -0.7575
0.0204 -0.6629 -0.7283
0.0042 -0.6669 -0.7133
0.0148 -0.6721 -0.7422
0.0202 -0.6746 -0.7618
0.0202 -0.6746 -0.7618
0.0192 -0.6648 -0.7460
0.0155 -0.6423 -0.7402
0.0294 -0.6463 -0.7430
0.0269 -0.6682 -0.7320
0.0373 -0.6563 -0.7184
0.0373 -0.6563 -0.7184
0.0309 -0.6556 -0.7094
0.0206 -0.6563 -0.7201
0.0295 -0.6569 -0.7430
0.0384 -0.6652 -0.7334
0.0367 -0.6797 -0.6884
0.0367 -0.6797 -0.6884
0.0247 -0.6850 -0.7131
0.0278 -0.6807 -0.7480
0.0414 -0.6738 -0.7600
0.0333 -0.6776 -0.7099
0.0333 -0.6776 -0.7099
0.0308 -0.6726 -0.7077
0.0316 -0.6873 -0.7195
0.0362 -0.6844 -0.7253
0.0380 -0.6787 -0.7289
0.0354 -0.6789 -0.7283
0.0354 -0.6789 -0.7283
0.0269 -0.6714 -0.7189
0.0274 -0.6781 -0.7224
0.0325 -0.6806 -0.7077
0.0329 -0.6700 -0.7041
0.0350 -0.6723 -0.7100
0.0350 -0.6723 -0.7100
0.0274 -0.6875 -0.7025
0.0226 -0.6858 -0.6979
0.0212 -0.6775 -0.6864
0.0225 -0.6871 -0.7007
0.0305 -0.6945 -0.7001
0.0305 -0.6945 -0.7001
0.0221 -0.6922 -0.6781
0.0249 -0.6957 -0.6836
0.0289 -0.7007 -0.6907
0.0331 -0.6936 -0.7010
0.0308 -0.7009 -0.7045
0.0308 -0.7009 -0.7045
0.0257 -0.7027 -0.7058
0.0325 -0.7012 -0.7013
0.0452 -0.6964 -0.7150
0.0383 -0.6963 -0.7028
0.0383 -0.6963 -0.7028
0.0145 -0.6846 -0.6926
0.0175 -0.7034 -0.6937
0.0335 -0.6940 -0.6855
0.0241 -0.6927 -0.6785
0.0175 -0.7023 -0.6843
0.0175 -0.7023 -0.6843
0.0214 -0.6943 -0.6921
0.0252 -0.6988 -0.6949
0.0278 -0.6983 -0.6916
0.0301 -0.6978 -0.6864
0.0292 -0.7015 -0.7015
0.0292 -0.7015 -0.7015
0.0340 -0.7034 -0.7068
0.0278 -0.6945 -0.7032
0.0383 -0.7062 -0.6910
0.0456 -0.7101 -0.6981
0.0323 -0.7018 -0.7009
0.0323 -0.7018 -0.7009
0.0328 -0.6961 -0.6993
0.0375 -0.6951 -0.6949
0.0243 -0.6966 -0.6841
0.0238 -0.7094 -0.6841
0.0369 -0.7036 -0.6800
0.0369 -0.7036 -0.6800
0.0328 -0.6959 -0.6845
0.0281 -0.7115 -0.7083
0.0300 -0.7013 -0.6947
0.0264 -0.7032 -0.7068
0.0264 -0.7032 -0.7068
0.0253 -0.7069 -0.7063

