-0.0325 0.1324 0.1492
-0.0360 0.1331 0.1468
-0.0367 0.1333 0.1461
-0.0366 0.1334 0.1459
-0.0362 0.1335 0.1458
-0.0358 0.1335 0.1459
-0.0353 0.1335 0.1459
-0.0368 0.1358 0.1431
-0.0370 0.1366 0.1422
-0.0367 0.1369 0.1420
-0.0364 0.1371 0.1419
-0.0360 0.1372 0.1418
-0.0356 0.1373 0.1418
-0.0368 0.1385 0.1401
-0.0371 0.1388 0.1395
-0.0370 0.1389 0.1394
-0.0368 0.1389 0.1393
-0.0366 0.1388 0.1392
-0.0363 0.1388 0.1391
-0.0380 0.1390 0.1383
-0.0384 0.1389 0.1381
-0.0385 0.1388 0.1380
-0.0385 0.1386 0.1380
-0.0384 0.1385 0.1379
-0.0382 0.1384 0.1379
-0.0406 0.1391 0.1369
-0.0413 0.1393 0.1366
-0.0414 0.1393 0.1365
-0.0414 0.1393 0.1365
-0.0413 0.1394 0.1365
-0.0412 0.1394 0.1365
-0.0423 0.1401 0.1350
-0.0426 0.1403 0.1346
-0.0427 0.1403 0.1344
-0.0428 0.1402 0.1344
-0.0428 0.1401 0.1343
-0.0427 0.1400 0.1343
-0.0432 0.1407 0.1333
-0.0433 0.1408 0.1330
-0.0432 0.1408 0.1329
-0.0431 0.1407 0.1329
-0.0429 0.1407 0.1330
-0.0427 0.1407 0.1330
-0.0434 0.1413 0.1325
-0.0435 0.1415 0.1324
-0.0433 0.1416 0.1323
-0.0430 0.1416 0.1323
-0.0427 0.1417 0.1323
-0.0424 0.1417 0.1323
-0.0424 0.1422 0.1318
-0.0422 0.1424 0.1316
-0.0420 0.1425 0.1315
-0.0418 0.1425 0.1314
-0.0416 0.1425 0.1313
-0.0416 0.1425 0.1313
-0.0419 0.1424 0.1313
-0.0419 0.1424 0.1312
-0.0416 0.1424 0.1311
-0.0414 0.1424 0.1311
-0.0411 0.1423 0.1310
-0.0408 0.1423 0.1309
-0.0412 0.1419 0.1314
-0.0411 0.1417 0.1315
-0.0408 0.1416 0.1315
-0.0405 0.1416 0.1315
-0.0401 0.1415 0.1314
-0.0398 0.1415 0.1314
-0.0394 0.1415 0.1313
-0.0403 0.1416 0.1319
-0.0403 0.1417 0.1320
-0.0400 0.1418 0.1321
-0.0397 0.1419 0.1320
-0.0392 0.1420 0.1320
-0.0371 0.1424 0.1319
-0.0361 0.1426 0.1318
-0.0353 0.1428 0.1317
-0.0347 0.1429 0.1317
-0.0341 0.1431 0.1316
-0.0334 0.1431 0.1316
-0.0333 0.1427 0.1315
-0.0329 0.1426 0.1313
-0.0324 0.1426 0.1312
-0.0312 0.1428 0.1309
-0.0305 0.1429 0.1308
-0.0306 0.1427 0.1310
-0.0301 0.1427 0.1310
-0.0296 0.1427 0.1309
-0.0290 0.1427 0.1309
-0.0285 0.1427 0.1308
-0.0291 0.1426 0.1309
-0.0323 0.1426 0.1311
-0.0331 0.1425 0.1312
-0.0331 0.1424 0.1311
-0.0329 0.1422 0.1311
-0.0327 0.1420 0.1310
-0.0326 0.1417 0.1310
-0.0335 0.1415 0.1311
-0.0338 0.1412 0.1311
-0.0338 0.1408 0.1311
-0.0338 0.1405 0.1310
-0.0337 0.1402 0.1309
-0.0336 0.1398 0.1308
-0.0356 0.1400 0.1284
-0.0362 0.1399 0.1276
-0.0365 0.1395 0.1272
-0.0367 0.1392 0.1270
-0.0369 0.1387 0.1268
-0.0372 0.1383 0.1266
-0.0389 0.1380 0.1260
-0.0398 0.1376 0.1256
-0.0406 0.1371 0.1251
-0.0414 0.1365 0.1244
-0.0423 0.1359 0.1234
-0.0434 0.1351 0.1221
-0.0451 0.1345 0.1203
-0.0466 0.1337 0.1180
-0.0482 0.1328 0.1154
-0.0499 0.1316 0.1123
-0.0519 0.1302 0.1086
-0.0543 0.1285 0.1045
-0.0573 0.1265 0.0983
-0.0607 0.1242 0.0926
-0.0644 0.1218 0.0868
-0.0686 0.1191 0.0805
-0.0732 0.1164 0.0738
-0.0782 0.1135 0.0667
-0.0853 0.1095 0.0587
-0.0914 0.1063 0.0505
-0.0972 0.1034 0.0418
-0.1030 0.1009 0.0326
-0.1087 0.0985 0.0229
-0.1144 0.0964 0.0126
-0.1206 0.0949 0.0017
-0.1266 0.0931 -0.0095
-0.1326 0.0911 -0.0212
-0.1387 0.0891 -0.0333
-0.1448 0.0870 -0.0460
-0.1510 0.0849 -0.0591
-0.1593 0.0829 -0.0720
-0.1665 0.0806 -0.0856
-0.1735 0.0781 -0.0997
-0.1806 0.0754 -0.1141
-0.1879 0.0725 -0.1288
-0.1953 0.0694 -0.1438
-0.2041 0.0663 -0.1589
-0.2120 0.0632 -0.1743
-0.2195 0.0600 -0.1898
-0.2269 0.0569 -0.2053
-0.2341 0.0539 -0.2209
-0.2411 0.0511 -0.2364
-0.2476 0.0491 -0.2521
-0.2546 0.0469 -0.2675
-0.2617 0.0446 -0.2827
-0.2689 0.0424 -0.2978
-0.2758 0.0408 -0.3127
-0.2823 0.0403 -0.3274
-0.2908 0.0387 -0.3409
-0.2974 0.0386 -0.3547
-0.3032 0.0392 -0.3684
-0.3085 0.0402 -0.3819
-0.3137 0.0414 -0.3951
-0.3187 0.0426 -0.4081
-0.3249 0.0439 -0.4201
-0.3303 0.0448 -0.4328
-0.3356 0.0450 -0.4457
-0.3411 0.0447 -0.4585
-0.3468 0.0438 -0.4713
-0.3527 0.0424 -0.4842
-0.3588 0.0404 -0.4970
-0.3659 0.0381 -0.5101
-0.3728 0.0352 -0.5231
-0.3799 0.0320 -0.5362
-0.3872 0.0286 -0.5492
-0.3948 0.0250 -0.5620
-0.4044 0.0210 -0.5741
-0.4135 0.0171 -0.5863
-0.4226 0.0131 -0.5986
-0.4321 0.0092 -0.6107
-0.4418 0.0054 -0.6226
-0.4522 0.0017 -0.6338
-0.4634 -0.0018 -0.6442
-0.4742 -0.0052 -0.6552
-0.4852 -0.0085 -0.6663
-0.4965 -0.0117 -0.6774
-0.5080 -0.0147 -0.6886
-0.5197 -0.0174 -0.6998
-0.5336 -0.0199 -0.7044
-0.5464 -0.0220 -0.7135
-0.5589 -0.0236 -0.7238
-0.5714 -0.0245 -0.7345
-0.5837 -0.0246 -0.7452
-0.5961 -0.0241 -0.7560
-0.6115 -0.0234 -0.7647
-0.6248 -0.0219 -0.7747
-0.6374 -0.0199 -0.7851
-0.6495 -0.0174 -0.7955
-0.6612 -0.0147 -0.8059
-0.6723 -0.0121 -0.8164
-0.6870 -0.0098 -0.8274
-0.6986 -0.0081 -0.8392
-0.7089 -0.0071 -0.8521
-0.7186 -0.0069 -0.8660
-0.7277 -0.0071 -0.8807
-0.7364 -0.0076 -0.8957
-0.7498 -0.0085 -0.9118
-0.7590 -0.0084 -0.9270
-0.7662 -0.0074 -0.9414
-0.7723 -0.0056 -0.9554
-0.7776 -0.0033 -0.9691
-0.7826 -0.0010 -0.9826
-0.7876 0.0009 -0.9960
-0.7992 0.0014 -1.0124
-0.8070 0.0018 -1.0269
-0.8140 0.0019 -1.0410
-0.8210 0.0015 -1.0550
-0.8283 0.0006 -1.0691
-0.8406 -0.0010 -1.0858
-0.8507 -0.0030 -1.1011
-0.8604 -0.0053 -1.1160
-0.8704 -0.0079 -1.1308
-0.8807 -0.0106 -1.1454
-0.8930 -0.0132 -1.1607
-0.9080 -0.0155 -1.1769
-0.9205 -0.0175 -1.1913
-0.9324 -0.0188 -1.2047
-0.9444 -0.0194 -1.2174
-0.9568 -0.0193 -1.2295
-0.9699 -0.0185 -1.2409
-0.9863 -0.0218 -1.2536
-1.0022 -0.0215 -1.2642
-1.0188 -0.0194 -1.2731
-1.0359 -0.0161 -1.2800
-1.0534 -0.0118 -1.2849
-1.0710 -0.0072 -1.2882
-1.0889 -0.0026 -1.2903
-1.1107 -0.0010 -1.2969
-1.1310 0.0014 -1.2994
-1.1516 0.0034 -1.3001
-1.1727 0.0046 -1.2997
-1.1942 0.0050 -1.2981
-1.2195 0.0021 -1.3009
-1.2419 0.0000 -1.2995
-1.2630 -0.0025 -1.2968
-1.2835 -0.0057 -1.2938
-1.3034 -0.0098 -1.2912
-1.3232 -0.0147 -1.2893
-1.3454 -0.0220 -1.2916
-1.3656 -0.0287 -1.2923
-1.3850 -0.0353 -1.2928
-1.4038 -0.0418 -1.2936
-1.4221 -0.0481 -1.2950
-1.4398 -0.0541 -1.2971
-1.4570 -0.0596 -1.3000
-1.4766 -0.0657 -1.3087
-1.4935 -0.0706 -1.3154
-1.5093 -0.0746 -1.3223
-1.5245 -0.0778 -1.3303
-1.5392 -0.0802 -1.3394
-1.5566 -0.0798 -1.3546
-1.5716 -0.0793 -1.3672
-1.5854 -0.0777 -1.3788
-1.5983 -0.0747 -1.3901
-1.6103 -0.0703 -1.4009
-1.6223 -0.0649 -1.4123
-1.6352 -0.0591 -1.4249
-1.6470 -0.0539 -1.4360
-1.6589 -0.0494 -1.4469
-1.6714 -0.0458 -1.4583
-1.6846 -0.0430 -1.4705
-1.6983 -0.0408 -1.4832
-1.7139 -0.0388 -1.4985
-1.7282 -0.0372 -1.5124
-1.7416 -0.0356 -1.5258
-1.7543 -0.0340 -1.5390
-1.7662 -0.0324 -1.5520
-1.7775 -0.0310 -1.5651
-1.7884 -0.0299 -1.5781
-1.8004 -0.0282 -1.5929
-1.8118 -0.0279 -1.6064
-1.8234 -0.0284 -1.6196
-1.8353 -0.0297 -1.6325
-1.8477 -0.0315 -1.6454
-1.8656 -0.0325 -1.6572
-1.8804 -0.0346 -1.6695
-1.8944 -0.0373 -1.6819
-1.9080 -0.0403 -1.6942
-1.9216 -0.0435 -1.7064
-1.9352 -0.0468 -1.7185
-1.9539 -0.0498 -1.7265
-1.9694 -0.0527 -1.7367
-1.9838 -0.0551 -1.7474
-1.9978 -0.0570 -1.7578
-2.0117 -0.0583 -1.7678
-2.0259 -0.0590 -1.7773
-2.0403 -0.0598 -1.7840
-2.0548 -0.0594 -1.7912
-2.0691 -0.0581 -1.7975
-2.0831 -0.0562 -1.8028
-2.0968 -0.0541 -1.8076
-2.1104 -0.0519 -1.8122
-2.1244 -0.0495 -1.8160
-2.1393 -0.0477 -1.8201
-2.1553 -0.0462 -1.8238
-2.1724 -0.0450 -1.8267
-2.1899 -0.0439 -1.8287
-2.2083 -0.0433 -1.8305
-2.2277 -0.0433 -1.8331
-2.2454 -0.0435 -1.8349
-2.2624 -0.0443 -1.8367
-2.2793 -0.0459 -1.8392
-2.2961 -0.0484 -1.8423
-2.3131 -0.0517 -1.8462
-2.3331 -0.0551 -1.8540
-2.3512 -0.0594 -1.8605
-2.3685 -0.0643 -1.8668
-2.3854 -0.0694 -1.8734
-2.4016 -0.0742 -1.8805
-2.4171 -0.0786 -1.8882
-2.4329 -0.0829 -1.8993
-2.4472 -0.0862 -1.9093
-2.4609 -0.0887 -1.9193
-2.4744 -0.0905 -1.9297
-2.4878 -0.0916 -1.9404
-2.5014 -0.0920 -1.9512
-2.5152 -0.0914 -1.9620
-2.5292 -0.0898 -1.9746
-2.5432 -0.0875 -1.9861
-2.5569 -0.0845 -1.9972
-2.5702 -0.0812 -2.0083
-2.5828 -0.0778 -2.0195
-2.5957 -0.0736 -2.0329
-2.6074 -0.0707 -2.0462
-2.6184 -0.0686 -2.0605
-2.6291 -0.0674 -2.0761
-2.6396 -0.0668 -2.0929
-2.6499 -0.0666 -2.1105
-2.6592 -0.0648 -2.1292
-2.6679 -0.0635 -2.1471
-2.6755 -0.0618 -2.1641
-2.6817 -0.0596 -2.1806
-2.6864 -0.0570 -2.1966
-2.6900 -0.0545 -2.2123
-2.6912 -0.0506 -2.2284
-2.6933 -0.0484 -2.2440
-2.6960 -0.0475 -2.2592
-2.6993 -0.0476 -2.2741
-2.7033 -0.0486 -2.2889
-2.7079 -0.0506 -2.3037
-2.7114 -0.0512 -2.3189
-2.7164 -0.0540 -2.3341
-2.7221 -0.0576 -2.3492
-2.7280 -0.0614 -2.3644
-2.7339 -0.0651 -2.3792
-2.7400 -0.0690 -2.3936
-2.7471 -0.0722 -2.4092
-2.7535 -0.0755 -2.4237
-2.7596 -0.0784 -2.4374
-2.7657 -0.0804 -2.4506
-2.7719 -0.0816 -2.4634
-2.7784 -0.0817 -2.4756
-2.7853 -0.0805 -2.4869
-2.7942 -0.0773 -2.4967
-2.8027 -0.0737 -2.5053
-2.8110 -0.0700 -2.5129
-2.8191 -0.0667 -2.5198
-2.8270 -0.0641 -2.5266
-2.8346 -0.0613 -2.5332
-2.8427 -0.0605 -2.5409
-2.8515 -0.0609 -2.5494
-2.8612 -0.0621 -2.5587
-2.8719 -0.0636 -2.5683
-2.8835 -0.0651 -2.5777
-2.8958 -0.0654 -2.5872
-2.9076 -0.0663 -2.5957
-2.9187 -0.0676 -2.6038
-2.9287 -0.0694 -2.6119
-2.9378 -0.0716 -2.6203
-2.9459 -0.0743 -2.6291
-2.9532 -0.0773 -2.6389
-2.9603 -0.0806 -2.6488
-2.9674 -0.0841 -2.6592
-2.9746 -0.0878 -2.6700
-2.9820 -0.0917 -2.6814
-2.9895 -0.0955 -2.6931
-2.9967 -0.0973 -2.7060
-3.0039 -0.1001 -2.7185
-3.0107 -0.1027 -2.7310
-3.0173 -0.1049 -2.7432
-3.0238 -0.1063 -2.7553
-3.0297 -0.1073 -2.7674
-3.0349 -0.1084 -2.7800
-3.0410 -0.1084 -2.7922
-3.0476 -0.1080 -2.8046
-3.0545 -0.1071 -2.8171
-3.0614 -0.1055 -2.8297
-3.0684 -0.1031 -2.8423
-3.0735 -0.0977 -2.8544
-3.0799 -0.0930 -2.8668
-3.0866 -0.0880 -2.8791
-3.0936 -0.0824 -2.8909
-3.1006 -0.0764 -2.9021
-3.1074 -0.0701 -2.9127
-3.1123 -0.0631 -2.9222
-3.1176 -0.0574 -2.9320
-3.1227 -0.0529 -2.9422
-3.1273 -0.0498 -2.9529
-3.1313 -0.0480 -2.9640
-3.1344 -0.0474 -2.9756
-3.1333 -0.0463 -2.9853
-3.1334 -0.0480 -2.9973
-3.1333 -0.0515 -3.0103
-3.1327 -0.0563 -3.0236
-3.1311 -0.0613 -3.0362
-3.1282 -0.0658 -3.0471
-3.1234 -0.0687 -3.0554
-3.1176 -0.0711 -3.0620
-3.1107 -0.0732 -3.0669
-3.1026 -0.0750 -3.0702
-3.0935 -0.0769 -3.0724
-3.0836 -0.0789 -3.0734
-3.0724 -0.0819 -3.0737
-3.0613 -0.0841 -3.0729
-3.0498 -0.0862 -3.0711
-3.0380 -0.0884 -3.0686
-3.0256 -0.0908 -3.0656
-3.0129 -0.0935 -3.0619
-2.9984 -0.0966 -3.0562
-2.9845 -0.0999 -3.0507
-2.9705 -0.1032 -3.0445
-2.9564 -0.1066 -3.0373
-2.9421 -0.1098 -3.0290
-2.9278 -0.1130 -3.0195
-2.9130 -0.1169 -3.0081
-2.8988 -0.1200 -2.9960
-2.8850 -0.1226 -2.9828
-2.8717 -0.1249 -2.9686
-2.8590 -0.1271 -2.9535
-2.8466 -0.1291 -2.9375
-2.8223 -0.1330 -2.9042
-2.8112 -0.1352 -2.8867
-2.8007 -0.1373 -2.8691
-2.7906 -0.1395 -2.8516
-2.7809 -0.1417 -2.8343
-2.7706 -0.1435 -2.8169
-2.7607 -0.1458 -2.8000
-2.7508 -0.1480 -2.7835
-2.7410 -0.1500 -2.7675
-2.7311 -0.1517 -2.7518
-2.7211 -0.1529 -2.7365
-2.7125 -0.1539 -2.7218
-2.7030 -0.1543 -2.7071
-2.6933 -0.1543 -2.6924
-2.6835 -0.1538 -2.6778
-2.6738 -0.1531 -2.6632
-2.6643 -0.1522 -2.6488
-2.6559 -0.1514 -2.6352
-2.6470 -0.1509 -2.6211
-2.6380 -0.1509 -2.6067
-2.6288 -0.1516 -2.5920
-2.6194 -0.1530 -2.5769
-2.6099 -0.1551 -2.5614
-2.6004 -0.1574 -2.5455
-2.5906 -0.1606 -2.5292
-2.5808 -0.1642 -2.5129
-2.5711 -0.1680 -2.4967
-2.5617 -0.1716 -2.4809
-2.5533 -0.1743 -2.4657
-2.5461 -0.1756 -2.4513
-2.5383 -0.1759 -2.4376
-2.5301 -0.1755 -2.4250
-2.5213 -0.1748 -2.4136
-2.5115 -0.1741 -2.4034
-2.5010 -0.1738 -2.3945
-2.4898 -0.1736 -2.3870
-2.4767 -0.1737 -2.3802
-2.4625 -0.1737 -2.3743
-2.4476 -0.1735 -2.3691
-2.4321 -0.1731 -2.3646
-2.4162 -0.1726 -2.3606
-2.4013 -0.1711 -2.3588
-2.3853 -0.1706 -2.3563
-2.3688 -0.1703 -2.3539
-2.3523 -0.1702 -2.3517
-2.3358 -0.1702 -2.3496
-2.3196 -0.1705 -2.3474
-2.3035 -0.1711 -2.3450
-2.2893 -0.1717 -2.3431
-2.2736 -0.1737 -2.3402
-2.2573 -0.1768 -2.3367
-2.2407 -0.1809 -2.3324
-2.2407 -0.1809 -2.3324
-2.2068 -0.1910 -2.3217
-2.1898 -0.1964 -2.3151
-2.1728 -0.2020 -2.3077
-2.1557 -0.2074 -2.2996
-2.1386 -0.2126 -2.2908
-2.1215 -0.2172 -2.2813
-2.1068 -0.2196 -2.2737
-2.0905 -0.2219 -2.2636
-2.0739 -0.2232 -2.2521
-2.0576 -0.2230 -2.2398
-2.0420 -0.2213 -2.2270
-2.0275 -0.2181 -2.2156
-2.0143 -0.2140 -2.2064
-2.0008 -0.2098 -2.1933
-1.9871 -0.2061 -2.1783
-1.9733 -0.2028 -2.1618
-1.9594 -0.2001 -2.1444
-1.9459 -0.1972 -2.1272
-1.9332 -0.1937 -2.1112
-1.9208 -0.1902 -2.0934
-1.9091 -0.1864 -2.0751
-1.8986 -0.1820 -2.0568
-1.8890 -0.1774 -2.0385
-1.8803 -0.1729 -2.0204
-1.8718 -0.1666 -2.0048
-1.8634 -0.1624 -1.9883
-1.8547 -0.1592 -1.9721
-1.8454 -0.1568 -1.9565
-1.8351 -0.1553 -1.9417
-1.8237 -0.1546 -1.9274
-1.8113 -0.1536 -1.9154
-1.7977 -0.1544 -1.9022
-1.7833 -0.1563 -1.8887
-1.7680 -0.1590 -1.8749
-1.7520 -0.1625 -1.8611
-1.7353 -0.1664 -1.8471
-1.7200 -0.1685 -1.8347
-1.7032 -0.1722 -1.8212
-1.6857 -0.1764 -1.8072
-1.6680 -0.1807 -1.7930
-1.6500 -0.1849 -1.7788
-1.6321 -0.1887 -1.7647
-1.6159 -0.1924 -1.7537
-1.5984 -0.1952 -1.7412
-1.5803 -0.1970 -1.7288
-1.5619 -0.1977 -1.7173
-1.5433 -0.1972 -1.7070
-1.5246 -0.1953 -1.6983
-1.5075 -0.1963 -1.6937
-1.4893 -0.1939 -1.6891
-1.4708 -0.1905 -1.6851
-1.4516 -0.1871 -1.6818
-1.4314 -0.1846 -1.6789
-1.4111 -0.1824 -1.6778
-1.3916 -0.1802 -1.6793
-1.3694 -0.1796 -1.6795
-1.3466 -0.1796 -1.6800
-1.3241 -0.1798 -1.6809
-1.3023 -0.1805 -1.6818
-1.2810 -0.1817 -1.6823
-1.2660 -0.1835 -1.6875
-1.2473 -0.1865 -1.6885
-1.2275 -0.1903 -1.6875
-1.2073 -0.1948 -1.6854
-1.1870 -0.2000 -1.6823
-1.1462 -0.2115 -1.6734
-1.1257 -0.2176 -1.6675
-1.1054 -0.2236 -1.6606
-1.0853 -0.2292 -1.6528
-1.0655 -0.2344 -1.6440
-1.0460 -0.2389 -1.6344
-1.0268 -0.2426 -1.6240
-1.0220 -0.2394 -1.6295
-1.0075 -0.2396 -1.6235
-0.9898 -0.2406 -1.6134
-0.9707 -0.2413 -1.6016
-0.9510 -0.2413 -1.5888
-0.9310 -0.2402 -1.5755
-0.9151 -0.2367 -1.5668
-0.8968 -0.2329 -1.5549
-0.8784 -0.2284 -1.5419
-0.8606 -0.2234 -1.5282
-0.8437 -0.2186 -1.5135
-0.8309 -0.2119 -1.4998
-0.8161 -0.2078 -1.4827
-0.8007 -0.2052 -1.4633
-0.7852 -0.2037 -1.4426
-0.7700 -0.2025 -1.4212
-0.7553 -0.2011 -1.4001
-0.7440 -0.1992 -1.3778
-0.7322 -0.1961 -1.3576
-0.7207 -0.1925 -1.3384
-0.7097 -0.1891 -1.3198
-0.6989 -0.1862 -1.3015
-0.6882 -0.1840 -1.2833
-0.6866 -0.1790 -1.2708
-0.6785 -0.1769 -1.2552
-0.6680 -0.1763 -1.2389
-0.6560 -0.1765 -1.2226
-0.6428 -0.1775 -1.2066
-0.6313 -0.1786 -1.1924
-0.6229 -0.1793 -1.1808
-0.6095 -0.1819 -1.1668
-0.5942 -0.1854 -1.1523
-0.5782 -0.1897 -1.1377
-0.5620 -0.1945 -1.1230
-0.5620 -0.1945 -1.1230
-0.5288 -0.2054 -1.0938
-0.5120 -0.2110 -1.0796
-0.4950 -0.2162 -1.0659
-0.4778 -0.2208 -1.0530
-0.4605 -0.2245 -1.0410
-0.4433 -0.2269 -1.0305
-0.4266 -0.2277 -1.0217
-0.4221 -0.2275 -1.0103
-0.4108 -0.2259 -1.0024
-0.3976 -0.2239 -0.9956
-0.3835 -0.2219 -0.9890
-0.3684 -0.2204 -0.9826
-0.3604 -0.2173 -0.9756
-0.3461 -0.2152 -0.9705
-0.3298 -0.2131 -0.9670
-0.3129 -0.2111 -0.9643
-0.2961 -0.2096 -0.9618
-0.2795 -0.2091 -0.9588
-0.2658 -0.2067 -0.9549
-0.2502 -0.2074 -0.9504
-0.2338 -0.2098 -0.9452
-0.2170 -0.2134 -0.9393
-0.1998 -0.2177 -0.9327
-0.1823 -0.2227 -0.9256
-0.1738 -0.2241 -0.9191
-0.1592 -0.2284 -0.9114
-0.1429 -0.2334 -0.9028
-0.1264 -0.2384 -0.8935
-0.1104 -0.2430 -0.8835
-0.0951 -0.2470 -0.8729
-0.0875 -0.2526 -0.8624
-0.0757 -0.2559 -0.8509
-0.0626 -0.2580 -0.8390
-0.0492 -0.2591 -0.8268
-0.0356 -0.2594 -0.8145
-0.0228 -0.2590 -0.8023
-0.0111 -0.2580 -0.7903
0.0019 -0.2557 -0.7783
0.0151 -0.2525 -0.7665
0.0283 -0.2486 -0.7550
0.0412 -0.2445 -0.7436
0.0537 -0.2407 -0.7321
0.0641 -0.2377 -0.7197
0.0754 -0.2355 -0.7064
0.0870 -0.2342 -0.6918
0.0987 -0.2340 -0.6760
0.1103 -0.2345 -0.6593
0.1217 -0.2352 -0.6422
0.1324 -0.2357 -0.6253
0.1420 -0.2350 -0.6092
0.1507 -0.2343 -0.5930
0.1585 -0.2338 -0.5768
0.1652 -0.2335 -0.5605
0.1709 -0.2337 -0.5441
0.1748 -0.2335 -0.5281
0.1791 -0.2344 -0.5118
0.1837 -0.2358 -0.4954
0.1886 -0.2377 -0.4791
0.1940 -0.2399 -0.4630
0.2001 -0.2423 -0.4471
0.2050 -0.2445 -0.4325
0.2117 -0.2471 -0.4174
0.2191 -0.2501 -0.4022
0.2267 -0.2531 -0.3870
0.2344 -0.2563 -0.3719
0.2422 -0.2595 -0.3570
0.2478 -0.2616 -0.3447
0.2549 -0.2638 -0.3313
0.2625 -0.2655 -0.3180
0.2707 -0.2665 -0.3051
0.2795 -0.2668 -0.2927
0.2889 -0.2664 -0.2813
0.2971 -0.2660 -0.2721
0.3065 -0.2643 -0.2640
0.3160 -0.2620 -0.2569
0.3251 -0.2597 -0.2503
0.3339 -0.2581 -0.2437
0.3420 -0.2568 -0.2365
0.3496 -0.2558 -0.2288
0.3592 -0.2569 -0.2201
0.3700 -0.2589 -0.2112
0.3814 -0.2609 -0.2030
0.3928 -0.2627 -0.1953
0.4036 -0.2644 -0.1879
0.4117 -0.2640 -0.1804
0.4200 -0.2659 -0.1717
0.4276 -0.2690 -0.1619
0.4345 -0.2728 -0.1509
0.4406 -0.2772 -0.1388
0.4464 -0.2819 -0.1258
0.4506 -0.2825 -0.1102
0.4556 -0.2860 -0.0953
0.4609 -0.2902 -0.0803
0.4662 -0.2943 -0.0651
0.4711 -0.2980 -0.0499
0.4757 -0.3011 -0.0346
0.4785 -0.3002 -0.0180
0.4816 -0.3011 -0.0022
0.4846 -0.3022 0.0134
0.4873 -0.3032 0.0292
0.4898 -0.3040 0.0449
0.4923 -0.3042 0.0605
0.4933 -0.3020 0.0774
0.4947 -0.3004 0.0931
0.4959 -0.2988 0.1081
0.4965 -0.2970 0.1228
0.4965 -0.2954 0.1374
0.4961 -0.2941 0.1518
0.4949 -0.2905 0.1657
0.4940 -0.2890 0.1794
0.4928 -0.2885 0.1926
0.4911 -0.2887 0.2056
0.4885 -0.2898 0.2186
0.4850 -0.2918 0.2318
0.4793 -0.2928 0.2444
0.4737 -0.2958 0.2582
0.4679 -0.2992 0.2721
0.4620 -0.3021 0.2856
0.4561 -0.3040 0.2981
0.4498 -0.3043 0.3094
0.4430 -0.3032 0.3199
0.4359 -0.3033 0.3296
0.4281 -0.3043 0.3389
0.4196 -0.3061 0.3478
0.4105 -0.3084 0.3563
0.4010 -0.3111 0.3646
0.3818 -0.3152 0.3803
0.3722 -0.3184 0.3878
0.3625 -0.3221 0.3950
0.3526 -0.3262 0.4017
0.3425 -0.3296 0.4076
0.3336 -0.3329 0.4143
0.3336 -0.3329 0.4143
0.3245 -0.3351 0.4188
0.3155 -0.3364 0.4220
0.3067 -0.3377 0.4247
0.2981 -0.3394 0.4271
0.2899 -0.3407 0.4298
0.2825 -0.3410 0.4332
0.2752 -0.3420 0.4356
0.2680 -0.3434 0.4377
0.2610 -0.3452 0.4399
0.2542 -0.3473 0.4424
0.2481 -0.3488 0.4458
0.2429 -0.3494 0.4503
0.2377 -0.3503 0.4541
0.2327 -0.3510 0.4577
0.2278 -0.3515 0.4611
0.2227 -0.3519 0.4644
0.2174 -0.3515 0.4681
0.2119 -0.3504 0.4726
0.2064 -0.3509 0.4761
0.2009 -0.3521 0.4794
0.1955 -0.3537 0.4826
0.1901 -0.3554 0.4855
0.1848 -0.3564 0.4887
0.1794 -0.3564 0.4925
0.1695 -0.3590 0.4976
0.1651 -0.3603 0.4997
0.1611 -0.3615 0.5016
0.1583 -0.3618 0.5040
0.1570 -0.3610 0.5070
0.1549 -0.3612 0.5093
0.1529 -0.3617 0.5114
0.1511 -0.3622 0.5134
0.1499 -0.3626 0.5155
0.1492 -0.3628 0.5177
0.1521 -0.3585 0.5209
0.1536 -0.3567 0.5237
0.1548 -0.3557 0.5265
0.1561 -0.3552 0.5295
0.1576 -0.3552 0.5328
0.1591 -0.3556 0.5362
0.1618 -0.3509 0.5394
0.1638 -0.3499 0.5431
0.1657 -0.3500 0.5468
0.1674 -0.3506 0.5504
0.1690 -0.3512 0.5538
0.1705 -0.3520 0.5570
0.1731 -0.3469 0.5606
0.1749 -0.3453 0.5636
0.1766 -0.3448 0.5663
0.1782 -0.3444 0.5687
0.1797 -0.3440 0.5709
0.1812 -0.3434 0.5728
0.1844 -0.3390 0.5739
0.1861 -0.3372 0.5750
0.1871 -0.3360 0.5755
0.1876 -0.3347 0.5754
0.1876 -0.3331 0.5746
0.1872 -0.3309 0.5730
0.1869 -0.3263 0.5728
0.1857 -0.3224 0.5705
0.1836 -0.3182 0.5669
0.1808 -0.3135 0.5623
0.1774 -0.3082 0.5568
0.1736 -0.3016 0.5513
0.1697 -0.2940 0.5461
0.1659 -0.2860 0.5397
0.1620 -0.2775 0.5330
0.1583 -0.2689 0.5260
0.1547 -0.2603 0.5191
0.1513 -0.2515 0.5125
0.1483 -0.2423 0.5063
0.1454 -0.2341 0.5005
0.1431 -0.2263 0.4948
0.1414 -0.2190 0.4894
0.1402 -0.2122 0.4840
0.1391 -0.2062 0.4788
0.1386 -0.2002 0.4744
0.1379 -0.1956 0.4699
0.1372 -0.1918 0.4657
0.1367 -0.1887 0.4619
0.1366 -0.1860 0.4584
0.1367 -0.1836 0.4551
0.1370 -0.1803 0.4528
0.1376 -0.1783 0.4502
0.1382 -0.1769 0.4477
0.1389 -0.1761 0.4455
0.1396 -0.1757 0.4435
0.1403 -0.1756 0.4417
0.0090 0.0507 0.2063
-0.0321 0.1217 0.1309
-0.0447 0.1440 0.1064
-0.0480 0.1511 0.0985
-0.0485 0.1536 0.0960
-0.0483 0.1545 0.0950
-0.0473 0.1558 0.0977
-0.0466 0.1566 0.0985
-0.0459 0.1571 0.0988
-0.0452 0.1576 0.0991
-0.0445 0.1581 0.0993
-0.0440 0.1586 0.0995
-0.0430 0.1597 0.1010
-0.0424 0.1605 0.1017
-0.0419 0.1612 0.1022
-0.0416 0.1618 0.1026
-0.0412 0.1624 0.1029
-0.0412 0.1626 0.1034
-0.0417 0.1622 0.1042
-0.0416 0.1625 0.1046
-0.0414 0.1630 0.1049
-0.0410 0.1636 0.1051
-0.0407 0.1640 0.1055
-0.0404 0.1643 0.1059
-0.0411 0.1645 0.1063
-0.0413 0.1647 0.1067
-0.0412 0.1649 0.1071
-0.0410 0.1653 0.1076
-0.0408 0.1657 0.1081
-0.0405 0.1660 0.1086
-0.0399 0.1672 0.1088
-0.0395 0.1678 0.1092
-0.0393 0.1682 0.1097
-0.0390 0.1687 0.1102
-0.0387 0.1692 0.1106
-0.0384 0.1697 0.1110
-0.0377 0.1704 0.1106
-0.0373 0.1710 0.1106
-0.0369 0.1715 0.1107
-0.0366 0.1720 0.1109
-0.0364 0.1724 0.1111
-0.0362 0.1728 0.1113
-0.0364 0.1727 0.1112
-0.0363 0.1728 0.1112
-0.0362 0.1730 0.1113
-0.0361 0.1732 0.1114
-0.0360 0.1734 0.1115
-0.0358 0.1736 0.1116
-0.0361 0.1739 0.1113
-0.0361 0.1741 0.1112
-0.0360 0.1744 0.1112
-0.0358 0.1747 0.1112
-0.0357 0.1749 0.1112
-0.0356 0.1751 0.1112
-0.0355 0.1752 0.1106
-0.0354 0.1754 0.1103
-0.0351 0.1757 0.1102
-0.0349 0.1760 0.1102
-0.0347 0.1763 0.1101
-0.0348 0.1764 0.1098
-0.0352 0.1761 0.1089
-0.0352 0.1761 0.1086
-0.0351 0.1763 0.1085
-0.0349 0.1765 0.1084
-0.0347 0.1766 0.1084
-0.0347 0.1766 0.1083
-0.0351 0.1765 0.1083
-0.0350 0.1765 0.1082
-0.0350 0.1766 0.1082
-0.0349 0.1767 0.1082
-0.0347 0.1768 0.1081
-0.0345 0.1769 0.1080
-0.0351 0.1765 0.1077
-0.0352 0.1765 0.1076
-0.0351 0.1766 0.1075
-0.0349 0.1768 0.1074
-0.0346 0.1771 0.1074
-0.0343 0.1775 0.1073
-0.0340 0.1778 0.1072
-0.0339 0.1784 0.1072
-0.0336 0.1789 0.1071
-0.0333 0.1793 0.1071
-0.0330 0.1797 0.1071
-0.0327 0.1801 0.1071
-0.0329 0.1801 0.1066
-0.0328 0.1804 0.1064
-0.0326 0.1806 0.1063
-0.0324 0.1809 0.1063
-0.0322 0.1812 0.1062
-0.0319 0.1816 0.1061
-0.0334 0.1808 0.1057
-0.0338 0.1807 0.1055
-0.0338 0.1808 0.1055
-0.0338 0.1809 0.1054
-0.0337 0.1811 0.1054
-0.0336 0.1813 0.1053
-0.0338 0.1808 0.1049
-0.0338 0.1807 0.1047
-0.0338 0.1808 0.1046
-0.0338 0.1809 0.1046
-0.0337 0.1810 0.1046
-0.0336 0.1811 0.1045
-0.0335 0.1812 0.1045
-0.0335 0.1815 0.1043
-0.0334 0.1816 0.1042
-0.0333 0.1816 0.1042
-0.0333 0.1816 0.1042
-0.0332 0.1816 0.1042
-0.0333 0.1818 0.1039
-0.0333 0.1817 0.1039
-0.0333 0.1816 0.1040
-0.0333 0.1814 0.1042
-0.0333 0.1812 0.1044
-0.0332 0.1811 0.1045
-0.0331 0.1819 0.1039
-0.0330 0.1822 0.1038
-0.0328 0.1822 0.1039
-0.0327 0.1822 0.1041
-0.0326 0.1822 0.1043
-0.0325 0.1822 0.1045
-0.0325 0.1832 0.1036
-0.0324 0.1835 0.1034
-0.0323 0.1837 0.1035
-0.0322 0.1838 0.1036
-0.0321 0.1838 0.1038
-0.0320 0.1839 0.1039
-0.0320 0.1844 0.1031
-0.0319 0.1846 0.1029
-0.0318 0.1846 0.1029
-0.0317 0.1845 0.1030
-0.0317 0.1844 0.1031
-0.0316 0.1844 0.1033
-0.0317 0.1847 0.1031
-0.0317 0.1848 0.1030
-0.0315 0.1849 0.1031
-0.0313 0.1849 0.1032
-0.0311 0.1849 0.1033
-0.0310 0.1849 0.1034
-0.0308 0.1852 0.1035
-0.0307 0.1853 0.1036
-0.0306 0.1853 0.1037
-0.0305 0.1852 0.1038
-0.0304 0.1851 0.1040
-0.0303 0.1850 0.1041
-0.0311 0.1848 0.1033
-0.0314 0.1846 0.1032
-0.0314 0.1844 0.1033
-0.0314 0.1841 0.1034
-0.0314 0.1839 0.1036
-0.0313 0.1836 0.1039
-0.0311 0.1835 0.1040
-0.0310 0.1833 0.1042
-0.0309 0.1830 0.1045
-0.0308 0.1827 0.1047
-0.0307 0.1825 0.1050
-0.0306 0.1822 0.1053
-0.0304 0.1821 0.1053
-0.0302 0.1820 0.1054
-0.0300 0.1818 0.1056
-0.0298 0.1817 0.1059
-0.0296 0.1817 0.1061
-0.0294 0.1816 0.1063
-0.0292 0.1820 0.1056
-0.0290 0.1821 0.1056
-0.0288 0.1822 0.1057
-0.0286 0.1822 0.1059
-0.0283 0.1822 0.1060
-0.0280 0.1822 0.1062
-0.0275 0.1831 0.1054
-0.0272 0.1833 0.1052
-0.0269 0.1834 0.1052
-0.0266 0.1834 0.1053
-0.0264 0.1835 0.1054
-0.0261 0.1835 0.1055
-0.0262 0.1833 0.1054
-0.0261 0.1832 0.1054
-0.0259 0.1832 0.1055
-0.0257 0.1832 0.1055
-0.0255 0.1832 0.1056
-0.0254 0.1831 0.1057
-0.0256 0.1830 0.1055

