0.0000 0.0000 0.0000
0.0000 0.0000 0.0000
0.0000 0.0000 0.0000
0.0000 0.0000 0.0000
0.0000 0.0000 0.0000
0.0000 0.0000 0.0000
0.0000 0.0000 0.0000
0.0000 0.0000 0.0000
0.0000 0.0000 0.0000
0.0000 0.0000 0.0000
0.0085 -0.6282 -0.7426
-0.0003 -0.6404 -0.7476
-0.0006 -0.6460 -0.7467
-0.0137 -0.6473 -0.7297
-0.0137 -0.6473 -0.7297
-0.0110 -0.6478 -0.7409
-0.0092 -0.6466 -0.7403
-0.0098 -0.6486 -0.7318
-0.0262 -0.6555 -0.7199
-0.0411 -0.6588 -0.7226
-0.0411 -0.6588 -0.7226
-0.0515 -0.6653 -0.7265
-0.0628 -0.6746 -0.7166
-0.0710 -0.6872 -0.7130
-0.0672 -0.6961 -0.7113
-0.0627 -0.6883 -0.7260
-0.0627 -0.6883 -0.7260
-0.0764 -0.6909 -0.6937
-0.0708 -0.6965 -0.7981
-0.0554 -0.7007 -0.7578
-0.0508 -0.6997 -0.7092
-0.0508 -0.6997 -0.7092
-0.0618 -0.6978 -0.6716
-0.0536 -0.7059 -0.6891
-0.0298 -0.7045 -0.6942
-0.0065 -0.7024 -0.6887
-0.0070 -0.6914 -0.6775
-0.0070 -0.6914 -0.6775
-0.0159 -0.6909 -0.6551
-0.0329 -0.6910 -0.6617
-0.0534 -0.7135 -0.6510
-0.0521 -0.7021 -0.7293
-0.0427 -0.6752 -0.7670
-0.0427 -0.6752 -0.7670
-0.0562 -0.6911 -0.6954
-0.0578 -0.7113 -0.7638
-0.0567 -0.7048 -0.7281
-0.0614 -0.6877 -0.7087
-0.1004 -0.6998 -0.7261
-0.1004 -0.6998 -0.7261
-0.1112 -0.7100 -0.7474
-0.0729 -0.6688 -0.7544
-0.0444 -0.6755 -0.7735
0.0009 -0.6715 -0.7897
0.0463 -0.6496 -0.7428
0.0463 -0.6496 -0.7428
0.0827 -0.6345 -0.7245
0.1112 -0.6247 -0.7347
0.1126 -0.6260 -0.7276
0.1020 -0.6229 -0.7217
0.0929 -0.6301 -0.7179
0.0929 -0.6301 -0.7179
0.0559 -0.6253 -0.7195
0.0653 -0.6741 -0.7012
0.0330 -0.6552 -0.7130
0.0447 -0.6407 -0.7359
0.0447 -0.6407 -0.7359
0.0614 -0.6407 -0.7280
0.0530 -0.6403 -0.7254
0.0524 -0.6325 -0.7511
0.0509 -0.6308 -0.7260
0.0526 -0.6336 -0.7141
0.0526 -0.6336 -0.7141
0.0463 -0.6455 -0.7162
0.0325 -0.6406 -0.7430
0.0384 -0.6314 -0.7472
0.0502 -0.6373 -0.7722
0.0452 -0.6386 -0.7677
0.0452 -0.6386 -0.7677
0.0425 -0.6467 -0.7570
0.0376 -0.6474 -0.7467
0.0358 -0.6530 -0.7351
0.0351 -0.6539 -0.7217
0.0346 -0.6526 -0.7230
0.0346 -0.6526 -0.7230
0.0367 -0.6641 -0.7265
0.0285 -0.6556 -0.7288
0.0274 -0.6514 -0.7411
0.0377 -0.6540 -0.7501
0.0383 -0.6451 -0.7280
0.0383 -0.6451 -0.7280
0.0370 -0.6482 -0.7285
0.0358 -0.6573 -0.7375
0.0396 -0.6446 -0.7440
0.0360 -0.6420 -0.7451
0.0360 -0.6420 -0.7451
0.0296 -0.6447 -0.7471
0.0248 -0.6469 -0.7488
0.0159 -0.6483 -0.7473
0.0167 -0.6488 -0.7402
0.0168 -0.6487 -0.7489
0.0168 -0.6487 -0.7489
0.0214 -0.6511 -0.7522
0.0223 -0.6433 -0.7486
0.0221 -0.6447 -0.7487
0.0239 -0.6458 -0.7504
0.0212 -0.6489 -0.7543
0.0212 -0.6489 -0.7543
0.0199 -0.6446 -0.7517
0.0201 -0.6413 -0.7410
0.0229 -0.6463 -0.7439
0.0248 -0.6526 -0.7442
0.0205 -0.6461 -0.7349
0.0205 -0.6461 -0.7349
0.0258 -0.6485 -0.7363
0.0305 -0.6482 -0.7331
0.0306 -0.6481 -0.7334
0.0297 -0.6495 -0.7307
0.0297 -0.6495 -0.7307
0.0287 -0.6466 -0.7300
0.0267 -0.6488 -0.7410
0.0260 -0.6494 -0.7404
0.0305 -0.6461 -0.7458
0.0304 -0.6397 -0.7470
0.0304 -0.6397 -0.7470
0.0244 -0.6397 -0.7487
0.0257 -0.6460 -0.7550
0.0203 -0.6431 -0.7526
0.0239 -0.6443 -0.7459
0.0348 -0.6513 -0.7332
0.0348 -0.6513 -0.7332
0.0312 -0.6481 -0.7324
0.0279 -0.6459 -0.7398
0.0275 -0.6408 -0.7487
0.0282 -0.6450 -0.7388
0.0307 -0.6512 -0.7297
0.0307 -0.6512 -0.7297
0.0371 -0.6461 -0.7376
0.0401 -0.6395 -0.7557
0.0383 -0.6384 -0.7546
0.0358 -0.6402 -0.7530
0.0338 -0.6407 -0.7422
0.0338 -0.6407 -0.7422
0.0387 -0.6400 -0.7393
0.0356 -0.6423 -0.7430
0.0419 -0.6488 -0.7374
0.0437 -0.6422 -0.7388
0.0437 -0.6422 -0.7388
0.0485 -0.6359 -0.7507
0.0446 -0.6372 -0.7590
0.0381 -0.6375 -0.7611
0.0417 -0.6360 -0.7560
0.0406 -0.6313 -0.7498
0.0406 -0.6313 -0.7498
0.0377 -0.6322 -0.7452
0.0334 -0.6344 -0.7446
0.0340 -0.6316 -0.7518
0.0379 -0.6310 -0.7614
0.0342 -0.6307 -0.7630
0.0342 -0.6307 -0.7630
0.0320 -0.6307 -0.7578
0.0354 -0.6306 -0.7601
0.0356 -0.6294 -0.7629
0.0341 -0.6278 -0.7660
0.0363 -0.6284 -0.7656
0.0363 -0.6284 -0.7656
0.0312 -0.6301 -0.7567
0.0302 -0.6333 -0.7569
0.0320 -0.6252 -0.7654
0.0307 -0.6250 -0.7634
0.0297 -0.6278 -0.7595
0.0297 -0.6278 -0.7595
0.0306 -0.6251 -0.7632
0.0362 -0.6212 -0.7614
0.0375 -0.6185 -0.7653
0.0368 -0.6220 -0.7668
0.0368 -0.6220 -0.7668
0.0339 -0.6256 -0.7631
0.0370 -0.6273 -0.7601
0.0394 -0.6256 -0.7616
0.0397 -0.6228 -0.7603
0.0360 -0.6241 -0.7673
0.0360 -0.6241 -0.7673
0.0343 -0.6252 -0.7729
0.0327 -0.6260 -0.7742
0.0318 -0.6185 -0.7678
0.0351 -0.6165 -0.7758
0.0331 -0.6199 -0.7717
0.0331 -0.6199 -0.7717
0.0357 -0.6225 -0.7681
0.0368 -0.6219 -0.7655
0.0369 -0.6214 -0.7724
0.0327 -0.6212 -0.7649
0.0312 -0.6184 -0.7600
0.0312 -0.6184 -0.7600
0.0267 -0.6193 -0.7541
0.0244 -0.6254 -0.7555
0.0290 -0.6262 -0.7661
0.0332 -0.6174 -0.7681
0.0340 -0.6139 -0.7667
0.0340 -0.6139 -0.7667
0.0276 -0.6150 -0.7653
0.0297 -0.6224 -0.7614
0.0273 -0.6233 -0.7629
0.0268 -0.6233 -0.7667
0.0268 -0.6233 -0.7667
0.0313 -0.6180 -0.7692
0.0368 -0.6208 -0.7691
0.0365 -0.6255 -0.7685
0.0353 -0.6266 -0.7689
0.0368 -0.6277 -0.7675
0.0368 -0.6277 -0.7675
0.0347 -0.6253 -0.7639
0.0323 -0.6264 -0.7606
0.0284 -0.6306 -0.7629
0.0290 -0.6229 -0.7577
0.0346 -0.6197 -0.7586
0.0346 -0.6197 -0.7586
0.0322 -0.6192 -0.7691
0.0347 -0.6233 -0.7706
0.0382 -0.6187 -0.7590
0.0361 -0.6158 -0.7560
0.0318 -0.6196 -0.7569
0.0318 -0.6196 -0.7569
0.0328 -0.6223 -0.7557
0.0345 -0.6210 -0.7556
0.0353 -0.6175 -0.7601
0.0318 -0.6234 -0.7596
0.0318 -0.6234 -0.7596
0.0363 -0.6223 -0.7605
0.0384 -0.6227 -0.7602
0.0344 -0.6212 -0.7577
0.0342 -0.6245 -0.7545
0.0300 -0.6260 -0.7586
0.0300 -0.6260 -0.7586
0.0369 -0.6200 -0.7587
0.0401 -0.6252 -0.7777
0.0361 -0.6145 -0.7793
0.0324 -0.6102 -0.7719
0.0319 -0.6175 -0.7816
0.0319 -0.6175 -0.7816
0.0321 -0.6187 -0.7650
0.0377 -0.6200 -0.7551
0.0356 -0.6203 -0.7664
0.0345 -0.6172 -0.7603
0.0315 -0.6186 -0.7505
0.0315 -0.6186 -0.7505
0.0298 -0.6243 -0.7368
0.0358 -0.6210 -0.7368
0.0390 -0.6194 -0.7216
0.0423 -0.6204 -0.7205
0.0441 -0.6114 -0.7289
0.0441 -0.6114 -0.7289
0.0462 -0.6147 -0.7335
0.0527 -0.6052 -0.7573
0.0460 -0.6029 -0.7964
0.0350 -0.5919 -0.8203
0.0350 -0.5919 -0.8203
0.0326 -0.5970 -0.8280
0.0314 -0.6086 -0.8295
0.0290 -0.6084 -0.8097
0.0278 -0.6065 -0.8043
0.0279 -0.6078 -0.7936
0.0279 -0.6078 -0.7936
0.0291 -0.6090 -0.7840
0.0271 -0.6070 -0.7820
0.0240 -0.6050 -0.7815
0.0285 -0.6021 -0.7820
0.0332 -0.6042 -0.7850
0.0332 -0.6042 -0.7850
0.0347 -0.6014 -0.7877
0.0343 -0.5997 -0.7945
0.0327 -0.5991 -0.7886
0.0278 -0.6032 -0.7788
0.0294 -0.6040 -0.7703
0.0294 -0.6040 -0.7703
0.0336 -0.6044 -0.7710
0.0382 -0.6040 -0.7704
0.0390 -0.6046 -0.7731
0.0403 -0.6028 -0.7812
0.0452 -0.6032 -0.7910
0.0452 -0.6032 -0.7910
0.0436 -0.6011 -0.7974
0.0395 -0.5957 -0.8004
0.0266 -0.5987 -0.7938
0.0165 -0.5945 -0.7892
0.0165 -0.5945 -0.7892
0.0129 -0.5889 -0.7836
0.0141 -0.5910 -0.7827
0.0109 -0.5943 -0.7882
0.0174 -0.5947 -0.7883
0.0211 -0.5904 -0.7922
0.0211 -0.5904 -0.7922
0.0219 -0.5911 -0.7937
0.0198 -0.5895 -0.7872
0.0182 -0.5868 -0.7865
0.0211 -0.5900 -0.7973
0.0242 -0.5847 -0.7979
0.0242 -0.5847 -0.7979
0.0264 -0.5870 -0.7941
0.0280 -0.5862 -0.7945
0.0242 -0.5882 -0.7882
0.0208 -0.5899 -0.7848
0.0232 -0.5866 -0.7805
0.0232 -0.5866 -0.7805
0.0214 -0.5856 -0.7835
0.0245 -0.5880 -0.7885
0.0273 -0.5938 -0.7883
0.0301 -0.5925 -0.7840
0.0375 -0.5937 -0.7835
0.0375 -0.5937 -0.7835
0.0391 -0.5825 -0.7656
0.0366 -0.5823 -0.7722
0.0387 -0.5837 -0.7931
0.0383 -0.5815 -0.8145
0.0383 -0.5815 -0.8145
0.0329 -0.5764 -0.8311
0.0236 -0.5718 -0.8301
0.0197 -0.5728 -0.8131
0.0182 -0.5811 -0.7967
0.0188 -0.5850 -0.7960
0.0188 -0.5850 -0.7960
0.0257 -0.5803 -0.8080
0.0280 -0.5742 -0.8052
0.0223 -0.5771 -0.8033
0.0240 -0.5779 -0.7966
0.0283 -0.5756 -0.7947
0.0283 -0.5756 -0.7947
0.0255 -0.5757 -0.7917
0.0222 -0.5806 -0.7820
0.0250 -0.5776 -0.7671
0.0326 -0.5785 -0.7670
0.0351 -0.5751 -0.7697
0.0351 -0.5751 -0.7697
0.0323 -0.5678 -0.7890
0.0241 -0.5707 -0.8122
0.0142 -0.5740 -0.8307
0.0179 -0.5806 -0.8220
0.0179 -0.5806 -0.8220
0.0235 -0.5817 -0.8078
0.0275 -0.5826 -0.8054
0.0318 -0.5803 -0.8057
0.0342 -0.5806 -0.8058
0.0278 -0.5845 -0.8018
0.0278 -0.5845 -0.8018
0.0262 -0.5834 -0.8009
0.0284 -0.5808 -0.8006
0.0283 -0.5803 -0.8032
0.0286 -0.5767 -0.8037
0.0285 -0.5711 -0.8106
0.0285 -0.5711 -0.8106
0.0298 -0.5747 -0.8194
0.0285 -0.5689 -0.8190
0.0312 -0.5769 -0.8140
0.0273 -0.5771 -0.8004
0.0245 -0.5803 -0.7899
0.0245 -0.5803 -0.7899
0.0202 -0.5812 -0.7829
0.0151 -0.5849 -0.7752
0.0205 -0.5829 -0.7716
0.0246 -0.5806 -0.7736
0.0265 -0.5769 -0.7773
0.0265 -0.5769 -0.7773
0.0213 -0.5801 -0.7879
0.0187 -0.5829 -0.7907
0.0179 -0.5826 -0.7998
0.0209 -0.5827 -0.8017
0.0209 -0.5827 -0.8017
0.0217 -0.5749 -0.7898
0.0199 -0.5803 -0.7875
0.0132 -0.5852 -0.7889
0.0161 -0.5882 -0.8040
0.0190 -0.5826 -0.7977
0.0190 -0.5826 -0.7977
0.0174 -0.5793 -0.7990
0.0146 -0.5786 -0.7912
0.0163 -0.5851 -0.7866
0.0180 -0.5855 -0.7968
0.0222 -0.5853 -0.8026
0.0222 -0.5853 -0.8026
0.0239 -0.5822 -0.7984
0.0282 -0.5828 -0.7887
0.0338 -0.5867 -0.7891
0.0340 -0.5820 -0.7950
0.0287 -0.5817 -0.7954
0.0287 -0.5817 -0.7954
0.0274 -0.5872 -0.7950
0.0300 -0.5857 -0.7930
0.0368 -0.5878 -0.7972
0.0388 -0.5836 -0.8015
0.0401 -0.5885 -0.7996
0.0401 -0.5885 -0.7996
0.0350 -0.5875 -0.7986
0.0314 -0.5856 -0.7969
0.0306 -0.5859 -0.7903
0.0286 -0.5872 -0.7944
0.0286 -0.5872 -0.7944
0.0328 -0.5892 -0.7933
0.0372 -0.5845 -0.7835
0.0347 -0.5847 -0.7887
0.0335 -0.5878 -0.7943
0.0345 -0.5884 -0.7938
0.0345 -0.5884 -0.7938
0.0328 -0.5888 -0.7895
0.0369 -0.5852 -0.7956
0.0392 -0.5857 -0.7968
0.0322 -0.5856 -0.7924
0.0301 -0.5880 -0.7921
0.0301 -0.5880 -0.7921
0.0281 -0.5870 -0.7890
0.0274 -0.5912 -0.7916
0.0283 -0.5899 -0.7964
0.0324 -0.5946 -0.8042
0.0323 -0.6027 -0.8177
0.0323 -0.6027 -0.8177
0.0210 -0.6137 -0.8548
0.0091 -0.6274 -0.9215
0.0173 -0.6656 -1.0415
0.0395 -0.6857 -1.1351
0.0438 -0.6888 -1.0945
0.0438 -0.6888 -1.0945
0.0376 -0.6780 -0.9865
0.0338 -0.6772 -0.8840
0.0581 -0.6350 -0.9095
0.0818 -0.5904 -0.8682
0.0818 -0.5904 -0.8682
0.0825 -0.5531 -0.8489
0.1083 -0.5460 -0.7046
0.0833 -0.5145 -0.6111
0.0815 -0.5353 -0.6047
0.0807 -0.5386 -0.5387
0.0807 -0.5386 -0.5387
0.0777 -0.5477 -0.5326
0.0887 -0.5799 -0.5388
0.0714 -0.5936 -0.5794
0.0829 -0.6140 -0.5770
0.0723 -0.6325 -0.6080
0.0723 -0.6325 -0.6080
0.0621 -0.6632 -0.6295
0.0536 -0.6822 -0.6299
0.0539 -0.6941 -0.6425
0.0476 -0.6979 -0.6458
0.0381 -0.6994 -0.6896
0.0381 -0.6994 -0.6896
0.0522 -0.6984 -0.6914
0.0652 -0.6814 -0.6964
0.0710 -0.6837 -0.7064
0.0581 -0.6741 -0.7182
0.0580 -0.6870 -0.7253
0.0580 -0.6870 -0.7253
0.0587 -0.6734 -0.7005
0.0541 -0.6759 -0.6928
0.0483 -0.6888 -0.6965
0.0428 -0.6856 -0.6964
0.0428 -0.6856 -0.6964
0.0427 -0.6929 -0.7178
0.0461 -0.6833 -0.7290
0.0493 -0.6923 -0.7360
0.0483 -0.6918 -0.7282
0.0477 -0.6889 -0.7085
0.0477 -0.6889 -0.7085
0.0488 -0.6885 -0.6945
0.0442 -0.6920 -0.7074
0.0427 -0.6894 -0.7100
0.0457 -0.6873 -0.7082
0.0463 -0.6906 -0.6923
0.0463 -0.6906 -0.6923
0.0462 -0.6826 -0.6778
0.0437 -0.6911 -0.6635
0.0366 -0.6985 -0.6530
0.0447 -0.7038 -0.6713
0.0554 -0.6945 -0.6926
0.0554 -0.6945 -0.6926
0.0557 -0.6709 -0.6866
0.0607 -0.6835 -0.6931
0.0587 -0.6882 -0.6864
0.0486 -0.6809 -0.6795
0.0486 -0.6809 -0.6795
0.0432 -0.6859 -0.6755
0.0439 -0.6908 -0.6662
0.0415 -0.6768 -0.6757
0.0366 -0.6784 -0.7023
0.0326 -0.6729 -0.7138
0.0326 -0.6729 -0.7138
0.0319 -0.6767 -0.7095
0.0313 -0.6743 -0.7034
0.0310 -0.6840 -0.7081
0.0298 -0.6786 -0.7262
0.0299 -0.6890 -0.7371
0.0299 -0.6890 -0.7371
0.0338 -0.6935 -0.7274
0.0330 -0.6910 -0.7231
0.0286 -0.6968 -0.7348
0.0280 -0.6884 -0.7379
0.0257 -0.6807 -0.7536
0.0257 -0.6807 -0.7536
0.0295 -0.6857 -0.7697
0.0326 -0.6847 -0.7619
0.0293 -0.6778 -0.7278
0.0260 -0.6788 -0.7092
0.0214 -0.6793 -0.7178
0.0214 -0.6793 -0.7178
0.0313 -0.6827 -0.7212
0.0291 -0.6741 -0.6984
0.0259 -0.6817 -0.6759
0.0123 -0.6912 -0.6615
0.0123 -0.6912 -0.6615
0.0093 -0.7003 -0.6660
0.0103 -0.6900 -0.6700
0.0186 -0.6913 -0.6738
0.0148 -0.6960 -0.6685
0.0147 -0.7025 -0.6770
0.0147 -0.7025 -0.6770
0.0173 -0.6925 -0.6754
0.0159 -0.6961 -0.6603
0.0139 -0.7065 -0.6647
0.0131 -0.7112 -0.6935
0.0095 -0.7017 -0.6935
0.0095 -0.7017 -0.6935
0.0191 -0.7092 -0.6807
0.0196 -0.7248 -0.6907
0.0260 -0.7251 -0.6925
0.0286 -0.7184 -0.6798
0.0321 -0.7194 -0.6831
0.0321 -0.7194 -0.6831
0.0293 -0.7310 -0.6838
0.0274 -0.7258 -0.6862
0.0238 -0.7279 -0.6745
0.0217 -0.7295 -0.6828
0.0204 -0.7333 -0.6947
0.0204 -0.7333 -0.6947
0.0265 -0.7274 -0.7020
0.0281 -0.7216 -0.7025
0.0269 -0.7237 -0.7048
0.0253 -0.7249 -0.7019
0.0253 -0.7249 -0.7019
0.0262 -0.7205 -0.6962
0.0333 -0.7171 -0.6923
0.0322 -0.7134 -0.6913
0.0345 -0.7164 -0.6887
0.0342 -0.7208 -0.6831
0.0342 -0.7208 -0.6831
0.0357 -0.7160 -0.6777
0.0304 -0.7142 -0.6744
0.0310 -0.7135 -0.6788
0.0345 -0.7155 -0.6783
0.0360 -0.7156 -0.6745
0.0360 -0.7156 -0.6745
0.0325 -0.7109 -0.6745
0.0387 -0.7188 -0.6759
0.0404 -0.7162 -0.6756
0.0398 -0.7160 -0.6820
0.0341 -0.7131 -0.6786
0.0341 -0.7131 -0.6786
0.0274 -0.7155 -0.6735
0.0284 -0.7227 -0.6689
0.0259 -0.7223 -0.6615
0.0267 -0.7167 -0.6702
0.0306 -0.7232 -0.6771
0.0306 -0.7232 -0.6771
0.0343 -0.7193 -0.6759
0.0328 -0.7146 -0.6719
0.0302 -0.7204 -0.6808
0.0341 -0.7202 -0.6885
0.0341 -0.7202 -0.6885
0.0332 -0.7225 -0.6894
0.0303 -0.7170 -0.6797
0.0301 -0.7184 -0.6655
0.0349 -0.7263 -0.6664
0.0352 -0.7213 -0.6784
0.0352 -0.7213 -0.6784
0.0330 -0.7152 -0.6750
0.0327 -0.7150 -0.6721
0.0330 -0.7215 -0.6747
0.0315 -0.7220 -0.6709
0.0310 -0.7197 -0.6673
0.0310 -0.7197 -0.6673
0.0338 -0.7220 -0.6701
0.0411 -0.7249 -0.6731
0.0335 -0.7217 -0.6747
0.0303 -0.7235 -0.6722
0.0333 -0.7280 -0.6669
0.0333 -0.7280 -0.6669
0.0308 -0.7240 -0.6678
0.0321 -0.7235 -0.6680
0.0374 -0.7226 -0.6694
0.0377 -0.7243 -0.6747
0.0344 -0.7203 -0.6711
0.0344 -0.7203 -0.6711
0.0311 -0.7214 -0.6693
0.0313 -0.7226 -0.6602
0.0388 -0.7285 -0.6669
0.0410 -0.7188 -0.6631
0.0410 -0.7188 -0.6631
0.0349 -0.7191 -0.6645
0.0354 -0.7253 -0.6747
0.0334 -0.7234 -0.6684
0.0340 -0.7225 -0.6640
0.0317 -0.7253 -0.6656
0.0317 -0.7253 -0.6656
0.0348 -0.7271 -0.6627
0.0386 -0.7265 -0.6666
0.0345 -0.7257 -0.6609
0.0349 -0.7230 -0.6585
0.0350 -0.7243 -0.6720
0.0350 -0.7243 -0.6720
0.0371 -0.7244 -0.6835
0.0370 -0.7221 -0.6815
0.0316 -0.7170 -0.6694
0.0319 -0.7274 -0.6720
0.0365 -0.7257 -0.6690
0.0365 -0.7257 -0.6690
0.0338 -0.7191 -0.6662
0.0362 -0.7275 -0.6682
0.0307 -0.7237 -0.6538
0.0372 -0.7289 -0.6609
0.0372 -0.7289 -0.6609
0.0356 -0.7224 -0.6629
0.0313 -0.7190 -0.6643
0.0314 -0.7247 -0.6676
0.0290 -0.7244 -0.6739
0.0328 -0.7287 -0.6785
0.0328 -0.7287 -0.6785
0.0344 -0.7213 -0.6782
0.0358 -0.7202 -0.6811
0.0314 -0.7167 -0.6756
0.0318 -0.7293 -0.6671
0.0372 -0.7333 -0.6714
0.0372 -0.7333 -0.6714
0.0347 -0.7283 -0.6585
0.0306 -0.7255 -0.6591
0.0338 -0.7286 -0.6543
0.0400 -0.7285 -0.6581
0.0407 -0.7248 -0.6730
0.0407 -0.7248 -0.6730
0.0373 -0.7250 -0.6727
0.0279 -0.7224 -0.6581
0.0301 -0.7328 -0.6548
0.0332 -0.7277 -0.6614
0.0366 -0.7278 -0.6761
0.0366 -0.7278 -0.6761
0.0366 -0.7271 -0.6708
0.0334 -0.7308 -0.6590
0.0332 -0.7296 -0.6601
0.0295 -0.7271 -0.6649
0.0295 -0.7271 -0.6649
0.0307 -0.7282 -0.6736
0.0332 -0.7267 -0.6731
0.0328 -0.7254 -0.6672
0.0357 -0.7245 -0.6619
0.0289 -0.7280 -0.6577
0.0289 -0.7280 -0.6577
0.0283 -0.7293 -0.6628
0.0340 -0.7228 -0.6738
0.0336 -0.7227 -0.6838
0.0338 -0.7252 -0.6786
0.0285 -0.7288 -0.6683
0.0285 -0.7288 -0.6683
0.0318 -0.7316 -0.6644
0.0340 -0.7285 -0.6644
0.0345 -0.7285 -0.6661
0.0388 -0.7273 -0.6675
0.0384 -0.7231 -0.6612
0.0384 -0.7231 -0.6612
0.0307 -0.7218 -0.6625
0.0329 -0.7308 -0.6603
0.0365 -0.7227 -0.6530
0.0428 -0.7257 -0.6587
0.0372 -0.7229 -0.6634
0.0372 -0.7229 -0.6634
0.0356 -0.7316 -0.6689
0.0378 -0.7355 -0.6658
0.0375 -0.7278 -0.6647
0.0351 -0.7275 -0.6604
0.0351 -0.7275 -0.6604
0.0386 -0.7289 -0.6653
0.0412 -0.7320 -0.6732
0.0377 -0.7242 -0.6702
0.0379 -0.7236 -0.6589
0.0413 -0.7289 -0.6511
0.0413 -0.7289 -0.6511
0.0459 -0.7303 -0.6558
0.0392 -0.7221 -0.6552
0.0321 -0.7216 -0.6668
0.0331 -0.7309 -0.6575
0.0341 -0.7321 -0.6508
0.0341 -0.7321 -0.6508
0.0381 -0.7264 -0.6667
0.0387 -0.7282 -0.6773
0.0338 -0.7287 -0.6794
0.0320 -0.7249 -0.6671
0.0292 -0.7305 -0.6736
0.0292 -0.7305 -0.6736
0.0321 -0.7332 -0.6714
0.0313 -0.7320 -0.6639
0.0232 -0.7270 -0.6762
0.0324 -0.7311 -0.6779
0.0374 -0.7294 -0.6693
0.0374 -0.7294 -0.6693
0.0323 -0.7244 -0.6555
0.0240 -0.7228 -0.6586
0.0282 -0.7285 -0.6624
0.0339 -0.7315 -0.6626
0.0339 -0.7315 -0.6626
0.0320 -0.7238 -0.6578
0.0313 -0.7194 -0.6664
0.0312 -0.7259 -0.6692
0.0310 -0.7329 -0.6799
0.0363 -0.7315 -0.6821
0.0363 -0.7315 -0.6821
0.0309 -0.7327 -0.6772
0.0331 -0.7293 -0.6591

