0.0370 -0.3533 -0.9242
0.0370 -0.3533 -0.9242
0.0370 -0.3619 -0.9081
0.0363 -0.3572 -0.8990
0.0295 -0.3524 -0.8966
0.0288 -0.3559 -0.9060
0.0374 -0.3592 -0.9047
0.0374 -0.3592 -0.9047
0.0343 -0.3574 -0.9129
0.0310 -0.3568 -0.9232
0.0354 -0.3546 -0.9316
0.0328 -0.3501 -0.9221
0.0328 -0.3501 -0.9221
0.0341 -0.3515 -0.9246
0.0327 -0.3519 -0.9231
0.0328 -0.3569 -0.9144
0.0407 -0.3518 -0.9138
0.0460 -0.3493 -0.9253
0.0460 -0.3493 -0.9253
0.0403 -0.3471 -0.9265
0.0410 -0.3558 -0.9193
0.0399 -0.3551 -0.9168
0.0398 -0.3474 -0.9275
0.0421 -0.3497 -0.9243
0.0421 -0.3497 -0.9243
0.0437 -0.3498 -0.9191
0.0466 -0.3501 -0.9240
0.0438 -0.3525 -0.9235
0.0399 -0.3549 -0.9135
0.0428 -0.3565 -0.9129
0.0428 -0.3565 -0.9129
0.0420 -0.3522 -0.9173
0.0447 -0.3522 -0.9301
0.0383 -0.3496 -0.9210
0.0372 -0.3560 -0.9179
0.0385 -0.3547 -0.9130
0.0385 -0.3547 -0.9130
0.0352 -0.3479 -0.9176
0.0409 -0.3441 -0.9270
0.0441 -0.3388 -0.9249
0.0410 -0.3559 -0.9105
0.0410 -0.3559 -0.9105
0.0396 -0.3620 -0.9084
0.0442 -0.3569 -0.9260
0.0408 -0.3492 -0.9330
0.0284 -0.3509 -0.9188
0.0276 -0.3507 -0.9141
0.0276 -0.3507 -0.9141
0.0329 -0.3569 -0.9193
0.0371 -0.3540 -0.9221
0.0378 -0.3568 -0.9221
0.0407 -0.3540 -0.9233
0.0365 -0.3542 -0.9280
0.0365 -0.3542 -0.9280
0.0379 -0.3515 -0.9209
0.0316 -0.3541 -0.9093
0.0330 -0.3548 -0.9174
0.0363 -0.3541 -0.9209
0.0430 -0.3588 -0.9240
0.0430 -0.3588 -0.9240
0.0406 -0.3564 -0.9263
0.0325 -0.3535 -0.9185
0.0333 -0.3541 -0.9203
0.0405 -0.3596 -0.9232
0.0405 -0.3596 -0.9232
0.0370 -0.3617 -0.9256
0.0376 -0.3634 -0.9138
0.0465 -0.3579 -0.9156
0.0423 -0.3557 -0.9097
0.0405 -0.3525 -0.9160
0.0405 -0.3525 -0.9160
0.0387 -0.3532 -0.9158
0.0402 -0.3533 -0.9136
0.0382 -0.3540 -0.9154
0.0409 -0.3547 -0.9126
0.0422 -0.3558 -0.9111
0.0422 -0.3558 -0.9111
0.0431 -0.3569 -0.9106
0.0431 -0.3588 -0.9063
0.0430 -0.3574 -0.9101
0.0425 -0.3599 -0.9123
0.0392 -0.3579 -0.9208
0.0392 -0.3579 -0.9208
0.0357 -0.3616 -0.9139
0.0338 -0.3616 -0.9124
0.0412 -0.3607 -0.9179
0.0382 -0.3521 -0.9178
0.0410 -0.3535 -0.9219
0.0410 -0.3535 -0.9219
0.0380 -0.3552 -0.9032
0.0239 -0.3538 -0.9143
0.0253 -0.3714 -0.9151
0.0315 -0.3794 -0.9329
0.0315 -0.3794 -0.9329
0.0363 -0.3780 -0.9353
0.0476 -0.3742 -0.9344
0.0510 -0.3547 -0.9117
0.0382 -0.3455 -0.9272
0.0220 -0.3451 -0.9157
0.0220 -0.3451 -0.9157
0.0199 -0.3594 -0.9020
0.0253 -0.3650 -0.9124
0.0301 -0.3640 -0.9083
0.0380 -0.3604 -0.9285
0.0411 -0.3572 -0.9295
0.0411 -0.3572 -0.9295
0.0409 -0.3587 -0.9229
0.0357 -0.3509 -0.9220
0.0372 -0.3523 -0.9101
0.0323 -0.3560 -0.9140
0.0337 -0.3559 -0.9052
0.0337 -0.3559 -0.9052
0.0351 -0.3523 -0.9123
0.0352 -0.3554 -0.9161
0.0336 -0.3568 -0.9116
0.0303 -0.3522 -0.9195
0.0325 -0.3488 -0.9171
0.0325 -0.3488 -0.9171
0.0319 -0.3515 -0.9258
0.0349 -0.3485 -0.9212
0.0376 -0.3579 -0.9183
0.0375 -0.3554 -0.9167
0.0375 -0.3554 -0.9167
0.0406 -0.3526 -0.9216
0.0408 -0.3526 -0.9230
0.0340 -0.3506 -0.9239
0.0321 -0.3511 -0.9228
0.0357 -0.3509 -0.9213
0.0357 -0.3509 -0.9213
0.0375 -0.3498 -0.9302
0.0363 -0.3562 -0.9216
0.0352 -0.3536 -0.9214
0.0384 -0.3494 -0.9158
0.0355 -0.3444 -0.9083
0.0355 -0.3444 -0.9083
0.0391 -0.3455 -0.9201
0.0420 -0.3522 -0.9138
0.0407 -0.3472 -0.9175
0.0422 -0.3462 -0.9259
0.0383 -0.3506 -0.9368
0.0383 -0.3506 -0.9368
0.0348 -0.3524 -0.9247
0.0320 -0.3504 -0.9278
0.0307 -0.3541 -0.9246
0.0369 -0.3538 -0.9194
0.0411 -0.3552 -0.9191
0.0411 -0.3552 -0.9191
0.0468 -0.3606 -0.9124
0.0517 -0.3579 -0.9196
0.0480 -0.3565 -0.9196
0.0375 -0.3572 -0.9158
0.0375 -0.3572 -0.9158
0.0289 -0.3483 -0.9135
0.0313 -0.3524 -0.9117
0.0298 -0.3605 -0.9102
0.0371 -0.3618 -0.9295
0.0350 -0.3599 -0.9352
0.0350 -0.3599 -0.9352
0.0381 -0.3602 -0.9234
0.0392 -0.3606 -0.9171
0.0324 -0.3637 -0.9078
0.0359 -0.3683 -0.9044
0.0391 -0.3731 -0.9148
0.0391 -0.3731 -0.9148
0.0478 -0.3651 -0.9258
0.0484 -0.3598 -0.9229
0.0402 -0.3611 -0.9166
0.0372 -0.3652 -0.9231
0.0284 -0.3592 -0.9068
0.0284 -0.3592 -0.9068
0.0333 -0.3637 -0.8976
0.0332 -0.3663 -0.9057
0.0400 -0.3632 -0.9099
0.0342 -0.3553 -0.8883
0.0342 -0.3553 -0.8883
0.0350 -0.3637 -0.9127
0.0342 -0.3702 -0.9166
0.0332 -0.3798 -0.9254
0.0425 -0.3812 -0.9379
0.0434 -0.3740 -0.9242
0.0434 -0.3740 -0.9242
0.0383 -0.3641 -0.9094
0.0433 -0.3628 -0.9150
0.0385 -0.3637 -0.9104
0.0352 -0.3728 -0.9028
0.0385 -0.3717 -0.9115
0.0385 -0.3717 -0.9115
0.0376 -0.3669 -0.9095
0.0415 -0.3679 -0.9014
0.0368 -0.3615 -0.9071
0.0350 -0.3646 -0.9100
0.0351 -0.3674 -0.9147
0.0351 -0.3674 -0.9147
0.0355 -0.3629 -0.9117
0.0357 -0.3629 -0.9106
0.0349 -0.3565 -0.9100
0.0405 -0.3623 -0.9108
0.0341 -0.3639 -0.9115
0.0341 -0.3639 -0.9115
0.0390 -0.3666 -0.9022
0.0436 -0.3641 -0.9071
0.0443 -0.3633 -0.9309
0.0358 -0.3666 -0.9259
0.0358 -0.3666 -0.9259
0.0315 -0.3563 -0.9077
0.0341 -0.3581 -0.9194
0.0416 -0.3669 -0.9207
0.0389 -0.3614 -0.9238
0.0444 -0.3619 -0.9264
0.0444 -0.3619 -0.9264
0.0435 -0.3577 -0.9258
0.0437 -0.3584 -0.9163
0.0376 -0.3591 -0.9208
0.0356 -0.3648 -0.9104
0.0345 -0.3484 -0.8954
0.0345 -0.3484 -0.8954
0.0586 -0.3295 -0.8223
0.0642 -0.3673 -0.9532
0.0260 -0.3851 -0.9853
0.0332 -0.3664 -0.9569
0.0412 -0.3539 -0.9182
0.0412 -0.3539 -0.9182
0.0580 -0.3072 -0.9018
0.0440 -0.3664 -0.9257
0.0483 -0.3657 -0.9139
0.0614 -0.3571 -0.9279
0.0614 -0.3571 -0.9279
0.0589 -0.3546 -0.9430
0.0535 -0.3526 -0.9294
0.0494 -0.3552 -0.9204
0.0554 -0.3569 -0.9228
0.0554 -0.3569 -0.9228
0.0692 -0.3583 -0.9380
0.0745 -0.3598 -0.9376
0.0742 -0.3583 -0.9370
0.0707 -0.3557 -0.9279
0.0714 -0.3555 -0.9220
0.0714 -0.3555 -0.9220
0.0677 -0.3523 -0.9152
0.0613 -0.3538 -0.9063
0.0550 -0.3598 -0.8922
0.0542 -0.3599 -0.8840
0.0553 -0.3583 -0.8957
0.0553 -0.3583 -0.8957
0.0549 -0.3566 -0.9028
0.0548 -0.3613 -0.8919
0.0592 -0.3583 -0.8905
0.0677 -0.3642 -0.8774
0.0692 -0.3635 -0.8692
0.0692 -0.3635 -0.8692
0.0701 -0.3726 -0.8632
0.0851 -0.3725 -0.8765
0.1146 -0.3674 -0.8625
0.1306 -0.3534 -0.8652
0.1368 -0.3517 -0.8760
0.1368 -0.3517 -0.8760
0.1609 -0.3515 -0.8867
0.1812 -0.3440 -0.9039
0.1860 -0.3237 -0.8956
0.2135 -0.3630 -0.8792
0.2135 -0.3630 -0.8792
0.2509 -0.3202 -0.8898
0.2682 -0.3353 -0.8988
0.3051 -0.3547 -0.9207
0.3278 -0.3722 -0.9538
0.3159 -0.3681 -0.9571
0.3159 -0.3681 -0.9571
0.2905 -0.3449 -0.9755
0.2691 -0.3188 -0.9961
0.2486 -0.3493 -0.9871
0.2422 -0.3286 -1.0157
0.2149 -0.3263 -1.0068
0.2149 -0.3263 -1.0068
0.1863 -0.3235 -0.9793
0.1670 -0.3119 -0.9478
0.1805 -0.3075 -0.9348
0.2002 -0.3065 -0.9128
0.2096 -0.3050 -0.9002
0.2096 -0.3050 -0.9002
0.2280 -0.2961 -0.9462
0.2442 -0.3283 -0.8817
0.2699 -0.3249 -0.8512
0.2908 -0.3156 -0.8344
0.2908 -0.3156 -0.8344
0.3000 -0.2537 -0.8556
0.2994 -0.2744 -0.7792
0.3262 -0.2841 -0.8148
0.3345 -0.2678 -0.7976
0.3480 -0.2533 -0.7979
0.3480 -0.2533 -0.7979
0.3635 -0.2785 -0.8440
0.3719 -0.2928 -0.8582
0.3580 -0.3056 -0.8483
0.3517 -0.3347 -0.8364
0.3620 -0.3459 -0.8236
0.3620 -0.3459 -0.8236
0.3931 -0.3338 -0.8606
0.3729 -0.2982 -0.9660
0.3332 -0.2630 -0.9747
0.2811 -0.3145 -0.9017
0.2205 -0.3291 -0.8706
0.2205 -0.3291 -0.8706
0.1546 -0.3101 -0.9660
0.1071 -0.2768 -1.0984
0.0809 -0.2533 -1.0895
0.0480 -0.2639 -0.9565
0.0186 -0.2823 -1.0060
0.0186 -0.2823 -1.0060
-0.0028 -0.2789 -1.0383
-0.0267 -0.2591 -1.1322
-0.0354 -0.2406 -1.1761
-0.0578 -0.2306 -1.0771
-0.0578 -0.2306 -1.0771
-0.0867 -0.2531 -0.9378
-0.0760 -0.2815 -0.7846
-0.0410 -0.2809 -0.7360
-0.0075 -0.2884 -0.7299
0.0236 -0.2881 -0.7885
0.0236 -0.2881 -0.7885
0.0311 -0.2854 -0.8478
0.0380 -0.2653 -0.9021
0.0217 -0.2660 -0.9441
0.0206 -0.2748 -0.9828
0.0332 -0.2782 -0.9374
0.0332 -0.2782 -0.9374
0.0340 -0.2935 -0.9442
0.0048 -0.3059 -0.9421
-0.0166 -0.3218 -0.9375
0.0073 -0.3385 -0.9455
0.0621 -0.3217 -0.9368
0.0621 -0.3217 -0.9368
0.0905 -0.3422 -0.9336
0.0941 -0.3571 -0.9584
0.1002 -0.3752 -0.9810
0.0965 -0.3880 -1.0275
0.0920 -0.4075 -1.0688
0.0920 -0.4075 -1.0688
0.0818 -0.4212 -1.0994
0.0979 -0.4195 -1.1210
0.1164 -0.4199 -1.1109
0.1438 -0.4789 -1.0834
0.1438 -0.4789 -1.0834
0.1724 -0.4900 -1.0853
0.2106 -0.4496 -1.1744
0.2742 -0.2987 -1.3539
0.3107 -0.1700 -1.3902
0.2759 -0.1431 -1.1275
0.2759 -0.1431 -1.1275
0.2329 -0.1932 -0.7718
0.2292 -0.2296 -0.5114
0.2665 -0.2559 -0.4057
0.2990 -0.2463 -0.5124
0.3033 -0.2233 -0.7264
0.3033 -0.2233 -0.7264
0.2823 -0.1909 -0.9743
0.2160 -0.1795 -1.0221
0.1202 -0.1753 -0.9014
0.0349 -0.2070 -0.8073
-0.0392 -0.2386 -0.7285
-0.0392 -0.2386 -0.7285
-0.0827 -0.2683 -0.6611
-0.0860 -0.3140 -0.6596
-0.0670 -0.3506 -0.6866
-0.0481 -0.3810 -0.7232
-0.0234 -0.4172 -0.7689
-0.0234 -0.4172 -0.7689
0.0119 -0.4429 -0.8174
0.0496 -0.4662 -0.8632
0.0837 -0.4680 -0.9084
0.1125 -0.4697 -0.9657
0.1125 -0.4697 -0.9657
0.1323 -0.4852 -1.0036
0.1299 -0.5009 -1.0437
0.1181 -0.4910 -1.0924
0.1005 -0.4598 -1.1683
0.0760 -0.4718 -1.2481
0.0760 -0.4718 -1.2481
0.0216 -0.4635 -1.2863
-0.0224 -0.3936 -1.3037
-0.0700 -0.3382 -1.3078
-0.1313 -0.2238 -1.3152
-0.1860 -0.0778 -1.2741
-0.1860 -0.0778 -1.2741
-0.2350 -0.0310 -1.1156
-0.2802 -0.0690 -0.8568
-0.3239 -0.0913 -0.6755
-0.3063 -0.0746 -0.6562
-0.1721 -0.0558 -0.8560
-0.1721 -0.0558 -0.8560
0.0219 0.0090 -1.0505
0.1984 0.0121 -1.1055
0.2917 -0.0843 -0.9440
0.3186 -0.1995 -0.7752
0.3186 -0.1995 -0.7752
0.3295 -0.2742 -0.6449
0.3351 -0.3508 -0.5448
0.3138 -0.4300 -0.4893
0.2915 -0.4954 -0.5175
0.2850 -0.5321 -0.5902
0.2850 -0.5321 -0.5902
0.2894 -0.5368 -0.7056
0.2954 -0.5393 -0.8197
0.3053 -0.5386 -0.8811
0.3167 -0.5407 -0.9277
0.3196 -0.5644 -0.9618
0.3196 -0.5644 -0.9618
0.3187 -0.5983 -0.9704
0.3264 -0.6354 -0.9603
0.3516 -0.6479 -0.9585
0.3847 -0.6625 -0.9588
0.4086 -0.6660 -0.9719
0.4086 -0.6660 -0.9719
0.4009 -0.6343 -1.0399
0.3930 -0.5604 -1.1595
0.3686 -0.3829 -1.2089
0.3121 -0.2194 -1.2042
0.2108 -0.1784 -0.9772
0.2108 -0.1784 -0.9772
0.1584 -0.2323 -0.6172
0.1540 -0.3253 -0.4314
0.1876 -0.3915 -0.3964
0.2393 -0.3714 -0.5090
0.2393 -0.3714 -0.5090
0.2539 -0.3563 -0.8115
0.2397 -0.3184 -1.0918
0.1733 -0.3013 -1.1959
0.0835 -0.2608 -1.0846
-0.0049 -0.2814 -0.9313
-0.0049 -0.2814 -0.9313
-0.0589 -0.3081 -0.8004
-0.1050 -0.3042 -0.6880
-0.1294 -0.3303 -0.6292
-0.1457 -0.3675 -0.6572
-0.1331 -0.4043 -0.7303
-0.1079 -0.4283 -0.7894
-0.0813 -0.4384 -0.8514
-0.0668 -0.4538 -0.8861
-0.0770 -0.4876 -0.8824
-0.0911 -0.5253 -0.9099
-0.0911 -0.5253 -0.9099
-0.0927 -0.5325 -0.9663
-0.1122 -0.5161 -1.0423
-0.1351 -0.5183 -1.1423
-0.1116 -0.4588 -1.2926
-0.0778 -0.4502 -1.3845
-0.0778 -0.4502 -1.3845
-0.0830 -0.4050 -1.3909
-0.1024 -0.2886 -1.3621
-0.1334 -0.2301 -1.2095
-0.1678 -0.2613 -0.9276
-0.1678 -0.2613 -0.9276
-0.2096 -0.3222 -0.7387
-0.2592 -0.3174 -0.7081
-0.2511 -0.2680 -0.8138
-0.1550 -0.2161 -1.0856
-0.0386 -0.2094 -1.2863
-0.0386 -0.2094 -1.2863
0.0621 -0.2166 -1.1203
0.1466 -0.2692 -0.9119
0.2281 -0.3197 -0.6779
0.2731 -0.3757 -0.5243
0.2964 -0.4693 -0.4201
0.2964 -0.4693 -0.4201
0.3175 -0.5311 -0.3862
0.3176 -0.6089 -0.3889
0.3306 -0.6420 -0.4472
0.3304 -0.6696 -0.5582
0.3390 -0.6844 -0.6245
0.3390 -0.6844 -0.6245
0.3502 -0.6659 -0.6978
0.3354 -0.6849 -0.7482
0.3197 -0.7445 -0.7432
0.3120 -0.7744 -0.7407
0.3080 -0.7759 -0.7854
0.3080 -0.7759 -0.7854
0.3096 -0.7547 -0.8584
0.3068 -0.7449 -0.9304
0.2937 -0.7337 -0.9425
0.2890 -0.7883 -0.8837
0.2890 -0.7883 -0.8837
0.3066 -0.7525 -0.9135
0.3176 -0.5957 -0.9720
0.2807 -0.4975 -0.9383
0.2300 -0.4903 -0.6942
0.1908 -0.5794 -0.4671
0.1908 -0.5794 -0.4671
0.1975 -0.6499 -0.3923
0.2257 -0.6226 -0.4303
0.2571 -0.5502 -0.6842
0.2625 -0.4996 -1.0121
0.1560 -0.4458 -1.1884
0.1560 -0.4458 -1.1884
0.0049 -0.4290 -1.1124
-0.0949 -0.4328 -0.8762
-0.1463 -0.4210 -0.7195
-0.1830 -0.4374 -0.6019
-0.2317 -0.4599 -0.5249
-0.2317 -0.4599 -0.5249
-0.2667 -0.5014 -0.5243
-0.2762 -0.5417 -0.5906
-0.2495 -0.5657 -0.6760
-0.2041 -0.5764 -0.7238
-0.2041 -0.5764 -0.7238
-0.1803 -0.5718 -0.7387
-0.1783 -0.6019 -0.7401
-0.1660 -0.6610 -0.7263
-0.1481 -0.7054 -0.7379
-0.1523 -0.7289 -0.8127
-0.1523 -0.7289 -0.8127
-0.1509 -0.7563 -0.8762
-0.1776 -0.7474 -0.9716
-0.1923 -0.7477 -1.0935
-0.2299 -0.7772 -1.1579
-0.2402 -0.6790 -1.1969
-0.2402 -0.6790 -1.1969
-0.2469 -0.5425 -1.2028
-0.2515 -0.4723 -1.0512
-0.2549 -0.4417 -0.7206
-0.2662 -0.4798 -0.5013
-0.2565 -0.5529 -0.3467
-0.2565 -0.5529 -0.3467
-0.2222 -0.5827 -0.3971
-0.1699 -0.5452 -0.5072
-0.1228 -0.5288 -0.8376
-0.0439 -0.5341 -1.1544
0.0293 -0.5292 -1.1116
0.0293 -0.5292 -1.1116
0.1089 -0.5067 -0.8409
0.1241 -0.5751 -0.6082
0.1316 -0.6098 -0.4473
0.1308 -0.6588 -0.3612
0.1366 -0.7200 -0.3695
0.1366 -0.7200 -0.3695
0.1489 -0.7533 -0.4465
0.1486 -0.7581 -0.5708
0.1387 -0.7566 -0.6773
0.1191 -0.7322 -0.7775
0.1191 -0.7322 -0.7775
0.0940 -0.7148 -0.8066
0.0751 -0.7051 -0.7265
0.0540 -0.7122 -0.6474
0.0532 -0.7587 -0.6185
0.0892 -0.7953 -0.6261
0.0892 -0.7953 -0.6261
0.1510 -0.8204 -0.6569
0.2099 -0.8465 -0.7232
0.2623 -0.8598 -0.7897
0.2830 -0.9296 -0.8670
0.2837 -0.8308 -1.0114
0.2837 -0.8308 -1.0114
0.2176 -0.6292 -1.0851
0.1533 -0.4829 -1.0024
0.0898 -0.4088 -0.7255
0.0728 -0.4198 -0.4900
0.1166 -0.5007 -0.3347
0.1166 -0.5007 -0.3347
0.1741 -0.5597 -0.3105
0.2342 -0.5728 -0.5213
0.2432 -0.5223 -0.8753
0.1249 -0.5597 -1.2833
0.1249 -0.5597 -1.2833
-0.0309 -0.5708 -1.3311
-0.1641 -0.5480 -1.1344
-0.1965 -0.5029 -0.8730
-0.2358 -0.4363 -0.6535
-0.2684 -0.4302 -0.5270
-0.2684 -0.4302 -0.5270
-0.3049 -0.4789 -0.4931
-0.3173 -0.4950 -0.5291
-0.3536 -0.5414 -0.5542
-0.3468 -0.5491 -0.5990
-0.3446 -0.5649 -0.7128
-0.3446 -0.5649 -0.7128
-0.3406 -0.5975 -0.8641
-0.3232 -0.6159 -0.9331
-0.3061 -0.6616 -0.9594
-0.3004 -0.6379 -0.9252
-0.2911 -0.6410 -0.8816
-0.2911 -0.6410 -0.8816
-0.2985 -0.6311 -0.8920
-0.3202 -0.6242 -0.9128
-0.3503 -0.6649 -0.9052
-0.3828 -0.6711 -0.8980
-0.3828 -0.6711 -0.8980
-0.4221 -0.6859 -0.9674
-0.4554 -0.6179 -1.1075
-0.4365 -0.5056 -1.2674
-0.3268 -0.4451 -1.1770
-0.1787 -0.3747 -0.8408
-0.1787 -0.3747 -0.8408
-0.0089 -0.3724 -0.6165
0.1269 -0.4556 -0.4438
0.2251 -0.5500 -0.3932
0.2560 -0.5720 -0.5317
0.1974 -0.5744 -0.8584
0.1974 -0.5744 -0.8584
0.1365 -0.6340 -1.2526
0.1276 -0.6516 -1.2924
0.1637 -0.5887 -1.0330
0.2369 -0.5408 -0.7226
0.3045 -0.4988 -0.5136
0.3045 -0.4988 -0.5136
0.3505 -0.4706 -0.3864
0.3867 -0.4705 -0.4074
0.3853 -0.4698 -0.4425
0.3663 -0.4497 -0.5503
0.3605 -0.4072 -0.6819
0.3605 -0.4072 -0.6819
0.3206 -0.3971 -0.8403
0.3338 -0.4474 -0.9417
0.3323 -0.4444 -1.0720
0.3348 -0.4911 -1.3231
0.3348 -0.4911 -1.3231
0.2194 -0.5844 -1.6067
0.0687 -0.6169 -1.6442
-0.0976 -0.5585 -1.3478
-0.1682 -0.5359 -0.9855
-0.1218 -0.5129 -0.7019
-0.1218 -0.5129 -0.7019
-0.0341 -0.5005 -0.6107
0.0544 -0.5561 -0.6658
0.1126 -0.5727 -0.7634
0.1273 -0.5395 -0.7787
0.1310 -0.5536 -0.7614
0.1310 -0.5536 -0.7614
0.1230 -0.5936 -0.7851
0.1209 -0.6173 -0.8414
0.1251 -0.6413 -0.9110
0.1196 -0.6432 -0.9936
0.1296 -0.6566 -1.0306
0.1296 -0.6566 -1.0306
0.1371 -0.6154 -1.0076
0.1298 -0.5346 -0.8600
0.0543 -0.4849 -0.7623
-0.0276 -0.4583 -0.7115
-0.1198 -0.4553 -0.6651
-0.1198 -0.4553 -0.6651
-0.2115 -0.4522 -0.6357
-0.2964 -0.4388 -0.6081
-0.3332 -0.4829 -0.5957
-0.3580 -0.5308 -0.5456
-0.3580 -0.5308 -0.5456
-0.3642 -0.5656 -0.5531
-0.3315 -0.6021 -0.6313
-0.2871 -0.6413 -0.7208
-0.2926 -0.6799 -0.8029
-0.3416 -0.7663 -0.7862
-0.3416 -0.7663 -0.7862
-0.4405 -0.7772 -0.9014
-0.4910 -0.7013 -1.1684
-0.4407 -0.6318 -1.3333
-0.3420 -0.5634 -1.1104
-0.2356 -0.5278 -0.8231
-0.2356 -0.5278 -0.8231
-0.1836 -0.5314 -0.6359
-0.1621 -0.5452 -0.5808
-0.0983 -0.5704 -0.6851
-0.0385 -0.5733 -0.7651
0.0009 -0.5422 -0.7404
0.0009 -0.5422 -0.7404
0.0494 -0.5327 -0.6798
0.0881 -0.5488 -0.6315
0.1184 -0.5766 -0.6042
0.1305 -0.6127 -0.5812
0.1189 -0.6354 -0.5428
0.1189 -0.6354 -0.5428
0.0960 -0.6444 -0.5852
0.0611 -0.6713 -0.6839
0.0267 -0.6723 -0.7939
0.0299 -0.6897 -0.9105
0.0299 -0.6897 -0.9105
0.0444 -0.6995 -0.9854
0.0604 -0.7146 -0.9817
0.0498 -0.6982 -0.8783
0.0453 -0.6749 -0.8063
0.0508 -0.6654 -0.7439
0.0508 -0.6654 -0.7439
0.0667 -0.6744 -0.7305
0.1089 -0.7076 -0.7518
0.1781 -0.7487 -0.7840
0.2621 -0.8554 -0.7240
0.3693 -0.8266 -0.7816
0.3693 -0.8266 -0.7816
0.5226 -0.7368 -1.2082
0.5512 -0.6677 -1.5170
0.4584 -0.6118 -1.2883
0.4001 -0.4974 -0.7813
0.3483 -0.4915 -0.5645
0.3483 -0.4915 -0.5645
0.3584 -0.4395 -0.6619
0.3106 -0.4431 -0.8225
0.1987 -0.4248 -0.9072
0.0589 -0.4119 -0.8550
-0.0068 -0.3875 -0.7346
-0.0068 -0.3875 -0.7346
-0.1200 -0.3555 -0.6878
-0.1490 -0.3694 -0.6019
-0.2081 -0.3375 -0.4852
-0.2471 -0.3330 -0.4437
-0.2471 -0.3330 -0.4437
-0.2668 -0.3915 -0.4613
-0.2911 -0.4721 -0.5206
-0.2797 -0.5305 -0.5709
-0.2705 -0.5150 -0.6101
-0.3629 -0.5761 -0.6184
-0.3629 -0.5761 -0.6184
-0.4169 -0.6430 -0.5177
-0.4343 -0.6521 -0.6340
-0.4583 -0.7549 -0.7561
-0.4966 -0.7900 -0.9154
-0.5131 -0.7806 -1.0128
-0.5131 -0.7806 -1.0128
-0.5322 -0.7896 -1.0114
-0.5525 -0.8063 -1.0123
-0.5364 -0.7712 -1.1171
-0.5130 -0.6220 -1.3205
-0.4163 -0.5279 -1.3622
-0.4163 -0.5279 -1.3622
-0.3317 -0.4110 -1.0973
-0.2917 -0.3644 -0.7658
-0.2738 -0.4175 -0.5635
-0.3147 -0.4429 -0.6803
-0.3147 -0.4429 -0.6803
-0.2873 -0.4677 -0.9020
-0.1691 -0.4545 -0.9392
-0.0342 -0.3822 -0.7681
0.0902 -0.3482 -0.6033
0.1823 -0.3989 -0.4882
0.1823 -0.3989 -0.4882
0.2289 -0.4741 -0.4389
0.2485 -0.5731 -0.3995
0.2654 -0.6810 -0.4328
0.2868 -0.7370 -0.4758
0.3277 -0.7225 -0.5791
0.3277 -0.7225 -0.5791
0.3647 -0.7249 -0.6860
0.3946 -0.6903 -0.8006
0.4149 -0.7571 -0.9074
0.3628 -0.7513 -0.8325
0.2968 -0.7744 -0.7631
0.2968 -0.7744 -0.7631
0.2422 -0.8375 -0.7195
0.2055 -0.8433 -0.7082
0.2098 -0.8078 -0.7413
0.2642 -0.8248 -0.7657
0.3486 -0.7795 -0.8556
0.3486 -0.7795 -0.8556
0.4038 -0.7691 -0.9710
0.4233 -0.6469 -1.0549
0.4287 -0.5066 -1.0078
0.3945 -0.4509 -0.8183
0.3945 -0.4509 -0.8183
0.3156 -0.5033 -0.6009
0.2839 -0.5947 -0.4864
0.2999 -0.5264 -0.5456
0.2973 -0.4700 -0.7232
0.2224 -0.4985 -0.9713
0.2224 -0.4985 -0.9713
0.1304 -0.4393 -0.9826
0.0157 -0.3760 -0.8636
-0.0631 -0.3595 -0.8009
-0.1277 -0.3824 -0.8053
-0.1904 -0.3708 -0.7612
-0.1904 -0.3708 -0.7612
-0.2253 -0.3761 -0.7225
-0.2734 -0.4257 -0.6332
-0.3300 -0.4875 -0.6114
-0.3336 -0.4865 -0.6281
-0.3294 -0.4740 -0.6664
-0.3294 -0.4740 -0.6664
-0.3345 -0.4496 -0.6676
-0.3546 -0.4774 -0.6957
-0.3711 -0.5370 -0.7127
-0.3820 -0.5467 -0.7749
-0.4012 -0.5271 -0.8954
-0.4012 -0.5271 -0.8954
-0.4238 -0.5690 -1.0234
-0.4721 -0.5752 -1.1003
-0.4867 -0.5853 -1.1690
-0.4562 -0.5329 -1.2213
-0.4562 -0.5329 -1.2213
-0.4051 -0.4216 -1.2449
-0.3808 -0.4211 -1.0758
-0.4304 -0.4699 -0.8430
-0.3162 -0.4815 -0.6369
-0.3525 -0.3574 -0.6226
-0.3525 -0.3574 -0.6226
-0.3417 -0.4121 -0.8614
-0.2823 -0.4547 -1.1592
-0.1343 -0.4878 -1.0402
-0.0479 -0.3514 -0.9131
0.0893 -0.3986 -0.7172
0.0893 -0.3986 -0.7172
0.1279 -0.4100 -0.6266
0.1654 -0.4360 -0.5291
0.2072 -0.4808 -0.4645
0.1565 -0.5927 -0.4633
0.2044 -0.6358 -0.4881
0.2044 -0.6358 -0.4881
0.2512 -0.5964 -0.5850
0.2626 -0.6256 -0.6798
0.2253 -0.6142 -0.7415
0.2245 -0.6171 -0.8198
0.2245 -0.6171 -0.8198
0.1818 -0.6428 -0.8095
0.1355 -0.6862 -0.7828
0.1174 -0.7402 -0.8031
0.1238 -0.7486 -0.8459
0.1166 -0.7847 -0.9385
0.1166 -0.7847 -0.9385
0.1388 -0.7889 -1.0418
0.1518 -0.8092 -1.0254
0.1669 -0.6698 -1.1086
0.1585 -0.5257 -1.2785
0.1171 -0.4581 -1.2067
0.1171 -0.4581 -1.2067
0.0912 -0.4892 -0.8950
0.1175 -0.5406 -0.5728
0.1687 -0.5826 -0.4181
0.2475 -0.5771 -0.5642
0.2478 -0.5362 -0.7855
0.2478 -0.5362 -0.7855
0.2130 -0.4890 -1.0330
0.1301 -0.4655 -1.2130
0.0301 -0.4266 -1.1270
-0.0722 -0.3736 -0.8664
-0.1487 -0.3616 -0.6414
-0.1487 -0.3616 -0.6414
-0.2239 -0.3749 -0.4946
-0.2709 -0.4046 -0.4261
-0.2861 -0.4595 -0.4685
-0.2980 -0.4936 -0.5620
-0.2980 -0.4936 -0.5620
-0.3025 -0.5195 -0.6371
-0.2951 -0.5293 -0.7086
-0.2917 -0.5507 -0.7608
-0.2887 -0.5827 -0.7709
-0.2926 -0.6141 -0.7686
-0.2926 -0.6141 -0.7686
-0.3056 -0.6511 -0.8074
-0.3286 -0.6757 -0.8353
-0.3654 -0.7801 -0.8237
-0.3986 -0.7914 -0.8886
-0.4279 -0.6906 -1.1439
-0.4279 -0.6906 -1.1439
-0.4226 -0.5302 -1.3978
-0.4111 -0.4378 -1.2384
-0.3191 -0.4560 -0.7736
-0.2000 -0.5349 -0.4399
-0.1406 -0.6008 -0.2991
-0.1406 -0.6008 -0.2991
-0.1357 -0.6493 -0.4420
-0.1910 -0.6640 -0.7695
-0.1525 -0.7005 -1.2016
-0.0540 -0.6540 -1.1762
0.0854 -0.6185 -0.9312
0.0854 -0.6185 -0.9312
0.2731 -0.5000 -0.6702
0.3113 -0.5315 -0.4897
0.2626 -0.6288 -0.5030
0.3414 -0.6006 -0.2720
0.3813 -0.6175 -0.3318
0.3813 -0.6175 -0.3318
0.3157 -0.6745 -0.4317
0.2778 -0.6718 -0.5174
0.2639 -0.6243 -0.6751
0.2349 -0.6543 -0.7597
0.2349 -0.6543 -0.7597
0.2210 -0.6523 -0.7721
0.2123 -0.6552 -0.7358
0.1894 -0.6820 -0.7112
0.1753 -0.6808 -0.7495
0.2029 -0.6535 -0.8743
0.2029 -0.6535 -0.8743
0.2194 -0.6510 -0.9951
0.2192 -0.6091 -1.0520
0.1889 -0.6740 -0.9729
0.1691 -0.6225 -0.9717
0.2078 -0.4648 -1.0918
0.2078 -0.4648 -1.0918
0.1872 -0.3461 -1.2963
0.1537 -0.3016 -1.3869
0.0945 -0.2862 -1.1241
0.0902 -0.2824 -0.8148
0.0955 -0.3389 -0.6155
0.0955 -0.3389 -0.6155
0.1070 -0.3940 -0.4872
0.1397 -0.4070 -0.5276
0.2040 -0.4148 -0.7033
0.2661 -0.3994 -0.9051
0.2661 -0.3994 -0.9051
0.2889 -0.3848 -1.0730
0.2775 -0.4080 -1.1454
0.2390 -0.3936 -1.0769
0.1656 -0.3865 -0.9492
0.0581 -0.4180 -0.7760
0.0581 -0.4180 -0.7760
-0.0157 -0.4567 -0.6539
-0.0549 -0.5135 -0.6573
-0.0316 -0.5363 -0.7902
-0.0324 -0.5042 -0.7790
-0.0304 -0.5097 -0.9026
-0.0304 -0.5097 -0.9026
-0.0194 -0.5152 -0.9142
-0.0540 -0.5048 -0.9245
-0.0984 -0.5073 -0.9209
-0.1239 -0.4810 -0.8824
-0.1258 -0.4680 -0.8633
-0.1258 -0.4680 -0.8633
-0.1443 -0.4992 -0.9082
-0.1723 -0.4291 -0.9509
-0.1727 -0.3315 -0.9929
-0.2119 -0.2954 -1.0974
-0.2119 -0.2954 -1.0974
-0.2395 -0.2980 -1.0455
-0.2467 -0.3503 -0.9378
-0.2231 -0.3746 -0.8388
-0.1882 -0.3766 -0.7953
-0.1267 -0.4053 -0.8123
-0.1267 -0.4053 -0.8123
-0.0718 -0.4204 -0.7624
-0.0070 -0.4489 -0.7606
0.0536 -0.4408 -0.7953
0.0619 -0.4132 -0.8858
0.0656 -0.3664 -0.9659
0.0656 -0.3664 -0.9659
0.0572 -0.3678 -0.9899
0.0364 -0.3999 -0.9473
0.0168 -0.4503 -0.8803
-0.0301 -0.4474 -0.8038
-0.0301 -0.4474 -0.8038
-0.0350 -0.4299 -0.8733
-0.0359 -0.4132 -0.9471
-0.0358 -0.3904 -0.9858
-0.0376 -0.3761 -0.9745
-0.0547 -0.3901 -0.9493
-0.0547 -0.3901 -0.9493
-0.0747 -0.4145 -0.8936
-0.0840 -0.4538 -0.8474
-0.0720 -0.4782 -0.8494
-0.0707 -0.4533 -0.8891
-0.0707 -0.4533 -0.8891
-0.0913 -0.4357 -0.9353
-0.1000 -0.3976 -0.9821
-0.0743 -0.3714 -0.9924
-0.0366 -0.3721 -0.9653
-0.0136 -0.3702 -0.8983
-0.0136 -0.3702 -0.8983
0.0129 -0.3795 -0.8409
0.0174 -0.4226 -0.7989
0.0135 -0.4048 -0.8008
0.0352 -0.4148 -0.8325
0.0342 -0.3983 -0.8756
0.0342 -0.3983 -0.8756
0.0288 -0.3940 -0.8921
0.0454 -0.3934 -0.9151
0.0538 -0.3774 -0.9356
0.0666 -0.3660 -0.9592
0.0719 -0.3514 -0.9537
0.0719 -0.3514 -0.9537
0.0634 -0.3604 -0.9118
0.0537 -0.3763 -0.8515
0.0521 -0.3868 -0.8251
0.0609 -0.4262 -0.8287
0.0652 -0.4115 -0.8401
0.0652 -0.4115 -0.8401
0.0684 -0.4105 -0.8643
0.0643 -0.3956 -0.8855
0.0697 -0.3963 -0.8924
0.0640 -0.3971 -0.9030
0.0640 -0.3971 -0.9030
0.0449 -0.3990 -0.9039
0.0316 -0.3987 -0.9190
0.0289 -0.4082 -0.9476
0.0297 -0.4108 -0.9522
0.0303 -0.4119 -0.9419
0.0303 -0.4119 -0.9419
0.0347 -0.4154 -0.9301
0.0439 -0.4045 -0.9216
0.0470 -0.4051 -0.9005
0.0355 -0.4003 -0.8844
0.0325 -0.4000 -0.8753
0.0325 -0.4000 -0.8753
0.0366 -0.3944 -0.8940
0.0447 -0.4037 -0.9145
0.0591 -0.3922 -0.9191
0.0654 -0.3998 -0.9194
0.0554 -0.3927 -0.9142
0.0554 -0.3927 -0.9142
0.0410 -0.3857 -0.9075
0.0251 -0.3841 -0.8981
0.0168 -0.3839 -0.8876
0.0215 -0.3866 -0.8817
0.0257 -0.3879 -0.8830
0.0257 -0.3879 -0.8830
0.0302 -0.3846 -0.9189
0.0375 -0.3884 -0.9299
0.0323 -0.3876 -0.9021
0.0304 -0.3939 -0.8875
0.0304 -0.3939 -0.8875
0.0284 -0.3969 -0.9002
0.0280 -0.3947 -0.9059
0.0290 -0.3949 -0.9017
0.0322 -0.3925 -0.9053
0.0337 -0.3950 -0.9001
0.0337 -0.3950 -0.9001
0.0351 -0.3937 -0.9009
0.0281 -0.3899 -0.9113
0.0231 -0.3863 -0.9131
0.0212 -0.3853 -0.9074
0.0164 -0.3867 -0.9063
0.0164 -0.3867 -0.9063
0.0238 -0.3891 -0.9121
0.0282 -0.3866 -0.9152
0.0289 -0.3815 -0.9130
0.0273 -0.3784 -0.9029
0.0283 -0.3807 -0.9057
0.0283 -0.3807 -0.9057
0.0290 -0.3781 -0.9103
0.0226 -0.3766 -0.9103
0.0215 -0.3776 -0.9219
0.0273 -0.3740 -0.9228
0.0273 -0.3740 -0.9228
0.0312 -0.3728 -0.9138
0.0242 -0.3753 -0.9030
0.0257 -0.3765 -0.9019
0.0311 -0.3720 -0.9149
0.0315 -0.3707 -0.9102
0.0315 -0.3707 -0.9102
0.0299 -0.3717 -0.9047
0.0291 -0.3729 -0.9052
0.0302 -0.3740 -0.9082
0.0292 -0.3723 -0.9132
0.0303 -0.3700 -0.9177
0.0303 -0.3700 -0.9177
0.0340 -0.3721 -0.9190
0.0365 -0.3716 -0.9237
0.0348 -0.3665 -0.9288
0.0203 -0.3726 -0.9099
0.0123 -0.3682 -0.9051
0.0123 -0.3682 -0.9051
0.0165 -0.3651 -0.9109
0.0210 -0.3637 -0.9175
0.0251 -0.3621 -0.9240
0.0259 -0.3589 -0.9258
0.0164 -0.3632 -0.9158
0.0164 -0.3632 -0.9158
0.0146 -0.3567 -0.9049
0.0188 -0.3625 -0.9185
0.0295 -0.3633 -0.9297
0.0291 -0.3659 -0.9229
0.0291 -0.3659 -0.9229
0.0318 -0.3682 -0.9131
0.0352 -0.3699 -0.9092
0.0276 -0.3642 -0.9112
0.0222 -0.3672 -0.9165
0.0186 -0.3643 -0.9218
0.0186 -0.3643 -0.9218
0.0133 -0.3658 -0.9130
0.0202 -0.3717 -0.9138
0.0179 -0.3652 -0.9191
0.0274 -0.3640 -0.9184
0.0271 -0.3574 -0.9081
0.0271 -0.3574 -0.9081
0.0249 -0.3590 -0.9196
0.0275 -0.3611 -0.9272
0.0204 -0.3553 -0.9202
0.0184 -0.3642 -0.9066
0.0190 -0.3689 -0.9156
0.0190 -0.3689 -0.9156
0.0285 -0.3538 -0.9254
0.0304 -0.3597 -0.9117
0.0057 -0.3578 -0.9173
0.0160 -0.3633 -0.9322
0.0164 -0.3620 -0.9293
0.0164 -0.3620 -0.9293
0.0157 -0.3702 -0.9280
0.0183 -0.3654 -0.9253
0.0188 -0.3667 -0.9253
0.0183 -0.3599 -0.9318
0.0183 -0.3599 -0.9318
0.0187 -0.3571 -0.9210
0.0182 -0.3600 -0.9198
0.0185 -0.3562 -0.9226
0.0239 -0.3616 -0.9146
0.0324 -0.3612 -0.9198
0.0324 -0.3612 -0.9198
0.0400 -0.3600 -0.9244
0.0300 -0.3520 -0.9251
0.0206 -0.3560 -0.9187
0.0097 -0.3558 -0.9084
0.0179 -0.3596 -0.9104
0.0179 -0.3596 -0.9104
0.0234 -0.3616 -0.9099
0.0230 -0.3622 -0.9132
0.0253 -0.3599 -0.9156
0.0204 -0.3579 -0.9168
0.0255 -0.3659 -0.9240
0.0255 -0.3659 -0.9240
0.0319 -0.3639 -0.9212
0.0265 -0.3628 -0.9175
0.0264 -0.3649 -0.9231
0.0254 -0.3600 -0.9146
0.0285 -0.3622 -0.9173
0.0285 -0.3622 -0.9173
0.0231 -0.3596 -0.9133
0.0231 -0.3576 -0.9126
0.0205 -0.3575 -0.9120
0.0213 -0.3593 -0.9039
0.0213 -0.3593 -0.9039
0.0246 -0.3598 -0.8929
0.0410 -0.3433 -0.9245
0.0318 -0.4037 -0.9653
0.0246 -0.3425 -0.9358
0.0383 -0.3569 -0.9466
0.0383 -0.3569 -0.9466

