0.0342 0.0172 0.0152
0.0291 0.0091 0.0087
-0.0020 0.0045 0.0094
-0.0082 0.0199 0.0065
-0.0038 0.0405 -0.0002
0.0259 0.0504 -0.0040
0.0238 0.0489 -0.0039
-0.0117 0.0209 0.0019
-0.0624 0.0293 -0.0032
-0.0774 0.0247 -0.0056
-0.0684 0.0063 -0.0072
-0.0426 0.0156 -0.0140
-0.0285 0.0101 -0.0134
-0.0139 0.0135 -0.0159
-0.0214 0.0068 -0.0123
-0.0284 0.0074 -0.0104
-0.0205 0.0044 -0.0059
0.0193 -0.0092 -0.0092
0.0380 -0.0055 -0.0180
0.0249 -0.0083 -0.0076
-0.0071 -0.0112 0.0063
-0.0172 0.0014 0.0077
-0.0021 0.0031 0.0046
0.0130 0.0037 0.0022
0.0201 0.0114 0.0057
0.0323 0.0010 0.0075
0.0304 -0.0051 0.0104
0.0294 0.0011 0.0119
0.0099 0.0078 0.0079
-0.0102 0.0022 0.0107
-0.0189 0.0087 0.0108
0.0164 0.0178 0.0110
0.0446 0.0137 0.0157
0.0688 0.0101 0.0101
0.0395 0.0104 0.0189
0.0148 0.0071 0.0260
-0.0196 0.0182 0.0258
0.0004 0.0324 0.0264
0.0248 0.0422 0.0189
0.0601 0.0186 0.0044
0.0406 0.0176 0.0107
0.0115 0.0291 0.0138
-0.0259 0.0165 0.0355
-0.0146 -0.0241 0.0345
0.0012 -0.0339 0.0301
0.0214 0.0002 0.0144
0.0185 0.0291 0.0080
0.0236 0.0406 0.0125
0.0375 0.0296 0.0156
0.0366 0.0110 0.0123
0.0257 0.0118 0.0164
0.0119 0.0015 0.0076
0.0101 -0.0132 0.0028
0.0134 -0.0117 0.0040
0.0218 -0.0037 -0.0003
0.0377 0.0070 0.0041
0.0437 0.0226 0.0079
0.0420 0.0189 -0.0040
0.0368 0.0037 -0.0031
0.0016 -0.0358 0.0036
-0.0137 -0.0158 0.0020
-0.0009 0.0118 -0.0059
0.0711 0.0283 -0.0162
0.0922 0.0074 -0.0085
0.0790 -0.0028 -0.0026
0.0360 0.0169 -0.0058
0.0227 0.0092 0.0030
0.0260 0.0013 0.0013
0.0299 0.0029 0.0028
0.0300 -0.0066 -0.0005
0.0293 -0.0047 -0.0030
0.0287 0.0063 -0.0029
0.0263 0.0091 0.0020
0.0255 0.0105 0.0043
0.0322 0.0149 0.0096
0.0424 0.0230 0.0098
0.0350 0.0159 0.0132
0.0193 0.0093 0.0205
0.0251 0.0049 0.0143
0.0179 0.0013 0.0143
-0.0093 -0.0058 0.0159
-0.0106 0.0071 0.0175
0.0108 0.0145 0.0210
0.0216 0.0116 0.0227
0.0141 0.0127 0.0199
-0.0043 0.0214 0.0259
0.0097 0.0287 0.0055
0.0414 -0.0365 0.0052
0.1670 -0.1364 -0.0017
0.1707 -0.0409 -0.0114
0.1319 0.0166 -0.0196
0.0452 0.0695 -0.0042
-0.0630 0.0784 0.0243
-0.1141 0.0825 0.0348
-0.1686 0.0411 0.0671
-0.1327 -0.0484 0.0647
-0.0904 -0.0720 0.0472
-0.0188 -0.0597 0.0184
0.0203 -0.0076 -0.0200
0.0289 -0.0026 -0.0270
0.0160 0.0151 -0.0140
0.0194 0.0414 -0.0094
0.0176 0.0332 -0.0041
0.0186 0.0133 0.0039
0.0138 -0.0172 0.0029
0.0006 -0.0277 0.0030
-0.0130 -0.0194 0.0091
-0.0038 -0.0072 -0.0008
0.0041 -0.0052 -0.0036
0.0026 -0.0038 0.0014
0.0002 0.0092 0.0006
0.0161 0.0197 0.0024
0.0233 0.0169 0.0038
0.0088 0.0054 0.0060
-0.0312 0.0016 0.0095
-0.0331 -0.0015 0.0041
-0.0259 0.0088 0.0003
0.0015 0.0212 -0.0050
0.0184 0.0319 -0.0141
0.0080 0.0345 -0.0129
-0.0135 0.0225 -0.0013
-0.0224 0.0106 0.0032
-0.0258 -0.0033 0.0057
-0.0247 -0.0159 0.0085
-0.0226 -0.0041 0.0092
-0.0186 0.0039 0.0064
-0.0050 0.0160 0.0055
0.0167 0.0259 0.0071
0.0215 0.0194 0.0020
0.0131 0.0097 0.0068
-0.0044 0.0066 0.0101
-0.0037 -0.0024 0.0112
0.0064 0.0123 0.0144
0.0311 0.0428 0.0128
0.0357 0.0375 0.0061
0.0194 0.0264 0.0097
-0.0076 0.0019 0.0118
-0.0162 -0.0007 0.0139
-0.0104 0.0062 0.0135
-0.0049 0.0072 0.0056
0.0084 0.0143 0.0060
0.0294 -0.0117 0.0115
0.0474 -0.0065 0.0123
0.0703 0.0272 0.0053
0.0788 0.0520 0.0182
0.0830 0.0507 0.0199
0.1047 0.0649 0.0286
0.0997 0.0487 0.0334
0.0856 0.0322 0.0378
0.0400 -0.0051 0.0401
0.0246 -0.0177 0.0340
0.0311 -0.0113 0.0237
0.0717 0.0253 0.0123
0.0939 0.0559 0.0005
0.0779 0.0533 0.0027
0.0229 0.0265 0.0131
0.0087 -0.0003 0.0098
0.0137 -0.0101 0.0061
0.0342 -0.0111 0.0083
0.0549 0.0101 0.0112
0.0646 0.0156 0.0125
0.0506 0.0208 0.0204
0.0219 0.0172 0.0296
0.0173 0.0110 0.0306
0.0303 0.0010 0.0196
0.0332 -0.0037 0.0111
0.0245 -0.0230 0.0039
0.0257 -0.0137 0.0024
0.0378 0.0113 -0.0028
0.0657 0.0193 -0.0079
0.0547 0.0281 -0.0057
0.0345 0.0241 -0.0068
0.0709 -0.0671 -0.0073
0.1377 -0.0482 -0.0347
0.1344 -0.0233 -0.0327
0.0851 0.0115 -0.0190
-0.0002 0.0274 0.0025
-0.0486 0.0328 0.0114
-0.1062 0.0256 0.0380
-0.1082 0.0060 0.0457
-0.0773 0.0018 0.0472
0.0132 -0.0254 0.0235
0.0580 0.0056 0.0088
0.0537 0.0092 0.0038
0.0259 0.0120 0.0010
0.0037 0.0061 0.0012
0.0047 0.0079 0.0026
0.0032 -0.0042 0.0031
0.0206 0.0159 0.0064
0.0354 0.0208 -0.0001
0.0286 0.0102 -0.0023
-0.0180 0.0018 0.0055
-0.0381 0.0053 0.0066
-0.0360 0.0106 0.0103
-0.0141 0.0292 0.0071
0.0298 0.0281 0.0001
0.0211 0.0121 0.0036
0.0026 0.0135 0.0006
-0.0425 0.0250 -0.0060
-0.0449 0.0435 -0.0003
-0.0309 0.0399 -0.0004
-0.0285 0.0019 0.0075
-0.0458 -0.0140 0.0130
-0.0493 -0.0007 0.0059
-0.0100 0.0398 -0.0035
0.0373 0.0359 0.0006
0.0446 0.0345 -0.0008
0.0174 0.0286 -0.0073
-0.0200 0.0302 -0.0026
-0.0212 0.0274 -0.0061
0.0060 0.0177 -0.0048
0.0112 0.0115 -0.0063
-0.0003 0.0186 -0.0021
-0.0478 0.0282 0.0170
-0.0525 0.0681 -0.0043
0.0243 0.2067 -0.0558
0.1305 -0.0023 -0.0913
0.0137 -0.0885 0.0058
-0.1007 -0.0512 0.0247
-0.2324 0.0059 0.0459
-0.1889 0.0256 0.0498
0.1076 0.0915 -0.0111
0.2895 -0.0022 -0.0730
0.2633 0.0364 -0.0459
-0.1064 0.0186 0.0123
-0.1057 0.0068 0.0100
-0.0112 -0.0247 0.0041
0.0651 -0.0161 0.0064
0.0728 0.0124 0.0088
0.0697 0.0709 0.0260
0.0410 0.1047 0.0468
0.0286 0.1024 0.0636
0.0227 0.0870 0.1026
0.0205 0.0886 0.1240
0.0274 0.1083 0.1392
0.0408 0.1355 0.1663
0.0629 0.1358 0.1940
0.0736 0.1355 0.1981
0.0966 0.1425 0.2046
0.0898 0.1377 0.2054
0.0732 0.1289 0.2081
0.0542 0.1135 0.2234
0.0774 0.1335 0.2157
0.0877 0.1418 0.2086
0.1036 0.1535 0.2191
0.0960 0.1673 0.2237
0.0878 0.1800 0.2223
0.0600 0.2176 0.2411
0.0478 0.2325 0.2516
0.0398 0.2625 0.2822
0.0167 0.3044 0.3474
0.0013 0.3503 0.3698
-0.0106 0.4110 0.4149
-0.0168 0.4624 0.4502
-0.0304 0.4830 0.4707
-0.1296 0.4718 0.5108
-0.2495 0.5106 0.5751
-0.2846 0.5285 0.6165
-0.3747 0.7183 0.6642
-0.2988 0.8162 0.7521
-0.2610 0.8514 0.7846
-0.1994 0.8838 0.8958
-0.2259 0.8677 0.9926
-0.2656 0.8046 1.0512
-0.3200 0.6420 1.1786
-0.3038 0.5811 1.2721
-0.2727 0.5649 1.3008
-0.2292 0.5451 1.3549
-0.1862 0.5055 1.3371
-0.1651 0.4438 1.2966
-0.1804 0.2226 1.1881
-0.2573 0.0771 1.0628
-0.3029 0.0380 1.0083
-0.3357 0.0527 0.8872
-0.2993 0.0794 0.8387
-0.1607 0.1286 0.7480
0.0247 0.2501 0.6972
0.1083 0.3275 0.6778
0.1606 0.4479 0.6668
-0.0027 0.3609 0.7379
-0.1335 0.4145 0.7454
-0.3386 0.5201 0.7675
-0.3820 0.5533 0.8218
-0.3721 0.5073 0.8655
-0.2399 0.4964 0.9057
-0.1221 0.4445 0.8382
-0.1012 0.3567 0.8333
-0.1234 0.2479 0.8683
-0.1753 0.1366 0.8806
-0.1862 0.0336 0.8923
-0.1806 -0.1158 0.9245
-0.1337 -0.0121 0.9758
-0.1218 0.1020 0.9842
-0.1827 0.3315 0.9808
-0.3669 0.4332 0.9653
-0.4595 0.4713 0.9814
-0.4701 0.4876 1.0220
-0.2204 0.3776 0.9201
-0.1053 0.3606 0.8663
-0.0554 0.3078 0.7809
-0.2717 0.3405 0.7245
-0.3964 0.4338 0.7353
-0.5506 0.5499 0.8131
-0.5675 0.6390 0.8426
-0.4984 0.8879 0.8649
-0.4830 1.1130 0.9211
-0.4511 1.0801 0.9650
-0.4049 0.9494 1.0777
-0.4243 0.9068 1.1704
-0.4642 0.8986 1.2537
-0.5801 0.8191 1.4993
-0.5998 0.7406 1.7266
-0.5427 0.6891 1.8081
-0.3741 0.6295 1.8996
-0.2881 0.5267 1.9173
-0.2918 0.4747 1.8836
-0.3679 0.3863 1.7387
-0.4443 0.3223 1.5870
-0.4904 0.2687 1.5415
-0.5364 0.1341 1.4497
-0.5240 0.0663 1.3787
-0.5077 0.0163 1.3219
-0.4798 -0.1548 1.1389
-0.4161 -0.1788 0.9463
-0.3805 -0.2239 0.8587
-0.2862 -0.1937 0.7024
-0.2386 -0.0355 0.6758
-0.2395 0.0693 0.7121
-0.2205 0.2380 0.7148
-0.1707 0.2743 0.6266
-0.0095 0.2631 0.4751
0.1077 0.2023 0.3765
0.1406 0.1951 0.3239
0.1763 0.1982 0.2260
0.2005 0.1278 0.1408
0.2138 0.0814 0.1291
0.3204 -0.0380 0.1227
0.4612 -0.1388 0.0789
0.5052 -0.1320 0.0560
0.5559 0.0653 0.0435
0.5836 0.2719 0.0774
0.5584 0.3367 0.1020
0.3862 0.4060 0.1329
0.1078 0.3350 0.1890
0.0310 0.2995 0.2619
0.2985 0.3184 0.5050
0.9274 0.3482 0.7809
1.2024 0.3316 0.9228
1.3886 0.3023 1.1670
1.0043 0.4043 1.2625
0.6687 0.4680 1.2539
-0.0233 0.5108 1.1356
-0.5278 0.4176 0.9248
-0.7036 0.2056 0.8030
-0.8144 -0.2489 0.5823
-0.7403 -0.4107 0.4553
-0.4628 -0.5564 0.2215
-0.2314 -0.5082 0.0710
-0.1439 -0.4094 0.0269
0.0024 -0.1415 -0.0345
0.0637 0.0994 -0.1007
0.0584 0.1759 -0.1331
0.0261 0.2388 -0.1852
0.0031 0.2235 -0.2136
-0.0089 0.2104 -0.2214
-0.0613 0.1879 -0.2051
-0.1090 0.1364 -0.1570
-0.1209 0.1048 -0.1351
-0.1312 0.0694 -0.0897
-0.1149 0.0477 -0.0555
-0.0908 0.0210 -0.0585
0.0128 -0.0935 -0.1424
0.0933 -0.2754 -0.3193
0.0974 -0.3499 -0.4102
0.0849 -0.4626 -0.5674
0.1490 -0.5540 -0.7022
0.2102 -0.6512 -0.7805
0.2228 -0.9046 -0.9222
0.1020 -1.0959 -1.0742
0.0594 -1.2237 -1.1918
0.0217 -1.4847 -1.4378
0.1461 -1.6511 -1.6810
0.3057 -1.6691 -1.7766
0.7937 -1.5972 -1.8710
1.0356 -1.5737 -1.9008
1.2423 -1.4837 -2.0025
0.8740 -1.2051 -2.1173
0.5529 -0.9936 -2.0867
0.0180 -0.0587 -2.0565
-0.0563 0.4769 -2.0248
0.1122 0.5620 -1.9907
0.5969 0.3483 -1.8145
0.9812 -0.0828 -1.5352
1.0509 -0.2708 -1.4015
0.8601 -0.4911 -1.2274
0.4076 -0.5092 -1.1624
0.1806 -0.4894 -1.1541
-0.1354 -0.4687 -1.1653
-0.1964 -0.3961 -1.2008
-0.1667 -0.3517 -1.2347
-0.1024 -0.2385 -1.2712
-0.0251 -0.0217 -1.2493
0.0138 0.0832 -1.2054
0.0787 0.2275 -1.0477
0.1273 0.2290 -0.8211
0.1630 0.1875 -0.6902
0.2666 0.1056 -0.3820
0.3505 0.0947 0.0368
0.3711 0.1104 0.2562
0.3051 0.2314 0.6490
0.0508 0.3075 0.9264
-0.1220 0.2648 1.0207
-0.4901 -0.0743 1.1098
-0.6271 -0.2506 1.1363
-0.5882 -0.2417 1.2307
-0.1302 -0.0194 1.3265
0.1585 0.0794 1.3358
0.6699 0.4165 1.3109
0.8618 0.6194 1.3200
0.8033 0.6517 1.3050
0.4134 0.5857 1.2084
-0.1828 0.4697 1.0704
-0.4530 0.3493 1.0532
-0.8561 0.1521 1.0934
-0.9729 -0.0186 1.1782
-0.9185 -0.0620 1.1962
-0.7355 -0.1331 1.1513
-0.5361 -0.2414 1.1030
-0.4453 -0.2889 1.0756
-0.2866 -0.2291 0.9310
-0.1398 0.0345 0.7473
-0.0018 0.3376 0.5925
0.0616 0.4535 0.5202
0.1498 0.4870 0.2842
0.1403 0.3328 0.1443
0.1444 0.2222 0.0275
0.1703 0.2125 -0.0346
0.2508 0.1418 -0.1582
0.2522 -0.1161 -0.3073
0.2033 -0.2874 -0.4078
0.0364 -0.5591 -0.6702
-0.0508 -0.5909 -0.8001
-0.1427 -0.5321 -1.0003
-0.1349 -0.4110 -1.1274
-0.0732 -0.3481 -1.1842
0.1365 -0.5107 -1.2370
0.2871 -0.8494 -1.2446
0.3558 -1.0136 -1.2107
0.5552 -1.2096 -1.1610
0.8162 -1.3367 -1.1745
0.9009 -1.4764 -1.2236
0.9149 -1.7865 -1.3789
0.7072 -1.7721 -1.5309
0.5998 -1.4664 -1.5584
0.5808 -0.5399 -1.5477
0.7693 0.0306 -1.5904
0.8898 0.1145 -1.6229
1.1624 -0.0820 -1.6001
1.4227 -0.4280 -1.5097
1.5011 -0.5641 -1.4666
1.4250 -0.6484 -1.4116
1.1201 -0.4543 -1.3620
0.9616 -0.3407 -1.3355
0.6860 -0.2003 -1.2445
0.4719 -0.1681 -1.1241
0.3716 -0.2289 -1.0315
0.1656 -0.2537 -0.7976
0.0978 -0.1776 -0.6536
0.0164 -0.0379 -0.3731
-0.0164 -0.0034 -0.0821
-0.0254 -0.0019 0.0939
-0.0060 0.0317 0.4527
0.1028 0.0538 0.7597
0.1568 0.0730 0.8838
0.1501 0.1514 1.0716
0.0516 0.3900 1.2054
0.0074 0.5352 1.2536
-0.0272 0.8644 1.3217
-0.0315 1.0640 1.3563
-0.0150 1.0183 1.3667
0.1088 0.9376 1.4124
0.3460 1.0304 1.5106
0.4740 1.1539 1.5387
0.5962 1.3976 1.5584
0.4785 1.5404 1.6238
0.3238 1.4356 1.6549
-0.1142 1.0029 1.6086
-0.6351 0.5518 1.4489
-0.8735 0.4172 1.3964
-1.0367 0.4782 1.3909
-0.6711 0.8583 1.4332
-0.4355 0.9163 1.4805
-0.1519 0.7817 1.6432
-0.1011 0.5870 1.7122
-0.0864 0.2051 1.6998
-0.0872 0.1345 1.5064
-0.0727 0.2145 1.3859
-0.0041 0.4248 1.1548
0.1013 0.5406 0.9516
0.1551 0.5394 0.8601
0.2614 0.5116 0.7186
0.2978 0.4703 0.5831
0.2921 0.4639 0.5198
0.2830 0.4150 0.3997
0.2693 0.3341 0.3070
0.2491 0.2560 0.2489
0.1536 0.1091 0.0648
-0.0104 -0.0624 -0.1560
-0.1058 -0.0927 -0.2532
-0.3427 -0.1436 -0.5111
-0.4371 -0.2830 -0.6633
-0.4260 -0.3298 -0.7067
-0.3007 -0.5219 -0.8316
-0.1606 -0.8605 -0.8846
-0.0830 -1.0270 -0.8779
0.1820 -1.2094 -0.7920
0.5067 -1.2320 -0.7015
0.6573 -1.1836 -0.6541
0.8640 -1.0803 -0.5410
0.9395 -0.8526 -0.4679
0.9206 -0.8449 -0.4794
0.7192 -0.7291 -0.5740
0.5417 -0.6440 -0.6640
0.0993 -0.4147 -0.7779
-0.1320 -0.1895 -0.8160
-0.1014 -0.1173 -0.8602
0.1306 -0.0173 -0.9989
0.3398 -0.0967 -0.9884
0.3900 -0.1705 -0.9252
0.3765 -0.2827 -0.8150
0.2201 -0.2930 -0.7033
0.1153 -0.2623 -0.6293
-0.0770 -0.1741 -0.4917
-0.2774 -0.0802 -0.4293
-0.3750 -0.0490 -0.4012
-0.4870 0.0040 -0.3326
-0.4328 -0.0383 -0.2727
-0.3572 -0.0939 -0.2428
-0.1559 -0.1670 -0.1411
0.0797 -0.0143 -0.0316
0.1752 0.0931 0.0259
0.3030 0.3232 0.1961
0.3921 0.5787 0.4456
0.4034 0.7082 0.5816
0.3169 0.9243 0.8295
0.1166 0.9151 1.0630
0.0113 0.7792 1.1701
-0.1664 0.3113 1.3637
-0.2101 -0.1065 1.5291
-0.1644 -0.1539 1.6169
-0.0142 -0.0100 1.7571
0.0809 0.2292 1.7896
0.2753 0.8461 1.7287
0.3077 1.2469 1.6953
0.2498 1.3636 1.7066
0.0905 1.5543 1.7059
-0.0478 1.5068 1.6577
-0.1322 1.4234 1.6169
-0.1251 1.2976 1.6742
0.0696 1.2478 1.7994
0.1704 1.2398 1.8309
0.0751 1.0071 1.8067
-0.2853 0.6018 1.9587
-0.5001 0.4094 2.0000
-0.8747 0.3043 1.9151
-1.1180 0.4410 1.6263
-1.1454 0.5058 1.4718
-1.0918 0.5892 1.1328
-0.9359 0.4684 0.8812
-0.8184 0.4312 0.8412
-0.5213 0.4959 0.7228
-0.0457 0.7402 0.5725
0.2123 0.8311 0.4919
0.5704 0.8788 0.3300
0.5169 0.7673 0.2002
0.2016 0.4619 0.0697
-0.1225 0.1950 -0.0929
-0.2385 0.1120 -0.1874
-0.3048 -0.0926 -0.3621
-0.1461 -0.3546 -0.5196
-0.0315 -0.5084 -0.5866
0.1088 -0.8059 -0.7173
0.1017 -1.0561 -0.9116
0.0567 -1.1601 -1.0114
0.0252 -1.0504 -1.1512
0.2953 -0.5255 -1.1280
0.5114 -0.2397 -1.0291
0.9017 0.1500 -0.7557
1.1399 0.3396 -0.4944
1.1489 0.2604 -0.4001
0.9558 0.0165 -0.2994
0.6687 -0.2464 -0.3241
0.5860 -0.3417 -0.3589
0.6099 -0.3208 -0.4062
0.8263 0.2283 -0.3023
0.9055 0.4706 -0.2033
0.8732 0.6492 0.1466
0.7454 0.8861 0.6661
0.6428 1.0395 0.9300
0.3827 1.4411 1.3936
0.0930 1.7741 1.8141
-0.0272 1.8983 1.9972
-0.1491 2.0140 2.3264
-0.1489 2.0204 2.4697
-0.0478 2.1909 2.6257
0.1413 2.3690 2.7226
0.2149 2.4529 2.7639
0.3557 2.6417 2.8060
0.5732 2.8513 2.9822
0.7140 3.0464 3.0348
1.0619 3.2506 3.0017
1.5988 3.0823 2.8917
1.9581 2.8339 2.8377
2.5342 2.2578 2.9763
2.4176 2.0840 2.9361
2.0786 2.2887 2.8113
1.0267 2.8991 2.5078
0.0014 3.5029 2.3047
-0.3238 3.6896 2.2290
-0.5572 3.7283 2.1396
-0.4907 3.3416 2.1454
-0.4177 3.0523 2.1422
-0.2757 2.5392 2.0885
-0.2272 2.1967 2.0156
-0.2526 2.0794 1.9819
-0.3530 1.9821 1.9100
-0.3685 2.0078 1.9396
-0.2991 2.1216 1.9756
0.0145 2.3925 2.0602
0.2776 2.2718 2.2019
0.3087 2.0233 2.2480
0.1675 1.5706 2.2600
0.0139 1.3420 2.2253
-0.3074 0.9793 2.1957
-0.5356 0.7078 2.1683
-0.5755 0.6612 2.1191
-0.4786 0.6228 1.9329
-0.2449 0.6760 1.6584
-0.1391 0.6677 1.4842
-0.0024 0.7614 1.1861
0.0357 1.0303 0.9637
0.0605 1.1891 0.8764
0.1451 1.4169 0.7278
0.2301 1.4128 0.6138
0.2889 1.3329 0.5681
0.3396 0.9297 0.4506
0.1685 0.3367 0.2606
0.0630 0.1032 0.1337
-0.0248 0.0176 -0.0908
0.0359 0.3097 -0.2109
0.0694 0.5521 -0.2513
0.1010 1.0312 -0.3894
0.0374 1.0845 -0.4778
-0.0209 0.9913 -0.4919
-0.1153 0.7275 -0.5327
-0.2028 0.4507 -0.5604
-0.2934 0.3012 -0.5328
-0.5556 0.1922 -0.4218
-0.6737 0.2533 -0.3641
-0.8120 0.4088 -0.2576
-0.7430 0.5281 -0.1227
-0.6452 0.5375 -0.0573
-0.4235 0.3669 0.0486
-0.3029 -0.0004 0.0920
-0.2876 -0.1667 0.1026
-0.2813 -0.3677 0.0838
-0.2726 -0.4236 0.0808
-0.2385 -0.3480 0.0842
-0.1582 -0.1494 0.0596
-0.1222 -0.0077 0.0397
-0.1052 0.0466 0.0378
-0.0404 0.1691 0.0434
0.0827 0.2853 0.0831
0.1523 0.3413 0.1118
0.2723 0.3931 0.2013
0.3469 0.4605 0.2906
0.3728 0.5209 0.3231
0.4254 0.7157 0.4130
0.4984 0.9821 0.5251
0.5113 1.1197 0.5726
0.4191 1.5109 0.6668
0.2858 1.7537 0.7338
0.2711 1.6872 0.7702
0.4853 1.4556 0.8786
0.9152 0.8329 1.2823
0.9679 0.7000 1.3234
0.6172 0.7764 1.3098
0.3794 0.7423 1.3573
-0.1270 0.4718 1.4455
-0.4095 0.2145 1.5739
-0.4317 0.1384 1.6088
-0.3257 -0.0377 1.6039
-0.1803 -0.2890 1.6040
-0.1382 -0.3600 1.6258
-0.0894 -0.5222 1.5764
-0.0392 -0.7472 1.4879
0.0195 -0.6254 1.4200
0.1144 -0.2517 1.1535
0.1745 0.0854 0.8562
0.2015 0.2042 0.7145
0.3288 0.1717 0.4433
0.4816 -0.1458 0.2040
0.5062 -0.3968 0.1224
0.4119 -0.7343 0.0800
0.1912 -0.7689 -0.0946
0.1157 -0.5929 -0.2093
-0.0014 -0.3348 -0.5337
-0.1049 -0.4350 -0.7649
-0.1581 -0.6794 -0.8274
-0.2525 -1.2995 -0.9552
-0.2856 -1.4720 -1.0259
-0.2880 -1.3387 -1.2032
-0.2430 -1.0133 -1.4054
-0.2114 -0.9802 -1.4569
-0.2210 -1.0979 -1.4828
-0.3474 -1.3136 -1.4357
-0.4121 -1.4022 -1.4037
-0.4412 -1.4286 -1.4500
-0.4547 -1.5480 -1.6132
-0.4472 -1.5881 -1.6561
-0.2707 -1.4171 -1.6288
0.1551 -1.1347 -1.4899
0.3596 -0.9459 -1.3920
0.5824 -0.5693 -1.1635
0.5197 -0.1222 -0.9305
0.4267 0.0335 -0.8620
0.2016 0.3329 -0.7921
-0.0661 0.5538 -0.7733
-0.2132 0.6080 -0.7749
-0.5133 0.7349 -0.7632
-0.7382 0.7954 -0.7234
-0.7874 0.8071 -0.7307
-0.6757 0.8559 -0.8568
-0.4573 0.8054 -1.1108
-0.3611 0.7539 -1.2317
-0.2043 0.5660 -1.3738
-0.0523 0.1921 -1.3072
-0.0041 0.0187 -1.2395
0.0601 -0.1349 -1.0549
0.0774 -0.1582 -0.9154
0.0767 -0.1685 -0.4921
0.0480 -0.0803 0.1276
0.0012 0.2117 0.8444
-0.0337 0.4073 1.1653
-0.1523 0.8198 1.6995
-0.2523 0.9382 1.8944
-0.5302 1.0257 2.0973
-0.6357 0.9429 2.1269
-0.5594 0.9961 2.1531
-0.2025 1.2653 2.2208
0.2073 1.5723 2.0550
0.3750 1.6333 1.9307
0.4115 1.4527 1.8433
0.0920 1.0148 1.9235
-0.1249 0.7374 1.9492
-0.4572 0.3679 1.9544
-0.4995 -0.0416 1.9882
-0.4198 -0.1200 2.0411
-0.1717 0.0133 2.1329
-0.0426 0.1468 2.1485
-0.0293 0.1231 2.1253
-0.0489 -0.0428 2.0164
-0.0255 -0.0317 1.8030
-0.0379 0.0115 1.6596
-0.2892 0.0852 1.3185
-0.5043 0.1653 1.1698
-0.5556 0.1539 1.1016
-0.5427 0.1430 0.9201
-0.4718 0.1243 0.8383
-0.2467 0.1774 0.6835
-0.0106 0.2172 0.5069
0.0790 0.2151 0.4064
0.2194 0.1106 0.1820
0.3526 -0.0736 -0.0822
0.4378 -0.1499 -0.2465
0.5611 -0.2592 -0.5654
0.4537 -0.2756 -0.8563
0.2952 -0.2729 -0.9643
-0.0800 -0.2587 -1.0994
-0.4350 -0.3094 -1.2034
-0.5885 -0.3864 -1.2498
-0.7063 -0.5549 -1.2022
-0.6852 -0.9059 -0.9739
-0.6503 -1.0345 -0.9563
-0.5612 -1.2356 -1.2039
-0.2479 -1.0617 -1.3061
0.0532 -0.8274 -1.2334
0.8688 -0.3139 -0.9443
0.4384 -0.0212 -0.8725
0.0929 0.1379 -0.7768
-0.4370 0.2735 -0.8567
-0.5323 0.4925 -0.9123
-0.4111 0.5632 -0.9177
-0.0082 0.5123 -0.9215
0.1574 0.4330 -0.9238
0.2696 0.1916 -0.8182
0.0887 0.2025 -0.7091
0.0351 0.2345 -0.6846
-0.0284 0.1193 -0.7597
-0.0468 0.1260 -0.8296
-0.0421 0.0706 -0.8195
0.0610 -0.0813 -0.7353
0.1886 -0.3466 -0.5891
0.2175 -0.4274 -0.4893
0.3429 -0.3948 -0.2183
0.4570 -0.2528 0.1546
0.4778 -0.1196 0.3540
0.4056 0.2232 0.7443
0.2162 0.4574 1.1382
0.1289 0.4682 1.3232
0.0018 0.5078 1.5672
-0.0755 0.5505 1.6281
-0.0381 0.5690 1.6458
0.1481 0.7049 1.6744
0.4489 1.0390 1.6373
0.5664 1.1885 1.6371
0.6412 1.3978 1.6742
0.4570 1.4758 1.6910
0.3171 1.4615 1.7226
0.1031 1.3581 1.7336
0.0442 1.4169 1.6713
0.0546 1.3912 1.6629
0.1512 1.0093 1.7402
0.2509 0.7648 1.8122
0.4812 0.3726 1.9083
0.5733 0.2330 1.8549
0.5788 0.2150 1.8087
0.5444 0.3040 1.6270
0.4906 0.4643 1.4074
0.4578 0.5075 1.2924
0.3628 0.5451 1.0464
0.2577 0.4884 0.7677
0.2119 0.4515 0.6223
0.1384 0.3397 0.3508
0.0900 0.2476 0.0972
0.0817 0.1946 -0.0312
0.0960 0.0383 -0.2955
0.0738 -0.2179 -0.5247
0.0458 -0.3734 -0.6216
-0.0088 -0.6447 -0.8199
-0.1235 -0.9137 -1.0406
-0.2348 -1.0470 -1.1354
-0.4695 -1.1552 -1.2691
-0.5139 -1.0077 -1.3113
-0.4082 -0.8957 -1.2852
0.0084 -0.6805 -1.2611
0.3108 -0.5450 -1.1984
0.3500 -0.5770 -1.1519
0.3009 -0.7464 -1.1084
0.2817 -0.8191 -1.1193
0.3314 -0.8229 -1.1204
0.4453 -0.1761 -1.0852
0.4911 0.4053 -1.0971
0.3068 1.1395 -1.0140
-0.1041 1.6288 -0.6590
-0.1191 1.6401 -0.4298
0.0040 1.4193 -0.2794
0.2868 1.1889 -0.4000
0.2281 0.9422 -0.4513
0.1616 0.6773 -0.2208
0.0416 0.1181 -0.2759
-0.0212 -0.1679 -0.1495
-0.2313 -0.3332 0.1719
-0.3777 -0.2042 0.2485
-0.4237 -0.0144 0.2474
-0.5867 0.1751 0.3676
-0.7225 0.2839 0.5990
-0.7247 0.2921 0.6909
-0.6379 0.2977 0.8376
-0.4960 0.5104 1.0196
-0.4408 0.6802 1.1261
-0.4171 1.0084 1.3903
-0.5081 1.2406 1.6736
-0.5525 1.2934 1.7580
-0.5932 1.2858 1.8447
-0.6081 1.1765 1.8439
-0.6706 1.1348 1.8104
-0.8780 1.0028 1.7914
-0.9358 1.1087 1.8421
-0.8315 1.6088 1.8547
-0.4725 1.7645 1.8964
-0.2216 1.6524 1.9865
0.2290 1.3706 2.2254
0.4092 1.2557 2.3553
0.3973 1.2609 2.3649
0.1967 1.4724 2.3724
-0.1466 1.7299 2.4138
-0.3152 1.8602 2.4476
-0.5362 2.0752 2.4947
-0.5258 2.2696 2.4879
-0.4820 2.2283 2.4777
-0.4505 1.8222 2.4720
-0.4063 1.1268 2.4449
-0.3289 0.8347 2.4318
-0.1000 0.4265 2.3316
0.0588 0.3455 2.0774
0.0868 0.4122 1.9357
0.0225 0.5455 1.7628
-0.0772 0.5886 1.5778
-0.1090 0.4757 1.4599
-0.0514 0.7547 1.1597
0.0063 0.7464 1.0441
0.0058 0.6927 1.0138
0.0593 0.5998 0.9318
0.0372 0.4045 0.9161
-0.0118 0.3219 0.9134
-0.1078 0.2997 0.8874
-0.1702 0.3041 0.8528
-0.3528 0.2190 0.7539
-0.4671 0.0487 0.5841
-0.4709 0.0059 0.4718
-0.3722 -0.0942 0.2071
-0.1462 -0.3081 0.0178
0.0081 -0.3824 -0.0569
0.2513 -0.4720 -0.1628
0.3356 -0.3903 -0.1413
0.3234 -0.2754 -0.0931
0.2365 0.1103 0.0547
0.1638 0.4330 0.1805
0.1087 0.5476 0.2019
-0.0651 0.5534 0.2152
-0.3217 0.3615 0.1865
-0.4658 0.2804 0.1636
-0.6272 0.2920 0.1427
-0.5552 0.4022 0.0709
-0.4408 0.4139 0.0790
-0.2157 0.3556 0.1410
-0.0798 0.1929 0.2396
-0.0380 0.0886 0.2888
-0.1260 0.1034 0.4125
-0.2876 0.2744 0.5206
-0.3154 0.3167 0.6177
-0.2509 0.3372 0.6464
-0.0090 0.2892 0.6932
0.2321 0.1910 0.6931
0.2923 0.1576 0.6942
0.3680 0.1740 0.6978
0.4190 0.2906 0.6835
0.4061 0.3515 0.6809
0.2327 0.3964 0.6675
-0.0038 0.3595 0.6623
-0.0624 0.3544 0.6627
-0.1006 0.4167 0.6516
-0.0983 0.5579 0.6192
-0.0764 0.6292 0.5996
0.0484 0.7103 0.5831
0.1591 0.7026 0.5412
0.1358 0.6714 0.5180
0.0132 0.5632 0.5025
-0.0506 0.4917 0.4870
-0.0929 0.4765 0.4652
-0.1521 0.4141 0.4346
-0.1451 0.3565 0.3894
-0.1454 0.3597 0.3689
-0.1969 0.3772 0.3351
-0.2228 0.3972 0.3112
-0.2133 0.3844 0.2996
-0.1495 0.3233 0.2659
-0.1091 0.2726 0.2390
-0.0391 0.1598 0.1613
-0.0128 0.1422 0.0879
-0.0058 0.1469 0.0612
-0.0018 0.1597 0.0082
0.0750 0.0940 -0.0083
0.0799 0.0839 -0.0265
-0.0016 0.0751 -0.0726
-0.0733 0.0742 -0.0955
-0.0747 0.0936 -0.1058
-0.0691 0.0955 -0.1404
-0.0559 0.0204 -0.1770
-0.0621 -0.0267 -0.2028
-0.1027 -0.0906 -0.2366
-0.0955 -0.0985 -0.2434
-0.0693 -0.0956 -0.2388
-0.0235 -0.0773 -0.2004
-0.0051 -0.0550 -0.1351
-0.0020 -0.0402 -0.0999
0.0072 -0.0352 -0.0436
0.0200 -0.0817 -0.0183
0.0205 -0.0932 -0.0082
0.0223 -0.0938 -0.0015
0.0296 -0.0682 -0.0215
0.0048 -0.0482 -0.0363
-0.0529 -0.0215 -0.0534
-0.0417 0.0050 -0.0576
-0.0264 0.0118 -0.0469
-0.0081 0.0129 -0.0079
-0.0101 -0.0053 -0.0047
-0.0296 -0.0764 -0.0003
-0.0220 -0.0915 0.0035
-0.0057 -0.0690 -0.0029
0.0208 0.0018 -0.0145
0.0099 0.0392 -0.0271
-0.0113 0.0383 -0.0292
-0.0723 0.0287 -0.0279
-0.0743 0.0081 -0.0229
-0.0497 0.0014 -0.0174
-0.0093 0.0197 -0.0053
-0.0157 0.0130 0.0139
-0.0287 -0.0001 0.0169
-0.0429 -0.0159 0.0211
-0.0397 0.0015 0.0251
-0.0353 0.0239 0.0309
-0.0247 0.0276 0.0347
-0.0404 0.0114 0.0378
-0.0503 0.0020 0.0336
-0.0674 -0.0110 0.0102
-0.0644 -0.0398 -0.0048
-0.0595 -0.0281 -0.0091
-0.0401 0.0183 -0.0155
-0.0340 0.0394 -0.0163
-0.0436 0.0328 -0.0124
-0.0497 0.0149 0.0007
-0.0383 0.0142 0.0031
-0.0163 0.0014 0.0036
-0.0214 -0.0081 0.0021
-0.0319 -0.0101 0.0002
-0.0353 -0.0386 0.0015
-0.0276 -0.0317 -0.0002
-0.0309 -0.0186 0.0021
-0.0375 0.0049 0.0161
-0.0186 0.0020 0.0138
-0.0071 -0.0143 0.0068
0.0002 -0.0308 0.0090
-0.0259 -0.0084 0.0106
-0.0339 -0.0071 0.0120
-0.0182 -0.0152 0.0123
0.0102 -0.0015 0.0134
0.0149 0.0009 0.0198
0.0169 0.0016 0.0300
-0.0080 -0.0014 0.0214
-0.0259 0.0043 0.0203
-0.0203 0.0242 0.0147
-0.0064 0.0371 0.0114
-0.0084 0.0424 0.0076
-0.0138 0.0324 0.0193
-0.0008 -0.0002 0.0210
0.0025 -0.0230 0.0192
-0.0180 -0.0104 0.0150
-0.0413 0.0175 0.0136
-0.0362 0.0311 0.0182
-0.0017 0.0492 0.0191
0.0147 0.0442 0.0203
0.0230 0.0032 0.0192
0.0064 -0.0467 0.0102
0.0025 -0.0485 0.0084
-0.0040 -0.0217 0.0081
-0.0203 0.0318 0.0100
-0.0185 0.0384 0.0085
0.0001 -0.0013 0.0096
0.0029 -0.0171 0.0184
-0.0101 -0.0170 0.0149
-0.0254 -0.0185 0.0120
-0.0226 -0.0116 0.0135
-0.0141 -0.0137 0.0104
-0.0190 -0.0311 -0.0033
0.0120 -0.0280 -0.0164
0.0239 -0.0229 -0.0160
-0.0085 -0.0149 -0.0124
-0.0276 -0.0019 -0.0064
-0.0208 -0.0043 -0.0062
0.0068 0.0000 -0.0024
0.0180 -0.0110 -0.0029
0.0250 -0.0212 -0.0057
0.0138 -0.0541 -0.0056
0.0273 -0.0185 0.0022
0.0323 0.0120 0.0107
0.0002 0.0808 0.0242
-0.0379 0.1057 0.0406
-0.0302 0.0652 0.0494
0.0009 -0.0325 0.0374
-0.0164 0.0420 0.0090
-0.0271 0.0581 -0.0024
-0.0090 0.0432 -0.0077
-0.0049 0.0241 -0.0184
-0.0112 0.0111 -0.0109
-0.0157 0.0134 -0.0083
-0.0163 0.0172 -0.0066
-0.0027 0.0102 -0.0029
0.0221 -0.0065 -0.0136
0.0305 -0.0119 -0.0195
0.0264 -0.0167 -0.0296
0.0330 0.0142 -0.0295
0.0329 0.0159 -0.0316
0.0338 0.0256 -0.0194
0.0445 0.0334 -0.0154
0.0426 0.0132 -0.0084
0.0526 -0.0307 -0.0088
0.0546 -0.0531 -0.0319
0.0465 -0.0508 -0.0366
0.0422 -0.0212 -0.0364
0.0441 0.0026 -0.0334
0.0390 0.0060 -0.0260
0.0227 -0.0111 -0.0188
0.0122 -0.0104 -0.0208
0.0143 0.0081 -0.0192
0.0205 0.0260 -0.0236
0.0205 0.0290 -0.0221
0.0104 0.0168 -0.0121
0.0080 0.0079 -0.0019
0.0109 0.0112 -0.0023
0.0265 0.0120 -0.0009
0.0208 0.0018 -0.0017
0.0177 -0.0035 0.0005
0.0126 0.0033 0.0093
0.0125 0.0001 0.0037
0.0006 0.0007 0.0017
-0.0117 0.0080 0.0043
-0.0205 0.0289 0.0162
-0.0274 0.0291 0.0232
0.0624 0.1110 -0.0417
-0.0412 -0.0177 0.0457
-0.0725 -0.0206 0.0526
-0.0031 0.0158 0.0260
0.0611 -0.0050 0.0070
0.1049 0.0168 -0.0293

