0.0238 -0.7236 -0.6810
0.0328 -0.7190 -0.6809
0.0300 -0.7207 -0.6856
0.0239 -0.7103 -0.6817
0.0287 -0.7249 -0.6740
0.0234 -0.7209 -0.6736
0.0234 -0.7209 -0.6736
0.0253 -0.7218 -0.6806
0.0278 -0.7216 -0.6694
0.0331 -0.7262 -0.6681
0.0317 -0.7184 -0.6682
0.0218 -0.7148 -0.6725
0.0218 -0.7148 -0.6725
0.0225 -0.7237 -0.6823
0.0231 -0.7199 -0.6803
0.0255 -0.7231 -0.6784
0.0289 -0.7203 -0.6843
0.0289 -0.7203 -0.6843
0.0318 -0.7086 -0.6868
0.0300 -0.7115 -0.6837
0.0271 -0.7124 -0.6889
0.0247 -0.7140 -0.6826
0.0251 -0.7101 -0.6851
0.0251 -0.7101 -0.6851
0.0213 -0.7159 -0.6771
0.0168 -0.7134 -0.6690
0.0273 -0.7178 -0.6754
0.0264 -0.7106 -0.6857
0.0276 -0.7133 -0.6826
0.0276 -0.7133 -0.6826
0.0246 -0.7100 -0.6772
0.0211 -0.7118 -0.6732
0.0230 -0.7145 -0.6794
0.0269 -0.7188 -0.6819
0.0241 -0.7168 -0.6724
0.0241 -0.7168 -0.6724
0.0233 -0.7091 -0.6586
0.0453 -0.6886 -0.6688
0.0396 -0.7407 -0.6938
0.0250 -0.7523 -0.7242
0.0328 -0.7207 -0.7057
0.0328 -0.7207 -0.7057
0.0472 -0.6870 -0.6497
0.0108 -0.7527 -0.6526
0.0108 -0.7527 -0.6526
0.0288 -0.7299 -0.6726
0.0250 -0.7237 -0.6686
0.0274 -0.7153 -0.6552
0.0283 -0.7217 -0.6565
0.0282 -0.7285 -0.6608
0.0225 -0.7169 -0.6518
0.0225 -0.7169 -0.6518
0.0258 -0.7259 -0.6530
0.0239 -0.7235 -0.6663
0.0224 -0.7181 -0.6593
0.0216 -0.7179 -0.6609
0.0231 -0.7235 -0.6627
0.0231 -0.7235 -0.6627
0.0284 -0.7203 -0.6605
0.0324 -0.7188 -0.6620
0.0309 -0.7104 -0.6630
0.0312 -0.7148 -0.6716
0.0254 -0.7187 -0.6779
0.0254 -0.7187 -0.6779
0.0255 -0.7170 -0.6842
0.0234 -0.7132 -0.6762
0.0262 -0.7160 -0.6781
0.0249 -0.7161 -0.6745
0.0254 -0.7216 -0.6690
0.0254 -0.7216 -0.6690
0.0278 -0.7164 -0.6726
0.0288 -0.7193 -0.6763
0.0227 -0.7179 -0.6828
0.0221 -0.7225 -0.6875
0.0221 -0.7225 -0.6875
0.0203 -0.7204 -0.6861
0.0227 -0.7187 -0.6810
0.0271 -0.7123 -0.6836
0.0293 -0.7133 -0.6890
0.0269 -0.7071 -0.6847
0.0269 -0.7071 -0.6847
0.0287 -0.7084 -0.6866
0.0281 -0.7019 -0.6859
0.0228 -0.6965 -0.6845
0.0236 -0.7048 -0.6767
0.0226 -0.7069 -0.6590
0.0226 -0.7069 -0.6590
0.0227 -0.7128 -0.6652
0.0204 -0.7073 -0.6750
0.0248 -0.7030 -0.6834
0.0253 -0.7047 -0.6887
0.0239 -0.7049 -0.6891
0.0239 -0.7049 -0.6891
0.0266 -0.7061 -0.6876
0.0305 -0.7052 -0.6978
0.0324 -0.7019 -0.7039
0.0330 -0.6999 -0.6979
0.0330 -0.6999 -0.6979
0.0338 -0.6957 -0.6849
0.0344 -0.6966 -0.6767
0.0364 -0.6933 -0.6615
0.0406 -0.6950 -0.6474
0.0582 -0.6934 -0.6413
0.0582 -0.6934 -0.6413
0.0811 -0.6867 -0.6327
0.1047 -0.6789 -0.6225
0.1412 -0.6667 -0.6102
0.1712 -0.6493 -0.6053
0.1922 -0.6339 -0.6226
0.1922 -0.6339 -0.6226
0.2089 -0.6175 -0.6422
0.2325 -0.6030 -0.6626
0.2567 -0.6132 -0.6472
0.2755 -0.6416 -0.6152
0.2934 -0.6623 -0.6030
0.2934 -0.6623 -0.6030
0.2983 -0.6580 -0.6327
0.2961 -0.6425 -0.6951
0.3016 -0.6256 -0.7763
0.2877 -0.6103 -0.8076
0.2569 -0.6155 -0.7975
0.2569 -0.6155 -0.7975
0.2211 -0.6142 -0.7785
0.1892 -0.6092 -0.7608
0.1663 -0.5887 -0.7710
0.1534 -0.5843 -0.7927
0.1534 -0.5843 -0.7927
0.1552 -0.5730 -0.7953
0.1486 -0.5531 -0.7881
0.1372 -0.5415 -0.7782
0.1288 -0.5403 -0.7966
0.1331 -0.5386 -0.8006
0.1331 -0.5386 -0.8006
0.1371 -0.5281 -0.8078
0.1418 -0.5334 -0.8320
0.1491 -0.5414 -0.8495
0.1559 -0.5383 -0.8453
0.1726 -0.5446 -0.8594
0.1726 -0.5446 -0.8594
0.1817 -0.5531 -0.8805
0.1823 -0.5336 -0.8771
0.1774 -0.5088 -0.8738
0.1701 -0.4959 -0.8673
0.1512 -0.4723 -0.8371
0.1512 -0.4723 -0.8371
0.1156 -0.4456 -0.8231
0.0913 -0.4344 -0.8058
0.0504 -0.4237 -0.7894
-0.0153 -0.4155 -0.7410
0.0298 -0.3371 -0.7854
0.0298 -0.3371 -0.7854
0.0445 -0.3219 -0.8714
0.0499 -0.3148 -0.9129
0.0383 -0.3594 -0.8979
0.0489 -0.3547 -0.9061
0.0489 -0.3547 -0.9061
0.0992 -0.2984 -0.9992
0.1598 -0.2447 -1.0939
0.1676 -0.1813 -1.1650
0.1223 -0.2173 -1.1155
0.0739 -0.3208 -0.9781
0.0739 -0.3208 -0.9781
0.0376 -0.4119 -0.8925
-0.0091 -0.4674 -0.9241
-0.0026 -0.4125 -1.0364
-0.0118 -0.3582 -1.2326
0.0006 -0.3235 -1.3384
0.0006 -0.3235 -1.3384
-0.0031 -0.3095 -1.2085
-0.0325 -0.3120 -0.9802
-0.0388 -0.3359 -0.8126
-0.0396 -0.3630 -0.7386
-0.0252 -0.3810 -0.7536
-0.0252 -0.3810 -0.7536
-0.0195 -0.3932 -0.7690
-0.0394 -0.3412 -0.7584
0.0559 -0.0543 -0.7640
0.1567 -0.2427 -0.7140
0.0545 -0.2707 -0.8194
0.0545 -0.2707 -0.8194
-0.0799 -0.2916 -0.9694
-0.1530 -0.4296 -1.0130
-0.1523 -0.4404 -0.9209
-0.1432 -0.4333 -0.8177
-0.1432 -0.4333 -0.8177
-0.1318 -0.4779 -0.7879
-0.1828 -0.4552 -0.9469
-0.2508 -0.4515 -0.8893
-0.2690 -0.4865 -0.8987
-0.2213 -0.6069 -0.8937
-0.2213 -0.6069 -0.8937
-0.2199 -0.5487 -0.9126
-0.1674 -0.4934 -0.8841
-0.0742 -0.5351 -0.9269
-0.0814 -0.5027 -0.9385
-0.1006 -0.5296 -1.0368
-0.1006 -0.5296 -1.0368
-0.1398 -0.5436 -1.1143
-0.2305 -0.4851 -1.1803
-0.2510 -0.4389 -1.1827
-0.2703 -0.3804 -0.9474
-0.2857 -0.2813 -0.6893
-0.2857 -0.2813 -0.6893
-0.1689 -0.5945 -0.7862
-0.1707 -0.5709 -0.7831
-0.0976 -0.4417 -0.8328
-0.0976 -0.4417 -0.8328
-0.1064 -0.2547 -0.9401
-0.1201 -0.3166 -0.7995
-0.1402 -0.3408 -0.7328
-0.1402 -0.3408 -0.7328
-0.1404 -0.3382 -0.7530
-0.1120 -0.3382 -0.7742
-0.0223 -0.3184 -0.8163
0.0554 -0.3239 -0.8210
0.1178 -0.4015 -0.7356
0.1178 -0.4015 -0.7356
0.1540 -0.4605 -0.7056
0.1689 -0.4402 -0.7579
0.1712 -0.4169 -0.7831
0.1707 -0.4463 -0.7815
0.1604 -0.4910 -0.7983
0.1604 -0.4910 -0.7983
0.1550 -0.5106 -0.8322
0.1585 -0.5163 -0.8642
0.1373 -0.5173 -0.8685
0.1012 -0.5282 -0.8702
0.0723 -0.5122 -0.8733
0.0469 -0.4777 -0.8912
0.0216 -0.4734 -0.8869
0.0177 -0.4886 -0.8834
0.0388 -0.5098 -0.8857
0.0798 -0.5148 -0.9066
0.0798 -0.5148 -0.9066
0.1379 -0.5090 -0.9042
0.1808 -0.5014 -0.9407
0.1860 -0.3935 -0.9878
0.2253 -0.4769 -1.0122
0.2253 -0.4769 -1.0122
0.3793 -0.6055 -1.1051
0.3149 -0.3938 -1.0823
0.2061 -0.1680 -0.9618
0.1628 -0.1871 -0.7831
0.2068 -0.3263 -0.6370
0.2068 -0.3263 -0.6370
0.2488 -0.3621 -0.5890
0.3063 -0.3396 -0.6783
0.3856 -0.3475 -0.9116
0.3917 -0.2868 -1.1699
0.3060 -0.2137 -1.2711
0.3060 -0.2137 -1.2711
0.1796 -0.2380 -1.2322
0.0510 -0.2925 -1.0004
-0.0812 -0.3187 -0.8057
-0.1207 -0.2861 -0.7824
-0.1232 -0.3170 -0.6577
-0.1232 -0.3170 -0.6577
-0.1517 -0.3147 -0.6298
-0.1715 -0.3409 -0.6963
-0.1902 -0.3735 -0.7682
-0.2077 -0.4118 -0.8220
-0.2237 -0.4255 -0.8552
-0.2237 -0.4255 -0.8552
-0.2133 -0.4292 -0.8705
-0.2001 -0.4168 -0.8793
-0.1854 -0.4211 -0.9018
-0.1697 -0.4358 -0.9350
-0.1697 -0.4358 -0.9350
-0.1704 -0.4279 -0.9675
-0.1775 -0.4304 -1.0120
-0.1862 -0.4462 -1.0869
-0.1864 -0.4246 -1.1497
-0.1836 -0.4105 -1.2165
-0.1836 -0.4105 -1.2165
-0.1760 -0.3300 -1.3162
-0.1584 -0.1981 -1.3490
-0.1314 -0.1172 -1.1544
-0.1065 -0.1725 -0.7922
-0.0794 -0.2800 -0.5725
-0.0794 -0.2800 -0.5725
-0.0129 -0.3850 -0.4873
0.0281 -0.4330 -0.5772
0.0516 -0.4639 -0.6766
0.0688 -0.4218 -0.9239
0.0748 -0.3196 -1.2798
0.0748 -0.3196 -1.2798
0.1603 -0.3321 -1.1976
0.2211 -0.3674 -0.9259
0.2712 -0.4585 -0.7166
0.3073 -0.5399 -0.5901
0.3297 -0.5586 -0.5756
0.3297 -0.5586 -0.5756
0.3566 -0.5274 -0.5751
0.3992 -0.5131 -0.5905
0.4148 -0.5177 -0.6953
0.3964 -0.4855 -0.7647
0.3964 -0.4855 -0.7647
0.3257 -0.4184 -0.8185
0.2546 -0.3780 -0.9310
0.1782 -0.3485 -1.0115
0.0964 -0.3385 -1.0341
0.0167 -0.3502 -1.0319
0.0167 -0.3502 -1.0319
-0.0384 -0.3853 -0.9953
-0.0432 -0.4162 -0.9937
-0.0107 -0.4324 -0.9985
0.0376 -0.4642 -1.0435
0.0478 -0.4800 -1.0600
0.0478 -0.4800 -1.0600
0.0098 -0.4732 -1.0939
-0.0624 -0.3755 -1.3483
-0.1195 -0.4112 -1.2660
-0.1827 -0.2721 -1.2616
-0.2093 -0.1599 -1.0188
-0.2093 -0.1599 -1.0188
-0.1646 -0.1648 -0.8502
-0.0968 -0.2169 -0.6900
-0.0397 -0.2675 -0.5631
0.0140 -0.3434 -0.5027
0.0140 -0.3434 -0.5027
0.0431 -0.4204 -0.5164
0.0169 -0.4909 -0.5251
-0.0313 -0.5297 -0.6807
-0.0810 -0.5987 -0.9371
-0.1780 -0.5667 -1.0523
-0.1780 -0.5667 -1.0523
-0.3121 -0.4630 -1.0956
-0.3938 -0.4435 -1.1085
-0.3815 -0.4868 -1.1204
-0.3325 -0.4709 -1.0519
-0.2635 -0.4232 -0.9774
-0.2635 -0.4232 -0.9774
-0.1665 -0.4107 -0.9329
-0.0749 -0.3768 -0.9016
-0.0068 -0.3439 -0.8692
0.0414 -0.3586 -0.8538
0.0555 -0.3793 -0.8344
0.0555 -0.3793 -0.8344
0.0518 -0.4030 -0.8295
0.0408 -0.4226 -0.8375
0.0288 -0.4404 -0.8600
0.0248 -0.4473 -0.8796
0.0101 -0.4566 -0.8871
0.0101 -0.4566 -0.8871
0.0172 -0.4694 -0.8920
0.0317 -0.4826 -0.9139
0.0238 -0.4809 -0.9496
-0.0014 -0.4852 -1.0044
-0.0014 -0.4852 -1.0044
-0.0309 -0.4765 -1.0506
-0.0645 -0.4436 -1.0542
-0.0980 -0.4233 -1.0330
-0.1116 -0.4260 -0.9751
-0.1225 -0.4256 -0.9221
-0.1225 -0.4256 -0.9221
-0.1245 -0.4480 -0.8549
-0.1261 -0.4953 -0.8280
-0.1343 -0.5590 -0.8586
-0.1706 -0.5927 -0.9345
-0.2353 -0.5517 -1.1032
-0.2353 -0.5517 -1.1032
-0.2980 -0.4530 -1.1743
-0.3356 -0.3039 -1.0924
-0.2994 -0.2065 -0.9343
-0.1874 -0.2321 -0.8324
-0.0996 -0.2407 -0.8001
-0.0996 -0.2407 -0.8001
-0.0659 -0.2327 -0.8037
-0.0749 -0.2213 -0.8430
-0.1269 -0.2156 -0.8629
-0.1602 -0.2410 -0.8362
-0.1709 -0.2654 -0.8089
-0.1709 -0.2654 -0.8089
-0.1700 -0.2897 -0.7797
-0.1564 -0.2986 -0.7605
-0.1527 -0.2851 -0.7838
-0.1766 -0.2747 -0.8099
-0.1766 -0.2747 -0.8099
-0.2193 -0.2696 -0.8224
-0.2601 -0.2870 -0.8456
-0.2981 -0.3079 -0.8518
-0.3463 -0.3228 -0.8539
-0.3784 -0.3559 -0.8713
-0.3784 -0.3559 -0.8713
-0.4023 -0.3905 -0.8636
-0.4164 -0.4109 -0.8515
-0.4132 -0.4459 -0.8429
-0.3967 -0.4652 -0.8361
-0.3734 -0.4714 -0.8395
-0.3734 -0.4714 -0.8395
-0.3518 -0.4703 -0.8408
-0.3216 -0.4616 -0.8479
-0.2895 -0.4556 -0.8563
-0.2622 -0.4501 -0.8683
-0.2320 -0.4436 -0.8744
-0.2320 -0.4436 -0.8744
-0.1912 -0.4394 -0.8793
-0.1490 -0.4434 -0.8852
-0.1165 -0.4581 -0.9173
-0.1120 -0.4682 -0.9730
-0.1178 -0.4676 -1.0490
-0.1178 -0.4676 -1.0490
-0.1056 -0.4894 -1.1269
-0.1170 -0.4919 -1.2294
-0.1497 -0.4803 -1.2895
-0.1771 -0.4575 -1.3206
-0.1771 -0.4575 -1.3206
-0.1794 -0.4151 -1.2746
-0.1589 -0.3552 -1.1615
-0.1295 -0.3244 -0.9991
-0.0748 -0.3249 -0.7971
0.0007 -0.3475 -0.6318
0.0007 -0.3475 -0.6318
0.0925 -0.3979 -0.5413
0.1783 -0.4421 -0.5819
0.2378 -0.4573 -0.6994
0.2458 -0.4195 -0.8384
0.2171 -0.3616 -1.0240
0.2171 -0.3616 -1.0240
0.1753 -0.3355 -1.1477
0.1326 -0.2999 -1.1733
0.0952 -0.2746 -1.0912
0.0578 -0.2992 -0.9462
0.0301 -0.3353 -0.7871
0.0301 -0.3353 -0.7871
0.0014 -0.3664 -0.6552
-0.0200 -0.4191 -0.5906
-0.0511 -0.4740 -0.5748
-0.0862 -0.5179 -0.5820
-0.0862 -0.5179 -0.5820
-0.1270 -0.5505 -0.6003
-0.1707 -0.5685 -0.6306
-0.2046 -0.5644 -0.6827
-0.2371 -0.5443 -0.7360
-0.2676 -0.5192 -0.7880
-0.2676 -0.5192 -0.7880
-0.2858 -0.5058 -0.8326
-0.3016 -0.4813 -0.8840
-0.3278 -0.4583 -0.9221
-0.3495 -0.4357 -0.9315
-0.3493 -0.4340 -0.8870
-0.3493 -0.4340 -0.8870
-0.3391 -0.4697 -0.8570
-0.3408 -0.4909 -0.8934
-0.3541 -0.5074 -0.8861
-0.3564 -0.5166 -0.8854
-0.3652 -0.4957 -0.9727
-0.3652 -0.4957 -0.9727
-0.3949 -0.4429 -1.0396
-0.4075 -0.3706 -1.0092
-0.3642 -0.3326 -0.9459
-0.3135 -0.3546 -0.8847
-0.2946 -0.3549 -0.8500
-0.2946 -0.3549 -0.8500
-0.3100 -0.3490 -0.8417
-0.3020 -0.3525 -0.8124
-0.2392 -0.3288 -0.7441
-0.1489 -0.3180 -0.6733
-0.0523 -0.3585 -0.6175
-0.0523 -0.3585 -0.6175
0.0448 -0.4006 -0.6248
0.1030 -0.4050 -0.6535
0.1383 -0.3941 -0.7082
0.1574 -0.3911 -0.7683
0.1574 -0.3911 -0.7683
0.1579 -0.4055 -0.8167
0.1376 -0.4241 -0.8490
0.1099 -0.4516 -0.8935
0.0716 -0.4894 -0.9406
0.0093 -0.5106 -0.9938
0.0093 -0.5106 -0.9938
-0.0622 -0.5211 -1.0330
-0.1343 -0.5217 -1.0385
-0.1757 -0.5372 -1.0083
-0.1845 -0.5726 -0.9715
-0.1778 -0.6091 -0.9606
-0.1778 -0.6091 -0.9606
-0.1673 -0.6346 -0.9694
-0.1430 -0.6479 -0.9780
-0.0942 -0.6546 -1.0162
-0.0421 -0.6212 -1.0897
0.0022 -0.5695 -1.1667
0.0022 -0.5695 -1.1667
0.0298 -0.4949 -1.2128
0.0465 -0.4006 -1.1650
0.0755 -0.3368 -1.0086
0.1401 -0.3420 -0.8313
0.1401 -0.3420 -0.8313
0.2197 -0.3842 -0.7116
0.2763 -0.4342 -0.6408
0.3050 -0.4732 -0.6994
0.2871 -0.4732 -0.8053
0.2663 -0.4305 -0.9699
0.2663 -0.4305 -0.9699
0.2429 -0.3715 -1.0647
0.1634 -0.2951 -1.0951
0.0812 -0.2641 -1.0580
-0.0107 -0.2658 -0.9497
-0.0788 -0.2972 -0.8248
-0.0788 -0.2972 -0.8248
-0.1253 -0.3236 -0.6910
-0.1481 -0.3617 -0.5788
-0.1587 -0.4302 -0.5264
-0.1637 -0.4877 -0.5226
-0.1797 -0.5184 -0.5294
-0.1797 -0.5184 -0.5294
-0.2011 -0.5364 -0.5404
-0.2139 -0.5548 -0.5852
-0.2076 -0.5483 -0.6342
-0.1953 -0.5341 -0.6921
-0.1730 -0.5318 -0.7532
-0.1730 -0.5318 -0.7532
-0.1627 -0.5154 -0.8305
-0.1776 -0.4930 -0.9113
-0.1909 -0.4979 -0.9933
-0.2153 -0.5148 -1.0231
-0.2153 -0.5148 -1.0231
-0.2596 -0.4997 -1.0963
-0.2945 -0.5247 -1.1127
-0.3157 -0.5562 -1.0556
-0.3258 -0.5736 -1.0703
-0.3527 -0.5515 -1.1201
-0.3527 -0.5515 -1.1201
-0.3929 -0.4495 -1.0851
-0.4014 -0.3513 -0.9220
-0.3525 -0.3405 -0.7379
-0.3047 -0.3941 -0.5990
-0.2683 -0.4387 -0.4982
-0.2683 -0.4387 -0.4982
-0.2489 -0.4704 -0.4911
-0.2462 -0.4949 -0.5535
-0.2244 -0.4830 -0.6509
-0.1608 -0.3956 -0.7621
-0.0576 -0.3167 -0.8311
-0.0576 -0.3167 -0.8311
0.0774 -0.2876 -0.8396
0.2251 -0.2867 -0.8421
0.3288 -0.3019 -0.8219
0.3637 -0.3244 -0.8075
0.3637 -0.3244 -0.8075
0.3533 -0.3734 -0.8130
0.3059 -0.4267 -0.8308
0.2369 -0.4773 -0.8730
0.1538 -0.5184 -0.9116
0.0654 -0.5336 -0.9569
0.0654 -0.5336 -0.9569
-0.0352 -0.5343 -1.0014
-0.1328 -0.5321 -1.0141
-0.2050 -0.5488 -0.9966
-0.2559 -0.5812 -0.9375
-0.2865 -0.6250 -0.8888
-0.2865 -0.6250 -0.8888
-0.2839 -0.6648 -0.8619
-0.2521 -0.6568 -0.8698
-0.1876 -0.6158 -0.8843
-0.0731 -0.5744 -0.9180
0.0566 -0.5366 -1.0178
0.0566 -0.5366 -1.0178
0.1534 -0.4929 -1.1257
0.1849 -0.4445 -1.2599
0.1305 -0.3572 -1.3385
0.0539 -0.2715 -1.2502
0.0374 -0.2491 -1.0686
0.0374 -0.2491 -1.0686
0.0609 -0.2688 -0.8478
0.0839 -0.3184 -0.6414
0.0893 -0.4163 -0.5540
0.0638 -0.5253 -0.5558
0.0638 -0.5253 -0.5558
-0.0053 -0.5740 -0.6386
-0.0829 -0.5412 -0.7789
-0.1287 -0.4646 -0.9515
-0.1407 -0.3870 -1.0732
-0.1141 -0.3321 -1.1848
-0.1141 -0.3321 -1.1848
-0.0963 -0.3144 -1.1411
-0.0701 -0.3068 -1.0212
-0.0325 -0.3065 -0.8751
-0.0038 -0.3201 -0.7582
0.0091 -0.3309 -0.6781
0.0091 -0.3309 -0.6781
0.0123 -0.3382 -0.6172
0.0062 -0.3550 -0.5951
-0.0049 -0.3811 -0.6375
-0.0233 -0.4002 -0.6947
-0.0407 -0.3794 -0.7591
-0.0407 -0.3794 -0.7591
-0.0453 -0.3599 -0.8364
-0.0381 -0.3320 -0.9014
-0.0259 -0.3042 -0.9514
-0.0339 -0.3013 -1.0259
-0.0749 -0.3157 -1.0942
-0.0749 -0.3157 -1.0942
-0.1464 -0.3384 -1.1549
-0.2451 -0.3692 -1.2128
-0.3303 -0.3882 -1.1918
-0.3633 -0.4255 -1.1470
-0.3819 -0.3916 -1.1550
-0.3737 -0.3610 -1.0500
-0.3131 -0.3341 -0.8633
-0.1922 -0.3765 -0.6623
-0.0625 -0.4502 -0.5656
-0.0625 -0.4502 -0.5656
0.0337 -0.5206 -0.4982
0.1075 -0.5282 -0.4976
0.1182 -0.4985 -0.6336
0.0488 -0.4234 -0.9569
0.0255 -0.3649 -1.2347
0.0255 -0.3649 -1.2347
0.0721 -0.3127 -1.2240
0.1915 -0.2759 -1.1648
0.2695 -0.3335 -1.0159
0.3025 -0.3681 -0.9420
0.2846 -0.3689 -0.8739
0.2846 -0.3689 -0.8739
0.2372 -0.3572 -0.8555
0.1773 -0.3661 -0.8630
0.1084 -0.4019 -0.8966
0.0019 -0.3935 -0.9386
0.0019 -0.3935 -0.9386
-0.0566 -0.3895 -0.9499
-0.1088 -0.3869 -0.9503
-0.1369 -0.3827 -0.9413
-0.1479 -0.3942 -0.9157
-0.1479 -0.3942 -0.9157
-0.1364 -0.3941 -0.8817
-0.1144 -0.3929 -0.8539
-0.0904 -0.3934 -0.8437
-0.0687 -0.3760 -0.8381
-0.0472 -0.3557 -0.8499
-0.0472 -0.3557 -0.8499
-0.0292 -0.3377 -0.8678
-0.0237 -0.3029 -0.8701
-0.0128 -0.2614 -0.8941
-0.0085 -0.2364 -0.9296
-0.0270 -0.2200 -0.9624
-0.0270 -0.2200 -0.9624
-0.0598 -0.2034 -1.0438
-0.1304 -0.1779 -1.1724
-0.2019 -0.1185 -1.2904
-0.2929 -0.0521 -1.3382
-0.3622 0.0033 -1.2749
-0.3622 0.0033 -1.2749
-0.3173 0.0059 -1.0873
-0.1937 -0.0408 -0.8626
-0.0898 -0.1042 -0.6590
-0.0375 -0.1768 -0.5656
-0.0094 -0.2514 -0.5375
-0.0094 -0.2514 -0.5375
0.0082 -0.2648 -0.6093
0.0146 -0.2249 -0.7435
-0.0123 -0.1707 -0.9226
-0.0190 -0.1119 -1.1491
-0.0190 -0.1119 -1.1491
-0.0098 -0.0768 -1.2190
0.0169 -0.0473 -1.1707
0.0598 -0.0827 -1.0691
0.0852 -0.1398 -0.9710
0.0808 -0.1669 -0.8850
0.0808 -0.1669 -0.8850
0.0666 -0.1883 -0.8587
0.0638 -0.2126 -0.8901
0.0618 -0.2349 -0.9353
0.0409 -0.2288 -0.9978
0.0137 -0.2323 -1.0553
0.0137 -0.2323 -1.0553
-0.0042 -0.2260 -1.0882
-0.0074 -0.2136 -1.1534
-0.0183 -0.2077 -1.2216
-0.0350 -0.2010 -1.2692
-0.0654 -0.2015 -1.2740
-0.0654 -0.2015 -1.2740
-0.1061 -0.2075 -1.2468
-0.1517 -0.2274 -1.1981
-0.1860 -0.2472 -1.1009
-0.2076 -0.2536 -0.9828
-0.2099 -0.2634 -0.8653
-0.2099 -0.2634 -0.8653
-0.1974 -0.2638 -0.7751
-0.1795 -0.2683 -0.7359
-0.1736 -0.2792 -0.7331
-0.2032 -0.2592 -0.8189
-0.2032 -0.2592 -0.8189
-0.2454 -0.2480 -0.9135
-0.2449 -0.2517 -0.9545
-0.2080 -0.2804 -0.9373
-0.1644 -0.3004 -0.8683
-0.1348 -0.3554 -0.8519
-0.1348 -0.3554 -0.8519
-0.1318 -0.3879 -0.8669
-0.1382 -0.3809 -0.8811
-0.1262 -0.3773 -0.9333
-0.1048 -0.3887 -0.9731
-0.0870 -0.3879 -0.9695
-0.0870 -0.3879 -0.9695
-0.0778 -0.3909 -0.9569
-0.0603 -0.4027 -0.9392
-0.0340 -0.4138 -0.9224
-0.0231 -0.4142 -0.9408
-0.0254 -0.3976 -0.9560
-0.0254 -0.3976 -0.9560
-0.0207 -0.3640 -0.9807
-0.0212 -0.3329 -0.9990
-0.0228 -0.2848 -0.9873
0.0113 -0.2504 -0.9743
0.0113 -0.2504 -0.9743
0.0471 -0.2403 -0.9339
0.0646 -0.2463 -0.8856
0.1027 -0.2669 -0.8734
0.1363 -0.2839 -0.9022
0.1082 -0.2780 -0.9010
0.1082 -0.2780 -0.9010
0.0860 -0.3049 -0.9253
0.0949 -0.3689 -0.9057
0.1497 -0.2677 -0.9961
0.1625 -0.4080 -1.0714
0.1142 -0.4407 -1.0519
0.1142 -0.4407 -1.0519
0.0743 -0.4389 -1.0628
0.0723 -0.4963 -1.0894
0.0620 -0.5466 -1.1337
-0.0098 -0.5487 -1.2093
-0.0894 -0.5220 -1.3336
-0.0894 -0.5220 -1.3336
-0.1330 -0.4508 -1.3393
-0.1615 -0.3769 -1.2215
-0.1760 -0.3448 -1.0266
-0.1776 -0.3506 -0.8508
-0.1703 -0.3545 -0.7052
-0.1703 -0.3545 -0.7052
-0.1237 -0.3837 -0.6753
-0.0764 -0.3683 -0.5885
-0.0567 -0.3977 -0.5967
-0.0775 -0.4580 -0.5985
-0.0775 -0.4580 -0.5985
-0.1146 -0.4556 -0.5858
-0.1436 -0.4529 -0.6340
-0.1405 -0.4651 -0.6784
-0.1113 -0.4849 -0.6936
-0.0761 -0.5213 -0.6930
-0.0761 -0.5213 -0.6930
-0.1161 -0.5484 -0.7113
-0.0489 -0.6233 -0.7459
-0.0157 -0.6052 -0.6981
-0.0190 -0.6094 -0.6476
-0.0275 -0.6326 -0.6147
-0.0275 -0.6326 -0.6147
-0.0259 -0.6629 -0.6203
-0.0103 -0.6440 -0.6674
0.0204 -0.6369 -0.7036
0.0416 -0.6484 -0.6932
0.0599 -0.6472 -0.7076
0.0599 -0.6472 -0.7076
0.0354 -0.6763 -0.6569
0.0099 -0.6886 -0.6625
0.0423 -0.6578 -0.6660
0.0800 -0.6425 -0.7286
0.0695 -0.6632 -0.7630
0.0695 -0.6632 -0.7630
0.0525 -0.6660 -0.7608
0.0483 -0.6716 -0.7567
0.0479 -0.6696 -0.7464
0.0368 -0.6736 -0.7370
0.0368 -0.6736 -0.7370
0.0272 -0.6751 -0.7215
0.0274 -0.6697 -0.7058
0.0312 -0.6812 -0.7090
0.0325 -0.6758 -0.7020
0.0330 -0.6690 -0.6926
0.0330 -0.6690 -0.6926
0.0327 -0.6708 -0.6792
0.0389 -0.6819 -0.6695
0.0387 -0.6783 -0.6899
0.0353 -0.6705 -0.6985
0.0295 -0.6803 -0.6958
0.0295 -0.6803 -0.6958
0.0305 -0.6839 -0.6938
0.0302 -0.6768 -0.7030
0.0247 -0.6820 -0.7081
0.0245 -0.6826 -0.7200
0.0199 -0.6868 -0.7145
0.0199 -0.6868 -0.7145
0.0222 -0.6878 -0.7135
0.0217 -0.6894 -0.7126
0.0294 -0.6778 -0.7138
0.0365 -0.6825 -0.7178
0.0324 -0.6760 -0.7097
0.0324 -0.6760 -0.7097
0.0306 -0.6759 -0.7099
0.0333 -0.6828 -0.7129
0.0328 -0.6799 -0.7109
0.0384 -0.6797 -0.7189
0.0384 -0.6797 -0.7189
0.0374 -0.6797 -0.7095
0.0325 -0.6872 -0.6954
0.0288 -0.6821 -0.6885
0.0295 -0.6884 -0.7018
0.0293 -0.6879 -0.7074
0.0293 -0.6879 -0.7074
0.0310 -0.6862 -0.7071
0.0367 -0.6906 -0.7095
0.0354 -0.6930 -0.7069
0.0351 -0.6927 -0.7058
0.0404 -0.6903 -0.7114
0.0404 -0.6903 -0.7114
0.0433 -0.6860 -0.7129
0.0353 -0.6878 -0.7147
0.0276 -0.6894 -0.7129
0.0301 -0.6976 -0.7101
0.0280 -0.6890 -0.7045
0.0280 -0.6890 -0.7045
0.0301 -0.6909 -0.7119
0.0288 -0.6935 -0.7103
0.0261 -0.6881 -0.7148
0.0202 -0.6857 -0.7070
0.0202 -0.6857 -0.7070
0.0210 -0.6949 -0.6981
0.0225 -0.6890 -0.7034
0.0179 -0.6868 -0.7036
0.0181 -0.6913 -0.7059
0.0211 -0.6857 -0.7015
0.0211 -0.6857 -0.7015
0.0207 -0.6860 -0.7027
0.0157 -0.6943 -0.7151
0.0187 -0.6930 -0.7092
0.0181 -0.6900 -0.6959
0.0187 -0.6961 -0.6954
0.0187 -0.6961 -0.6954
0.0145 -0.6935 -0.6929
0.0210 -0.6935 -0.6951
0.0239 -0.6952 -0.7007
0.0173 -0.6924 -0.7025
0.0192 -0.6915 -0.6925
0.0192 -0.6915 -0.6925
0.0227 -0.6926 -0.6959
0.0213 -0.6961 -0.7066
0.0242 -0.6912 -0.7119
0.0274 -0.6903 -0.7117
0.0253 -0.6926 -0.7029
0.0253 -0.6926 -0.7029
0.0191 -0.6905 -0.6976
0.0175 -0.6859 -0.6902
0.0175 -0.6923 -0.6916
0.0143 -0.6966 -0.6863
0.0143 -0.6966 -0.6863
0.0201 -0.6905 -0.6830
0.0217 -0.6804 -0.6677
0.0224 -0.6778 -0.6628
0.0211 -0.6716 -0.6505
0.0195 -0.6616 -0.6290
0.0195 -0.6616 -0.6290
0.0196 -0.6501 -0.6055
0.0254 -0.6270 -0.5685
0.0316 -0.5871 -0.5150
0.0449 -0.5423 -0.4620
0.0532 -0.4951 -0.3730
0.0532 -0.4951 -0.3730
0.0434 -0.4507 -0.2819
0.0363 -0.3796 -0.2279
0.0502 -0.2973 -0.2578
0.0862 -0.2007 -0.3280
0.0891 -0.0860 -0.5078
0.0891 -0.0860 -0.5078
0.1098 -0.0249 -0.5561
0.1035 0.0435 -0.6334
0.1093 0.0770 -0.7385
0.0817 0.1067 -0.8960
0.0938 0.1624 -1.0089
0.0938 0.1624 -1.0089
0.0862 0.2322 -1.1133
0.1016 0.2660 -1.1640
0.1273 0.2759 -1.2788
0.1274 0.3156 -1.3493
0.1274 0.3156 -1.3493
0.1162 0.3593 -1.3890
0.0975 0.3968 -1.4116
0.0738 0.4007 -1.4464
0.1046 0.3455 -1.3872
0.1116 0.3864 -1.3083
0.1116 0.3864 -1.3083
0.1222 0.4524 -1.2542
0.1724 0.4278 -1.2898
0.1363 0.4168 -1.1834
0.1302 0.4200 -1.1314
0.1280 0.4313 -1.0777
0.1280 0.4313 -1.0777
0.1265 0.4384 -1.0435
0.1163 0.4400 -1.0028
0.1003 0.4665 -0.9744
0.0966 0.4868 -0.9514
0.0945 0.5012 -0.9393
0.0945 0.5012 -0.9393
0.1075 0.5259 -0.9164
0.1122 0.5540 -0.8777
0.0963 0.5680 -0.8559
0.0892 0.5667 -0.8497
0.0921 0.5755 -0.8326
0.0921 0.5755 -0.8326
0.0992 0.5928 -0.8009
0.0962 0.5941 -0.8004
0.1017 0.5914 -0.7753
0.1043 0.6195 -0.7562
0.1043 0.6195 -0.7562
0.1030 0.6177 -0.7495
0.1009 0.6189 -0.7379
0.1020 0.6332 -0.7370
0.1038 0.6494 -0.7462
0.1032 0.6534 -0.7477
0.1032 0.6534 -0.7477
0.0966 0.6680 -0.7661
0.1051 0.6811 -0.8070
0.1063 0.6837 -0.8206
0.1023 0.6958 -0.8845
0.1114 0.6978 -0.9661
0.1114 0.6978 -0.9661
0.1155 0.7471 -1.1955
0.1292 0.7705 -1.4206
0.1384 0.8260 -1.4324
0.1701 0.7864 -1.3822
0.1890 0.6452 -1.3268
0.1890 0.6452 -1.3268
0.1095 0.5031 -1.3313
0.0256 0.3497 -1.3204
-0.0101 0.2625 -1.3077
-0.0044 0.2111 -1.1854
-0.0044 0.2111 -1.1854
-0.0100 0.1918 -1.1413
-0.0081 0.1470 -1.1774
-0.0379 0.0707 -1.0815
-0.0589 0.0999 -0.9870
-0.0035 0.0960 -0.8897
-0.0035 0.0960 -0.8897
0.0459 0.0749 -0.8790
0.0663 0.0169 -0.7772
0.0724 -0.0354 -0.7479
0.0889 -0.0855 -0.7197
0.0761 -0.1324 -0.7096
0.0761 -0.1324 -0.7096
0.0682 -0.1987 -0.7280
0.0625 -0.2301 -0.6950
0.0717 -0.2669 -0.6468
0.0418 -0.3490 -0.6951
0.0195 -0.4405 -0.7266
0.0195 -0.4405 -0.7266
0.0208 -0.4494 -0.7402
0.0292 -0.4440 -0.6824
0.0460 -0.4869 -0.6511
0.0405 -0.5074 -0.6544
0.0476 -0.5306 -0.6785
0.0476 -0.5306 -0.6785
0.0592 -0.5605 -0.6525
0.0544 -0.5714 -0.6382
0.0468 -0.5770 -0.6118
0.0424 -0.6072 -0.6164
0.0424 -0.6072 -0.6164
0.0448 -0.6210 -0.6268
0.0404 -0.6282 -0.6467
0.0386 -0.6459 -0.6681
0.0325 -0.6311 -0.6628
0.0264 -0.6288 -0.6736
0.0264 -0.6288 -0.6736
0.0131 -0.6481 -0.6803
0.0161 -0.6614 -0.6866
0.0208 -0.6564 -0.6889
0.0239 -0.6582 -0.6799
0.0323 -0.6598 -0.6853
0.0323 -0.6598 -0.6853
0.0310 -0.6589 -0.6897
0.0239 -0.6721 -0.6807
0.0185 -0.6779 -0.6760
0.0160 -0.6926 -0.6761
0.0130 -0.6926 -0.6743
0.0130 -0.6926 -0.6743
0.0092 -0.6954 -0.6871
0.0141 -0.7008 -0.7004
0.0151 -0.6944 -0.7145
0.0154 -0.7001 -0.7053
0.0159 -0.7031 -0.6897
0.0159 -0.7031 -0.6897
0.0140 -0.7147 -0.6869
0.0186 -0.6998 -0.6840
0.0206 -0.6931 -0.6999
0.0186 -0.6899 -0.7020
0.0186 -0.6899 -0.7020
0.0195 -0.6908 -0.7002
0.0148 -0.6957 -0.6910
0.0131 -0.6959 -0.6903
0.0169 -0.6943 -0.7035
0.0146 -0.6880 -0.7102
0.0146 -0.6880 -0.7102
0.0109 -0.6978 -0.7006
0.0123 -0.6994 -0.6946
0.0171 -0.6987 -0.7037
0.0157 -0.6963 -0.6979
0.0135 -0.7021 -0.6988
0.0135 -0.7021 -0.6988
0.0168 -0.7047 -0.7066
0.0234 -0.6988 -0.7037
0.0229 -0.7015 -0.6965
0.0181 -0.7038 -0.6945
0.0182 -0.7081 -0.7043
0.0182 -0.7081 -0.7043
0.0228 -0.7000 -0.6991
0.0251 -0.7005 -0.6892
0.0226 -0.7077 -0.6962
0.0235 -0.7021 -0.6925
0.0213 -0.6964 -0.6948
0.0213 -0.6964 -0.6948
0.0190 -0.7048 -0.6924
0.0206 -0.7033 -0.6966
0.0206 -0.6986 -0.7041
0.0248 -0.7031 -0.7019
0.0248 -0.7031 -0.7019
0.0206 -0.7059 -0.6940
0.0201 -0.7135 -0.6943
0.0234 -0.7078 -0.6979
0.0223 -0.6992 -0.7044
0.0202 -0.6969 -0.6899
0.0202 -0.6969 -0.6899
0.0120 -0.6983 -0.6802
0.0078 -0.7007 -0.6835
0.0136 -0.7035 -0.6844
0.0090 -0.7078 -0.6785
0.0106 -0.7038 -0.6675
0.0106 -0.7038 -0.6675
0.0183 -0.6990 -0.6662
0.0154 -0.7054 -0.6669
0.0156 -0.7047 -0.6795
0.0194 -0.7121 -0.6871
0.0218 -0.7036 -0.6944
0.0218 -0.7036 -0.6944
0.0206 -0.6986 -0.6862
0.0221 -0.7086 -0.6726
0.0168 -0.7063 -0.6776
0.0143 -0.7027 -0.6929
0.0118 -0.7121 -0.6859
0.0118 -0.7121 -0.6859
0.0164 -0.7116 -0.6854
0.0211 -0.7089 -0.6840
0.0128 -0.7055 -0.6871
0.0110 -0.7145 -0.6783
0.0110 -0.7145 -0.6783
0.0121 -0.7152 -0.6684
0.0168 -0.7146 -0.6752
0.0175 -0.7072 -0.6864
0.0135 -0.7079 -0.6861
0.0166 -0.7166 -0.6843
0.0166 -0.7166 -0.6843
0.0242 -0.7140 -0.6922
0.0208 -0.7070 -0.6886
0.0164 -0.7050 -0.6826
0.0211 -0.7160 -0.6927
0.0214 -0.7082 -0.6851
0.0214 -0.7082 -0.6851
0.0176 -0.7076 -0.6830
0.0169 -0.7120 -0.6806
0.0234 -0.7126 -0.6869
0.0178 -0.7089 -0.6803
0.0112 -0.7060 -0.6765
0.0112 -0.7060 -0.6765
0.0165 -0.7132 -0.6748
0.0191 -0.7089 -0.6755
0.0176 -0.7112 -0.6819
0.0215 -0.7159 -0.6832
0.0276 -0.7107 -0.6898
0.0276 -0.7107 -0.6898
0.0168 -0.7027 -0.6983
0.0127 -0.7039 -0.6989
0.0129 -0.7131 -0.6921
0.0091 -0.7127 -0.6942
0.0091 -0.7127 -0.6942
0.0074 -0.7121 -0.6963
0.0101 -0.7156 -0.6884
0.0115 -0.7152 -0.6809
0.0155 -0.7125 -0.6845
0.0111 -0.7122 -0.6855
0.0111 -0.7122 -0.6855
0.0081 -0.7132 -0.6817
0.0094 -0.7181 -0.6813
0.0120 -0.7109 -0.6746
0.0117 -0.7160 -0.6841
0.0179 -0.7131 -0.6863
0.0179 -0.7131 -0.6863
0.0177 -0.7109 -0.6950
0.0076 -0.7093 -0.6960
0.0127 -0.7098 -0.6910
0.0227 -0.7193 -0.6794
0.0107 -0.7095 -0.6695
0.0107 -0.7095 -0.6695
0.0068 -0.7163 -0.6710
0.0098 -0.7219 -0.6665
0.0078 -0.7201 -0.6748
0.0090 -0.7184 -0.6691
0.0090 -0.7184 -0.6691
0.0094 -0.7129 -0.6580
0.0080 -0.7134 -0.6508
0.0089 -0.7126 -0.6624
0.0071 -0.7156 -0.6835
0.0069 -0.7077 -0.6850
0.0069 -0.7077 -0.6850
0.0088 -0.7076 -0.6849
0.0117 -0.7145 -0.6789
0.0140 -0.7111 -0.6764
0.0109 -0.7107 -0.6866
0.0094 -0.7128 -0.6927
0.0094 -0.7128 -0.6927
0.0103 -0.7120 -0.6841
0.0074 -0.7127 -0.6849
0.0146 -0.7184 -0.6800
0.0151 -0.7130 -0.6735
0.0145 -0.7106 -0.6691
0.0145 -0.7106 -0.6691
0.0163 -0.7158 -0.6836
0.0190 -0.7184 -0.6874
0.0159 -0.7076 -0.6882
0.0153 -0.7022 -0.6889
0.0106 -0.7128 -0.6915
0.0106 -0.7128 -0.6915
0.0115 -0.7154 -0.6895
0.0127 -0.7137 -0.6870
0.0135 -0.7095 -0.6888
0.0190 -0.7105 -0.6948
0.0190 -0.7105 -0.6948
0.0191 -0.7052 -0.6995
0.0135 -0.7074 -0.6973
0.0096 -0.7083 -0.6855
0.0076 -0.7137 -0.6746
0.0114 -0.7163 -0.6803
0.0114 -0.7163 -0.6803
0.0120 -0.7084 -0.6885
0.0122 -0.7073 -0.6931
0.0111 -0.7110 -0.6872
0.0096 -0.7072 -0.6814
0.0075 -0.7101 -0.6855
0.0075 -0.7101 -0.6855
0.0076 -0.7106 -0.6878
0.0047 -0.7062 -0.6815
0.0075 -0.7150 -0.6880
0.0167 -0.7124 -0.6903
0.0134 -0.7048 -0.6890
0.0134 -0.7048 -0.6890
0.0079 -0.7077 -0.6860
0.0083 -0.7191 -0.6830
0.0094 -0.7102 -0.6815
0.0055 -0.7063 -0.6901
0.0055 -0.7063 -0.6901
0.0067 -0.7066 -0.6927
0.0087 -0.7143 -0.6926
0.0117 -0.7061 -0.6833
0.0172 -0.7158 -0.6943
0.0155 -0.7058 -0.6869
0.0155 -0.7058 -0.6869
0.0160 -0.7109 -0.6832
0.0026 -0.7173 -0.6572
-0.0021 -0.7260 -0.6621
0.0023 -0.7164 -0.6581
0.0113 -0.7081 -0.6693
0.0113 -0.7081 -0.6693
0.0106 -0.7128 -0.6625
0.0084 -0.7122 -0.6642
0.0114 -0.7048 -0.6711
0.0206 -0.7022 -0.6895
0.0270 -0.7009 -0.6939
0.0270 -0.7009 -0.6939
0.0234 -0.6975 -0.7063
0.0211 -0.6981 -0.6969
0.0239 -0.6929 -0.6913
0.0324 -0.6988 -0.6851
0.0240 -0.6982 -0.6875
0.0240 -0.6982 -0.6875
0.0135 -0.7061 -0.6877
0.0174 -0.6968 -0.6932
0.0298 -0.6891 -0.6916
0.0320 -0.6958 -0.7102
0.0397 -0.7015 -0.7207
0.0397 -0.7015 -0.7207
0.0347 -0.6808 -0.7256
0.0300 -0.6801 -0.7302
0.0275 -0.6850 -0.7223
0.0239 -0.6929 -0.7216
0.0239 -0.6929 -0.7216
0.0205 -0.6898 -0.7251
0.0227 -0.6791 -0.7218
0.0264 -0.6825 -0.7215
0.0262 -0.6852 -0.7148
0.0206 -0.6856 -0.7023
0.0206 -0.6856 -0.7023
0.0186 -0.6893 -0.6945
0.0176 -0.6917 -0.6839
0.0235 -0.6930 -0.6975
0.0355 -0.6943 -0.7121
0.0355 -0.6797 -0.7028
0.0355 -0.6797 -0.7028
0.0291 -0.6879 -0.6948
0.0384 -0.6913 -0.7073
0.0303 -0.6876 -0.6963
0.0265 -0.6991 -0.7048
0.0351 -0.7017 -0.7029
0.0351 -0.7017 -0.7029
0.0485 -0.6916 -0.7067
0.0315 -0.6997 -0.7167
0.0334 -0.7034 -0.7186
0.0455 -0.6923 -0.7016
0.0455 -0.6923 -0.7016
0.0433 -0.6873 -0.7081
0.0388 -0.6911 -0.7060
0.0357 -0.7000 -0.7118
0.0361 -0.6934 -0.7141
0.0358 -0.6887 -0.7027
0.0358 -0.6887 -0.7027
0.0336 -0.6945 -0.6990
0.0249 -0.6955 -0.6945
0.0365 -0.6816 -0.6881
0.0403 -0.6891 -0.6894
0.0584 -0.6595 -0.6797
0.0584 -0.6595 -0.6797
0.0224 -0.7646 -0.7322
0.0365 -0.7134 -0.7135
0.0434 -0.6707 -0.6786
0.0589 -0.6967 -0.6724

