0.2294 -0.6901 0.6736
0.2383 -0.6990 0.8616
0.1745 -0.6847 0.6833
0.1559 -0.6969 0.6710
0.1426 -0.6942 0.6407
0.1517 -0.6820 0.9946
0.1321 -0.7048 0.8507
-0.0750 -0.6967 0.5692
-0.0928 -0.7044 1.0521
-0.0964 -0.6825 0.5084
-0.1054 -0.7011 0.6616
-0.1133 -0.6879 0.5227
-0.1192 -0.6839 0.8415
-0.1283 -0.6800 0.8095
-0.3564 -0.7042 1.0330
-0.3260 -0.6999 0.7955
0.1186 -0.7003 0.5412
0.3676 -0.7376 1.0123
0.3717 -0.6980 0.7413
0.1738 -0.7017 1.0592
-0.3130 -0.7199 1.0764
0.0480 -0.6922 0.6635
-0.1342 -0.6693 0.8878
0.1667 -0.6967 0.7345
-0.4069 -0.7017 0.8785
0.0636 -0.7066 0.5515
-0.2287 -0.6736 0.6321
0.1596 -0.6902 0.8115
0.1118 -0.6774 1.0387
-0.2277 -0.6852 0.8452
-0.3748 -0.6946 0.6077
-0.3897 -0.6887 0.6916
-0.4030 -0.6949 0.7616
0.1060 -0.6723 0.7347
0.2840 -0.6834 0.9801
0.0108 -0.6920 0.6748
-0.0527 -0.6753 0.6835
-0.1399 -0.6852 0.9646
-0.3094 -0.6904 0.6695
-0.2305 -0.7101 0.9223
0.2787 -0.6899 0.7224
0.2246 -0.6836 0.7181
0.2078 -0.6615 0.8416
0.1113 -0.7172 0.9324
0.0742 -0.6901 0.7421
-0.0305 -0.6821 0.7054
-0.0768 -0.7009 0.6861
-0.3941 -0.7158 1.0600
-0.3049 -0.6698 0.5274
0.3614 -0.6851 0.7538
0.3787 -0.7046 0.7519
0.2706 -0.6954 0.6908
-0.0268 -0.6961 0.6674
-0.0990 -0.6685 0.9581
-0.1375 -0.7090 0.5709
-0.3427 -0.6926 0.5423
-0.3821 -0.7032 0.6783
0.1190 -0.2806 0.3605
0.2428 -0.6678 0.6330
0.1808 -0.6920 0.5769
0.1554 -0.7059 0.5890
-0.1296 -0.7025 0.6280
-0.1409 -0.6993 0.5305
-0.3070 -0.6885 0.7212
-0.3004 -0.6518 0.6207
-0.3633 -0.6870 0.5067
-0.4164 -0.7081 0.9528
-0.1618 -0.7025 0.5268
-0.3672 -0.7082 0.5324
0.0360 -0.0347 0.1015
-0.0469 -0.1198 0.0738
-0.0179 0.0226 0.0171
0.0155 0.0010 0.0705
-0.0105 0.0508 0.0153
-0.0260 0.0439 0.0351
-0.0214 0.0555 0.0176
-0.0542 0.0508 0.0743
-0.0260 0.0892 0.0024
-0.0255 0.0884 -0.0005
-0.0277 0.0890 -0.0027
-0.0138 0.0782 0.0229
-0.0026 0.0697 0.0492

