0.0884 -1.3213 0.3371
-0.2094 -0.5824 1.0121
-0.4289 -0.5642 0.9690
-0.3728 -0.5778 0.7972
-0.7053 -0.6191 0.8856
-0.4737 -0.6164 0.9295
-0.4681 -0.5691 0.4355
-0.3351 -0.1272 0.2702
-0.6868 -0.6293 0.9068
-0.3430 -0.5862 0.8032
0.0094 -1.2447 0.4509
-0.3921 -0.6036 0.9282
-0.2862 -0.6172 0.5931
-0.4310 -0.5698 0.9003
-0.4679 -0.6247 0.7919
-0.3069 -0.6042 1.0775
-0.3057 -0.6524 1.1977
-0.5786 -0.6207 0.9129
-0.5796 -0.5735 0.8543
-0.1969 -0.6402 0.7066
-0.2577 -0.6509 1.1775
-0.3615 -0.6210 1.0770
-0.8421 -1.1669 0.2558
-0.6126 -0.5740 0.3069
-0.5067 -0.6325 1.0621
-0.3993 -0.5855 0.9945
-0.5190 -0.5762 0.9329
-0.5298 -0.6115 0.8918
-0.3715 -1.2095 0.2571
-0.9266 -0.6285 0.8192
-0.5522 -0.5911 0.7010
-0.5340 -0.4433 0.3135
-0.2040 -0.6105 0.6354
-0.2696 -0.5287 0.7529
-0.3281 -0.5706 0.8211
-0.8120 -0.5810 0.6627
-0.1305 -0.5948 0.6875
-0.5652 -0.5619 0.3696
-0.2038 -0.6630 1.0937
-0.2685 -0.6066 1.1564
-0.1996 -0.6428 0.9243
-0.2860 -0.6139 0.7745
-0.4414 -0.6328 0.7442
-0.6284 -0.6376 0.9953
-0.5528 -0.5822 0.8092
-0.5369 -0.5914 0.7826
-0.5950 -0.6092 0.7145
-0.6643 -0.6001 0.7713
-0.7344 -0.6168 0.7624
-0.4117 -0.5733 0.5124
-0.5886 -0.6136 0.4923
-0.5401 -0.5911 0.4217
-0.6405 -0.6180 0.5054
-0.2304 -0.6097 0.7968
-0.4952 -0.5961 0.7707
-0.4646 -0.6015 0.7251
-0.2993 -0.2211 0.3345
-0.6939 -0.6213 0.7495
-0.7830 -0.6117 0.7245
-0.7745 -0.5524 0.7081
-0.6800 -0.6076 0.5533
-0.5362 -0.6704 0.1975
-0.6944 -0.6077 0.3837
-0.1390 -0.5572 0.6035
-0.1792 -0.6326 0.7458
-0.3080 -0.5653 0.5595
-0.3643 -0.5786 0.5435
-0.5188 -0.5800 0.4555
-0.1483 -0.1152 0.0494
-0.3402 -0.6626 0.8426
-0.4257 -0.6253 0.7806
-0.4227 -0.6314 0.4512
-0.7042 -0.6220 0.7070
-0.7403 -0.6136 0.7089
-0.5836 -0.5915 0.4333
-0.8085 -0.6073 0.6273
-0.6808 -0.5908 0.4192
-0.4774 -0.6427 1.0962
-0.3765 -0.6183 0.7592
-0.5272 -0.6320 0.9605
-0.8475 -0.5848 0.7203
-0.6342 -0.5826 0.3382
-0.6069 -0.5558 0.3339
-0.0804 -0.3825 0.5708
-0.1248 0.0099 0.0809
-0.0151 -0.1439 0.1281
-0.2156 -0.5932 0.5224
-0.3711 -0.6386 0.8248
-0.4747 -0.6235 0.4273
-0.5901 -0.6200 0.3575
-1.2889 -0.5752 1.0341
-0.2747 -0.6750 0.7025
-0.5180 -0.6345 0.4266
-0.5590 -0.6069 0.3794
-0.2223 -0.4003 0.7069
-0.0971 -0.6375 0.9192
-0.2600 -0.6295 0.8740
-0.3622 -0.6303 0.8605
-0.5726 -0.6308 0.9707
-0.3579 -0.2003 0.2811
-0.1082 -0.6569 0.9153
-0.7357 -0.5665 0.5352
-0.0812 0.0977 0.0479
0.2013 -1.2731 0.8288
-0.0841 0.0956 0.0465
-0.1667 -0.6190 0.9849
-0.0891 0.0984 0.0540
-0.5918 -0.6753 1.0819
-0.0972 0.0462 0.0608
-0.7715 -0.5693 0.5926
-0.1591 0.0203 0.0837
-0.1270 0.0952 0.0932
-0.0722 0.1412 0.0411
-0.0760 0.1272 0.0314
-0.0816 0.1108 0.0362

