0.3134 -0.6266 0.8793
0.1479 -0.7239 0.7512
0.1236 -0.7492 0.8148
0.1208 -0.8675 0.7151
-0.0953 -0.7015 0.7593
-0.1568 -0.7718 0.8439
-0.1634 -0.8127 0.7589
-0.1948 -0.7102 0.8949
-0.2147 -0.7685 0.7133
-0.3703 -0.7407 1.0374
0.1112 -0.7504 0.6178
0.3030 -0.6825 0.7258
0.0714 -0.7845 0.8409
-0.0322 -0.6752 0.7377
-0.2060 -0.8488 0.8590
-0.0328 -0.8442 0.8218
-0.0543 -0.7587 0.9201
0.2808 -0.6735 0.6573
0.2926 -0.5928 0.7633
0.2158 -0.5526 0.9010
0.0316 -0.7159 0.7218
-0.1975 -0.7753 1.0155
-0.2425 -0.8284 0.8959
-0.2807 -0.7947 1.0040
-0.4897 -0.8015 0.8936
0.3291 -0.6756 0.5729
0.0735 -0.6414 0.8400
-0.4555 -0.7747 0.6576
0.0171 -0.0421 0.1172
0.0206 -0.0507 0.1121
0.0073 0.0108 0.0503
0.0775 -0.2355 0.1311
0.0332 -0.0536 0.1021
0.0229 0.0047 0.0459
0.0038 -0.0082 0.0586
-0.0129 -0.0110 0.1101
0.0165 -0.0121 0.0371
0.0339 -0.0059 0.0621
0.0258 -0.0191 0.0461
0.0231 0.0007 0.0549
-0.2918 -0.3039 0.7485
0.0226 -0.5949 0.5970
-0.0564 -0.1473 0.0952
0.1098 -1.1732 1.0478
0.0045 -0.2099 0.3625
-0.0083 -0.0512 0.0621
-0.0388 -0.1649 0.1872
-0.1493 -0.5197 0.4884
0.0026 -0.0525 0.0542
0.1717 -0.5277 0.2058
0.0014 -0.0733 0.0450
0.0266 -0.0152 0.0414
0.0167 -0.0182 0.0611
0.0143 -0.0197 0.0583
0.0194 0.0027 0.0345
0.0349 0.0026 0.0656
0.0348 -0.0275 0.0462
0.0198 0.0043 0.0387
-0.4317 -0.7026 0.9401
-0.4084 -0.6748 0.7994
0.1062 -0.7084 0.7599
0.3027 -0.7193 0.7668
-0.1970 -0.6887 0.7064
0.0531 -0.6609 0.6947
-0.2911 -0.6902 0.7064
0.1275 -0.6638 0.6798
-0.4008 -0.6931 0.6756
-0.1450 -0.7114 0.7387
-0.0585 -0.6769 0.7981
-0.4162 -0.6870 0.8666
0.1561 -0.7073 0.9530
-0.0418 -0.7086 0.7448
-0.2373 -0.7021 0.6717
-0.1872 -0.7095 0.6424
-0.3804 -0.6804 0.5289
0.2090 -0.7277 0.7805
0.1226 -0.7280 0.5872
0.0430 -0.6930 1.0861
-0.1038 -0.7064 0.8442
-0.3602 -0.6951 1.0515
0.1046 -0.7023 0.7270
-0.2513 -0.6827 0.6358
-0.4090 -0.6884 0.9037
-0.1315 -0.7091 0.5992
-0.3754 -0.6841 0.5432
0.3195 -0.7207 1.1866
0.3264 -0.7245 1.0069
0.2250 -0.6860 1.0996
0.3569 -0.7645 0.7675
0.2942 -0.6871 1.0817
0.3285 -0.7462 0.7090
0.2586 -0.7135 0.8755
0.2317 -0.7067 0.8880
0.1813 -0.7126 0.8677
-0.0063 -0.7256 0.7154
-0.0749 -0.7064 0.8409
-0.1780 -0.6911 0.9389
-0.1996 -0.7018 0.8328
-0.4581 -0.7123 1.1310
-0.4005 -0.6818 0.7327
-0.3978 -0.6839 0.7484
0.1783 -0.7026 0.7086
-0.3525 -0.6402 0.5113
0.1272 -0.6051 0.5632
-0.1847 -0.6434 0.6632
-0.0381 -0.6469 0.6840

