0.0403 0.0232 0.0230
0.0127 0.0097 0.0216
0.0058 0.0114 0.0175
0.0277 0.0113 0.0177
0.0092 0.0128 0.0065
-0.0051 0.0116 0.0061
0.0160 0.0150 -0.0001
0.0073 0.0296 -0.0056
-0.0254 0.0335 -0.0138
-0.0204 0.0134 -0.0018
0.0036 0.0248 -0.0019
0.0253 0.0340 -0.0020
0.0052 0.0226 0.0090
-0.0015 0.0167 0.0071
0.0008 0.0059 0.0123
0.0050 -0.0048 0.0226
0.0242 -0.0055 0.0206
0.0218 -0.0017 0.0215
0.0242 0.0078 0.0167
0.0266 0.0233 -0.0010
0.0078 0.0190 -0.0052
-0.0002 0.0057 -0.0031
0.0002 -0.0247 -0.0040
0.0243 -0.0229 -0.0003
0.0343 -0.0096 -0.0019
0.0311 0.0159 0.0129
0.0220 0.0195 0.0209
0.0215 0.0147 0.0171
0.0269 -0.0020 0.0179
0.0145 -0.0034 0.0058
0.0083 -0.0024 0.0068
0.0092 -0.0159 0.0051
0.0314 -0.0150 0.0010
0.0371 -0.0076 -0.0032
0.0239 0.0107 -0.0076
0.0238 -0.0011 0.0073
0.0374 -0.0013 0.0017
0.0443 -0.0092 -0.0085
0.0123 0.0028 -0.0045
-0.0044 -0.0130 -0.0022
0.0072 -0.0247 0.0104
0.0528 0.0035 0.0030
0.0498 0.0201 0.0019
0.0055 0.0122 0.0043
-0.0108 -0.0065 0.0039
0.0011 -0.0154 -0.0014
0.0314 0.0026 0.0036
0.0326 0.0019 0.0085
-0.0014 -0.0074 0.0126
-0.0120 -0.0092 0.0121
-0.0009 0.0143 0.0079
0.0253 0.0317 -0.0052
0.0164 0.0076 -0.0060
0.0087 -0.0082 0.0007
0.0108 0.0030 0.0106
0.0095 0.0402 -0.0038
0.0059 0.0524 0.0031
0.0346 0.0523 -0.0061
0.0187 0.0277 -0.0153
-0.0165 0.0343 -0.0032
-0.0522 0.0139 0.0093
-0.0138 -0.0319 -0.0072
0.0079 -0.0516 -0.0127
0.0140 0.0061 -0.0003
0.0192 0.0042 -0.0113
0.0018 -0.0305 0.0005
-0.0059 -0.0043 0.0113
0.0130 -0.0022 0.0100
0.0201 -0.0043 0.0122
0.0105 0.0034 0.0126
0.0287 0.0061 0.0042
0.0424 0.0131 -0.0012
0.0416 0.0120 -0.0082
0.0064 0.0002 -0.0020
-0.0016 0.0035 0.0044
0.0050 0.0056 -0.0032
0.0172 0.0101 -0.0040
0.0180 0.0044 -0.0022
0.0100 -0.0133 0.0067
0.0083 -0.0101 0.0164
0.0150 0.0242 0.0088
0.0172 0.0563 0.0098
0.0084 0.0533 0.0090
-0.0057 0.0288 0.0162
-0.0020 -0.0129 0.0118
0.0025 -0.0209 0.0060
0.0170 0.0004 0.0050
0.0162 0.0337 0.0092
0.0086 0.0443 0.0105
0.0018 0.0328 0.0193
0.0133 0.0040 0.0119
0.0198 0.0091 0.0065
0.0142 0.0246 0.0126
-0.0112 0.0395 0.0158
-0.0105 0.0270 0.0120
0.0141 -0.0125 0.0055
0.0342 0.0075 0.0067
0.0184 0.0393 0.0048
-0.0179 0.0610 0.0178
-0.0401 0.0315 0.0204
-0.0367 0.0127 0.0198
0.0063 -0.0070 0.0083
0.0098 0.0097 0.0091
-0.0110 0.0163 0.0088
-0.0320 0.0242 0.0182
-0.0092 0.0195 0.0142
0.0023 0.0205 0.0171
0.0183 0.0290 0.0250
0.0013 0.0092 0.0263
-0.0090 0.0074 0.0309
-0.0302 0.0206 0.0244
-0.0273 0.0441 0.0250
-0.0312 0.0582 0.0246
-0.0618 0.0631 0.0409
-0.0987 0.0539 0.0614
-0.1025 0.0645 0.0767
-0.0808 0.1045 0.0856
-0.0854 0.1254 0.0933
-0.1284 0.1629 0.1141
-0.1348 0.2287 0.1220
-0.1229 0.2446 0.1190
-0.1070 0.2734 0.1178
-0.1220 0.3034 0.1239
-0.1319 0.3279 0.1335
-0.1253 0.3862 0.1546
-0.0938 0.4854 0.1907
-0.0824 0.5036 0.1993
-0.0774 0.5560 0.2397
-0.1133 0.6263 0.2620
-0.1312 0.6711 0.2713
-0.1631 0.7394 0.2858
-0.1972 0.7631 0.3082
-0.2324 0.7861 0.3016
-0.3141 0.8158 0.3261
-0.3738 0.7767 0.3726
-0.3859 0.7318 0.4030
-0.4138 0.6398 0.4967
-0.4059 0.5801 0.5842
-0.3874 0.5699 0.6310
-0.3390 0.5734 0.7295
-0.3047 0.6148 0.7787
-0.2378 0.7290 0.8467
-0.2216 0.7818 0.8770
-0.2829 0.7547 0.8973
-0.3262 0.7353 0.8959
-0.4019 0.6874 0.9025
-0.4230 0.6632 0.9059
-0.4224 0.6677 0.9603
-0.4174 0.6949 0.9886
-0.4140 0.7140 1.0006
-0.4192 0.7365 1.0116
-0.4261 0.7922 1.0209
-0.4278 0.8120 1.0288
-0.3977 0.8241 1.0227
-0.3540 0.8616 1.0138
-0.3240 0.8805 1.0026
-0.2902 0.9118 1.0101
-0.2731 0.9357 1.0160
-0.2647 0.9307 1.0182
-0.2403 0.9390 1.0056
-0.2111 0.9552 0.9905
-0.1915 0.9622 0.9854
-0.1381 0.9464 0.9814
-0.0552 0.8589 0.9677
-0.0100 0.8094 0.9764
0.0923 0.7468 0.9741
0.1481 0.7471 0.9539
0.1917 0.7624 0.8475
0.1195 0.8022 0.7528
0.0732 0.8594 0.6848
0.0898 0.8924 0.6327
0.1443 0.9067 0.5531
0.1315 0.8647 0.5317
0.0169 0.7956 0.5409
-0.1684 0.6595 0.5213
-0.2388 0.6513 0.5016
-0.1830 0.5555 0.3512
0.1114 0.3856 0.0888
0.3022 0.2989 -0.0384
0.4898 0.1455 -0.2449
0.3662 0.0884 -0.3618
0.2437 0.1329 -0.3915
-0.0344 0.2126 -0.3449
-0.2202 0.3588 -0.1487
-0.2283 0.4308 -0.0174
-0.1124 0.4023 0.2624
0.0140 0.2660 0.4611
0.0424 0.2199 0.5230
0.0391 0.1806 0.6096
-0.0683 0.1894 0.6094
-0.1231 0.2086 0.5979
-0.2480 0.2440 0.5396
-0.3002 0.2185 0.4044
-0.3034 0.2123 0.3060
-0.2437 0.1645 0.1407
-0.1614 0.1271 0.0761
-0.1322 0.1074 0.0722
-0.1241 0.0411 0.1003
-0.1105 -0.0566 0.1428
-0.0699 -0.1109 0.1466
0.0733 -0.1387 0.1268
0.1514 -0.1053 0.1032
0.2860 0.0153 0.0570
0.3766 0.1678 0.0140
0.4216 0.2362 -0.0198
0.5249 0.3580 -0.0503
0.5837 0.4509 -0.0647
0.5808 0.4689 -0.0664
0.5677 0.5741 -0.0172
0.4959 0.5230 0.1412
0.3964 0.3953 0.2002
0.1408 0.0616 0.2201
0.0354 -0.1073 0.2161
0.0560 -0.1244 0.1949
0.1264 0.0518 0.1677
0.2176 0.3451 0.1836
0.2602 0.4844 0.1758
0.2553 0.5756 0.1543
0.0603 0.6025 0.1504
-0.1306 0.6089 0.1410
-0.5738 0.5561 0.1530
-0.8281 0.3651 0.2416
-0.8264 0.2540 0.3106
-0.6115 -0.0252 0.4705
-0.3402 -0.2297 0.6191
-0.2545 -0.2577 0.6695
-0.2309 -0.1657 0.6972
-0.2567 -0.0887 0.6843
-0.2916 0.0700 0.6265
-0.2854 0.1257 0.5232
-0.2946 0.1207 0.4819
-0.3238 0.0904 0.4102
-0.2984 0.0540 0.3357
-0.2525 0.0370 0.2936
-0.1186 -0.0008 0.1838
-0.0130 0.0019 0.0623
0.0196 0.0063 -0.0074
0.0549 -0.0485 -0.1276
0.0170 -0.1562 -0.2273
-0.0185 -0.2031 -0.2647
-0.0611 -0.2847 -0.3256
-0.1691 -0.3986 -0.3767
-0.1909 -0.4444 -0.3562
-0.0892 -0.5401 -0.3283
0.0473 -0.5601 -0.3090
0.2999 -0.5718 -0.2472
0.3769 -0.6839 -0.1635
0.2925 -0.9592 -0.1251
0.2937 -1.1434 -0.1484
0.5717 -1.4760 -0.3088
0.7999 -1.5803 -0.4063
1.1107 -1.5604 -0.6722
0.8243 -1.4181 -1.0003
-0.0199 -1.2004 -1.3399
-0.4298 -1.0329 -1.5038
-0.7493 -0.7809 -1.6819
-0.6432 -0.6451 -1.7151
-0.1870 -0.3983 -1.6985
0.1752 -0.3355 -1.5906
0.2787 -0.3427 -1.5006
0.3772 -0.3987 -1.3440
0.2880 -0.5178 -1.1418
0.2141 -0.5729 -1.0244
0.0355 -0.6255 -0.8305
-0.1393 -0.5073 -0.7125
-0.1825 -0.4327 -0.6764
-0.2337 -0.2786 -0.6302
-0.3039 -0.2131 -0.5355
-0.2961 -0.1575 -0.4501
-0.1789 -0.0247 -0.2232
-0.0273 0.1227 0.0263
0.0362 0.1942 0.1339
0.1255 0.3374 0.2830
0.1416 0.4279 0.3157
0.1118 0.6323 0.3422
0.0283 0.8118 0.3326
-0.0133 0.8961 0.3111
0.0056 0.8905 0.3078
0.0496 0.7375 0.3030
0.0266 0.5520 0.3304
0.0464 0.4764 0.3609
0.1991 0.3784 0.4155
0.3764 0.4837 0.4772
0.4857 0.6049 0.5144
0.7724 0.8826 0.6516
0.8973 0.9770 0.7354
0.9164 1.1051 0.9211
0.5436 1.0869 1.0572
0.1986 1.0193 1.1133
-0.6588 0.8280 1.1076
-1.2962 0.6904 1.0389
-1.3838 0.6096 0.9981
-1.0270 0.3873 0.9787
-0.2540 0.2224 0.9469
0.0201 0.1926 0.9006
0.1220 0.1029 0.8089
-0.0428 0.0551 0.6437
-0.1384 0.0817 0.5446
-0.3084 0.1819 0.4110
-0.3742 0.2893 0.3908
-0.3818 0.2900 0.4227
-0.3966 0.2197 0.4874
-0.3918 0.1825 0.4940
-0.3439 0.1196 0.4370
-0.2152 0.0445 0.2819
0.0507 -0.0004 0.0937
0.1856 -0.0080 0.0340
0.3479 -0.0626 -0.0401
0.3716 -0.0825 -0.0690
0.3109 -0.1701 -0.1268
0.1800 -0.2934 -0.2152
0.1472 -0.3467 -0.2562
0.1742 -0.4461 -0.3307
0.2753 -0.5820 -0.4814
0.2498 -0.6077 -0.5698
-0.1491 -0.4550 -0.7427
-0.5714 -0.3228 -0.8020
-0.6989 -0.3712 -0.7611
-0.7654 -0.5497 -0.5827
-0.1459 -0.7523 -0.4763
0.2888 -0.8448 -0.4650
0.7389 -0.9378 -0.5674
0.3658 -0.8156 -0.8502
-0.0302 -0.6566 -1.0183
-0.9199 -0.3516 -1.3850
-1.3171 -0.2160 -1.5763
-1.2033 -0.2421 -1.5950
-0.5889 -0.4916 -1.5424
-0.0494 -0.7780 -1.4469
0.0843 -0.9013 -1.4038
0.1057 -1.0639 -1.3086
-0.0451 -0.9623 -1.1926
-0.1989 -0.8074 -1.1272
-0.4667 -0.3759 -1.0181
-0.5451 -0.1676 -0.9697
-0.7129 0.1582 -0.8487
-0.9308 0.2214 -0.6765
-1.0883 0.0933 -0.4976
-1.1184 -0.0199 -0.4124
-1.0949 -0.1222 -0.2418
-1.0302 -0.1204 -0.1466
-0.8202 -0.1042 0.0383
-0.5472 -0.0736 0.2339
-0.4521 -0.0754 0.3331
-0.3789 -0.0860 0.5544
-0.4067 0.0241 0.7186
-0.4440 0.0943 0.7820
-0.5273 0.2270 0.8975
-0.5852 0.1783 0.9814
-0.6128 0.1104 1.0207
-0.7031 0.0134 1.0523
-0.7717 -0.0242 1.0315
-0.7949 0.1333 1.0018
-0.8204 0.4724 1.0327
-0.3897 0.9010 1.1517
0.1221 0.9381 1.2584
1.0699 0.9270 1.5004
1.2896 0.8944 1.6047
1.0893 0.6898 1.7622
0.2435 0.3672 1.7705
-1.1617 0.0842 1.8171
-1.8846 0.0005 1.8291
-2.5671 -0.1705 1.9067
-2.3309 -0.2534 1.9453
-1.0290 -0.4125 1.8497
0.4134 -0.6101 1.7817
1.1369 -0.6188 1.6606
1.2224 -0.5723 1.6032
1.0536 -0.3501 1.4734
0.8830 -0.2005 1.4033
0.4961 0.0756 1.2854
0.0814 0.3207 1.1632
-0.1141 0.3915 1.0916
-0.4106 0.4559 0.9016
-0.4788 0.5259 0.6620
-0.4322 0.5304 0.5349
-0.2404 0.4803 0.2977
0.0020 0.3624 0.0678
0.1256 0.3071 -0.0408
0.2802 0.1834 -0.2349
0.2271 0.0774 -0.3876
0.1271 0.0107 -0.4470
-0.0425 -0.2067 -0.5501
-0.1067 -0.4177 -0.6817
-0.1726 -0.5198 -0.7761
-0.4007 -0.5849 -0.9723
-0.5133 -0.5359 -1.0330
-0.5082 -0.2695 -1.1029
0.1483 -0.0929 -0.9877
1.2535 -0.0184 -0.8034
1.7449 0.0074 -0.7403
2.2481 -0.0128 -0.6582
2.1802 -0.0448 -0.6079
1.4423 -0.1359 -0.4910
0.0879 -0.0661 -0.4116
-1.6845 0.4269 -0.3291
-2.4158 0.6467 -0.2830
-2.5105 0.5999 -0.1695
-1.8114 0.6123 -0.1260
0.1046 0.8135 -0.1350
1.4603 0.8577 0.0187
1.6892 0.9335 0.0447
1.5651 0.9517 0.0759
1.1441 0.8880 0.2142
0.9477 0.8658 0.2675
0.4542 0.8056 0.5273
-0.0407 0.8999 0.7444
-0.2434 0.9225 0.8640
-0.5283 0.8762 1.1213
-0.6933 0.7692 1.3471
-0.7707 0.6848 1.4517
-0.9539 0.5313 1.6285
-1.2325 0.4158 1.8049
-1.3811 0.3659 1.9147
-1.5299 0.4246 2.1630
-1.3353 0.5398 2.3771
-1.1303 0.5922 2.4749
-0.6798 0.5801 2.5999
-0.4781 0.5251 2.6648
-0.2279 0.4465 2.7587
-0.1200 0.4787 2.8302
-0.0939 0.4602 2.8688
-0.1796 0.3435 2.9113
-0.4641 0.1991 2.8916
-0.6120 0.1296 2.8975
-0.6510 0.1287 2.9623
-0.2459 0.2120 3.1093
0.0589 0.3665 3.0609
0.6495 0.3505 3.1771
0.9587 0.4369 3.3084
0.9764 0.6080 3.3475
0.8149 0.8755 3.4481
0.5429 1.2075 3.5514
0.4337 1.3579 3.6096
0.3307 1.6600 3.7649
0.3709 1.8624 3.9249
0.4158 1.8588 3.9783
0.5499 1.6417 3.9840
0.6730 1.2860 3.8354
0.6969 1.1239 3.7300
0.6570 0.8570 3.4533
0.5088 0.6991 3.1417
0.4456 0.6844 2.9918
0.5075 0.8092 2.7057
0.7493 1.0613 2.4261
0.8609 1.1916 2.3046
0.8799 1.2805 2.1244
0.7715 1.2252 2.0715
0.4847 0.9786 1.9802
0.3502 0.6430 1.8956
0.3358 0.4667 1.8288
0.3656 0.4262 1.7936
0.4710 0.4310 1.7220
0.5288 0.4829 1.6752
0.6194 0.6287 1.5493
0.6773 0.8281 1.4081
0.7142 0.9283 1.3298
0.7792 1.0971 1.1620
0.7736 1.1801 0.9707
0.7368 1.2042 0.8776
0.6019 1.0849 0.7086
0.3073 0.7934 0.5357
0.0527 0.6218 0.4195
-0.6349 0.4696 0.1830
-1.0646 0.5451 0.0035
-0.9142 0.6258 -0.0697
0.0720 0.8084 -0.2884
0.6535 0.8454 -0.4194
1.3542 0.8473 -0.5868
1.2548 0.9424 -0.6044
0.5526 1.0267 -0.4730
0.1368 1.0099 -0.4189
-0.5566 0.8155 -0.3920
-0.8094 0.5345 -0.4179
-0.7132 0.3853 -0.4260
-0.2151 0.1141 -0.3722
0.6253 -0.0302 0.0431
0.9640 0.0359 0.0908
1.2175 0.3630 0.0665
1.2286 0.4778 0.1426
0.9718 0.4938 0.4230
0.2886 0.3910 0.6651
-0.0653 0.2795 0.6672
-0.5361 0.0284 0.6656
-0.6259 -0.2529 0.6336
-0.5844 -0.3240 0.6169
-0.4884 -0.3145 0.5560
-0.4463 -0.1637 0.4890
-0.4177 -0.0513 0.4579
-0.2610 0.1452 0.3967
-0.1061 0.2911 0.3352
-0.0312 0.3649 0.2941
0.1427 0.5093 0.2471
0.2284 0.6373 0.1735
0.2362 0.6770 0.1472
0.2764 0.6790 0.1152
0.3008 0.6289 0.0983
0.3358 0.4552 0.0919
0.2529 0.3019 0.1257
0.0610 0.3715 0.1834
-0.0381 0.5108 0.2093
-0.1492 0.8616 0.3065
-0.1836 1.0079 0.3940
-0.3643 1.1411 0.5804
-0.7221 0.9891 0.8344
-0.8790 0.9416 0.9133
-0.7852 0.8032 1.0782
-0.1263 0.6669 1.1661
0.2795 0.6372 1.1941
0.9436 0.6326 1.2151
1.1275 0.6413 1.2428
1.0721 0.6687 1.2173
0.6507 0.7144 1.1796
-0.1181 0.6203 1.1788
-0.5062 0.5095 1.1855
-0.9587 0.2364 1.1761
-0.8885 -0.0043 1.1764
-0.7136 -0.0734 1.1725
-0.2621 -0.0693 1.1160
0.0955 0.0912 1.0303
0.1780 0.1697 1.0043
0.1703 0.1983 0.9648
0.0761 0.1290 0.9385
0.0570 0.1261 0.9332
0.1131 0.2340 0.9215
0.1366 0.2838 0.9269
0.0867 0.4594 0.9103
-0.0960 0.4638 0.8898
-0.2659 0.3326 0.8412
-0.2825 0.2245 0.8274
-0.1976 0.1130 0.6913
-0.1124 0.0945 0.6398
0.0904 0.0945 0.5389
0.2742 0.0263 0.4527
0.2807 -0.1213 0.3110
0.2218 -0.2449 0.2695
0.0150 -0.4269 0.1507
-0.0757 -0.4702 0.0963
-0.1453 -0.4001 -0.0385
-0.2100 -0.2175 -0.2123
-0.2823 -0.1154 -0.3017
-0.4173 -0.0120 -0.4838
-0.1833 -0.2476 -0.6639
0.1375 -0.4126 -0.7498
1.0622 -0.6914 -0.8076
1.6851 -0.7640 -0.8369
1.6692 -0.7449 -0.8895
0.9627 -0.6212 -0.9385
-0.1779 -0.4888 -1.0546
-0.5784 -0.4754 -1.1140
-0.6554 -0.4326 -1.2261
-0.0606 -0.3922 -1.2562
0.2811 -0.3744 -1.2669
0.6726 -0.4204 -1.2740
0.5826 -0.4354 -1.2574
0.4467 -0.4329 -1.2453
0.2283 -0.4294 -1.1821
0.1710 -0.3533 -1.1110
0.1635 -0.3166 -1.0704
0.0614 -0.3122 -0.9958
-0.1257 -0.3419 -0.9122
-0.1967 -0.3668 -0.8819
-0.3168 -0.4264 -0.8354
-0.3372 -0.3036 -0.8782
-0.1400 -0.2280 -0.6296
0.1926 -0.3164 -0.3863
0.2985 -0.2410 -0.3182
0.3714 -0.2163 -0.0811
0.3650 -0.0266 0.1450
0.3400 0.1347 0.2380
0.2107 0.5145 0.3770
-0.0439 0.7781 0.4766
-0.1869 0.8327 0.5244
-0.3920 0.7433 0.6073
-0.5967 0.5802 0.6489
-0.6865 0.5712 0.6523
-0.5985 0.6334 0.6699
-0.0378 0.7528 0.7299
0.3321 0.7690 0.7844
0.8996 0.7503 0.9174
0.9646 0.7528 0.9663
0.6115 0.7506 1.0450
-0.3217 0.6482 1.0305
-1.3447 0.3236 0.9857
-1.6012 0.1167 0.9496
-1.3517 -0.2384 0.9516
-0.4606 -0.3271 0.9220
-0.0166 -0.2936 0.9112
0.4169 -0.2064 0.9233
0.3813 -0.1642 0.9310
0.0878 -0.0496 0.9262
-0.1224 0.1175 0.8726
-0.1513 0.1949 0.8472
-0.1141 0.2739 0.7909
-0.0955 0.2650 0.7096
-0.1284 0.2416 0.6678
-0.2387 0.2146 0.5893
-0.2507 0.2033 0.4814
-0.1984 0.1918 0.4139
-0.0252 0.1562 0.2656
0.2108 0.0901 0.1242
0.3321 0.0424 0.0585
0.4517 -0.1384 -0.0682
0.3247 -0.3187 -0.2081
0.2102 -0.4046 -0.2725
-0.0126 -0.5227 -0.3600
-0.0340 -0.6458 -0.3491
0.0336 -0.7251 -0.3425
-0.0094 -0.8491 -0.3611
-0.1815 -0.8739 -0.3847
-0.4052 -0.9358 -0.4905
-0.1360 -1.1909 -0.6432
0.3962 -1.3811 -0.8206
0.7464 -1.3916 -0.9238
1.2850 -1.2224 -1.1255
1.2780 -1.0623 -1.2145
0.5885 -0.6378 -1.3733
-0.5413 -0.1518 -1.4515
-1.0242 0.0326 -1.4329
-1.2684 0.2035 -1.3237
-0.5404 0.0550 -1.2137
-0.0825 -0.0238 -1.1813
0.4505 -0.0470 -1.1630
0.3550 0.1035 -1.1688
0.1831 0.1711 -1.1606
-0.0964 0.2193 -1.0777
-0.1378 0.1253 -0.9175
-0.1345 0.0912 -0.8314
-0.2175 0.1320 -0.6778
-0.3756 0.2287 -0.5688
-0.4422 0.2782 -0.5174
-0.4741 0.3435 -0.3736
-0.3967 0.3873 -0.1674
-0.3299 0.3970 -0.0514
-0.2038 0.3724 0.1610
-0.0909 0.3223 0.3624
-0.0250 0.3103 0.4653
0.0964 0.4220 0.6645
0.1091 0.5194 0.7569
0.0195 0.7819 0.9275
-0.1710 0.9959 1.0674
-0.3743 0.9759 1.1856
-0.4785 0.8479 1.2315
-0.7514 0.4469 1.3107
-0.8759 0.2584 1.3546
-0.9655 0.1621 1.4089
-0.8246 0.1756 1.4085
-0.5927 0.2180 1.4404
0.3289 0.3771 1.5502
1.2826 0.5648 1.6213
1.4527 0.5866 1.6340
0.9002 0.5853 1.6532
-0.5166 0.7104 1.6108
-1.2781 0.7781 1.5667
-2.1003 0.7350 1.4794
-1.8283 0.4697 1.4959
-1.4448 0.3091 1.5207
-0.6045 0.1096 1.5642
-0.0709 0.1476 1.6130
0.0072 0.1738 1.6159
-0.0763 0.1629 1.6036
-0.1985 0.2006 1.5525
-0.2188 0.2444 1.5048
-0.1978 0.3084 1.3682
-0.1638 0.3191 1.2881
-0.0969 0.2741 1.1163
-0.0378 0.1807 0.9904
0.0432 0.1586 0.8774
0.0904 0.1614 0.8300
0.2108 0.1231 0.7514
0.2604 0.0960 0.7133
0.3020 0.0036 0.6169
0.3623 -0.0803 0.5120
0.4100 -0.1208 0.4499
0.4469 -0.1798 0.3053
0.3787 -0.1905 0.1700
0.3464 -0.1858 0.1250
0.3459 -0.1330 0.0947
0.2492 -0.3194 0.0498
0.0764 -0.4300 0.0014
-0.4452 -0.4645 -0.1257
-0.8277 -0.3800 -0.1659
-0.7719 -0.2766 -0.1139
0.0745 0.0321 0.0357
1.4091 0.3080 0.1984
1.7911 0.4408 0.2422
1.5970 0.7843 0.3128
0.6657 1.1775 0.4270
0.2370 1.3496 0.5038
-0.2234 1.5069 0.7172
-0.0668 1.5246 0.9045
0.2050 1.5131 0.9635
0.8341 1.4883 0.8575
1.0341 1.4188 0.7585
1.0224 1.1988 0.5758
0.5870 0.8826 0.4315
0.0830 0.4980 0.4437
-0.1268 0.2888 0.4889
-0.4214 -0.0605 0.6165
-0.5079 -0.1431 0.6887
-0.5657 -0.0743 0.8215
-0.6103 0.2088 0.9919
-0.6297 0.3411 1.0985
-0.6978 0.5420 1.2655
-0.7832 0.9385 1.3885
-0.7606 1.1828 1.4478
-0.4905 1.6818 1.6500
0.0246 1.9335 1.8362
0.2957 1.9975 1.9222
0.5801 2.0531 2.0532
0.5599 2.1280 2.1444
0.4983 2.2042 2.1716
0.4412 2.3190 2.1776
0.3996 2.2145 2.1346
0.3237 2.0686 2.1115
0.0888 1.7284 2.0182
-0.2220 1.5104 1.8656
-0.3850 1.4959 1.7853
-0.7348 1.5733 1.6340
-1.0956 1.6114 1.5569
-1.2362 1.6025 1.5306
-1.3290 1.5026 1.5057
-1.2709 1.3649 1.4907
-1.0056 1.0327 1.4466
-0.7181 0.7694 1.3237
-0.6503 0.6446 1.1314
-0.7028 0.6417 1.0144
-0.8382 0.6402 0.7771
-0.8811 0.6339 0.6621
-0.8857 0.5035 0.4860
-0.8195 0.3305 0.4367
-0.7717 0.1822 0.5078
-0.7408 0.1411 0.5741
-0.6304 0.1708 0.7388
-0.5637 0.2110 0.8347
-0.4332 0.3401 0.9610
-0.3469 0.3992 0.9797
-0.3100 0.4109 0.9363
-0.3207 0.3413 0.7520
-0.3554 0.2001 0.5177
-0.3320 0.1338 0.3990
-0.3122 0.0792 0.1582
-0.3632 -0.0239 -0.0458
-0.3563 -0.1182 -0.1177
-0.1194 -0.2935 -0.1600
0.2731 -0.3171 -0.0435
0.4167 -0.2366 0.0611
0.4097 0.0462 0.3082
0.2292 0.1848 0.4267
-0.2935 0.4268 0.5177
-0.6557 0.5230 0.4404
-0.7266 0.5861 0.2486
-0.6273 0.5856 0.1666
-0.2767 0.5198 0.1510
-0.1380 0.4398 0.2349
0.0056 0.1980 0.5197
0.0712 0.0332 0.7654
0.0919 0.0017 0.8342
0.1334 0.0009 0.8498
0.0712 0.0683 0.7402
0.0259 0.1108 0.6541
-0.0678 0.2405 0.4500
-0.1353 0.3126 0.3265
-0.1413 0.3304 0.3118
-0.1219 0.3413 0.3219
-0.0763 0.2707 0.3743
-0.0486 0.2300 0.4058
-0.0535 0.1827 0.4411
-0.0716 0.1654 0.4597
-0.0767 0.1400 0.4715
-0.0812 0.0910 0.4952
-0.0174 0.0900 0.5271
0.0549 0.1328 0.5482
0.2634 0.2870 0.6186
0.4120 0.4432 0.7146
0.4072 0.4917 0.7514
0.2449 0.5378 0.7735
0.1114 0.5373 0.7440
-0.1949 0.5197 0.5892
-0.4732 0.3635 0.2970
-0.5540 0.0709 -0.0335
-0.4447 -0.0933 -0.1553
-0.0566 -0.3051 -0.2930
0.0992 -0.3350 -0.3072
0.2120 -0.3109 -0.1851
0.1565 -0.2620 0.0139
0.0945 -0.2478 0.1037
-0.0332 -0.1778 0.2038
-0.0485 -0.0558 0.1653
-0.0283 -0.0290 0.1122
-0.0464 -0.0342 -0.0406
-0.1652 -0.1575 -0.2423
-0.2362 -0.2259 -0.3660
-0.2082 -0.2929 -0.6063
0.2195 -0.2949 -0.6317
0.5124 -0.3280 -0.5628
0.9033 -0.3756 -0.2911
0.7639 -0.4138 0.0057
0.5055 -0.3736 0.1116
-0.1238 -0.2476 0.1293
-0.5101 -0.2605 0.0224
-0.6448 -0.2941 -0.0598
-0.7163 -0.3444 -0.1943
-0.3399 -0.2538 -0.2207
-0.0741 -0.2143 -0.1820
0.4000 -0.1746 0.0082
0.5586 -0.1739 0.1157
0.6057 -0.2034 0.2958
0.5112 -0.2651 0.3751
0.4673 -0.2597 0.3272
0.3650 -0.3568 0.1909
0.3602 -0.5671 0.0264
0.3615 -0.6576 -0.0543
0.3808 -0.8803 -0.2360
0.4549 -1.0120 -0.3837
0.5137 -1.0023 -0.4364
0.6528 -0.8636 -0.4453
0.7217 -0.7402 -0.4088
0.6401 -0.7485 -0.3673
0.4260 -0.5754 -0.1788
0.4569 -0.3012 -0.0628
0.5298 -0.1444 0.0253
0.6341 0.2480 0.2035
0.6388 0.4526 0.3319
0.6500 0.2699 0.3940
0.7475 0.0692 0.4734
0.9729 0.3389 0.3685
1.0517 0.4022 0.3363
0.9739 0.4926 0.4217
0.7606 0.2295 0.4497
0.7465 0.0772 0.4397
0.8150 0.3342 0.3855
0.8611 0.5535 0.3697
0.8032 0.6879 0.3146
0.5064 0.8201 0.3134
0.2779 0.5548 0.2651
0.3149 0.3740 0.2448
0.4965 0.2145 0.1820
0.5334 0.1190 0.1325
0.4461 0.0998 0.0896
0.2726 0.1997 0.0867
0.1975 0.2282 0.0808
0.1651 0.2662 0.0618
0.1655 0.1786 0.0160
0.1440 0.1077 0.0146
0.1087 0.0333 0.0289
0.0760 0.1471 0.0404
0.0715 0.1876 0.0562
0.1032 0.1768 0.0874
0.1378 0.0962 0.0852
0.1584 0.0792 0.0934
0.1876 0.0306 0.1123
0.2211 0.0909 0.1307
0.2516 0.1047 0.1346
0.3277 0.0544 0.1196
0.3047 -0.0182 0.0916
0.2894 -0.0499 0.0909
0.3164 -0.0868 0.1025
0.3530 -0.0643 0.0841
0.3747 -0.0597 0.0763
0.4114 -0.0916 0.0489
0.4196 -0.1373 0.0353
0.4358 -0.2048 0.0307
0.4322 -0.1585 0.0060
0.3750 -0.0733 0.0055
0.3330 -0.0315 0.0212
0.2589 0.0320 0.0588
0.2187 0.0415 0.0753
0.1346 0.0599 0.0990
0.0918 0.0463 0.0914
0.0802 0.0437 0.0725
0.0956 0.0338 0.0404
0.1582 -0.0144 0.0231
0.1890 -0.0368 0.0244
0.1917 -0.0489 0.0160
0.1371 -0.0143 0.0039
0.1149 0.0167 0.0107
0.0933 0.0721 0.0141
0.1002 0.0953 0.0175
0.1008 0.0903 0.0194
0.0807 0.0755 0.0341
0.0619 0.0519 0.0369
0.0627 0.0441 0.0345
0.0542 0.0309 0.0278
0.0387 0.0482 0.0395
0.0332 0.0585 0.0467
0.0419 0.0549 0.0488
0.0429 0.0484 0.0463
0.0315 0.0269 0.0355
0.0253 0.0206 0.0268
0.0305 0.0101 0.0223
0.0474 0.0110 0.0187
0.0466 0.0350 0.0110
0.0482 0.0441 0.0048
0.0574 0.0174 -0.0081
0.0577 -0.0183 0.0113
0.0497 -0.0207 0.0182
0.0199 0.0242 0.0153
-0.0177 0.0342 0.0106
-0.0154 0.0296 0.0161
0.0205 0.0113 0.0174
0.0415 0.0149 0.0074
0.0412 0.0144 0.0069
0.0319 0.0008 0.0099
0.0418 0.0141 0.0062
0.0552 0.0202 0.0041
0.0709 0.0378 0.0070
0.0824 0.0524 0.0220
0.0839 0.0453 0.0253
0.0751 0.0101 0.0408
0.0829 -0.0135 0.0395
0.0876 -0.0185 0.0441
0.0955 0.0024 0.0516
0.1069 0.0199 0.0458
0.1011 0.0152 0.0417
0.0882 0.0203 0.0420
0.0989 0.0296 0.0411
0.1346 0.0184 0.0338
0.1298 0.0100 0.0258
0.1127 0.0008 0.0236
0.1175 0.0060 0.0222
0.1417 0.0119 0.0290
0.1473 0.0149 0.0335
0.1453 0.0286 0.0188
0.1178 0.0227 0.0015
0.1003 0.0135 0.0059
0.0770 0.0255 0.0116
0.0657 0.0380 0.0063
0.0482 0.0297 0.0031
0.0202 0.0183 0.0015
0.0596 0.0205 -0.0031
0.0871 0.0159 -0.0024
0.0706 0.0488 0.0121
0.0050 0.0804 0.0270
0.0199 0.0656 0.0290
0.0417 0.0527 0.0291
0.0733 0.0389 0.0210
0.0758 0.0409 0.0174
0.0718 0.0439 0.0236
0.0581 0.0578 0.0188
0.0683 0.0971 0.0118
0.0755 0.0988 0.0179
0.0769 0.0773 0.0153
0.0453 0.0449 -0.0024
0.0314 0.0333 -0.0024
0.0294 0.0153 -0.0157
0.0540 0.0236 -0.0172
0.0614 0.0408 -0.0138
0.0430 0.0668 -0.0056
0.0253 0.0830 0.0121
0.0235 0.0733 0.0105
0.0230 0.0240 0.0028
0.0152 -0.0170 0.0003
0.0141 -0.0072 0.0001
0.0381 0.0365 -0.0009
0.0503 0.0653 -0.0138
0.0387 0.0538 -0.0126
0.0158 0.0222 -0.0082
0.0386 -0.0080 -0.0116
0.0573 -0.0187 -0.0125
0.0673 0.0116 -0.0045
0.0568 0.0284 -0.0003
0.0425 0.0409 -0.0024
0.0590 0.0206 -0.0115
0.0663 0.0154 -0.0092
0.0599 0.0209 -0.0003
0.0468 0.0177 -0.0076
0.0446 0.0236 -0.0079
0.0576 0.0413 -0.0063
0.0759 0.0308 -0.0087
0.0716 0.0076 -0.0120
0.0453 -0.0148 -0.0115
0.0313 0.0029 -0.0051
0.0394 0.0075 -0.0033
0.0720 -0.0012 -0.0017
0.0526 0.0086 0.0077
0.0401 0.0070 0.0118
0.0367 -0.0110 0.0053
0.0582 0.0052 -0.0051
0.0628 0.0203 0.0005
0.0463 0.0291 0.0091
0.0457 0.0121 0.0155
0.0534 -0.0093 0.0113
0.0576 -0.0194 0.0015
0.0608 -0.0088 -0.0166
0.0610 0.0031 -0.0181
0.0642 0.0219 -0.0178
0.0647 0.0308 -0.0183
0.0699 0.0209 -0.0016
0.0664 -0.0112 0.0008
0.0666 -0.0229 -0.0096
0.0645 -0.0033 -0.0181
0.0333 0.0364 -0.0101
0.0227 0.0355 -0.0046
0.0445 -0.0117 -0.0038
0.0711 -0.0319 -0.0138
0.0582 -0.0160 -0.0114
0.0110 0.0241 -0.0049
0.0211 0.0068 -0.0055
0.0441 -0.0099 -0.0129
0.0578 0.0024 -0.0109
0.0164 0.0213 -0.0051
0.0069 0.0175 -0.0025
0.0406 -0.0105 -0.0031
0.0666 0.0173 -0.0025
0.0565 0.0238 0.0002
0.0278 0.0204 0.0040
0.0319 0.0084 0.0051
0.0386 0.0200 0.0021
0.0261 0.0231 -0.0003
0.0043 -0.0105 0.0000
0.0105 -0.0177 0.0020
0.0325 0.0049 -0.0085
0.0347 0.0220 -0.0042
0.0171 0.0419 0.0069
0.0138 0.0189 0.0163
0.0187 0.0089 0.0139
0.0310 0.0085 0.0048
0.0448 0.0073 -0.0091
0.0392 0.0207 -0.0041
0.0258 0.0538 0.0043
0.0157 0.0337 0.0107
0.0107 0.0205 0.0143
0.0056 0.0038 0.0176
0.0365 0.0048 0.0060
0.0465 0.0188 0.0067
0.0557 0.0452 0.0039
0.0427 -0.0117 -0.0014
0.0355 -0.0050 0.0067
0.0168 -0.0153 0.0051
-0.0009 -0.0376 -0.0071
-0.0120 -0.0394 -0.0087
-0.0235 0.0270 0.0046
-0.0207 0.0879 0.0167
-0.0213 0.1165 0.0236
0.0004 0.0942 0.0326
0.0405 0.0015 0.0415
0.0418 -0.0120 0.0406
0.0235 0.0255 0.0166
0.0232 -0.0125 -0.0027
0.0221 -0.0225 -0.0164
0.0028 -0.0269 -0.0190
-0.0124 -0.0131 -0.0121
-0.0133 0.0160 -0.0143
-0.0095 -0.0048 -0.0203
-0.0102 -0.0080 -0.0257
-0.0089 -0.0218 -0.0274
0.0012 -0.0397 -0.0199
-0.0003 -0.0318 -0.0084
0.0030 0.0159 0.0042
0.0002 0.0067 0.0200
-0.0064 -0.0066 0.0246
-0.0066 -0.0174 0.0258
0.0104 -0.0118 0.0172
0.0146 -0.0021 0.0150
0.0019 0.0274 0.0201
0.0125 0.0325 0.0232
0.0245 0.0212 0.0229
0.0212 -0.0070 0.0157
0.0034 -0.0044 0.0000
-0.0052 0.0016 -0.0055
-0.0231 0.0037 0.0124
-0.0113 0.0031 0.0121
0.0025 0.0081 0.0119
0.0226 0.0043 0.0096
0.0244 0.0026 -0.0007
0.0186 0.0030 0.0197
0.0274 0.0063 0.0204
0.0388 0.0107 0.0140
0.0416 0.0106 0.0163
0.0021 0.0201 0.0204
-0.0194 0.0200 0.0262
-0.0031 0.0063 0.0269
0.0531 -0.0406 0.0074
0.0622 -0.0444 0.0099
0.0309 -0.0105 0.0003
0.0071 0.0157 0.0075
0.0095 0.0127 0.0074
0.0143 -0.0036 0.0023
0.0190 0.0019 0.0003
0.0252 0.0061 -0.0018
0.0364 -0.0022 -0.0060
0.0432 -0.0188 -0.0060
0.0456 -0.0228 -0.0089
0.0278 0.0065 -0.0026
0.0397 0.0233 0.0070
0.0562 0.0308 0.0014
0.0340 0.0180 0.0031
0.0016 -0.0010 -0.0030
-0.0020 -0.0226 -0.0021
0.0247 -0.0397 -0.0041
0.0587 -0.0017 -0.0152
0.0467 0.0154 -0.0143
0.0084 0.0159 -0.0083
0.0523 -0.0239 -0.0273
0.0911 -0.0298 -0.0360

