-0.0451 -0.0021 0.0352
-0.0452 -0.0021 0.0353
-0.0452 -0.0021 0.0352
-0.0451 -0.0022 0.0350
-0.0450 -0.0021 0.0347
-0.0449 -0.0021 0.0344
-0.0455 -0.0020 0.0346
-0.0456 -0.0019 0.0345
-0.0456 -0.0020 0.0343
-0.0456 -0.0020 0.0341
-0.0455 -0.0021 0.0340
-0.0455 -0.0022 0.0339
-0.0460 -0.0026 0.0344
-0.0462 -0.0027 0.0346
-0.0462 -0.0028 0.0347
-0.0462 -0.0028 0.0347
-0.0462 -0.0028 0.0348
-0.0461 -0.0027 0.0348
-0.0460 -0.0027 0.0349
-0.0457 -0.0017 0.0350
-0.0454 -0.0012 0.0351
-0.0452 -0.0009 0.0352
-0.0450 -0.0007 0.0352
-0.0448 -0.0006 0.0353
-0.0447 -0.0005 0.0353
-0.0450 -0.0005 0.0355
-0.0450 -0.0004 0.0356
-0.0448 -0.0003 0.0357
-0.0446 -0.0002 0.0358
-0.0444 -0.0001 0.0358
-0.0441 0.0001 0.0359
-0.0445 -0.0004 0.0364
-0.0445 -0.0005 0.0366
-0.0443 -0.0006 0.0367
-0.0442 -0.0006 0.0368
-0.0440 -0.0007 0.0368
-0.0439 -0.0008 0.0367
-0.0437 -0.0013 0.0370
-0.0436 -0.0016 0.0370
-0.0434 -0.0017 0.0370
-0.0430 -0.0019 0.0370
-0.0427 -0.0020 0.0370
-0.0425 -0.0020 0.0369
-0.0422 -0.0018 0.0373
-0.0419 -0.0015 0.0373
-0.0414 -0.0012 0.0373
-0.0409 -0.0007 0.0373
-0.0402 -0.0003 0.0379
-0.0398 0.0000 0.0380
-0.0394 0.0002 0.0381
-0.0391 0.0004 0.0381
-0.0387 0.0006 0.0380
-0.0384 0.0007 0.0378
-0.0374 0.0008 0.0381
-0.0369 0.0009 0.0380
-0.0366 0.0010 0.0376
-0.0364 0.0012 0.0370
-0.0363 0.0014 0.0363
-0.0363 0.0016 0.0354
-0.0358 0.0021 0.0351
-0.0358 0.0025 0.0342
-0.0359 0.0028 0.0328
-0.0361 0.0032 0.0310
-0.0363 0.0036 0.0289
-0.0364 0.0040 0.0263
-0.0363 0.0048 0.0237
-0.0363 0.0051 0.0203
-0.0363 0.0051 0.0162
-0.0362 0.0050 0.0116
-0.0360 0.0048 0.0063
-0.0356 0.0044 0.0004
-0.0351 0.0040 -0.0062
-0.0348 0.0029 -0.0131
-0.0341 0.0020 -0.0208
-0.0332 0.0011 -0.0290
-0.0320 0.0003 -0.0378
-0.0306 -0.0005 -0.0469
-0.0285 -0.0002 -0.0564
-0.0264 -0.0004 -0.0662
-0.0242 -0.0007 -0.0763
-0.0219 -0.0010 -0.0866
-0.0195 -0.0013 -0.0971
-0.0169 -0.0016 -0.1077
-0.0138 -0.0015 -0.1182
-0.0106 -0.0014 -0.1292
-0.0072 -0.0012 -0.1407
-0.0035 -0.0008 -0.1526
0.0007 -0.0003 -0.1650
0.0053 0.0003 -0.1778
0.0105 0.0013 -0.1911
0.0163 0.0026 -0.2048
0.0227 0.0040 -0.2187
0.0297 0.0054 -0.2328
0.0370 0.0066 -0.2472
0.0444 0.0073 -0.2619
0.0522 0.0074 -0.2765
0.0601 0.0067 -0.2922
0.0680 0.0055 -0.3086
0.0759 0.0043 -0.3256
0.0836 0.0030 -0.3429
0.0908 0.0014 -0.3605
0.0981 -0.0003 -0.3785
0.1057 -0.0019 -0.3969
0.1135 -0.0032 -0.4153
0.1216 -0.0041 -0.4340
0.1293 -0.0048 -0.4520
0.1369 -0.0054 -0.4693
0.1439 -0.0057 -0.4854
0.1507 -0.0058 -0.5017
0.1572 -0.0058 -0.5179
0.1632 -0.0056 -0.5339
0.1687 -0.0051 -0.5492
0.1738 -0.0041 -0.5639
0.1783 -0.0028 -0.5771
0.1827 -0.0012 -0.5902
0.1868 0.0006 -0.6028
0.1905 0.0021 -0.6151
0.1936 0.0031 -0.6274
0.1962 0.0035 -0.6399
0.1969 0.0041 -0.6520
0.1979 0.0033 -0.6649
0.1985 0.0018 -0.6783
0.1986 -0.0003 -0.6919
0.1982 -0.0029 -0.7057
0.1966 -0.0056 -0.7191
0.1939 -0.0085 -0.7322
0.1917 -0.0117 -0.7460
0.1893 -0.0149 -0.7602
0.1867 -0.0179 -0.7744
0.1836 -0.0208 -0.7886
0.1804 -0.0236 -0.8031
0.1766 -0.0281 -0.8199
0.1729 -0.0314 -0.8357
0.1691 -0.0341 -0.8513
0.1654 -0.0364 -0.8669
0.1617 -0.0382 -0.8827
0.1550 -0.0401 -0.9146
0.1519 -0.0401 -0.9308
0.1490 -0.0395 -0.9471
0.1464 -0.0381 -0.9638
0.1440 -0.0358 -0.9807
0.1415 -0.0322 -0.9977
0.1386 -0.0270 -1.0145
0.1354 -0.0230 -1.0327
0.1310 -0.0158 -1.0488
0.1259 -0.0072 -1.0635
0.1203 0.0019 -1.0777
0.1144 0.0109 -1.0917
0.1088 0.0181 -1.1078
0.1028 0.0256 -1.1228
0.0965 0.0329 -1.1374
0.0898 0.0397 -1.1518
0.0829 0.0458 -1.1657
0.0760 0.0512 -1.1794
0.0694 0.0544 -1.1945
0.0629 0.0577 -1.2083
0.0565 0.0605 -1.2218
0.0504 0.0624 -1.2352
0.0443 0.0635 -1.2487
0.0381 0.0637 -1.2623
0.0320 0.0622 -1.2776
0.0256 0.0606 -1.2922
0.0191 0.0583 -1.3068
0.0124 0.0554 -1.3217
0.0052 0.0519 -1.3371
-0.0024 0.0478 -1.3527
-0.0096 0.0422 -1.3733
-0.0174 0.0369 -1.3911
-0.0254 0.0315 -1.4082
-0.0335 0.0260 -1.4251
-0.0417 0.0204 -1.4419
-0.0501 0.0148 -1.4586
-0.0565 0.0071 -1.4781
-0.0647 0.0014 -1.4952
-0.0737 -0.0032 -1.5110
-0.0835 -0.0066 -1.5259
-0.0940 -0.0091 -1.5403
-0.1056 -0.0109 -1.5543
-0.1153 -0.0163 -1.5688
-0.1282 -0.0180 -1.5824
-0.1431 -0.0181 -1.5949
-0.1593 -0.0168 -1.6060
-0.1764 -0.0145 -1.6155
-0.1939 -0.0114 -1.6234
-0.2114 -0.0081 -1.6300
-0.2283 -0.0078 -1.6366
-0.2456 -0.0061 -1.6420
-0.2632 -0.0043 -1.6466
-0.2810 -0.0028 -1.6504
-0.2988 -0.0015 -1.6531
-0.3158 -0.0019 -1.6561
-0.3325 -0.0017 -1.6577
-0.3487 -0.0019 -1.6591
-0.3644 -0.0029 -1.6607
-0.3797 -0.0047 -1.6629
-0.3946 -0.0075 -1.6660
-0.4095 -0.0110 -1.6699
-0.4237 -0.0161 -1.6754
-0.4383 -0.0211 -1.6812
-0.4529 -0.0263 -1.6878
-0.4675 -0.0316 -1.6951
-0.4818 -0.0368 -1.7031
-0.4959 -0.0429 -1.7131
-0.5096 -0.0480 -1.7233
-0.5229 -0.0526 -1.7341
-0.5357 -0.0567 -1.7460
-0.5481 -0.0602 -1.7589
-0.5600 -0.0631 -1.7726
-0.5724 -0.0651 -1.7873
-0.5842 -0.0665 -1.8028
-0.5958 -0.0671 -1.8188
-0.6074 -0.0669 -1.8351
-0.6190 -0.0656 -1.8513
-0.6306 -0.0629 -1.8669
-0.6422 -0.0589 -1.8818
-0.6529 -0.0552 -1.8972
-0.6629 -0.0515 -1.9133
-0.6724 -0.0482 -1.9304
-0.6815 -0.0451 -1.9485
-0.6902 -0.0424 -1.9673
-0.7029 -0.0408 -1.9858
-0.7123 -0.0383 -2.0043
-0.7203 -0.0353 -2.0224
-0.7274 -0.0321 -2.0399
-0.7340 -0.0289 -2.0570
-0.7401 -0.0257 -2.0736
-0.7469 -0.0208 -2.0879
-0.7530 -0.0177 -2.1030
-0.7590 -0.0156 -2.1181
-0.7652 -0.0143 -2.1329
-0.7720 -0.0139 -2.1475
-0.7794 -0.0144 -2.1618
-0.7882 -0.0146 -2.1735
-0.7973 -0.0165 -2.1868
-0.8071 -0.0195 -2.2005
-0.8174 -0.0235 -2.2144
-0.8282 -0.0284 -2.2286
-0.8393 -0.0343 -2.2432
-0.8510 -0.0387 -2.2565
-0.8628 -0.0450 -2.2713
-0.8748 -0.0520 -2.2865
-0.8870 -0.0589 -2.3016
-0.8993 -0.0651 -2.3164
-0.9117 -0.0704 -2.3306
-0.9241 -0.0747 -2.3442
-0.9361 -0.0787 -2.3551
-0.9485 -0.0806 -2.3664
-0.9610 -0.0807 -2.3768
-0.9733 -0.0792 -2.3861
-0.9854 -0.0768 -2.3946
-0.9963 -0.0741 -2.4016
-1.0077 -0.0712 -2.4093
-1.0194 -0.0684 -2.4173
-1.0319 -0.0659 -2.4250
-1.0452 -0.0636 -2.4321
-1.0595 -0.0614 -2.4383
-1.0740 -0.0584 -2.4424
-1.0892 -0.0565 -2.4468
-1.1045 -0.0556 -2.4513
-1.1198 -0.0557 -2.4562
-1.1348 -0.0566 -2.4616
-1.1496 -0.0584 -2.4678
-1.1634 -0.0590 -2.4740
-1.1776 -0.0617 -2.4814
-1.1919 -0.0654 -2.4897
-1.2063 -0.0699 -2.4987
-1.2208 -0.0748 -2.5082
-1.2352 -0.0799 -2.5182
-1.2482 -0.0825 -2.5276
-1.2619 -0.0866 -2.5383
-1.2755 -0.0908 -2.5496
-1.2888 -0.0948 -2.5616
-1.3018 -0.0984 -2.5743
-1.3144 -0.1013 -2.5876
-1.3250 -0.1022 -2.6027
-1.3364 -0.1033 -2.6176
-1.3481 -0.1038 -2.6326
-1.3596 -0.1035 -2.6479
-1.3710 -0.1022 -2.6634
-1.3821 -0.0999 -2.6790
-1.3899 -0.0987 -2.6961
-1.3990 -0.0956 -2.7125
-1.4079 -0.0917 -2.7289
-1.4160 -0.0876 -2.7458
-1.4231 -0.0836 -2.7636
-1.4294 -0.0801 -2.7825
-1.4342 -0.0765 -2.8036
-1.4388 -0.0738 -2.8250
-1.4430 -0.0714 -2.8464
-1.4464 -0.0685 -2.8675
-1.4490 -0.0646 -2.8878
-1.4506 -0.0599 -2.9070
-1.4530 -0.0544 -2.9273
-1.4530 -0.0494 -2.9459
-1.4516 -0.0449 -2.9638
-1.4491 -0.0411 -2.9814
-1.4461 -0.0379 -2.9985
-1.4436 -0.0348 -3.0157
-1.4419 -0.0316 -3.0331
-1.4394 -0.0301 -3.0492
-1.4370 -0.0298 -3.0648
-1.4352 -0.0304 -3.0804
-1.4339 -0.0319 -3.0959
-1.4332 -0.0339 -3.1115
-1.4347 -0.0349 -3.1284
-1.4355 -0.0373 -3.1445
-1.4361 -0.0405 -3.1603
-1.4368 -0.0440 -3.1762
-1.4376 -0.0477 -3.1921
-1.4387 -0.0511 -3.2078
-1.4435 -0.0537 -3.2245
-1.4461 -0.0552 -3.2399
-1.4482 -0.0554 -3.2545
-1.4504 -0.0544 -3.2682
-1.4530 -0.0522 -3.2813
-1.4564 -0.0491 -3.2933
-1.4665 -0.0510 -3.3055
-1.4733 -0.0485 -3.3155
-1.4789 -0.0448 -3.3244
-1.4839 -0.0412 -3.3331
-1.4884 -0.0385 -3.3422
-1.4927 -0.0370 -3.3521
-1.4987 -0.0366 -3.3624
-1.5039 -0.0370 -3.3738
-1.5093 -0.0377 -3.3856
-1.5154 -0.0382 -3.3973
-1.5220 -0.0385 -3.4087
-1.5289 -0.0384 -3.4196
-1.5378 -0.0371 -3.4316
-1.5445 -0.0367 -3.4425
-1.5500 -0.0369 -3.4532
-1.5545 -0.0376 -3.4640
-1.5584 -0.0388 -3.4753
-1.5618 -0.0405 -3.4870
-1.5676 -0.0399 -3.5010
-1.5714 -0.0413 -3.5143
-1.5743 -0.0436 -3.5276
-1.5767 -0.0464 -3.5414
-1.5786 -0.0496 -3.5556
-1.5800 -0.0528 -3.5700
-1.5843 -0.0542 -3.5870
-1.5861 -0.0563 -3.6020
-1.5869 -0.0582 -3.6161
-1.5873 -0.0599 -3.6298
-1.5874 -0.0613 -3.6433
-1.5872 -0.0628 -3.6571
-1.5889 -0.0628 -3.6727
-1.5890 -0.0635 -3.6874
-1.5884 -0.0641 -3.7017
-1.5874 -0.0643 -3.7157
-1.5861 -0.0640 -3.7295
-1.5845 -0.0632 -3.7429
-1.5826 -0.0619 -3.7557
-1.5815 -0.0600 -3.7698
-1.5787 -0.0583 -3.7820
-1.5745 -0.0569 -3.7933
-1.5694 -0.0558 -3.8039
-1.5636 -0.0548 -3.8139
-1.5588 -0.0526 -3.8231
-1.5529 -0.0508 -3.8315
-1.5464 -0.0489 -3.8390
-1.5395 -0.0470 -3.8457
-1.5320 -0.0453 -3.8516
-1.5242 -0.0435 -3.8567
-1.5168 -0.0369 -3.8587
-1.5093 -0.0328 -3.8615
-1.5022 -0.0288 -3.8642
-1.4952 -0.0245 -3.8663
-1.4884 -0.0201 -3.8675
-1.4815 -0.0159 -3.8678
-1.4754 -0.0084 -3.8667
-1.4686 -0.0036 -3.8649
-1.4616 0.0001 -3.8622
-1.4545 0.0032 -3.8587
-1.4473 0.0059 -3.8544
-1.4400 0.0081 -3.8495
-1.4335 0.0090 -3.8442
-1.4263 0.0102 -3.8381
-1.4191 0.0113 -3.8311
-1.4120 0.0122 -3.8235
-1.4049 0.0129 -3.8152
-1.3983 0.0136 -3.8058
-1.3924 0.0144 -3.7952
-1.3863 0.0146 -3.7845
-1.3803 0.0145 -3.7732
-1.3747 0.0143 -3.7614
-1.3696 0.0140 -3.7491
-1.3649 0.0137 -3.7362
-1.3614 0.0136 -3.7230
-1.3578 0.0132 -3.7095
-1.3545 0.0128 -3.6957
-1.3515 0.0122 -3.6819
-1.3488 0.0115 -3.6681
-1.3463 0.0107 -3.6542
-1.3443 0.0097 -3.6404
-1.3422 0.0085 -3.6265
-1.3403 0.0071 -3.6126
-1.3383 0.0055 -3.5988
-1.3365 0.0036 -3.5852
-1.3347 0.0016 -3.5719
-1.3343 0.0001 -3.5584
-1.3330 -0.0020 -3.5454
-1.3314 -0.0045 -3.5325
-1.3294 -0.0073 -3.5195
-1.3269 -0.0102 -3.5064
-1.3239 -0.0132 -3.4932
-1.3221 -0.0151 -3.4796
-1.3184 -0.0175 -3.4665
-1.3140 -0.0197 -3.4538
-1.3095 -0.0213 -3.4417
-1.3051 -0.0224 -3.4300
-1.3009 -0.0230 -3.4187
-1.2977 -0.0242 -3.4079
-1.2940 -0.0249 -3.3966
-1.2898 -0.0256 -3.3851
-1.2850 -0.0265 -3.3734
-1.2795 -0.0280 -3.3616
-1.2734 -0.0302 -3.3492
-1.2667 -0.0332 -3.3364
-1.2592 -0.0362 -3.3242
-1.2512 -0.0391 -3.3129
-1.2430 -0.0415 -3.3022
-1.2345 -0.0438 -3.2919
-1.2258 -0.0461 -3.2818
-1.2169 -0.0486 -3.2690
-1.2078 -0.0507 -3.2584
-1.1987 -0.0524 -3.2487
-1.1893 -0.0540 -3.2394
-1.1796 -0.0559 -3.2301
-1.1695 -0.0580 -3.2208
-1.1591 -0.0605 -3.2100
-1.1483 -0.0633 -3.2000
-1.1372 -0.0663 -3.1901
-1.1256 -0.0696 -3.1802
-1.1137 -0.0730 -3.1701
-1.1013 -0.0766 -3.1599
-1.0885 -0.0803 -3.1495
-1.0745 -0.0837 -3.1401
-1.0602 -0.0873 -3.1300
-1.0456 -0.0909 -3.1196
-1.0305 -0.0941 -3.1090
-1.0150 -0.0970 -3.0980
-0.9997 -0.0993 -3.0899
-0.9835 -0.1007 -3.0794
-0.9669 -0.1010 -3.0683
-0.9503 -0.0998 -3.0575
-0.9339 -0.0970 -3.0473
-0.9178 -0.0930 -3.0376
-0.9031 -0.0889 -3.0311
-0.8880 -0.0843 -3.0222
-0.8730 -0.0798 -3.0121
-0.8580 -0.0754 -3.0010
-0.8430 -0.0714 -2.9889
-0.8282 -0.0676 -2.9760
-0.8142 -0.0639 -2.9649
-0.8004 -0.0604 -2.9514
-0.7871 -0.0568 -2.9368
-0.7747 -0.0532 -2.9216
-0.7632 -0.0496 -2.9058
-0.7525 -0.0462 -2.8896
-0.7441 -0.0421 -2.8761
-0.7353 -0.0390 -2.8602
-0.7266 -0.0366 -2.8435
-0.7181 -0.0350 -2.8262
-0.7096 -0.0342 -2.8087
-0.7029 -0.0330 -2.7927
-0.6981 -0.0314 -2.7783
-0.6907 -0.0321 -2.7612
-0.6823 -0.0338 -2.7433
-0.6735 -0.0363 -2.7250
-0.6643 -0.0392 -2.7066
-0.6548 -0.0426 -2.6881
-0.6500 -0.0450 -2.6736
-0.6418 -0.0484 -2.6565
-0.6326 -0.0523 -2.6384
-0.6231 -0.0565 -2.6198
-0.6134 -0.0607 -2.6010
-0.6038 -0.0646 -2.5822
-0.5968 -0.0707 -2.5677
-0.5882 -0.0738 -2.5511
-0.5790 -0.0749 -2.5345
-0.5693 -0.0746 -2.5187
-0.5589 -0.0728 -2.5042
-0.5477 -0.0695 -2.4912
-0.5373 -0.0651 -2.4828
-0.5249 -0.0596 -2.4742
-0.5113 -0.0538 -2.4662
-0.4969 -0.0482 -2.4592
-0.4818 -0.0432 -2.4529
-0.4659 -0.0388 -2.4473
-0.4514 -0.0357 -2.4443
-0.4355 -0.0324 -2.4410
-0.4196 -0.0292 -2.4380
-0.4040 -0.0265 -2.4353
-0.3890 -0.0246 -2.4325
-0.3743 -0.0239 -2.4293
-0.3610 -0.0248 -2.4254
-0.3471 -0.0268 -2.4206
-0.3329 -0.0299 -2.4150
-0.3186 -0.0340 -2.4083
-0.3041 -0.0390 -2.4007
-0.2895 -0.0449 -2.3920
-0.2763 -0.0520 -2.3833
-0.2621 -0.0592 -2.3729
-0.2476 -0.0664 -2.3613
-0.2332 -0.0733 -2.3486
-0.2191 -0.0797 -2.3350
-0.2056 -0.0853 -2.3205
-0.1931 -0.0904 -2.3066
-0.1807 -0.0943 -2.2908
-0.1685 -0.0971 -2.2738
-0.1563 -0.0991 -2.2558
-0.1440 -0.1001 -2.2369
-0.1319 -0.1005 -2.2174
-0.1200 -0.1003 -2.1975
-0.1080 -0.0981 -2.1765
-0.0963 -0.0944 -2.1553
-0.0855 -0.0896 -2.1340
-0.0757 -0.0841 -2.1127
-0.0670 -0.0784 -2.0908
-0.0603 -0.0727 -2.0683
-0.0538 -0.0679 -2.0443
-0.0479 -0.0639 -2.0192
-0.0427 -0.0603 -1.9936
-0.0382 -0.0565 -1.9681
-0.0351 -0.0519 -1.9435
-0.0333 -0.0464 -1.9203
-0.0318 -0.0407 -1.8979
-0.0311 -0.0353 -1.8763
-0.0309 -0.0302 -1.8553
-0.0311 -0.0258 -1.8350
-0.0315 -0.0218 -1.8152
-0.0319 -0.0184 -1.7961
-0.0315 -0.0160 -1.7774
-0.0304 -0.0147 -1.7590
-0.0285 -0.0143 -1.7406
-0.0258 -0.0149 -1.7224
-0.0231 -0.0163 -1.7048
-0.0204 -0.0183 -1.6880
-0.0117 -0.0246 -1.6539
-0.0065 -0.0287 -1.6371
-0.0009 -0.0332 -1.6204
0.0051 -0.0381 -1.6041
0.0109 -0.0434 -1.5891
0.0177 -0.0484 -1.5734
0.0255 -0.0533 -1.5576
0.0345 -0.0576 -1.5421
0.0446 -0.0609 -1.5276
0.0559 -0.0632 -1.5150
0.0678 -0.0646 -1.5046
0.0796 -0.0646 -1.4949
0.0911 -0.0641 -1.4855
0.1022 -0.0634 -1.4760
0.1135 -0.0627 -1.4663
0.1254 -0.0621 -1.4565
0.1385 -0.0626 -1.4473
0.1523 -0.0617 -1.4386
0.1664 -0.0603 -1.4304
0.1802 -0.0591 -1.4226
0.1935 -0.0583 -1.4148
0.2062 -0.0581 -1.4067
0.2180 -0.0586 -1.3980
0.2291 -0.0597 -1.3887
0.2395 -0.0615 -1.3785
0.2494 -0.0641 -1.3674
0.2590 -0.0674 -1.3552
0.2682 -0.0713 -1.3421
0.2772 -0.0756 -1.3282
0.2857 -0.0800 -1.3136
0.2936 -0.0843 -1.2983
0.3009 -0.0881 -1.2827
0.3075 -0.0914 -1.2667
0.3134 -0.0942 -1.2504
0.3181 -0.0972 -1.2348
0.3231 -0.0993 -1.2182
0.3282 -0.1007 -1.2013
0.3334 -0.1015 -1.1842
0.3385 -0.1018 -1.1670
0.3434 -0.1016 -1.1495
0.3479 -0.1014 -1.1313
0.3521 -0.1010 -1.1124
0.3560 -0.1004 -1.0928
0.3593 -0.0993 -1.0728
0.3619 -0.0976 -1.0528
0.3637 -0.0952 -1.0330
0.3652 -0.0908 -1.0128
0.3651 -0.0875 -0.9930
0.3636 -0.0848 -0.9727
0.3610 -0.0828 -0.9519
0.3577 -0.0815 -0.9304
0.3546 -0.0806 -0.9077
0.3520 -0.0798 -0.8842
0.3481 -0.0784 -0.8626
0.3437 -0.0765 -0.8424
0.3388 -0.0740 -0.8232
0.3335 -0.0713 -0.8048
0.3278 -0.0684 -0.7872
0.3245 -0.0649 -0.7680
0.3194 -0.0619 -0.7512
0.3140 -0.0589 -0.7357
0.3086 -0.0564 -0.7210
0.3036 -0.0544 -0.7067
0.2990 -0.0531 -0.6925
0.2968 -0.0519 -0.6764
0.2939 -0.0519 -0.6616
0.2914 -0.0526 -0.6472
0.2893 -0.0542 -0.6330
0.2876 -0.0565 -0.6188
0.2864 -0.0595 -0.6045
0.2864 -0.0628 -0.5883
0.2860 -0.0667 -0.5733
0.2857 -0.0711 -0.5586
0.2857 -0.0755 -0.5442
0.2863 -0.0797 -0.5299
0.2875 -0.0836 -0.5158
0.2902 -0.0859 -0.5010
0.2937 -0.0878 -0.4874
0.2984 -0.0888 -0.4749
0.3041 -0.0890 -0.4636
0.3105 -0.0885 -0.4533
0.3170 -0.0877 -0.4437
0.3237 -0.0864 -0.4322
0.3299 -0.0858 -0.4220
0.3360 -0.0859 -0.4119
0.3426 -0.0866 -0.4014
0.3499 -0.0876 -0.3906
0.3581 -0.0883 -0.3794
0.3669 -0.0885 -0.3684
0.3754 -0.0890 -0.3584
0.3833 -0.0902 -0.3488
0.3903 -0.0923 -0.3390
0.3964 -0.0954 -0.3288
0.4017 -0.0991 -0.3177
0.4062 -0.1031 -0.3056
0.4095 -0.1079 -0.2934
0.4117 -0.1133 -0.2805
0.4129 -0.1192 -0.2669
0.4133 -0.1252 -0.2527
0.4130 -0.1312 -0.2382
0.4118 -0.1367 -0.2219
0.4101 -0.1414 -0.2067
0.4076 -0.1453 -0.1922
0.4044 -0.1482 -0.1780
0.4006 -0.1504 -0.1641
0.3961 -0.1520 -0.1503
0.3913 -0.1565 -0.1379
0.3862 -0.1582 -0.1248
0.3810 -0.1587 -0.1113
0.3755 -0.1585 -0.0977
0.3699 -0.1578 -0.0839
0.3639 -0.1566 -0.0704
0.3576 -0.1548 -0.0572
0.3511 -0.1522 -0.0442
0.3446 -0.1487 -0.0320
0.3381 -0.1443 -0.0209
0.3312 -0.1397 -0.0110
0.3238 -0.1354 -0.0020
0.3157 -0.1321 0.0054
0.3072 -0.1293 0.0122
0.2984 -0.1273 0.0183
0.2892 -0.1263 0.0236
0.2795 -0.1264 0.0284
0.2693 -0.1276 0.0327
0.2585 -0.1297 0.0362
0.2475 -0.1322 0.0397
0.2366 -0.1348 0.0429
0.2260 -0.1370 0.0454
0.2162 -0.1382 0.0471
0.2072 -0.1387 0.0475
0.1986 -0.1388 0.0464
0.1901 -0.1388 0.0447
0.1814 -0.1389 0.0420
0.1729 -0.1392 0.0388
0.1646 -0.1394 0.0352
0.1566 -0.1400 0.0332
0.1487 -0.1410 0.0331
0.1408 -0.1420 0.0309
0.1329 -0.1433 0.0282
0.1251 -0.1447 0.0255
0.1175 -0.1463 0.0228
0.1101 -0.1477 0.0202
0.1018 -0.1509 0.0304
0.0945 -0.1526 0.0327
0.0876 -0.1537 0.0327
0.0809 -0.1544 0.0323
0.0745 -0.1544 0.0325
0.0687 -0.1539 0.0334
0.0591 -0.0434 -0.0119
0.0538 -0.0070 -0.0238
0.0506 0.0063 -0.0250
0.0486 0.0125 -0.0227
0.0472 0.0165 -0.0194
0.0462 0.0195 -0.0159
0.0453 0.0240 -0.0136
0.0440 0.0261 -0.0095
0.0423 0.0269 -0.0041
0.0401 0.0267 0.0024
0.0377 0.0258 0.0096
0.0350 0.0244 0.0171
0.0339 0.0249 0.0225
0.0318 0.0240 0.0290
0.0295 0.0226 0.0353
0.0271 0.0207 0.0411
0.0247 0.0187 0.0460
0.0221 0.0165 0.0502
0.0201 0.0146 0.0525
0.0177 0.0125 0.0549
0.0153 0.0102 0.0572
0.0127 0.0078 0.0590
0.0100 0.0051 0.0605
0.0077 0.0028 0.0612
0.0059 0.0011 0.0613
0.0032 -0.0015 0.0615
0.0000 -0.0044 0.0614
-0.0037 -0.0073 0.0609
-0.0079 -0.0100 0.0600
-0.0117 -0.0117 0.0590
-0.0152 -0.0126 0.0579
-0.0197 -0.0147 0.0564
-0.0243 -0.0169 0.0547
-0.0287 -0.0185 0.0529
-0.0326 -0.0193 0.0514
-0.0360 -0.0195 0.0502
-0.0381 -0.0183 0.0490
-0.0405 -0.0175 0.0481
-0.0429 -0.0166 0.0472
-0.0452 -0.0156 0.0466
-0.0471 -0.0143 0.0464
-0.0488 -0.0130 0.0465
-0.0506 -0.0119 0.0465
-0.0519 -0.0107 0.0461
-0.0537 -0.0101 0.0461
-0.0557 -0.0098 0.0463
-0.0577 -0.0095 0.0466
-0.0596 -0.0094 0.0469
-0.0605 -0.0094 0.0469
-0.0619 -0.0094 0.0469
-0.0633 -0.0095 0.0469
-0.0646 -0.0097 0.0467
-0.0657 -0.0099 0.0465
-0.0666 -0.0101 0.0462
-0.0669 -0.0104 0.0457
-0.0672 -0.0104 0.0453
-0.0674 -0.0101 0.0450
-0.0675 -0.0098 0.0447
-0.0676 -0.0095 0.0446
-0.0677 -0.0094 0.0444
-0.0678 -0.0094 0.0443
-0.0747 -0.0126 0.0484
-0.0768 -0.0137 0.0497
-0.0775 -0.0141 0.0501
-0.0777 -0.0143 0.0501
-0.0778 -0.0145 0.0501
-0.0778 -0.0148 0.0501
-0.0770 -0.0151 0.0501
-0.0768 -0.0154 0.0501
-0.0769 -0.0156 0.0500
-0.0769 -0.0157 0.0499
-0.0770 -0.0158 0.0498
-0.0761 -0.0154 0.0496
-0.0759 -0.0153 0.0495
-0.0759 -0.0153 0.0493
-0.0761 -0.0154 0.0491
-0.0763 -0.0155 0.0489
-0.0765 -0.0157 0.0488
-0.0751 -0.0159 0.0488
-0.0747 -0.0161 0.0488
-0.0746 -0.0163 0.0487
-0.0745 -0.0165 0.0487
-0.0744 -0.0166 0.0486
-0.0743 -0.0168 0.0486
-0.0729 -0.0165 0.0481
-0.0725 -0.0166 0.0479
-0.0723 -0.0168 0.0479
-0.0721 -0.0169 0.0479
-0.0720 -0.0170 0.0480
-0.0718 -0.0171 0.0480
-0.0706 -0.0161 0.0474
-0.0702 -0.0158 0.0471
-0.0700 -0.0158 0.0471
-0.0699 -0.0158 0.0471
-0.0698 -0.0159 0.0470
-0.0699 -0.0160 0.0470
-0.0695 -0.0162 0.0465
-0.0694 -0.0163 0.0463
-0.0695 -0.0165 0.0462
-0.0695 -0.0166 0.0461
-0.0695 -0.0166 0.0459
-0.0695 -0.0166 0.0458
-0.0695 -0.0166 0.0457
-0.0688 -0.0162 0.0453
-0.0686 -0.0159 0.0451
-0.0684 -0.0157 0.0449
-0.0684 -0.0157 0.0448
-0.0684 -0.0157 0.0447
-0.0681 -0.0164 0.0440
-0.0680 -0.0166 0.0438
-0.0680 -0.0167 0.0436
-0.0680 -0.0167 0.0435
-0.0680 -0.0167 0.0435
-0.0676 -0.0166 0.0431
-0.0668 -0.0161 0.0426
-0.0665 -0.0159 0.0424
-0.0663 -0.0159 0.0424
-0.0662 -0.0158 0.0425
-0.0662 -0.0159 0.0426
-0.0662 -0.0159 0.0426
-0.0654 -0.0148 0.0423
-0.0651 -0.0144 0.0423
-0.0649 -0.0141 0.0422
-0.0648 -0.0139 0.0423
-0.0648 -0.0137 0.0423
-0.0648 -0.0137 0.0424
-0.0648 -0.0137 0.0421
-0.0648 -0.0136 0.0420
-0.0648 -0.0135 0.0420
-0.0648 -0.0134 0.0420
-0.0648 -0.0133 0.0420
-0.0647 -0.0132 0.0420
-0.0647 -0.0130 0.0419
-0.0645 -0.0131 0.0419
-0.0644 -0.0131 0.0418
-0.0644 -0.0130 0.0418
-0.0644 -0.0129 0.0416
-0.0644 -0.0129 0.0415
-0.0643 -0.0128 0.0414
-0.0638 -0.0124 0.0411
-0.0636 -0.0122 0.0410
-0.0635 -0.0120 0.0409
-0.0634 -0.0119 0.0408
-0.0634 -0.0119 0.0407
-0.0631 -0.0114 0.0404
-0.0630 -0.0112 0.0402
-0.0629 -0.0109 0.0400
-0.0629 -0.0107 0.0399
-0.0628 -0.0105 0.0397
-0.0627 -0.0104 0.0395
-0.0626 -0.0103 0.0394
-0.0626 -0.0102 0.0392
-0.0625 -0.0102 0.0391
-0.0624 -0.0102 0.0390
-0.0624 -0.0102 0.0388
-0.0623 -0.0101 0.0387
-0.0618 -0.0094 0.0385
-0.0615 -0.0092 0.0385
-0.0613 -0.0090 0.0384
-0.0611 -0.0090 0.0385
-0.0609 -0.0090 0.0385
-0.0608 -0.0089 0.0386
-0.0611 -0.0093 0.0388
-0.0612 -0.0095 0.0389
-0.0612 -0.0095 0.0390
-0.0612 -0.0095 0.0391
-0.0611 -0.0095 0.0392
-0.0611 -0.0095 0.0393
-0.0609 -0.0098 0.0392
-0.0608 -0.0099 0.0393
-0.0607 -0.0098 0.0394
-0.0606 -0.0098 0.0396
-0.0605 -0.0099 0.0398
-0.0605 -0.0099 0.0399
-0.0608 -0.0102 0.0404
-0.0609 -0.0103 0.0406
-0.0608 -0.0104 0.0407
-0.0607 -0.0103 0.0408
-0.0605 -0.0103 0.0409
-0.0604 -0.0103 0.0409
-0.0603 -0.0104 0.0409
-0.0601 -0.0098 0.0409
-0.0600 -0.0096 0.0408
-0.0599 -0.0095 0.0408
-0.0598 -0.0095 0.0408
-0.0597 -0.0095 0.0408
-0.0599 -0.0093 0.0409
-0.0599 -0.0093 0.0410
-0.0599 -0.0093 0.0410
-0.0599 -0.0094 0.0410
-0.0598 -0.0094 0.0410
-0.0597 -0.0094 0.0410
-0.0596 -0.0093 0.0410
-0.0593 -0.0091 0.0411
-0.0591 -0.0090 0.0412
-0.0590 -0.0090 0.0412
-0.0589 -0.0090 0.0412
-0.0588 -0.0090 0.0412
-0.0587 -0.0090 0.0415
-0.0586 -0.0092 0.0416

