-0.0209 0.0173 0.0848
0.0244 0.0284 0.0657
0.0216 0.0388 0.0652
-0.0049 0.0226 0.0541
-0.0315 -0.0003 0.0391
-0.0344 -0.0005 0.0303
-0.0333 -0.0014 0.0159
-0.0275 0.0135 0.0092
-0.0208 0.0278 0.0059
0.0015 0.0353 -0.0073
0.0052 0.0291 -0.0011
0.0059 0.0328 -0.0001
0.0185 -0.0067 -0.0157
-0.0246 -0.0073 -0.0182
-0.0407 0.0147 -0.0047
0.0092 0.0120 -0.0077
0.1227 -0.0147 -0.0224
0.1330 -0.0147 -0.0267
0.0460 0.0135 -0.0147
-0.0288 0.0071 0.0024
-0.0252 0.0145 0.0018
-0.0055 0.0103 -0.0162
-0.0075 0.0132 -0.0198
-0.0165 0.0193 -0.0193
-0.0058 -0.0086 -0.0118
0.0254 0.0177 -0.0130
0.0414 0.0293 -0.0137
0.0575 0.0703 -0.0097
0.0528 0.0813 -0.0086
0.0334 0.0757 -0.0043
-0.0093 0.0248 0.0145
-0.0352 0.0148 0.0262
-0.0730 -0.0111 0.0335
-0.0922 -0.0044 0.0340
-0.0915 0.0070 0.0411
0.1274 0.2558 -0.0490
0.1437 0.0132 -0.0685
0.0773 0.0027 0.0075
-0.0962 -0.0163 0.1048
-0.1403 -0.0201 0.1144
-0.0269 0.0894 0.0956
0.1745 0.0432 -0.0088
0.1941 -0.0368 0.0213
0.1332 0.0027 0.0441
0.0022 0.0436 0.0957
0.0010 0.1168 0.1074
0.0149 0.1153 0.1045
0.0350 0.0802 0.1127
0.0307 0.1075 0.1178
0.0292 0.1467 0.1186
0.0096 0.1728 0.1315
0.0061 0.1674 0.1717
0.0030 0.1550 0.1935
-0.0096 0.1444 0.2471
-0.0063 0.1455 0.3162
-0.0078 0.1592 0.3445
-0.0198 0.2006 0.3908
-0.0126 0.2387 0.4683
-0.0006 0.2523 0.5082
0.0050 0.2523 0.5858
-0.0179 0.2464 0.7172
-0.0274 0.2414 0.7861
-0.0562 0.3197 0.9089
-0.0538 0.4294 1.0358
-0.0379 0.4740 1.0953
0.0176 0.4914 1.2077
0.0442 0.4995 1.2584
0.0913 0.5312 1.3549
0.0838 0.5334 1.4112
0.0427 0.5268 1.4451
-0.0656 0.5595 1.5123
-0.1069 0.5764 1.5504
0.0038 0.4211 1.5566
0.1152 0.1982 1.5002
0.1532 0.0889 1.4520
0.1437 -0.0513 1.3519
0.0740 0.0355 1.2549
0.0246 0.1075 1.1982
0.0540 0.2489 1.1568
0.1702 0.3721 1.0909
0.2274 0.4471 1.0807
0.2830 0.5379 1.1052
0.2940 0.5461 1.1328
0.3282 0.5660 1.2294
0.5454 0.4590 1.3488
0.7510 0.4059 1.4273
1.1717 0.4964 1.5690
1.3326 0.7995 1.7556
1.3071 0.9297 1.7960
1.0350 1.2132 1.8414
0.5568 1.8877 2.0768
0.3754 2.3800 2.1506
0.0834 2.6962 2.0752
-0.1016 1.7892 1.8649
-0.1617 1.1246 1.6610
-0.2981 0.4165 1.0908
-0.3966 0.7715 0.8585
-0.4022 0.7394 0.9224
-0.3130 0.5408 0.9502
-0.2389 0.2763 1.2017
-0.2109 0.0325 1.1411
-0.1951 0.4916 0.6933
0.0566 0.5094 0.7336
0.0749 0.3104 0.7460
-0.0126 -0.0124 0.6867
-0.2493 -0.0684 0.6616
-0.3452 0.0274 0.6523
-0.2852 0.2923 0.7757
-0.2408 0.6352 0.8443
-0.1588 0.6834 0.8157
0.1759 0.8746 0.7750
0.3214 0.9008 0.7347
0.4207 0.9211 0.6739
0.2854 0.7622 0.6914
0.1923 0.5776 0.6949
0.0247 0.2360 0.6374
-0.1317 0.1162 0.5274
-0.1891 0.1099 0.4818
-0.2188 0.1765 0.4286
-0.2128 0.1630 0.4400
-0.2082 0.0836 0.4558
-0.2017 -0.0952 0.4440
-0.1458 -0.2817 0.3921
-0.0661 -0.2818 0.3546
0.0578 -0.1735 0.2730
0.0946 0.0663 0.2396
0.0634 0.1625 0.2147
-0.0685 0.3012 0.1676
-0.1700 0.4113 0.1407
-0.1643 0.4387 0.1428
-0.0406 0.4653 0.1819
0.1346 0.5108 0.2285
0.2116 0.5261 0.2661
0.2854 0.5878 0.3388
0.2988 0.7262 0.4664
0.3030 0.8230 0.5621
0.2747 0.6545 0.7307
0.2696 -0.0796 0.7977
0.3255 -0.4986 0.7654
0.6425 -0.8741 0.5350
0.8935 -0.7150 0.3729
1.5008 0.2094 0.1074
1.9040 0.8774 0.1020
1.9446 0.9528 0.1589
1.7578 0.6155 0.2644
1.3736 -0.0316 0.2737
1.1659 -0.3601 0.2181
0.8574 -0.6925 0.0039
0.7240 -0.5135 -0.2081
0.6943 -0.3235 -0.2486
0.6411 0.0539 -0.2113
0.5686 0.2508 -0.1277
0.5136 0.2500 -0.0809
0.3369 0.0724 0.0010
0.1745 -0.1424 0.0588
0.1308 -0.2310 0.0747
0.0956 -0.2311 0.0928
0.0180 -0.1815 0.1343
-0.0413 -0.2328 0.1580
-0.1843 -0.4615 0.1595
-0.3843 -0.6806 -0.0066
-0.4742 -0.7376 -0.1316
-0.5730 -0.6434 -0.3519
-0.6643 -0.5509 -0.3392
-0.7315 -0.4974 -0.2594
-0.8778 -0.3672 -0.1447
-0.9494 -0.3501 -0.1380
-1.0950 -0.3818 -0.1938
-1.1273 -0.5064 -0.2574
-1.0890 -0.5238 -0.2984
-0.9009 -0.5812 -0.4382
-0.5608 -0.7205 -0.4614
-0.3840 -0.6331 -0.3409
-0.2088 -0.3737 -0.0761
-0.3223 -0.4393 -0.0343
-0.4355 -0.5022 -0.1098
-0.6342 -0.6839 -0.4784
-0.5441 -0.8123 -0.9980
-0.3385 -0.7856 -1.2254
0.2494 -0.6387 -1.4968
0.7714 -0.5379 -1.4373
0.9124 -0.6358 -1.3364
0.7243 -1.1822 -1.2690
0.1534 -1.7209 -1.4412
-0.0953 -1.8306 -1.6057
-0.3042 -1.8051 -1.9791
-0.0923 -1.4903 -2.2128
0.0818 -1.2675 -2.2431
0.3042 -0.9239 -2.1279
0.2497 -0.8540 -1.8518
0.1677 -0.8848 -1.7081
-0.0095 -0.9443 -1.4753
-0.1675 -1.0174 -1.3469
-0.2644 -1.0302 -1.3328
-0.4554 -1.0074 -1.3663
-0.5397 -1.0309 -1.3940
-0.6504 -0.9650 -1.4138
-0.6343 -0.5725 -1.3369
-0.5824 -0.3100 -1.2598
-0.4805 0.1028 -1.0089
-0.3751 0.3391 -0.6570
-0.3085 0.4324 -0.4675
-0.1642 0.5691 -0.0898
-0.0187 0.5940 0.2690
0.0453 0.6174 0.4294
0.0505 0.6006 0.6996
-0.0902 0.5046 0.8416
-0.1881 0.4194 0.8145
-0.2957 0.3317 0.5530
-0.1024 0.6290 0.1690
0.0991 0.8835 0.0460
0.5324 1.3940 0.1112
0.7388 1.6917 0.4940
0.7160 1.6852 0.7261
0.3493 1.3900 1.1136
-0.2167 0.7485 1.2023
-0.3922 0.4739 1.1466
-0.4056 0.2022 0.9293
-0.1424 0.2712 0.7764
-0.0190 0.3610 0.7511
0.1404 0.5918 0.8251
0.2354 0.7111 1.0423
0.2841 0.7618 1.1762
0.3908 0.8110 1.4086
0.4457 0.7860 1.4893
0.5627 0.6297 1.5494
0.6023 0.4068 1.4862
0.5623 0.2313 1.4263
0.4179 -0.0954 1.2791
0.3006 -0.1508 1.0602
0.2425 -0.0654 0.9311
0.1147 0.1452 0.7528
-0.0374 0.3414 0.7207
-0.1641 0.4104 0.7353
-0.5486 0.3832 0.7567
-1.0194 0.1482 0.6662
-1.2459 -0.0053 0.5529
-1.5549 -0.2515 0.1764
-1.5073 -0.2666 -0.2464
-1.3850 -0.1688 -0.4545
-1.2476 -0.0991 -0.7612
-1.2048 -0.2206 -0.8509
-1.1252 -0.3128 -0.8948
-0.6677 -0.3373 -1.0498
0.1621 0.0040 -1.0677
0.5623 0.1781 -0.9526
1.0284 0.2739 -0.4650
1.0118 -0.0322 0.0863
0.8341 -0.3489 0.2514
0.3528 -1.0250 0.2376
0.0274 -1.1976 -0.2519
-0.0207 -1.1058 -0.6202
0.1288 -0.6328 -1.3748
0.2488 -0.2919 -1.6395
0.3224 0.2087 -1.8173
0.2302 0.4011 -1.6132
0.1620 0.3444 -1.4382
0.0297 -0.0055 -1.0615
-0.0258 -0.3182 -0.7643
-0.0520 -0.4340 -0.6646
-0.4561 -0.6853 -0.5090
-0.5400 -0.7143 -0.5056
-0.5662 -0.6354 -0.4814
-0.5091 -0.3935 -0.4360
-0.4801 -0.3044 -0.3894
-0.3534 -0.1487 -0.2245
-0.1898 -0.0220 0.0066
-0.1193 -0.0431 0.1533
0.0239 -0.1274 0.4746
0.1245 -0.1591 0.7087
0.1338 -0.1820 0.7708
0.1183 -0.1620 0.8090
0.1269 -0.0800 0.7325
0.1463 -0.0533 0.6468
0.2433 0.2136 0.4407
0.3561 0.6575 0.2770
0.4093 0.8695 0.2476
0.6005 1.2901 0.3659
0.7145 1.4995 0.5177
0.8895 1.7976 0.9791
0.7697 1.7856 1.4938
0.5434 1.5975 1.7195
-0.1379 0.9343 1.9135
-0.7557 0.1721 1.6826
-0.8934 -0.1182 1.5301
-0.6538 -0.4691 1.2740
0.1183 0.2569 1.0064
0.4687 0.7902 0.9397
0.7157 1.5391 1.2146
0.5457 1.8091 1.8503
0.4469 1.8017 2.1623
0.3863 1.6867 2.5736
0.5121 1.5200 2.6807
0.6077 1.3956 2.6547
0.7045 1.1478 2.4660
0.5970 0.9394 2.0893
0.4939 0.8637 1.8509
0.2421 0.6719 1.3688
0.0715 0.5386 0.9789
0.0152 0.5029 0.8103
-0.0642 0.4975 0.5502
-0.1795 0.5627 0.3877
-0.2639 0.6147 0.3204
-0.4742 0.6167 0.1788
-0.7216 0.3586 -0.0381
-0.7504 0.2531 -0.1390
-0.5788 0.0431 -0.2435
-0.4544 -0.0387 -0.2703
-0.2930 -0.1203 -0.2797
-0.2786 -0.1369 -0.3402
-0.2880 -0.0850 -0.4429
-0.0262 0.2008 -0.6642
0.6846 0.5125 -0.6292
1.0721 0.6604 -0.4159
1.5425 0.7056 0.3499
1.2881 0.4927 1.1559
0.8909 0.3241 1.4086
-0.0365 0.0009 1.5301
-0.6518 -0.3894 1.2647
-0.7624 -0.5884 1.0030
-0.6729 -0.8479 0.2834
-0.3557 -0.7413 -0.4164
-0.1558 -0.5107 -0.6316
0.2297 0.2071 -0.7497
0.4137 0.7736 -0.4615
0.4416 0.9610 -0.2292
0.3601 1.0693 0.1999
0.1774 0.9738 0.4285
0.1212 0.8994 0.4447
0.0996 0.7148 0.3501
0.0558 0.6142 0.1880
-0.0194 0.5999 0.1176
-0.2642 0.6077 0.0474
-0.3935 0.6166 0.0649
-0.5893 0.5414 0.2316
-0.6268 0.3187 0.5140
-0.5489 0.2398 0.6654
-0.2245 0.2406 0.9392
0.1000 0.3931 1.2069
0.1691 0.4810 1.3202
0.0897 0.6462 1.4531
-0.1012 0.6767 1.4912
-0.1657 0.6364 1.4917
-0.1887 0.4701 1.4664
-0.1300 0.3603 1.4326
-0.0810 0.3679 1.4323
0.0016 0.4035 1.4461
0.0851 0.4872 1.4511
0.1601 0.6122 1.5036
0.2884 1.1321 1.8155
0.2134 1.4987 2.3157
0.0546 1.4728 2.5413
-0.2962 1.1368 2.7838
-0.3091 0.7401 2.7892
-0.1434 0.6270 2.7650
0.2811 0.6043 2.7570
0.4301 0.6892 2.9224
0.3795 0.7919 3.0525
0.2191 0.9902 3.3005
0.1676 0.9352 3.3289
0.2158 0.8874 3.1073
0.4830 0.8140 2.3357
0.6745 0.8561 2.0417
0.9163 1.1682 1.7697
0.9115 1.5472 1.8082
0.8936 1.6647 1.8732
0.9084 1.7175 1.9702
0.9387 1.5942 1.9770
0.9623 1.4929 1.9444
0.9824 1.3336 1.8197
0.9106 1.2749 1.6676
0.8609 1.3024 1.5945
0.7448 1.3516 1.4405
0.7070 1.4650 1.2481
0.7052 1.5379 1.1409
0.6210 1.6696 0.9773
0.4939 1.7718 0.8689
0.4588 1.8417 0.8281
0.3925 1.9720 0.7623
0.3116 2.0210 0.7307
0.2902 2.0006 0.7200
0.2956 1.9123 0.7077
0.2901 1.7741 0.7205
0.2779 1.7032 0.7386
0.2364 1.6461 0.7743
0.2162 1.6526 0.7679
0.2149 1.6477 0.7519
0.2139 1.6220 0.7200
0.2125 1.5768 0.7077
0.1905 1.4222 0.6930
0.1532 1.2095 0.6905
0.1390 1.1064 0.6954
0.1197 0.9375 0.6765
0.0702 0.7992 0.6024
0.0522 0.7723 0.5454
0.0923 0.7890 0.4479
0.1730 0.9277 0.4153
0.1653 1.0325 0.4225
0.0814 1.1790 0.4888
-0.0613 1.1487 0.5318
-0.1414 1.0785 0.4972
-0.4119 0.7655 0.3208
-0.7722 0.3442 0.0412
-0.8852 0.2424 -0.0809
-0.8999 0.1844 -0.1848
-0.6273 0.3504 -0.1060
-0.4720 0.4859 0.0091
-0.2923 0.7899 0.4076
-0.2938 0.8259 0.8827
-0.3115 0.7248 1.0547
-0.3943 0.3620 1.2160
-0.6150 -0.1133 1.2316
-0.7865 -0.3929 1.2326
-1.2328 -1.0504 1.2360
-1.2659 -1.3333 1.0641
-1.0436 -1.1944 0.9002
-0.4806 -0.6900 0.6438
-0.2928 -0.4049 0.6017
-0.2326 -0.0228 0.6493
-0.3046 0.0139 0.6498
-0.2386 0.0250 0.5714
0.0086 0.0237 0.3430
0.2040 0.2548 0.2000
0.2038 0.4082 0.1566
0.0949 0.6528 0.0883
0.0169 0.6202 -0.0070
0.0040 0.5117 -0.0404
0.0296 0.3490 -0.0574
0.0476 0.2434 -0.0229
0.0408 0.1752 0.0151
0.0273 0.0041 0.0757
0.0196 -0.0804 0.0724
-0.0185 -0.0862 0.0565
-0.1307 -0.0547 -0.0007
-0.1504 0.0616 -0.0781
-0.1561 0.1409 -0.1125
-0.1750 0.2889 -0.0905
-0.3172 0.1909 -0.0349
-0.4392 -0.0335 -0.0636
-0.5623 -0.5751 -0.2258
-0.3780 -0.8647 -0.4513
-0.1414 -0.7641 -0.5597
0.3683 -0.1567 -0.6730
0.5408 0.2445 -0.6250
0.6842 0.9883 -0.4009
0.6308 1.3341 -0.1273
0.5555 1.3193 -0.0323
0.3394 1.0471 -0.0216
0.0756 0.6015 -0.0897
-0.0516 0.4156 -0.1140
-0.2182 0.1211 -0.0868
-0.2067 0.0278 0.0339
-0.1504 0.0484 0.1209
-0.0156 0.2067 0.3722
0.0810 0.3792 0.6871
0.1337 0.4706 0.8411
0.2105 0.6241 1.0746
0.2963 0.7207 1.2064
0.3077 0.7279 1.2485
0.2363 0.7049 1.2758
0.1367 0.6277 1.2031
0.1152 0.5378 1.1474
0.0590 0.2377 1.0459
-0.0282 0.0627 0.9403
-0.0665 0.0766 0.8593
-0.1724 0.1802 0.6598
-0.2596 0.3296 0.4562
-0.2630 0.4269 0.3477
-0.2710 0.5934 0.1915
-0.4112 0.7223 0.1335
-0.5276 0.7045 0.1268
-0.7871 0.5848 0.1275
-0.8863 0.4594 0.1354
-0.9109 0.0227 0.2338
-0.7121 -0.3385 0.5041
-0.5360 -0.4291 0.6447
-0.1976 -0.5051 0.8637
0.0490 -0.8153 0.9176
0.2027 -1.0248 0.8376
0.6217 -1.3910 0.4424
1.0702 -1.5650 -0.0012
1.1861 -1.5594 -0.1564
1.0976 -1.3928 -0.3372
0.6454 -1.2342 -0.5163
0.3296 -1.2211 -0.6809
-0.1723 -1.2146 -1.1765
-0.2413 -1.2949 -1.6634
-0.1405 -1.3207 -1.7957
0.1255 -1.2509 -1.8147
0.2635 -1.0509 -1.6497
0.2778 -0.9120 -1.5326
0.1898 -0.6497 -1.3000
-0.0062 -0.4922 -1.1331
-0.0903 -0.4582 -1.0821
-0.2250 -0.4802 -1.0360
-0.3850 -0.4514 -1.0128
-0.4746 -0.4163 -0.9936
-0.6614 -0.3945 -0.9194
-0.7707 -0.3929 -0.8710
-0.9647 -0.3401 -0.7563
-0.9829 -0.3265 -0.6057
-0.8883 -0.2956 -0.5094
-0.6192 -0.1791 -0.2362
-0.3528 0.0527 0.1555
-0.1975 0.1667 0.3652
0.1136 0.2856 0.7312
0.2327 0.3846 0.9293
0.2489 0.4405 0.9779
0.3158 0.4528 1.0212
0.2516 0.2523 0.9040
0.1869 0.1662 0.8055
0.1974 0.1665 0.5766
0.5084 0.6533 0.3577
0.7712 1.0793 0.3466
1.1415 1.9301 0.6476
1.0740 2.3695 1.2606
0.8734 2.3368 1.5490
0.1941 1.8669 1.9003
-0.3818 1.2181 1.8941
-0.5049 0.9636 1.8519
-0.2357 0.6543 1.7245
0.4084 0.9635 1.5041
0.6591 1.2800 1.4567
0.8414 1.8034 1.6049
0.7958 1.9889 1.8927
0.7957 1.9280 2.0064
0.8891 1.6119 2.1091
1.0099 1.2742 2.0244
1.0025 1.1187 1.9269
0.8113 0.8053 1.6165
0.6641 0.6957 1.4174
0.3801 0.4846 1.0014
0.2316 0.3865 0.6740
0.1839 0.3877 0.5560
0.0905 0.4837 0.4104
-0.0410 0.6170 0.3475
-0.1029 0.6191 0.3448
-0.2292 0.3678 0.3283
-0.3394 -0.0144 0.2878
-0.3984 -0.1268 0.2685
-0.5770 -0.2307 0.2178
-1.0546 -0.4430 0.0182
-1.3803 -0.6227 -0.1930
-1.7166 -0.9180 -0.8570
-1.2609 -0.9358 -1.4944
-0.8214 -0.7086 -1.6934
-0.0832 -0.0557 -1.6186
0.3541 0.3044 -0.8138
0.3596 0.1064 -0.3113
0.0308 -0.5084 0.3033
-0.4728 -1.0687 0.0248
-0.6103 -1.2363 -0.5638
-0.4563 -1.2788 -1.6951
-0.1598 -0.9554 -2.0988
-0.0580 -0.7018 -2.1055
0.0171 -0.1718 -1.8342
0.0286 -0.0003 -1.6578
0.0946 0.0214 -1.3607
0.1697 -0.2136 -1.0506
0.1733 -0.2940 -0.9070
0.0735 -0.3466 -0.6629
-0.1709 -0.3082 -0.5007
-0.2914 -0.2823 -0.4655
-0.4867 -0.2185 -0.4412
-0.5920 -0.1680 -0.3312
-0.5753 -0.1732 -0.2341
-0.3929 -0.2347 0.0289
-0.0768 -0.1683 0.3351
0.0688 -0.0793 0.4973
0.2620 0.1090 0.8218
0.3065 0.1692 0.9321
0.2986 0.1429 0.8954
0.3309 0.0491 0.7259
0.5087 0.2024 0.5579
0.5784 0.3416 0.5124
0.4903 0.4787 0.4975
0.1896 0.6544 0.5058
0.0572 0.7743 0.5201
-0.1105 0.8360 0.5560
-0.0802 0.7862 0.5236
0.0694 0.8627 0.5031
0.4911 1.2483 0.6310
0.6554 1.4923 0.8283
0.6964 1.7982 1.3826
0.3475 1.7633 1.7879
0.0563 1.6448 1.8543
-0.5298 1.2536 1.7098
-0.8528 1.0076 1.3555
-0.8575 0.9476 1.1799
-0.5983 0.9829 0.8811
-0.2694 1.1844 0.7607
-0.1755 1.3035 0.8170
-0.0548 1.4903 1.0743
0.0351 1.4380 1.3575
0.1337 1.3651 1.4666
0.4841 1.2297 1.5450
0.7217 1.0815 1.5168
0.7297 1.0141 1.4930
0.6128 0.8877 1.3906
0.4603 0.7723 1.1687
0.3953 0.7240 1.0241
0.2986 0.6873 0.7231
0.2008 0.6774 0.4906
0.1551 0.6602 0.4172
0.0401 0.5817 0.3206
-0.0996 0.4931 0.2787
-0.1801 0.3715 0.2773
-0.3482 0.0380 0.2763
-0.4697 -0.2954 0.2629
-0.5198 -0.4686 0.2644
-0.7139 -0.8777 0.1783
-0.8237 -1.0383 0.0784
-0.9362 -1.1404 -0.2545
-0.7648 -0.9014 -0.6688
-0.5509 -0.6890 -0.8156
0.0433 -0.2260 -0.8334
0.5075 -0.0527 -0.3955
0.6888 -0.0795 -0.0534
0.7846 -0.5670 0.5614
0.4779 -1.2618 0.7194
0.1980 -1.6427 0.4847
-0.3124 -2.2876 -0.2628
-0.5588 -2.3885 -0.9863
-0.4796 -2.1522 -1.2504
-0.0737 -1.3822 -1.4200
0.0665 -0.5704 -1.1600
-0.0266 -0.1704 -0.9791
-0.3185 0.3874 -0.6853
-0.4831 0.5151 -0.4516
-0.4976 0.4194 -0.3476
-0.4589 0.1368 -0.1296
-0.5585 -0.0643 0.0818
-0.6557 -0.0890 0.1817
-0.8213 -0.0751 0.3768
-0.9497 0.0612 0.5241
-0.9754 0.1548 0.5877
-0.7334 0.4152 0.7077
-0.2779 0.6194 0.8787
-0.0801 0.6964 1.0333
0.2188 0.8281 1.4357
0.3076 0.8497 1.6427
0.4318 0.8288 1.9037
0.5520 0.7511 1.9426
0.5902 0.7247 1.9141
0.5717 0.7233 1.8239
0.4602 0.7410 1.7109
0.3513 0.7225 1.6555
0.0007 0.5369 1.5210
-0.1684 0.3688 1.3474
-0.0702 0.4365 1.2390
0.3702 0.9098 1.1132
0.6533 1.4719 1.3149
0.6534 1.7114 1.5232
0.5318 2.0417 2.0183
0.4651 2.1384 2.4103
0.4856 2.1477 2.5439
0.4734 2.0943 2.7216
0.2540 1.8336 2.8716
0.0803 1.5997 2.9020
-0.2873 0.9999 2.8070
-0.5857 0.4362 2.5033
-0.7525 0.2326 2.3223
-0.8939 -0.0471 1.9342
-0.3793 0.2769 1.4773
-0.0451 0.6169 1.3246
0.3909 1.7033 1.5732
0.2803 2.0976 1.9843
0.2504 2.0702 2.1212
0.3116 1.9374 2.0609
0.4919 1.5816 1.7492
0.4944 1.2196 1.3476
0.3938 1.1012 1.1553
0.1462 1.0349 0.8472
-0.0393 1.0642 0.6565
-0.0853 1.1007 0.5809
-0.0552 1.1102 0.4894
0.0158 1.1391 0.4549
0.0028 1.1384 0.4431
-0.0884 1.0482 0.3864
-0.2584 0.6511 0.2803
-0.3773 0.3645 0.1504
-0.5960 -0.2174 -0.2924
-0.5383 -0.3466 -0.8662
-0.4320 -0.3752 -1.1000
-0.0744 -0.3443 -1.2809
0.4413 -0.1190 -0.9092
0.6957 -0.0752 -0.5245
1.1273 -0.0928 0.3764
1.2081 -0.2567 0.9417
1.0929 -0.3959 1.0187
0.6663 -0.6625 0.7729
0.1559 -0.7088 0.2007
-0.0811 -0.6741 -0.0722
-0.3244 -0.6639 -0.4301
-0.3161 -0.7411 -0.5164
-0.1806 -0.8242 -0.6208
-0.0414 -0.8851 -0.7486
-0.0288 -0.9011 -0.7946
-0.1083 -0.8276 -0.7600
-0.2628 -0.7507 -0.6084
-0.3247 -0.6943 -0.5791
-0.2930 -0.2788 -0.4985
-0.1663 0.1780 -0.5092
-0.1994 0.2107 -0.5078
-0.3765 0.2949 -0.4201
-0.5022 0.5587 -0.3333
-0.5118 0.7214 -0.2943
-0.5040 1.0337 -0.1701
-0.5501 1.0945 0.0580
-0.5714 0.9958 0.2241
-0.6175 0.6920 0.5481
-0.6704 0.5510 0.8112
-0.7553 0.5257 0.9098
-0.9819 0.3513 1.1455
-1.1055 -0.3258 1.3219
-1.0383 -0.5908 1.3426
-0.6008 -0.4905 1.1507
-0.1251 0.0256 0.7335
0.0241 0.1735 0.5745
0.0953 0.0890 0.4985
0.0545 -0.0762 0.5405
0.0878 -0.2634 0.5450
0.4060 0.0575 0.2348
0.5000 0.0615 0.1272
0.4548 -0.0379 0.2544
0.1921 -0.1227 0.4406
0.0432 -0.1068 0.4625
-0.1076 0.0231 0.4044
-0.1475 0.2123 0.2739
-0.1660 0.2696 0.2088
-0.1695 0.2274 0.1855
-0.1816 0.2176 0.2380
-0.2059 0.2501 0.2454
-0.2569 0.3590 0.2096
-0.3047 0.4036 0.1835
-0.3226 0.3907 0.1861
-0.2620 0.3636 0.2138
-0.0762 0.2120 0.1892
0.0166 0.1269 0.1581
0.0841 0.0482 0.1097
-0.0045 0.0816 0.0892
-0.0637 0.1013 0.0828
-0.0981 0.1222 0.0829
-0.0541 0.1219 0.0442
-0.0453 0.1485 0.0110
-0.0244 0.2003 0.0114
-0.0327 0.1468 0.0276
-0.0597 0.1443 0.0168
-0.1089 0.1747 0.0032
-0.1180 0.1736 0.0121
-0.1303 0.1593 0.0194
-0.1357 0.1163 0.0254
-0.1141 0.0937 0.0391
-0.0526 0.0804 0.0329
-0.0399 0.0803 0.0322
-0.0409 0.1015 0.0503
-0.0392 0.1341 0.0794
-0.0288 0.1434 0.1063
-0.0306 0.1353 0.1079
-0.0659 0.0593 0.0892
-0.1410 -0.0093 0.0493
-0.1461 -0.0162 0.0346
-0.0823 0.0154 0.0005
0.0123 0.0428 -0.0173
0.0392 0.0334 -0.0121
-0.0030 -0.0189 -0.0160
-0.0809 -0.0033 0.0069
-0.1032 0.0021 0.0115
-0.1109 0.0147 0.0177
-0.0572 0.0468 0.0240
-0.0225 0.0577 0.0194
0.0195 0.0273 0.0123
0.0259 -0.0002 0.0061
0.0241 0.0175 0.0006
0.0521 0.0317 -0.0065
0.0435 0.0218 -0.0189
-0.0105 0.0201 -0.0148
-0.0454 -0.0087 0.0017
-0.0449 -0.0057 0.0004
-0.0446 0.0169 -0.0131
-0.0407 0.0185 -0.0042
-0.0208 0.0184 -0.0021
0.0067 0.0389 -0.0197
-0.0111 0.0414 0.0061
0.0067 0.0297 0.0129
0.0772 0.0330 -0.0104
0.1243 0.0243 -0.0128
0.1189 0.0231 -0.0175
0.0464 0.0470 -0.0089
-0.0190 0.0383 0.0088
-0.0316 0.0241 0.0051
0.0086 0.0089 -0.0013
0.0261 -0.0202 -0.0065
0.0224 -0.0265 -0.0017
0.0190 -0.0389 -0.0006
0.0129 -0.0170 -0.0141
0.0110 -0.0035 -0.0205
0.0188 0.0096 -0.0286
0.0607 0.0100 -0.0212
0.0712 0.0108 -0.0255
0.0452 0.0193 -0.0210
-0.0304 0.0053 -0.0045
-0.0454 0.0017 0.0057
-0.0110 -0.0183 -0.0040
0.0541 -0.0272 -0.0039
0.0891 -0.0199 -0.0123
0.0793 0.0043 -0.0283
0.0446 0.0147 -0.0242
0.0150 0.0056 -0.0113
0.0602 0.0000 -0.0130
0.0710 -0.0021 -0.0131
0.0508 -0.0049 -0.0100
0.0256 -0.0037 0.0030
0.0286 -0.0029 0.0060
0.0453 0.0127 -0.0003
0.0728 0.0338 0.0037
0.0698 0.0272 -0.0028
0.0467 0.0035 0.0073
0.0212 -0.0157 0.0244
0.0247 -0.0011 0.0243
0.0349 0.0339 0.0045
0.0303 0.0078 0.0033
0.0337 -0.0086 0.0086
0.0495 0.0043 0.0122
0.0382 0.0373 0.0020
0.0227 0.0408 0.0069
0.0014 0.0224 0.0194
0.0305 -0.0005 0.0187
0.0447 -0.0022 0.0143
0.0676 -0.0065 0.0299
0.0817 0.0017 0.0129
0.0831 0.0047 0.0075
0.0732 0.0009 0.0120
0.0624 0.0003 0.0083
0.0463 0.0092 0.0063
0.0172 0.0365 0.0313
-0.0067 0.0560 0.0433
-0.0508 0.0227 0.0705
-0.0466 -0.0507 0.0606
-0.0237 -0.0531 0.0319
-0.0059 -0.0100 0.0037
0.0051 0.0315 0.0048
0.0015 0.0238 -0.0031
-0.0526 -0.0056 0.0017
-0.0759 -0.0111 0.0090
-0.0625 0.0019 0.0083
0.0036 0.0304 0.0039
0.0503 0.0181 0.0050
0.0435 -0.0146 0.0038
-0.0092 -0.0678 0.0043
-0.0162 -0.0346 -0.0023
0.0057 -0.0133 -0.0078
0.0726 0.0185 -0.0268
0.0488 0.0097 -0.0353
0.0156 0.0080 -0.0212
-0.0323 -0.0113 -0.0031
-0.0467 -0.0314 -0.0030
-0.0318 -0.0334 0.0005
0.0041 -0.0010 -0.0074
0.0183 0.0095 -0.0126
0.0409 0.0133 -0.0131
0.0326 0.0213 -0.0114
0.0086 0.0154 -0.0058
-0.0139 -0.0018 0.0146
-0.0029 -0.0104 0.0018
0.0100 0.0054 0.0030
0.0426 0.0235 -0.0132
0.0454 0.0308 -0.0181
0.0395 0.0309 -0.0129
-0.0009 -0.0035 -0.0156
-0.0353 -0.0131 -0.0031
-0.0384 -0.0064 -0.0039
0.0014 0.0354 -0.0142
0.0379 0.0433 -0.0218
0.0458 0.0292 -0.0154
0.0421 -0.0103 -0.0053
0.0206 -0.0036 -0.0099
0.0190 0.0143 0.0009
0.0102 0.0317 0.0023
-0.0004 0.0224 0.0070
-0.0101 0.0198 0.0122
0.0394 0.1328 0.0109
0.0996 -0.0321 -0.0723
0.0568 -0.0634 -0.0012
-0.0779 -0.0691 0.0916
-0.0858 0.0245 0.0531
0.0204 0.1056 0.0045

