0.0000 0.0000 0.0000
0.0000 0.0000 0.0000
0.0000 0.0000 0.0000
0.0000 0.0000 0.0000
0.0000 0.0000 0.0000
0.0000 0.0000 0.0000
0.0000 0.0000 0.0000
0.0000 0.0000 0.0000
0.0000 0.0000 0.0000
0.0000 0.0000 0.0000
0.1451 -0.1926 -1.0362
0.1475 -0.2065 -1.0375
0.1257 -0.1872 -1.0282
0.1430 -0.2027 -0.9865
0.1526 -0.2249 -0.9198
0.1773 -0.2683 -0.8349
0.1897 -0.3480 -0.7917
0.1897 -0.3480 -0.7917
0.1971 -0.4192 -0.8021
0.1753 -0.4936 -0.8700
0.0935 -0.5785 -0.9781
-0.0413 -0.6349 -1.1561
-0.0413 -0.6349 -1.1561
-0.1520 -0.6491 -1.2930
-0.2757 -0.5466 -1.2203
-0.3560 -0.4627 -1.1404
-0.3523 -0.4160 -1.0313
-0.2957 -0.3768 -0.9313
-0.2957 -0.3768 -0.9313
-0.2261 -0.3576 -0.8774
-0.1697 -0.3536 -0.8728
-0.1318 -0.3413 -0.8684
-0.0961 -0.3298 -0.8562
-0.0607 -0.3264 -0.8255
-0.0607 -0.3264 -0.8255
-0.0399 -0.3168 -0.8134
-0.0271 -0.3199 -0.8161
-0.0255 -0.3289 -0.8114
-0.0286 -0.3482 -0.8009
-0.0347 -0.3754 -0.8216
-0.0347 -0.3754 -0.8216
-0.0524 -0.3866 -0.8657
-0.0856 -0.3810 -0.9053
-0.1189 -0.3730 -0.9449
-0.1545 -0.3553 -0.9153
-0.1882 -0.3599 -0.8728
-0.1882 -0.3599 -0.8728
-0.2093 -0.3934 -0.8054
-0.1981 -0.4651 -0.8039
-0.1495 -0.5242 -0.8696
-0.0730 -0.5158 -1.0188
-0.0730 -0.5158 -1.0188
-0.0280 -0.4736 -1.2228
0.0433 -0.4355 -1.3081
0.1155 -0.3799 -1.0956
0.1730 -0.3397 -0.8352
0.1979 -0.3402 -0.6741
0.1979 -0.3402 -0.6741
0.2303 -0.3562 -0.6728
0.2709 -0.3344 -0.7926
0.3223 -0.3158 -0.9423
0.3522 -0.2893 -1.0633
0.3494 -0.2726 -1.1160
0.3494 -0.2726 -1.1160
0.3136 -0.2745 -0.9917
0.2641 -0.2964 -0.8000
0.2304 -0.3300 -0.6560
0.1992 -0.3652 -0.6016
0.1779 -0.3922 -0.6228
0.1779 -0.3922 -0.6228
0.1679 -0.4125 -0.7027
0.1655 -0.4257 -0.7963
0.1640 -0.4401 -0.8734
0.1682 -0.4623 -0.9337
0.1682 -0.4623 -0.9337
0.1588 -0.4789 -0.9827
0.1511 -0.4888 -1.0053
0.1475 -0.4846 -0.9989
0.1321 -0.4836 -0.9494
0.1115 -0.4837 -0.8998
0.1115 -0.4837 -0.8998
0.0940 -0.4908 -0.8683
0.0808 -0.4926 -0.8495
0.0756 -0.4921 -0.8445
0.0788 -0.4988 -0.8436
0.0897 -0.5096 -0.8600
0.0897 -0.5096 -0.8600
0.0993 -0.5097 -0.8722
0.1069 -0.5099 -0.8967
0.1042 -0.5052 -0.9279
0.1023 -0.4888 -0.9430
0.0992 -0.4781 -0.9752
0.0992 -0.4781 -0.9752
0.0914 -0.4876 -0.9859
0.0696 -0.4883 -0.9822
0.0376 -0.4735 -1.0046
0.0071 -0.4902 -1.0177
-0.0191 -0.4903 -1.0054
-0.0191 -0.4903 -1.0054
-0.0423 -0.4526 -1.0287
-0.0677 -0.3660 -1.1254
-0.0824 -0.2859 -1.1372
-0.1044 -0.2317 -0.9305
-0.1044 -0.2317 -0.9305
-0.1519 -0.2237 -0.6805
-0.2045 -0.2588 -0.5093
-0.2424 -0.2993 -0.4629
-0.2373 -0.3355 -0.5806
-0.1568 -0.3348 -0.7961
-0.1568 -0.3348 -0.7961
-0.0133 -0.3184 -0.9476
0.1342 -0.3232 -0.9367
0.1998 -0.3317 -0.8480
0.2435 -0.3366 -0.7739
0.2579 -0.3514 -0.7385
0.2579 -0.3514 -0.7385
0.2501 -0.3729 -0.8007
0.2042 -0.3927 -0.7646
0.1471 -0.4151 -0.8084
0.1215 -0.4735 -0.8595
0.0963 -0.4949 -0.9122
0.0963 -0.4949 -0.9122
0.0806 -0.5113 -0.9637
0.0746 -0.5117 -0.9903
0.0769 -0.4926 -0.9926
0.0885 -0.4701 -0.9828
0.0921 -0.4541 -0.9519
0.0921 -0.4541 -0.9519
0.0975 -0.4427 -0.9131
0.0955 -0.4344 -0.8768
0.0870 -0.4359 -0.8615
0.0751 -0.4247 -0.8822
0.0751 -0.4247 -0.8822
0.0802 -0.3990 -0.9187
0.0981 -0.3680 -0.9588
0.1059 -0.3525 -0.9944
0.0958 -0.3707 -0.9708
0.1127 -0.4055 -0.9487
0.1127 -0.4055 -0.9487
0.1716 -0.3558 -1.0648
0.2143 -0.2259 -1.2760
0.1920 -0.1465 -1.3389
0.1376 -0.1377 -1.1807
0.1152 -0.1545 -0.9472
0.1152 -0.1545 -0.9472
0.1170 -0.1449 -0.7769
0.1310 -0.1317 -0.6977
0.1396 -0.1480 -0.6313
0.1592 -0.2232 -0.6112
0.1748 -0.2793 -0.6196
0.1748 -0.2793 -0.6196
0.2483 -0.2829 -0.6664
0.3186 -0.3040 -0.8964
0.4306 -0.3804 -1.1915
0.4544 -0.3089 -1.2486
0.3958 -0.2832 -1.1328
0.3958 -0.2832 -1.1328
0.3599 -0.3241 -0.9840
0.2947 -0.3314 -0.8825
0.2548 -0.3770 -0.8120
0.2257 -0.4202 -0.7688
0.2257 -0.4202 -0.7688
0.1936 -0.4167 -0.7599
0.1798 -0.3984 -0.7838
0.1978 -0.3936 -0.8129
0.2294 -0.3802 -0.8451
0.2506 -0.3570 -0.8939
0.2506 -0.3570 -0.8939
0.2383 -0.3036 -0.9190
0.2184 -0.2565 -0.9484
0.2146 -0.2438 -1.0192
0.1919 -0.2261 -1.0571
0.1576 -0.2158 -1.1027
0.1576 -0.2158 -1.1027
0.0841 -0.2613 -1.0874
0.0179 -0.2994 -1.0999
-0.0070 -0.3032 -1.1308
-0.0161 -0.2689 -1.1595
0.0434 -0.2333 -1.1420
0.0434 -0.2333 -1.1420
0.0609 -0.1295 -1.1531
0.1153 -0.1167 -1.0587
0.1663 -0.1264 -0.8992
0.1993 -0.1816 -0.7844
0.1993 -0.1816 -0.7844
0.2393 -0.2375 -0.6889
0.2700 -0.2602 -0.6397
0.3041 -0.2594 -0.6669
0.3292 -0.2570 -0.7585
0.3663 -0.2513 -0.8537
0.3663 -0.2513 -0.8537
0.3503 -0.2177 -0.9681
0.3318 -0.2653 -1.0073
0.2918 -0.3405 -0.9377
0.2677 -0.3951 -0.8402
0.2473 -0.3549 -0.8111
0.2473 -0.3549 -0.8111
0.2414 -0.3690 -0.7612
0.2214 -0.3690 -0.8011
0.1997 -0.3578 -0.8380
0.1883 -0.3388 -0.8675
0.2155 -0.3358 -0.8954
0.2155 -0.3358 -0.8954
0.2462 -0.3226 -0.9155
0.2434 -0.2744 -0.9530
0.1937 -0.2410 -0.9980
0.1309 -0.2189 -1.0014
0.0860 -0.2099 -1.0148
0.0860 -0.2099 -1.0148
0.0471 -0.2169 -0.9899
0.0161 -0.2227 -0.9297
0.0248 -0.2263 -0.9202
0.0083 -0.2353 -0.9442
0.0083 -0.2353 -0.9442
-0.0417 -0.2445 -0.9226
-0.0695 -0.2443 -0.9001
-0.0694 -0.2594 -0.8965
-0.0551 -0.2691 -0.9192
-0.0565 -0.2668 -0.9347
-0.0565 -0.2668 -0.9347
-0.0664 -0.2701 -0.9680
-0.0648 -0.2794 -0.9888
-0.0364 -0.2542 -1.0559
0.0429 -0.1813 -1.2198
0.0987 -0.1434 -1.3086
0.0987 -0.1434 -1.3086
0.0950 -0.1003 -1.1873
0.0518 -0.0364 -0.9080
0.0299 -0.0476 -0.7031
0.0439 -0.1051 -0.6142
0.0999 -0.1354 -0.6376
0.0999 -0.1354 -0.6376
0.1817 -0.1303 -0.7818
0.2520 -0.1055 -0.9857
0.2802 -0.1032 -1.1677
0.2338 -0.1243 -1.2130
0.1352 -0.1508 -1.0877
0.1352 -0.1508 -1.0877
0.0533 -0.1975 -0.9675
0.0179 -0.2760 -0.9187
0.0082 -0.3095 -0.9168
0.0263 -0.2976 -0.9323
0.0263 -0.2976 -0.9323
0.0677 -0.2646 -0.9786
0.0863 -0.2301 -0.9944
0.1048 -0.1910 -0.9980
0.1021 -0.1760 -1.0062
0.0787 -0.1671 -0.9944
0.0787 -0.1671 -0.9944
0.0518 -0.1337 -0.9915
0.0304 -0.1109 -0.9895
0.0152 -0.1104 -0.9826
0.0161 -0.1039 -1.0085
0.0339 -0.0966 -1.0576
0.0339 -0.0966 -1.0576
0.0480 -0.1041 -1.0951
0.0391 -0.1202 -1.0663
0.0148 -0.1400 -1.0024
0.0103 -0.1825 -0.9651
0.0485 -0.2110 -0.9705
0.0485 -0.2110 -0.9705
0.0685 -0.2097 -1.0065
0.0902 -0.2110 -1.0383
0.0832 -0.1967 -1.0401
0.0498 -0.1603 -1.0372
0.0434 -0.1596 -1.0047
0.0434 -0.1596 -1.0047
0.0326 -0.1674 -0.9591
0.0287 -0.2117 -1.0426
0.0238 -0.2263 -1.1360
-0.0158 -0.2225 -1.1834
-0.0158 -0.2225 -1.1834
-0.0532 -0.2274 -1.2233
-0.0365 -0.2209 -1.2401
0.0042 -0.2358 -1.1756
0.0172 -0.2844 -1.1262
-0.0179 -0.2926 -1.0564
-0.0179 -0.2926 -1.0564
-0.0476 -0.3634 -1.0615
-0.0279 -0.3163 -1.0871
-0.0288 -0.2893 -1.0602
-0.0161 -0.2490 -0.9622
-0.0708 -0.3524 -0.8558
-0.0708 -0.3524 -0.8558
-0.0439 -0.3757 -0.8907
-0.0665 -0.3702 -0.8502
-0.0410 -0.3554 -0.8187
-0.0081 -0.3596 -0.7771
-0.0171 -0.3320 -0.6833
-0.0171 -0.3320 -0.6833
-0.0040 -0.3504 -0.6797
0.0227 -0.4201 -0.6675
0.0285 -0.4299 -0.7101
0.0135 -0.4541 -0.7896
0.0135 -0.4541 -0.7896
0.0321 -0.4784 -0.7124
0.0326 -0.4790 -0.6984
0.0410 -0.5263 -0.6542
0.0523 -0.5297 -0.6552
0.0367 -0.5385 -0.6968
0.0367 -0.5385 -0.6968
0.0373 -0.5564 -0.7223
0.0325 -0.5416 -0.7653
0.0242 -0.5597 -0.7834
0.0067 -0.5804 -0.7529
-0.0230 -0.5877 -0.6975
-0.0230 -0.5877 -0.6975
-0.0274 -0.6097 -0.7073
0.0019 -0.6160 -0.7380
0.0291 -0.6258 -0.7672
0.0380 -0.6368 -0.7640
0.0441 -0.6465 -0.7545
0.0441 -0.6465 -0.7545
0.0493 -0.6466 -0.7605
0.0511 -0.6305 -0.7743
0.0411 -0.6284 -0.7647
0.0241 -0.6283 -0.7448
0.0072 -0.6208 -0.7239
0.0072 -0.6208 -0.7239
0.0084 -0.6117 -0.7220
0.0146 -0.6040 -0.7327
0.0138 -0.5972 -0.7368
0.0133 -0.6009 -0.7215
0.0133 -0.6009 -0.7215
0.0043 -0.6105 -0.7130
0.0097 -0.6299 -0.7274
0.0087 -0.6274 -0.7079
0.0427 -0.6499 -0.7289
0.0059 -0.6683 -0.7332
0.0059 -0.6683 -0.7332
-0.0214 -0.6684 -0.7768
0.0289 -0.6623 -0.7448
0.0854 -0.5902 -0.7309
0.1070 -0.5309 -0.7819
0.0895 -0.6141 -0.8039
0.0895 -0.6141 -0.8039
0.0161 -0.6229 -0.7752
-0.0204 -0.6474 -0.7558
-0.0050 -0.6712 -0.7634
-0.0279 -0.6465 -0.7217
-0.0320 -0.6664 -0.7636
-0.0320 -0.6664 -0.7636
-0.0350 -0.6341 -0.7513
-0.0279 -0.6681 -0.7836
-0.0294 -0.6266 -0.7894
0.0039 -0.6321 -0.8024
-0.0037 -0.6380 -0.7464
-0.0037 -0.6380 -0.7464
-0.0072 -0.6527 -0.7266
-0.0068 -0.6588 -0.6970
-0.0307 -0.6788 -0.7083
-0.0309 -0.6666 -0.7405
-0.0309 -0.6666 -0.7405
-0.0161 -0.6656 -0.7457
-0.0130 -0.6616 -0.7319
-0.0255 -0.6812 -0.7124
-0.0416 -0.6845 -0.7136
-0.0607 -0.6998 -0.7159
-0.0607 -0.6998 -0.7159
-0.0719 -0.6974 -0.6777
-0.1099 -0.7492 -0.5546
-0.1107 -0.7087 -0.6365
-0.0771 -0.7199 -0.6554
-0.0854 -0.7137 -0.6724
-0.0854 -0.7137 -0.6724
-0.0741 -0.7291 -0.6768
-0.0673 -0.7147 -0.6454
-0.0494 -0.7210 -0.6641
-0.0410 -0.7195 -0.6678
-0.0458 -0.7134 -0.6584
-0.0458 -0.7134 -0.6584
-0.0436 -0.7163 -0.6608
-0.0786 -0.7308 -0.6278
-0.1204 -0.7440 -0.6185
-0.0952 -0.7101 -0.7345
-0.0857 -0.7214 -0.7279
-0.0857 -0.7214 -0.7279
-0.1082 -0.7390 -0.7009
-0.1163 -0.7574 -0.6394
-0.0916 -0.7290 -0.6482
-0.0731 -0.7040 -0.6814
-0.0731 -0.7040 -0.6814
-0.0582 -0.7201 -0.6884
-0.0627 -0.7285 -0.6938
-0.0966 -0.7474 -0.7060
-0.1033 -0.7436 -0.7259
0.0299 -0.6580 -0.6815
0.0299 -0.6580 -0.6815
0.0454 -0.6803 -0.7270
0.0007 -0.6656 -0.7545
-0.0130 -0.6720 -0.7876
0.0467 -0.6981 -0.7576
0.0834 -0.6453 -0.7755
0.0834 -0.6453 -0.7755
0.0862 -0.6336 -0.7527
0.0690 -0.6378 -0.7435
0.0641 -0.6377 -0.7310
0.1198 -0.6386 -0.7316
0.1187 -0.6026 -0.7240
0.1187 -0.6026 -0.7240
0.1386 -0.6146 -0.7283
0.0309 -0.6155 -0.6829
0.0827 -0.6299 -0.6726
0.1013 -0.6009 -0.7673
0.1013 -0.6009 -0.7673
0.0642 -0.6343 -0.7547
0.0812 -0.6161 -0.7832
0.0878 -0.6266 -0.7664
0.0814 -0.6298 -0.7431
0.0690 -0.6361 -0.7370
0.0690 -0.6361 -0.7370
0.0640 -0.6400 -0.7586
0.0666 -0.6337 -0.7453
0.0752 -0.6379 -0.7199
0.0736 -0.6425 -0.7140
0.0635 -0.6551 -0.7291
0.0635 -0.6551 -0.7291
0.0672 -0.6548 -0.7538
0.0803 -0.6541 -0.7389
0.0788 -0.6460 -0.7305
0.0680 -0.6467 -0.7215
0.0583 -0.6539 -0.7209
0.0583 -0.6539 -0.7209
0.0595 -0.6535 -0.7292
0.0639 -0.6498 -0.7308
0.0640 -0.6535 -0.7457
0.0657 -0.6471 -0.7534
0.0672 -0.6380 -0.7508
0.0672 -0.6380 -0.7508
0.0704 -0.6442 -0.7407
0.0643 -0.6455 -0.7349
0.0630 -0.6508 -0.7405
0.0632 -0.6436 -0.7443
0.0648 -0.6502 -0.7378
0.0648 -0.6502 -0.7378
0.0709 -0.6566 -0.7331
0.0706 -0.6584 -0.7337
0.0634 -0.6510 -0.7363
0.0588 -0.6483 -0.7372
0.0588 -0.6483 -0.7372
0.0574 -0.6503 -0.7420
0.0542 -0.6560 -0.7414
0.0554 -0.6512 -0.7362
0.0614 -0.6535 -0.7316
0.0568 -0.6510 -0.7250
0.0568 -0.6510 -0.7250
0.0569 -0.6484 -0.7399
0.0583 -0.6459 -0.7399
0.0558 -0.6453 -0.7433
0.0514 -0.6488 -0.7448
0.0514 -0.6530 -0.7421
0.0514 -0.6530 -0.7421
0.0532 -0.6513 -0.7357
0.0551 -0.6503 -0.7411
0.0535 -0.6486 -0.7426
0.0530 -0.6515 -0.7446
0.0483 -0.6545 -0.7466
0.0483 -0.6545 -0.7466
0.0440 -0.6527 -0.7394
0.0420 -0.6522 -0.7367
0.0480 -0.6497 -0.7333
0.0473 -0.6482 -0.7260
0.0473 -0.6482 -0.7260
0.0444 -0.6504 -0.7309
0.0432 -0.6490 -0.7367
0.0461 -0.6500 -0.7401
0.0473 -0.6463 -0.7440
0.0454 -0.6472 -0.7397
0.0454 -0.6472 -0.7397
0.0467 -0.6465 -0.7322
0.0496 -0.6497 -0.7336
0.0444 -0.6434 -0.7387
0.0493 -0.6503 -0.7327
0.0538 -0.6505 -0.7245
0.0538 -0.6505 -0.7245
0.0529 -0.6526 -0.7272
0.0467 -0.6410 -0.7389
0.0412 -0.6423 -0.7512
0.0367 -0.6414 -0.7567
0.0397 -0.6469 -0.7432
0.0397 -0.6469 -0.7432
0.0444 -0.6541 -0.7369
0.0441 -0.6488 -0.7456
0.0433 -0.6449 -0.7510
0.0399 -0.6467 -0.7493
0.0373 -0.6446 -0.7523
0.0373 -0.6446 -0.7523
0.0420 -0.6465 -0.7408
0.0375 -0.6428 -0.7300
0.0343 -0.6477 -0.7318
0.0356 -0.6476 -0.7246
0.0356 -0.6476 -0.7246
0.0389 -0.6468 -0.7394
0.0418 -0.6451 -0.7460
0.0373 -0.6412 -0.7470
0.0326 -0.6404 -0.7414
0.0349 -0.6462 -0.7340
0.0349 -0.6462 -0.7340
0.0319 -0.6460 -0.7348
0.0344 -0.6485 -0.7395
0.0326 -0.6414 -0.7320
0.0353 -0.6410 -0.7107
0.0388 -0.6549 -0.7075
0.0388 -0.6549 -0.7075
0.0319 -0.6502 -0.6834
0.0297 -0.6601 -0.6583
0.0225 -0.6701 -0.6266
0.0213 -0.6771 -0.5967
0.0278 -0.6740 -0.5813
0.0278 -0.6740 -0.5813
0.0265 -0.6642 -0.6048
0.0354 -0.6544 -0.6469
0.0400 -0.6457 -0.6305
0.0454 -0.6555 -0.6071
0.0370 -0.6413 -0.5934
0.0370 -0.6413 -0.5934
0.0312 -0.6277 -0.6330
0.0193 -0.6032 -0.7299
0.0232 -0.5842 -0.7880
0.0065 -0.5592 -0.9133
0.0065 -0.5592 -0.9133
0.0070 -0.5908 -0.9778
-0.0062 -0.6027 -0.9626
-0.0162 -0.5934 -0.9363
-0.0207 -0.5953 -0.8994
-0.0181 -0.6103 -0.8727
-0.0181 -0.6103 -0.8727
-0.0105 -0.6227 -0.8458
-0.0052 -0.6421 -0.8242
-0.0070 -0.6412 -0.7976
0.0033 -0.6528 -0.7974
0.0137 -0.6553 -0.7965
0.0137 -0.6553 -0.7965
0.0216 -0.6496 -0.8042
0.0204 -0.6445 -0.8039
0.0269 -0.6402 -0.7988
0.0327 -0.6412 -0.7963
0.0318 -0.6400 -0.7992
0.0318 -0.6400 -0.7992
0.0295 -0.6359 -0.7840
0.0291 -0.6320 -0.7623
0.0316 -0.6295 -0.7581
0.0300 -0.6243 -0.7523
0.0245 -0.6298 -0.7541
0.0245 -0.6298 -0.7541
0.0241 -0.6235 -0.7564
0.0263 -0.6200 -0.7491
0.0287 -0.6186 -0.7493
0.0303 -0.6123 -0.7555
0.0303 -0.6123 -0.7555
0.0294 -0.6185 -0.7652
0.0284 -0.6145 -0.7703
0.0255 -0.6201 -0.7722
0.0258 -0.6218 -0.7654
0.0294 -0.6241 -0.7543
0.0294 -0.6241 -0.7543
0.0317 -0.6249 -0.7499
0.0338 -0.6243 -0.7535
0.0346 -0.6231 -0.7516
0.0339 -0.6263 -0.7611
0.0348 -0.6260 -0.7656
0.0348 -0.6260 -0.7656
0.0327 -0.6263 -0.7675
0.0317 -0.6280 -0.7641
0.0294 -0.6285 -0.7670
0.0359 -0.6304 -0.7702
0.0371 -0.6267 -0.7701
0.0371 -0.6267 -0.7701
0.0374 -0.6271 -0.7755
0.0339 -0.6253 -0.7756
0.0403 -0.6249 -0.7722
0.0336 -0.6264 -0.7599
0.0336 -0.6264 -0.7599
0.0296 -0.6255 -0.7560
0.0300 -0.6229 -0.7604
0.0308 -0.6242 -0.7614
0.0289 -0.6226 -0.7555
0.0311 -0.6227 -0.7559
0.0311 -0.6227 -0.7559
0.0279 -0.6221 -0.7526
0.0268 -0.6225 -0.7482
0.0267 -0.6200 -0.7620
0.0259 -0.6154 -0.7678
0.0329 -0.6227 -0.7677
0.0329 -0.6227 -0.7677
0.0394 -0.6194 -0.7712
0.0357 -0.6184 -0.7716
0.0347 -0.6181 -0.7646
0.0301 -0.6176 -0.7558
0.0281 -0.6234 -0.7561
0.0281 -0.6234 -0.7561
0.0320 -0.6229 -0.7598
0.0386 -0.6262 -0.7661
0.0369 -0.6243 -0.7680
0.0368 -0.6195 -0.7590
0.0346 -0.6219 -0.7568
0.0346 -0.6219 -0.7568
0.0334 -0.6237 -0.7531
0.0356 -0.6249 -0.7686
0.0386 -0.6247 -0.7711
0.0371 -0.6246 -0.7610
0.0371 -0.6246 -0.7610
0.0437 -0.6261 -0.7645
0.0493 -0.6298 -0.7730
0.0453 -0.6283 -0.7676
0.0408 -0.6257 -0.7654
0.0413 -0.6248 -0.7599
0.0413 -0.6248 -0.7599
0.0386 -0.6271 -0.7586
0.0380 -0.6280 -0.7546
0.0365 -0.6283 -0.7488
0.0340 -0.6282 -0.7516
0.0368 -0.6266 -0.7535
0.0368 -0.6266 -0.7535
0.0366 -0.6204 -0.7589
0.0359 -0.6252 -0.7645
0.0321 -0.6251 -0.7562
0.0311 -0.6250 -0.7515
0.0270 -0.6292 -0.7549
0.0270 -0.6292 -0.7549
0.0276 -0.6309 -0.7527
0.0308 -0.6328 -0.7471
0.0306 -0.6348 -0.7571
0.0339 -0.6376 -0.7677
0.0347 -0.6368 -0.7615
0.0347 -0.6368 -0.7615
0.0325 -0.6390 -0.7599
0.0385 -0.6378 -0.7580
0.0384 -0.6353 -0.7614
0.0388 -0.6347 -0.7638
0.0388 -0.6347 -0.7638
0.0412 -0.6332 -0.7604
0.0464 -0.6331 -0.7585
0.0441 -0.6294 -0.7494
0.0459 -0.6328 -0.7482
0.0437 -0.6285 -0.7482
0.0437 -0.6285 -0.7482
0.0470 -0.6319 -0.7512
0.0495 -0.6259 -0.7627
0.0486 -0.6288 -0.7564
0.0517 -0.6309 -0.7439
0.0500 -0.6322 -0.7406
0.0500 -0.6322 -0.7406
0.0479 -0.6336 -0.7503
0.0471 -0.6293 -0.7570
0.0429 -0.6318 -0.7459
0.0397 -0.6337 -0.7390
0.0399 -0.6365 -0.7408
0.0399 -0.6365 -0.7408
0.0456 -0.6360 -0.7548
0.0471 -0.6347 -0.7627
0.0508 -0.6332 -0.7667
0.0446 -0.6321 -0.7532
0.0446 -0.6321 -0.7532
0.0390 -0.6347 -0.7381
0.0376 -0.6343 -0.7318
0.0357 -0.6393 -0.7246
0.0415 -0.6415 -0.7231
0.0402 -0.6482 -0.7061
0.0402 -0.6482 -0.7061
0.0313 -0.6565 -0.7035
0.0130 -0.6806 -0.6909
-0.0056 -0.7204 -0.6719
-0.0081 -0.7703 -0.6343
0.0131 -0.7852 -0.5475
0.0131 -0.7852 -0.5475
0.0510 -0.7647 -0.4482
0.0682 -0.7167 -0.3860
0.0832 -0.6683 -0.4647
0.0787 -0.6184 -0.6218
0.0751 -0.5853 -0.7521
0.0751 -0.5853 -0.7521
0.0396 -0.5510 -0.7783
0.0416 -0.5173 -0.7946
0.0618 -0.4960 -0.9280
0.0509 -0.4856 -0.9941
0.0723 -0.5007 -0.9733
0.0723 -0.5007 -0.9733
0.0626 -0.5179 -0.9102
0.0627 -0.5208 -0.8790
0.0703 -0.5159 -0.9375
0.0675 -0.5233 -0.9779
0.0675 -0.5233 -0.9779
0.0811 -0.5375 -0.9786
0.0659 -0.5393 -0.9761
0.0643 -0.5472 -0.9492
0.0581 -0.5478 -0.9046
0.0550 -0.5546 -0.8659
0.0550 -0.5546 -0.8659
0.0495 -0.5598 -0.8483
0.0409 -0.5599 -0.8293
0.0332 -0.5610 -0.8176
0.0327 -0.5589 -0.7990
0.0331 -0.5558 -0.7865
0.0331 -0.5558 -0.7865
0.0340 -0.5587 -0.8015
0.0329 -0.5541 -0.8178
0.0430 -0.5519 -0.8194
0.0438 -0.5467 -0.8118
0.0415 -0.5508 -0.7980
0.0415 -0.5508 -0.7980
0.0468 -0.5523 -0.7897
0.0406 -0.5534 -0.7853
0.0414 -0.5597 -0.7985
0.0389 -0.5581 -0.7946
0.0460 -0.5571 -0.7944
0.0460 -0.5571 -0.7944
0.0486 -0.5590 -0.7990
0.0452 -0.5598 -0.7996
0.0452 -0.5625 -0.7998
0.0451 -0.5601 -0.8192
0.0451 -0.5601 -0.8192
0.0520 -0.5618 -0.8353
0.0490 -0.5565 -0.8181
0.0448 -0.5607 -0.8094
0.0488 -0.5652 -0.8103
0.0527 -0.5675 -0.8089
0.0527 -0.5675 -0.8089
0.0538 -0.5626 -0.8068
0.0519 -0.5670 -0.8016
0.0562 -0.5707 -0.8007
0.0544 -0.5661 -0.8156
0.0589 -0.5677 -0.8214
0.0589 -0.5677 -0.8214
0.0573 -0.5641 -0.8214
0.0549 -0.5691 -0.8151
0.0544 -0.5622 -0.8153
0.0564 -0.5613 -0.8157
0.0557 -0.5555 -0.8225
0.0557 -0.5555 -0.8225
0.0507 -0.5549 -0.8435
0.0528 -0.5581 -0.8601
0.0473 -0.5645 -0.8695
0.0469 -0.5570 -0.8809
0.0508 -0.5533 -0.9020
0.0508 -0.5533 -0.9020
0.0558 -0.5459 -0.9174
0.0505 -0.5521 -0.9172
0.0468 -0.5569 -0.8839
0.0391 -0.5544 -0.8112
0.0391 -0.5544 -0.8112
0.0416 -0.5621 -0.7935
0.0471 -0.5646 -0.7850
0.0406 -0.5657 -0.7656
0.0328 -0.5747 -0.7526
0.0325 -0.5738 -0.7450
0.0325 -0.5738 -0.7450
0.0310 -0.5824 -0.7422
0.0362 -0.5780 -0.7433
0.0543 -0.5733 -0.7651
0.0647 -0.5775 -0.7836
0.0597 -0.5833 -0.7992
0.0597 -0.5833 -0.7992
0.0503 -0.5863 -0.7897
0.0444 -0.6031 -0.7716
0.0506 -0.6116 -0.7791
0.0602 -0.6107 -0.7935
0.0478 -0.6228 -0.7730
0.0478 -0.6228 -0.7730
0.0391 -0.6294 -0.7478
0.0444 -0.6327 -0.7409
0.0499 -0.6399 -0.7265
0.0583 -0.6399 -0.7248
0.0583 -0.6399 -0.7248
0.0531 -0.6440 -0.7276
0.0422 -0.6384 -0.7224
0.0453 -0.6431 -0.7118
0.0430 -0.6354 -0.7079
0.0413 -0.6489 -0.7021
0.0413 -0.6489 -0.7021
0.0395 -0.6590 -0.7325
0.0443 -0.6530 -0.7369
0.0451 -0.6680 -0.7350
0.0422 -0.6689 -0.7494
0.0506 -0.6790 -0.7738
0.0506 -0.6790 -0.7738
0.0505 -0.6786 -0.7825
0.0536 -0.6891 -0.7707
0.0552 -0.6914 -0.7826
0.0558 -0.6953 -0.7973
0.0524 -0.6981 -0.8222
0.0524 -0.6981 -0.8222
0.0510 -0.6992 -0.7900
0.0490 -0.7099 -0.7655
0.0456 -0.7171 -0.7753
0.0317 -0.7052 -0.7498
0.0357 -0.7031 -0.7177
0.0357 -0.7031 -0.7177
0.0399 -0.6988 -0.7006
0.0424 -0.6991 -0.7034
0.0500 -0.6912 -0.7243
0.0480 -0.6703 -0.6941
0.0480 -0.6703 -0.6941
0.0503 -0.6731 -0.6998
0.0458 -0.6598 -0.7092
0.0482 -0.6806 -0.7558
0.0305 -0.6591 -0.7296
0.0278 -0.6630 -0.6736
0.0278 -0.6630 -0.6736
0.0240 -0.6848 -0.6653
0.0322 -0.6946 -0.6850
0.0322 -0.6910 -0.6959
0.0377 -0.6742 -0.6676
0.0341 -0.6935 -0.6489
0.0341 -0.6935 -0.6489
0.0327 -0.6904 -0.6502
0.0235 -0.6896 -0.6623
0.0329 -0.6805 -0.6751
0.0446 -0.6759 -0.6483
0.0381 -0.6752 -0.6395
0.0381 -0.6752 -0.6395
0.0360 -0.6824 -0.6372
0.0273 -0.6823 -0.6601
0.0475 -0.6821 -0.6797
0.0512 -0.6874 -0.6779
0.0393 -0.6752 -0.6632
0.0393 -0.6752 -0.6632
0.0236 -0.6810 -0.6666
0.0358 -0.6820 -0.6755
0.0390 -0.6870 -0.6819
0.0419 -0.6943 -0.6790
0.0419 -0.6943 -0.6790
0.0442 -0.6877 -0.6818
0.0408 -0.6915 -0.6861
0.0409 -0.6911 -0.6979
0.0459 -0.6930 -0.7122
0.0376 -0.6913 -0.7152
0.0376 -0.6913 -0.7152
0.0396 -0.6944 -0.7166
0.0375 -0.7018 -0.7062
0.0376 -0.6941 -0.6933
0.0397 -0.6986 -0.6960
0.0439 -0.6993 -0.7060
0.0439 -0.6993 -0.7060
0.0434 -0.6978 -0.6987
0.0405 -0.6909 -0.6906
0.0375 -0.6976 -0.6937
0.0418 -0.6953 -0.6971
0.0449 -0.6912 -0.6982
0.0449 -0.6912 -0.6982
0.0470 -0.6926 -0.6925
0.0446 -0.6918 -0.6934
0.0459 -0.6918 -0.7089
0.0500 -0.6940 -0.7126
0.0474 -0.6964 -0.6981
0.0474 -0.6964 -0.6981
0.0502 -0.6967 -0.6846
0.0435 -0.6937 -0.6718
0.0444 -0.6978 -0.6727
0.0455 -0.6929 -0.6766
0.0455 -0.6929 -0.6766
0.0488 -0.6971 -0.6802
0.0458 -0.6951 -0.6731
0.0466 -0.6969 -0.6894
0.0482 -0.7065 -0.6974
0.0522 -0.7088 -0.7053
0.0522 -0.7088 -0.7053
0.0502 -0.7279 -0.7217
0.0621 -0.7343 -0.7375
0.0584 -0.7424 -0.7439
0.0521 -0.7362 -0.7370
0.0477 -0.7395 -0.7411
0.0477 -0.7395 -0.7411
0.0531 -0.7489 -0.7431
0.0464 -0.7327 -0.7247
0.0428 -0.7231 -0.7123
0.0426 -0.7272 -0.7021
0.0365 -0.7110 -0.6686
0.0365 -0.7110 -0.6686
0.0373 -0.7093 -0.6455
0.0407 -0.7231 -0.6276
0.0426 -0.7122 -0.6149
0.0470 -0.7132 -0.6361
0.0470 -0.7093 -0.6443
0.0470 -0.7093 -0.6443
0.0455 -0.7118 -0.6321
0.0437 -0.7220 -0.6143
0.0415 -0.7257 -0.6036
0.0388 -0.7219 -0.6115
0.0388 -0.7219 -0.6115
0.0505 -0.7304 -0.6231
0.0445 -0.7226 -0.6347
0.0502 -0.7260 -0.6385
0.0520 -0.7474 -0.6103
0.0335 -0.7394 -0.6218
0.0335 -0.7394 -0.6218
0.0358 -0.7229 -0.6260
0.0366 -0.7557 -0.6491
0.0206 -0.7402 -0.6694
0.0352 -0.7127 -0.6845
0.0422 -0.7055 -0.7384
0.0422 -0.7055 -0.7384
0.0531 -0.6536 -0.7825
0.0559 -0.6409 -0.7992
0.0399 -0.6096 -0.8040
0.0450 -0.5851 -0.7949
0.0389 -0.5655 -0.7937
0.0389 -0.5655 -0.7937
0.0306 -0.5734 -0.8244
0.0249 -0.5302 -0.8242
0.0442 -0.5378 -0.8209
0.0509 -0.5290 -0.8075
0.0431 -0.5341 -0.7918
0.0431 -0.5341 -0.7918
0.0314 -0.5568 -0.7781
0.0295 -0.5578 -0.7871
0.0387 -0.5566 -0.7828
0.0425 -0.5517 -0.7593
0.0425 -0.5517 -0.7593
0.0429 -0.5710 -0.7635
0.0440 -0.5695 -0.7343
0.0385 -0.5930 -0.7229
0.0249 -0.6040 -0.7172
0.0312 -0.6218 -0.7726
0.0312 -0.6218 -0.7726
0.0353 -0.6205 -0.7672
0.0218 -0.6281 -0.7303
0.0166 -0.6319 -0.6958
0.0361 -0.6540 -0.6938
0.0368 -0.6700 -0.6933
0.0368 -0.6700 -0.6933
0.0408 -0.6542 -0.6557
0.0453 -0.6862 -0.6566
0.0333 -0.6770 -0.6417
0.0244 -0.6588 -0.6333
0.0445 -0.6934 -0.6779
0.0445 -0.6934 -0.6779
0.0564 -0.6989 -0.7273
0.0788 -0.6779 -0.7202
0.0562 -0.6675 -0.6738
0.0341 -0.6942 -0.6712
0.0341 -0.6942 -0.6712
0.0740 -0.7205 -0.7222
0.0768 -0.7122 -0.7391
0.0591 -0.7173 -0.7214
0.0550 -0.7299 -0.6941
0.0580 -0.7388 -0.6967
0.0580 -0.7388 -0.6967
0.0516 -0.7391 -0.6931
0.0526 -0.7433 -0.7053
0.0475 -0.7359 -0.7007
0.0357 -0.7279 -0.6800
0.0437 -0.7311 -0.6928
0.0437 -0.7311 -0.6928
0.0393 -0.7221 -0.6856
0.0440 -0.7239 -0.6756
0.0482 -0.7227 -0.6720
0.0432 -0.7209 -0.6855
0.0430 -0.7114 -0.6803
0.0430 -0.7114 -0.6803
0.0375 -0.7176 -0.6683
0.0402 -0.7170 -0.6654
0.0377 -0.7101 -0.6601
0.0500 -0.7116 -0.6525
0.0412 -0.6944 -0.6313
0.0412 -0.6944 -0.6313
0.0361 -0.6841 -0.6269
0.0522 -0.6733 -0.6127
0.0500 -0.6664 -0.5918
0.0449 -0.6643 -0.5872
0.0449 -0.6643 -0.5872
0.0322 -0.6582 -0.5721
0.0422 -0.6464 -0.5464
0.0352 -0.6660 -0.5510
0.0280 -0.6710 -0.5860
0.0299 -0.6762 -0.6321
0.0299 -0.6762 -0.6321
0.0265 -0.6870 -0.6509
0.0178 -0.6916 -0.6213
0.0401 -0.7177 -0.6694
0.0467 -0.7294 -0.7281
0.0396 -0.7139 -0.7551
0.0396 -0.7139 -0.7551
0.0305 -0.7094 -0.7668
0.0482 -0.7172 -0.7848
0.0485 -0.7249 -0.8088
0.0365 -0.7182 -0.7870
0.0411 -0.7077 -0.7456
0.0411 -0.7077 -0.7456
0.0369 -0.7119 -0.7558
0.0482 -0.7254 -0.8015
0.0405 -0.7040 -0.7882
0.0502 -0.7056 -0.7770
0.0502 -0.7056 -0.7770
0.0627 -0.7079 -0.7680
0.0593 -0.7010 -0.7710
0.0384 -0.7012 -0.7420
0.0402 -0.6914 -0.7240
0.0510 -0.6901 -0.7118
0.0510 -0.6901 -0.7118
0.0503 -0.6870 -0.6963
0.0457 -0.6904 -0.7057
0.0540 -0.6876 -0.7082
0.0512 -0.6961 -0.6917
0.0561 -0.6983 -0.6894
0.0561 -0.6983 -0.6894
0.0538 -0.7035 -0.7085
0.0477 -0.7049 -0.7265
0.0364 -0.7044 -0.7263
0.0551 -0.7109 -0.7349
0.0481 -0.7144 -0.7319
0.0481 -0.7144 -0.7319
0.0345 -0.7105 -0.7163
0.0395 -0.7174 -0.7208
0.0449 -0.7080 -0.7206
0.0425 -0.7088 -0.7140
0.0507 -0.7106 -0.7192
0.0507 -0.7106 -0.7192
0.0383 -0.7000 -0.7188
0.0235 -0.7013 -0.7009
0.0293 -0.7018 -0.6839
0.0375 -0.7045 -0.6970
0.0375 -0.7045 -0.6970
0.0434 -0.6995 -0.7044
0.0365 -0.6966 -0.6958
0.0242 -0.6996 -0.6880
0.0294 -0.7015 -0.6939
0.0341 -0.6977 -0.6803
0.0341 -0.6977 -0.6803
0.0394 -0.6993 -0.6836
0.0427 -0.7041 -0.6894
0.0370 -0.6994 -0.6952
0.0441 -0.7000 -0.7018
0.0427 -0.7001 -0.6912
0.0427 -0.7001 -0.6912
0.0416 -0.7041 -0.7053
0.0363 -0.7003 -0.7018
0.0305 -0.7017 -0.6829
0.0341 -0.7072 -0.6753
0.0363 -0.7090 -0.6879
0.0363 -0.7090 -0.6879
0.0377 -0.7036 -0.6902
0.0336 -0.7054 -0.6869
0.0358 -0.7073 -0.6923
0.0379 -0.7058 -0.6845
0.0288 -0.7029 -0.6851
0.0288 -0.7029 -0.6851
0.0328 -0.7075 -0.6959
0.0343 -0.7021 -0.6844
0.0349 -0.7072 -0.6810
0.0297 -0.7052 -0.6850
0.0297 -0.7052 -0.6850
0.0302 -0.7045 -0.6841
0.0337 -0.7082 -0.6878
0.0343 -0.7117 -0.6958
0.0313 -0.7026 -0.6863
0.0323 -0.7060 -0.6796
0.0323 -0.7060 -0.6796
0.0341 -0.7074 -0.6777
0.0329 -0.7047 -0.6930
0.0307 -0.7000 -0.6937
0.0292 -0.7048 -0.6756
0.0359 -0.7068 -0.6691
0.0359 -0.7068 -0.6691
0.0362 -0.7032 -0.6810
0.0324 -0.6990 -0.6842
0.0237 -0.7008 -0.6732
0.0249 -0.7043 -0.6700
0.0303 -0.7086 -0.6705
0.0303 -0.7086 -0.6705
0.0364 -0.7101 -0.6742
0.0347 -0.7106 -0.6847
0.0343 -0.7133 -0.6825
0.0393 -0.7151 -0.6905
0.0378 -0.7164 -0.6980
0.0378 -0.7164 -0.6980
0.0329 -0.7123 -0.6924
0.0292 -0.7121 -0.6926
0.0309 -0.7192 -0.6921
0.0320 -0.7175 -0.6836
0.0320 -0.7175 -0.6836
0.0358 -0.7203 -0.6805
0.0357 -0.7153 -0.6790
0.0313 -0.7141 -0.6753
0.0327 -0.7156 -0.6838
0.0321 -0.7147 -0.6810
0.0321 -0.7147 -0.6810
0.0340 -0.7145 -0.6752
0.0379 -0.7146 -0.6718
0.0374 -0.7121 -0.6744
0.0350 -0.7105 -0.6715
0.0352 -0.7103 -0.6706
0.0352 -0.7103 -0.6706
0.0305 -0.7091 -0.6712
0.0317 -0.7112 -0.6736
0.0314 -0.7145 -0.6645
0.0326 -0.7129 -0.6655
0.0352 -0.7145 -0.6762
0.0352 -0.7145 -0.6762
0.0317 -0.7119 -0.6692
0.0293 -0.7155 -0.6666
0.0341 -0.7152 -0.6707
0.0328 -0.7182 -0.6703
0.0314 -0.7154 -0.6674
0.0314 -0.7154 -0.6674
0.0340 -0.7191 -0.6707
0.0393 -0.7214 -0.6765
0.0334 -0.7213 -0.6803
0.0281 -0.7224 -0.6726
0.0281 -0.7224 -0.6726
0.0336 -0.7255 -0.6755
0.0368 -0.7255 -0.6829
0.0339 -0.7195 -0.6836
0.0291 -0.7182 -0.6749
0.0301 -0.7238 -0.6696
0.0301 -0.7238 -0.6696
0.0352 -0.7198 -0.6683
0.0386 -0.7168 -0.6643
0.0356 -0.7146 -0.6592
0.0392 -0.7186 -0.6657
0.0455 -0.7240 -0.6660
0.0455 -0.7240 -0.6660
0.0410 -0.7223 -0.6690
0.0400 -0.7232 -0.6689
0.0334 -0.7174 -0.6727
0.0338 -0.7268 -0.6749
0.0271 -0.7285 -0.6669
0.0271 -0.7285 -0.6669
0.0301 -0.7287 -0.6659
0.0361 -0.7258 -0.6728
0.0395 -0.7262 -0.6733
0.0337 -0.7234 -0.6736
0.0317 -0.7231 -0.6699
0.0317 -0.7231 -0.6699
0.0323 -0.7224 -0.6719
0.0307 -0.7221 -0.6666
0.0312 -0.7234 -0.6550
0.0315 -0.7206 -0.6506
0.0315 -0.7206 -0.6506
0.0338 -0.7208 -0.6610
0.0338 -0.7249 -0.6670
0.0309 -0.7246 -0.6681
0.0291 -0.7256 -0.6705
0.0224 -0.7245 -0.6704
0.0224 -0.7245 -0.6704
0.0233 -0.7268 -0.6700
0.0288 -0.7283 -0.6692
0.0331 -0.7254 -0.6734
0.0304 -0.7261 -0.6792
0.0285 -0.7273 -0.6660
0.0285 -0.7273 -0.6660
0.0328 -0.7254 -0.6589
0.0305 -0.7275 -0.6636
0.0303 -0.7271 -0.6673
0.0325 -0.7258 -0.6683
0.0324 -0.7229 -0.6642
0.0324 -0.7229 -0.6642
0.0345 -0.7250 -0.6614
0.0323 -0.7244 -0.6643
0.0325 -0.7251 -0.6693
0.0327 -0.7265 -0.6664
0.0327 -0.7265 -0.6664
0.0337 -0.7278 -0.6608
0.0337 -0.7267 -0.6602
0.0368 -0.7289 -0.6649
0.0370 -0.7271 -0.6625
0.0335 -0.7284 -0.6667
0.0335 -0.7284 -0.6667
0.0357 -0.7291 -0.6716
0.0328 -0.7285 -0.6633
0.0348 -0.7291 -0.6583
0.0361 -0.7285 -0.6676
0.0361 -0.7300 -0.6722
0.0361 -0.7300 -0.6722
0.0357 -0.7263 -0.6717
0.0275 -0.7227 -0.6650
0.0256 -0.7256 -0.6620
0.0274 -0.7260 -0.6584
0.0385 -0.7281 -0.6559
0.0385 -0.7281 -0.6559
0.0320 -0.7176 -0.6617
0.0334 -0.7256 -0.6583
0.0303 -0.7326 -0.6571
0.0377 -0.7305 -0.6615
0.0371 -0.7242 -0.6689
0.0371 -0.7242 -0.6689
0.0314 -0.7248 -0.6705
0.0282 -0.7309 -0.6656
0.0287 -0.7331 -0.6567
0.0325 -0.7272 -0.6648
0.0325 -0.7272 -0.6648
0.0349 -0.7221 -0.6748
0.0357 -0.7264 -0.6742
0.0324 -0.7231 -0.6672
0.0326 -0.7262 -0.6636
0.0265 -0.7256 -0.6538
0.0265 -0.7256 -0.6538
0.0294 -0.7254 -0.6564
0.0364 -0.7282 -0.6591
0.0415 -0.7240 -0.6667
0.0261 -0.7227 -0.6518
0.0293 -0.7269 -0.6779
0.0293 -0.7269 -0.6779
0.0325 -0.7326 -0.6757
0.0334 -0.7291 -0.6771
0.0242 -0.7294 -0.6798
0.0312 -0.7263 -0.6789
0.0271 -0.7313 -0.6728
0.0271 -0.7313 -0.6728

