-0.0197 0.1027 0.0565
-0.0197 0.1028 0.0564
-0.0197 0.1030 0.0563
-0.0198 0.1031 0.0561
-0.0197 0.1033 0.0559
-0.0197 0.1036 0.0557
-0.0197 0.1037 0.0556
-0.0197 0.1039 0.0555
-0.0197 0.1040 0.0554
-0.0197 0.1041 0.0554
-0.0197 0.1042 0.0553
-0.0196 0.1041 0.0553
-0.0196 0.1042 0.0553
-0.0196 0.1042 0.0552
-0.0196 0.1042 0.0551
-0.0196 0.1043 0.0551
-0.0197 0.1043 0.0550
-0.0197 0.1044 0.0551
-0.0197 0.1044 0.0550
-0.0198 0.1045 0.0549
-0.0198 0.1046 0.0548
-0.0199 0.1047 0.0547
-0.0199 0.1048 0.0547
-0.0198 0.1048 0.0547
-0.0198 0.1049 0.0547
-0.0199 0.1049 0.0546
-0.0199 0.1050 0.0545
-0.0200 0.1051 0.0545
-0.0200 0.1052 0.0544
-0.0199 0.1053 0.0543
-0.0199 0.1053 0.0542
-0.0200 0.1054 0.0541
-0.0201 0.1055 0.0541
-0.0202 0.1055 0.0540
-0.0202 0.1056 0.0539
-0.0201 0.1057 0.0538
-0.0202 0.1058 0.0537
-0.0202 0.1058 0.0536
-0.0203 0.1058 0.0536
-0.0204 0.1059 0.0536
-0.0204 0.1059 0.0535
-0.0202 0.1059 0.0534
-0.0203 0.1059 0.0533
-0.0203 0.1058 0.0533
-0.0204 0.1057 0.0533
-0.0205 0.1057 0.0533
-0.0206 0.1057 0.0532
-0.0203 0.1057 0.0530
-0.0203 0.1057 0.0529
-0.0204 0.1057 0.0528
-0.0204 0.1057 0.0527
-0.0205 0.1057 0.0527
-0.0206 0.1057 0.0527
-0.0201 0.1056 0.0528
-0.0200 0.1057 0.0527
-0.0200 0.1058 0.0526
-0.0201 0.1060 0.0525
-0.0202 0.1061 0.0524
-0.0203 0.1062 0.0523
-0.0201 0.1063 0.0520
-0.0201 0.1063 0.0519
-0.0202 0.1064 0.0519
-0.0204 0.1065 0.0519
-0.0205 0.1067 0.0519
-0.0207 0.1068 0.0518
-0.0204 0.1066 0.0518
-0.0203 0.1066 0.0518
-0.0204 0.1067 0.0517
-0.0205 0.1068 0.0517
-0.0205 0.1069 0.0517
-0.0206 0.1070 0.0517
-0.0199 0.1066 0.0517
-0.0197 0.1066 0.0517
-0.0196 0.1066 0.0516
-0.0196 0.1068 0.0515
-0.0197 0.1069 0.0514
-0.0196 0.1070 0.0512
-0.0195 0.1070 0.0510
-0.0195 0.1071 0.0508
-0.0195 0.1072 0.0507
-0.0196 0.1073 0.0506
-0.0196 0.1074 0.0505
-0.0197 0.1074 0.0502
-0.0197 0.1075 0.0497
-0.0198 0.1076 0.0494
-0.0199 0.1076 0.0493
-0.0200 0.1077 0.0491
-0.0201 0.1078 0.0490
-0.0202 0.1079 0.0489
-0.0201 0.1078 0.0488
-0.0201 0.1078 0.0487
-0.0203 0.1079 0.0486
-0.0205 0.1080 0.0485
-0.0207 0.1082 0.0485
-0.0209 0.1083 0.0484
-0.0208 0.1085 0.0477
-0.0209 0.1086 0.0474
-0.0211 0.1087 0.0473
-0.0213 0.1087 0.0472
-0.0215 0.1088 0.0471
-0.0218 0.1088 0.0470
-0.0210 0.1088 0.0462
-0.0208 0.1088 0.0459
-0.0210 0.1089 0.0457
-0.0212 0.1089 0.0456
-0.0214 0.1090 0.0454
-0.0217 0.1091 0.0452
-0.0213 0.1090 0.0449
-0.0213 0.1090 0.0447
-0.0216 0.1090 0.0446
-0.0218 0.1090 0.0446
-0.0221 0.1091 0.0446
-0.0222 0.1091 0.0443
-0.0219 0.1089 0.0437
-0.0220 0.1089 0.0435
-0.0222 0.1089 0.0434
-0.0224 0.1089 0.0433
-0.0226 0.1090 0.0432
-0.0225 0.1089 0.0433
-0.0219 0.1087 0.0438
-0.0219 0.1087 0.0438
-0.0220 0.1087 0.0437
-0.0221 0.1088 0.0436
-0.0223 0.1089 0.0434
-0.0221 0.1089 0.0433
-0.0213 0.1087 0.0433
-0.0211 0.1087 0.0431
-0.0211 0.1087 0.0430
-0.0212 0.1088 0.0429
-0.0213 0.1088 0.0428
-0.0214 0.1089 0.0426
-0.0210 0.1084 0.0427
-0.0209 0.1083 0.0427
-0.0209 0.1083 0.0426
-0.0210 0.1083 0.0425
-0.0211 0.1084 0.0423
-0.0212 0.1085 0.0422
-0.0210 0.1086 0.0419
-0.0210 0.1087 0.0418
-0.0211 0.1089 0.0416
-0.0213 0.1090 0.0415
-0.0215 0.1091 0.0413
-0.0216 0.1092 0.0412
-0.0217 0.1093 0.0406
-0.0219 0.1095 0.0403
-0.0221 0.1096 0.0401
-0.0222 0.1097 0.0400
-0.0225 0.1098 0.0398
-0.0227 0.1099 0.0397
-0.0224 0.1098 0.0394
-0.0223 0.1097 0.0393
-0.0225 0.1098 0.0392
-0.0226 0.1099 0.0392
-0.0228 0.1099 0.0391
-0.0230 0.1101 0.0391
-0.0222 0.1101 0.0391
-0.0220 0.1102 0.0390
-0.0220 0.1103 0.0390
-0.0221 0.1104 0.0390
-0.0222 0.1105 0.0390
-0.0223 0.1106 0.0390
-0.0218 0.1100 0.0391
-0.0217 0.1099 0.0391
-0.0217 0.1099 0.0391
-0.0217 0.1099 0.0391
-0.0217 0.1099 0.0392
-0.0218 0.1099 0.0390
-0.0219 0.1100 0.0384
-0.0220 0.1101 0.0382
-0.0220 0.1101 0.0381
-0.0220 0.1101 0.0381
-0.0220 0.1101 0.0381
-0.0221 0.1102 0.0381
-0.0213 0.1094 0.0391
-0.0211 0.1091 0.0394
-0.0210 0.1090 0.0395
-0.0210 0.1089 0.0397
-0.0209 0.1088 0.0398
-0.0209 0.1087 0.0400
-0.0204 0.1084 0.0406
-0.0203 0.1084 0.0408
-0.0203 0.1085 0.0408
-0.0204 0.1086 0.0408
-0.0204 0.1086 0.0408
-0.0205 0.1087 0.0409
-0.0201 0.1086 0.0409
-0.0201 0.1087 0.0409
-0.0201 0.1088 0.0409
-0.0202 0.1088 0.0410
-0.0204 0.1089 0.0410
-0.0205 0.1090 0.0411
-0.0201 0.1088 0.0410
-0.0201 0.1087 0.0410
-0.0202 0.1088 0.0410
-0.0203 0.1088 0.0410
-0.0204 0.1088 0.0411
-0.0206 0.1089 0.0411
-0.0201 0.1087 0.0409
-0.0200 0.1086 0.0409
-0.0201 0.1086 0.0408
-0.0202 0.1086 0.0408
-0.0203 0.1087 0.0408
-0.0201 0.1086 0.0408
-0.0196 0.1084 0.0409
-0.0194 0.1083 0.0409
-0.0194 0.1083 0.0408
-0.0194 0.1082 0.0408
-0.0194 0.1082 0.0408
-0.0193 0.1082 0.0408
-0.0190 0.1083 0.0408
-0.0190 0.1084 0.0407
-0.0190 0.1085 0.0407
-0.0190 0.1086 0.0406
-0.0190 0.1086 0.0405
-0.0190 0.1087 0.0405
-0.0188 0.1085 0.0404
-0.0188 0.1084 0.0404
-0.0187 0.1084 0.0403
-0.0188 0.1084 0.0403
-0.0188 0.1085 0.0402
-0.0188 0.1087 0.0400
-0.0188 0.1089 0.0399
-0.0188 0.1090 0.0398
-0.0187 0.1091 0.0396
-0.0187 0.1092 0.0395
-0.0188 0.1093 0.0395
-0.0188 0.1094 0.0394
-0.0188 0.1094 0.0393
-0.0188 0.1093 0.0392
-0.0188 0.1092 0.0392
-0.0188 0.1091 0.0393
-0.0189 0.1091 0.0393
-0.0189 0.1090 0.0394
-0.0188 0.1091 0.0394
-0.0188 0.1091 0.0394
-0.0188 0.1091 0.0394
-0.0187 0.1091 0.0394
-0.0187 0.1091 0.0394
-0.0187 0.1091 0.0393
-0.0187 0.1092 0.0391
-0.0187 0.1092 0.0391
-0.0188 0.1091 0.0391
-0.0189 0.1090 0.0392
-0.0190 0.1088 0.0393
-0.0193 0.1087 0.0393
-0.0196 0.1086 0.0391
-0.0201 0.1082 0.0392
-0.0207 0.1078 0.0394
-0.0215 0.1072 0.0398
-0.0224 0.1064 0.0403
-0.0237 0.1055 0.0405
-0.0254 0.1045 0.0403
-0.0271 0.1033 0.0408
-0.0289 0.1020 0.0416
-0.0311 0.1005 0.0427
-0.0336 0.0989 0.0439
-0.0364 0.0972 0.0453
-0.0400 0.0955 0.0443
-0.0437 0.0935 0.0451
-0.0477 0.0913 0.0465
-0.0521 0.0889 0.0482
-0.0567 0.0862 0.0502
-0.0615 0.0834 0.0524
-0.0666 0.0811 0.0533
-0.0719 0.0784 0.0551
-0.0776 0.0755 0.0572
-0.0836 0.0726 0.0593
-0.0899 0.0697 0.0615
-0.0965 0.0666 0.0639
-0.1036 0.0633 0.0665
-0.1109 0.0600 0.0691
-0.1187 0.0567 0.0718
-0.1269 0.0532 0.0747
-0.1355 0.0496 0.0778
-0.1446 0.0457 0.0810
-0.1541 0.0424 0.0830
-0.1642 0.0383 0.0860
-0.1748 0.0339 0.0894
-0.1858 0.0293 0.0928
-0.1974 0.0247 0.0962
-0.2095 0.0201 0.0995
-0.2221 0.0157 0.1026
-0.2351 0.0111 0.1059
-0.2484 0.0065 0.1091
-0.2621 0.0021 0.1123
-0.2763 -0.0023 0.1154
-0.2907 -0.0064 0.1185
-0.3054 -0.0103 0.1214
-0.3207 -0.0142 0.1244
-0.3365 -0.0181 0.1275
-0.3527 -0.0218 0.1306
-0.3693 -0.0255 0.1337
-0.3862 -0.0290 0.1369
-0.4033 -0.0324 0.1403
-0.4209 -0.0357 0.1434
-0.4387 -0.0390 0.1464
-0.4744 -0.0451 0.1518
-0.4744 -0.0451 0.1518
-0.4922 -0.0478 0.1541
-0.5103 -0.0496 0.1562
-0.5280 -0.0519 0.1584
-0.5455 -0.0546 0.1609
-0.5631 -0.0577 0.1635
-0.5807 -0.0609 0.1663
-0.5982 -0.0642 0.1688
-0.6152 -0.0669 0.1712
-0.6323 -0.0693 0.1729
-0.6493 -0.0712 0.1739
-0.6659 -0.0730 0.1746
-0.6825 -0.0752 0.1754
-0.6989 -0.0782 0.1765
-0.7144 -0.0815 0.1790
-0.7303 -0.0859 0.1814
-0.7461 -0.0906 0.1839
-0.7614 -0.0950 0.1865
-0.7760 -0.0985 0.1890
-0.7900 -0.1007 0.1915
-0.8023 -0.1020 0.1942
-0.8150 -0.1026 0.1969
-0.8275 -0.1030 0.1999
-0.8400 -0.1037 0.2033
-0.8525 -0.1051 0.2072
-0.8651 -0.1073 0.2117
-0.8764 -0.1101 0.2178
-0.8886 -0.1134 0.2236
-0.9011 -0.1169 0.2295
-0.9136 -0.1206 0.2356
-0.9262 -0.1244 0.2421
-0.9376 -0.1277 0.2491
-0.9474 -0.1302 0.2568
-0.9592 -0.1333 0.2645
-0.9715 -0.1366 0.2725
-0.9841 -0.1397 0.2810
-0.9969 -0.1428 0.2899
-1.0226 -0.1483 0.3092
-1.0307 -0.1503 0.3197
-1.0422 -0.1524 0.3305
-1.0550 -0.1542 0.3414
-1.0683 -0.1558 0.3526
-1.0963 -0.1585 0.3754
-1.1055 -0.1589 0.3866
-1.1055 -0.1589 0.3866
-1.1187 -0.1598 0.3978
-1.1333 -0.1606 0.4088
-1.1488 -0.1613 0.4194
-1.1649 -0.1620 0.4297
-1.1816 -0.1627 0.4396
-1.1987 -0.1633 0.4490
-1.2162 -0.1638 0.4580
-1.2337 -0.1638 0.4665
-1.2512 -0.1634 0.4746
-1.2684 -0.1625 0.4824
-1.2805 -0.1602 0.4898
-1.2957 -0.1592 0.4973
-1.3119 -0.1591 0.5047
-1.3285 -0.1600 0.5120
-1.3452 -0.1614 0.5192
-1.3619 -0.1629 0.5261
-1.3723 -0.1629 0.5325
-1.3866 -0.1636 0.5391
-1.4019 -0.1644 0.5459
-1.4174 -0.1650 0.5529
-1.4329 -0.1656 0.5601
-1.4483 -0.1662 0.5677
-1.4561 -0.1651 0.5754
-1.4688 -0.1654 0.5839
-1.4830 -0.1664 0.5930
-1.4975 -0.1679 0.6028
-1.5123 -0.1699 0.6132
-1.5244 -0.1717 0.6235
-1.5331 -0.1729 0.6336
-1.5460 -0.1754 0.6451
-1.5603 -0.1784 0.6573
-1.5750 -0.1815 0.6699
-1.5899 -0.1844 0.6827
-1.6022 -0.1852 0.6955
-1.6112 -0.1835 0.7084
-1.6242 -0.1842 0.7220
-1.6383 -0.1853 0.7362
-1.6525 -0.1863 0.7507
-1.6668 -0.1866 0.7655
-1.6807 -0.1863 0.7808
-1.6743 -0.1773 0.8020
-1.6809 -0.1733 0.8199
-1.6914 -0.1706 0.8370
-1.7028 -0.1682 0.8540
-1.7140 -0.1658 0.8710
-1.7245 -0.1630 0.8879
-1.7130 -0.1534 0.9052
-1.7145 -0.1477 0.9221
-1.7196 -0.1435 0.9389
-1.7253 -0.1405 0.9557
-1.7308 -0.1388 0.9724
-1.7360 -0.1382 0.9890
-1.7215 -0.1317 1.0019
-1.7198 -0.1301 1.0167
-1.7221 -0.1301 1.0317
-1.7256 -0.1310 1.0465
-1.7298 -0.1324 1.0607
-1.7343 -0.1343 1.0745
-1.7208 -0.1321 1.0816
-1.7200 -0.1331 1.0923
-1.7237 -0.1353 1.1041
-1.7293 -0.1381 1.1160
-1.7360 -0.1414 1.1279
-1.7436 -0.1447 1.1398
-1.7352 -0.1459 1.1453
-1.7388 -0.1483 1.1549
-1.7467 -0.1512 1.1660
-1.7565 -0.1541 1.1775
-1.7673 -0.1571 1.1894
-1.7787 -0.1601 1.2015
-1.7816 -0.1602 1.2147
-1.7908 -0.1622 1.2274
-1.8021 -0.1647 1.2402
-1.8143 -0.1673 1.2530
-1.8271 -0.1699 1.2658
-1.8394 -0.1702 1.2802
-1.8508 -0.1674 1.2965
-1.8641 -0.1675 1.3104
-1.8783 -0.1682 1.3234
-1.8931 -0.1690 1.3360
-1.9083 -0.1697 1.3485
-1.9237 -0.1699 1.3605
-1.9396 -0.1635 1.3819
-1.9548 -0.1603 1.3961
-1.9692 -0.1575 1.4076
-1.9832 -0.1547 1.4179
-1.9969 -0.1524 1.4277
-2.0108 -0.1509 1.4373
-2.0239 -0.1420 1.4502
-2.0383 -0.1401 1.4606
-2.0532 -0.1407 1.4699
-2.0681 -0.1420 1.4786
-2.0830 -0.1431 1.4868
-2.0977 -0.1441 1.4945
-2.1098 -0.1354 1.5052
-2.1237 -0.1333 1.5136
-2.1377 -0.1329 1.5213
-2.1512 -0.1329 1.5290
-2.1645 -0.1335 1.5371
-2.1778 -0.1342 1.5455
-2.1881 -0.1275 1.5544
-2.2000 -0.1262 1.5636
-2.2122 -0.1267 1.5732
-2.2246 -0.1280 1.5831
-2.2370 -0.1297 1.5935
-2.2493 -0.1319 1.6044
-2.2577 -0.1263 1.6161
-2.2688 -0.1267 1.6281
-2.2809 -0.1291 1.6404
-2.2935 -0.1320 1.6529
-2.3060 -0.1348 1.6656
-2.3166 -0.1350 1.6781
-2.3245 -0.1323 1.6903
-2.3350 -0.1323 1.7032
-2.3462 -0.1328 1.7166
-2.3573 -0.1331 1.7302
-2.3681 -0.1333 1.7443
-2.3777 -0.1318 1.7583
-2.3858 -0.1284 1.7722
-2.3952 -0.1277 1.7874
-2.4050 -0.1277 1.8032
-2.4150 -0.1277 1.8190
-2.4251 -0.1275 1.8347
-2.4350 -0.1268 1.8502
-2.4353 -0.1188 1.8593
-2.4408 -0.1159 1.8725
-2.4475 -0.1150 1.8871
-2.4545 -0.1155 1.9022
-2.4618 -0.1170 1.9175
-2.4696 -0.1189 1.9329
-2.4779 -0.1207 1.9481
-2.4806 -0.1165 1.9588
-2.4869 -0.1154 1.9717
-2.4942 -0.1150 1.9848
-2.5015 -0.1149 1.9976
-2.5089 -0.1152 2.0099
-2.5110 -0.1095 2.0176
-2.5171 -0.1087 2.0279
-2.5247 -0.1097 2.0387
-2.5332 -0.1115 2.0496
-2.5423 -0.1138 2.0604
-2.5520 -0.1167 2.0712
-2.5579 -0.1112 2.0771
-2.5672 -0.1121 2.0863
-2.5779 -0.1151 2.0966
-2.5894 -0.1189 2.1072
-2.6013 -0.1230 2.1179
-2.6136 -0.1274 2.1287
-2.6247 -0.1215 2.1371
-2.6370 -0.1227 2.1473
-2.6498 -0.1261 2.1579
-2.6628 -0.1300 2.1686
-2.6760 -0.1338 2.1791
-2.6893 -0.1373 2.1893
-2.7014 -0.1311 2.1987
-2.7144 -0.1310 2.2083
-2.7278 -0.1327 2.2178
-2.7417 -0.1347 2.2270
-2.7557 -0.1366 2.2359
-2.7696 -0.1381 2.2445
-2.7833 -0.1320 2.2530
-2.7961 -0.1303 2.2612
-2.8083 -0.1299 2.2691
-2.8202 -0.1298 2.2765
-2.8323 -0.1297 2.2835
-2.8448 -0.1298 2.2900
-2.8584 -0.1219 2.2954
-2.8716 -0.1198 2.3009
-2.8844 -0.1198 2.3062
-2.8966 -0.1205 2.3116
-2.9081 -0.1214 2.3169
-2.9189 -0.1222 2.3223
-2.9290 -0.1175 2.3271
-2.9392 -0.1164 2.3324
-2.9496 -0.1164 2.3380
-2.9602 -0.1172 2.3439
-2.9712 -0.1185 2.3502
-2.9826 -0.1204 2.3567
-2.9907 -0.1090 2.3586
-3.0018 -0.1070 2.3642
-3.0142 -0.1080 2.3711
-3.0271 -0.1100 2.3786
-3.0403 -0.1122 2.3865
-3.0536 -0.1144 2.3946
-3.0616 -0.1053 2.3980
-3.0731 -0.1034 2.4049
-3.0856 -0.1036 2.4129
-3.0986 -0.1044 2.4215
-3.1116 -0.1053 2.4305
-3.1246 -0.1062 2.4400
-3.1347 -0.0993 2.4465
-3.1467 -0.0973 2.4558
-3.1592 -0.0966 2.4662
-3.1718 -0.0962 2.4772
-3.1844 -0.0957 2.4885
-3.1959 -0.0937 2.4995
-3.2060 -0.0899 2.5097
-3.2178 -0.0869 2.5200
-3.2298 -0.0838 2.5301
-3.2412 -0.0803 2.5399
-3.2518 -0.0769 2.5495
-3.2591 -0.0704 2.5569
-3.2626 -0.0605 2.5617
-3.2703 -0.0566 2.5695
-3.2800 -0.0553 2.5780
-3.2910 -0.0552 2.5866
-3.3029 -0.0556 2.5948
-3.3152 -0.0559 2.6025
-3.3200 -0.0489 2.6038
-3.3291 -0.0465 2.6086
-3.3389 -0.0456 2.6140
-3.3485 -0.0453 2.6192
-3.3577 -0.0455 2.6241
-3.3665 -0.0463 2.6286
-3.3714 -0.0469 2.6325
-3.3790 -0.0487 2.6364
-3.3875 -0.0512 2.6401
-3.3967 -0.0543 2.6437
-3.4064 -0.0578 2.6471
-3.4164 -0.0614 2.6505
-3.4230 -0.0578 2.6514
-3.4324 -0.0590 2.6540
-3.4429 -0.0617 2.6571
-3.4537 -0.0647 2.6604
-3.4647 -0.0678 2.6640
-3.4758 -0.0709 2.6677
-3.4889 -0.0670 2.6734
-3.5006 -0.0675 2.6779
-3.5117 -0.0691 2.6821
-3.5225 -0.0709 2.6862
-3.5330 -0.0724 2.6903
-3.5433 -0.0735 2.6944
-3.5536 -0.0694 2.6988
-3.5635 -0.0683 2.7031
-3.5732 -0.0678 2.7078
-3.5829 -0.0676 2.7127
-3.5929 -0.0674 2.7174
-3.6031 -0.0653 2.7212
-3.6131 -0.0603 2.7239
-3.6234 -0.0573 2.7270
-3.6331 -0.0546 2.7305
-3.6418 -0.0520 2.7343
-3.6495 -0.0500 2.7387
-3.6556 -0.0477 2.7429
-3.6602 -0.0446 2.7464
-3.6663 -0.0438 2.7510
-3.6731 -0.0439 2.7555
-3.6806 -0.0443 2.7596
-3.6887 -0.0449 2.7630
-3.6970 -0.0455 2.7660
-3.7013 -0.0428 2.7661
-3.7077 -0.0421 2.7684
-3.7144 -0.0422 2.7716
-3.7206 -0.0425 2.7753
-3.7264 -0.0430 2.7792
-3.7321 -0.0437 2.7833
-3.7328 -0.0415 2.7856
-3.7374 -0.0417 2.7889
-3.7436 -0.0428 2.7925
-3.7507 -0.0444 2.7961
-3.7584 -0.0462 2.7995
-3.7665 -0.0480 2.8028
-3.7697 -0.0441 2.8048
-3.7763 -0.0438 2.8077
-3.7837 -0.0447 2.8110
-3.7914 -0.0459 2.8143
-3.7994 -0.0471 2.8177
-3.8077 -0.0482 2.8210
-3.8131 -0.0426 2.8234
-3.8214 -0.0415 2.8263
-3.8309 -0.0417 2.8294
-3.8412 -0.0425 2.8328
-3.8519 -0.0436 2.8364
-3.8630 -0.0447 2.8405
-3.8698 -0.0392 2.8439
-3.8795 -0.0377 2.8482
-3.8900 -0.0372 2.8526
-3.9008 -0.0365 2.8571
-3.9117 -0.0354 2.8614
-3.9228 -0.0339 2.8657
-3.9299 -0.0272 2.8689
-3.9396 -0.0234 2.8730
-3.9502 -0.0204 2.8776
-3.9609 -0.0175 2.8827
-3.9718 -0.0150 2.8881
-3.9819 -0.0113 2.8933
-3.9908 -0.0059 2.8979
-4.0011 -0.0023 2.9027
-4.0115 0.0008 2.9073
-4.0215 0.0037 2.9119
-4.0307 0.0062 2.9164
-4.0393 0.0082 2.9208
-4.0464 0.0112 2.9252
-4.0537 0.0126 2.9294
-4.0611 0.0131 2.9334
-4.0687 0.0128 2.9373
-4.0765 0.0118 2.9412
-4.0846 0.0102 2.9449
-4.0905 0.0105 2.9478
-4.0980 0.0092 2.9506
-4.1055 0.0077 2.9530
-4.1125 0.0065 2.9546
-4.1188 0.0055 2.9556
-4.1245 0.0042 2.9557
-4.1282 0.0055 2.9543
-4.1329 0.0042 2.9526
-4.1381 0.0017 2.9505
-4.1434 -0.0016 2.9477
-4.1487 -0.0056 2.9443
-4.1541 -0.0104 2.9403
-4.1581 -0.0133 2.9352
-4.1630 -0.0180 2.9300
-4.1679 -0.0230 2.9243
-4.1726 -0.0280 2.9182
-4.1770 -0.0327 2.9116
-4.1810 -0.0370 2.9046
-4.1833 -0.0387 2.8966
-4.1860 -0.0413 2.8888
-4.1884 -0.0441 2.8808
-4.1903 -0.0467 2.8727
-4.1915 -0.0492 2.8645
-4.1913 -0.0511 2.8557
-4.1897 -0.0522 2.8464
-4.1880 -0.0542 2.8372
-4.1856 -0.0566 2.8277
-4.1825 -0.0593 2.8178
-4.1786 -0.0622 2.8073
-4.1733 -0.0642 2.7961
-4.1662 -0.0650 2.7844
-4.1580 -0.0667 2.7735
-4.1485 -0.0686 2.7636
-4.1379 -0.0708 2.7553
-4.1266 -0.0732 2.7487
-4.1149 -0.0761 2.7438
-4.1025 -0.0783 2.7401
-4.0910 -0.0817 2.7378
-4.0802 -0.0857 2.7362
-4.0702 -0.0900 2.7352
-4.0609 -0.0942 2.7344
-4.0519 -0.0981 2.7337
-4.0422 -0.1004 2.7335
-4.0333 -0.1025 2.7325
-4.0247 -0.1039 2.7312
-4.0162 -0.1046 2.7296
-4.0076 -0.1046 2.7278
-3.9990 -0.1040 2.7260
-3.9899 -0.1019 2.7248
-3.9813 -0.1006 2.7231
-3.9729 -0.0998 2.7212
-3.9648 -0.0995 2.7190
-3.9568 -0.0998 2.7166
-3.9491 -0.1007 2.7137
-3.9404 -0.1030 2.7114
-3.9326 -0.1049 2.7081
-3.9251 -0.1067 2.7045
-3.9178 -0.1084 2.7005
-3.9104 -0.1098 2.6964
-3.9028 -0.1108 2.6921
-3.8929 -0.1108 2.6904
-3.8840 -0.1109 2.6870
-3.8751 -0.1110 2.6831
-3.8657 -0.1112 2.6788
-3.8558 -0.1115 2.6745
-3.8446 -0.1117 2.6712
-3.8318 -0.1116 2.6694
-3.8193 -0.1122 2.6659
-3.8065 -0.1131 2.6617
-3.7930 -0.1143 2.6574
-3.7787 -0.1154 2.6529
-3.7623 -0.1162 2.6506
-3.7432 -0.1164 2.6514
-3.7257 -0.1166 2.6484
-3.7086 -0.1168 2.6442
-3.6911 -0.1169 2.6395
-3.6733 -0.1168 2.6344
-3.6550 -0.1163 2.6291
-3.6326 -0.1132 2.6298
-3.6124 -0.1117 2.6262
-3.5929 -0.1110 2.6209
-3.5735 -0.1109 2.6149
-3.5543 -0.1114 2.6082
-3.5353 -0.1122 2.6012
-3.5121 -0.1092 2.6005
-3.4924 -0.1092 2.5954
-3.4741 -0.1104 2.5891
-3.4568 -0.1120 2.5825
-3.4403 -0.1140 2.5761
-3.4245 -0.1166 2.5698
-3.4043 -0.1164 2.5691
-3.3873 -0.1196 2.5642
-3.3711 -0.1242 2.5578
-3.3550 -0.1290 2.5508
-3.3391 -0.1333 2.5439
-3.3235 -0.1370 2.5374
-3.3036 -0.1363 2.5366
-3.2875 -0.1377 2.5325
-3.2727 -0.1396 2.5274
-3.2586 -0.1413 2.5220
-3.2447 -0.1430 2.5165
-3.2311 -0.1446 2.5111
-3.2133 -0.1445 2.5099
-3.1984 -0.1461 2.5057
-3.1843 -0.1486 2.5003
-3.1704 -0.1517 2.4941
-3.1565 -0.1553 2.4872
-3.1426 -0.1591 2.4798
-3.1256 -0.1606 2.4749
-3.1108 -0.1635 2.4677
-3.0966 -0.1667 2.4595
-3.0826 -0.1695 2.4508
-3.0685 -0.1719 2.4416
-3.0531 -0.1723 2.4334
-3.0358 -0.1703 2.4267
-3.0202 -0.1703 2.4174
-3.0050 -0.1705 2.4069
-2.9898 -0.1704 2.3958
-2.9746 -0.1696 2.3843
-2.9595 -0.1682 2.3725
-2.9487 -0.1619 2.3637
-2.9351 -0.1581 2.3524
-2.9206 -0.1549 2.3402
-2.9059 -0.1516 2.3276
-2.8911 -0.1482 2.3149
-2.8764 -0.1448 2.3022
-2.8675 -0.1370 2.2932
-2.8547 -0.1325 2.2819
-2.8407 -0.1288 2.2702
-2.8265 -0.1253 2.2588
-2.8124 -0.1219 2.2478
-2.7988 -0.1188 2.2374
-2.7932 -0.1120 2.2316
-2.7827 -0.1092 2.2234
-2.7703 -0.1081 2.2147
-2.7569 -0.1082 2.2060
-2.7427 -0.1090 2.1975
-2.7278 -0.1103 2.1891
-2.7224 -0.1067 2.1863
-2.7098 -0.1072 2.1799
-2.6949 -0.1092 2.1722
-2.6793 -0.1119 2.1639
-2.6634 -0.1150 2.1552
-2.6476 -0.1184 2.1461
-2.6360 -0.1191 2.1373
-2.6218 -0.1220 2.1276
-2.6067 -0.1257 2.1173
-2.5912 -0.1299 2.1064
-2.5755 -0.1343 2.0950
-2.5623 -0.1372 2.0849
-2.5526 -0.1379 2.0766
-2.5384 -0.1415 2.0649
-2.5226 -0.1460 2.0518
-2.5065 -0.1508 2.0379
-2.4903 -0.1556 2.0235
-2.4767 -0.1592 2.0099
-2.4667 -0.1613 1.9976
-2.4531 -0.1644 1.9831
-2.4386 -0.1674 1.9677
-2.4240 -0.1701 1.9519
-2.4095 -0.1722 1.9357
-2.3952 -0.1741 1.9191
-2.3878 -0.1721 1.9046
-2.3760 -0.1720 1.8882
-2.3631 -0.1722 1.8711
-2.3500 -0.1721 1.8537
-2.3372 -0.1716 1.8364
-2.3248 -0.1705 1.8194
-2.3238 -0.1649 1.8092
-2.3156 -0.1622 1.7948
-2.3052 -0.1611 1.7788
-2.2938 -0.1609 1.7621
-2.2816 -0.1615 1.7450
-2.2686 -0.1621 1.7280
-2.2749 -0.1553 1.7179
-2.2680 -0.1525 1.7037
-2.2573 -0.1509 1.6888
-2.2458 -0.1496 1.6740
-2.2343 -0.1487 1.6596
-2.2230 -0.1481 1.6455
-2.2236 -0.1437 1.6367
-2.2163 -0.1426 1.6245
-2.2062 -0.1431 1.6111
-2.1953 -0.1444 1.5971
-2.1838 -0.1463 1.5828
-2.1721 -0.1487 1.5681
-2.1688 -0.1481 1.5580
-2.1595 -0.1501 1.5441
-2.1483 -0.1529 1.5287
-2.1362 -0.1559 1.5126
-2.1239 -0.1589 1.4961
-2.1114 -0.1615 1.4793
-2.1067 -0.1615 1.4649
-2.0969 -0.1627 1.4487
-2.0859 -0.1637 1.4321
-2.0747 -0.1644 1.4155
-2.0638 -0.1646 1.3993
-2.0561 -0.1645 1.3839
-2.0522 -0.1643 1.3690
-2.0444 -0.1644 1.3539
-2.0353 -0.1649 1.3388
-2.0257 -0.1655 1.3237
-2.0157 -0.1661 1.3088
-2.0052 -0.1665 1.2942
-1.9941 -0.1668 1.2799
-1.9824 -0.1665 1.2662
-1.9705 -0.1658 1.2531
-1.9590 -0.1649 1.2404
-1.9480 -0.1644 1.2282
-1.9375 -0.1646 1.2163
-1.9318 -0.1593 1.2080
-1.9225 -0.1592 1.1975
-1.9114 -0.1609 1.1862
-1.8991 -0.1631 1.1748
-1.8860 -0.1654 1.1632
-1.8723 -0.1681 1.1516
-1.8671 -0.1632 1.1488
-1.8560 -0.1641 1.1398
-1.8431 -0.1670 1.1288
-1.8299 -0.1704 1.1170
-1.8167 -0.1742 1.1048
-1.8036 -0.1781 1.0922
-1.8083 -0.1738 1.0992
-1.8011 -0.1755 1.0924
-1.7900 -0.1790 1.0809
-1.7774 -0.1832 1.0677
-1.7642 -0.1875 1.0538
-1.7506 -0.1917 1.0395
-1.7562 -0.1822 1.0487
-1.7483 -0.1813 1.0420
-1.7360 -0.1828 1.0301
-1.7220 -0.1848 1.0165
-1.7072 -0.1866 1.0022
-1.6917 -0.1883 0.9874
-1.6874 -0.1830 0.9850
-1.6749 -0.1818 0.9732
-1.6601 -0.1816 0.9580
-1.6448 -0.1814 0.9413
-1.6298 -0.1811 0.9236
-1.6177 -0.1789 0.9082
-1.6092 -0.1744 0.8963
-1.5972 -0.1717 0.8796
-1.5843 -0.1694 0.8614
-1.5715 -0.1670 0.8429
-1.5594 -0.1645 0.8243
-1.5481 -0.1619 0.8058
-1.5437 -0.1558 0.7908
-1.5358 -0.1531 0.7732
-1.5269 -0.1520 0.7547
-1.5176 -0.1515 0.7362
-1.5080 -0.1508 0.7183
-1.4980 -0.1496 0.7012
-1.4944 -0.1441 0.6896
-1.4864 -0.1413 0.6755
-1.4770 -0.1397 0.6610
-1.4673 -0.1389 0.6466
-1.4574 -0.1390 0.6323
-1.4475 -0.1400 0.6180
-1.4373 -0.1419 0.6037
-1.4269 -0.1445 0.5893
-1.4162 -0.1476 0.5749
-1.4052 -0.1511 0.5605
-1.3938 -0.1547 0.5462
-1.3821 -0.1583 0.5319
-1.3798 -0.1561 0.5328
-1.3707 -0.1575 0.5235
-1.3594 -0.1600 0.5111
-1.3473 -0.1628 0.4977
-1.3351 -0.1654 0.4841
-1.3228 -0.1678 0.4703
-1.3157 -0.1626 0.4619
-1.3055 -0.1624 0.4496
-1.2944 -0.1635 0.4360
-1.2832 -0.1648 0.4220
-1.2720 -0.1660 0.4078
-1.2617 -0.1644 0.3943
-1.2524 -0.1593 0.3818
-1.2419 -0.1581 0.3681
-1.2310 -0.1583 0.3541
-1.2198 -0.1588 0.3402
-1.2083 -0.1593 0.3265
-1.1851 -0.1594 0.3007
-1.1735 -0.1589 0.2888
-1.1619 -0.1583 0.2775
-1.1501 -0.1578 0.2669
-1.1379 -0.1579 0.2567
-1.1115 -0.1595 0.2377
-1.1008 -0.1565 0.2315
-1.1008 -0.1565 0.2315
-1.0876 -0.1562 0.2242
-1.0740 -0.1566 0.2168
-1.0604 -0.1574 0.2094
-1.0471 -0.1584 0.2019
-1.0339 -0.1595 0.1944
-1.0208 -0.1605 0.1866
-1.0077 -0.1618 0.1786
-0.9944 -0.1632 0.1703
-0.9809 -0.1651 0.1615
-0.9670 -0.1672 0.1524
-0.9562 -0.1653 0.1459
-0.9429 -0.1663 0.1370
-0.9288 -0.1683 0.1271
-0.9145 -0.1706 0.1167
-0.9001 -0.1731 0.1059
-0.8858 -0.1756 0.0949
-0.8744 -0.1742 0.0870
-0.8612 -0.1754 0.0766
-0.8474 -0.1774 0.0652
-0.8334 -0.1796 0.0532
-0.8195 -0.1818 0.0408
-0.8054 -0.1838 0.0281
-0.7972 -0.1828 0.0352
-0.7849 -0.1834 0.0285
-0.7713 -0.1844 0.0171
-0.7573 -0.1855 0.0041
-0.7432 -0.1864 -0.0096
-0.7318 -0.1853 -0.0205
-0.7240 -0.1818 -0.0275
-0.7128 -0.1806 -0.0391
-0.7010 -0.1798 -0.0519
-0.6896 -0.1786 -0.0647
-0.6789 -0.1774 -0.0772
-0.6715 -0.1755 -0.0868
-0.6683 -0.1731 -0.0925
-0.6605 -0.1737 -0.1027
-0.6510 -0.1756 -0.1141
-0.6410 -0.1777 -0.1254
-0.6310 -0.1796 -0.1361
-0.6215 -0.1811 -0.1461
-0.6238 -0.1782 -0.1447
-0.6195 -0.1782 -0.1500
-0.6134 -0.1793 -0.1571
-0.6068 -0.1809 -0.1646
-0.5999 -0.1830 -0.1719
-0.5927 -0.1857 -0.1792
-0.5929 -0.1845 -0.1863
-0.5875 -0.1872 -0.1936
-0.5798 -0.1915 -0.2009
-0.5710 -0.1967 -0.2082
-0.5611 -0.2023 -0.2155
-0.5501 -0.2081 -0.2227
-0.5414 -0.2079 -0.2271
-0.5290 -0.2119 -0.2333
-0.5148 -0.2171 -0.2400
-0.4993 -0.2224 -0.2467
-0.4830 -0.2273 -0.2532
-0.4661 -0.2315 -0.2594
-0.4543 -0.2291 -0.2587
-0.4386 -0.2300 -0.2621
-0.4213 -0.2314 -0.2666
-0.4034 -0.2325 -0.2712
-0.3850 -0.2330 -0.2755
-0.3663 -0.2327 -0.2795
-0.3519 -0.2277 -0.2758
-0.3342 -0.2252 -0.2766
-0.3155 -0.2229 -0.2783
-0.2964 -0.2204 -0.2798
-0.2775 -0.2173 -0.2807
-0.2591 -0.2139 -0.2811
-0.2451 -0.2073 -0.2758
-0.2298 -0.2033 -0.2737
-0.2148 -0.2004 -0.2725
-0.2007 -0.1979 -0.2713
-0.1876 -0.1955 -0.2698
-0.1644 -0.1918 -0.2655
-0.1537 -0.1903 -0.2626
-0.1440 -0.1905 -0.2596
-0.1350 -0.1918 -0.2563
-0.1268 -0.1934 -0.2528
-0.1194 -0.1950 -0.2493
-0.1128 -0.1965 -0.2460
-0.1067 -0.1980 -0.2431
-0.1010 -0.1996 -0.2406
-0.0953 -0.2011 -0.2384
-0.0894 -0.2026 -0.2363
-0.0832 -0.2041 -0.2344
-0.0819 -0.1977 -0.2274
-0.0765 -0.1967 -0.2238
-0.0694 -0.1974 -0.2212
-0.0615 -0.1987 -0.2189
-0.0532 -0.2003 -0.2169
-0.0445 -0.2020 -0.2151
-0.0369 -0.2000 -0.2115
-0.0284 -0.2007 -0.2095
-0.0194 -0.2023 -0.2083
-0.0102 -0.2042 -0.2073
-0.0007 -0.2063 -0.2063
0.0090 -0.2084 -0.2054
0.0189 -0.1979 -0.1982
0.0293 -0.1960 -0.1950
0.0399 -0.1970 -0.1930
0.0509 -0.1989 -0.1912
0.0621 -0.2009 -0.1893
0.0727 -0.1999 -0.1862
0.0825 -0.1948 -0.1817
0.0937 -0.1937 -0.1790
0.1056 -0.1942 -0.1766
0.1175 -0.1950 -0.1736
0.1292 -0.1950 -0.1697
0.1393 -0.1919 -0.1644
0.1473 -0.1854 -0.1582
0.1559 -0.1817 -0.1542
0.1644 -0.1792 -0.1514
0.1729 -0.1777 -0.1488
0.1813 -0.1774 -0.1456
0.1982 -0.1789 -0.1364
0.2063 -0.1801 -0.1305
0.2107 -0.1774 -0.1222
0.2161 -0.1765 -0.1156
0.2212 -0.1761 -0.1097
0.2212 -0.1761 -0.1097
0.2294 -0.1757 -0.0989
0.2323 -0.1751 -0.0935
0.2323 -0.1751 -0.0935
0.2344 -0.1743 -0.0877
0.2359 -0.1735 -0.0817
0.2367 -0.1729 -0.0754
0.2369 -0.1723 -0.0691
0.2356 -0.1681 -0.0605
0.2342 -0.1663 -0.0529
0.2322 -0.1653 -0.0456
0.2297 -0.1647 -0.0383
0.2266 -0.1647 -0.0310
0.2221 -0.1642 -0.0234
0.2160 -0.1626 -0.0153
0.2112 -0.1628 -0.0081
0.2066 -0.1636 -0.0015
0.2020 -0.1649 0.0045
0.1974 -0.1665 0.0099
0.1930 -0.1684 0.0145
0.1852 -0.1675 0.0194
0.1800 -0.1685 0.0233
0.1757 -0.1700 0.0267
0.1720 -0.1717 0.0296
0.1688 -0.1735 0.0323
0.1662 -0.1754 0.0348
0.1606 -0.1749 0.0375
0.1583 -0.1764 0.0398
0.1575 -0.1786 0.0419
0.1576 -0.1809 0.0439
0.1585 -0.1832 0.0458
0.1594 -0.1854 0.0472
0.1601 -0.1871 0.0479
0.1618 -0.1883 0.0490
0.1639 -0.1889 0.0503
0.1661 -0.1892 0.0516
0.1683 -0.1894 0.0531
0.1700 -0.1897 0.0544
0.1713 -0.1901 0.0556
0.1732 -0.1908 0.0577
0.1754 -0.1917 0.0603
0.1776 -0.1928 0.0630
0.1797 -0.1939 0.0658
0.1817 -0.1947 0.0684
0.1832 -0.1951 0.0701
0.1849 -0.1954 0.0721
0.1868 -0.1956 0.0740
0.1888 -0.1960 0.0759
0.1910 -0.1966 0.0778
0.1935 -0.1975 0.0798
0.1964 -0.1991 0.0808
0.1995 -0.2005 0.0825
0.2028 -0.2017 0.0845
0.2063 -0.2026 0.0866
0.2099 -0.2028 0.0884
0.2130 -0.2023 0.0896
0.2153 -0.2010 0.0903
0.2189 -0.1993 0.0911
0.2231 -0.1975 0.0919
0.2277 -0.1958 0.0929
0.2327 -0.1945 0.0942
0.2372 -0.1935 0.0955
0.2410 -0.1928 0.0969
0.2461 -0.1922 0.0991
0.2518 -0.1915 0.1015
0.2578 -0.1909 0.1039
0.2640 -0.1905 0.1066
0.2701 -0.1906 0.1094
0.2764 -0.1917 0.1127
0.2828 -0.1933 0.1170
0.2874 -0.1873 0.1308
0.2874 -0.1873 0.1308
0.2887 -0.1823 0.1384
0.2915 -0.1780 0.1440
0.2952 -0.1747 0.1484
0.2990 -0.1711 0.1531
0.3024 -0.1668 0.1582
0.3057 -0.1619 0.1630
0.3089 -0.1566 0.1673
0.3147 -0.1462 0.1753
0.3175 -0.1415 0.1786
0.3204 -0.1367 0.1822
0.3235 -0.1322 0.1857
0.3267 -0.1280 0.1892
0.3334 -0.1209 0.1948
0.3373 -0.1184 0.1949
0.3373 -0.1184 0.1949
0.3408 -0.1155 0.1969
0.3441 -0.1125 0.1994
0.3473 -0.1094 0.2021
0.3506 -0.1065 0.2047
0.3538 -0.1038 0.2074
0.3570 -0.1013 0.2102
0.3602 -0.0989 0.2131
0.3632 -0.0965 0.2159
0.3661 -0.0940 0.2187
0.3689 -0.0915 0.2213
0.3765 -0.0897 0.2214
0.3809 -0.0878 0.2233
0.3843 -0.0861 0.2260
0.3874 -0.0847 0.2289
0.3903 -0.0836 0.2321
0.3932 -0.0829 0.2356
0.3973 -0.0834 0.2348
0.4006 -0.0836 0.2372
0.4036 -0.0838 0.2407
0.4067 -0.0843 0.2447
0.4096 -0.0851 0.2491
0.4115 -0.0867 0.2519
0.4118 -0.0891 0.2525
0.4140 -0.0910 0.2560
0.4166 -0.0928 0.2604
0.4194 -0.0946 0.2652
0.4221 -0.0965 0.2702
0.4227 -0.0993 0.2724
0.4207 -0.1029 0.2707
0.4217 -0.1055 0.2734
0.4236 -0.1076 0.2775
0.4259 -0.1095 0.2822
0.4281 -0.1114 0.2871
0.4210 -0.1010 0.2735
0.4014 -0.0742 0.2351
0.3965 -0.0666 0.2258
0.3962 -0.0650 0.2256
0.3973 -0.0653 0.2284
0.3989 -0.0662 0.2322
0.4006 -0.0672 0.2364
0.3659 -0.0345 0.1699
0.3558 -0.0247 0.1508
0.3535 -0.0221 0.1467
0.3536 -0.0220 0.1474
0.3546 -0.0226 0.1495
0.3557 -0.0234 0.1522
0.3062 0.0294 0.0605
0.2909 0.0458 0.0321
0.2864 0.0507 0.0237
0.2852 0.0520 0.0217
0.2851 0.0520 0.0216
0.2853 0.0518 0.0221
0.2680 0.0699 -0.0112
0.2625 0.0755 -0.0216
0.2608 0.0770 -0.0248
0.2603 0.0773 -0.0258
0.2601 0.0772 -0.0259
0.2600 0.0770 -0.0259
0.2533 0.0796 -0.0288
0.2512 0.0803 -0.0297
0.2505 0.0805 -0.0301
0.2503 0.0804 -0.0303
0.2502 0.0804 -0.0305
0.2502 0.0804 -0.0307
0.2500 0.0812 -0.0320
0.2498 0.0816 -0.0326
0.2496 0.0819 -0.0330
0.2494 0.0823 -0.0333
0.2491 0.0826 -0.0336
0.2490 0.0838 -0.0344
0.2488 0.0861 -0.0359
0.2486 0.0872 -0.0365
0.2483 0.0878 -0.0368
0.2479 0.0883 -0.0370
0.2476 0.0887 -0.0372
0.2469 0.0896 -0.0380
0.2457 0.0912 -0.0399
0.2451 0.0920 -0.0406
0.2447 0.0924 -0.0409
0.2443 0.0927 -0.0411
0.2440 0.0930 -0.0413
0.2428 0.0937 -0.0420
0.2407 0.0949 -0.0433
0.2399 0.0954 -0.0438
0.2394 0.0958 -0.0440
0.2391 0.0960 -0.0442
0.2389 0.0962 -0.0443
0.2387 0.0965 -0.0444
0.0563 0.1463 0.0096
-0.0013 0.1623 0.0265
-0.0196 0.1676 0.0318
-0.0255 0.1695 0.0334
-0.0275 0.1704 0.0339
-0.0283 0.1709 0.0341
-0.0301 0.1734 0.0323
-0.0308 0.1744 0.0318
-0.0312 0.1751 0.0316
-0.0315 0.1756 0.0315
-0.0318 0.1761 0.0316
-0.0323 0.1764 0.0316
-0.0330 0.1767 0.0315
-0.0334 0.1771 0.0316
-0.0337 0.1775 0.0317
-0.0340 0.1778 0.0318
-0.0343 0.1782 0.0319
-0.0347 0.1784 0.0322
-0.0354 0.1784 0.0327
-0.0358 0.1786 0.0330
-0.0361 0.1788 0.0331
-0.0363 0.1791 0.0332
-0.0365 0.1793 0.0333
-0.0369 0.1793 0.0336
-0.0374 0.1791 0.0341
-0.0377 0.1791 0.0343
-0.0379 0.1792 0.0345
-0.0381 0.1793 0.0346
-0.0382 0.1794 0.0347
-0.0386 0.1796 0.0349
-0.0393 0.1799 0.0351
-0.0396 0.1802 0.0351
-0.0397 0.1804 0.0351
-0.0398 0.1807 0.0352
-0.0398 0.1809 0.0352
-0.0399 0.1812 0.0352
-0.0409 0.1810 0.0366
-0.0413 0.1811 0.0370
-0.0414 0.1813 0.0371
-0.0415 0.1815 0.0371
-0.0416 0.1816 0.0372
-0.0416 0.1817 0.0371
-0.0418 0.1809 0.0381
-0.0418 0.1806 0.0383
-0.0418 0.1804 0.0384
-0.0418 0.1803 0.0384
-0.0418 0.1802 0.0384
-0.0417 0.1800 0.0384
-0.0424 0.1807 0.0383
-0.0426 0.1809 0.0383
-0.0427 0.1809 0.0383
-0.0427 0.1809 0.0384
-0.0428 0.1810 0.0384
-0.0428 0.1811 0.0384
-0.0430 0.1817 0.0380
-0.0431 0.1820 0.0378
-0.0431 0.1822 0.0378
-0.0432 0.1824 0.0377
-0.0434 0.1827 0.0376
-0.0435 0.1830 0.0375
-0.0442 0.1835 0.0374
-0.0445 0.1838 0.0373
-0.0446 0.1840 0.0373
-0.0447 0.1841 0.0373
-0.0447 0.1842 0.0374
-0.0449 0.1842 0.0375
-0.0452 0.1841 0.0379
-0.0453 0.1841 0.0380
-0.0453 0.1841 0.0381
-0.0453 0.1840 0.0382
-0.0454 0.1840 0.0383
-0.0453 0.1838 0.0383
-0.0461 0.1842 0.0390
-0.0463 0.1840 0.0393
-0.0463 0.1832 0.0396
-0.0460 0.1820 0.0400
-0.0450 0.1777 0.0413
-0.0443 0.1742 0.0423
-0.0443 0.1742 0.0423
-0.0433 0.1697 0.0437
-0.0422 0.1638 0.0456
-0.0408 0.1566 0.0480
-0.0391 0.1480 0.0507
-0.0375 0.1374 0.0546
-0.0355 0.1261 0.0578
-0.0335 0.1137 0.0608
-0.0314 0.1001 0.0636
-0.0293 0.0852 0.0661
-0.0273 0.0689 0.0687
-0.0256 0.0513 0.0712
-0.0239 0.0326 0.0728
-0.0224 0.0130 0.0735
-0.0214 -0.0069 0.0732
-0.0207 -0.0266 0.0719
-0.0211 -0.0451 0.0694
-0.0229 -0.0625 0.0656
-0.0241 -0.0806 0.0617
-0.0255 -0.0987 0.0571
-0.0271 -0.1162 0.0520
-0.0289 -0.1330 0.0464
-0.0314 -0.1485 0.0405
-0.0347 -0.1626 0.0345
-0.0376 -0.1769 0.0282
-0.0402 -0.1909 0.0216
-0.0428 -0.2044 0.0148
-0.0452 -0.2170 0.0079
-0.0467 -0.2301 0.0017
-0.0469 -0.2439 -0.0038
-0.0480 -0.2546 -0.0098
-0.0491 -0.2636 -0.0158
-0.0500 -0.2711 -0.0213
-0.0506 -0.2774 -0.0263
-0.0514 -0.2870 -0.0347
-0.0516 -0.2904 -0.0379
-0.0525 -0.2924 -0.0400
-0.0528 -0.2938 -0.0418
-0.0527 -0.2941 -0.0429
-0.0527 -0.2941 -0.0429
-0.0524 -0.2931 -0.0433
-0.0518 -0.2906 -0.0425
-0.0510 -0.2860 -0.0404
-0.0500 -0.2794 -0.0371
-0.0488 -0.2707 -0.0329
-0.0474 -0.2602 -0.0280
-0.0458 -0.2480 -0.0228
-0.0439 -0.2333 -0.0167
-0.0421 -0.2177 -0.0109
-0.0405 -0.2010 -0.0054
-0.0389 -0.1833 -0.0003
-0.0375 -0.1648 0.0042
-0.0362 -0.1461 0.0085
-0.0348 -0.1275 0.0127
-0.0338 -0.1091 0.0153
-0.0330 -0.0914 0.0169
-0.0325 -0.0747 0.0180
-0.0322 -0.0593 0.0186
-0.0320 -0.0449 0.0192
-0.0316 -0.0315 0.0196
-0.0315 -0.0194 0.0193
-0.0315 -0.0084 0.0186
-0.0316 0.0016 0.0175
-0.0318 0.0109 0.0161
-0.0321 0.0197 0.0146
-0.0323 0.0280 0.0128
-0.0327 0.0356 0.0107
-0.0333 0.0428 0.0085
-0.0339 0.0497 0.0061
-0.0345 0.0563 0.0035
-0.0354 0.0629 0.0026
-0.0365 0.0694 0.0038
-0.0371 0.0747 0.0027
-0.0375 0.0795 0.0010
-0.0379 0.0839 -0.0010
-0.0382 0.0880 -0.0030
-0.0378 0.0924 -0.0041
-0.0367 0.0973 -0.0038
-0.0364 0.1008 -0.0050
-0.0363 0.1039 -0.0067
-0.0364 0.1067 -0.0084
-0.0365 0.1093 -0.0102
-0.0365 0.1114 -0.0117
-0.0367 0.1185 -0.0096
-0.0366 0.1215 -0.0095
-0.0365 0.1231 -0.0101
-0.0365 0.1242 -0.0108
-0.0365 0.1251 -0.0115
-0.0365 0.1258 -0.0124
-0.0375 0.1319 -0.0057
-0.0379 0.1341 -0.0040
-0.0381 0.1348 -0.0037
-0.0381 0.1350 -0.0039
-0.0382 0.1349 -0.0044
-0.0384 0.1375 -0.0028
-0.0386 0.1437 0.0017
-0.0388 0.1455 0.0029
-0.0389 0.1460 0.0032
-0.0390 0.1460 0.0031
-0.0391 0.1459 0.0028
-0.0390 0.1465 0.0048
-0.0388 0.1482 0.0101
-0.0388 0.1487 0.0116
-0.0388 0.1488 0.0119
-0.0387 0.1487 0.0118
-0.0387 0.1487 0.0115
-0.0384 0.1494 0.0126
-0.0377 0.1513 0.0155
-0.0374 0.1519 0.0164
-0.0373 0.1521 0.0166
-0.0372 0.1521 0.0166
-0.0371 0.1522 0.0166
-0.0372 0.1530 0.0175
-0.0378 0.1546 0.0198
-0.0379 0.1554 0.0204
-0.0379 0.1558 0.0205
-0.0377 0.1562 0.0204
-0.0375 0.1567 0.0201
-0.0373 0.1581 0.0203
-0.0374 0.1592 0.0223
-0.0372 0.1599 0.0227
-0.0370 0.1605 0.0226
-0.0367 0.1609 0.0223
-0.0367 0.1609 0.0223
-0.0363 0.1620 0.0225
-0.0366 0.1629 0.0242
-0.0365 0.1633 0.0246
-0.0362 0.1636 0.0245
-0.0359 0.1639 0.0243
-0.0356 0.1641 0.0241
-0.0352 0.1643 0.0239
-0.0348 0.1644 0.0236
-0.0348 0.1644 0.0236
-0.0345 0.1645 0.0234
-0.0341 0.1646 0.0232
-0.0337 0.1648 0.0229
-0.0333 0.1649 0.0226
-0.0349 0.1660 0.0237
-0.0352 0.1665 0.0239
-0.0351 0.1667 0.0237
-0.0347 0.1669 0.0234
-0.0343 0.1670 0.0231
-0.0339 0.1672 0.0228
-0.0360 0.1684 0.0228
-0.0365 0.1689 0.0225
-0.0363 0.1692 0.0222
-0.0360 0.1694 0.0218
-0.0357 0.1695 0.0215
-0.0353 0.1696 0.0212
-0.0377 0.1698 0.0222
-0.0383 0.1699 0.0223
-0.0382 0.1700 0.0221
-0.0380 0.1701 0.0218
-0.0377 0.1702 0.0214
-0.0377 0.1706 0.0211
-0.0383 0.1714 0.0208
-0.0383 0.1717 0.0204
-0.0381 0.1719 0.0200
-0.0379 0.1720 0.0196
-0.0377 0.1721 0.0193
-0.0371 0.1724 0.0186
-0.0368 0.1725 0.0182
-0.0365 0.1726 0.0178
-0.0362 0.1728 0.0174
-0.0359 0.1730 0.0171
-0.0359 0.1730 0.0171
-0.0371 0.1734 0.0166
-0.0413 0.1735 0.0172
-0.0426 0.1737 0.0171
-0.0430 0.1738 0.0168
-0.0430 0.1739 0.0164
-0.0430 0.1739 0.0161
-0.0429 0.1740 0.0158
-0.0429 0.1741 0.0155
-0.0429 0.1742 0.0151
-0.0430 0.1744 0.0148
-0.0430 0.1746 0.0144
-0.0430 0.1746 0.0144
-0.0430 0.1748 0.0140
-0.0455 0.1732 0.0170
-0.0463 0.1729 0.0177
-0.0466 0.1730 0.0177
-0.0467 0.1732 0.0175
-0.0467 0.1734 0.0172
-0.0470 0.1730 0.0181
-0.0478 0.1716 0.0207
-0.0481 0.1713 0.0214
-0.0481 0.1713 0.0215
-0.0481 0.1715 0.0213
-0.0480 0.1718 0.0211
-0.0482 0.1716 0.0219
-0.0486 0.1710 0.0239
-0.0486 0.1710 0.0244
-0.0486 0.1710 0.0244
-0.0484 0.1711 0.0243
-0.0483 0.1711 0.0242
-0.0484 0.1711 0.0240
-0.0489 0.1709 0.0238
-0.0489 0.1709 0.0237
-0.0487 0.1710 0.0236
-0.0486 0.1710 0.0235
-0.0484 0.1711 0.0233
-0.0486 0.1712 0.0231
-0.0493 0.1711 0.0230
-0.0494 0.1711 0.0229
-0.0493 0.1712 0.0228
-0.0492 0.1712 0.0227
-0.0491 0.1712 0.0227
-0.0489 0.1712 0.0226
-0.0499 0.1707 0.0236
-0.0501 0.1704 0.0238
-0.0500 0.1704 0.0239
-0.0500 0.1703 0.0239
-0.0499 0.1703 0.0239
-0.0497 0.1702 0.0239
-0.0509 0.1700 0.0244
-0.0513 0.1700 0.0245
-0.0513 0.1700 0.0245
-0.0512 0.1700 0.0245
-0.0512 0.1700 0.0245
-0.0510 0.1700 0.0245
-0.0516 0.1694 0.0248
-0.0517 0.1692 0.0248
-0.0516 0.1692 0.0249
-0.0515 0.1691 0.0249
-0.0513 0.1691 0.0249
-0.0515 0.1692 0.0249
-0.0522 0.1694 0.0250
-0.0523 0.1695 0.0250
-0.0523 0.1695 0.0251
-0.0522 0.1695 0.0252
-0.0520 0.1695 0.0252
-0.0523 0.1695 0.0254
-0.0532 0.1693 0.0258
-0.0533 0.1693 0.0260
-0.0533 0.1693 0.0261
-0.0532 0.1693 0.0262
-0.0530 0.1693 0.0262
-0.0531 0.1694 0.0263

