0.4631 -1.0667 0.2861
-0.3200 -1.0681 0.0531
-0.4055 -1.1947 -0.1412
0.4717 -1.3987 0.3532
0.5226 -1.1954 0.1495
-0.3941 -1.1815 0.1069
0.5203 -1.0672 0.2166
0.4659 -0.9836 0.2759
0.1944 -0.5050 0.5315
-0.0443 -0.6221 0.5602
-0.0380 -0.6705 0.7400
0.0582 -0.2378 0.3948
0.2433 -0.5924 0.5969
-0.0411 -0.4711 0.4535
-0.2285 -0.8961 1.4426
-0.2333 -0.6783 1.0422
-0.0308 0.0506 0.0580
-0.0178 0.1002 0.0354
-0.0260 0.0721 0.0469
-0.0261 0.0729 0.0383
-0.0205 -0.5020 0.6527
-0.1080 -0.3799 0.1275
-0.0366 0.0643 0.0637
0.0361 -0.7418 1.0434
0.0929 -0.0420 0.3571
-0.0060 -0.5963 0.8454
-0.0424 0.0764 0.0526
-0.0472 0.0794 0.0612
-0.0495 0.0545 0.0662
0.0377 0.0401 0.2324
-0.0499 0.0629 0.1593
-0.0413 0.0340 0.0883
-0.0311 0.0273 0.0873
0.0419 -0.0615 0.2737
-0.0348 0.0236 0.0837
0.5331 -0.2395 0.9178
-0.0177 0.0754 0.0678
-0.0303 0.0796 0.1686
-0.0665 -0.2569 0.4986
-0.0782 -0.0020 0.0878
-0.0145 0.0902 0.0745
-0.1773 -0.1222 0.7019
0.0125 0.0660 0.1245
-0.0288 0.0941 0.0613
-0.4182 -1.0157 0.6665
0.2062 -0.8375 0.2055
-0.1393 -0.0373 0.5235
0.4931 -1.0943 0.1513
0.4221 -0.5156 0.4342
0.4584 -0.5656 0.4557
0.5077 -1.1190 0.1718
0.4997 -0.9328 0.3537
0.5170 -1.1583 0.1279
0.4780 -1.1011 0.1758
0.4339 -0.9769 0.3561
-0.1214 -1.2222 0.3616
0.3781 -0.8826 0.3083
0.4636 -0.9921 0.3031
0.0465 -0.3224 0.5037
-0.1058 -0.5648 1.0072
0.4524 -1.0237 0.3743
0.1463 -0.5530 0.6614
0.1435 -0.5941 0.6777
0.4340 -1.0039 0.3112
-0.1368 -0.5856 0.7511
-0.0951 -0.5760 0.6774
0.3617 -1.3293 0.2929
-0.2078 -0.5515 0.7757
0.4873 -1.1767 0.3028
0.2996 -0.7215 0.3168
0.0304 -0.5748 0.8595
0.0282 -0.6400 0.9786
-0.1035 -0.7202 0.8540
-0.0302 -0.5720 0.5528
-0.0315 -0.5909 0.6826
0.0997 -0.5341 0.7086
0.4155 -1.0573 0.3658
-0.0211 -0.5860 0.5579
0.0624 -0.6060 0.9517
0.3339 -1.2977 0.2700
0.2556 -0.5388 0.7667
0.5293 -0.5757 0.8120
0.0418 -0.5970 0.9471
0.0142 -0.6078 0.7628
-0.0750 -0.5570 0.7047
-0.2026 -0.6249 0.8023
0.2877 -0.5717 0.7863
0.5158 -0.5385 0.8058
0.2236 -0.5722 0.3044
-0.1959 -0.5694 0.7299
-0.2078 -0.5503 0.7739
-0.1504 -0.5394 0.7082
-0.0214 -0.5884 0.5575
0.2109 -0.5604 0.4972
-0.0274 -0.6189 0.6041
-0.1751 -0.5526 0.9461
-0.1824 -0.5348 0.9085
-0.0303 -0.5492 0.6453
-0.1837 -0.5701 0.7458
0.4865 -0.5841 0.6766
-0.1306 -0.5602 0.7255
-0.2116 -0.5479 0.7672
-0.1963 -0.5497 0.7806
0.5097 -0.5463 0.7787
0.4828 -0.5592 0.6322
0.4274 -0.5311 0.4428
0.0304 -0.5538 0.8326
0.0602 -0.5483 0.8726
0.0840 -0.5168 0.7231
0.5132 -0.5544 0.8244
0.4547 -0.5716 0.4670
-0.0761 -0.5643 0.7078
0.2614 -0.5316 0.7898
0.5352 -0.5844 0.8146
-0.0321 -0.5589 0.6519
-0.2553 -0.5745 0.6077
0.5366 -0.5514 0.9620
-0.2093 -0.5557 0.7800
-0.1788 -0.5520 0.9425
0.5786 -0.5916 1.0200
-0.1192 -0.5650 0.6781
-0.1763 -0.5624 0.9601
0.5459 -0.5696 0.8396
0.3045 -0.5731 0.8578
0.0400 -0.5694 0.9106
-0.2168 -0.5652 0.7857
0.0277 -0.5666 0.8843
-0.1669 -0.5705 0.9771
-0.0205 0.0970 0.0630

