0.0000 0.0000 0.0000
0.0000 0.0000 0.0000
0.0000 0.0000 0.0000
0.0000 0.0000 0.0000
0.0000 0.0000 0.0000
0.0000 0.0000 0.0000
0.1190 -0.3765 -0.8849
0.1251 -0.3931 -0.8741
0.1211 -0.4130 -0.8453
0.1243 -0.4207 -0.8468
0.1354 -0.4091 -0.8323
0.1354 -0.4091 -0.8323
0.1484 -0.4214 -0.8346
0.1481 -0.4300 -0.8518
0.1425 -0.4380 -0.8458
0.1354 -0.4481 -0.8470
0.1367 -0.4530 -0.8482
0.1499 -0.4568 -0.8561
0.1439 -0.4650 -0.8446
0.1439 -0.4650 -0.8446
0.1453 -0.4923 -0.8745
0.1608 -0.5016 -0.9023
0.1555 -0.5095 -0.8776
0.1476 -0.5175 -0.9045
0.1437 -0.5245 -0.9111
0.1190 -0.5333 -0.9013
0.1089 -0.5182 -0.9134
0.0912 -0.4895 -0.8943
0.0653 -0.4662 -0.8849
0.0864 -0.5106 -0.8297
0.0864 -0.5106 -0.8297
0.0445 -0.4945 -0.8277
0.0128 -0.5127 -0.9040
-0.0326 -0.4959 -0.9529
-0.0717 -0.4573 -0.9336
-0.0921 -0.4418 -0.8433
-0.0921 -0.4418 -0.8433
-0.0529 -0.4957 -0.7387
-0.0274 -0.5364 -0.6832
-0.0365 -0.5526 -0.7376
-0.0755 -0.5447 -0.8990
-0.0811 -0.5198 -0.9729
-0.0811 -0.5198 -0.9729
-0.0868 -0.5050 -0.8977
-0.0859 -0.5105 -0.8068
-0.0791 -0.5212 -0.7468
-0.0932 -0.5334 -0.7131
-0.0932 -0.5334 -0.7131
-0.1743 -0.5309 -0.6885
-0.1688 -0.5623 -0.8056
-0.1215 -0.5994 -0.8177
-0.1025 -0.6213 -0.7516
-0.1203 -0.5683 -0.7302
-0.0819 -0.5596 -0.8069
-0.0301 -0.5564 -0.8153
-0.0177 -0.5762 -0.7882
-0.0468 -0.6171 -0.8413
-0.0733 -0.6616 -0.8182
-0.0733 -0.6616 -0.8182
-0.1122 -0.6796 -0.8375
-0.0901 -0.6806 -0.9310
-0.0990 -0.6809 -0.8124
-0.0964 -0.7146 -0.8185
-0.1064 -0.7295 -0.7552
-0.1064 -0.7295 -0.7552
-0.0752 -0.8013 -0.8393
-0.0552 -0.8364 -0.9079
-0.0467 -0.8712 -0.9364
-0.0452 -0.8681 -0.9137
-0.0452 -0.8681 -0.9137
-0.0180 -0.8615 -0.9350
-0.0129 -0.8144 -0.9389
-0.0053 -0.7497 -0.9281
0.0237 -0.7435 -0.7903
0.0237 -0.7435 -0.7903
-0.0142 -0.7139 -0.7550
-0.0228 -0.6671 -0.7708
-0.0229 -0.5837 -0.7304
-0.0078 -0.5174 -0.6868
0.0221 -0.4915 -0.6373
0.0221 -0.4915 -0.6373
0.0400 -0.4839 -0.5839
0.0574 -0.4490 -0.5595
0.0811 -0.4502 -0.5542
0.0666 -0.4778 -0.5399
-0.0285 -0.4587 -0.5677
-0.0285 -0.4587 -0.5677
-0.0607 -0.5333 -0.6212
-0.0714 -0.5078 -0.8030
-0.0545 -0.5156 -0.7136
-0.0622 -0.5965 -0.6616
-0.0343 -0.6422 -0.6934
-0.0343 -0.6422 -0.6934
0.0244 -0.6284 -0.6850
0.0621 -0.6096 -0.6601
0.0194 -0.6463 -0.6815
-0.0124 -0.6534 -0.6751
0.0104 -0.6422 -0.6527
0.0104 -0.6422 -0.6527
0.0418 -0.6676 -0.6709
0.0217 -0.6984 -0.6865
0.0007 -0.6975 -0.6519
-0.0149 -0.7112 -0.6393
-0.0149 -0.7112 -0.6393
-0.0308 -0.7132 -0.6720
-0.0157 -0.7109 -0.6975
0.0034 -0.7072 -0.6866
0.0100 -0.7105 -0.6893
-0.0018 -0.6976 -0.6840
-0.0018 -0.6976 -0.6840
-0.0024 -0.7082 -0.6924
0.0040 -0.7115 -0.6908
0.0011 -0.7040 -0.6954
0.0029 -0.7173 -0.6872
0.0044 -0.7201 -0.6535
0.0044 -0.7201 -0.6535
-0.0018 -0.7132 -0.6608
0.0070 -0.7189 -0.6726
0.0077 -0.7253 -0.6816
0.0090 -0.7220 -0.6688
0.0060 -0.7202 -0.6834
0.0060 -0.7202 -0.6834
0.0045 -0.7195 -0.6796
-0.0005 -0.7189 -0.6665
0.0008 -0.7180 -0.6674
0.0042 -0.7129 -0.6642
0.0121 -0.7146 -0.6944
0.0121 -0.7146 -0.6944
0.0049 -0.7137 -0.6913
0.0107 -0.7197 -0.6822
0.0000 -0.7219 -0.6746
-0.0007 -0.7275 -0.6818
-0.0007 -0.7275 -0.6818
-0.0085 -0.7157 -0.6759
0.0002 -0.7116 -0.6864
0.0093 -0.7053 -0.6884
-0.0093 -0.7000 -0.6954
-0.0162 -0.6881 -0.7154
-0.0162 -0.6881 -0.7154
-0.0074 -0.6750 -0.7287
-0.0044 -0.6611 -0.7292
-0.0067 -0.6691 -0.7108
0.0013 -0.6764 -0.6848
0.0012 -0.6899 -0.6669
0.0012 -0.6899 -0.6669
0.0070 -0.6877 -0.6752
0.0155 -0.6893 -0.6890
0.0042 -0.7063 -0.6806
0.0050 -0.7179 -0.6593
0.0019 -0.7093 -0.6559
0.0019 -0.7093 -0.6559
0.0092 -0.6961 -0.6604
0.0156 -0.6953 -0.6808
0.0156 -0.6881 -0.6936
0.0077 -0.6868 -0.6794
0.0077 -0.6868 -0.6794
-0.0037 -0.7218 -0.6555
-0.0052 -0.7368 -0.6532
0.0120 -0.7270 -0.6538
0.0223 -0.7269 -0.6630
0.0350 -0.7406 -0.6786
0.0350 -0.7406 -0.6786
0.0279 -0.7487 -0.6674
0.0165 -0.7624 -0.6534
0.0199 -0.7727 -0.6521
0.0375 -0.7713 -0.6752
0.0408 -0.7712 -0.7039
0.0408 -0.7712 -0.7039
0.0349 -0.7748 -0.6681
0.0258 -0.7899 -0.6505
0.0172 -0.7919 -0.6586
0.0169 -0.7891 -0.6614
0.0259 -0.7876 -0.6698
0.0259 -0.7876 -0.6698
0.0469 -0.7847 -0.6690
0.0417 -0.7784 -0.6664
0.0359 -0.7972 -0.6714
0.0285 -0.8023 -0.6678
0.0413 -0.7826 -0.6533
0.0413 -0.7826 -0.6533
0.0421 -0.7882 -0.6529
0.0242 -0.7827 -0.6431
0.0158 -0.7841 -0.6449
0.0231 -0.7737 -0.6194
0.0231 -0.7737 -0.6194
0.0122 -0.7747 -0.5881
0.0187 -0.7756 -0.5878
0.0209 -0.7667 -0.5754
0.0185 -0.7699 -0.5719
0.0094 -0.7758 -0.5516
0.0094 -0.7758 -0.5516
0.0106 -0.7712 -0.5551
0.0088 -0.7789 -0.5549
0.0043 -0.7873 -0.5389
-0.0008 -0.7991 -0.5275
0.0097 -0.8026 -0.5208
0.0097 -0.8026 -0.5208
0.0206 -0.7945 -0.5205
0.0125 -0.8123 -0.5194
0.0108 -0.8219 -0.5258
0.0122 -0.8187 -0.5204
0.0105 -0.8149 -0.5241
0.0105 -0.8149 -0.5241
0.0118 -0.8207 -0.5347
0.0151 -0.8274 -0.5497
0.0124 -0.8253 -0.5517
0.0154 -0.8272 -0.5366
0.0221 -0.8293 -0.5406
0.0221 -0.8293 -0.5406
0.0198 -0.8248 -0.5509
0.0244 -0.8245 -0.5538
0.0148 -0.8263 -0.5449
0.0120 -0.8246 -0.5326
0.0120 -0.8246 -0.5326
0.0142 -0.8241 -0.5408
0.0123 -0.8256 -0.5399
0.0077 -0.8302 -0.5408
0.0073 -0.8360 -0.5544
0.0229 -0.8313 -0.5610
0.0229 -0.8313 -0.5610
0.0245 -0.8289 -0.5465
0.0081 -0.8280 -0.5379
0.0065 -0.8365 -0.5307
0.0115 -0.8364 -0.5392
0.0107 -0.8327 -0.5589
0.0107 -0.8327 -0.5589
0.0102 -0.8308 -0.5541
0.0176 -0.8256 -0.5444
0.0191 -0.8204 -0.5268
0.0159 -0.8253 -0.5211
0.0160 -0.8274 -0.5261
0.0160 -0.8274 -0.5261
0.0231 -0.8255 -0.5272
0.0253 -0.8288 -0.5360
0.0244 -0.8294 -0.5432
0.0224 -0.8274 -0.5303
0.0187 -0.8313 -0.5207
0.0187 -0.8313 -0.5207
0.0242 -0.8267 -0.5250
0.0205 -0.8357 -0.5395
0.0142 -0.8356 -0.5397
0.0255 -0.8419 -0.5429
0.0255 -0.8419 -0.5429
0.0278 -0.8302 -0.5412
0.0273 -0.8225 -0.5435
0.0340 -0.8232 -0.5394
0.0275 -0.8253 -0.5299
0.0190 -0.8304 -0.5276
0.0190 -0.8304 -0.5276
0.0282 -0.8394 -0.5275
0.0355 -0.8292 -0.5144
0.0309 -0.8350 -0.5162
0.0301 -0.8368 -0.5313
0.0320 -0.8291 -0.5309
0.0320 -0.8291 -0.5309
0.0230 -0.8297 -0.5204
0.0242 -0.8334 -0.5268
0.0187 -0.8423 -0.5338
0.0188 -0.8371 -0.5379
0.0178 -0.8299 -0.5383
0.0178 -0.8299 -0.5383
0.0152 -0.8338 -0.5288
0.0192 -0.8423 -0.5271
0.0086 -0.8385 -0.5271
0.0103 -0.8419 -0.5319
0.0257 -0.8441 -0.5369
0.0257 -0.8441 -0.5369
0.0227 -0.8391 -0.5206
0.0150 -0.8377 -0.5332
0.0210 -0.8421 -0.5373
0.0195 -0.8361 -0.5375
0.0194 -0.8333 -0.5261
0.0194 -0.8333 -0.5261
0.0208 -0.8343 -0.5238
0.0145 -0.8250 -0.5131
0.0202 -0.8252 -0.5247
0.0187 -0.8268 -0.5130
0.0187 -0.8268 -0.5130
0.0147 -0.8326 -0.5246
0.0146 -0.8428 -0.5069
0.0081 -0.8381 -0.5332

