0.0125 -0.0432 0.0244
-0.0300 -0.0187 0.0046
-0.0365 -0.0241 -0.0016
0.0124 0.0056 -0.0024
0.0517 -0.0006 -0.0058
0.0491 -0.0149 0.0070
0.0278 -0.0314 0.0240
0.0228 -0.0209 0.0234
0.0202 -0.0059 0.0172
0.0064 0.0358 0.0001
0.0088 0.0257 0.0064
0.0156 0.0052 0.0134
0.0380 -0.0074 0.0149
0.0514 0.0076 0.0066
0.0473 0.0138 0.0034
0.0306 0.0103 -0.0016
0.0310 -0.0047 -0.0069
0.0376 0.0035 -0.0151
0.0348 0.0406 -0.0135
0.0262 0.0398 -0.0052
0.0136 0.0056 0.0026
0.0197 -0.0429 0.0081
0.0252 -0.0430 0.0089
0.0084 -0.0053 0.0102
0.0023 0.0394 0.0215
0.0215 0.0316 0.0237
0.0559 -0.0055 0.0097
0.0339 -0.0196 0.0063
0.0098 -0.0077 0.0063
-0.0104 0.0142 0.0054
0.0182 -0.0028 0.0082
0.0289 0.0011 -0.0019
0.0159 0.0310 -0.0197
-0.0088 0.0151 -0.0128
-0.0043 0.0147 -0.0096
0.0187 0.0334 -0.0073
0.0213 0.0579 -0.0026
0.0181 0.0530 -0.0030
-0.0135 -0.0185 0.0059
-0.0172 -0.0533 0.0150
-0.0182 -0.0437 0.0115
-0.0225 -0.0101 0.0177
-0.0193 -0.0037 0.0054
-0.0206 -0.0039 0.0002
-0.0127 0.0060 0.0065
-0.0058 0.0037 0.0015
0.0094 -0.0229 -0.0152
-0.0006 -0.0215 -0.0126
0.0010 0.0009 -0.0116
0.0210 0.0088 -0.0091
0.0244 -0.0127 -0.0030
0.0169 -0.0113 -0.0053
0.0068 0.0133 -0.0043
0.0017 0.0136 0.0041
0.0017 0.0028 0.0064
0.0145 -0.0130 0.0078
0.0172 -0.0067 0.0089
0.0102 -0.0019 0.0091
-0.0064 -0.0012 0.0021
0.0064 -0.0008 -0.0028
0.0251 0.0001 -0.0015
0.0405 0.0119 0.0055
0.0139 0.0354 0.0013
-0.0017 0.0360 0.0095
-0.0051 0.0001 0.0255
0.0062 0.0083 0.0228
0.0279 -0.0079 0.0247
0.0861 0.0029 0.0097
0.0566 0.0256 0.0017
0.0167 0.0471 0.0093
-0.0287 0.0408 0.0122
-0.0147 0.0369 0.0107
0.0221 0.0286 0.0086
0.0752 0.0108 -0.0002
0.0455 0.0583 0.0017
0.0219 0.0597 0.0036
-0.0008 0.0081 -0.0109
0.0026 -0.0153 -0.0142
0.0237 0.0050 -0.0142
0.0192 0.0171 -0.0100
0.0107 0.0220 -0.0045
0.0020 0.0109 0.0045
0.0120 0.0264 0.0159
0.0132 0.0140 0.0228
-0.0067 -0.0117 0.0298
-0.0040 -0.0139 0.0219
0.0065 -0.0046 0.0098
0.0190 0.0064 0.0020
-0.0023 0.0182 -0.0021
-0.0164 0.0101 0.0021
-0.0045 0.0022 0.0058
0.0194 -0.0053 -0.0050
0.0202 -0.0091 -0.0022
0.0013 -0.0132 0.0001
-0.0065 -0.0040 0.0044
-0.0062 0.0209 0.0115
-0.0124 0.0065 0.0153
-0.0340 -0.0097 0.0197
-0.0322 -0.0156 0.0177
0.0020 -0.0195 0.0079
0.0292 -0.0147 0.0073
0.0210 -0.0053 -0.0026
0.0169 0.0186 0.0007
0.0236 0.0207 -0.0013
0.0262 0.0190 0.0023
0.0127 0.0109 0.0150
0.0088 0.0023 0.0092
0.0259 0.0026 -0.0018
0.0275 0.0107 0.0051
0.0146 0.0158 0.0122
-0.0010 0.0176 0.0118
-0.0142 0.0073 0.0072
-0.0155 -0.0020 0.0094
0.0024 0.0021 0.0048
0.0175 0.0104 -0.0048
0.0156 0.0136 -0.0082
0.0100 0.0187 -0.0075
0.0083 0.0142 0.0106
0.0114 0.0119 0.0107
0.0195 -0.0016 0.0020
0.0247 0.0036 0.0032
0.0238 0.0094 -0.0020
0.0227 0.0157 0.0049
0.0224 0.0196 0.0032
0.0165 0.0316 -0.0022
-0.0022 0.0097 0.0106
-0.0134 0.0033 0.0128
-0.0071 -0.0223 0.0161
0.0246 -0.0031 0.0170
0.0264 0.0172 0.0124
0.0037 0.0337 0.0156
0.0055 -0.0016 0.0176
0.0222 -0.0107 0.0098
0.0298 -0.0029 -0.0054
0.0184 0.0030 -0.0025
0.0137 -0.0027 -0.0003
0.0333 -0.0030 0.0057
0.0459 0.0122 0.0018
0.0319 0.0223 0.0101
0.0029 0.0277 0.0087
0.0177 -0.0049 0.0067
0.0286 -0.0141 0.0066
0.0339 0.0002 0.0055
0.0095 0.0266 0.0046
0.0045 0.0338 0.0110
0.0147 0.0236 0.0075
0.0150 0.0351 0.0109
0.0033 0.0549 0.0106
0.0939 0.2011 -0.0752
0.1897 0.0830 -0.1217
0.1722 0.0334 -0.1005
0.0021 -0.0200 -0.0587
-0.0641 0.0029 -0.0221
-0.0924 0.0108 0.0353
-0.0614 -0.0177 0.0926
-0.0388 0.0076 0.0857
-0.0436 -0.0074 0.0705
0.0336 0.0968 0.0212
0.0698 -0.0228 -0.0076
0.0081 -0.0556 0.0507
-0.0214 -0.0143 0.0384
-0.0252 0.0106 0.0367
0.0113 0.0268 0.0303
0.0516 0.0479 0.0132
0.0523 0.0449 0.0108
0.0195 0.0168 0.0281
-0.0052 0.0111 0.0277
-0.0169 0.0147 0.0233
-0.0254 0.0115 0.0286
0.0017 0.0340 0.0221
0.0168 0.0363 0.0138
0.0304 0.0409 0.0204
0.0132 0.0373 0.0183
-0.0058 0.0420 0.0237
-0.0186 0.0341 0.0274
0.0065 0.0290 0.0201
0.0202 0.0298 0.0172
0.0124 0.0311 0.0126
0.0067 0.0309 0.0187
0.0011 0.0165 0.0254
-0.0023 0.0036 0.0291
-0.0107 0.0017 0.0256
-0.0157 0.0186 0.0238
-0.0188 0.0401 0.0282
-0.0231 0.0422 0.0320
-0.0350 0.0240 0.0393
-0.0422 0.0010 0.0306
-0.0414 -0.0014 0.0256
-0.0309 0.0262 0.0109
-0.0187 0.0429 0.0095
-0.0137 0.0461 0.0134
-0.0035 0.0253 0.0165
0.0100 0.0305 0.0033
-0.0006 0.0384 -0.0001
-0.0229 0.0495 -0.0029
-0.0234 0.0510 -0.0084
-0.0237 0.0515 -0.0119
-0.0276 0.0582 -0.0080
-0.0250 0.0498 -0.0078
-0.0219 0.0465 -0.0033
-0.0253 0.0319 0.0088
-0.0188 0.0457 0.0015
-0.0256 0.0649 0.0016
-0.0482 0.0790 0.0021
-0.0450 0.0487 0.0081
-0.0433 0.0310 0.0100
-0.0521 0.0155 -0.0049
-0.0561 0.0245 -0.0078
-0.0525 0.0416 -0.0194
-0.0270 0.0628 -0.0240
-0.0074 0.0626 -0.0328
-0.0251 0.0544 -0.0328
-0.0770 0.0566 -0.0294
-0.0874 0.0562 -0.0271
-0.0660 0.0463 -0.0260
-0.0275 0.0374 -0.0257
-0.0229 0.0402 -0.0284
-0.0413 0.0485 -0.0308
-0.0702 0.0362 -0.0348
-0.0677 0.0171 -0.0424
-0.0354 0.0030 -0.0323
-0.0241 -0.0091 -0.0465
-0.0270 -0.0047 -0.0512
-0.0298 -0.0072 -0.0530
-0.0429 -0.0134 -0.0434
-0.0606 -0.0162 -0.0332
-0.0965 -0.0167 -0.0196
-0.1067 -0.0350 -0.0133
-0.0951 -0.0444 -0.0171
-0.0581 -0.0498 -0.0286
-0.0364 -0.0483 -0.0340
-0.0308 -0.0481 -0.0365
-0.0107 -0.0410 -0.0387
0.0005 -0.0486 -0.0422
0.0192 -0.0468 -0.0383
0.0345 -0.0185 -0.0355
0.0385 -0.0021 -0.0295
0.0354 -0.0084 -0.0150
0.0372 -0.0112 -0.0179
0.0121 -0.0292 -0.0187
-0.0116 -0.0406 -0.0172
-0.0337 -0.0443 -0.0167
-0.0307 -0.0472 -0.0098
0.0082 -0.0413 0.0016
0.0376 -0.0271 0.0043
0.0483 -0.0353 0.0106
0.0710 -0.0486 0.0193
0.0757 -0.0390 0.0236
0.0962 -0.0224 0.0233
0.1056 -0.0143 0.0256
0.1124 -0.0076 0.0245
0.1073 -0.0047 0.0169
0.0901 0.0041 0.0153
0.0797 0.0177 0.0244
0.0857 0.0154 0.0240
0.0941 0.0054 0.0215
0.0763 0.0104 0.0296
0.0644 0.0222 0.0265
0.0318 0.0180 0.0323
0.0138 0.0114 0.0362
0.0148 -0.0008 0.0313
0.0160 0.0054 0.0324
0.0160 0.0054 0.0324
-0.0047 0.0288 0.0359
-0.0255 0.0286 0.0393
-0.0161 0.0279 0.0403
-0.0126 0.0340 0.0410
-0.0098 0.0187 0.0459
-0.0113 0.0082 0.0455
-0.0107 0.0184 0.0410
-0.0132 0.0367 0.0362
-0.0167 0.0379 0.0369
-0.0255 0.0526 0.0347
-0.0271 0.0227 0.0427
-0.0233 -0.0003 0.0398
-0.0166 -0.0039 0.0288
-0.0101 0.0125 0.0202
0.0071 0.0171 0.0237
0.0377 0.0172 0.0255
0.0469 -0.0108 0.0211
0.0358 -0.0138 0.0252
0.0143 0.0010 0.0314
0.0321 0.0093 0.0328
0.0413 0.0015 0.0279
0.0472 -0.0143 0.0297
0.0469 -0.0369 0.0281
0.0492 -0.0375 0.0283
0.0423 0.0001 0.0363
-0.0010 0.0590 0.0554
-0.0317 0.0797 0.0671
-0.0848 0.0882 0.0836
-0.1287 0.1210 0.0884
-0.1411 0.1396 0.0916
-0.1427 0.1544 0.1022
-0.1338 0.1706 0.1159
-0.1397 0.2282 0.1481
-0.1765 0.3066 0.1959
-0.2302 0.3870 0.2387
-0.2490 0.4389 0.2651
-0.2475 0.5064 0.3079
-0.2398 0.5577 0.3310
-0.2500 0.6800 0.3644
-0.3218 0.7945 0.3770
-0.3727 0.8503 0.3731
-0.4884 0.9448 0.3584
-0.5809 0.9528 0.3632
-0.6132 0.9212 0.3739
-0.6322 0.8355 0.4182
-0.6085 0.7623 0.5179
-0.5819 0.7480 0.5800
-0.5527 0.7512 0.6886
-0.5590 0.8044 0.8120
-0.5751 0.8134 0.8551
-0.5957 0.7626 0.9116
-0.5722 0.7308 0.9243
-0.5363 0.7196 0.9298
-0.4809 0.6883 0.9581
-0.4584 0.6802 0.9763
-0.4576 0.6809 0.9736
-0.4486 0.6765 0.9612
-0.4154 0.6437 0.9601
-0.3583 0.6147 0.9656
-0.2152 0.6811 0.9548
-0.1983 0.7179 0.9262
-0.2508 0.7917 0.9610
-0.3097 0.7946 0.9743
-0.3184 0.7453 0.9549
-0.3082 0.7043 0.9566
-0.2848 0.6008 1.0079
-0.2775 0.5818 1.0217
-0.1906 0.5654 0.9459
-0.0612 0.4721 0.9017
0.0084 0.4244 0.9173
0.1302 0.3935 0.9004
0.1773 0.4444 0.7492
0.1751 0.4849 0.6607
0.0859 0.6143 0.4725
-0.1012 0.7836 0.3814
-0.2133 0.8656 0.3653
-0.4484 0.9407 0.3924
-0.6894 0.8184 0.4258
-0.7523 0.7332 0.4286
-0.6373 0.5725 0.4043
-0.2425 0.4160 0.3455
-0.0188 0.3173 0.2908
0.2762 0.1224 0.1472
0.3111 -0.0451 -0.0235
0.2542 -0.0500 -0.1064
0.0902 -0.0253 -0.2367
-0.0176 0.0836 -0.3018
-0.0273 0.1184 -0.3127
0.0314 0.1776 -0.3142
0.0857 0.2206 -0.2785
0.0923 0.2432 -0.1622
0.0119 0.1784 0.0168
-0.0176 0.0945 0.0923
0.0343 -0.0060 0.1901
0.1298 0.0352 0.2138
0.1804 -0.0184 0.1199
0.3594 0.0169 -0.1849
0.4651 -0.0695 -0.3919
0.4232 -0.1615 -0.3987
0.2320 -0.1928 -0.2403
-0.0070 -0.0694 -0.0333
-0.1187 -0.0185 0.0526
-0.2342 0.0181 0.1760
-0.1512 0.0918 0.2068
-0.0585 0.0991 0.2114
0.1101 0.1131 0.2407
0.1512 0.1699 0.2928
0.1310 0.1949 0.3182
0.0816 0.2223 0.3409
0.0616 0.2077 0.3100
0.0389 0.1714 0.2898
0.0141 0.0982 0.2906
0.0361 0.0647 0.3093
0.1053 -0.0112 0.3884
0.0103 -0.0682 0.3864
-0.3180 0.1081 0.3519
-0.5041 0.2038 0.2915
-0.7151 0.2635 0.0762
-0.7017 0.3651 -0.0740
-0.4571 0.5590 -0.0154
-0.2738 0.7349 0.0983
-0.1108 0.8957 0.2512
0.0296 1.1030 0.6046
-0.0751 1.1579 0.9869
-0.3920 1.0195 1.2521
-0.7601 0.7363 1.3527
-0.8851 0.5842 1.3600
-0.9298 0.4598 1.3568
-0.8277 0.1879 1.3151
-0.5616 0.0445 1.2855
-0.3946 0.1041 1.3011
-0.1038 0.3930 1.3469
-0.0224 0.7322 1.3785
-0.0437 0.8275 1.3916
-0.1048 0.9148 1.4057
-0.1245 0.8777 1.3731
-0.1295 0.8230 1.3367
-0.1140 0.6023 1.2247
-0.0871 0.4739 1.1571
-0.0041 0.2401 1.0100
0.0511 0.1221 0.8587
0.0442 0.0798 0.7792
0.0157 0.0079 0.5962
0.1304 0.0645 0.4109
0.2694 0.1226 0.2677
0.2844 0.1194 0.2189
0.2125 0.0067 0.1530
0.1654 -0.0620 0.1039
0.1124 -0.1051 -0.0251
0.1553 0.0312 -0.1115
0.1669 0.0877 -0.1544
0.0775 -0.0077 -0.3007
0.0048 -0.2004 -0.3875
-0.0021 -0.3559 -0.4255
-0.0180 -0.8707 -0.5975
0.1967 -1.1682 -0.7672
0.4550 -1.0781 -0.7997
1.1001 -0.7461 -0.6989
1.3546 -0.7501 -0.5845
1.2596 -0.9342 -0.6203
0.6503 -1.3705 -0.9372
-0.2512 -1.6083 -1.4274
-0.5923 -1.5035 -1.6268
-0.8057 -1.1510 -1.8793
-0.5891 -0.9454 -1.9050
-0.4349 -0.8890 -1.8377
-0.1964 -0.8669 -1.6189
-0.1467 -0.8897 -1.5190
-0.1534 -0.9364 -1.3570
-0.1784 -0.8445 -1.2524
-0.1972 -0.7780 -1.2263
-0.2578 -0.6392 -1.2084
-0.3710 -0.4737 -1.1923
-0.4252 -0.3906 -1.1638
-0.4822 -0.3137 -1.0539
-0.4411 -0.2983 -0.8930
-0.3930 -0.3014 -0.8239
-0.2311 -0.2954 -0.6988
-0.0317 -0.1917 -0.5280
0.0602 -0.1126 -0.4123
0.1614 -0.0196 -0.1601
0.1457 0.0034 0.0413
0.1209 0.0071 0.1104
0.1344 0.0721 0.2095
0.2404 0.1873 0.2597
0.2067 0.2980 0.2790
0.1228 0.3732 0.3213
-0.0729 0.4331 0.3711
-0.1516 0.4249 0.3469
-0.1738 0.5067 0.3392
0.0960 0.8636 0.4994
0.2880 1.1342 0.6410
0.5321 1.5167 0.9854
0.4352 1.5810 1.3271
0.2723 1.4711 1.4581
-0.1381 1.1300 1.5433
-0.4856 0.8678 1.4515
-0.5450 0.7820 1.4173
-0.4283 0.6897 1.4130
-0.3141 0.7382 1.4327
-0.0900 0.9886 1.4853
0.0066 1.2417 1.5588
-0.0396 1.2659 1.6665
-0.0600 1.2224 1.7174
-0.0855 1.0459 1.7125
-0.0709 0.9639 1.6616
0.0747 0.8214 1.5333
0.2297 0.6992 1.3828
0.2581 0.6520 1.3130
0.2081 0.5599 1.1900
0.1405 0.3962 1.0786
0.1378 0.3190 1.0141
0.2030 0.2539 0.8542
0.1918 0.2391 0.6534
0.1001 0.1908 0.5610
-0.1057 0.0066 0.4224
-0.1487 -0.0683 0.2540
-0.0715 -0.0061 0.1649
0.2513 0.0745 0.1211
0.4549 -0.2134 0.1577
0.4296 -0.4963 0.1311
0.2433 -0.9919 -0.1113
0.1370 -1.2252 -0.3403
0.2159 -1.3763 -0.8101
0.7468 -1.0285 -0.9879
0.9893 -0.8543 -0.9191
1.0370 -0.9176 -0.6904
0.4833 -1.2519 -0.7109
-0.3799 -1.5274 -1.0806
-0.6960 -1.4602 -1.2683
-0.8542 -1.0915 -1.5246
-0.7607 -0.9027 -1.6093
-0.4528 -0.6173 -1.6522
-0.2258 -0.4941 -1.5433
-0.1769 -0.4478 -1.4618
-0.2084 -0.3833 -1.3000
-0.2935 -0.3457 -1.1686
-0.3222 -0.3087 -1.1180
-0.3601 -0.3226 -1.0250
-0.3607 -0.4194 -0.9381
-0.3337 -0.4472 -0.9134
-0.2655 -0.4660 -0.9001
-0.1963 -0.4816 -0.8450
-0.1547 -0.4695 -0.7775
-0.0359 -0.3992 -0.5958
0.1110 -0.2388 -0.3787
0.1729 -0.1479 -0.2529
0.2469 -0.0218 -0.0056
0.2320 -0.0502 0.1496
0.2174 -0.0903 0.1766
0.2639 -0.0623 0.2212
0.3533 0.0667 0.2591
0.5160 0.2417 0.2913
0.4320 0.5067 0.3075
0.3419 0.7222 0.3739
0.1461 1.0004 0.5083
-0.0670 0.8238 0.5431
-0.1083 0.6965 0.5706
0.1072 0.6286 0.7164
0.5658 0.9403 0.9403
0.7064 1.0910 1.0559
0.6105 1.2212 1.2573
0.2070 1.1430 1.3308
-0.0450 1.0089 1.3192
-0.4948 0.7276 1.2638
-0.7329 0.5941 1.1874
-0.7713 0.5580 1.1417
-0.6426 0.5614 1.1116
-0.3087 0.8457 1.1513
-0.1812 1.0201 1.1708
-0.1808 1.1431 1.2397
-0.3495 0.9601 1.3282
-0.3661 0.8264 1.3415
-0.1536 0.6623 1.2932
0.0010 0.6612 1.2328
0.1701 0.6640 1.0846
0.0854 0.6018 0.9867
-0.0356 0.5039 0.9323
-0.0499 0.4554 0.8886
0.0165 0.3743 0.7694
0.0774 0.3599 0.7058
0.1981 0.3319 0.6113
0.2303 0.2850 0.6043
0.2008 0.1693 0.6009
0.1851 0.1410 0.5882
0.1459 0.2100 0.5267
0.1212 0.3405 0.5181
0.0069 0.5644 0.5242
-0.1535 0.4107 0.5522
-0.1710 0.2888 0.5955
-0.0465 -0.0324 0.6844
0.0250 -0.5132 0.6026
-0.0447 -0.7756 0.4540
-0.1710 -1.0994 0.0496
0.1441 -0.8429 -0.2960
0.4608 -0.5485 -0.3901
0.9633 -0.2183 -0.4202
0.9149 -0.4819 -0.4629
0.7198 -0.7027 -0.5491
0.0802 -1.1068 -0.9171
-0.5193 -1.2662 -1.3870
-0.6235 -1.1799 -1.5708
-0.4863 -0.7927 -1.7966
-0.1982 -0.4412 -1.7685
-0.1057 -0.3301 -1.6958
-0.0840 -0.2677 -1.5074
-0.0986 -0.2907 -1.4114
-0.0702 -0.3855 -1.2325
0.1029 -0.4888 -1.1255
0.1922 -0.4972 -1.1021
0.2118 -0.4430 -1.0986
0.0369 -0.2149 -1.0572
-0.0935 -0.0980 -1.0324
-0.3503 0.1754 -0.9989
-0.4770 0.3624 -0.9330
-0.4608 0.3822 -0.8627
-0.3108 0.2693 -0.6423
-0.0655 0.1950 -0.3122
0.0183 0.2012 -0.1470
0.0223 0.1944 0.0918
-0.1073 0.0537 0.1711
-0.1738 -0.0781 0.1533
-0.1728 -0.2402 0.1158
0.0177 -0.0662 0.1294
0.1368 0.0846 0.1405
0.3273 0.5020 0.2097
0.3604 0.9072 0.4144
0.3017 0.9701 0.5161
0.0512 0.7242 0.6272
-0.1242 0.2394 0.6393
-0.0492 0.1575 0.6487
0.3748 0.2989 0.7141
0.8515 0.6506 0.9073
0.9277 0.7904 1.0339
0.7401 0.9122 1.2882
0.5684 0.9342 1.3866
0.1747 0.8595 1.4393
-0.2311 0.6305 1.3260
-0.3969 0.5322 1.2390
-0.6688 0.4576 0.9878
-0.8479 0.3055 0.7406
-0.8335 0.2212 0.6741
-0.4978 0.2439 0.6107
-0.0055 0.4972 0.6101
0.0967 0.5779 0.6026
0.0261 0.5418 0.5652
-0.0262 0.3862 0.5265
0.0124 0.2937 0.4842
0.1564 0.1071 0.3175
0.2365 -0.1701 0.0574
0.2242 -0.2916 -0.0954
0.0810 -0.4804 -0.4209
-0.0843 -0.6746 -0.7274
-0.0918 -0.7587 -0.8487
0.0259 -0.8648 -1.0238
0.1597 -0.9203 -1.1141
0.1796 -0.9394 -1.1323
0.1617 -1.0224 -1.1546
0.1366 -1.1493 -1.1941
0.1436 -1.2061 -1.2588
0.1533 -1.2681 -1.4588
0.1086 -1.2871 -1.5409
0.0349 -1.3152 -1.6050
0.1594 -1.3418 -1.6114
0.3817 -1.4229 -1.5507
0.4821 -1.4878 -1.5336
0.5698 -1.7077 -1.6207
0.5720 -1.7753 -1.6671
0.5552 -1.7800 -1.7032
0.2346 -2.0028 -1.8550
-0.1592 -2.3111 -2.0292
-1.0884 -2.9584 -2.3599
-1.2260 -2.6468 -2.5311
-0.9295 -2.1953 -2.5671
-0.0410 -1.4826 -2.3868
0.5107 -1.4849 -1.9821
0.5718 -1.6942 -1.7708
0.3820 -2.1768 -1.4791
-0.0174 -2.4908 -1.4509
-0.2074 -2.5184 -1.5082
-0.4695 -2.3409 -1.6860
-0.5736 -2.0268 -1.9130
-0.5723 -1.9122 -2.0080
-0.5413 -1.6878 -2.0477
-0.5483 -1.5106 -1.9228
-0.5679 -1.4741 -1.8429
-0.5816 -1.3916 -1.6819
-0.5770 -1.3495 -1.6352
-0.5412 -1.2645 -1.6001
-0.5294 -1.2099 -1.6200
-0.5291 -1.2436 -1.6462
-0.5012 -1.2566 -1.6474
-0.3805 -1.2181 -1.6481
-0.2158 -1.0982 -1.6321
-0.1563 -1.0459 -1.6076
-0.1126 -0.9933 -1.5380
-0.0899 -0.9978 -1.4907
0.0064 -0.9963 -1.4026
0.0796 -0.9151 -1.3869
0.0973 -0.8544 -1.3968
0.0661 -0.7919 -1.4102
0.0225 -0.7165 -1.3656
0.0276 -0.6538 -1.3345
0.0774 -0.5588 -1.2415
0.1165 -0.5335 -1.1089
0.1131 -0.5532 -1.0453
0.0867 -0.6046 -0.9489
0.0349 -0.6448 -0.9149
-0.0025 -0.6462 -0.9066
-0.0327 -0.5544 -0.8599
-0.0490 -0.4715 -0.7817
-0.0894 -0.4661 -0.7391
-0.2549 -0.6129 -0.7091
-0.4210 -0.7571 -0.7856
-0.4222 -0.7054 -0.8496
-0.2030 -0.4481 -0.9495
0.0625 -0.3067 -0.8968
0.1195 -0.3831 -0.8404
0.1158 -0.7392 -0.6975
0.1081 -0.8950 -0.6600
0.1691 -1.0636 -0.7209
0.2608 -1.1228 -0.8255
0.2749 -1.1402 -0.8689
0.2090 -1.1750 -0.9368
0.0485 -1.2260 -1.0642
-0.0211 -1.2233 -1.1644
-0.1259 -1.1707 -1.4447
-0.2112 -1.1387 -1.7316
-0.2411 -1.1339 -1.8412
-0.2591 -1.1081 -1.9851
-0.2050 -1.0132 -2.0318
-0.1494 -0.9656 -2.0275
-0.0704 -0.9117 -1.9967
-0.0925 -0.9344 -1.9513
-0.1564 -0.9370 -1.9497
-0.4098 -0.8222 -2.0077
-0.7549 -0.5585 -2.0611
-0.8834 -0.4257 -2.0532
-0.9619 -0.3082 -2.0030
-0.8006 -0.3996 -1.9225
-0.6766 -0.4590 -1.8822
-0.4283 -0.5342 -1.8219
-0.3327 -0.5165 -1.8067
-0.1815 -0.4626 -1.7211
-0.0348 -0.4782 -1.5536
0.1428 -0.5308 -1.3365
0.2330 -0.5490 -1.2315
0.3739 -0.5736 -1.0590
0.4195 -0.5481 -0.9270
0.4157 -0.5141 -0.8747
0.4095 -0.4554 -0.7638
0.3932 -0.4344 -0.7032
0.3478 -0.4738 -0.5911
0.3210 -0.6651 -0.4901
0.2925 -0.8775 -0.4412
0.2796 -0.9172 -0.4442
0.2579 -0.8812 -0.4152
0.2211 -0.8747 -0.4004
0.0698 -0.9773 -0.4187
0.0471 -1.0339 -0.4505
0.0926 -0.9871 -0.5003
0.1163 -0.9138 -0.7126
0.1440 -0.9362 -0.9493
0.2666 -0.9284 -1.0066
0.7135 -0.8634 -0.9610
1.1594 -1.0223 -0.8121
1.2482 -1.1942 -0.7744
1.0195 -1.6112 -0.8835
0.3318 -1.9389 -1.2642
-0.0362 -1.9301 -1.4934
-0.4862 -1.5809 -1.9001
-0.4319 -1.2024 -2.0715
-0.3327 -1.1280 -2.0706
-0.1906 -1.3046 -1.9647
-0.1130 -1.7134 -1.7987
-0.0648 -1.8098 -1.7359
0.0149 -1.7557 -1.7293
0.0193 -1.6525 -1.7574
-0.0988 -1.3358 -1.7565
-0.2834 -1.0496 -1.6840
-0.3877 -0.9386 -1.6533
-0.5620 -0.8505 -1.6080
-0.5709 -0.8401 -1.5275
-0.5274 -0.8113 -1.4766
-0.4623 -0.7406 -1.3923
-0.4154 -0.6408 -1.2514
-0.3657 -0.5425 -1.1560
-0.2114 -0.2319 -0.8913
-0.0401 0.1450 -0.5535
0.0305 0.2961 -0.3771
0.1258 0.4686 -0.0436
0.1872 0.5962 0.2589
0.1719 0.6313 0.3836
0.0125 0.5137 0.5326
-0.2051 0.2217 0.4560
-0.2094 0.1689 0.3805
0.0250 0.4465 0.3018
0.2451 0.7583 0.3496
0.6560 1.4662 0.6881
0.7235 1.7866 1.2033
0.6082 1.7459 1.4323
0.1386 1.2484 1.7130
-0.4925 0.3831 1.7029
-0.7102 0.0187 1.6025
-0.7156 -0.1981 1.3905
-0.2080 0.1561 1.2455
0.1409 0.5004 1.2231
0.6252 1.1059 1.2413
0.5987 1.2626 1.3207
0.4943 1.2024 1.3652
0.3607 0.9736 1.4424
0.3260 0.7584 1.3489
0.3307 0.6747 1.2222
0.2890 0.5020 0.8804
0.1765 0.2307 0.5984
0.1179 0.1256 0.5094
0.0132 0.0250 0.4202
-0.0638 0.0628 0.3270
-0.0970 0.0791 0.2674
-0.1710 0.0164 0.1912
-0.3280 -0.1994 0.1447
-0.4256 -0.3574 0.1015
-0.5294 -0.6255 -0.0489
-0.3809 -0.6351 -0.1571
-0.2455 -0.4916 -0.1426
-0.2237 -0.3759 -0.1440
-0.3701 -0.5196 -0.1996
-0.5935 -0.7406 -0.3862
-0.4974 -0.8762 -0.6770
-0.0707 -0.8127 -0.8506
0.2220 -0.7655 -0.8221
0.6710 -0.7957 -0.5698
0.6976 -0.9281 -0.4311
0.2983 -1.2492 -0.3518
-0.4593 -1.2540 -0.6870
-0.7212 -1.0639 -0.9302
-0.6910 -0.4842 -1.3522
-0.2141 -0.1402 -1.5143
-0.0071 -0.1164 -1.4934
0.2272 -0.2719 -1.3439
0.1845 -0.4622 -1.1753
0.0661 -0.4800 -1.1136
-0.1720 -0.3451 -0.9920
-0.3111 -0.2007 -0.8703
-0.3542 -0.1836 -0.8091
-0.4616 -0.2802 -0.7042
-0.5472 -0.3704 -0.6634
-0.5784 -0.3306 -0.6537
-0.6433 -0.1615 -0.6459
-0.6778 0.0006 -0.5461
-0.6604 0.0706 -0.4561
-0.5081 0.1903 -0.1705
-0.3801 0.2283 0.0273
-0.1425 0.2324 0.4451
-0.0001 0.1912 0.7710
0.1355 0.3626 0.9527
0.2032 0.5148 0.9908
0.2621 0.7191 0.9200
0.2410 0.7754 0.8461
0.1643 0.7133 0.6738
0.2193 0.6542 0.6205
0.3497 0.7462 0.6832
0.6991 1.0665 0.9382
0.8540 1.2640 1.2380
0.7780 1.2293 1.3468
0.3325 0.8581 1.4537
-0.2639 0.2889 1.3948
-0.4407 0.1553 1.3410
-0.4271 0.2042 1.2235
-0.1233 0.3857 1.2531
0.0599 0.4355 1.3450
0.3875 0.4837 1.5413
0.5823 0.5412 1.5971
0.6376 0.5658 1.5724
0.7201 0.6270 1.4778
0.7636 0.6476 1.3537
0.7483 0.6138 1.2849
0.6654 0.4782 1.1316
0.5482 0.3705 0.9159
0.4525 0.3276 0.7804
0.2341 0.2570 0.4988
0.1191 0.2665 0.2646
0.1000 0.3082 0.1728
0.0310 0.4129 0.0689
-0.1282 0.4237 0.0470
-0.2255 0.3425 0.0564
-0.4462 0.0973 0.0182
-0.5472 -0.0020 -0.0331
-0.5674 -0.0402 -0.0781
-0.5361 -0.0633 -0.1044
-0.5808 -0.1628 -0.1443
-0.6424 -0.2941 -0.2329
-0.7360 -0.6687 -0.5730
-0.4794 -0.7394 -0.8083
0.1938 -0.4483 -0.7693
0.5229 -0.3896 -0.6443
0.7366 -0.7469 -0.4664
0.3843 -1.2272 -0.6859
0.1477 -1.3284 -0.9443
-0.0421 -1.1576 -1.5446
0.0292 -0.9931 -1.7920
0.2564 -0.8067 -2.0797
0.3447 -0.8370 -2.1229
0.3333 -0.8971 -2.0888
0.2373 -1.1167 -1.9583
0.1753 -1.2518 -1.7416
0.1683 -1.2784 -1.6467
0.1243 -1.2320 -1.5624
-0.0541 -1.0898 -1.5375
-0.2028 -0.9498 -1.5316
-0.5352 -0.6313 -1.5227
-0.7028 -0.3876 -1.4629
-0.6981 -0.2819 -1.3760
-0.5732 -0.1248 -1.1023
-0.3487 -0.1033 -0.7621
-0.2171 -0.0510 -0.5526
-0.0508 0.0262 -0.1234
-0.0476 0.0442 0.2493
-0.0932 -0.0139 0.3653
-0.1835 -0.1402 0.4762
-0.0931 -0.0567 0.5985
-0.0053 0.0397 0.6552
0.1596 0.2132 0.6628
0.3575 0.5017 0.5991
0.4493 0.5938 0.5290
0.5811 0.6147 0.3510
0.6408 0.6433 0.2594
0.7569 0.7352 0.1403
0.8332 0.8529 0.1336
0.7995 0.8801 0.1233
0.4984 0.6909 0.0949
-0.0499 0.0101 0.1062
-0.3051 -0.3297 0.1517
-0.5930 -0.6913 0.3015
-0.4490 -0.7452 0.5459
-0.1874 -0.5726 0.7089
0.4538 -0.0568 0.9702
0.7991 0.2724 1.0633
0.8410 0.3606 1.0689
0.8198 0.4205 1.0249
0.7812 0.3996 0.9019
0.7503 0.3416 0.8123
0.6426 0.1676 0.5812
0.4515 0.0464 0.2964
0.3320 0.0442 0.1478
0.0992 0.0739 -0.1277
-0.1034 0.2022 -0.3308
-0.1705 0.2939 -0.3949
-0.2351 0.3942 -0.4577
-0.1555 0.3250 -0.4041
-0.0876 0.2843 -0.3567
-0.0595 0.2216 -0.2687
-0.1593 0.1816 -0.1548
-0.1946 0.1829 -0.0952
-0.1715 0.2938 0.0158
-0.1206 0.3950 0.0917
-0.0363 0.4006 0.2463
-0.0785 0.1198 0.2597
-0.1174 0.0084 0.1982
-0.2274 -0.2593 -0.0986
-0.1609 -0.2492 -0.2987
0.0227 -0.0615 -0.2907
0.6155 0.2409 -0.0539
1.0522 0.0188 0.2295
1.0759 -0.2760 0.2782
0.7783 -0.9229 0.1634
0.2531 -1.1795 -0.1084
0.0479 -1.0565 -0.2264
-0.0642 -0.4355 -0.3554
0.0379 0.2215 -0.3001
0.0783 0.4698 -0.2023
0.0651 0.6724 0.0750
-0.1091 0.5741 0.3597
-0.2470 0.4766 0.4748
-0.5391 0.3253 0.6762
-0.7737 0.3979 0.8371
-0.8211 0.4408 0.9302
-0.7698 0.4895 1.1376
-0.6315 0.5756 1.3369
-0.5773 0.6464 1.4179
-0.5211 0.7572 1.5654
-0.5181 0.8038 1.6431
-0.4742 0.8769 1.8153
-0.3073 0.9315 1.9824
-0.1907 0.9141 2.0665
0.0315 0.8782 2.2215
0.1624 0.9644 2.2580
0.2033 1.0467 2.2379
0.2766 1.1958 2.1791
0.3217 1.3350 2.1645
0.3381 1.3741 2.1804
0.4302 1.4664 2.2194
0.5561 1.6190 2.2248
0.6058 1.7265 2.2344
0.6198 1.8696 2.3200
0.4770 1.8735 2.4348
0.3350 1.7864 2.4945
-0.0633 1.3688 2.5771
-0.3497 1.0803 2.4600
-0.3775 1.0932 2.3123
-0.1380 1.3240 1.9793
0.2758 1.5385 1.7490
0.4241 1.5120 1.6953
0.4786 1.2413 1.6690
0.3734 0.9384 1.6031
0.3243 0.9175 1.5180
0.3151 1.1654 1.3109
0.3173 1.3900 1.1249
0.3086 1.4251 1.0490
0.2170 1.3144 0.9190
0.1177 1.1958 0.8587
-0.1730 0.9336 0.7026
-0.4373 0.8300 0.4756
-0.5353 0.8517 0.3626
-0.6215 0.9089 0.2419
-0.5768 0.9006 0.2796
-0.5552 0.8449 0.3055
-0.5551 0.6743 0.3560
-0.5606 0.4611 0.3780
-0.5673 0.3720 0.3468
-0.5441 0.1261 0.2243
-0.2665 0.2531 0.1494
-0.0484 0.5128 0.1478
0.2142 0.7368 0.2069
0.1984 0.6836 0.4129
0.1095 0.6267 0.5146
-0.1094 0.6506 0.6561
-0.2508 0.8007 0.7907
-0.2812 0.7542 0.8942
-0.2767 0.4185 1.0978
-0.1567 0.0900 1.1745
-0.0950 -0.0135 1.1376
-0.0397 -0.0145 0.9571
0.0541 0.3215 0.7350
0.1443 0.5197 0.6358
0.3355 0.6808 0.5896
0.4380 0.4995 0.7092
0.4696 0.3958 0.7905
0.4291 0.3167 0.8675
0.3524 0.3201 0.8444
0.1795 0.4254 0.7843
0.1423 0.5910 0.7548
0.1668 0.5999 0.7420
0.2466 0.5929 0.7358
0.3326 0.5524 0.7850
0.3452 0.5668 0.8089
0.3150 0.6997 0.8358
0.1421 0.6896 0.7951
0.0446 0.5431 0.7705
-0.0084 0.3620 0.6881
0.1503 0.5153 0.5553
0.2902 0.7342 0.5139
0.5060 1.0543 0.4863
0.3668 0.8853 0.4632
0.1800 0.7236 0.4582
-0.3045 0.4790 0.4386
-0.7170 0.3797 0.3166
-0.8208 0.3838 0.2239
-0.8417 0.5000 0.0246
-0.7774 0.5504 -0.0740
-0.7415 0.5107 -0.0418
-0.6393 0.3244 0.1265
-0.5404 0.1947 0.3241
-0.5104 0.1380 0.3959
-0.4930 -0.0167 0.4973
-0.4754 -0.0551 0.5447
-0.0838 -0.0071 0.7899
0.4814 0.0932 0.7348
0.4837 -0.1838 0.5383
0.2449 -0.4086 0.3804
-0.2804 -0.6443 0.0813
-0.4679 -0.6410 -0.0710
-0.3914 -0.3116 -0.1375
0.0812 0.2387 0.1278
0.3460 0.4496 0.3527
0.7408 0.4809 0.8123
0.8233 0.2365 0.9558
0.7265 0.0927 0.8743
0.4755 -0.1060 0.5945
0.3294 -0.2045 0.3709
0.2499 -0.2506 0.3304
0.1694 -0.1441 0.3670
0.3694 0.3088 0.3694
0.5257 0.4928 0.3500
0.8880 0.7272 0.3522
1.1169 0.6974 0.3958
1.1632 0.6189 0.4511
1.1985 0.4910 0.5372
1.1453 0.4879 0.4782
1.0733 0.4209 0.4248
0.9189 0.2869 0.3357
0.8811 0.1966 0.2920
0.9095 0.1380 0.2866
1.1283 0.1118 0.2643
1.2850 0.2071 0.2076
1.3756 0.3420 0.1261
1.1233 0.2646 0.1899
0.9252 0.2125 0.2234
0.4984 0.0737 0.2751
0.0624 -0.1029 0.2929
-0.0452 -0.1235 0.2780
0.1058 0.0085 0.2430
0.3181 0.0593 0.2396
0.3248 0.0639 0.2776
0.1777 0.0178 0.2699
0.0745 0.0331 0.1120
0.0496 0.0238 0.0192
0.0570 0.0169 -0.0266
0.2148 0.3758 -0.0199
0.3111 0.3634 -0.0436
0.3769 0.3571 -0.0067
0.2297 0.2179 0.0372
0.1878 0.2184 0.0378
0.2148 0.2380 0.0190
0.2787 0.2655 0.1000
0.2681 0.3028 0.1614
0.2117 0.3964 0.2822
0.1780 0.3754 0.3002
0.1474 0.2818 0.2592
0.0812 0.0652 0.1287
0.0675 -0.0030 -0.0017
0.0761 0.0078 -0.0322
0.0799 0.0094 -0.0175
0.0689 0.0232 0.0096
0.0275 0.0708 0.0551
0.0156 0.0177 0.0586
0.0176 0.0217 0.0466
0.0182 0.0464 0.0298
0.0733 0.0744 0.0496
0.1042 0.0786 0.0501
0.1200 0.0452 0.0497
0.0963 0.0543 0.0426
0.0825 0.0794 0.0402
0.0713 0.0712 0.0186
0.0552 0.0217 0.0128
0.0642 0.0015 0.0113
0.1129 0.0359 0.0084
0.1761 0.0758 0.0154
0.1821 0.0774 0.0130
0.1290 0.0634 0.0221
0.1039 0.0185 0.0522
0.1203 -0.0013 0.0537
0.1709 0.0009 0.0481
0.1729 0.0201 0.0481
0.1517 0.0300 0.0481
0.1118 0.0532 0.0382
0.1311 0.0391 0.0430
0.1427 0.0123 0.0399
0.1667 -0.0304 0.0237
0.1681 -0.0514 0.0132
0.1551 -0.0846 -0.0127
0.1603 -0.0977 -0.0386
0.1768 -0.1055 -0.0477
0.2035 -0.0665 -0.0494
0.2001 0.0070 -0.0448
0.1898 0.0290 -0.0397
0.1504 0.0461 -0.0408
0.1063 0.0691 -0.0272
0.0850 0.0764 -0.0105
0.0544 0.0629 -0.0006
0.0528 0.0597 0.0079
0.0669 0.0441 0.0087
0.0880 -0.0007 0.0098
0.0674 -0.0482 0.0143
0.0534 -0.0662 0.0221
0.0626 -0.0689 0.0256
0.1331 -0.0271 0.0209
0.1669 -0.0080 0.0181
0.1669 0.0446 0.0242
0.1066 0.0819 0.0199
0.1101 0.0902 0.0168
0.1672 0.0640 0.0139
0.1819 0.0315 0.0131
0.1645 0.0292 0.0251
0.0759 0.0529 0.0373
0.0347 0.0495 0.0382
0.0447 0.0380 0.0329
0.1150 -0.0173 0.0274
0.1171 -0.0418 0.0270
0.0745 -0.0376 0.0315
0.0452 0.0081 -0.0019
0.0402 0.0228 -0.0123
0.0456 0.0228 -0.0258
0.0598 -0.0050 -0.0264
0.0661 -0.0133 -0.0289
0.0567 -0.0340 -0.0254
0.0199 -0.0452 -0.0232
0.0083 -0.0430 -0.0196
0.0042 -0.0512 -0.0057
0.0024 -0.0492 0.0045
0.0171 -0.0567 0.0104
0.0388 -0.0780 -0.0050
0.0487 -0.0667 -0.0063
0.0408 -0.0550 -0.0092
0.0474 -0.0237 -0.0036
0.0670 -0.0176 -0.0020
0.0691 -0.0166 -0.0007
0.0399 -0.0135 0.0053
-0.0043 -0.0098 0.0057
-0.0117 -0.0041 0.0056
0.0096 -0.0036 0.0005
0.0425 -0.0043 -0.0087
0.0603 0.0107 -0.0076
0.0436 0.0132 -0.0049
0.0282 0.0047 0.0047
0.0234 -0.0231 0.0056
0.0270 -0.0365 -0.0035
0.0266 -0.0373 0.0002
0.0565 -0.0181 -0.0012
0.0832 0.0200 -0.0111
0.0809 0.0323 -0.0032
0.0505 0.0410 0.0167
0.0465 0.0374 0.0105
0.0509 0.0261 0.0080
0.0602 0.0060 0.0110
0.0625 0.0046 -0.0026
0.0603 0.0156 -0.0061
0.0690 0.0534 -0.0065
0.0737 0.0676 0.0025
0.0672 0.0516 0.0053
0.0542 0.0248 0.0027
0.0437 0.0069 -0.0023
0.0473 0.0009 0.0016
0.0600 0.0140 0.0038
0.0622 0.0425 0.0028
0.0542 0.0361 0.0049
0.0431 0.0253 0.0101
0.0459 0.0289 0.0058
0.0550 0.0281 0.0076
0.0631 0.0316 -0.0028
0.0475 0.0325 -0.0010
0.0484 0.0339 -0.0008
0.0599 0.0289 0.0025
0.0643 0.0344 0.0124
0.0357 0.0541 0.0025
-0.0005 0.0280 0.0107
-0.0040 0.0032 0.0091
0.0219 -0.0201 0.0084
0.0493 -0.0062 0.0044
0.0398 -0.0046 0.0056
-0.0120 -0.0028 0.0082
-0.0150 -0.0271 -0.0003
0.0063 -0.0243 -0.0109
0.0333 0.0125 -0.0020
0.0376 0.0139 0.0170
0.0426 0.0047 0.0206
0.0254 -0.0048 0.0180
0.0068 0.0125 0.0261
0.0122 0.0106 0.0187
0.0509 -0.0089 0.0031
0.0477 -0.0067 0.0019
0.0206 0.0061 0.0051
-0.0102 0.0045 0.0094
0.0180 -0.0367 -0.0009
0.0422 -0.0370 -0.0028
0.0454 -0.0031 -0.0045
0.0013 0.0334 0.0062
-0.0042 0.0414 0.0061
0.0332 0.0027 -0.0055
0.0487 -0.0137 -0.0124
0.0220 -0.0079 -0.0038
0.0084 0.0151 0.0104
0.0252 0.0163 0.0117
0.0482 0.0095 0.0195
0.0148 0.0200 0.0302
-0.0088 0.0153 0.0281
-0.0094 -0.0097 0.0143
0.0424 -0.0055 -0.0006
0.0503 0.0064 -0.0101
0.0114 0.0258 -0.0076
-0.0202 0.0327 -0.0022
-0.0094 0.0270 0.0016
0.0349 0.0205 -0.0035
0.0447 0.0181 -0.0026
0.0355 0.0274 0.0008
0.0157 0.0279 0.0099
0.0248 -0.0072 0.0106
0.0263 -0.0094 0.0135
0.0257 0.0116 0.0196
0.0080 0.0217 0.0057
0.0126 0.0270 0.0050
0.0428 0.0250 -0.0018
0.0310 0.0237 -0.0088
0.0096 0.0170 -0.0115
-0.0251 0.0045 -0.0049
0.0107 0.0082 0.0068
0.0355 0.0171 0.0041
0.0414 0.0161 0.0157
0.0194 0.0051 0.0306
-0.0104 0.0048 0.0340
0.0160 -0.0140 0.0171
0.0287 -0.0077 0.0103
0.0231 0.0060 0.0056
0.0200 0.0236 0.0068
0.0263 0.0144 0.0091
0.0518 -0.0175 -0.0091
0.0642 -0.0192 -0.0054
0.0498 -0.0021 0.0020
0.0001 0.0300 0.0231
0.0067 0.0296 0.0177
0.0319 0.0078 0.0039
0.0606 -0.0096 0.0071
0.0314 0.0199 0.0102
0.0198 0.0279 0.0071
0.0446 -0.0227 -0.0048
0.0675 -0.0411 -0.0090
0.0513 -0.0178 0.0020
0.0249 0.0394 0.0092
0.0290 0.0257 0.0145
0.0425 0.0223 0.0136
0.0365 0.0283 0.0097
-0.0037 0.0195 0.0082
-0.0097 0.0038 0.0079
0.0202 0.0042 0.0077
0.0324 -0.0070 0.0109
0.0320 -0.0108 -0.0021
0.0195 -0.0071 -0.0112
0.0143 0.0038 -0.0065
0.0079 0.0148 -0.0007
0.0296 0.0082 -0.0093
0.0523 0.0024 -0.0119
0.1607 -0.0855 -0.0190
0.1412 -0.0450 -0.0272
0.0706 0.0042 -0.0280
-0.0355 0.0951 -0.0233
-0.0431 0.0913 0.0040
-0.0525 0.1029 0.0015
-0.0662 0.0669 0.0298
-0.0170 -0.0228 0.0099
0.0032 -0.0288 0.0045
0.0154 0.0139 -0.0121
0.0151 0.0266 -0.0132
0.0089 0.0285 -0.0062
-0.0092 0.0176 0.0065
-0.0027 0.0051 0.0044
0.0013 -0.0077 0.0046
-0.0125 -0.0022 -0.0022
-0.0104 0.0087 0.0048
0.0054 0.0089 0.0145
0.0144 0.0138 0.0270
-0.0038 0.0382 0.0158
-0.0066 0.0321 0.0155
-0.0175 0.0155 0.0086
-0.0159 0.0192 0.0007
-0.0078 0.0206 -0.0104
-0.0045 0.0287 -0.0055
-0.0035 0.0300 -0.0020
-0.0198 -0.0052 0.0063
-0.0209 -0.0347 0.0138
-0.0104 -0.0375 0.0116
0.0156 -0.0129 0.0139
0.0272 0.0088 0.0083
0.0244 0.0054 0.0097
0.0155 -0.0006 0.0164
0.0360 0.0058 0.0115
0.0543 0.0058 0.0055
0.0636 0.0014 -0.0023
0.0532 0.0024 0.0133
0.0504 0.0126 0.0170
0.0453 0.0398 0.0176
0.0387 0.0361 0.0205
0.0308 0.0150 0.0215
0.0355 -0.0066 0.0237
0.0208 0.0059 0.0066
0.0079 0.0175 0.0045
-0.0091 0.0041 0.0070
0.0080 -0.0236 -0.0001
0.0308 -0.0668 0.0039
0.0772 -0.0491 -0.0093
0.0145 0.0467 -0.0003
-0.0219 0.0797 0.0128
-0.0204 0.0485 0.0219
-0.0077 0.0436 0.0224
0.0124 0.0159 0.0298
0.0205 -0.0026 0.0237
0.0190 0.0097 0.0261
0.0178 0.0260 0.0062
0.0140 0.0173 -0.0129
0.0030 0.0177 -0.0110
-0.0074 0.0111 -0.0045
0.0018 0.0101 -0.0047
0.0058 0.0088 -0.0084
-0.0199 -0.0110 -0.0064
-0.0282 -0.0101 -0.0117
-0.0169 -0.0099 -0.0128
0.0007 -0.0226 -0.0172
-0.0133 -0.0222 0.0012
-0.0190 -0.0208 0.0112
-0.0223 -0.0012 0.0054
0.0083 -0.0059 0.0054
0.0199 -0.0123 0.0021
0.0181 -0.0169 0.0035
-0.0040 -0.0039 -0.0010
-0.0021 0.0009 -0.0058
0.0175 -0.0042 -0.0126
0.0033 -0.0063 -0.0007
-0.0061 -0.0050 0.0048
-0.0142 -0.0178 0.0070
-0.0125 -0.0285 0.0067
-0.0030 -0.0262 0.0061
0.0000 0.0056 0.0026
0.0001 0.0228 -0.0044
0.0103 0.0118 -0.0051
0.0068 -0.0059 -0.0058
0.0009 -0.0037 0.0018
0.0246 -0.0074 0.0086
0.0703 0.0071 0.0075
0.0721 0.0217 0.0088
0.0321 0.0485 0.0306
0.0097 0.0275 0.0259
0.0201 0.0093 0.0199
0.0494 0.0057 0.0090
0.0425 0.0432 0.0081
0.0271 0.0370 0.0103
-0.0109 -0.0040 0.0122
-0.0105 -0.0082 0.0008
-0.0046 0.0133 -0.0029
0.0052 0.0553 0.0045
0.0001 0.0416 0.0049
-0.0112 0.0381 0.0088
-0.0207 0.0225 0.0167
-0.0407 0.0173 -0.0276
-0.0447 -0.0167 -0.0020
-0.0499 -0.0573 0.0355
-0.0117 -0.1181 0.0435
0.0151 -0.1289 0.0360
0.0479 -0.0686 0.0126
0.0440 -0.0340 0.0154
-0.0098 0.0274 0.0135
-0.0271 0.0168 0.0182
-0.0170 0.0086 0.0109
-0.0151 -0.0098 0.0011
-0.0175 -0.0025 0.0071
-0.0122 0.0041 0.0131
0.0194 0.0224 0.0118
0.0260 0.0154 0.0143
0.0197 0.0232 0.0144
0.0084 0.0295 0.0056
0.0216 0.0213 0.0202
0.0307 0.0423 0.0181
0.0393 0.0436 0.0126
0.0516 0.1851 -0.0061
0.1039 0.2016 -0.0848
-0.0064 -0.0380 0.0267
-0.1138 -0.0063 0.0698
-0.1341 -0.0048 0.0705
-0.0461 0.0506 0.0444

