0.0033 0.0121 0.0176
-0.0024 -0.0510 0.0078
0.0116 -0.0438 -0.0127
0.0302 -0.0258 -0.0251
0.0598 0.0186 -0.0189
0.0668 0.0316 -0.0034
0.0625 0.0211 0.0000
0.0045 0.0025 -0.0034
-0.0145 -0.0130 -0.0010
0.0056 -0.0198 0.0091
0.0296 -0.0018 0.0120
0.0285 0.0191 0.0159
0.0309 0.0032 0.0132
0.0421 -0.0461 0.0162
0.0446 -0.0618 0.0243
0.0718 -0.0140 0.0323
0.0543 -0.0046 0.0323
0.0323 -0.0127 0.0352
0.0015 -0.0390 0.0262
0.0156 0.0001 0.0094
0.0261 0.0246 -0.0028
0.0868 0.0168 0.0047
0.1012 -0.0061 0.0210
0.0857 -0.0042 0.0247
0.0263 0.0058 0.0123
-0.0129 0.0185 0.0178
-0.0116 0.0150 0.0185
0.0288 -0.0146 0.0236
0.0471 0.0003 0.0250
0.0487 0.0155 0.0237
0.0365 0.0276 0.0136
0.0204 0.0066 0.0160
0.0233 -0.0007 0.0171
0.0229 -0.0092 0.0024
0.0122 0.0051 0.0043
0.0198 0.0210 0.0060
0.0451 0.0185 0.0089
0.0444 0.0290 0.0110
0.0303 0.0192 0.0020
0.0217 0.0102 -0.0056
0.0097 -0.0020 -0.0060
-0.0039 0.0203 0.0052
-0.0038 0.0311 -0.0068
-0.0002 0.0298 -0.0016
0.0062 -0.0010 0.0006
-0.0110 0.0055 -0.0056
-0.0177 0.0124 -0.0112
-0.0095 0.0146 -0.0105
0.0316 0.0193 0.0083
0.0495 0.0295 0.0040
0.0303 0.0257 0.0123
-0.0318 0.0172 0.0005
-0.0457 0.0036 0.0012
-0.0175 -0.0340 -0.0041
0.0358 -0.0129 -0.0084
0.0539 0.0045 -0.0063
0.0668 0.0195 0.0065
0.0194 0.0243 0.0084
-0.0184 0.0149 0.0068
-0.0520 -0.0110 0.0154
-0.0458 -0.0224 0.0063
-0.0352 -0.0152 0.0117
-0.0212 -0.0096 0.0126
-0.0245 -0.0145 0.0125
-0.0241 -0.0020 0.0234
-0.0027 -0.0054 0.0216
0.0014 -0.0007 0.0265
-0.0088 0.0126 0.0199
-0.0277 0.0040 0.0057
-0.0240 -0.0027 0.0033
-0.0022 -0.0161 -0.0029
0.0202 0.0022 -0.0029
0.0287 0.0133 -0.0027
0.0139 0.0390 -0.0041
0.0062 0.0274 0.0031
0.0176 0.0077 0.0127
0.0267 -0.0267 0.0077
-0.0162 0.0189 0.0044
-0.0274 0.0376 0.0041
0.0052 0.0039 0.0127
0.0258 -0.0058 0.0093
0.0123 0.0066 0.0027
-0.0156 0.0069 -0.0022
-0.0047 -0.0093 -0.0005
0.0081 0.0006 0.0009
0.0294 0.0127 -0.0027
0.0242 0.0278 0.0018
0.0221 0.0269 0.0041
0.0253 0.0064 0.0027
0.0303 -0.0115 -0.0015
0.0289 -0.0124 -0.0050
0.0282 -0.0062 -0.0050
0.0238 0.0035 -0.0032
0.0156 0.0168 -0.0027
0.0129 0.0158 0.0043
0.0102 0.0044 0.0061
0.0083 0.0029 0.0099
0.0155 0.0025 -0.0072
0.0154 0.0078 -0.0071
0.0261 0.0069 -0.0050
0.0303 0.0141 0.0046
0.0268 0.0259 0.0091
-0.0063 0.0302 0.0078
-0.0327 -0.0101 0.0113
-0.0356 -0.0291 0.0086
-0.0316 -0.0336 -0.0072
0.0092 0.0044 -0.0114
0.0388 0.0164 -0.0042
0.0705 0.0476 0.0130
0.0441 0.0517 0.0168
0.0211 0.0336 0.0174
-0.0067 -0.0141 0.0096
-0.0040 -0.0241 0.0030
0.0001 -0.0051 0.0078
0.0295 0.0128 0.0141
0.0466 0.0418 0.0128
0.0492 0.0496 0.0101
0.0362 0.0621 -0.0035
0.0361 0.0472 -0.0010
0.0308 0.0282 0.0086
0.0365 0.0146 0.0157
0.0625 -0.0082 0.0175
0.0693 0.0128 0.0075
0.0520 0.0685 0.0237
0.0943 0.0588 0.0380
0.2081 0.0104 0.0515
0.1916 -0.0091 0.0473
0.1481 -0.0002 0.0445
0.0302 0.0575 0.0125
-0.0415 0.1086 -0.0089
-0.0492 0.1104 -0.0074
-0.0241 0.0865 -0.0010
0.0139 0.0490 -0.0002
0.0173 0.0471 -0.0010
-0.0090 0.0687 -0.0057
-0.0233 0.0569 -0.0142
-0.0240 0.0492 -0.0098
-0.0029 0.0343 -0.0014
0.0216 0.0295 -0.0050
0.0233 0.0249 -0.0050
0.0111 0.0185 0.0010
-0.0178 0.0192 0.0005
-0.0213 0.0213 0.0036
0.0159 -0.0004 0.0024
0.0171 -0.0008 -0.0052
-0.0198 0.0247 -0.0123
-0.0164 0.0265 -0.0110
-0.0066 0.0167 -0.0079
-0.0065 -0.0082 0.0052
0.0017 -0.0098 0.0012
-0.0050 0.0027 -0.0023
-0.0073 0.0236 -0.0048
0.0171 0.0213 -0.0043
0.0184 0.0222 -0.0029
-0.0150 0.0262 0.0021
-0.0227 -0.0201 0.0067
-0.0091 -0.0503 -0.0002
0.0039 -0.0469 -0.0096
0.0042 0.0074 -0.0071
0.0226 0.0135 -0.0044
0.0431 0.0133 -0.0028
0.0058 0.0048 0.0002
-0.0099 -0.0052 0.0069
0.0015 -0.0245 0.0106
0.0117 -0.0158 0.0081
0.0015 -0.0001 0.0119
0.0013 0.0251 0.0090
0.0303 -0.0067 0.0106
0.0369 -0.0116 0.0181
0.0263 0.0158 0.0178
0.0012 0.0220 0.0073
-0.0051 0.0055 0.0047
-0.0029 -0.0284 -0.0063
0.0024 -0.0235 -0.0046
0.0113 0.0149 -0.0090
0.0309 0.0286 -0.0061
0.0353 0.0270 -0.0018
0.0197 0.0169 0.0004
-0.0175 0.0013 -0.0002
-0.0292 0.0055 0.0012
-0.0062 -0.0040 0.0051
0.0093 -0.0061 -0.0022
-0.0018 0.0072 0.0025
-0.0109 0.0278 -0.0090
0.0257 -0.0054 0.0008
0.0458 -0.0231 0.0003
0.0291 -0.0079 -0.0021
-0.0095 0.0123 -0.0086
-0.0080 0.0124 -0.0128
0.0076 -0.0136 -0.0084
0.0335 -0.0136 -0.0081
0.0385 -0.0059 -0.0059
0.0314 0.0178 -0.0076
0.0361 -0.0029 -0.0068
0.0380 -0.0144 -0.0027
0.0190 -0.0082 -0.0044
0.0074 -0.0002 -0.0089
0.0135 0.0011 -0.0084
0.0086 -0.0014 -0.0061
-0.0055 0.0031 -0.0070
-0.0063 0.0132 -0.0062
0.0087 0.0200 -0.0034
-0.0003 0.0229 -0.0035
-0.0154 0.0280 -0.0080
-0.0152 0.0135 -0.0023
0.0059 0.0038 -0.0002
0.0455 0.0043 -0.0032
0.0249 0.0297 0.0041
0.0053 0.0170 0.0039
-0.0180 -0.0182 -0.0020
-0.0151 -0.0170 -0.0089
0.0043 0.0017 -0.0129
0.0559 0.0306 -0.0056
0.0460 0.0538 0.0039
0.0203 0.0549 0.0071
-0.0073 0.0065 0.0066
-0.0073 -0.0368 0.0080
0.0062 -0.0255 0.0163
0.0399 -0.0020 0.0134
0.0119 0.0062 0.0108
-0.0144 0.0179 0.0134
-0.0064 0.0293 0.0053
0.0260 0.0197 -0.0018
0.0282 0.0200 -0.0072
0.0193 0.0158 -0.0067
-0.0060 -0.0282 -0.0023
-0.0140 -0.0212 -0.0030
0.0138 -0.0099 -0.0125
0.0412 -0.0062 -0.0213
0.0523 0.0066 -0.0203
0.0232 0.0058 -0.0057
0.0153 -0.0065 -0.0038
0.0035 -0.0117 -0.0035
0.0122 -0.0068 0.0028
0.0289 -0.0154 0.0048
0.0384 -0.0117 0.0055
0.0261 0.0171 0.0011
0.0204 0.0090 0.0016
0.0131 0.0023 0.0053
0.0264 -0.0084 -0.0006
0.0450 -0.0098 0.0007
0.0423 -0.0063 0.0000
0.0072 0.0321 0.0015
-0.0021 0.0314 0.0106
0.0447 -0.0214 0.0060
0.0465 -0.0020 -0.0100
0.0314 0.0038 -0.0066
0.0085 0.0141 0.0053
0.0515 -0.0006 0.0210
0.0674 -0.0056 0.0197
0.0489 0.0014 0.0093
-0.0099 0.0279 0.0040
-0.0105 0.0242 0.0138
0.0225 -0.0063 0.0196
0.0196 0.0036 0.0134
0.0155 0.0029 0.0113
0.0326 -0.0053 -0.0037
0.0403 -0.0029 -0.0010
0.0468 -0.0004 0.0000
0.0465 -0.0119 -0.0077
0.0335 -0.0211 -0.0030
-0.0002 -0.0364 0.0145
-0.0213 -0.0725 0.0093
-0.0161 -0.0713 0.0052
-0.0042 -0.0205 0.0023
0.0343 0.0409 0.0044
0.0427 0.0592 -0.0035
0.0189 0.0286 -0.0063
-0.0003 -0.0159 0.0172
0.0239 -0.0307 0.0281
0.0429 -0.0415 0.0215
0.0070 0.0052 0.0256
-0.0003 0.0154 0.0206
0.0290 0.0055 0.0183
0.0492 -0.0107 0.0231
0.0498 -0.0082 0.0162
0.0363 -0.0006 0.0078
-0.0096 -0.0007 0.0015
-0.0123 0.0054 0.0035
0.0232 0.0190 -0.0003
0.0505 0.0222 0.0105
0.0444 0.0169 0.0139
0.0197 0.0207 0.0236
0.0106 0.0111 0.0237
0.0132 -0.0021 0.0233
-0.0031 0.0128 0.0257
-0.0037 0.0252 0.0263
0.0130 0.0269 0.0150
0.0102 -0.0097 0.0109
0.0002 -0.0148 0.0028
-0.0234 0.0056 0.0005
-0.0103 0.0550 0.0008
0.0053 0.0521 0.0018
0.0357 0.0136 0.0108
0.0168 0.0073 0.0136
-0.0012 0.0116 0.0152
-0.0006 0.0166 0.0114
0.0217 0.0247 0.0093
0.0251 0.0209 0.0079
0.0145 0.0312 0.0149
0.0157 0.0190 0.0138
0.0126 0.0078 0.0161
-0.0095 0.0204 0.0058
-0.0044 0.0245 0.0089
0.0114 0.0103 0.0129
0.0209 0.0089 0.0175
-0.0004 0.0063 0.0077
-0.0124 0.0141 0.0092
-0.0027 0.0139 0.0076
0.0351 0.0096 0.0050
0.0338 0.0073 0.0104
0.0153 0.0195 0.0182
-0.0154 0.0173 0.0177
-0.0480 0.0143 0.0174
-0.0292 -0.0109 0.0137
-0.0072 -0.0127 0.0081
0.0296 0.0135 -0.0053
0.0425 0.0466 -0.0011
0.0373 0.0495 0.0034
0.0025 0.0394 0.0061
-0.0216 0.0022 0.0151
-0.0193 -0.0158 0.0145
-0.0132 -0.0031 0.0150
-0.0123 0.0260 0.0097
-0.0090 0.0287 0.0115
0.0273 0.0112 0.0135
0.0290 0.0097 0.0212
0.0161 0.0173 0.0179
-0.0083 0.0149 0.0147
-0.0039 0.0127 0.0154
0.0029 0.0066 0.0076
0.0065 0.0046 0.0068
0.0300 0.0141 0.0051
0.0374 0.0150 0.0027
0.0347 0.0363 0.0062
0.0246 0.0280 0.0099
0.0161 0.0176 0.0145
0.0023 -0.0163 0.0132
-0.0009 -0.0045 0.0155
0.0182 0.0044 0.0141
0.0328 0.0050 0.0082
0.0219 0.0002 0.0049
0.0020 -0.0189 0.0103
-0.0053 -0.0095 0.0120
-0.0065 -0.0005 0.0076
-0.0025 0.0245 0.0109
0.0171 0.0097 0.0074
0.0272 -0.0050 0.0054
0.0169 0.0019 0.0010
-0.0061 0.0230 0.0001
0.0065 0.0083 -0.0007
0.0410 0.0043 0.0014
0.0622 0.0205 -0.0034
0.0535 0.0692 -0.0203
0.0052 0.0421 -0.0221
-0.0206 -0.0125 0.0024
0.0037 -0.0294 0.0007
0.0062 -0.0543 0.0026
-0.0351 0.0095 0.0160
-0.0130 0.0133 0.0083
0.0482 -0.0400 -0.0252
0.0355 -0.0177 -0.0065
0.0309 0.0255 0.0059
0.0155 -0.0042 0.0151
-0.0009 -0.0461 0.0093
0.0018 -0.0441 0.0075
0.0263 -0.0231 -0.0136
0.0348 0.0340 -0.0036
0.0444 0.0663 0.0024
0.0517 0.0504 0.0028
-0.0015 0.0122 0.0150
-0.0186 0.0056 0.0190
-0.0093 -0.0015 0.0135
0.0242 0.0035 0.0144
0.0312 0.0195 0.0112
0.0381 0.0305 0.0062
0.0282 0.0308 0.0104
0.0253 0.0225 0.0103
0.0300 0.0148 0.0179
0.0218 0.0094 0.0095
0.0007 0.0072 0.0079
-0.0124 0.0014 0.0103
0.0194 0.0042 0.0103
0.0386 0.0245 0.0190
0.0435 0.0376 0.0140
0.0201 0.0139 0.0162
0.0006 -0.0009 0.0151
-0.0125 0.0023 0.0219
0.0096 0.0020 0.0240
0.0167 0.0099 0.0193
0.0093 0.0302 0.0182
0.0066 0.0180 0.0135
0.0040 0.0053 0.0181
0.0196 0.0051 0.0230
0.0252 0.0018 0.0189
0.0120 -0.0028 0.0137
0.0151 0.0133 0.0088
0.0206 0.0157 0.0044
0.0237 0.0108 0.0082
0.0291 0.0162 0.0117
0.0281 0.0138 0.0110
0.0279 0.0115 0.0081
0.0385 0.0002 0.0073
0.0381 0.0028 0.0076
0.0337 0.0167 0.0058
0.0363 0.0170 0.0058
0.0501 0.0064 0.0012
0.0518 0.0119 -0.0087
0.0485 0.0208 -0.0040
0.0274 0.0147 -0.0089
0.0149 0.0255 -0.0103
0.0219 0.0368 -0.0066
0.0350 0.0321 -0.0193
0.0117 0.0164 -0.0218
-0.0059 0.0070 -0.0169
-0.0346 -0.0049 -0.0188
-0.0289 -0.0123 -0.0189
-0.0145 -0.0087 -0.0183
0.0319 0.0094 -0.0214
0.0477 0.0238 -0.0294
0.0463 0.0520 -0.0184
0.0116 0.0379 -0.0108
-0.0100 0.0132 -0.0080
-0.0507 0.0019 -0.0015
-0.0475 0.0144 -0.0043
-0.0189 0.0186 -0.0034
0.0027 -0.0009 0.0049
-0.0285 0.0022 0.0184
-0.0397 0.0021 0.0301
-0.0320 0.0151 0.0514
-0.0498 0.0626 0.0757
-0.0626 0.1011 0.0921
-0.0588 0.1260 0.1030
-0.0566 0.1370 0.1277
-0.0606 0.1677 0.1605
-0.0642 0.2280 0.2492
-0.0679 0.2834 0.3662
-0.0575 0.2957 0.4235
-0.0716 0.2918 0.5060
-0.1238 0.2828 0.5903
-0.1579 0.2902 0.6250
-0.1713 0.2874 0.7112
-0.1852 0.3181 0.7997
-0.2013 0.3438 0.8602
-0.2443 0.4060 1.0021
-0.3001 0.4949 1.1749
-0.3211 0.5350 1.2742
-0.3290 0.6028 1.4761
-0.3228 0.6053 1.5570
-0.3295 0.6245 1.6840
-0.4006 0.6380 1.7667
-0.4485 0.6471 1.7991
-0.5210 0.6936 1.8783
-0.6305 0.7165 1.9510
-0.6899 0.7167 1.9865
-0.8084 0.6973 2.0612
-0.9677 0.6793 2.1573
-1.0619 0.6948 2.2393
-1.1125 0.7933 2.4487
-0.8652 0.8528 2.5981
-0.6818 0.8794 2.6151
-0.3132 0.9638 2.5700
-0.1824 1.0387 2.4223
-0.2495 1.1295 2.3450
-0.4381 1.3205 2.1946
-0.5572 1.2501 2.0865
-0.6457 1.1108 2.0591
-0.8791 0.7795 2.0766
-0.7572 0.5137 2.1563
-0.5229 0.3484 2.2040
-0.1065 0.0877 2.3136
0.1186 0.0496 2.3773
0.1531 0.0119 2.3322
0.0656 0.0208 2.2096
-0.0047 0.0415 2.1543
-0.1658 0.2014 1.9670
-0.2747 0.3067 1.7530
-0.2962 0.3196 1.6832
-0.2993 0.2771 1.6181
-0.2571 0.1909 1.5477
-0.2314 0.1676 1.5092
-0.1772 0.1463 1.4432
-0.1456 0.1767 1.3465
-0.1377 0.1997 1.2768
-0.0892 0.2233 1.1562
0.0069 0.2555 1.0585
0.0621 0.2593 1.0134
0.1244 0.2408 0.9144
0.1316 0.2117 0.8318
0.1263 0.1713 0.7972
0.1058 0.0813 0.7247
0.0937 0.0126 0.6716
0.0752 0.0036 0.6362
0.0434 0.0045 0.5555
0.0772 0.0226 0.4517
0.1142 0.0511 0.3953
0.2238 0.0907 0.2533
0.2686 0.1033 0.0931
0.2480 0.1230 0.0054
0.1568 0.1709 -0.1459
0.0696 0.2340 -0.2231
0.0515 0.2194 -0.0153
0.1594 0.1704 0.0685
0.4288 -0.1227 0.0542
0.5437 -0.2950 -0.0934
0.5425 -0.3007 -0.2165
0.3955 -0.2897 -0.4561
0.1139 -0.1446 -0.5739
0.0331 -0.0487 -0.5626
-0.0227 -0.0739 -0.4430
-0.0284 -0.1214 -0.1662
-0.0147 -0.1283 -0.0485
0.1281 -0.1643 0.0625
0.2356 -0.2033 0.0559
0.2355 -0.1660 0.0332
0.0891 -0.0736 -0.0313
-0.1361 0.0020 -0.0646
-0.2111 0.0155 -0.0545
-0.2670 -0.0333 -0.0117
-0.3040 -0.0677 0.0357
-0.3085 -0.0478 0.0595
-0.2722 0.0354 0.0810
-0.1882 0.0875 0.0820
-0.1454 0.0856 0.0841
-0.0792 0.0750 0.0909
-0.0393 0.0846 0.0846
-0.0123 0.1118 0.0802
0.0800 0.1556 0.0682
0.1641 0.1729 0.0489
0.1947 0.1911 0.0391
0.1976 0.2464 -0.0047
0.1812 0.2871 -0.0271
0.1418 0.3483 -0.0814
0.0984 0.3077 -0.1053
0.0905 0.2701 -0.1061
0.1298 0.1790 -0.0930
0.1953 0.1704 -0.0175
0.2465 0.2123 0.0493
0.3794 0.2575 0.2348
0.4018 0.2637 0.4090
0.3796 0.2587 0.4714
0.2956 0.1125 0.5676
0.1826 -0.1302 0.6235
0.1774 -0.2685 0.6278
0.1923 -0.3816 0.5748
0.1654 -0.4036 0.4688
0.1631 -0.3841 0.4297
0.2627 -0.2644 0.3325
0.4826 -0.0962 0.1686
0.5184 0.1296 -0.0809
0.3324 0.3229 -0.1579
0.2245 0.3755 -0.1669
0.0024 0.3170 -0.1999
-0.1486 0.1150 -0.2388
-0.2068 -0.0228 -0.2669
-0.3390 -0.3100 -0.3011
-0.3707 -0.4141 -0.3122
-0.3273 -0.5145 -0.3244
-0.2341 -0.4928 -0.3371
-0.1600 -0.4664 -0.3470
0.0062 -0.3889 -0.3868
0.0837 -0.2539 -0.4608
0.0462 -0.1600 -0.5028
-0.0903 0.0072 -0.5970
-0.1864 0.1135 -0.6830
-0.2071 0.1242 -0.7035
-0.2272 0.1204 -0.7332
-0.1895 0.1659 -0.7135
-0.1356 0.1794 -0.6988
0.0299 0.1938 -0.6302
0.1895 0.0227 -0.5481
0.2186 -0.1188 -0.4972
0.1442 -0.3334 -0.4274
0.0602 -0.4392 -0.3982
0.0728 -0.4496 -0.4160
0.1474 -0.4006 -0.4334
0.1889 -0.2937 -0.3955
0.2073 -0.2357 -0.3743
0.2691 -0.2275 -0.2981
0.3365 -0.2582 -0.2354
0.3407 -0.2519 -0.2235
0.2622 -0.2614 -0.2107
0.0643 -0.2622 -0.1787
-0.0568 -0.3120 -0.1707
-0.2157 -0.4410 -0.1780
-0.1983 -0.5217 -0.2293
0.0164 -0.8099 -0.4865
0.3810 -1.1469 -0.8071
0.5865 -1.2252 -1.0098
0.8695 -1.2835 -1.3722
0.6338 -1.0857 -1.5487
0.2845 -0.8374 -1.5710
-0.5263 -0.1395 -1.4506
-0.8768 0.3759 -1.1897
-0.7408 0.5358 -1.0720
-0.1163 0.4305 -0.8870
0.3946 -0.1339 -0.7537
0.4926 -0.3187 -0.7749
0.3885 -0.4073 -0.8718
0.0763 -0.2996 -0.9464
-0.0700 -0.2149 -0.9591
-0.2432 -0.1532 -1.0218
-0.2795 -0.1136 -0.9674
-0.2833 -0.1380 -0.8973
-0.3415 -0.2009 -0.6929
-0.4786 -0.1529 -0.4412
-0.5194 -0.1125 -0.3260
-0.4601 -0.0688 -0.1326
-0.2737 -0.0881 -0.0392
-0.1708 -0.0630 -0.0340
0.0374 0.0226 -0.0446
0.1064 0.0598 -0.0626
0.1605 0.0734 -0.1524
0.1613 0.0402 -0.2322
0.1484 0.0405 -0.2329
0.1422 0.0685 -0.1838
0.2027 0.0646 -0.0080
0.3110 -0.0248 0.2038
0.3459 -0.0850 0.3622
0.2951 -0.1085 0.3940
0.1507 -0.0916 0.4475
0.0624 -0.0573 0.4283
0.0791 -0.0761 0.3957
0.2057 -0.1902 0.3316
0.3820 -0.2659 0.2844
0.4648 -0.2399 0.2559
0.6183 -0.1232 0.2323
0.7085 0.0205 0.2031
0.6669 0.0871 0.1951
0.2933 0.2191 0.1872
-0.1480 0.3350 0.2350
-0.2911 0.3147 0.2457
-0.3845 0.1962 0.2809
-0.3727 -0.1670 0.2848
-0.3630 -0.3413 0.2517
-0.3301 -0.4769 0.2508
-0.1930 -0.4097 0.2376
-0.0895 -0.3277 0.1942
0.0228 -0.0706 0.0781
-0.0598 0.1270 -0.0397
-0.1227 0.1929 -0.0887
-0.2144 0.2275 -0.1765
-0.2432 0.2054 -0.2103
-0.2756 0.1727 -0.2259
-0.2751 0.1908 -0.1958
-0.2451 0.2365 -0.1785
-0.1421 0.2766 -0.1473
0.0253 0.1989 -0.1523
0.1149 0.1311 -0.1469
0.2179 0.0040 -0.1159
0.1996 -0.1284 -0.0801
0.1800 -0.1812 -0.0607
0.1819 -0.2455 -0.0721
0.1686 -0.2382 -0.1240
0.1656 -0.2177 -0.1282
0.2177 -0.1931 -0.0935
0.3668 -0.2287 -0.0051
0.4150 -0.2699 0.0331
0.3005 -0.4234 0.1076
-0.0131 -0.5389 0.1857
-0.1741 -0.5320 0.1992
-0.3672 -0.4199 0.1584
-0.1338 -0.2605 -0.0170
0.1605 -0.3243 -0.1497
0.8194 -0.6535 -0.4499
1.1069 -0.7223 -0.5696
1.2811 -0.7853 -0.8047
0.8412 -0.5937 -0.9863
0.4401 -0.3882 -1.0444
-0.4919 0.1740 -1.0312
-1.1102 0.6057 -0.7503
-1.1541 0.8650 -0.5481
-0.6943 1.0341 -0.2447
-0.0034 0.5368 0.0426
0.2237 0.2145 0.1727
0.3487 -0.1288 0.2802
0.1563 -0.0395 0.1986
0.0361 0.0509 0.1473
-0.1912 0.2113 0.0428
-0.3504 0.2501 -0.0152
-0.3774 0.2274 -0.0121
-0.3891 0.1698 0.0313
-0.4243 0.1792 0.0910
-0.4531 0.2153 0.1298
-0.4908 0.2810 0.2474
-0.4806 0.3067 0.3828
-0.4411 0.2984 0.4434
-0.2848 0.2744 0.5481
-0.1106 0.3009 0.5807
-0.0516 0.3387 0.5589
-0.0107 0.4677 0.4869
0.0088 0.5328 0.4084
0.0283 0.5759 0.3837
0.1181 0.6467 0.3661
0.2443 0.5403 0.4361
0.3324 0.4282 0.4817
0.4301 0.3105 0.5088
0.3919 0.3138 0.4849
0.2374 0.2956 0.3871
0.1574 0.2407 0.3206
0.1590 0.1797 0.3284
0.2155 -0.0209 0.3883
0.3892 -0.1888 0.4958
0.5242 -0.2032 0.5604
0.8591 -0.1316 0.6629
1.0842 0.0587 0.6925
1.0640 0.1930 0.6718
0.7150 0.4942 0.6052
0.1057 0.7704 0.5476
-0.1793 0.8925 0.5462
-0.6275 0.9090 0.5349
-0.8869 0.7286 0.5098
-0.9367 0.5465 0.4716
-0.8863 0.0155 0.4822
-0.6639 -0.4246 0.5795
-0.4920 -0.4967 0.6350
-0.1574 -0.4288 0.6525
0.0871 -0.2708 0.5752
0.1316 -0.1551 0.5151
0.0750 0.0880 0.3603
-0.0911 0.3562 0.1791
-0.1629 0.4221 0.1063
-0.2414 0.4320 0.0495
-0.2429 0.4407 0.0520
-0.1938 0.3795 0.0839
-0.0936 0.3027 0.1087
-0.0353 0.2753 0.1195
0.1058 0.1823 0.1481
0.2407 0.0146 0.1782
0.2750 -0.0644 0.1795
0.2879 -0.1376 0.1635
0.3022 -0.1570 0.0945
0.3156 -0.1444 0.0561
0.3181 -0.1575 0.0056
0.3283 -0.3138 -0.0119
0.3370 -0.4333 -0.0134
0.2715 -0.7084 -0.0181
0.1417 -0.9942 0.0380
0.0874 -1.0692 0.0880
0.1366 -1.0514 0.1614
0.4501 -0.8296 0.0567
0.6689 -0.8506 -0.0609
1.0669 -0.9872 -0.3161
1.4372 -1.0121 -0.5431
1.4876 -1.0358 -0.6676
1.1987 -0.9252 -0.9167
0.4262 -0.7949 -1.1200
-0.0712 -0.6718 -1.1566
-0.9673 -0.1561 -0.9914
-1.2376 0.1732 -0.8430
-1.1292 0.7755 -0.4606
-0.2908 0.6508 -0.0853
0.1410 0.3335 0.0695
0.6705 -0.0053 0.2870
0.6258 0.2481 0.3074
0.4559 0.4383 0.2743
0.0981 0.7581 0.1785
-0.1226 0.7382 0.1270
-0.1592 0.5736 0.1296
-0.1321 -0.0168 0.1602
-0.1413 -0.4292 0.2618
-0.1729 -0.4475 0.2909
-0.2758 -0.2224 0.3230
-0.3823 0.0914 0.4751
-0.3787 0.2708 0.5706
-0.2165 0.5056 0.7735
-0.0087 0.5998 0.8577
0.0653 0.6451 0.8411
0.1228 0.7870 0.7786
0.0758 0.9202 0.6608
0.0346 0.9418 0.5981
-0.0359 0.8320 0.5470
-0.0049 0.5980 0.5816
0.0192 0.5065 0.6236
-0.0009 0.4106 0.7421
-0.1013 0.3951 0.8802
-0.1049 0.4389 0.9376
-0.0100 0.5613 0.9798
0.0556 0.5728 0.9620
0.1629 0.5067 0.8976
0.2685 0.4160 0.8684
0.3344 0.4113 0.8446
0.4944 0.3744 0.8436
0.7249 0.3614 0.8507
0.8384 0.3788 0.8119
0.8646 0.5010 0.7064
0.5711 0.7079 0.6105
0.3246 0.8265 0.5847
-0.1121 1.0650 0.5719
-0.5689 1.0837 0.6153
-0.8085 1.0541 0.6224
-1.2371 0.8079 0.5323
-1.3518 0.3056 0.4147
-1.2228 0.0692 0.3521
-0.6909 -0.3485 0.2536
-0.0473 -0.5166 0.2798
0.1871 -0.4914 0.2707
0.3957 -0.2399 0.2219
0.3018 0.1192 0.1632
0.1939 0.2801 0.1242
-0.0280 0.5077 0.0265
-0.1611 0.5329 -0.0849
-0.1820 0.5373 -0.1133
-0.1703 0.5304 -0.1819
-0.1457 0.5940 -0.2358
-0.1032 0.6017 -0.2512
0.0546 0.4675 -0.2861
0.1292 0.3131 -0.3132
0.1923 -0.2171 -0.2591
0.1069 -0.5710 -0.2356
0.0568 -0.6354 -0.2615
0.0380 -0.6456 -0.3643
0.0742 -0.6001 -0.4387
0.1212 -0.5650 -0.4671
0.2274 -0.4940 -0.4886
0.2331 -0.4595 -0.4610
0.1873 -0.4453 -0.4439
0.0446 -0.4326 -0.3921
-0.0605 -0.4008 -0.3562
-0.0453 -0.3698 -0.3510
0.1519 -0.3372 -0.3231
0.4904 -0.2898 -0.2556
0.6371 -0.2613 -0.2158
0.8624 -0.1111 -0.1613
0.7362 0.0458 -0.2183
0.5425 0.0814 -0.2195
0.1058 0.1512 -0.1811
-0.3443 0.3901 -0.0371
-0.5802 0.5943 0.1154
-0.8658 0.9684 0.5636
-0.5611 0.9009 1.0213
-0.2447 0.7237 1.2182
0.2111 0.3945 1.5005
0.2868 0.4045 1.5921
0.2324 0.5959 1.6675
0.0452 0.8644 1.7289
-0.0517 0.9901 1.7668
-0.2379 1.1471 1.8848
-0.3520 1.3035 2.0614
-0.3728 1.3538 2.1510
-0.4364 1.3912 2.3688
-0.5092 1.5234 2.6080
-0.5333 1.6294 2.7315
-0.5090 1.8259 2.9965
-0.4148 1.8713 3.2090
-0.3899 1.8086 3.2968
-0.4496 1.6445 3.4525
-0.5669 1.5665 3.5353
-0.6205 1.5534 3.5493
-0.6541 1.5979 3.5452
-0.5632 1.6434 3.5191
-0.4982 1.6644 3.4802
-0.3950 1.6711 3.3694
-0.4193 1.5939 3.2411
-0.4803 1.5352 3.1752
-0.5919 1.4557 3.0752
-0.6148 1.4487 3.0114
-0.5874 1.5140 3.0099
-0.5020 1.6835 2.9964
-0.4696 1.8201 2.9273
-0.4942 1.8758 2.8930
-0.6205 1.9697 2.7828
-0.7042 2.0117 2.6813
-0.9056 2.0200 2.4513
-1.2072 1.7012 2.1666
-1.3287 1.4482 2.0494
-1.1741 0.9356 1.9810
-0.5436 0.3449 2.0421
-0.2670 0.0442 2.1199
0.0662 -0.2127 2.2793
0.0188 -0.0312 2.2268
-0.1251 0.1540 2.1429
-0.4071 0.4444 1.9590
-0.5235 0.4911 1.7455
-0.4120 0.2542 1.4914
-0.2585 0.2250 1.3750
-0.1564 0.2888 1.3141
0.0315 0.4332 1.2026
0.1858 0.4766 1.1453
0.2475 0.4209 1.1217
0.3165 0.2880 1.0511
0.3050 0.2205 0.9609
0.2922 0.2358 0.9093
0.2674 0.3158 0.7910
0.2785 0.3443 0.6736
0.3136 0.3323 0.6300
0.3908 0.3114 0.5585
0.4141 0.3326 0.4954
0.3693 0.3528 0.4542
0.1262 0.3928 0.3663
-0.0516 0.3765 0.3247
-0.4167 0.2301 0.2585
-0.6188 0.0963 0.2526
-0.5621 0.0324 0.2635
-0.2236 -0.0839 0.2908
0.2122 -0.1843 0.2362
0.3908 -0.1284 0.2023
0.5097 0.0789 0.0971
0.3565 0.2673 0.0345
0.2550 0.3048 0.0193
0.1500 0.2527 0.0274
0.1572 0.0886 0.0542
0.1415 0.0007 0.0781
-0.0056 -0.0732 0.1303
-0.1643 -0.0129 0.2146
-0.1976 -0.0022 0.2517
-0.1864 -0.1018 0.3792
-0.2305 -0.1975 0.4902
-0.2531 -0.2319 0.5352
-0.2020 -0.2542 0.5386
-0.1115 -0.1430 0.4048
-0.1033 -0.0687 0.3260
-0.1353 0.0911 0.2112
-0.2202 0.1682 0.1788
-0.2600 0.1774 0.1986
-0.2835 0.1674 0.2806
-0.2787 0.2080 0.3530
-0.3040 0.2132 0.3925
-0.3424 0.2244 0.3780
-0.3460 0.2297 0.3680
-0.3196 0.2470 0.3706
-0.2799 0.2701 0.3720
-0.2686 0.3064 0.3917
-0.2493 0.3840 0.4338
-0.2097 0.4073 0.4553
-0.1849 0.4121 0.4647
-0.1104 0.4125 0.4647
0.0038 0.4004 0.4289
0.0696 0.3899 0.3959
0.1043 0.3705 0.3665
0.1532 0.3463 0.3255
0.1866 0.3442 0.2932
0.2195 0.3358 0.2869
0.2818 0.3132 0.2891
0.3427 0.3395 0.3310
0.3956 0.3288 0.3581
0.5077 0.3168 0.4338
0.4930 0.4030 0.4923
0.4078 0.4942 0.4906
0.1892 0.6661 0.4878
0.0367 0.6396 0.5050
-0.0823 0.5913 0.5051
-0.2549 0.4944 0.5149
-0.2297 0.3399 0.5164
0.0834 -0.0420 0.4881
0.4629 -0.3269 0.6091
0.6004 -0.3572 0.6888
0.7771 -0.2776 0.7460
0.7262 -0.1831 0.7607
0.6363 -0.1147 0.7645
0.3393 0.0814 0.6668
-0.1122 0.3051 0.5395
-0.3268 0.4183 0.4977
-0.6290 0.4648 0.3911
-0.7654 0.3082 0.2437
-0.7657 0.1516 0.1974
-0.6255 -0.1609 0.1679
-0.3676 -0.4757 0.2283
-0.2501 -0.5746 0.2805
-0.0401 -0.6223 0.3615
0.0673 -0.4536 0.3657
0.0644 -0.2714 0.3370
-0.0077 0.1220 0.2405
-0.0658 0.4095 0.1094
-0.0457 0.4614 0.0612
0.0587 0.4959 0.0145
0.1194 0.5787 0.0008
0.1157 0.6395 -0.0028
0.0866 0.6341 -0.0160
0.0681 0.5597 -0.0081
0.0752 0.3092 0.0534
0.1282 0.0162 0.1401
0.1548 -0.1239 0.1844
0.1399 -0.2894 0.1939
0.1764 -0.3020 0.1159
0.2047 -0.2657 0.0390
0.2155 -0.1509 -0.1067
0.1821 -0.1545 -0.1940
0.1719 -0.2243 -0.1942
0.1681 -0.4096 -0.1025
0.2205 -0.4965 0.0262
0.2560 -0.4709 0.0743
0.2223 -0.3888 0.1684
0.1129 -0.3157 0.2014
0.0709 -0.3380 0.1827
0.0554 -0.3876 0.0842
0.0552 -0.3257 -0.1016
0.0726 -0.3128 -0.1977
0.3593 -0.4218 -0.3495
0.8903 -0.8368 -0.6262
1.0760 -0.9869 -0.8071
1.1288 -1.1163 -1.0882
0.6640 -0.9392 -1.4104
0.2932 -0.6912 -1.5355
-0.4842 -0.0333 -1.5902
-0.7316 0.1594 -1.4783
-0.6976 0.3835 -1.1066
-0.1181 0.5556 -0.7534
0.1742 0.6272 -0.6107
0.4457 0.4588 -0.4312
0.1262 0.2232 -0.3161
0.1262 0.2232 -0.3161
-0.1349 0.1741 -0.3764
-0.3364 0.0575 -0.4923
-0.4446 -0.0650 -0.5950
-0.5727 -0.1101 -0.5601
-0.6359 -0.1276 -0.5070
-0.6878 -0.0717 -0.3333
-0.5551 0.1285 -0.1128
-0.3977 0.2122 -0.0089
0.0042 0.3204 0.1205
0.2034 0.3316 0.1638
0.2385 0.3268 0.1529
0.2831 0.3071 0.0712
0.2787 0.3590 -0.0072
0.2476 0.4338 -0.0162
0.1898 0.5872 0.0254
0.1515 0.5610 0.1595
0.1127 0.4839 0.2381
-0.0642 0.3014 0.4098
-0.2668 0.2007 0.5700
-0.2925 0.1542 0.5969
-0.1576 0.0776 0.6441
0.1365 -0.0281 0.6263
0.2660 -0.0679 0.5971
0.3872 -0.1291 0.5306
0.4095 -0.2056 0.5076
0.4599 -0.2137 0.4611
0.5209 -0.0780 0.3819
0.4895 0.0044 0.3750
0.1759 0.2650 0.3901
-0.3453 0.5560 0.3740
-0.5779 0.5374 0.3262
-0.9244 0.1219 0.2014
-1.1036 -0.4813 0.1204
-1.1207 -0.7482 0.0544
-1.0121 -0.8080 -0.0587
-0.4205 -0.9798 -0.0504
-0.1792 -1.0029 -0.0677
0.0906 -0.6713 -0.1052
0.0666 0.0034 -0.1786
-0.0518 0.2582 -0.2521
-0.3215 0.5341 -0.2523
-0.7617 0.7420 -0.3088
-0.8481 0.4845 -0.3306
-0.5863 0.1883 -0.2034
-0.3428 0.1927 -0.0381
-0.1672 0.1509 -0.0229
0.1144 -0.1328 0.0744
0.2321 -0.2670 0.1160
0.2565 -0.3489 0.1217
0.2805 -0.4795 0.1047
0.2649 -0.4141 0.0578
0.2128 -0.3793 0.0336
0.1647 -0.4857 -0.0784
0.2177 -0.5178 -0.1654
0.3857 -0.2166 -0.1545
0.4907 -0.3056 -0.1794
0.4725 -0.4381 -0.1789
0.3339 -0.5457 -0.2158
0.1319 -0.4371 -0.3201
0.0995 -0.3003 -0.3702
0.4793 -0.2058 -0.3988
1.1610 -0.4574 -0.3903
1.3942 -0.5846 -0.3160
1.4509 -0.8572 -0.0843
0.8124 -1.4148 -0.3211
0.3763 -1.4078 -0.8763
-0.4403 -0.0323 -1.1233
-0.8381 0.1802 -1.0322
-0.8131 0.2083 -1.0750
-0.0847 0.7255 -1.1042
0.5570 0.4325 -0.8938
0.6539 0.2414 -0.7937
0.5010 0.0337 -0.6370
0.1247 -0.0333 -0.4990
-0.0548 -0.0375 -0.4211
-0.3062 -0.0259 -0.2447
-0.3746 -0.0363 -0.0720
-0.3581 -0.0476 -0.0271
-0.2975 -0.0371 0.0009
-0.2785 -0.0159 -0.0093
-0.2756 0.0442 -0.0311
-0.2345 0.1291 -0.0055
-0.1940 0.1599 0.0381
0.1004 0.1771 0.3521
0.1838 0.1839 0.4259
0.2840 0.2477 0.5338
0.2549 0.3411 0.5733
0.2310 0.3894 0.5860
0.1887 0.4303 0.6208
0.1335 0.4080 0.6971
0.1133 0.3909 0.7602
-0.0059 0.3229 0.8611
-0.2705 0.2934 0.9642
-0.3860 0.3871 1.0031
-0.4557 0.7146 1.0126
-0.1453 0.9523 1.0811
0.0949 0.9581 1.1658
0.6116 0.8125 1.3675
0.9599 0.6445 1.4514
1.0455 0.6453 1.4307
0.7843 0.8436 1.3232
-0.0652 1.1302 1.2772
-0.5195 1.2185 1.2772
-1.2073 1.0710 1.2283
-1.4134 0.4932 1.1707
-1.3972 0.0684 1.1444
-1.0625 -0.6018 1.1314
-0.7939 -0.7512 1.1258
-0.3174 -0.6167 1.0531
0.0366 -0.3150 0.9794
0.1437 -0.1311 0.9499
0.2157 0.2405 0.9223
0.1263 0.5152 0.9008
0.0337 0.6013 0.8875
-0.1553 0.6433 0.8491
-0.3527 0.5794 0.7920
-0.4404 0.5590 0.7781
-0.5331 0.4863 0.7265
-0.3833 0.3978 0.6585
-0.2264 0.3010 0.6176
0.1046 0.1025 0.5045
0.3287 0.0326 0.3709
0.3704 0.0434 0.2886
0.3359 0.0702 0.1382
0.2861 0.0029 0.0477
0.3013 -0.0840 0.0133
0.2755 -0.2891 -0.0464
0.1260 -0.4620 -0.0988
0.0454 -0.4682 -0.1158
-0.0648 -0.4099 -0.1567
0.0357 -0.2967 -0.1821
0.2261 -0.3019 -0.2065
0.8083 -0.4217 -0.3386
1.0983 -0.4955 -0.4274
1.4495 -0.5117 -0.5615
1.2749 -0.3802 -0.7263
0.9891 -0.3196 -0.8056
0.1483 0.0417 -0.9123
-0.4957 0.5416 -0.8413
-0.5950 0.8563 -0.7353
-0.2977 1.1187 -0.5393
0.2754 0.7495 -0.3228
0.4923 0.5212 -0.1835
0.6213 0.3361 0.0705
0.4381 0.4098 0.2597
0.2897 0.4439 0.3249
0.0200 0.4815 0.4445
-0.1749 0.4265 0.5421
-0.2643 0.4332 0.5861
-0.4774 0.3893 0.6851
-0.7017 0.3279 0.6598
-0.7512 0.2887 0.6288
-0.7434 0.1176 0.6279
-0.5941 -0.0205 0.7375
-0.4968 -0.0652 0.7909
-0.2834 -0.0011 0.8776
-0.0798 0.2135 0.9359
0.0063 0.3315 0.9558
0.1400 0.5095 0.9807
0.1804 0.6584 1.0074
0.1748 0.7366 1.0074
0.1531 0.9063 0.9919
0.1375 0.9913 1.0021
0.1209 1.0928 1.0473
0.1056 1.0165 1.1183
0.0748 0.8944 1.1454
-0.0774 0.6390 1.1788
-0.2208 0.5162 1.1949
-0.2579 0.4907 1.1807
-0.2884 0.5859 1.1249
-0.1428 0.6685 1.1610
-0.0057 0.6601 1.2201
0.2493 0.5869 1.3959
0.3345 0.5435 1.4923
0.3600 0.6196 1.5588
0.4103 0.8260 1.6186
0.2385 1.0358 1.5431
0.0072 1.1394 1.5040
-0.5969 1.2635 1.4907
-1.0055 1.1851 1.6006
-1.1818 1.1353 1.6114
-1.4467 0.3601 1.5497
-1.3714 -0.2420 1.4467
-1.2398 -0.4093 1.3858
-0.8828 -0.4038 1.2029
-0.5948 -0.1736 0.9638
-0.4961 -0.0781 0.8568
-0.4223 0.1457 0.6993
-0.4298 0.2308 0.6531
-0.4362 0.3199 0.6155
-0.4073 0.4279 0.6302
-0.4049 0.4781 0.6493
-0.3961 0.6143 0.7553
-0.3856 0.7095 0.9166
-0.3690 0.7044 1.0053
-0.2790 0.5110 1.0655
-0.1343 0.2543 1.0254
-0.0401 0.1278 0.9940
0.1472 -0.0749 0.9033
0.2409 -0.1464 0.8352
0.2183 -0.0767 0.8421
0.1059 -0.0126 0.8420
0.0164 -0.0220 0.7496
0.0215 -0.0677 0.6872
0.1207 -0.1296 0.5278
0.3482 -0.2209 0.3799
0.4731 -0.2968 0.2939
0.7082 -0.4813 0.0924
0.8309 -0.8018 -0.0900
0.8080 -0.9126 -0.1634
0.5606 -0.8651 -0.3398
0.1374 -0.5284 -0.4539
-0.0390 -0.3912 -0.4430
-0.0988 -0.2095 -0.3471
0.3538 -0.0778 -0.1880
0.7015 -0.0546 -0.0958
1.1375 -0.0986 0.0401
1.1609 -0.0514 0.0870
1.0368 0.0095 0.0695
0.6181 0.2070 0.0442
0.3382 0.3599 0.0516
-0.1971 0.5086 0.1017
-0.5110 0.6214 0.1423
-0.5395 0.6423 0.1670
-0.4049 0.5310 0.1588
-0.1229 0.3722 0.1366
-0.0506 0.3294 0.1198
-0.0651 0.3036 0.1458
-0.1030 0.3607 0.2970
-0.1171 0.3869 0.3930
-0.1575 0.4749 0.6003
-0.2256 0.5518 0.8190
-0.2632 0.5555 0.9022
-0.2992 0.5978 0.9941
-0.2847 0.6273 1.0132
-0.2725 0.6384 1.0020
-0.2086 0.6388 0.9737
-0.1261 0.6030 0.9707
-0.0983 0.5777 0.9397
-0.0626 0.6112 0.8813
-0.0191 0.7439 0.9496
-0.0522 0.7519 1.0003
-0.1412 0.7210 1.0456
-0.1717 0.7870 0.9814
-0.1632 0.8631 0.9546
-0.1036 0.9115 0.9866
-0.0485 0.8558 1.0169
0.1235 0.5923 1.0385
0.1457 0.5690 1.0253
0.1129 0.5196 0.9730
-0.0241 0.3937 0.9410
-0.0729 0.3300 0.9382
-0.0402 0.1648 0.9140
0.1463 0.0929 0.8600
0.2421 0.0925 0.8301
0.3098 0.1510 0.7429
0.2239 0.2584 0.6691
0.1446 0.2980 0.6429
0.0103 0.3183 0.6186
-0.0188 0.2469 0.6223
-0.0099 0.2046 0.6292
-0.0188 0.2187 0.6580
-0.0851 0.3127 0.7041
-0.1166 0.3692 0.7385
-0.0739 0.3980 0.7556
0.0110 0.3843 0.7071
0.0116 0.3857 0.6845
-0.0357 0.3594 0.6377
-0.1085 0.3132 0.5615
-0.1700 0.3011 0.5284
-0.2505 0.3036 0.4592
-0.2416 0.2687 0.4034
-0.2232 0.2453 0.3747
-0.2040 0.2361 0.3039
-0.1751 0.2535 0.2730
-0.0918 0.2783 0.1919
-0.0416 0.2850 0.1297
-0.0278 0.2841 0.0990
-0.0247 0.2501 0.0370
-0.0911 0.2038 -0.0099
-0.1157 0.1898 -0.0240
-0.1282 0.1796 -0.0454
-0.0836 0.1760 -0.0757
-0.0581 0.1564 -0.0904
-0.0529 0.0990 -0.1209
-0.1059 0.0584 -0.1572
-0.1228 0.0446 -0.1634
-0.0911 -0.0047 -0.1526
-0.0343 -0.0266 -0.1178
-0.0162 -0.0350 -0.0983
-0.0055 -0.0649 -0.0699
-0.0455 -0.0545 -0.0627
-0.0656 -0.0357 -0.0763
-0.0675 -0.0079 -0.1397
-0.0187 0.0196 -0.1826
0.0137 0.0338 -0.1992
0.0244 0.0285 -0.2280
-0.0074 -0.0014 -0.2366
-0.0242 -0.0147 -0.2420
-0.0528 -0.0376 -0.2559
-0.0479 -0.0475 -0.2542
-0.0334 -0.0818 -0.2556
-0.0409 -0.1221 -0.2752
-0.0545 -0.1224 -0.2787
-0.0689 -0.0870 -0.2729
-0.0295 -0.0546 -0.2517
0.0034 -0.0493 -0.2300
0.0587 -0.0729 -0.1963
0.0441 -0.0754 -0.1665
0.0296 -0.0644 -0.1525
0.0197 -0.0928 -0.1352
0.0099 -0.1186 -0.1171
-0.0022 -0.1083 -0.1113
-0.0206 -0.0777 -0.1088
-0.0304 -0.0601 -0.0917
-0.0555 -0.0734 -0.0860
-0.1034 -0.0844 -0.0658
-0.1188 -0.0789 -0.0522
-0.1045 -0.0815 -0.0555
-0.0336 -0.0563 -0.0569
0.0471 -0.0205 -0.0533
0.0707 -0.0243 -0.0514
0.0645 -0.0132 -0.0450
0.0204 -0.0082 -0.0322
0.0014 0.0015 -0.0279
0.0062 0.0103 -0.0143
0.0108 0.0041 -0.0081
-0.0048 0.0003 0.0046
-0.0360 0.0242 0.0217
-0.0402 0.0294 0.0204
-0.0332 0.0500 0.0315
-0.0088 0.0610 0.0450
-0.0055 0.0515 0.0496
-0.0302 0.0215 0.0472
-0.0529 0.0253 0.0557
-0.0420 0.0392 0.0575
0.0025 0.0440 0.0640
0.0343 0.0422 0.0630
0.0388 0.0401 0.0672
0.0328 0.0285 0.0731
0.0144 0.0320 0.0645
0.0073 0.0366 0.0630
0.0232 0.0335 0.0568
0.0280 0.0445 0.0576
0.0264 0.0491 0.0589
0.0062 0.0418 0.0499
-0.0272 0.0332 0.0443
-0.0343 0.0328 0.0461
-0.0064 0.0233 0.0469
-0.0052 0.0334 0.0512
-0.0130 0.0355 0.0467
-0.0190 0.0268 0.0488
-0.0244 0.0086 0.0463
-0.0296 0.0108 0.0402
-0.0134 0.0315 0.0413
0.0119 0.0512 0.0373
0.0168 0.0535 0.0386
0.0126 0.0414 0.0285
0.0158 0.0405 0.0223
0.0154 0.0438 0.0139
-0.0254 0.0360 0.0117
-0.0516 0.0348 0.0200
-0.0671 0.0114 0.0253
-0.0326 0.0047 0.0143
-0.0097 0.0155 0.0067
0.0173 0.0484 0.0040
0.0019 0.0582 0.0030
-0.0211 0.0474 0.0082
-0.0392 0.0521 0.0201
-0.0197 0.0399 0.0111
0.0268 0.0618 0.0206
0.0435 0.0478 0.0253
0.0353 0.0414 0.0363
-0.0114 0.0233 0.0303
-0.0089 0.0411 0.0400
0.0171 0.0500 0.0405
0.0146 0.0183 0.0247
0.0059 0.0137 0.0173
0.0102 -0.0030 0.0069
0.0267 0.0035 0.0076
0.0318 -0.0014 0.0048
0.0387 0.0119 0.0091
0.0377 0.0096 0.0161
0.0469 -0.0009 0.0148
0.0350 -0.0100 0.0066
0.0253 -0.0225 0.0036
0.0006 -0.0259 -0.0016
0.0040 -0.0237 0.0002
0.0204 -0.0199 -0.0025
0.0363 -0.0244 -0.0050
0.0430 -0.0318 0.0022
0.0522 -0.0323 -0.0021
0.0470 -0.0287 -0.0091
0.0497 -0.0148 -0.0006
0.0639 -0.0106 -0.0005
0.0511 -0.0336 -0.0130
0.0150 -0.0291 -0.0156
0.0168 -0.0313 -0.0252
0.0476 -0.0381 -0.0236
0.0543 -0.0142 -0.0083
0.0526 0.0040 0.0034
0.0442 0.0087 0.0125
0.0383 -0.0005 0.0102
0.0270 0.0022 0.0051
0.0209 0.0120 0.0030
0.0308 -0.0046 0.0076
0.0303 -0.0170 0.0124
0.0029 -0.0117 0.0198
-0.0209 0.0058 0.0070
-0.0118 0.0127 0.0057
0.0175 0.0227 0.0015
0.0244 0.0232 0.0057
0.0147 0.0213 0.0152
-0.0059 0.0056 0.0189
0.0060 0.0202 0.0263
0.0203 0.0270 0.0340
0.0433 0.0172 0.0334
0.0396 0.0052 0.0306
0.0193 0.0102 0.0270
0.0138 0.0203 0.0261
0.0191 0.0254 0.0259
0.0186 0.0267 0.0210
-0.0154 0.0155 0.0083
-0.0317 0.0084 0.0060
-0.0293 0.0104 -0.0041
-0.0063 0.0418 0.0000
0.0056 0.0510 0.0003
-0.0329 0.0608 -0.0060
-0.0735 0.0635 -0.0027
-0.0739 0.0511 -0.0057
-0.0755 0.0505 -0.0129
-0.0988 0.0788 -0.0166
-0.0948 0.0811 -0.0164
-0.0954 0.0692 -0.0118
-0.1177 0.0833 -0.0141
-0.1304 0.1017 -0.0237
-0.1295 0.0900 -0.0130
-0.1287 0.0745 -0.0111
-0.1513 0.0879 -0.0153
-0.1358 0.0665 -0.0209
-0.1270 0.0436 -0.0260
-0.1004 0.0245 -0.0229
-0.0631 0.0014 -0.0176
-0.0468 -0.0177 -0.0147
-0.0550 -0.0127 -0.0081
-0.0614 0.0192 -0.0015
-0.0425 0.0232 0.0033
-0.0177 0.0030 -0.0031
0.0171 0.0076 -0.0024
0.0257 0.0002 -0.0046
0.0061 -0.0079 -0.0075
-0.0305 -0.0159 -0.0034
-0.0349 -0.0220 0.0036
-0.0152 -0.0390 0.0001
0.0146 -0.0187 -0.0061
0.0371 -0.0139 -0.0037
0.0631 -0.0184 -0.0006
0.0745 -0.0294 0.0027
0.0682 -0.0322 0.0026
0.0330 -0.0331 0.0006
-0.0093 -0.0075 -0.0051
-0.0112 0.0114 0.0021
0.0249 0.0056 0.0080
0.0529 0.0005 0.0154
0.0542 0.0083 0.0127
0.0206 0.0197 0.0067
0.0100 0.0180 0.0079
0.0126 0.0177 0.0085
0.0178 0.0224 0.0186
0.0321 0.0063 0.0161
0.0425 0.0111 0.0009
0.0243 0.0230 0.0078
0.0236 0.0207 0.0125
0.0188 0.0169 0.0260
0.0290 0.0220 0.0330
0.0311 0.0242 0.0227
0.0366 0.0408 0.0168
0.0419 0.0325 0.0165
0.0419 0.0287 0.0171
0.0293 0.0340 0.0174
0.0479 0.0473 0.0178
0.0604 0.0441 0.0142
0.0586 0.0363 0.0089
0.0218 0.0560 0.0066
0.0172 0.0522 0.0094
0.0319 0.0216 0.0076
0.0265 0.0195 0.0025
0.0162 0.0228 -0.0031
0.0024 0.0276 0.0059
0.0145 0.0196 0.0089
0.0174 0.0204 0.0115
0.0158 0.0272 0.0108
0.0045 0.0151 0.0022
-0.0100 0.0190 0.0016
-0.0122 0.0181 0.0068
0.0047 0.0160 0.0141
0.0246 0.0256 0.0133
0.0040 0.0393 0.0124
-0.0088 0.0343 0.0155
-0.0358 0.0046 0.0127
-0.0622 -0.0001 0.0078
-0.0512 -0.0045 -0.0019
-0.0095 0.0136 -0.0026
0.0168 0.0463 0.0022
0.0202 0.0506 0.0125
-0.0017 0.0333 0.0147
-0.0291 0.0059 0.0193
-0.0356 -0.0006 0.0075
-0.0288 0.0149 0.0072
0.0162 0.0166 0.0111
0.0358 0.0094 0.0167
0.0284 -0.0040 0.0153
0.0035 0.0189 0.0197
0.0105 0.0235 0.0174
0.0481 0.0026 0.0171
0.0397 -0.0018 0.0081
0.0138 0.0086 0.0045
-0.0170 0.0122 0.0047
0.0105 0.0006 0.0181
0.0202 0.0075 0.0148
0.0209 0.0282 0.0143
0.0102 0.0272 0.0089
-0.0014 0.0107 0.0082
0.0139 -0.0044 0.0153
0.0201 -0.0071 0.0145
0.0161 0.0010 0.0068
0.0222 0.0047 0.0038
0.0332 0.0070 0.0062
0.0489 0.0043 0.0081
0.0299 0.0048 0.0055
0.0266 0.0017 0.0059
0.0238 -0.0065 0.0007
0.0255 0.0010 -0.0012
0.0299 0.0067 -0.0007
0.0365 0.0020 -0.0024
0.0195 -0.0042 -0.0057
0.0061 -0.0043 -0.0068
0.0109 0.0080 -0.0003
0.0252 0.0016 0.0049
0.0211 -0.0024 0.0075
0.0080 -0.0010 -0.0041
0.0003 -0.0023 -0.0005
0.0052 0.0047 0.0033
0.0324 0.0014 0.0027
0.0443 0.0066 -0.0026
0.0404 0.0101 -0.0117
0.0290 0.0123 -0.0201
0.0329 0.0217 -0.0053
0.0408 0.0162 -0.0013
0.0111 0.0002 0.0074
-0.0194 -0.0123 0.0057
-0.0339 -0.0190 -0.0032
0.0307 -0.0038 -0.0076
0.0606 0.0056 -0.0080
0.0504 0.0223 0.0009
-0.0203 0.0210 0.0115
-0.0350 0.0139 0.0173
-0.0195 -0.0144 0.0140
0.0116 -0.0097 0.0090
0.0155 -0.0016 0.0038
0.0142 0.0103 0.0009
0.0092 0.0080 0.0027
0.0125 0.0120 0.0056
0.0185 0.0254 0.0126
0.0228 0.0143 0.0090
0.0098 0.0115 0.0083
-0.0074 0.0086 0.0104
0.0060 0.0014 0.0126
0.0100 0.0069 0.0123
-0.0048 0.0253 0.0086
0.0005 0.0252 0.0143
0.0015 0.0160 0.0104
0.0057 0.0173 0.0066
-0.0195 0.0109 0.0053
-0.0226 0.0094 0.0060
0.0096 0.0080 0.0084
0.0294 0.0147 0.0115
0.0251 0.0233 0.0125
0.0116 0.0202 0.0066
0.0064 0.0195 0.0071
0.0082 0.0194 0.0007
0.0274 -0.0087 -0.0168
0.0732 -0.0561 -0.0178
0.0594 -0.0446 -0.0129
0.0140 0.0012 -0.0105
-0.0040 0.0164 -0.0067
-0.0363 0.0131 0.0115
-0.0288 0.0229 0.0067
-0.0194 0.0478 0.0088
0.0025 0.0614 0.0033
0.0432 -0.0119 -0.0152
0.0237 -0.0134 -0.0062
-0.0391 -0.0071 0.0107
-0.0363 -0.0019 0.0214
-0.0008 -0.0019 0.0143
0.0373 -0.0017 -0.0029
-0.0012 0.0084 -0.0105
-0.0104 0.0122 -0.0056
0.0180 0.0141 0.0035
0.0562 0.0321 0.0028
0.0557 0.0353 -0.0010
0.0466 0.0217 0.0060
0.0194 -0.0117 0.0090
0.0057 -0.0142 0.0070
-0.0070 -0.0112 -0.0010
0.0277 0.0160 0.0012
0.0661 0.0247 0.0073
0.1061 0.0420 0.0103
0.0758 0.0380 0.0128
0.0177 0.0018 0.0216
-0.0232 0.0362 0.0177
-0.0121 0.0236 0.0260
0.0314 -0.0071 0.0390
0.0537 -0.0212 0.0375
0.0393 -0.0074 0.0212
0.0019 -0.0067 0.0151
-0.0070 0.0061 0.0183
-0.0028 0.0107 0.0136
0.0015 -0.0207 0.0127
-0.0011 -0.0138 0.0027
-0.0031 0.0046 -0.0077
-0.0012 0.0269 -0.0021
-0.0178 0.0146 0.0005
-0.0208 0.0186 -0.0009
-0.0141 0.0185 -0.0120
-0.0050 0.0240 -0.0089
-0.0078 0.0225 -0.0066
-0.0134 0.0037 -0.0016
-0.0081 0.0002 -0.0059
0.0035 -0.0098 0.0000
0.0101 -0.0012 0.0071
0.0087 0.0084 0.0078
0.0072 0.0086 0.0058
0.0082 -0.0050 0.0046
0.0181 -0.0106 0.0046
0.0256 -0.0019 0.0029
0.0340 -0.0075 0.0091
0.0215 0.0026 0.0084
-0.0098 0.0307 -0.0060
0.0084 0.0110 -0.0054
0.0161 0.0108 -0.0019
0.0212 0.0161 0.0083
0.0151 0.0081 0.0121
0.0093 0.0110 0.0153
0.0170 -0.0006 0.0182
0.0244 0.0027 0.0145
0.0180 0.0008 0.0146
0.0055 -0.0024 0.0089
0.0243 0.0060 0.0081
0.0357 0.0006 0.0065
0.0476 0.0028 0.0102
0.0305 -0.0058 0.0015
0.0185 -0.0030 0.0041
0.0198 0.0030 0.0070
0.0367 0.0070 0.0121
0.0328 0.0080 0.0133
0.0078 -0.0057 0.0194
-0.0063 -0.0324 0.0113
-0.0020 -0.0301 0.0024
0.0023 -0.0044 -0.0111
0.0195 0.0130 -0.0074
0.0410 0.0290 0.0065
0.0211 0.0021 0.0164
-0.0049 -0.0051 0.0216
-0.0331 -0.0147 0.0123
0.0010 -0.0104 0.0056
0.0251 -0.0082 0.0002
0.0533 -0.0020 0.0010
0.0566 0.0017 -0.0003
0.0369 0.0102 0.0003
0.0039 0.0326 0.0060
0.0145 -0.0099 0.0070
0.0203 -0.0158 0.0093
0.0064 -0.0056 -0.0020
0.0082 0.0159 -0.0068
0.0302 0.0191 -0.0071
0.0450 0.0078 0.0017
0.0093 0.0123 -0.0017
-0.0011 0.0066 -0.0007
0.0050 -0.0124 -0.0028
0.0180 0.0132 0.0033
0.0363 0.0178 0.0087
0.0566 0.0019 0.0050
0.0316 0.0014 0.0005
0.0112 0.0029 0.0019
0.0181 0.0126 0.0082
0.0570 0.0042 0.0145
0.0585 0.0160 0.0189
0.0776 0.0481 -0.0071
0.0573 0.0240 -0.0070
-0.0394 0.0421 0.0326
0.0206 -0.0274 0.0261
0.0332 -0.0265 0.0271
0.0204 -0.0068 0.0193
0.0267 -0.0043 0.0106

