0.0975 -0.3957 -0.9095
0.0895 -0.3925 -0.9164
0.0863 -0.3981 -0.8918
0.0825 -0.3963 -0.8821
0.0850 -0.4016 -0.8824
0.0821 -0.4016 -0.8894
0.0821 -0.4016 -0.8894
0.0828 -0.4025 -0.8924
0.0870 -0.3981 -0.8915
0.0939 -0.3955 -0.8978
0.0933 -0.3966 -0.8936
0.0917 -0.4017 -0.8931
0.0917 -0.4017 -0.8931
0.0881 -0.4021 -0.8979
0.0919 -0.4031 -0.8991
0.0906 -0.3989 -0.8903
0.0909 -0.4007 -0.8969
0.0943 -0.4035 -0.8872
0.0943 -0.4035 -0.8872
0.0917 -0.4056 -0.8988
0.0946 -0.4088 -0.8972
0.0907 -0.4035 -0.8949
0.0907 -0.4007 -0.8929
0.0934 -0.3996 -0.8973
0.0934 -0.3996 -0.8973
0.0881 -0.4035 -0.8891
0.0894 -0.4016 -0.8866
0.0918 -0.4028 -0.8905
0.0931 -0.4002 -0.8948
0.0931 -0.4002 -0.8948
0.0909 -0.4010 -0.8972
0.0929 -0.4059 -0.8955
0.0909 -0.4048 -0.8925
0.0912 -0.4072 -0.8905
0.0894 -0.4051 -0.8951
0.0894 -0.4051 -0.8951
0.0914 -0.4045 -0.8938
0.0885 -0.4032 -0.8823
0.1056 -0.3855 -0.8850
0.0887 -0.4228 -0.9006
0.0861 -0.4126 -0.8990
0.0861 -0.4126 -0.8990
0.0872 -0.4071 -0.9133
0.0913 -0.3928 -0.9067
0.0915 -0.3821 -0.8833
0.0998 -0.4098 -0.9061
0.0806 -0.4178 -0.8797
0.0912 -0.4066 -0.8782
0.0883 -0.3984 -0.8925
0.0862 -0.3997 -0.8844
0.0857 -0.3978 -0.8785
0.0918 -0.3989 -0.8900
0.0918 -0.3989 -0.8900
0.0893 -0.3943 -0.8965
0.0902 -0.4041 -0.8965
0.0938 -0.4072 -0.8849
0.0950 -0.4060 -0.8980
0.0950 -0.4060 -0.8980
0.0876 -0.3977 -0.8989
0.0834 -0.3913 -0.8882
0.0818 -0.3989 -0.8870
0.0882 -0.3979 -0.8890
0.0913 -0.4003 -0.9003
0.0913 -0.4003 -0.9003
0.0901 -0.4000 -0.9084
0.0912 -0.3957 -0.9137
0.0882 -0.3927 -0.9018
0.0891 -0.3944 -0.8967
0.0816 -0.3949 -0.8964
0.0816 -0.3949 -0.8964
0.0793 -0.3952 -0.8926
0.0795 -0.3920 -0.8936
0.0886 -0.3918 -0.8949
0.0903 -0.3918 -0.8970
0.0899 -0.3934 -0.9006
0.0899 -0.3934 -0.9006
0.0885 -0.3937 -0.9070
0.0888 -0.3946 -0.9000
0.0890 -0.3898 -0.8958
0.0900 -0.3984 -0.8931
0.0912 -0.3986 -0.8983
0.0912 -0.3986 -0.8983
0.0930 -0.3984 -0.8992
0.0943 -0.3952 -0.8943
0.0936 -0.3935 -0.8922
0.0929 -0.3884 -0.8931
0.0929 -0.3884 -0.8931
0.0923 -0.3919 -0.9060
0.0931 -0.3956 -0.8968
0.0946 -0.3978 -0.8827
0.0994 -0.3951 -0.8848
0.1077 -0.3936 -0.9019
0.1077 -0.3936 -0.9019
0.1154 -0.3992 -0.9015
0.1148 -0.3955 -0.9010
0.1160 -0.3970 -0.8917
0.1121 -0.3911 -0.8995
0.1076 -0.3945 -0.8999
0.1076 -0.3945 -0.8999
0.1058 -0.3912 -0.8972
0.0996 -0.3878 -0.8991
0.0977 -0.3862 -0.9033
0.1014 -0.3841 -0.8998
0.1037 -0.3800 -0.8793
0.1037 -0.3800 -0.8793
0.1072 -0.3823 -0.8838
0.1150 -0.3844 -0.8819
0.1209 -0.3828 -0.8748
0.1293 -0.3837 -0.8712
0.1293 -0.3837 -0.8712
0.1458 -0.3858 -0.8833
0.1735 -0.3899 -0.9006
0.1991 -0.3884 -0.9085
0.2267 -0.3789 -0.9052
0.2488 -0.3684 -0.9016
0.2488 -0.3684 -0.9016
0.2562 -0.3537 -0.9041
0.2657 -0.3493 -0.8726
0.2733 -0.3404 -0.8343
0.2850 -0.3494 -0.8274
0.3035 -0.3541 -0.8308
0.3035 -0.3541 -0.8308
0.3175 -0.3289 -0.8437
0.3291 -0.3156 -0.8497
0.3432 -0.2861 -0.8473
0.3520 -0.2440 -0.8205
0.3489 -0.2298 -0.7939
0.3489 -0.2298 -0.7939
0.3394 -0.2481 -0.7459
0.3698 -0.2957 -0.7157
0.4139 -0.3718 -0.7357
0.4530 -0.4207 -0.7828
0.4615 -0.4177 -0.8821
0.4615 -0.4177 -0.8821
0.4325 -0.3891 -1.0840
0.4209 -0.3625 -1.2567
0.4087 -0.3461 -1.2361
0.3428 -0.3168 -1.0948
0.3428 -0.3168 -1.0948
0.2660 -0.3150 -0.9768
0.2068 -0.3424 -0.8888
0.1841 -0.3768 -0.8425
0.2070 -0.4043 -0.8164
0.2340 -0.4143 -0.8084
0.2340 -0.4143 -0.8084
0.2660 -0.4126 -0.8063
0.2934 -0.4026 -0.7896
0.3348 -0.3806 -0.7920
0.3780 -0.3640 -0.8069
0.4212 -0.3491 -0.8286
0.4212 -0.3491 -0.8286
0.4612 -0.3548 -0.8426
0.4794 -0.3516 -0.8406
0.5078 -0.3589 -0.8174
0.4964 -0.4117 -0.7497
0.4735 -0.4747 -0.7176
0.4735 -0.4747 -0.7176
0.4526 -0.4821 -0.7878
0.4423 -0.3837 -1.0007
0.4346 -0.3363 -1.2269
0.3771 -0.3083 -1.1415
0.2945 -0.2573 -0.8329
0.2945 -0.2573 -0.8329
0.2204 -0.2685 -0.6475
0.1593 -0.2756 -0.5789
0.1073 -0.2875 -0.6750
0.0522 -0.2866 -0.8771
0.0522 -0.2866 -0.8771
0.0252 -0.2928 -1.1204
-0.0074 -0.2772 -1.2054
-0.0493 -0.2398 -1.1638
-0.0710 -0.1914 -1.0592
-0.0770 -0.2095 -0.9245
-0.0770 -0.2095 -0.9245
-0.0739 -0.2573 -0.8295
-0.0614 -0.2861 -0.7405
-0.0235 -0.3216 -0.7086
0.0258 -0.3580 -0.7592
0.0816 -0.3763 -0.8340
0.0816 -0.3763 -0.8340
0.1188 -0.3903 -0.8943
0.1584 -0.4007 -0.9368
0.1928 -0.4142 -1.0000
0.2202 -0.4309 -1.0318
0.2236 -0.4336 -0.9961
0.2236 -0.4336 -0.9961
0.2124 -0.4375 -0.9190
0.1966 -0.4430 -0.8561
0.1708 -0.4442 -0.8405
0.1434 -0.4515 -0.8634
0.1184 -0.4563 -0.8977
0.1184 -0.4563 -0.8977
0.0944 -0.4654 -0.9221
0.0854 -0.4823 -0.9271
0.0933 -0.4927 -0.9379
0.0987 -0.4998 -0.9514
0.0987 -0.4998 -0.9514
0.1100 -0.5069 -0.9531
0.1207 -0.5119 -0.9728
0.1465 -0.5234 -1.0126
0.1798 -0.5218 -1.0414
0.2144 -0.5222 -1.0598
0.2144 -0.5222 -1.0598
0.2329 -0.5431 -1.0321
0.2425 -0.5328 -1.0076
0.2437 -0.5393 -0.9952
0.2347 -0.5031 -0.9632
0.2052 -0.4685 -0.9182
0.2052 -0.4685 -0.9182
0.2099 -0.4386 -0.8829
0.2785 -0.3727 -0.8600
0.3973 -0.2714 -0.8377
0.4955 -0.1890 -0.8550
0.5471 -0.1595 -0.8131
0.5471 -0.1595 -0.8131
0.5677 -0.1310 -0.6855
0.5481 -0.1619 -0.6200
0.4834 -0.2329 -0.5788
0.3751 -0.2806 -0.5731
0.3751 -0.2806 -0.5731
0.2635 -0.3309 -0.6238
0.1908 -0.3480 -0.7134
0.1488 -0.3612 -0.8159
0.1118 -0.3677 -0.8419
0.0873 -0.3696 -0.8253
0.0873 -0.3696 -0.8253
0.0642 -0.3796 -0.8115
0.0663 -0.3937 -0.8170
0.0816 -0.4181 -0.8110
0.1055 -0.4585 -0.7806
0.1103 -0.4957 -0.7392
0.1103 -0.4957 -0.7392
0.1100 -0.5376 -0.7555
0.1316 -0.5652 -0.8067
0.1501 -0.5635 -0.8496
0.1530 -0.5598 -0.9068
0.1478 -0.5378 -0.9443
0.1478 -0.5378 -0.9443
0.1400 -0.5165 -0.9737
0.1253 -0.5070 -0.9579
0.1087 -0.5029 -0.9459
0.1102 -0.5255 -0.9747
0.1308 -0.5453 -1.0091
0.1308 -0.5453 -1.0091
0.1555 -0.5403 -1.0261
0.1579 -0.5405 -1.0298
0.1389 -0.5448 -1.0015
0.1075 -0.4941 -0.9754
0.1075 -0.4941 -0.9754
0.0954 -0.4296 -1.0157
0.1101 -0.4153 -1.0223
0.1008 -0.3189 -0.9267
0.1126 -0.1855 -0.9025
0.1458 -0.1096 -0.9977
0.1458 -0.1096 -0.9977
0.1222 -0.1273 -0.9706
0.0735 -0.1754 -0.7717
0.0117 -0.2030 -0.6886
-0.0157 -0.2510 -0.7876
0.0093 -0.2978 -1.0542
0.0093 -0.2978 -1.0542
0.1484 -0.3098 -1.2133
0.2356 -0.3333 -1.2121
0.3369 -0.3720 -1.0182
0.3466 -0.3471 -0.8904
0.3074 -0.3630 -0.7983
0.3074 -0.3630 -0.7983
0.2217 -0.3856 -0.6899
0.1577 -0.3897 -0.5848
0.1361 -0.3987 -0.5386
0.1310 -0.4314 -0.5752
0.1517 -0.4711 -0.6255
0.1517 -0.4711 -0.6255
0.1711 -0.4923 -0.6672
0.1936 -0.5154 -0.7971
0.2029 -0.5237 -0.8723
0.2029 -0.5237 -0.8723
0.2192 -0.5199 -0.9230
0.2352 -0.5180 -0.9740
0.2289 -0.5289 -1.0062
0.2286 -0.5421 -1.0152
0.2189 -0.5549 -1.0496
0.2189 -0.5549 -1.0496
0.2220 -0.5793 -1.0691
0.2319 -0.6159 -1.0322
0.2487 -0.6201 -1.0343
0.2525 -0.5783 -1.1160
0.2461 -0.4813 -1.2235
0.2461 -0.4813 -1.2235
0.2213 -0.3747 -1.2502
0.1821 -0.3092 -1.0099
0.1363 -0.2886 -0.7243
0.1475 -0.3544 -0.5486
0.1527 -0.3625 -0.4209
0.1527 -0.3625 -0.4209
0.1902 -0.3767 -0.5791
0.2485 -0.3335 -0.7748
0.3031 -0.2989 -0.9127
0.3236 -0.2844 -1.1766
0.3236 -0.2844 -1.1766
0.2887 -0.3016 -1.0195
0.1833 -0.2988 -0.9685
0.0743 -0.3005 -0.8462
-0.0166 -0.3239 -0.7083
-0.0726 -0.3462 -0.6149
-0.0726 -0.3462 -0.6149
-0.1189 -0.4032 -0.5895
-0.1124 -0.4556 -0.6363
-0.1222 -0.4917 -0.7398
-0.0909 -0.5382 -0.7683
-0.1053 -0.5036 -0.8359
-0.1053 -0.5036 -0.8359
-0.1241 -0.5568 -0.8007
-0.1106 -0.5416 -0.8286
-0.0862 -0.5541 -0.8284
-0.0599 -0.5785 -0.8644
-0.0320 -0.5763 -0.8985
-0.0320 -0.5763 -0.8985
-0.0778 -0.6056 -0.9837
-0.1039 -0.6213 -1.0765
-0.1291 -0.6224 -1.1244
-0.1516 -0.5757 -1.0550
-0.1798 -0.6028 -1.0361
-0.1798 -0.6028 -1.0361
-0.1775 -0.6022 -0.9821
-0.1445 -0.5522 -0.9849
-0.1145 -0.4461 -0.9885
-0.1216 -0.3521 -1.0221
-0.1216 -0.3521 -1.0221
-0.1170 -0.2934 -0.9395
-0.1222 -0.2716 -0.7612
-0.1348 -0.3163 -0.5986
-0.1669 -0.3624 -0.5945
-0.2285 -0.3634 -0.7077
-0.2285 -0.3634 -0.7077
-0.1906 -0.3652 -0.7967
-0.0904 -0.3465 -0.8726
0.0253 -0.4006 -0.8340
0.1265 -0.4537 -0.7252
0.2136 -0.4819 -0.6147
0.2136 -0.4819 -0.6147
0.2275 -0.4728 -0.5957
0.2698 -0.5134 -0.5906
0.2628 -0.5207 -0.6468
0.2529 -0.5054 -0.7283
0.2545 -0.5300 -0.8075
0.2545 -0.5300 -0.8075
0.2546 -0.5630 -0.8115
0.2484 -0.5715 -0.9204
0.1988 -0.5588 -0.9708
0.1381 -0.5900 -0.9494
0.0463 -0.6127 -0.8904
0.0463 -0.6127 -0.8904
-0.0187 -0.6138 -0.8345
-0.0389 -0.6325 -0.8161
-0.0203 -0.6255 -0.8464
0.0312 -0.6087 -0.9129
0.0312 -0.6087 -0.9129
0.0900 -0.6404 -1.0143
0.0891 -0.6172 -1.0624
0.1028 -0.6214 -1.1521
0.1156 -0.6569 -1.1986
0.0640 -0.5988 -1.2330
0.0640 -0.5988 -1.2330
-0.0085 -0.4822 -1.2621
-0.0247 -0.3989 -1.2459
0.0038 -0.2908 -1.0248
0.0392 -0.2505 -0.6989
0.1142 -0.2502 -0.4109
0.1142 -0.2502 -0.4109
0.1616 -0.3654 -0.3020
0.1668 -0.3652 -0.3440
0.2079 -0.3913 -0.5170
0.2221 -0.4030 -0.8312
0.1965 -0.4721 -1.1312
0.1965 -0.4721 -1.1312
0.1620 -0.3290 -1.2200
0.0395 -0.2159 -1.0502
-0.0726 -0.2617 -0.9133
-0.1936 -0.3150 -0.7163
-0.2259 -0.3282 -0.4400
-0.2259 -0.3282 -0.4400
-0.3188 -0.3127 -0.4141
-0.2824 -0.3408 -0.4907
-0.2644 -0.3907 -0.5460
-0.2348 -0.4507 -0.6328
-0.2348 -0.4507 -0.6328
-0.1251 -0.4572 -0.7182
-0.0732 -0.3893 -0.8934
-0.0133 -0.6031 -1.0506
0.0004 -0.5617 -1.2127
0.0337 -0.5838 -1.2182
0.0337 -0.5838 -1.2182
0.0327 -0.5494 -1.1406
-0.0268 -0.5473 -1.1697
-0.1339 -0.5823 -1.0419
-0.1894 -0.5683 -0.9843
-0.1724 -0.5770 -0.9541
-0.1724 -0.5770 -0.9541
-0.1379 -0.5549 -0.9975
-0.1475 -0.6631 -0.9743
-0.1518 -0.6889 -0.9640
-0.1832 -0.6136 -1.2275
-0.1549 -0.5155 -1.4923
-0.1549 -0.5155 -1.4923
-0.0752 -0.3506 -1.4398
-0.0323 -0.2083 -0.9910
-0.0190 -0.1510 -0.6246
0.0161 -0.2720 -0.3409
0.0597 -0.3354 -0.2182
0.0597 -0.3354 -0.2182
0.0496 -0.3678 -0.1758
-0.0334 -0.3739 -0.3971
-0.0367 -0.4381 -0.7896
0.1103 -0.4429 -1.2388
0.1103 -0.4429 -1.2388
0.3487 -0.3915 -1.2190
0.3009 -0.4063 -1.0430
0.3642 -0.3781 -0.7233
0.4076 -0.3695 -0.6462
0.3458 -0.4086 -0.5959
0.3458 -0.4086 -0.5959
0.3118 -0.5060 -0.7067
0.2849 -0.4562 -0.6554
0.2442 -0.4668 -0.7018
0.1410 -0.5609 -0.8858
0.0494 -0.5332 -1.0026
0.0494 -0.5332 -1.0026
-0.1056 -0.5758 -1.0488
-0.1647 -0.4487 -1.1306
-0.1438 -0.3036 -1.1194
-0.2312 -0.4842 -0.9480
-0.1976 -0.4499 -0.9143
-0.1976 -0.4499 -0.9143
-0.1691 -0.4339 -0.9014
-0.0885 -0.4797 -0.8696
-0.0280 -0.4772 -0.8754
-0.0022 -0.5084 -0.8508
-0.0134 -0.5040 -0.8907
-0.0134 -0.5040 -0.8907
-0.1482 -0.5226 -0.9545
-0.1890 -0.6305 -0.7242
-0.1706 -0.5456 -0.8728
-0.1220 -0.5636 -0.7916
-0.1220 -0.5636 -0.7916
-0.0656 -0.5923 -0.8217
-0.0234 -0.6404 -0.8491
-0.0060 -0.6517 -0.9109
-0.0145 -0.6202 -1.0336
-0.0417 -0.5556 -1.0708
-0.0417 -0.5556 -1.0708
-0.0499 -0.4598 -0.9973
-0.0094 -0.4245 -0.9307
0.0691 -0.4475 -0.8793
0.1367 -0.4570 -0.8631
0.1516 -0.4686 -0.8550
0.1516 -0.4686 -0.8550
0.1282 -0.4470 -0.8381
0.1189 -0.4063 -0.8127
0.1049 -0.3772 -0.8528
0.1212 -0.3722 -0.9444
0.1497 -0.3448 -0.9705
0.1497 -0.3448 -0.9705
0.1691 -0.2736 -0.9126
0.2308 -0.2550 -0.9145
0.2964 -0.2831 -0.9223
0.3214 -0.3044 -0.8801
0.3214 -0.3044 -0.8801
0.3079 -0.3169 -0.8408
0.2792 -0.3580 -0.7985
0.2397 -0.4084 -0.7829
0.1855 -0.4746 -0.7751
0.1269 -0.5301 -0.7774
0.0792 -0.5749 -0.8010
0.0792 -0.5749 -0.8010
0.0504 -0.6073 -0.8623
0.0092 -0.6210 -0.9807
-0.0274 -0.6171 -1.0140
-0.0274 -0.6171 -1.0140
-0.0794 -0.6087 -1.0361
-0.1283 -0.5965 -1.0455
-0.1660 -0.5878 -1.0397
-0.1963 -0.5936 -1.0111
-0.2293 -0.5913 -0.9682
-0.2609 -0.5958 -0.9101
-0.2814 -0.6018 -0.8197
-0.2739 -0.6203 -0.7239
-0.2318 -0.6450 -0.6536
-0.1889 -0.6586 -0.6300
-0.1889 -0.6586 -0.6300
-0.1653 -0.6370 -0.6833
-0.1691 -0.5976 -0.7184
-0.1772 -0.5997 -0.8447
-0.2003 -0.6253 -0.9532
-0.2003 -0.6253 -0.9532
-0.2531 -0.5963 -1.0048
-0.3047 -0.5620 -1.0168
-0.3318 -0.5425 -0.9489
-0.3196 -0.4921 -0.8597
-0.2733 -0.4670 -0.7831
-0.2733 -0.4670 -0.7831
-0.2244 -0.4715 -0.7619
-0.1975 -0.4618 -0.8000
-0.2082 -0.4423 -0.8728
-0.2565 -0.4079 -0.9375
-0.3011 -0.3733 -0.9833
-0.3011 -0.3733 -0.9833
-0.3217 -0.3542 -0.9304
-0.3170 -0.3420 -0.8178
-0.2921 -0.3708 -0.7055
-0.2608 -0.3995 -0.6413
-0.2489 -0.4167 -0.6132
-0.2489 -0.4167 -0.6132
-0.2696 -0.4243 -0.6037
-0.2903 -0.4299 -0.6289
-0.3094 -0.4360 -0.6620
-0.3208 -0.4446 -0.6751
-0.3230 -0.4546 -0.6960
-0.3230 -0.4546 -0.6960
-0.3034 -0.4639 -0.7112
-0.2510 -0.4136 -0.7064
-0.1540 -0.3477 -0.7182
-0.0239 -0.3190 -0.8260
0.0723 -0.3255 -0.9474
0.0723 -0.3255 -0.9474
0.0418 -0.2863 -1.0207
0.0086 -0.3300 -1.0254
-0.0369 -0.3775 -1.0154
-0.0369 -0.3775 -1.0154
-0.1010 -0.4366 -1.0058
-0.1534 -0.4830 -0.9558
-0.1707 -0.5124 -0.9418
-0.1716 -0.5435 -0.9326
-0.1733 -0.5635 -0.9441
-0.1733 -0.5635 -0.9441
-0.1734 -0.5663 -0.9590
-0.1658 -0.5756 -0.9894
-0.1604 -0.6037 -1.0184
-0.1652 -0.6492 -1.0495
-0.1810 -0.6466 -1.1333
-0.1810 -0.6466 -1.1333
-0.1739 -0.6281 -1.1853
-0.1595 -0.5638 -1.1956
-0.1395 -0.4874 -1.1620
-0.0986 -0.4222 -1.1046
-0.0986 -0.4222 -1.1046
-0.0337 -0.3469 -1.0025
0.0541 -0.2698 -0.8705
0.1692 -0.2337 -0.7623
0.2951 -0.2490 -0.7394
0.3859 -0.2740 -0.7764
0.3859 -0.2740 -0.7764
0.4243 -0.2887 -0.8486
0.3878 -0.3107 -0.9157
0.2965 -0.3156 -0.9794
0.1993 -0.3520 -1.0548
0.0806 -0.3741 -1.0888
0.0806 -0.3741 -1.0888
-0.0157 -0.3821 -1.0313
-0.0570 -0.3876 -0.8945
-0.0515 -0.4068 -0.7486
-0.0259 -0.4449 -0.6605
-0.0258 -0.4796 -0.5959
-0.0258 -0.4796 -0.5959
-0.0215 -0.5113 -0.5863
-0.0215 -0.5137 -0.5973
-0.0418 -0.5357 -0.6877
-0.0875 -0.5512 -0.7013
-0.1386 -0.5682 -0.7284
-0.1386 -0.5682 -0.7284
-0.1956 -0.6240 -0.7623
-0.2446 -0.6443 -0.7601
-0.2772 -0.6369 -0.7632
-0.3035 -0.6284 -0.7669
-0.3035 -0.6284 -0.7669
-0.3357 -0.6253 -0.7761
-0.3459 -0.6031 -0.7413
-0.3100 -0.6171 -0.7047
-0.2699 -0.6637 -0.7003
-0.2686 -0.6864 -0.7695
-0.2686 -0.6864 -0.7695
-0.2875 -0.7006 -0.8405
-0.3215 -0.6783 -0.9555
-0.3414 -0.6144 -1.1053
-0.3264 -0.4996 -1.1070
-0.2479 -0.3743 -0.9603
-0.2479 -0.3743 -0.9603
-0.1423 -0.3569 -0.7910
-0.0684 -0.3856 -0.6438
-0.0388 -0.4347 -0.5694
-0.0312 -0.4765 -0.5726
-0.0746 -0.5007 -0.6398
-0.1133 -0.4637 -0.6945
-0.0938 -0.3948 -0.7938
0.0081 -0.3560 -0.8389
0.1247 -0.3341 -0.8365
0.2056 -0.3525 -0.7921
0.2056 -0.3525 -0.7921
0.2404 -0.3791 -0.7565
0.2441 -0.4214 -0.7181
0.2218 -0.4610 -0.7090
0.1895 -0.4861 -0.7120
0.1895 -0.4861 -0.7120
0.1689 -0.5281 -0.7948
0.1460 -0.5589 -0.8701
0.1156 -0.5678 -0.9443
0.0741 -0.6013 -1.0081
0.0231 -0.6220 -1.0366
-0.0138 -0.6374 -1.0119
-0.0279 -0.6640 -0.9862
-0.0350 -0.6884 -0.9473
-0.0301 -0.6855 -0.9244
0.0117 -0.6876 -0.8989
0.0117 -0.6876 -0.8989
0.0838 -0.6827 -0.9025
0.1375 -0.6620 -1.0198
0.1341 -0.6460 -1.1787
0.0774 -0.5320 -1.2596
0.0423 -0.4323 -1.1647
0.0423 -0.4323 -1.1647
0.0898 -0.3616 -0.9528
0.1745 -0.3724 -0.7283
0.2616 -0.4179 -0.5636
0.3289 -0.4611 -0.5143
0.3302 -0.5022 -0.5893
0.3302 -0.5022 -0.5893
0.2533 -0.5376 -0.7233
0.1380 -0.5399 -0.9559
0.0126 -0.5373 -1.1382
-0.0825 -0.4201 -1.1417
-0.0825 -0.4201 -1.1417
-0.0814 -0.3577 -1.0763
-0.0114 -0.4021 -0.9059
0.0134 -0.4128 -0.7375
0.0028 -0.4119 -0.6266
-0.0099 -0.4163 -0.5634
-0.0099 -0.4163 -0.5634
-0.0379 -0.4232 -0.5426
-0.0766 -0.4326 -0.5574
-0.0930 -0.4343 -0.5913
-0.1051 -0.4478 -0.6407
-0.1155 -0.4584 -0.6720
-0.1155 -0.4584 -0.6720
-0.1084 -0.4587 -0.6892
-0.0893 -0.4839 -0.7411
-0.0917 -0.5062 -0.7997
-0.1192 -0.4921 -0.8740
-0.1372 -0.5110 -0.9513
-0.1372 -0.5110 -0.9513
-0.1853 -0.5321 -1.0411
-0.1940 -0.5851 -1.0180
-0.1812 -0.5991 -1.0151
-0.1812 -0.5991 -1.0151
-0.1880 -0.6096 -1.1093
-0.2054 -0.5572 -1.1152
-0.1899 -0.4572 -1.0365
-0.1608 -0.4213 -0.9428
-0.1240 -0.4544 -0.8531
-0.1240 -0.4544 -0.8531
-0.1127 -0.4886 -0.7536
-0.1252 -0.5249 -0.6852
-0.1222 -0.5518 -0.6297
-0.0854 -0.5566 -0.5992
-0.0303 -0.5550 -0.5969
-0.0303 -0.5550 -0.5969
0.0346 -0.5577 -0.6221
0.0918 -0.5630 -0.6598
0.1356 -0.5452 -0.6942
0.1654 -0.5356 -0.7377
0.1837 -0.5320 -0.7804
0.1837 -0.5320 -0.7804
0.1963 -0.5161 -0.8280
0.2044 -0.5182 -0.8768
0.1960 -0.5015 -0.8988
0.1713 -0.4954 -0.9308
0.1176 -0.5096 -0.9383
0.1176 -0.5096 -0.9383
0.0549 -0.5137 -0.9155
0.0115 -0.5410 -0.8973
-0.0090 -0.5708 -0.8563
-0.0149 -0.6014 -0.8393
-0.0149 -0.6014 -0.8393
-0.0224 -0.6481 -0.8748
-0.0427 -0.6854 -0.8909
-0.0568 -0.6940 -0.9276
-0.0633 -0.7214 -1.0558
-0.0865 -0.6968 -1.1776
-0.1080 -0.5802 -1.1702
-0.0696 -0.4610 -1.0235
0.0408 -0.3864 -0.8073
0.1793 -0.4296 -0.6183
0.2863 -0.4924 -0.5511
0.2863 -0.4924 -0.5511
0.3196 -0.5347 -0.6219
0.2539 -0.5364 -0.7321
0.1357 -0.5475 -1.0068
0.0191 -0.5295 -1.2029
-0.0942 -0.3792 -1.2468
-0.0942 -0.3792 -1.2468
-0.1201 -0.2897 -1.2206
-0.0738 -0.3117 -1.0880
-0.0534 -0.3327 -0.9132
-0.0356 -0.3120 -0.7391
-0.0238 -0.3244 -0.6271
-0.0238 -0.3244 -0.6271
-0.0304 -0.3465 -0.5766
-0.0540 -0.3437 -0.5598
-0.0688 -0.3407 -0.5541
-0.0582 -0.3455 -0.5792
-0.0582 -0.3455 -0.5792
-0.0381 -0.3532 -0.6144
-0.0255 -0.3555 -0.6300
-0.0113 -0.3818 -0.6736
-0.0008 -0.4117 -0.7534
-0.0061 -0.4171 -0.8345
-0.0061 -0.4171 -0.8345
-0.0265 -0.4279 -0.9229
-0.0350 -0.4780 -1.0188
-0.0589 -0.4905 -1.0881
-0.0713 -0.5145 -1.0823
-0.0807 -0.5276 -1.1038
-0.0807 -0.5276 -1.1038
-0.0904 -0.5188 -1.1474
-0.0671 -0.4607 -1.1238
-0.0217 -0.3777 -0.9691
0.0450 -0.3829 -0.8015
0.1025 -0.4459 -0.6943
0.1025 -0.4459 -0.6943
0.1258 -0.5234 -0.6301
0.1073 -0.5804 -0.6711
0.0232 -0.6297 -0.7564
-0.0444 -0.6223 -0.8639
-0.0646 -0.6193 -1.0229
-0.0646 -0.6193 -1.0229
-0.0291 -0.5392 -1.0163
0.0820 -0.4741 -0.9937
0.1865 -0.5013 -0.9222
0.2399 -0.5034 -0.8393
0.2399 -0.5034 -0.8393
0.2439 -0.5131 -0.7691
0.2315 -0.5126 -0.7378
0.2160 -0.5049 -0.7458
0.2058 -0.4986 -0.7835
0.1968 -0.4644 -0.8234
0.1968 -0.4644 -0.8234
0.1852 -0.4366 -0.8669
0.1613 -0.4199 -0.9186
0.1275 -0.4057 -0.9463
0.1021 -0.3986 -0.9428
0.0787 -0.3958 -0.9213
0.0787 -0.3958 -0.9213
0.0629 -0.4131 -0.9084
0.0515 -0.4285 -0.9125
0.0586 -0.4464 -0.8939
0.1041 -0.4898 -0.8588
0.1228 -0.4988 -0.8762
0.1228 -0.4988 -0.8762
0.0587 -0.5013 -1.1640
-0.0130 -0.4791 -1.3088
-0.0552 -0.3170 -1.2323
0.0043 -0.1952 -1.0783
0.0933 -0.2372 -0.9445
0.0933 -0.2372 -0.9445
0.1565 -0.2716 -0.8080
0.2017 -0.2815 -0.7186
0.2307 -0.3188 -0.7045
0.2028 -0.3372 -0.7775
0.2028 -0.3372 -0.7775
0.1759 -0.3701 -0.8658
0.1449 -0.3615 -1.0134
0.1197 -0.3746 -1.1572
0.0826 -0.3358 -1.1322
0.0612 -0.2809 -1.0918
0.0802 -0.3188 -1.0404
0.0801 -0.3372 -0.9594
0.0783 -0.3131 -0.9069
0.0801 -0.3340 -0.9015
0.0531 -0.3362 -0.9001
0.0531 -0.3362 -0.9001
0.0155 -0.3247 -0.8838
-0.0278 -0.3375 -0.8808
-0.0599 -0.3525 -0.8692
-0.0667 -0.3764 -0.8515
-0.0717 -0.4063 -0.8566
-0.0717 -0.4063 -0.8566
-0.0789 -0.4463 -0.8323
-0.3193 -0.4589 -0.7689
-0.2338 -0.5920 -0.9829
-0.1010 -0.4887 -1.0560
-0.1010 -0.4887 -1.0560
-0.0329 -0.3397 -1.0205
-0.0074 -0.3151 -1.0506
-0.0475 -0.3330 -0.9405
-0.0847 -0.3315 -0.7979
-0.0595 -0.3728 -0.7736
-0.0595 -0.3728 -0.7736
-0.0207 -0.4115 -0.8034
0.0118 -0.3968 -0.8967
0.0126 -0.3675 -0.9391
0.0128 -0.3452 -0.9112
0.0400 -0.3454 -0.9060
0.0400 -0.3454 -0.9060
0.0404 -0.3265 -0.8754
0.0334 -0.3091 -0.9239
0.0125 -0.3237 -0.9812
-0.0226 -0.3127 -0.9490
-0.0431 -0.3020 -0.9017
-0.0431 -0.3020 -0.9017
-0.0355 -0.3684 -0.8811
-0.0178 -0.2889 -0.9346
-0.0015 -0.2814 -0.9375
-0.0305 -0.3094 -0.9047
-0.0486 -0.3283 -0.8885
-0.0486 -0.3283 -0.8885
-0.0618 -0.3320 -0.9080
-0.0878 -0.3292 -0.9622
-0.0390 -0.3431 -0.9392
-0.0509 -0.4113 -0.8649
-0.0509 -0.4113 -0.8649
0.0007 -0.3232 -0.9042
-0.0451 -0.3642 -0.8882
-0.0581 -0.3747 -0.9255
-0.0509 -0.3405 -0.9787
-0.0454 -0.3062 -0.9552
-0.0454 -0.3062 -0.9552
-0.0374 -0.3059 -0.9556
-0.0182 -0.3016 -0.9805
-0.0182 -0.2805 -1.0066
-0.0027 -0.2582 -0.9741
0.0064 -0.2547 -0.8982
0.0064 -0.2547 -0.8982
-0.0009 -0.2706 -0.8608
-0.0159 -0.3025 -0.8315
-0.0190 -0.3034 -0.8353
-0.0154 -0.3003 -0.8548
-0.0121 -0.2984 -0.8898
-0.0121 -0.2984 -0.8898
-0.0061 -0.2918 -0.9226
0.0130 -0.2996 -0.9542
0.0430 -0.3170 -0.9489
0.0668 -0.3146 -0.9411
0.0751 -0.3268 -0.9363
0.0751 -0.3268 -0.9363
0.0636 -0.3357 -0.9473
0.0598 -0.3351 -0.9426
0.0630 -0.3313 -0.9148
0.0531 -0.3290 -0.9131
0.0531 -0.3290 -0.9131
0.0384 -0.3276 -0.9215
0.0371 -0.3387 -0.9368
0.0356 -0.3419 -0.9414
0.0335 -0.3406 -0.9361
0.0367 -0.3474 -0.9159
0.0378 -0.3380 -0.9031
0.0378 -0.3380 -0.9031
0.0496 -0.3301 -0.9310
0.0578 -0.3264 -0.9226
0.0653 -0.3158 -0.9187
0.0653 -0.3158 -0.9187
0.0731 -0.3170 -0.9335
0.0741 -0.3132 -0.9243
0.0831 -0.3163 -0.9212
0.0905 -0.3299 -0.9203
0.0887 -0.3273 -0.9149
0.0887 -0.3273 -0.9149
0.0864 -0.3300 -0.9255
0.0823 -0.3352 -0.9278
0.0699 -0.3373 -0.9411
0.0645 -0.3386 -0.9429
0.0645 -0.3386 -0.9429
0.0648 -0.3304 -0.9389
0.0621 -0.3271 -0.9267
0.0550 -0.3262 -0.9181
0.0544 -0.3205 -0.9292
0.0647 -0.3130 -0.9430
0.0647 -0.3130 -0.9430
0.0718 -0.3011 -0.9397
0.0784 -0.2987 -0.9387
0.0755 -0.3105 -0.9290
0.0702 -0.3078 -0.9243
0.0707 -0.3134 -0.9244
0.0707 -0.3134 -0.9244
0.0734 -0.3138 -0.9361
0.0740 -0.3112 -0.9331
0.0699 -0.3016 -0.9342
0.0661 -0.2977 -0.9427
0.0637 -0.3016 -0.9402
0.0637 -0.3016 -0.9402
0.0567 -0.2970 -0.9322
0.0578 -0.3029 -0.9328
0.0524 -0.3138 -0.9258
0.0553 -0.3182 -0.9343
0.0561 -0.3184 -0.9482
0.0561 -0.3184 -0.9482
0.0569 -0.3181 -0.9469
0.0556 -0.3163 -0.9479
0.0566 -0.3197 -0.9508
0.0580 -0.3204 -0.9417
0.0580 -0.3204 -0.9417
0.0651 -0.3271 -0.9396
0.0658 -0.3249 -0.9301
0.0636 -0.3266 -0.9266
0.0653 -0.3263 -0.9306
0.0653 -0.3263 -0.9306
0.0585 -0.3329 -0.9259
0.0510 -0.3319 -0.9226
0.0473 -0.3395 -0.9025
0.0486 -0.3428 -0.9008
0.0538 -0.3383 -0.9124
0.0538 -0.3383 -0.9124
0.0543 -0.3402 -0.9262
0.0556 -0.3405 -0.9337
0.0556 -0.3414 -0.9226
0.0528 -0.3455 -0.9086
0.0524 -0.3512 -0.9068
0.0524 -0.3512 -0.9068
0.0502 -0.3586 -0.9136
0.0558 -0.3599 -0.9277
0.0529 -0.3567 -0.9359
0.0437 -0.3471 -0.9238
0.0436 -0.3444 -0.9158
0.0436 -0.3444 -0.9158
0.0447 -0.3458 -0.9250
0.0480 -0.3467 -0.9259
0.0555 -0.3545 -0.9179
0.0567 -0.3545 -0.9147
0.0567 -0.3545 -0.9147
0.0518 -0.3511 -0.9286
0.0508 -0.3497 -0.9229
0.0570 -0.3497 -0.9152
0.0499 -0.3489 -0.9132
0.0500 -0.3535 -0.9217
0.0500 -0.3535 -0.9217
0.0529 -0.3597 -0.9180
0.0575 -0.3560 -0.9240
0.0601 -0.3578 -0.9294
0.0616 -0.3576 -0.9283
0.0593 -0.3628 -0.9081
0.0574 -0.3659 -0.9070
0.0596 -0.3670 -0.9127
0.0660 -0.3685 -0.9211
0.0637 -0.3654 -0.9196
0.0617 -0.3617 -0.9179
0.0617 -0.3617 -0.9179
0.0625 -0.3636 -0.9047
0.0587 -0.3677 -0.9044
0.0598 -0.3690 -0.9014
0.0617 -0.3679 -0.8978
0.0616 -0.3658 -0.9045
0.0616 -0.3658 -0.9045
0.0634 -0.3684 -0.9128
0.0616 -0.3674 -0.9062
0.0592 -0.3691 -0.9109
0.0640 -0.3699 -0.9154
0.0640 -0.3699 -0.9154
0.0668 -0.3689 -0.9133
0.0642 -0.3696 -0.9158
0.0596 -0.3717 -0.9095
0.0629 -0.3721 -0.9106
0.0636 -0.3745 -0.9036
0.0636 -0.3745 -0.9036
0.0655 -0.3694 -0.9018
0.0624 -0.3722 -0.9125
0.0622 -0.3743 -0.9130
0.0645 -0.3665 -0.9178
0.0605 -0.3684 -0.9181
0.0605 -0.3684 -0.9181
0.0582 -0.3717 -0.9072
0.0600 -0.3736 -0.8964
0.0632 -0.3748 -0.9052
0.0665 -0.3707 -0.9028
0.0696 -0.3718 -0.9061
0.0696 -0.3718 -0.9061
0.0739 -0.3830 -0.9075
0.0719 -0.3780 -0.9036
0.0658 -0.3701 -0.9069
0.0599 -0.3706 -0.9191
0.0604 -0.3706 -0.9073
0.0625 -0.3713 -0.9049
0.0673 -0.3781 -0.9090
0.0667 -0.3781 -0.9053
0.0634 -0.3777 -0.9191
0.0634 -0.3777 -0.9191
0.0605 -0.3757 -0.9126
0.0623 -0.3706 -0.9073
0.0592 -0.3768 -0.9124
0.0569 -0.3743 -0.9001
0.0587 -0.3758 -0.8965
0.0587 -0.3758 -0.8965
0.0591 -0.3787 -0.9025
0.0642 -0.3773 -0.9121
0.0665 -0.3717 -0.9072
0.0587 -0.3739 -0.9105
0.0591 -0.3781 -0.9135
0.0591 -0.3781 -0.9135
0.0608 -0.3742 -0.9136
0.0680 -0.3822 -0.9153
0.0702 -0.3770 -0.9102
0.0721 -0.3797 -0.9128
0.0663 -0.3777 -0.9093
0.0663 -0.3777 -0.9093
0.0609 -0.3749 -0.8976
0.0612 -0.3728 -0.8972
0.0634 -0.3721 -0.9097
0.0644 -0.3670 -0.9188
0.0602 -0.3687 -0.9066
0.0602 -0.3687 -0.9066
0.0576 -0.3766 -0.8977
0.0538 -0.3856 -0.9153
0.0627 -0.3862 -0.9368
0.0746 -0.3802 -0.9316
0.0746 -0.3802 -0.9316
0.0775 -0.3797 -0.8987
0.0617 -0.3768 -0.8846
0.0653 -0.3802 -0.8919
0.0584 -0.3756 -0.8978
0.0571 -0.3813 -0.9106
0.0571 -0.3813 -0.9106
0.0574 -0.3792 -0.9246
0.0629 -0.3774 -0.9131
0.0637 -0.3726 -0.9081
0.0622 -0.3790 -0.9056
0.0623 -0.3823 -0.9083
0.0623 -0.3823 -0.9083
0.0642 -0.3811 -0.9003
0.0641 -0.3778 -0.9015
0.0607 -0.3822 -0.9043
0.0651 -0.3779 -0.8993
0.0648 -0.3740 -0.9168
0.0648 -0.3740 -0.9168
0.0637 -0.3827 -0.9091
0.0701 -0.3891 -0.8964
0.0725 -0.3911 -0.9118
0.0662 -0.3815 -0.9189
0.0662 -0.3815 -0.9189
0.0576 -0.3718 -0.9111
0.0554 -0.3747 -0.9069
0.0579 -0.3840 -0.9013
0.0633 -0.3889 -0.9038
0.0665 -0.3865 -0.8933
0.0665 -0.3865 -0.8933
0.0627 -0.3812 -0.8964
0.0622 -0.3774 -0.8978
0.0621 -0.3744 -0.8934
0.0644 -0.3790 -0.9128
0.0666 -0.3781 -0.9166
0.0666 -0.3781 -0.9166
0.0615 -0.3750 -0.9124
0.0625 -0.3815 -0.9156
0.0688 -0.3787 -0.9148
0.0718 -0.3815 -0.9150
0.0696 -0.3842 -0.9076
0.0696 -0.3842 -0.9076
0.0661 -0.3829 -0.8939
0.0665 -0.3820 -0.9070
0.0649 -0.3876 -0.9013
0.0699 -0.3872 -0.9120
0.0676 -0.3817 -0.9198
0.0676 -0.3817 -0.9198
0.0745 -0.3534 -0.8468
0.0683 -0.3892 -0.9232
0.0552 -0.4089 -0.9375
0.0552 -0.4089 -0.9375
0.0486 -0.3879 -0.9326
0.0575 -0.3669 -0.9129

