0.0000 0.0000 0.0000
0.0000 0.0000 0.0000
0.0000 0.0000 0.0000
0.0000 0.0000 0.0000
0.0000 0.0000 0.0000
0.0000 0.0000 0.0000
0.0000 0.0000 0.0000
0.0000 0.0000 0.0000
0.0000 0.0000 0.0000
0.0000 0.0000 0.0000
0.0000 0.0000 0.0000
0.0000 0.0000 0.0000
0.0398 -0.3927 -0.8594
0.0319 -0.3984 -0.9402
-0.0037 -0.3732 -0.9521
-0.0490 -0.3574 -0.9616
-0.0772 -0.3713 -0.9196
-0.0772 -0.3713 -0.9196
-0.1014 -0.3754 -0.8936
-0.1199 -0.3868 -0.8789
-0.1217 -0.3826 -0.8598
-0.1137 -0.3832 -0.8835
-0.1189 -0.4127 -0.9207
-0.1490 -0.4532 -0.9046
-0.1702 -0.4734 -0.8787
-0.1807 -0.4890 -0.8628
-0.1941 -0.5023 -0.8744
-0.1941 -0.5023 -0.8744
-0.2069 -0.5043 -0.9135
-0.1959 -0.5208 -0.8955
-0.1948 -0.5040 -0.8594
-0.1958 -0.4994 -0.8695
-0.1958 -0.4994 -0.8695
-0.1809 -0.5199 -0.8601
-0.2063 -0.5627 -0.7286
-0.2116 -0.5775 -0.8260
-0.1656 -0.5332 -1.0603
-0.1431 -0.4963 -1.0438
-0.1431 -0.4963 -1.0438
-0.1232 -0.4785 -1.0014
-0.1229 -0.4476 -1.0139
-0.1324 -0.4334 -0.9553
-0.1698 -0.4162 -0.9016
-0.1478 -0.4215 -0.9542
-0.1478 -0.4215 -0.9542
-0.1181 -0.3904 -0.8988
-0.0957 -0.3840 -0.7554
-0.0214 -0.4764 -0.7239
-0.0088 -0.4940 -0.7080
-0.0133 -0.4790 -0.8024
-0.0133 -0.4790 -0.8024
0.0084 -0.4642 -0.9924
0.0609 -0.4329 -1.0213
0.0321 -0.4245 -1.0043
0.0830 -0.4087 -0.8925
0.0696 -0.4205 -0.8458
0.0696 -0.4205 -0.8458
0.0454 -0.4314 -0.7257
0.0277 -0.4174 -0.7059
0.0040 -0.4278 -0.6661
0.0257 -0.4038 -0.8330
0.0257 -0.4038 -0.8330
0.0669 -0.4164 -0.8047
0.0954 -0.4466 -0.8360
0.0734 -0.4686 -0.8082
0.0890 -0.4792 -0.8853
0.1310 -0.4870 -0.9012
0.1310 -0.4870 -0.9012
0.1576 -0.4982 -0.8892
0.1819 -0.5099 -0.9271
0.1687 -0.5176 -0.9397
0.1418 -0.4807 -0.9799
0.1026 -0.4518 -0.9845
0.1026 -0.4518 -0.9845
0.0864 -0.4516 -0.9600
0.0440 -0.4570 -0.9212
-0.0330 -0.4059 -0.6852
-0.0300 -0.4147 -0.8373
-0.0336 -0.3836 -0.8841
-0.0336 -0.3836 -0.8841
-0.0354 -0.3845 -0.8767
0.0208 -0.3744 -0.8638
0.1120 -0.4212 -0.8340
0.1156 -0.4160 -0.8340
0.0813 -0.4485 -0.8347
0.0813 -0.4485 -0.8347
0.0365 -0.4472 -0.8371
-0.0233 -0.4169 -1.0684
0.0186 -0.3168 -1.0667
-0.0354 -0.2420 -1.2198
-0.0354 -0.2420 -1.2198
-0.0463 -0.2416 -1.1558
-0.0221 -0.3109 -0.9037
-0.0146 -0.3434 -0.7666
-0.0217 -0.4109 -0.7073
-0.0256 -0.4222 -0.7603
-0.0256 -0.4222 -0.7603
-0.0791 -0.3940 -0.9086
-0.0358 -0.3664 -0.9350
-0.0026 -0.3330 -0.9016
0.0120 -0.2956 -0.8999
0.0370 -0.3160 -0.9285
0.0370 -0.3160 -0.9285
0.0715 -0.3642 -0.9648
0.0551 -0.3450 -0.9155
0.0184 -0.3591 -0.8826
0.0190 -0.4154 -0.9265
0.0048 -0.3907 -0.9068
0.0048 -0.3907 -0.9068
0.0028 -0.3573 -0.9654
-0.0085 -0.3560 -0.9442
-0.0164 -0.3340 -0.9246
-0.0104 -0.3547 -0.9049
-0.0148 -0.3784 -0.8989
-0.0148 -0.3784 -0.8989
-0.0206 -0.3911 -0.8952
-0.0493 -0.3663 -0.9269
-0.0360 -0.3137 -0.9881
-0.0515 -0.3089 -1.0206
-0.0515 -0.3089 -1.0206
-0.0438 -0.2742 -0.9987
-0.0219 -0.2660 -0.9198
0.0117 -0.2962 -0.8846
0.0351 -0.3309 -0.8625
0.0689 -0.3367 -0.8686
0.0689 -0.3367 -0.8686
0.0818 -0.3528 -0.8863
0.0795 -0.3494 -0.8922
0.0738 -0.3481 -0.9066
0.0679 -0.3348 -0.9220
0.0544 -0.3125 -0.9264
0.0544 -0.3125 -0.9264
0.0443 -0.3147 -0.9226
0.0498 -0.3398 -0.9124
0.0522 -0.3478 -0.8839
0.0651 -0.3584 -0.8806
0.0735 -0.3770 -0.9046
0.0735 -0.3770 -0.9046
0.0771 -0.3996 -0.9098
0.0763 -0.3933 -0.9154
0.0691 -0.3941 -0.9145
0.0716 -0.4005 -0.9162
0.0728 -0.3961 -0.9179
0.0707 -0.3835 -0.9365
0.0655 -0.3915 -0.9281
0.0588 -0.3885 -0.8950
0.0541 -0.3872 -0.8895
0.0531 -0.3861 -0.9043
0.0618 -0.3787 -0.9134
0.0604 -0.3712 -0.9074
0.0604 -0.3703 -0.9033
0.0578 -0.3696 -0.8924
0.0578 -0.3696 -0.8924
0.0733 -0.3797 -0.9036
0.0846 -0.3775 -0.9161
0.0865 -0.3683 -0.9089
0.0749 -0.3646 -0.9042
0.0749 -0.3646 -0.9042
0.0758 -0.3695 -0.9250
0.0733 -0.3686 -0.9042
0.0765 -0.3720 -0.9001
0.0735 -0.3578 -0.9074
0.0668 -0.3493 -0.9183
0.0669 -0.3611 -0.9141
0.0598 -0.3545 -0.9108
0.0579 -0.3717 -0.8900
0.0666 -0.3698 -0.8800
0.0666 -0.3698 -0.8800
0.0716 -0.3840 -0.8868
0.0826 -0.3931 -0.8829
0.0896 -0.3905 -0.9032
0.0832 -0.3986 -0.9366
0.0700 -0.3816 -0.9365
0.0700 -0.3816 -0.9365
0.0660 -0.3657 -0.9439
0.0642 -0.3731 -0.9443
0.0605 -0.3743 -0.9168
0.0634 -0.3690 -0.8988
0.0671 -0.3778 -0.9029
0.0671 -0.3778 -0.9029
0.0624 -0.3684 -0.9049
0.0699 -0.3708 -0.9075
0.0658 -0.3702 -0.9138
0.0564 -0.3655 -0.9122
0.0576 -0.3635 -0.9080
0.0576 -0.3635 -0.9080
0.0647 -0.3640 -0.9025
0.0660 -0.3719 -0.9063
0.0598 -0.3732 -0.9165
0.0566 -0.3697 -0.9112
0.0566 -0.3697 -0.9112
0.0529 -0.3717 -0.9126
0.0534 -0.3628 -0.9209
0.0558 -0.3670 -0.9247
0.0584 -0.3645 -0.9232
0.0566 -0.3662 -0.9121
0.0566 -0.3662 -0.9121
0.0551 -0.3686 -0.8970
0.0616 -0.3673 -0.9081
0.0587 -0.3648 -0.9119
0.0584 -0.3623 -0.9011
0.0588 -0.3649 -0.9112
0.0588 -0.3649 -0.9112
0.0632 -0.3712 -0.9098
0.0684 -0.3691 -0.9075
0.0669 -0.3734 -0.9071
0.0649 -0.3728 -0.9138
0.0617 -0.3761 -0.9113
0.0617 -0.3761 -0.9113
0.0540 -0.3731 -0.9094
0.0580 -0.3718 -0.9219
0.0615 -0.3717 -0.9150
0.0623 -0.3674 -0.9128
0.0625 -0.3746 -0.9107
0.0625 -0.3746 -0.9107
0.0683 -0.3773 -0.9012
0.0754 -0.3735 -0.9057
0.0709 -0.3687 -0.9123
0.0603 -0.3636 -0.9165
0.0603 -0.3636 -0.9165
0.0585 -0.3605 -0.9112
0.0624 -0.3652 -0.9100
0.0632 -0.3712 -0.9098
0.0607 -0.3731 -0.9142
0.0628 -0.3718 -0.9143
0.0628 -0.3718 -0.9143
0.0603 -0.3693 -0.9124
0.0591 -0.3691 -0.9108
0.0558 -0.3672 -0.9090
0.0611 -0.3795 -0.9065
0.0622 -0.3759 -0.9004
0.0622 -0.3759 -0.9004
0.0670 -0.3762 -0.8994
0.0697 -0.3743 -0.9095
0.0627 -0.3678 -0.9035
0.0624 -0.3743 -0.9028
0.0685 -0.3728 -0.9006
0.0685 -0.3728 -0.9006
0.0744 -0.3736 -0.9201
0.0722 -0.3721 -0.9270
0.0721 -0.3630 -0.9175
0.0695 -0.3709 -0.9016
0.0656 -0.3744 -0.8998
0.0656 -0.3744 -0.8998
0.0670 -0.3686 -0.9072
0.0646 -0.3640 -0.9215
0.0648 -0.3663 -0.9061
0.0612 -0.3639 -0.8990
0.0612 -0.3639 -0.8990
0.0622 -0.3742 -0.9045
0.0663 -0.3661 -0.8984
0.0703 -0.3650 -0.9158
0.0696 -0.3686 -0.9113
0.0696 -0.3686 -0.9113
0.0678 -0.3726 -0.9135
0.0628 -0.3753 -0.9238
0.0644 -0.3701 -0.9171
0.0706 -0.3673 -0.9079
0.0793 -0.3740 -0.8956
0.0793 -0.3740 -0.8956
0.0833 -0.3716 -0.9049
0.0770 -0.3769 -0.9138
0.0693 -0.3609 -0.9193
0.0654 -0.3644 -0.9147
0.0611 -0.3623 -0.9086
0.0611 -0.3623 -0.9086
0.0656 -0.3692 -0.9076
0.0704 -0.3726 -0.9106
0.0726 -0.3732 -0.9122
0.0713 -0.3724 -0.9121
0.0735 -0.3638 -0.9109
0.0735 -0.3638 -0.9109
0.0713 -0.3701 -0.9138
0.0680 -0.3712 -0.9039
0.0695 -0.3694 -0.9017
0.0770 -0.3706 -0.9012
0.0770 -0.3706 -0.9012
0.0793 -0.3718 -0.9117
0.0741 -0.3762 -0.9170
0.0711 -0.3734 -0.9084
0.0679 -0.3716 -0.9027
0.0684 -0.3685 -0.9080
0.0684 -0.3685 -0.9080
0.0732 -0.3740 -0.9241
0.0718 -0.3726 -0.9257
0.0702 -0.3718 -0.9034
0.0685 -0.3708 -0.8971
0.0698 -0.3723 -0.9093
0.0698 -0.3723 -0.9093
0.0662 -0.3713 -0.9183
0.0674 -0.3706 -0.9073
0.0647 -0.3717 -0.9022
0.0626 -0.3707 -0.9096
0.0678 -0.3647 -0.9149
0.0678 -0.3647 -0.9149
0.0667 -0.3680 -0.9127
0.0687 -0.3671 -0.9044
0.0673 -0.3735 -0.9013
0.0667 -0.3697 -0.9054
0.0667 -0.3697 -0.9054
0.0632 -0.3715 -0.9024
0.0636 -0.3678 -0.9107
0.0652 -0.3728 -0.9205
0.0649 -0.3724 -0.9106
0.0733 -0.3737 -0.9062
0.0733 -0.3737 -0.9062
0.0742 -0.3800 -0.9089
0.0738 -0.3739 -0.9154
0.0649 -0.3673 -0.9158
0.0558 -0.3637 -0.9091
0.0549 -0.3628 -0.9011
0.0549 -0.3628 -0.9011
0.0626 -0.3716 -0.8970
0.0665 -0.3797 -0.9068
0.0692 -0.3692 -0.9155
0.0710 -0.3663 -0.9172
0.0688 -0.3684 -0.9146
0.0688 -0.3684 -0.9146
0.0671 -0.3645 -0.9181
0.0622 -0.3665 -0.9193
0.0630 -0.3737 -0.9042
0.0690 -0.3735 -0.8974
0.0675 -0.3724 -0.9042
0.0675 -0.3724 -0.9042
0.0650 -0.3745 -0.9158
0.0651 -0.3702 -0.9184
0.0602 -0.3682 -0.9092
0.0612 -0.3678 -0.9130
0.0612 -0.3678 -0.9130
0.0653 -0.3690 -0.9160
0.0646 -0.3680 -0.9095
0.0621 -0.3721 -0.9030
0.0640 -0.3654 -0.9007
0.0630 -0.3709 -0.9062
0.0630 -0.3709 -0.9062
0.0641 -0.3644 -0.9123
0.0685 -0.3698 -0.9227
0.0646 -0.3668 -0.9163
0.0687 -0.3719 -0.9183
0.0666 -0.3694 -0.9202
0.0666 -0.3694 -0.9202
0.0669 -0.3736 -0.9115
0.0654 -0.3700 -0.9080
0.0670 -0.3702 -0.9066
0.0703 -0.3701 -0.9006
0.0700 -0.3650 -0.9067
0.0700 -0.3650 -0.9067
0.0687 -0.3684 -0.9236
0.0679 -0.3640 -0.9142
0.0668 -0.3664 -0.9158
0.0663 -0.3608 -0.9069
0.0704 -0.3674 -0.9038
0.0704 -0.3674 -0.9038
0.0725 -0.3753 -0.8967
0.0759 -0.3746 -0.9037
0.0755 -0.3679 -0.9272
0.0755 -0.3679 -0.9272
0.0697 -0.3601 -0.9293
0.0600 -0.3619 -0.9095
0.0596 -0.3674 -0.8985
0.0685 -0.3734 -0.9077
0.0721 -0.3770 -0.9109
0.0721 -0.3770 -0.9109
0.0727 -0.3777 -0.9104
0.0699 -0.3702 -0.9173
0.0708 -0.3598 -0.9254
0.0663 -0.3612 -0.9197
0.0672 -0.3703 -0.9072
0.0672 -0.3703 -0.9072
0.0688 -0.3728 -0.8936
0.0696 -0.3758 -0.8943
0.0725 -0.3693 -0.8969
0.0687 -0.3677 -0.9013
0.0637 -0.3675 -0.9088
0.0637 -0.3675 -0.9088
0.0676 -0.3703 -0.9098
0.0644 -0.3744 -0.9086
0.0734 -0.3720 -0.9111
0.0689 -0.3702 -0.9165
0.0679 -0.3723 -0.9207
0.0679 -0.3723 -0.9207
0.0658 -0.3698 -0.9177
0.0666 -0.3683 -0.9116
0.0656 -0.3720 -0.9079
0.0630 -0.3726 -0.8977
0.0630 -0.3726 -0.8977
0.0625 -0.3715 -0.8922
0.0686 -0.3675 -0.9052
0.0653 -0.3702 -0.9183
0.0654 -0.3651 -0.9194
0.0670 -0.3727 -0.9085
0.0670 -0.3727 -0.9085
0.0622 -0.3779 -0.9101
0.0643 -0.3743 -0.9105
0.0661 -0.3753 -0.9129
0.0666 -0.3731 -0.9080
0.0667 -0.3728 -0.9066
0.0667 -0.3728 -0.9066
0.0628 -0.3708 -0.9093
0.0632 -0.3737 -0.9113
0.0625 -0.3675 -0.9096
0.0679 -0.3684 -0.9117
0.0669 -0.3728 -0.9065
0.0669 -0.3728 -0.9065
0.0707 -0.3759 -0.8986
0.0714 -0.3765 -0.9088
0.0672 -0.3738 -0.9143
0.0567 -0.3588 -0.9087
0.0567 -0.3588 -0.9087
0.0530 -0.3691 -0.9051
0.0521 -0.3724 -0.8968
0.0603 -0.3770 -0.9028
0.0647 -0.3759 -0.9118
0.0675 -0.3706 -0.9245
0.0675 -0.3706 -0.9245
0.0682 -0.3697 -0.9299
0.0665 -0.3668 -0.9175
0.0663 -0.3707 -0.9022
0.0658 -0.3808 -0.8998
0.0677 -0.3794 -0.8935
0.0677 -0.3794 -0.8935
0.0728 -0.3749 -0.9019
0.0690 -0.3756 -0.9127
0.0638 -0.3751 -0.9121
0.0599 -0.3739 -0.9100
0.0572 -0.3784 -0.9112
0.0572 -0.3784 -0.9112
0.0606 -0.3806 -0.9115
0.0655 -0.3814 -0.9218
0.0646 -0.3795 -0.9115
0.0640 -0.3751 -0.9018
0.0571 -0.3750 -0.8994
0.0571 -0.3750 -0.8994
0.0577 -0.3747 -0.9065
0.0612 -0.3830 -0.9006
0.0611 -0.3810 -0.8981
0.0660 -0.3777 -0.9023
0.0660 -0.3777 -0.9023
0.0683 -0.3792 -0.9100
0.0680 -0.3780 -0.9120
0.0678 -0.3824 -0.8989
0.0657 -0.3802 -0.9028
0.0667 -0.3829 -0.9007
0.0667 -0.3829 -0.9007
0.0686 -0.3843 -0.8967
0.0665 -0.3785 -0.9176
0.0642 -0.3819 -0.9083
0.0677 -0.3803 -0.8971
0.0560 -0.3757 -0.8997
0.0560 -0.3757 -0.8997
0.0581 -0.3858 -0.9146
0.0660 -0.3891 -0.9191
0.0629 -0.3764 -0.9026
0.0720 -0.3821 -0.8986

