0.0000 0.0000 0.0000
0.0000 0.0000 0.0000
0.0000 0.0000 0.0000
0.0000 0.0000 0.0000
0.0000 0.0000 0.0000
0.0000 0.0000 0.0000
0.0000 0.0000 0.0000
0.0000 0.0000 0.0000
0.0000 0.0000 0.0000
0.0000 0.0000 0.0000
0.0000 0.0000 0.0000
0.0000 0.0000 0.0000
0.0000 0.0000 0.0000
0.0000 0.0000 0.0000
0.0000 0.0000 0.0000
0.0000 0.0000 0.0000
0.0000 0.0000 0.0000
0.0000 0.0000 0.0000
0.0000 0.0000 0.0000
0.0000 0.0000 0.0000
0.0000 0.0000 0.0000
0.0000 0.0000 0.0000
0.0000 0.0000 0.0000
0.0000 0.0000 0.0000
0.0000 0.0000 0.0000
0.0000 0.0000 0.0000
0.0000 0.0000 0.0000
0.0000 0.0000 0.0000
0.0000 0.0000 0.0000
0.0000 0.0000 0.0000
0.0000 0.0000 0.0000
0.0000 0.0000 0.0000
0.0000 0.0000 0.0000
0.0000 0.0000 0.0000
0.0000 0.0000 0.0000
0.0000 0.0000 0.0000
0.0000 0.0000 0.0000
0.0000 0.0000 0.0000
0.0000 0.0000 0.0000
0.0000 0.0000 0.0000
0.0000 0.0000 0.0000
0.0000 0.0000 0.0000
0.0000 0.0000 0.0000
0.0000 0.0000 0.0000
0.0000 0.0000 0.0000
0.0000 0.0000 0.0000
0.0000 0.0000 0.0000
0.0000 0.0000 0.0000
0.0000 0.0000 0.0000
0.0000 0.0000 0.0000
0.0000 0.0000 0.0000
0.0000 0.0000 0.0000
0.0000 0.0000 0.0000
0.0000 0.0000 0.0000
0.0000 0.0000 0.0000
0.0000 0.0000 0.0000
0.0000 0.0000 0.0000
0.0000 0.0000 0.0000
0.0000 0.0000 0.0000
0.0000 0.0000 0.0000
0.0000 0.0000 0.0000
0.0000 0.0000 0.0000
0.0000 0.0000 0.0000
0.0000 0.0000 0.0000
0.0000 0.0000 0.0000
0.0000 0.0000 0.0000
0.0000 0.0000 0.0000
0.0000 0.0000 0.0000
0.0000 0.0000 0.0000
0.0000 0.0000 0.0000
0.0000 0.0000 0.0000
0.0000 0.0000 0.0000
0.0000 0.0000 0.0000
0.0000 0.0000 0.0000
0.0000 0.0000 0.0000
0.0000 0.0000 0.0000
0.0000 0.0000 0.0000
0.0000 0.0000 0.0000
0.0000 0.0000 0.0000
0.0000 0.0000 0.0000
0.0000 0.0000 0.0000
0.0000 0.0000 0.0000
0.0000 0.0000 0.0000
0.0000 0.0000 0.0000
0.0000 0.0000 0.0000
0.0000 0.0000 0.0000
0.0000 0.0000 0.0000
0.0000 0.0000 0.0000
0.0000 0.0000 0.0000
0.0000 0.0000 0.0000
0.0000 0.0000 0.0000
0.0000 0.0000 0.0000
0.0000 0.0000 0.0000
0.0000 0.0000 0.0000
0.0000 0.0000 0.0000
0.0000 0.0000 0.0000
0.0000 0.0000 0.0000
0.0000 0.0000 0.0000
0.0000 0.0000 0.0000
0.0000 0.0000 0.0000
0.0000 0.0000 0.0000
0.0000 0.0000 0.0000
0.0000 0.0000 0.0000
0.0000 0.0000 0.0000
0.0000 0.0000 0.0000
0.0000 0.0000 0.0000
0.0000 0.0000 0.0000
0.0000 0.0000 0.0000
0.0000 0.0000 0.0000
0.0000 0.0000 0.0000
0.0000 0.0000 0.0000
0.0000 0.0000 0.0000
0.0000 0.0000 0.0000
0.0000 0.0000 0.0000
0.0000 0.0000 0.0000
0.0000 0.0000 0.0000
0.0000 0.0000 0.0000
0.0000 0.0000 0.0000
0.0000 0.0000 0.0000
0.0000 0.0000 0.0000
0.0000 0.0000 0.0000
0.0000 0.0000 0.0000
0.0000 0.0000 0.0000
0.0000 0.0000 0.0000
0.0000 0.0000 0.0000
0.0000 0.0000 0.0000
0.0000 0.0000 0.0000
0.0000 0.0000 0.0000
0.0014 -0.0010 0.0012
0.0026 -0.0023 0.0023
0.0038 -0.0038 0.0034
0.0048 -0.0054 0.0045
0.0058 -0.0072 0.0056
0.0113 0.0207 0.0664
0.0139 0.0291 0.0868
0.0156 0.0314 0.0942
0.0171 0.0318 0.0975
0.0185 0.0315 0.0994
0.0198 0.0310 0.1008
0.0210 0.0303 0.1021
0.0200 0.0354 0.1048
0.0203 0.0367 0.1066
0.0209 0.0368 0.1081
0.0221 0.0361 0.1109
0.0231 0.0352 0.1137
0.0227 0.0358 0.1107
0.0228 0.0359 0.1105
0.0229 0.0359 0.1113
0.0232 0.0359 0.1124
0.0226 0.0365 0.1105
0.0226 0.0367 0.1107
0.0228 0.0367 0.1116
0.0231 0.0367 0.1127
0.0234 0.0366 0.1139
0.0239 0.0365 0.1162
0.0236 0.0365 0.1145
0.0236 0.0364 0.1147
0.0237 0.0362 0.1155
0.0238 0.0360 0.1164
0.0239 0.0358 0.1173
0.0234 0.0351 0.1161
0.0232 0.0348 0.1161
0.0230 0.0345 0.1172
0.0228 0.0343 0.1177
0.0233 0.0336 0.1164
0.0234 0.0332 0.1162
0.0234 0.0330 0.1164
0.0234 0.0328 0.1166
0.0233 0.0325 0.1168
0.0233 0.0323 0.1171
0.0228 0.0311 0.1151
0.0226 0.0305 0.1146
0.0225 0.0301 0.1146
0.0223 0.0296 0.1148
0.0221 0.0292 0.1150
0.0218 0.0288 0.1153
0.0203 0.0285 0.1144
0.0195 0.0283 0.1143
0.0191 0.0281 0.1144
0.0188 0.0281 0.1144
0.0185 0.0281 0.1145
0.0183 0.0281 0.1146
0.0170 0.0283 0.1145
0.0163 0.0284 0.1145
0.0159 0.0284 0.1146
0.0156 0.0283 0.1146
0.0153 0.0282 0.1147
0.0151 0.0282 0.1147
0.0138 0.0286 0.1146
0.0132 0.0288 0.1146
0.0128 0.0288 0.1145
0.0125 0.0287 0.1145
0.0122 0.0286 0.1144
0.0120 0.0285 0.1144
0.0118 0.0284 0.1143
0.0117 0.0283 0.1143
0.0104 0.0287 0.1145
0.0098 0.0289 0.1146
0.0096 0.0289 0.1145
0.0095 0.0290 0.1143
0.0094 0.0290 0.1142
0.0093 0.0290 0.1140
0.0081 0.0296 0.1140
0.0077 0.0297 0.1139
0.0076 0.0298 0.1138
0.0075 0.0298 0.1136
0.0075 0.0297 0.1134
0.0075 0.0297 0.1132
0.0065 0.0293 0.1130
0.0062 0.0291 0.1128
0.0060 0.0290 0.1127
0.0059 0.0290 0.1125
0.0058 0.0289 0.1123
0.0058 0.0288 0.1121
0.0046 0.0284 0.1122
0.0042 0.0283 0.1121
0.0040 0.0283 0.1120
0.0040 0.0284 0.1118
0.0040 0.0284 0.1116
0.0039 0.0283 0.1114
0.0026 0.0278 0.1111
0.0021 0.0276 0.1109
0.0018 0.0275 0.1107
0.0017 0.0275 0.1104
0.0016 0.0275 0.1101
0.0016 0.0275 0.1098
0.0006 0.0274 0.1093
0.0003 0.0274 0.1089
0.0001 0.0274 0.1086
0.0001 0.0274 0.1083
0.0000 0.0275 0.1080
0.0000 0.0275 0.1076
-0.0010 0.0270 0.1078
-0.0013 0.0268 0.1076
-0.0014 0.0268 0.1074
-0.0014 0.0267 0.1071
-0.0014 0.0267 0.1068
-0.0015 0.0266 0.1065
-0.0027 0.0258 0.1063
-0.0031 0.0256 0.1060
-0.0032 0.0254 0.1056
-0.0033 0.0253 0.1053
-0.0033 0.0251 0.1050
-0.0033 0.0251 0.1045
-0.0050 0.0234 0.1057
-0.0056 0.0228 0.1057
-0.0058 0.0226 0.1055
-0.0059 0.0224 0.1051
-0.0059 0.0223 0.1047
-0.0059 0.0222 0.1042
-0.0068 0.0208 0.1034
-0.0070 0.0203 0.1028
-0.0071 0.0201 0.1022
-0.0070 0.0196 0.1011
-0.0069 0.0194 0.1004
-0.0080 0.0183 0.0997
-0.0082 0.0179 0.0989
-0.0083 0.0177 0.0982
-0.0082 0.0175 0.0975
-0.0081 0.0173 0.0968
-0.0080 0.0173 0.0960
-0.0073 0.0167 0.0984
-0.0069 0.0165 0.0988
-0.0067 0.0163 0.0985
-0.0066 0.0162 0.0980
-0.0065 0.0160 0.0974
-0.0064 0.0159 0.0967
-0.0061 0.0153 0.0957
-0.0059 0.0150 0.0949
-0.0056 0.0149 0.0941
-0.0054 0.0148 0.0933
-0.0051 0.0146 0.0924
-0.0048 0.0145 0.0916
-0.0041 0.0143 0.0912
-0.0037 0.0142 0.0905
-0.0034 0.0141 0.0897
-0.0031 0.0140 0.0888
-0.0028 0.0138 0.0878
-0.0025 0.0137 0.0868
-0.0021 0.0135 0.0862
-0.0017 0.0133 0.0853
-0.0014 0.0132 0.0843
-0.0012 0.0130 0.0833
-0.0009 0.0128 0.0822
-0.0006 0.0126 0.0811
-0.0003 0.0124 0.0800
-0.0007 0.0126 0.0791
-0.0006 0.0126 0.0779
-0.0004 0.0125 0.0767
-0.0001 0.0124 0.0755
0.0002 0.0123 0.0742
-0.0007 0.0116 0.0743
-0.0008 0.0112 0.0735
-0.0007 0.0110 0.0724
-0.0005 0.0109 0.0711
-0.0002 0.0107 0.0698
0.0001 0.0104 0.0684
-0.0013 0.0113 0.0682
-0.0016 0.0115 0.0672
-0.0015 0.0115 0.0659
-0.0013 0.0113 0.0645
-0.0011 0.0112 0.0630
-0.0009 0.0109 0.0615
-0.0022 0.0047 0.0650
-0.0025 0.0024 0.0651
-0.0025 0.0014 0.0642
-0.0024 0.0008 0.0629
-0.0022 0.0004 0.0615
-0.0020 0.0000 0.0600
-0.0036 0.0081 0.0729
-0.0040 0.0105 0.0765
-0.0042 0.0112 0.0771
-0.0042 0.0113 0.0767
-0.0042 0.0113 0.0759
-0.0041 0.0112 0.0751
-0.0051 0.0152 0.0812
-0.0054 0.0164 0.0828
-0.0055 0.0167 0.0829
-0.0055 0.0167 0.0825
-0.0056 0.0166 0.0820
-0.0056 0.0165 0.0813
-0.0063 0.0185 0.0845
-0.0065 0.0191 0.0852
-0.0066 0.0193 0.0850
-0.0066 0.0194 0.0846
-0.0066 0.0194 0.0841
-0.0067 0.0193 0.0835
-0.0067 0.0196 0.0859
-0.0067 0.0196 0.0864
-0.0068 0.0196 0.0863
-0.0069 0.0196 0.0860
-0.0069 0.0196 0.0857
-0.0070 0.0196 0.0853
-0.0064 0.0208 0.0879
-0.0062 0.0213 0.0885
-0.0061 0.0214 0.0885
-0.0061 0.0214 0.0883
-0.0060 0.0214 0.0880
-0.0060 0.0213 0.0877
-0.0055 0.0210 0.0890
-0.0053 0.0209 0.0892
-0.0052 0.0208 0.0891
-0.0051 0.0208 0.0889
-0.0050 0.0208 0.0885
-0.0048 0.0208 0.0882
-0.0046 0.0211 0.0896
-0.0045 0.0212 0.0899
-0.0044 0.0213 0.0898
-0.0043 0.0213 0.0897
-0.0042 0.0213 0.0895
-0.0043 0.0221 0.0907
-0.0044 0.0224 0.0910
-0.0043 0.0226 0.0909
-0.0043 0.0226 0.0907
-0.0041 0.0228 0.0903
-0.0040 0.0228 0.0900
-0.0043 0.0233 0.0910
-0.0043 0.0234 0.0911
-0.0044 0.0234 0.0911
-0.0044 0.0234 0.0910
-0.0044 0.0234 0.0907
-0.0045 0.0234 0.0905
-0.0038 0.0234 0.0907
-0.0035 0.0234 0.0906
-0.0033 0.0234 0.0904
-0.0032 0.0234 0.0901
-0.0032 0.0234 0.0899
-0.0031 0.0234 0.0897
-0.0030 0.0240 0.0898
-0.0030 0.0242 0.0897
-0.0029 0.0244 0.0894
-0.0028 0.0245 0.0891
-0.0027 0.0246 0.0888
-0.0026 0.0247 0.0885
-0.0026 0.0252 0.0891
-0.0026 0.0253 0.0892
-0.0026 0.0253 0.0891
-0.0025 0.0253 0.0889
-0.0025 0.0252 0.0887
-0.0025 0.0251 0.0885
-0.0025 0.0251 0.0891
-0.0024 0.0251 0.0892
-0.0024 0.0251 0.0891
-0.0024 0.0250 0.0889
-0.0024 0.0250 0.0887
-0.0024 0.0250 0.0884
-0.0026 0.0246 0.0895
-0.0026 0.0245 0.0897
-0.0026 0.0245 0.0896
-0.0026 0.0244 0.0895
-0.0026 0.0244 0.0893
-0.0023 0.0253 0.0888
-0.0021 0.0260 0.0884
-0.0019 0.0262 0.0882
-0.0019 0.0262 0.0880
-0.0018 0.0262 0.0877
-0.0017 0.0262 0.0875
-0.0017 0.0262 0.0873
-0.0017 0.0261 0.0883
-0.0017 0.0261 0.0885
-0.0017 0.0261 0.0885
-0.0016 0.0261 0.0883
-0.0016 0.0261 0.0882
-0.0015 0.0261 0.0880
-0.0013 0.0261 0.0882
-0.0012 0.0262 0.0881
-0.0012 0.0262 0.0880
-0.0011 0.0262 0.0878
-0.0011 0.0261 0.0876
-0.0011 0.0261 0.0874
-0.0013 0.0261 0.0881
-0.0014 0.0261 0.0882
-0.0014 0.0261 0.0881
-0.0013 0.0261 0.0879
-0.0012 0.0260 0.0878
-0.0012 0.0263 0.0878
-0.0011 0.0266 0.0880
-0.0011 0.0266 0.0879
-0.0011 0.0266 0.0878
-0.0010 0.0267 0.0877
-0.0010 0.0268 0.0874
-0.0009 0.0269 0.0872
-0.0008 0.0274 0.0873
-0.0008 0.0275 0.0872
-0.0008 0.0276 0.0871
-0.0009 0.0276 0.0870
-0.0010 0.0276 0.0868
-0.0010 0.0277 0.0867
-0.0010 0.0273 0.0871
-0.0010 0.0272 0.0872
-0.0010 0.0272 0.0871
-0.0010 0.0272 0.0871
-0.0011 0.0272 0.0869
-0.0010 0.0274 0.0869
-0.0009 0.0275 0.0869
-0.0008 0.0276 0.0868
-0.0008 0.0277 0.0867
-0.0007 0.0277 0.0866
-0.0007 0.0278 0.0865
-0.0006 0.0277 0.0864
-0.0005 0.0284 0.0866
-0.0005 0.0286 0.0865
-0.0004 0.0287 0.0864
-0.0004 0.0287 0.0863
-0.0004 0.0287 0.0862
-0.0004 0.0288 0.0862
-0.0004 0.0290 0.0864
-0.0004 0.0290 0.0864
-0.0005 0.0290 0.0863
-0.0005 0.0290 0.0862
-0.0005 0.0290 0.0861
-0.0004 0.0291 0.0863
-0.0003 0.0291 0.0863
-0.0003 0.0290 0.0862

