0.0000 0.0000 0.0000
0.0000 0.0000 0.0000
0.0000 0.0000 0.0000
0.0000 0.0000 0.0000
0.0000 0.0000 0.0000
0.0000 0.0000 0.0000
0.0000 0.0000 0.0000
0.0000 0.0000 0.0000
0.0000 0.0000 0.0000
0.0000 0.0000 0.0000
0.0000 0.0000 0.0000
0.0000 0.0000 0.0000
-0.3499 0.4330 1.9278
-0.3811 0.1224 1.8911
-0.3893 -0.0415 1.8224
-0.3911 -0.0969 1.7735
-0.3863 -0.1151 1.6962
-0.3589 -0.0889 1.6515
-0.2469 -0.0439 1.4808
0.1005 0.0636 1.1490
0.2345 0.0956 1.0892
0.5248 0.0653 0.9872
0.6693 -0.2112 0.8432
0.6525 -0.2295 0.7406
0.6391 -0.2214 0.6987
0.5950 -0.2748 0.6403
0.6355 -0.4126 0.5856
0.7133 -0.5149 0.5278
0.8994 -0.7351 0.4678
0.9547 -0.8095 0.5230
0.9217 -0.7485 0.5530
0.8129 -0.4227 0.5836
0.6110 -0.0585 0.5667
0.2428 -0.1459 0.4750
0.0162 0.5771 0.2857
0.2926 0.5593 0.2357
0.4561 0.3326 0.2573
0.5690 -0.0994 0.3178
0.4870 -0.1411 0.4031
0.3822 -0.1202 0.4208
0.0924 0.0282 0.3942
-0.0908 0.1064 0.3586
-0.4150 0.4396 0.3002
-0.3504 0.6875 0.3304
-0.1774 0.7799 0.3227
0.1378 1.0359 0.2236
0.1394 1.1354 0.2193
0.0554 1.0696 0.2386
-0.0815 1.1179 0.1512
-0.0031 1.3234 0.0430
0.0539 1.2590 0.0622
0.0475 0.9546 0.2399
-0.0442 0.8627 0.6050
-0.0917 0.7519 0.7592
-0.1640 0.5639 0.8505
-0.2780 0.3477 0.7456
-0.3505 0.3422 0.6959
-0.4640 0.6738 0.6187
-0.6249 1.0932 0.5408
-0.6956 1.2809 0.5049
-0.6747 1.2528 0.3925
-0.5684 1.2581 0.1885
-0.5334 1.2351 0.0632
-0.4059 1.2265 -0.0677
-0.2794 1.0271 -0.1620
-0.2053 0.8395 -0.1593
-0.1090 0.5352 -0.1385
-0.1051 0.2928 -0.1267
-0.1575 0.1158 -0.1231
-0.2928 -0.3314 -0.1100
-0.3117 -0.4625 -0.0966
-0.2531 -0.6801 -0.0456
-0.1864 -1.2227 -0.0179
-0.1534 -1.5098 -0.0261
-0.1014 -1.8643 -0.0666
-0.0156 -1.0114 -0.1666
0.0758 -0.6578 -0.3560
0.3715 -0.5224 -0.8024
0.6954 -0.4622 -0.9630
0.7681 -0.3752 -0.9252
0.7672 -0.0949 -0.7383
0.6928 -0.0416 -0.5056
0.6457 -0.1486 -0.4031
0.4813 -0.4707 -0.2933
0.3833 -0.5598 -0.2759
0.3632 -0.4509 -0.3446
0.1380 -0.3984 -0.6298
-0.4587 -0.5727 -0.6698
-0.7267 -0.6096 -0.6264
-0.6377 -0.5144 -0.4609
0.0130 -0.2999 -0.3495
0.3594 -0.2059 -0.3090
0.7621 -0.1596 -0.2671
0.6692 -0.3357 -0.2944
0.4914 -0.3788 -0.3117
0.1136 -0.3404 -0.3455
-0.0420 -0.3472 -0.3232
-0.3587 -0.2343 -0.2208
-0.4766 0.1183 -0.1970
-0.4485 0.2682 -0.2430
-0.3516 0.4129 -0.2863
-0.3337 0.2903 -0.2675
-0.3438 0.1652 -0.2462
-0.2670 0.0394 -0.2094
-0.1661 0.1543 -0.1988
-0.1579 0.2633 -0.1785
-0.2155 0.2011 0.0081
-0.2780 0.1022 0.1747
-0.3016 0.0333 0.2230
-0.2820 -0.0061 0.2976
-0.2110 0.0452 0.3571
-0.1540 0.0358 0.3962
-0.0113 0.0527 0.4190
0.0815 0.0109 0.3995
0.0979 -0.0002 0.3798
0.0439 -0.0381 0.3231
-0.1500 -0.0468 0.2385
-0.2955 -0.0899 0.2002
-0.4386 -0.1038 0.1962
-0.2600 -0.0048 0.2182
-0.1038 0.0949 0.2056
0.1732 0.3089 0.1684
0.2186 0.4207 0.1891
0.1929 0.4694 0.2093
0.0857 0.4505 0.2251
0.0343 0.4122 0.2272
-0.0219 0.3055 0.2088
-0.1035 0.1542 0.1575
-0.1604 0.1144 0.1432
-0.2144 0.0648 0.1046
-0.1260 0.0489 0.0454
-0.0562 0.0525 0.0125
0.0571 0.0451 -0.0302
0.1026 0.0984 -0.0178
0.1230 0.1374 -0.0157
0.1411 0.2076 -0.0147
0.1027 0.1759 0.0047
0.0687 0.1376 0.0267
0.0307 0.0548 0.0682
0.0465 0.0625 0.0873
0.0419 0.1030 0.0965
-0.0060 0.1518 0.1276
-0.0437 0.1177 0.1718
-0.0093 0.0862 0.1798
0.0457 0.0599 0.1731
0.0683 0.0725 0.1281
0.0697 0.0897 0.0797
-0.0076 0.0588 0.0993
-0.0404 0.0349 0.0707
-0.0346 0.0305 -0.0123
0.0633 0.0427 0.0371
0.0947 0.0530 -0.0171
0.0790 0.0982 -0.0153
-0.0799 0.0786 0.0352
-0.0754 0.0625 0.0265
0.0007 0.0258 0.0182
0.0352 0.0418 0.0226
0.0275 0.0390 0.0050
-0.0035 0.0149 0.0067
-0.0675 0.0195 -0.0043
-0.0749 0.0212 0.0620
-0.0458 0.0354 0.0551
-0.0195 0.0122 0.0306
-0.0419 -0.0112 -0.0566
-0.0174 0.0146 -0.0610
0.0125 0.0326 0.0075
0.0483 0.0499 -0.0093
0.0438 0.0513 -0.0029
0.0517 0.0474 0.0012
0.0462 0.0454 -0.0037
-0.0280 0.0352 -0.0012
-0.0685 0.0191 0.0094
-0.0746 -0.0262 0.0077
-0.0586 -0.0486 -0.0049
-0.0263 -0.0398 -0.0113
0.0118 -0.0163 -0.0051
0.0344 -0.0024 -0.0086
0.0375 0.0122 -0.0283
0.0140 0.0125 -0.0250
0.0041 0.0072 -0.0343
-0.0048 0.0063 -0.0337
-0.0207 -0.0209 -0.0308
-0.0234 -0.0218 -0.0258
-0.0134 -0.0025 -0.0195
0.0181 0.0163 -0.0224
0.0388 0.0147 -0.0249
0.0197 0.0022 -0.0484
-0.0291 0.0062 -0.0353
-0.0316 -0.0122 -0.0399
-0.0245 -0.0499 -0.0549
-0.0254 -0.0266 -0.0460
-0.0165 -0.0092 -0.0412
-0.0004 0.0097 -0.0433
0.0146 -0.0069 -0.0355
0.0204 -0.0148 -0.0309
0.0400 -0.0261 -0.0354
0.0269 -0.0112 -0.0428
0.0167 -0.0105 -0.0427
0.0144 -0.0195 -0.0495
0.0212 -0.0192 -0.0516
0.0321 -0.0025 -0.0504
0.0418 0.0060 -0.0563
0.0362 -0.0035 -0.0492
0.0202 -0.0104 -0.0415
0.0023 0.0033 -0.0433
0.0039 0.0169 -0.0333
0.0144 -0.0115 -0.0407
0.0010 -0.0453 -0.0353
-0.0064 -0.0458 -0.0358
-0.0012 -0.0198 -0.0372
0.0397 0.0121 -0.0363
0.0581 0.0141 -0.0324
0.0565 -0.0062 -0.0339
0.0143 -0.0071 -0.0232
0.0031 -0.0020 -0.0151
0.0051 0.0044 -0.0093
-0.0023 -0.0204 -0.0068
-0.0142 -0.0334 -0.0080
-0.0165 -0.0336 -0.0111
0.0185 -0.0134 -0.0237
0.0406 -0.0065 -0.0289
0.0635 0.0089 -0.0280
0.0547 0.0319 -0.0142
0.0453 0.0253 -0.0110
0.0264 -0.0063 -0.0139
0.0213 -0.0130 -0.0115
0.0246 0.0001 -0.0094
0.0416 0.0309 -0.0038
0.0295 0.0227 -0.0027
0.0272 0.0273 0.0020
0.0352 0.0206 0.0051
0.0310 0.0189 0.0053
-0.0046 0.0244 0.0096
0.0033 0.0375 0.0098
0.0200 0.0397 0.0063
0.0338 0.0423 0.0009
-0.0048 0.0540 0.0038
-0.0253 0.0554 0.0042
-0.0378 0.0430 0.0259
0.0288 0.0215 0.0281
0.0514 0.0002 0.0182
0.0462 -0.0149 0.0143
-0.0033 0.0088 0.0095
-0.0171 0.0145 0.0098
-0.0135 0.0231 0.0050
0.0181 0.0131 0.0095
0.0309 0.0138 0.0067
0.0145 0.0317 0.0011
-0.0129 0.0238 0.0126
-0.0257 0.0111 0.0094
-0.0305 -0.0016 0.0104
-0.0081 0.0145 0.0110
0.0329 0.0029 0.0023
0.0218 0.0103 0.0036
-0.0030 0.0141 0.0097
0.0073 0.0133 0.0151
0.0132 0.0233 0.0125
0.0205 0.0392 0.0045
0.0327 0.0277 0.0051
0.0389 0.0176 0.0048
0.0051 -0.0044 0.0112
-0.0176 -0.0222 0.0095
-0.0134 -0.0197 0.0032
0.0061 -0.0022 -0.0034
0.0438 0.0204 -0.0120
0.0567 0.0186 -0.0092
0.0516 0.0076 -0.0003
0.0063 0.0009 0.0046
-0.0112 0.0067 0.0110
0.0138 0.0173 0.0181
0.0480 0.0096 0.0114
0.0421 -0.0011 0.0103
0.0044 -0.0087 0.0063
0.0000 0.0033 0.0052
0.0121 0.0150 0.0079
0.0364 0.0291 0.0116
0.0217 0.0161 0.0135
0.0073 -0.0105 0.0139
-0.0171 -0.0406 0.0090
-0.0173 -0.0114 0.0148
0.0014 0.0134 0.0149
0.0339 0.0411 0.0183
0.0364 0.0261 0.0169
0.0222 -0.0090 0.0212
0.0127 -0.0276 0.0167
0.0167 -0.0225 0.0130
0.0231 -0.0001 0.0059
0.0114 0.0244 0.0125
0.0170 0.0186 0.0199
0.0237 -0.0104 0.0145
0.0151 -0.0364 0.0113
-0.0020 -0.0227 0.0107
-0.0180 0.0052 0.0175
0.0080 0.0020 0.0072
0.0198 -0.0027 0.0060
0.0333 -0.0021 0.0073
0.0175 -0.0027 0.0064
0.0082 -0.0029 0.0125
-0.0111 -0.0106 0.0088
0.0086 -0.0040 0.0082
0.0158 0.0098 0.0054
0.0241 0.0341 0.0050
0.0174 0.0200 0.0008
0.0146 0.0140 0.0001
0.0138 0.0112 0.0012
0.0008 0.0168 0.0094
-0.0066 -0.0024 0.0137
-0.0244 -0.0294 0.0160
-0.0307 -0.0374 0.0139
-0.0009 -0.0136 0.0035
0.0593 0.0279 -0.0003
0.0793 0.0453 -0.0017
0.0450 0.0328 0.0071
-0.0129 0.0082 0.0239
-0.0197 0.0031 0.0257
-0.0075 -0.0036 0.0131
0.0044 0.0089 0.0096
0.0046 0.0127 0.0087
0.0159 0.0133 0.0068
0.0288 0.0001 0.0063
0.0284 0.0057 0.0099
0.0175 0.0271 0.0166
0.0055 0.0149 0.0118
-0.0024 -0.0044 0.0094
-0.0059 -0.0031 0.0130
0.0173 0.0063 0.0072
0.0257 0.0118 0.0050
0.0173 0.0183 0.0047
0.0146 0.0174 0.0064
0.0194 0.0146 0.0050
0.0133 0.0089 0.0010
0.0042 0.0226 -0.0051
0.0007 0.0056 -0.0134
-0.0076 -0.0054 -0.0076
-0.0069 0.0135 -0.0120
-0.0014 0.0245 -0.0048
0.0112 0.0234 0.0018
0.0159 0.0144 0.0009
0.0130 0.0080 0.0014
0.0083 0.0008 0.0016
0.0091 0.0030 0.0065
0.0241 0.0199 0.0051
0.0330 0.0148 -0.0097
0.0204 0.0046 -0.0113
0.0140 0.0141 -0.0101
0.0181 0.0233 -0.0110
0.0196 0.0094 -0.0077
0.0099 -0.0020 -0.0024
0.0068 0.0017 -0.0004
0.0144 0.0130 -0.0008
0.0431 0.0276 -0.0057
0.0405 0.0395 -0.0043
0.0311 0.0295 -0.0099
-0.0015 0.0172 0.0041
-0.0122 0.0230 0.0128
-0.0144 0.0072 0.0244
0.0053 -0.0422 0.0118
0.0165 -0.0420 0.0044
0.0291 0.0133 -0.0002
0.0493 0.0460 -0.0009
0.0596 0.0391 0.0031
0.0348 0.0034 0.0161
-0.0234 -0.0149 0.0233
-0.0343 -0.0176 0.0220
-0.0016 -0.0080 0.0112
0.0275 0.0017 0.0069
0.0654 0.0150 -0.0008
0.0462 0.0089 0.0020
0.0365 0.0046 0.0057
0.0134 -0.0054 0.0124
0.0129 0.0028 0.0229
0.0110 -0.0004 0.0178
0.0123 -0.0070 0.0096
0.0051 0.0010 0.0069
0.0082 0.0025 -0.0031
0.0079 0.0136 0.0097
0.0151 0.0156 0.0104
0.0196 0.0072 0.0062
0.0133 -0.0039 0.0022
0.0058 -0.0073 0.0064
0.0058 -0.0001 0.0101
0.0268 0.0081 0.0094
0.0415 -0.0030 0.0042
0.0397 -0.0062 0.0071
0.0172 -0.0054 0.0094
0.0216 0.0175 0.0096
0.0259 0.0173 0.0104
0.0202 -0.0124 0.0079
0.0248 -0.0338 0.0041
0.0196 -0.0253 -0.0106
0.0000 -0.0017 -0.0076
0.0017 0.0039 0.0001
0.0195 0.0050 0.0027
0.0179 -0.0020 0.0071
0.0158 -0.0152 0.0050
0.0195 -0.0199 -0.0030
0.0098 -0.0218 -0.0072
0.0078 -0.0139 -0.0089
0.0049 -0.0085 -0.0062
0.0240 -0.0042 -0.0099
0.0376 0.0077 -0.0078
0.0435 0.0194 -0.0015
0.0211 0.0278 0.0016
0.0201 0.0275 0.0017
0.0140 -0.0009 0.0050
-0.0162 -0.0317 0.0123
-0.0188 -0.0343 0.0173
0.0043 -0.0229 -0.0039
0.0242 -0.0084 -0.0181
0.0266 0.0025 -0.0209
0.0233 0.0192 -0.0140
0.0184 0.0005 -0.0012
0.0061 -0.0033 0.0059
-0.0181 0.0047 0.0141
0.0054 0.0040 0.0093
0.0372 -0.0030 0.0100
0.0863 0.0133 0.0012
0.0828 0.0246 -0.0013
0.0419 0.0234 0.0048
0.0125 0.0116 0.0107
0.0106 0.0128 0.0125
0.0235 0.0084 0.0096
0.0432 -0.0040 0.0067
0.0459 -0.0189 0.0020
0.0513 -0.0009 -0.0036
0.0579 0.0408 -0.0009
0.0519 0.0467 0.0028
0.0218 0.0208 0.0064
0.0065 -0.0148 0.0109
0.0098 -0.0268 0.0029
0.0362 0.0035 0.0003
0.0747 0.0178 -0.0021
0.0857 0.0044 -0.0051
0.0658 -0.0102 -0.0095
0.0204 0.0057 -0.0045
0.0034 0.0093 0.0036
0.0191 0.0161 0.0054
0.0466 0.0033 0.0051
0.0429 -0.0101 0.0012
0.0229 0.0111 0.0074
0.0317 0.0163 0.0045
0.0445 0.0239 0.0038
0.0312 0.0173 0.0000
0.0020 0.0367 0.0111
0.0010 0.0319 0.0078
0.0366 0.0055 0.0018
0.0504 -0.0072 -0.0070
0.0880 -0.0843 -0.0208
0.0906 0.0225 -0.0233
0.0602 0.0470 -0.0173
-0.0162 0.0079 -0.0009
-0.0463 0.0316 0.0192
-0.0199 0.0577 0.0255
0.0247 -0.0189 0.0079

