0.0000 0.0000 0.0000
0.0000 0.0000 0.0000
0.0000 0.0000 0.0000
0.0000 0.0000 0.0000
0.0000 0.0000 0.0000
0.0000 0.0000 0.0000
0.0000 0.0000 0.0000
0.0000 0.0000 0.0000
0.0000 0.0000 0.0000
0.0000 0.0000 0.0000
0.0000 0.0000 0.0000
0.0000 0.0000 0.0000
-0.0134 -0.4747 -0.8316
0.0010 -0.4722 -0.8217
0.0010 -0.4722 -0.8217
-0.0086 -0.4698 -0.8014
-0.0261 -0.4685 -0.8152
-0.0504 -0.4556 -0.8311
-0.0683 -0.4307 -0.8561
-0.0633 -0.4161 -0.9111
-0.0633 -0.4161 -0.9111
-0.0536 -0.4220 -0.9615
-0.0363 -0.4421 -0.9957
-0.0191 -0.4606 -0.9722
-0.0173 -0.4911 -0.9223
-0.0164 -0.5005 -0.8704
-0.0164 -0.5005 -0.8704
-0.0162 -0.4895 -0.8253
-0.0368 -0.4772 -0.7894
-0.0735 -0.4698 -0.7780
-0.0922 -0.4663 -0.7793
-0.0941 -0.4703 -0.8242
-0.0941 -0.4703 -0.8242
-0.0978 -0.4695 -0.8793
-0.1071 -0.4593 -0.9160
-0.1089 -0.4619 -0.9462
-0.1135 -0.4647 -0.9531
-0.1135 -0.4647 -0.9531
-0.1322 -0.4567 -0.9221
-0.1504 -0.4449 -0.8758
-0.1703 -0.4435 -0.8553
-0.1756 -0.4437 -0.8792
-0.1623 -0.4176 -0.9143
-0.1623 -0.4176 -0.9143
-0.1523 -0.3813 -0.9115
-0.1617 -0.3900 -0.8533
-0.1831 -0.4286 -0.7813
-0.1927 -0.4457 -0.7567
-0.1796 -0.4219 -0.7876
-0.1796 -0.4219 -0.7876
-0.1668 -0.4202 -0.8458
-0.1570 -0.4328 -0.8911
-0.1422 -0.4522 -0.9215
-0.1391 -0.4627 -0.9042
-0.1406 -0.4577 -0.8467
-0.1406 -0.4577 -0.8467
-0.1453 -0.4553 -0.8029
-0.1569 -0.4517 -0.7746
-0.1618 -0.4582 -0.7687
-0.1635 -0.4673 -0.7729
-0.1707 -0.4788 -0.7634
-0.1707 -0.4788 -0.7634
-0.1864 -0.4866 -0.7845
-0.2104 -0.4636 -0.8062
-0.2273 -0.4502 -0.8127
-0.2358 -0.4603 -0.8483
-0.2358 -0.4603 -0.8483
-0.2437 -0.4509 -0.8840
-0.2546 -0.4193 -0.9229
-0.2554 -0.3918 -0.9648
-0.2565 -0.3782 -0.9702
-0.2667 -0.3892 -0.9269
-0.2667 -0.3892 -0.9269
-0.2858 -0.4099 -0.8520
-0.2925 -0.4125 -0.8170
-0.3035 -0.3908 -0.8129
-0.3126 -0.3626 -0.8244
-0.3265 -0.3642 -0.8255
-0.3265 -0.3642 -0.8255
-0.3364 -0.3878 -0.8079
-0.3362 -0.4039 -0.8208
-0.3322 -0.4057 -0.8393
-0.3279 -0.4018 -0.8663
-0.3114 -0.3951 -0.8923
-0.3114 -0.3951 -0.8923
-0.3014 -0.4049 -0.8826
-0.3129 -0.4093 -0.8567
-0.3251 -0.3999 -0.8626
-0.3345 -0.3797 -0.8676
-0.3345 -0.3797 -0.8676
-0.3516 -0.3599 -0.8553
-0.3586 -0.3561 -0.8532
-0.3539 -0.3572 -0.8618
-0.3439 -0.3592 -0.8692
-0.3274 -0.3708 -0.8968
-0.3274 -0.3708 -0.8968
-0.3103 -0.3770 -0.9175
-0.2902 -0.3828 -0.9171
-0.2689 -0.3960 -0.9210
-0.2404 -0.4077 -0.9240
-0.2268 -0.4308 -0.9077
-0.2268 -0.4308 -0.9077
-0.2256 -0.4396 -0.8656
-0.2281 -0.4415 -0.8345
-0.2397 -0.4401 -0.8333
-0.2603 -0.4090 -0.8301
-0.2790 -0.3782 -0.8398
-0.2790 -0.3782 -0.8398
-0.2960 -0.3645 -0.8416
-0.2954 -0.3625 -0.8419
-0.2774 -0.3643 -0.8745
-0.2491 -0.3536 -0.9306
-0.2212 -0.3392 -0.9613
-0.2212 -0.3392 -0.9613
-0.1990 -0.3387 -0.9724
-0.1705 -0.3448 -0.9596
-0.1484 -0.3736 -0.9463
-0.1253 -0.3828 -0.9441
-0.1253 -0.3828 -0.9441
-0.0968 -0.3771 -0.9698
-0.0831 -0.3770 -0.9606
-0.0764 -0.3806 -0.9302
-0.0680 -0.3854 -0.9067
-0.0739 -0.3845 -0.8862
-0.0739 -0.3845 -0.8862
-0.0870 -0.3867 -0.8833
-0.1016 -0.3878 -0.8825
-0.1104 -0.3882 -0.8551
-0.0999 -0.4051 -0.8246
-0.0905 -0.4348 -0.8052
-0.0905 -0.4348 -0.8052
-0.0755 -0.4708 -0.8194
-0.0704 -0.4961 -0.8538
-0.0682 -0.5014 -0.8754
-0.0789 -0.4922 -0.8798
-0.0952 -0.4846 -0.8987
-0.0952 -0.4846 -0.8987
-0.1093 -0.4757 -0.9203
-0.1129 -0.4624 -0.9362
-0.1148 -0.4554 -0.9377
-0.1218 -0.4547 -0.9172
-0.1376 -0.4539 -0.8985
-0.1376 -0.4539 -0.8985
-0.1531 -0.4455 -0.8765
-0.1517 -0.4276 -0.8879
-0.1220 -0.4084 -0.9535
-0.1338 -0.4122 -1.0142
-0.1338 -0.4122 -1.0142
-0.1616 -0.3943 -0.9557
-0.1790 -0.3966 -0.8530
-0.2103 -0.4137 -0.7386
-0.2396 -0.4470 -0.6700
-0.2496 -0.4799 -0.7267
-0.2496 -0.4799 -0.7267
-0.2631 -0.4597 -0.8107
-0.2802 -0.4368 -0.8648
-0.3157 -0.4445 -0.8886
-0.3090 -0.4580 -0.8956
-0.2816 -0.4732 -0.9116
-0.2816 -0.4732 -0.9116
-0.2616 -0.4869 -0.9603
-0.2102 -0.4944 -0.9699
-0.1763 -0.4841 -0.9958
-0.1955 -0.5378 -1.0137
-0.1693 -0.5052 -1.0039
-0.1693 -0.5052 -1.0039
-0.2316 -0.5408 -0.9305
-0.3023 -0.5902 -0.8474
-0.3603 -0.5928 -0.8152
-0.3823 -0.6133 -0.8037
-0.3823 -0.6133 -0.8037
-0.3312 -0.5348 -0.7760
-0.2841 -0.5267 -0.7101
-0.3001 -0.5683 -0.7475
-0.3118 -0.5735 -0.7714
-0.3012 -0.5538 -0.8019
-0.3012 -0.5538 -0.8019
-0.2998 -0.5072 -0.7784
-0.3033 -0.4886 -0.7554
-0.3148 -0.5188 -0.7663
-0.2857 -0.4986 -0.7521
0.2031 -0.5569 -0.8879
0.2031 -0.5569 -0.8879
-0.0536 -0.9938 -0.9056
-0.1387 -0.9115 -0.6846
-0.1837 -0.6673 -0.6143
0.0347 -0.2530 -1.0388
-0.1663 -0.7097 -0.9180
-0.1663 -0.7097 -0.9180
-0.2653 -0.6353 -0.6584
-0.1464 -0.7742 -0.4545
0.0804 -0.7201 -0.4710
0.0594 -0.6822 -0.7373
0.0180 -0.5265 -0.9288
0.0180 -0.5265 -0.9288
0.0158 -0.5498 -0.7804
0.0481 -0.7641 -0.6468
0.1113 -0.6990 -0.5782
-0.0411 -0.3698 -0.7297
-0.0411 -0.3698 -0.7297
0.0239 -0.6024 -0.4624
0.0647 -0.7618 -0.1925
0.0148 -0.5835 -0.6335
0.0240 -0.6106 -0.5390
-0.0206 -0.7042 -0.6138
-0.0206 -0.7042 -0.6138
-0.0934 -0.7559 -0.6014
-0.0414 -0.7955 -0.6034
0.0185 -0.7764 -0.5926
-0.0067 -0.7470 -0.5731
-0.0086 -0.7823 -0.5806
-0.0086 -0.7823 -0.5806
0.0053 -0.7714 -0.5882
0.0281 -0.7771 -0.5796
0.0490 -0.7726 -0.5490
0.0563 -0.7572 -0.5438
0.0377 -0.7755 -0.5626
0.0377 -0.7755 -0.5626
0.0090 -0.7778 -0.5807
0.0132 -0.7842 -0.5866
0.0292 -0.7978 -0.5647
0.0222 -0.8120 -0.5328
-0.0320 -0.8438 -0.4319
-0.0320 -0.8438 -0.4319
-0.0457 -0.8283 -0.6662
-0.0047 -0.8662 -0.5828
-0.0072 -0.8265 -0.5542
0.0125 -0.8284 -0.6000
0.0125 -0.8284 -0.6000
0.0315 -0.8295 -0.6315
0.0314 -0.8454 -0.5667
0.0258 -0.8548 -0.5440
0.0077 -0.8858 -0.5170
-0.0166 -0.8583 -0.7034
-0.0166 -0.8583 -0.7034
0.0112 -0.9018 -0.6500
-0.0304 -0.8783 -0.6363
-0.0591 -0.9300 -0.6237
-0.0430 -0.9562 -0.6606
-0.0181 -0.9318 -0.6382
-0.0181 -0.9318 -0.6382
-0.0381 -0.9028 -0.5783
-0.0348 -0.9174 -0.5965
-0.0056 -0.8742 -0.6304
0.0055 -0.8877 -0.5947
0.0227 -0.8462 -0.5110
0.0227 -0.8462 -0.5110
0.0582 -0.8091 -0.4715
0.0748 -0.8091 -0.4325
0.0708 -0.8057 -0.4128
0.0626 -0.7871 -0.4070
0.0626 -0.7871 -0.4070
0.0750 -0.7481 -0.4610
0.0783 -0.7235 -0.5162
0.0614 -0.7186 -0.4707
0.0663 -0.7313 -0.4116
0.0620 -0.7728 -0.4206
0.0620 -0.7728 -0.4206
0.0247 -0.7861 -0.4068
-0.0266 -0.7634 -0.4248
-0.0199 -0.8032 -0.4364
-0.0171 -0.8135 -0.4920
-0.0066 -0.8362 -0.5052
-0.0066 -0.8362 -0.5052
-0.0013 -0.8049 -0.4578
-0.0152 -0.8191 -0.4438
-0.0202 -0.8450 -0.4595
0.0166 -0.8399 -0.5294
0.0412 -0.8313 -0.5271
0.0412 -0.8313 -0.5271
0.0242 -0.8270 -0.5016
0.0149 -0.8423 -0.4940
0.0286 -0.8446 -0.4949
0.0277 -0.8412 -0.4956
0.0160 -0.8462 -0.4840
0.0160 -0.8462 -0.4840
-0.0087 -0.8466 -0.4434
-0.0012 -0.8583 -0.4658
0.0076 -0.8559 -0.5021
0.0055 -0.8477 -0.4775
0.0055 -0.8477 -0.4775
0.0000 -0.8391 -0.4853
0.0070 -0.8500 -0.5131
0.0203 -0.8649 -0.5229
0.0227 -0.8448 -0.5097
0.0266 -0.8484 -0.5206
0.0266 -0.8484 -0.5206
0.0362 -0.8551 -0.5379
0.0361 -0.8394 -0.5073
0.0208 -0.8591 -0.4817
-0.0034 -0.8704 -0.4853
0.0052 -0.8572 -0.4896
0.0052 -0.8572 -0.4896
0.0238 -0.8551 -0.5071
0.0203 -0.8574 -0.5231
0.0146 -0.8519 -0.5237
0.0194 -0.8550 -0.5210
0.0082 -0.8490 -0.5163
0.0082 -0.8490 -0.5163
0.0042 -0.8453 -0.5234
0.0076 -0.8425 -0.5466
0.0223 -0.8150 -0.5805
0.0180 -0.7898 -0.5711
0.0113 -0.7922 -0.5476
0.0113 -0.7922 -0.5476
0.0038 -0.7947 -0.5506
0.0095 -0.7814 -0.5439
0.0298 -0.7731 -0.5370
0.0083 -0.7734 -0.5457
-0.0007 -0.7844 -0.5618
-0.0007 -0.7844 -0.5618
0.0303 -0.7845 -0.5860
0.0386 -0.7747 -0.5851
0.0214 -0.7673 -0.5860
0.0054 -0.7713 -0.5696
0.0054 -0.7713 -0.5696
-0.0066 -0.7807 -0.5788
-0.0027 -0.7983 -0.6006
0.0135 -0.7924 -0.5941
0.0110 -0.7657 -0.5708
0.0118 -0.7898 -0.5459
0.0118 -0.7898 -0.5459
0.0125 -0.8065 -0.5764
0.0148 -0.8134 -0.5609
0.0224 -0.8105 -0.5451
0.0181 -0.8192 -0.5616
0.0148 -0.8224 -0.5822
0.0148 -0.8224 -0.5822
0.0257 -0.8167 -0.5984
0.0146 -0.8199 -0.5877
0.0005 -0.8250 -0.5689
0.0098 -0.8331 -0.5705
0.0217 -0.8311 -0.5844
0.0217 -0.8311 -0.5844
0.0258 -0.8302 -0.5709
0.0147 -0.8281 -0.5794
0.0103 -0.8300 -0.5898
0.0106 -0.8119 -0.5978
0.0106 -0.8119 -0.5978
0.0142 -0.8146 -0.5772
0.0223 -0.8270 -0.5669
0.0334 -0.8148 -0.5819
0.0291 -0.8025 -0.5741
0.0178 -0.8022 -0.5740
0.0178 -0.8022 -0.5740
0.0067 -0.8159 -0.5718
0.0126 -0.8134 -0.5628
0.0196 -0.8229 -0.5582
0.0196 -0.8201 -0.5796
0.0231 -0.8034 -0.5798
0.0231 -0.8034 -0.5798
0.0238 -0.8049 -0.5917
0.0191 -0.8093 -0.5919
0.0171 -0.8028 -0.5736
0.0172 -0.8159 -0.5722
0.0161 -0.8032 -0.5872
0.0161 -0.8032 -0.5872
0.0247 -0.8131 -0.5859
0.0257 -0.8230 -0.5534
0.0160 -0.8134 -0.5388
0.0156 -0.8069 -0.5704
0.0156 -0.8069 -0.5704
0.0209 -0.8166 -0.5837
0.0219 -0.8134 -0.5759
0.0172 -0.8057 -0.5586
0.0162 -0.8132 -0.5526
0.0203 -0.8075 -0.5633
0.0203 -0.8075 -0.5633
0.0218 -0.8165 -0.5677
0.0132 -0.8203 -0.5656
0.0166 -0.8205 -0.5656
0.0134 -0.8053 -0.5520
0.0157 -0.8140 -0.5603
0.0157 -0.8140 -0.5603
0.0159 -0.8213 -0.5658
0.0184 -0.8212 -0.5760
0.0177 -0.8306 -0.5764
0.0179 -0.8199 -0.5617
0.0132 -0.8019 -0.5489
0.0132 -0.8019 -0.5489
0.0090 -0.8151 -0.5420
0.0112 -0.8241 -0.5399
0.0034 -0.8120 -0.5381
0.0098 -0.8174 -0.5498
0.0182 -0.8112 -0.5489
0.0182 -0.8112 -0.5489
0.0144 -0.8085 -0.5434
0.0135 -0.8110 -0.5258
0.0090 -0.8203 -0.5257
0.0144 -0.8232 -0.5444
0.0144 -0.8232 -0.5444
0.0318 -0.8224 -0.5570
0.0345 -0.8129 -0.5648
0.0252 -0.8133 -0.5525
0.0170 -0.8176 -0.5545
0.0248 -0.8282 -0.5528
0.0248 -0.8282 -0.5528
0.0329 -0.8264 -0.5545
0.0221 -0.8145 -0.5538
0.0119 -0.8054 -0.5507
0.0185 -0.8255 -0.5417
0.0189 -0.8261 -0.5402
0.0189 -0.8261 -0.5402
0.0128 -0.8254 -0.5502
0.0071 -0.8264 -0.5546
0.0140 -0.8320 -0.5487
0.0246 -0.8246 -0.5426
0.0201 -0.8132 -0.5485
0.0201 -0.8132 -0.5485
0.0114 -0.8247 -0.5514
0.0195 -0.8304 -0.5590
0.0166 -0.8224 -0.5553
0.0148 -0.8246 -0.5428
0.0130 -0.8303 -0.5370
0.0130 -0.8303 -0.5370
0.0074 -0.8256 -0.5350
0.0098 -0.8224 -0.5515
0.0173 -0.8324 -0.5547
0.0175 -0.8145 -0.5455
0.0175 -0.8145 -0.5455
0.0130 -0.8222 -0.5339
0.0199 -0.8260 -0.5390
0.0157 -0.8281 -0.5289
0.0125 -0.8231 -0.5180
0.0152 -0.8197 -0.5235
0.0152 -0.8197 -0.5235
0.0241 -0.8200 -0.5468
0.0210 -0.8211 -0.5473
0.0047 -0.8231 -0.5398
0.0114 -0.8348 -0.5215
0.0127 -0.8299 -0.5247
0.0127 -0.8299 -0.5247
0.0122 -0.8278 -0.5439
0.0123 -0.8285 -0.5482
0.0159 -0.8214 -0.5578
0.0198 -0.8245 -0.5545
0.0150 -0.8201 -0.5394
0.0150 -0.8201 -0.5394
0.0103 -0.8247 -0.5354
0.0064 -0.8209 -0.5408
0.0070 -0.8174 -0.5350
0.0164 -0.8239 -0.5417
0.0099 -0.8220 -0.5324
0.0099 -0.8220 -0.5324
0.0143 -0.8208 -0.5402
0.0183 -0.8149 -0.5387
0.0034 -0.8283 -0.5410
0.0029 -0.8271 -0.5498
0.0029 -0.8271 -0.5498
0.0099 -0.8210 -0.5533
0.0111 -0.8305 -0.5758
0.0092 -0.8161 -0.5492
0.0142 -0.8205 -0.5510
0.0113 -0.8235 -0.5532
0.0113 -0.8235 -0.5532
0.0054 -0.8230 -0.5674
0.0035 -0.8219 -0.5666
0.0069 -0.8236 -0.5542
0.0046 -0.8220 -0.5497
0.0135 -0.8192 -0.5531
0.0135 -0.8192 -0.5531
0.0117 -0.8205 -0.5559
0.0041 -0.8192 -0.5406
0.0042 -0.8170 -0.5434
0.0069 -0.8189 -0.5539
0.0136 -0.8148 -0.5485
0.0136 -0.8148 -0.5485
0.0100 -0.8195 -0.5466
0.0001 -0.8161 -0.5455
0.0071 -0.8163 -0.5435
0.0123 -0.8226 -0.5325
0.0158 -0.8203 -0.5400
0.0158 -0.8203 -0.5400
0.0058 -0.8100 -0.5485
0.0129 -0.8168 -0.5624
0.0100 -0.8196 -0.5626
0.0028 -0.8225 -0.5573
0.0028 -0.8225 -0.5573
0.0070 -0.8259 -0.5682
0.0052 -0.8157 -0.5626
0.0076 -0.8184 -0.5695
0.0100 -0.8185 -0.5620
0.0074 -0.8186 -0.5484
0.0074 -0.8186 -0.5484
0.0067 -0.8206 -0.5409
0.0030 -0.8215 -0.5381
0.0188 -0.8242 -0.5466
0.0259 -0.8156 -0.5485
0.0100 -0.8086 -0.5502
0.0100 -0.8086 -0.5502
0.0040 -0.8158 -0.5634
0.0105 -0.8071 -0.5617
0.0075 -0.8027 -0.5500
0.0209 -0.8132 -0.5594
0.0079 -0.8196 -0.5605
0.0079 -0.8196 -0.5605
0.0046 -0.8129 -0.5712
0.0136 -0.8027 -0.5646
0.0086 -0.8119 -0.5597
0.0116 -0.8235 -0.5677
0.0116 -0.8235 -0.5677
0.0086 -0.8117 -0.5666
0.0014 -0.8105 -0.5678
0.0042 -0.8061 -0.5755
0.0102 -0.8101 -0.5741
0.0160 -0.8047 -0.5552
0.0160 -0.8047 -0.5552
0.0094 -0.8088 -0.5517
0.0029 -0.8130 -0.5641
0.0012 -0.8121 -0.5687
0.0063 -0.8043 -0.5683
0.0098 -0.8003 -0.5751
0.0098 -0.8003 -0.5751
0.0108 -0.8037 -0.5763
0.0137 -0.8108 -0.5694
0.0049 -0.8079 -0.5557
0.0110 -0.8076 -0.5596
0.0094 -0.8046 -0.5731
0.0094 -0.8046 -0.5731
0.0046 -0.8095 -0.5758
0.0078 -0.8022 -0.5648
0.0114 -0.7960 -0.5605
0.0126 -0.8059 -0.5597
0.0135 -0.8019 -0.5687
0.0135 -0.8019 -0.5687
0.0141 -0.8092 -0.5733
0.0120 -0.8038 -0.5727
0.0125 -0.8024 -0.5659
0.0083 -0.8036 -0.5675
0.0083 -0.8036 -0.5675
0.0086 -0.8096 -0.5700
0.0109 -0.8194 -0.5728
0.0132 -0.8071 -0.5732
0.0182 -0.8080 -0.5725
0.0176 -0.8134 -0.5782
0.0176 -0.8134 -0.5782
0.0160 -0.8121 -0.5792
0.0132 -0.8168 -0.5727
0.0111 -0.8053 -0.5643
0.0172 -0.7999 -0.5683
0.0155 -0.8025 -0.5747
0.0155 -0.8025 -0.5747
0.0089 -0.8051 -0.5763
0.0115 -0.8075 -0.5798
0.0158 -0.8074 -0.5746
0.0043 -0.8059 -0.5533
-0.0007 -0.8045 -0.5508
-0.0007 -0.8045 -0.5508
0.0117 -0.8118 -0.5541
0.0112 -0.8060 -0.5789
0.0125 -0.8071 -0.5835
0.0069 -0.8135 -0.5793
0.0069 -0.8135 -0.5793
0.0034 -0.8112 -0.5728
0.0107 -0.8101 -0.5774
0.0123 -0.8163 -0.5894
0.0107 -0.8123 -0.5785
0.0083 -0.8128 -0.5741
0.0083 -0.8128 -0.5741
0.0091 -0.8114 -0.5682
-0.0012 -0.8073 -0.5520
0.0070 -0.8119 -0.5582
0.0116 -0.8132 -0.5676
0.0073 -0.7989 -0.5743
0.0073 -0.7989 -0.5743
-0.0007 -0.8071 -0.5592
0.0051 -0.8132 -0.5435
0.0032 -0.8186 -0.5411
0.0045 -0.8110 -0.5499
0.0138 -0.8132 -0.5552
0.0138 -0.8132 -0.5552
0.0154 -0.8139 -0.5638
0.0130 -0.8143 -0.5616
0.0109 -0.8136 -0.5579
0.0139 -0.8176 -0.5488
0.0128 -0.8230 -0.5389
0.0128 -0.8230 -0.5389
0.0126 -0.8201 -0.5440
0.0191 -0.8196 -0.5553
0.0194 -0.8167 -0.5500
0.0099 -0.8160 -0.5575
0.0099 -0.8160 -0.5575
0.0078 -0.8176 -0.5538
0.0079 -0.8173 -0.5482
0.0114 -0.8305 -0.5492
0.0123 -0.8250 -0.5571
0.0105 -0.8138 -0.5507
0.0105 -0.8138 -0.5507
0.0124 -0.8135 -0.5456
0.0181 -0.8229 -0.5531
0.0109 -0.8230 -0.5524
0.0039 -0.8125 -0.5512
0.0035 -0.8199 -0.5420
0.0035 -0.8199 -0.5420
0.0084 -0.8257 -0.5441
0.0154 -0.8163 -0.5545
0.0138 -0.8134 -0.5577
0.0138 -0.8191 -0.5465
0.0155 -0.8271 -0.5459
0.0155 -0.8271 -0.5459
0.0100 -0.8190 -0.5435
0.0100 -0.8199 -0.5496
0.0139 -0.8163 -0.5547
0.0164 -0.8264 -0.5591
0.0090 -0.8241 -0.5605
0.0090 -0.8241 -0.5605
0.0103 -0.8203 -0.5447
0.0111 -0.8167 -0.5260
0.0181 -0.8186 -0.5447
0.0211 -0.8193 -0.5532
0.0211 -0.8193 -0.5532
0.0161 -0.8206 -0.5472
0.0075 -0.8291 -0.5316
0.0107 -0.8248 -0.5343
0.0117 -0.8215 -0.5479
0.0127 -0.8141 -0.5612
0.0127 -0.8141 -0.5612
0.0137 -0.8125 -0.5644
0.0175 -0.8204 -0.5572
0.0188 -0.8127 -0.5386
0.0112 -0.8272 -0.5421
0.0067 -0.8271 -0.5500
0.0067 -0.8271 -0.5500
0.0096 -0.8182 -0.5453
0.0188 -0.8301 -0.5488
0.0229 -0.8203 -0.5496
0.0184 -0.8276 -0.5431
0.0126 -0.8247 -0.5494
0.0126 -0.8247 -0.5494
0.0149 -0.8249 -0.5463
0.0135 -0.8241 -0.5530
0.0151 -0.8225 -0.5506
0.0186 -0.8156 -0.5473
0.0186 -0.8156 -0.5473
0.0107 -0.8184 -0.5352
0.0027 -0.8190 -0.5344
0.0140 -0.8298 -0.5452
0.0149 -0.8222 -0.5434
0.0090 -0.8227 -0.5560
0.0090 -0.8227 -0.5560
0.0078 -0.8207 -0.5475
0.0098 -0.8279 -0.5560
0.0109 -0.8253 -0.5554
0.0149 -0.8240 -0.5625
0.0175 -0.8200 -0.5560
0.0175 -0.8200 -0.5560
0.0130 -0.8233 -0.5348
0.0110 -0.8268 -0.5317
0.0176 -0.8276 -0.5246
0.0228 -0.8250 -0.5263
0.0160 -0.8210 -0.5313
0.0160 -0.8210 -0.5313
0.0148 -0.8272 -0.5230
0.0197 -0.8304 -0.5288
0.0142 -0.8338 -0.5217
0.0053 -0.8340 -0.5098
0.0116 -0.8447 -0.5072
0.0116 -0.8447 -0.5072
0.0176 -0.8294 -0.5235
0.0195 -0.8358 -0.5432
0.0154 -0.8327 -0.5362
0.0137 -0.8459 -0.5133
0.0137 -0.8459 -0.5133
0.0144 -0.8519 -0.4946
0.0022 -0.8517 -0.4935
0.0071 -0.8506 -0.5037
0.0097 -0.8542 -0.5083
0.0028 -0.8545 -0.5054
0.0028 -0.8545 -0.5054
0.0062 -0.8442 -0.4995
0.0005 -0.8508 -0.5056
0.0126 -0.8541 -0.5072
0.0017 -0.8578 -0.4784
-0.0135 -0.8566 -0.4526
-0.0135 -0.8566 -0.4526
-0.0079 -0.8469 -0.4423
-0.0011 -0.8456 -0.5003
0.0022 -0.8156 -0.5312
0.0035 -0.8161 -0.5194
0.0015 -0.8193 -0.5037
0.0015 -0.8193 -0.5037
0.0046 -0.8290 -0.5031
0.0057 -0.8128 -0.4757
0.0077 -0.8178 -0.4695
0.0019 -0.8194 -0.4860
0.0001 -0.8064 -0.5048
0.0001 -0.8064 -0.5048
0.0142 -0.7831 -0.5305
0.0140 -0.7712 -0.5392
0.0053 -0.7593 -0.5155
0.0069 -0.7669 -0.4982
0.0069 -0.7669 -0.4982
0.0150 -0.7436 -0.4856
0.0157 -0.7256 -0.5061
0.0231 -0.7437 -0.5325
0.0151 -0.7217 -0.5279
0.0237 -0.7311 -0.5653
0.0237 -0.7311 -0.5653
0.0285 -0.7368 -0.5971
0.0165 -0.7322 -0.6074
0.0324 -0.7372 -0.6286
0.0409 -0.7486 -0.6531
0.0300 -0.7424 -0.6713
0.0300 -0.7424 -0.6713
0.0345 -0.7447 -0.6706
0.0386 -0.7490 -0.6753
0.0324 -0.7736 -0.6753
0.0257 -0.7659 -0.6889
0.0394 -0.7752 -0.6993
0.0394 -0.7752 -0.6993
0.0531 -0.7561 -0.6867
0.0517 -0.7509 -0.6962
0.0403 -0.7522 -0.6845
0.0318 -0.7620 -0.6756
0.0318 -0.7620 -0.6756
0.0257 -0.7590 -0.6857
0.0274 -0.7529 -0.6913
0.0295 -0.7556 -0.7243
0.0570 -0.7683 -0.7156
0.0505 -0.7732 -0.7214
0.0505 -0.7732 -0.7214
0.0447 -0.7647 -0.7243
0.0540 -0.7645 -0.7148
0.0534 -0.7946 -0.6997
0.0482 -0.7888 -0.6695
0.0458 -0.8032 -0.6575
0.0458 -0.8032 -0.6575
0.0347 -0.8161 -0.6486
0.0420 -0.8057 -0.6658
0.0468 -0.7991 -0.6954
0.0415 -0.7953 -0.6732
0.0312 -0.7916 -0.6510
0.0312 -0.7916 -0.6510
0.0364 -0.7848 -0.6390
0.0616 -0.7746 -0.6505
0.0601 -0.7699 -0.6469
0.0276 -0.7655 -0.6438
-0.0074 -0.7730 -0.6605
-0.0074 -0.7730 -0.6605
-0.0273 -0.7705 -0.6975
-0.0246 -0.7592 -0.6480
-0.0404 -0.7527 -0.6085
-0.0362 -0.7810 -0.6271
-0.0153 -0.7793 -0.5761
-0.0153 -0.7793 -0.5761
-0.0049 -0.7912 -0.5052
-0.0243 -0.8156 -0.4373
-0.0189 -0.8363 -0.4345
0.0172 -0.8432 -0.4627
0.0172 -0.8432 -0.4627
0.0215 -0.8271 -0.4889
-0.0092 -0.7889 -0.5214
-0.0140 -0.7759 -0.5428
-0.0216 -0.7907 -0.5153
-0.0352 -0.7971 -0.4908
-0.0352 -0.7971 -0.4908
-0.0335 -0.7962 -0.4862
-0.0182 -0.7854 -0.4879
0.0292 -0.8215 -0.4954
0.0503 -0.8253 -0.4617
0.0473 -0.8268 -0.4413
0.0473 -0.8268 -0.4413
0.0450 -0.8096 -0.4383
0.0290 -0.7836 -0.4115
0.0239 -0.7938 -0.3983
0.0142 -0.7733 -0.4034
0.0015 -0.7281 -0.4677
0.0015 -0.7281 -0.4677
0.0239 -0.7510 -0.4919
0.0567 -0.7549 -0.5705
0.0983 -0.8003 -0.6675
0.1043 -0.8104 -0.7306
0.1043 -0.8104 -0.7306
0.0567 -0.6986 -0.7369
0.0184 -0.6607 -0.6674
0.0054 -0.7082 -0.7240
-0.0115 -0.6603 -0.7944
0.0283 -0.6288 -0.8594
0.0283 -0.6288 -0.8594
0.0536 -0.6372 -0.9348
0.0685 -0.6632 -0.9286
0.0689 -0.6511 -0.7946
0.0662 -0.6455 -0.7736
0.0582 -0.6756 -0.7974
0.0582 -0.6756 -0.7974
0.0573 -0.6362 -0.8367
0.0482 -0.6418 -0.8355
0.0547 -0.6199 -0.8604
0.0652 -0.6068 -0.8576
0.0490 -0.5864 -0.8175
0.0490 -0.5864 -0.8175
0.0351 -0.5916 -0.8247
0.0450 -0.6407 -0.8337
0.0559 -0.6443 -0.8337
0.0477 -0.6480 -0.8236
0.0434 -0.6113 -0.8056
0.0434 -0.6113 -0.8056
0.0402 -0.6050 -0.8020
0.0226 -0.6157 -0.8380
0.0194 -0.6234 -0.8281
0.0205 -0.6286 -0.8227
0.0205 -0.6286 -0.8227
0.0280 -0.6315 -0.7997
0.0161 -0.6223 -0.7925
0.0228 -0.6280 -0.7986
0.0440 -0.6387 -0.8076
0.0620 -0.6427 -0.8028
0.0620 -0.6427 -0.8028
0.0525 -0.6548 -0.7808
0.0411 -0.6726 -0.7537
0.0372 -0.6524 -0.7530
0.0428 -0.6485 -0.7680
0.0518 -0.6550 -0.7713
0.0518 -0.6550 -0.7713
0.0485 -0.6644 -0.7265
0.0579 -0.6737 -0.7212
0.0612 -0.6665 -0.7247
0.0525 -0.6589 -0.7542
0.0346 -0.6632 -0.7631
0.0346 -0.6632 -0.7631
0.0272 -0.6677 -0.7680
0.0259 -0.6694 -0.7459
0.0164 -0.6638 -0.7256
0.0128 -0.6631 -0.7227
0.0128 -0.6631 -0.7227
0.0210 -0.6649 -0.7114
0.0314 -0.6727 -0.7192
0.0407 -0.6748 -0.7185
0.0504 -0.6719 -0.7264
0.0403 -0.6597 -0.7159
0.0403 -0.6597 -0.7159
0.0377 -0.6665 -0.7122
0.0426 -0.6741 -0.7142
0.0367 -0.6710 -0.7239
0.0314 -0.6669 -0.7395
0.0330 -0.6771 -0.7397
0.0330 -0.6771 -0.7397
0.0324 -0.6782 -0.7309
0.0346 -0.6906 -0.7200
0.0324 -0.6851 -0.6941
0.0296 -0.6820 -0.6945
0.0266 -0.6826 -0.7135
0.0266 -0.6826 -0.7135
0.0247 -0.6822 -0.7353
0.0245 -0.6839 -0.7210
0.0198 -0.6824 -0.7075
0.0158 -0.6842 -0.6982
0.0171 -0.6739 -0.6837
0.0171 -0.6739 -0.6837
0.0238 -0.6859 -0.6943
0.0243 -0.6947 -0.7088
0.0250 -0.6897 -0.7206
0.0341 -0.6763 -0.7194
0.0341 -0.6763 -0.7194
0.0347 -0.6729 -0.7014
0.0280 -0.6863 -0.6935
0.0293 -0.6953 -0.6916
0.0257 -0.6868 -0.6914
0.0237 -0.6871 -0.7034
0.0237 -0.6871 -0.7034
0.0186 -0.6744 -0.6864
0.0247 -0.6834 -0.6960
0.0301 -0.6765 -0.6977
0.0351 -0.6824 -0.7081
0.0325 -0.6873 -0.7049
0.0325 -0.6873 -0.7049
0.0325 -0.6788 -0.7125
0.0398 -0.6806 -0.7282
0.0482 -0.6730 -0.7459
0.0507 -0.6692 -0.7428
0.0506 -0.6843 -0.7309
0.0506 -0.6843 -0.7309
0.0468 -0.6671 -0.7514
0.0457 -0.6606 -0.7764
0.0562 -0.6523 -0.7966
0.0639 -0.6478 -0.7729
0.0639 -0.6478 -0.7729
0.0674 -0.6314 -0.7415
0.0618 -0.6196 -0.7238
0.0502 -0.6443 -0.7546
0.0408 -0.6384 -0.7368
0.0408 -0.6384 -0.7368
0.0373 -0.6570 -0.7231
0.0320 -0.6622 -0.7120
0.0382 -0.6852 -0.7162
0.0400 -0.6836 -0.7331
0.0321 -0.6868 -0.7613
0.0321 -0.6868 -0.7613
0.0329 -0.6850 -0.7771
0.0347 -0.6892 -0.7747
0.0271 -0.6739 -0.7495
0.0378 -0.6735 -0.7534
0.0486 -0.6827 -0.7677
0.0486 -0.6827 -0.7677
0.0291 -0.6678 -0.7555
0.0225 -0.6566 -0.7396
0.0161 -0.6620 -0.7495
0.0142 -0.6664 -0.7555
0.0142 -0.6664 -0.7555
0.0150 -0.6637 -0.7430
0.0103 -0.6490 -0.7139
0.0123 -0.6568 -0.6927
0.0233 -0.6606 -0.6989
0.0368 -0.6644 -0.7065
0.0368 -0.6644 -0.7065
0.0405 -0.6581 -0.7137
0.0431 -0.6526 -0.6969
0.0382 -0.6542 -0.7058
0.0382 -0.6599 -0.7153
0.0458 -0.6696 -0.7130
0.0458 -0.6696 -0.7130
0.0284 -0.6614 -0.7028
0.0293 -0.6776 -0.7118
0.0398 -0.6696 -0.7369
0.0396 -0.6654 -0.7454
0.0413 -0.6687 -0.7446
0.0413 -0.6687 -0.7446
0.0471 -0.6572 -0.7577
0.0562 -0.6417 -0.7664
0.0540 -0.6268 -0.7781
0.0724 -0.6313 -0.7906
0.0715 -0.6269 -0.7889
0.0715 -0.6269 -0.7889
0.0603 -0.6527 -0.8060
0.0573 -0.6743 -0.7881
0.0592 -0.7062 -0.7975
0.0563 -0.7317 -0.8206
0.0563 -0.7317 -0.8206
0.0347 -0.7763 -0.8076
0.0153 -0.7855 -0.7903
0.0126 -0.7957 -0.7428
0.0195 -0.8073 -0.6822
0.0379 -0.8180 -0.6365
0.0379 -0.8180 -0.6365
0.0718 -0.8295 -0.5973
0.0867 -0.8257 -0.5774
0.0646 -0.8156 -0.5729
0.0468 -0.8129 -0.5836
0.0488 -0.8026 -0.5815
0.0488 -0.8026 -0.5815
0.0297 -0.8281 -0.5565
0.0053 -0.8459 -0.5097
-0.0064 -0.8532 -0.4737
-0.0136 -0.8734 -0.4649
-0.0406 -0.8617 -0.5158
-0.0406 -0.8617 -0.5158
-0.0618 -0.8435 -0.5397
-0.0548 -0.8460 -0.5633
-0.0281 -0.8458 -0.6109
-0.0159 -0.8281 -0.6147
0.0130 -0.7931 -0.5711
0.0130 -0.7931 -0.5711
0.0223 -0.7884 -0.5744
0.0236 -0.7921 -0.5666
0.0233 -0.7850 -0.5519
0.0233 -0.7850 -0.5519
0.0103 -0.7661 -0.5520
-0.0139 -0.7636 -0.5436
-0.0304 -0.7687 -0.5305
-0.0347 -0.7594 -0.5607
-0.0229 -0.7601 -0.6085
-0.0229 -0.7601 -0.6085
-0.0135 -0.7414 -0.6358
-0.0354 -0.7450 -0.6031
-0.0319 -0.7667 -0.5730
-0.0168 -0.7575 -0.5563
-0.0154 -0.7542 -0.5824
-0.0154 -0.7542 -0.5824
-0.0060 -0.7798 -0.5946
0.0007 -0.7854 -0.5504
-0.0056 -0.7740 -0.5342
-0.0144 -0.7911 -0.5490
-0.0234 -0.7961 -0.5514
-0.0234 -0.7961 -0.5514
-0.0292 -0.8000 -0.5574
-0.0412 -0.8102 -0.5360
-0.0539 -0.8061 -0.5294
-0.0455 -0.8061 -0.5372
-0.0455 -0.8061 -0.5372
-0.0309 -0.8004 -0.5458
-0.0136 -0.8044 -0.5358
-0.0039 -0.8047 -0.5275
0.0087 -0.8053 -0.5171
0.0141 -0.8033 -0.5445
0.0141 -0.8033 -0.5445
0.0081 -0.8052 -0.5562
-0.0013 -0.8109 -0.5360
-0.0053 -0.8183 -0.5374
-0.0033 -0.8203 -0.5554
0.0001 -0.8235 -0.5559
0.0001 -0.8235 -0.5559
-0.0056 -0.8206 -0.5474
-0.0139 -0.8294 -0.5361
-0.0036 -0.8244 -0.5498
0.0208 -0.8278 -0.5664
0.0232 -0.8114 -0.5452
0.0232 -0.8114 -0.5452
0.0046 -0.8305 -0.5409
0.0125 -0.8231 -0.5288
0.0222 -0.8306 -0.5305
0.0182 -0.8171 -0.5376
0.0195 -0.8145 -0.5489
0.0195 -0.8145 -0.5489
0.0061 -0.8172 -0.5379
0.0090 -0.8136 -0.5336
0.0144 -0.8247 -0.5436
0.0063 -0.8133 -0.5284
0.0063 -0.8133 -0.5284
0.0078 -0.8236 -0.5449
0.0138 -0.8264 -0.5396
0.0167 -0.8176 -0.5268
0.0102 -0.8181 -0.5056
0.0142 -0.8291 -0.5059
0.0142 -0.8291 -0.5059
0.0215 -0.8306 -0.5135
0.0248 -0.8160 -0.5155
0.0249 -0.8201 -0.5244
0.0247 -0.8217 -0.5277
0.0204 -0.8208 -0.5300
0.0204 -0.8208 -0.5300
0.0151 -0.8324 -0.5196
0.0227 -0.8284 -0.5075
0.0313 -0.8202 -0.5289
0.0218 -0.8230 -0.5316
0.0044 -0.8229 -0.5115
0.0044 -0.8229 -0.5115
-0.0059 -0.8329 -0.4900
0.0074 -0.8294 -0.5035
0.0197 -0.8327 -0.5143
0.0171 -0.8438 -0.5160
0.0076 -0.8388 -0.5247
0.0076 -0.8388 -0.5247
0.0156 -0.8386 -0.5233
0.0227 -0.8401 -0.5277
0.0290 -0.8357 -0.5353
0.0290 -0.8342 -0.5466
0.0290 -0.8342 -0.5466
0.0226 -0.8373 -0.5419
0.0182 -0.8319 -0.5122
0.0143 -0.8356 -0.5259
-0.0001 -0.8317 -0.5284
0.0050 -0.8325 -0.5195
0.0050 -0.8325 -0.5195
0.0054 -0.8393 -0.5177
0.0072 -0.8350 -0.5168
0.0222 -0.8364 -0.5268
0.0190 -0.8318 -0.5347
0.0004 -0.8422 -0.5289
0.0004 -0.8422 -0.5289
0.0112 -0.8416 -0.5244
0.0278 -0.8390 -0.5183
0.0170 -0.8331 -0.5218
0.0092 -0.8324 -0.5142
0.0092 -0.8324 -0.5142
0.0187 -0.8342 -0.5377
0.0113 -0.8290 -0.5431
0.0159 -0.8305 -0.5399
0.0235 -0.8246 -0.4951
0.0235 -0.8246 -0.4951
0.0078 -0.8357 -0.5212
0.0249 -0.8523 -0.5279
0.0179 -0.8368 -0.5292
0.0132 -0.8374 -0.5382
0.0066 -0.8392 -0.5403
0.0066 -0.8392 -0.5403

