0.0183 0.0158 0.0548
0.0407 0.0310 0.0429
0.0819 -0.0005 0.0206
0.0636 0.0030 0.0038
0.0403 -0.0046 0.0027
0.0060 -0.0175 0.0088
-0.0009 -0.0155 0.0169
0.0051 -0.0029 0.0212
0.0221 0.0380 0.0319
0.0211 0.0365 0.0260
0.0106 0.0323 0.0212
-0.0132 0.0239 0.0031
-0.0254 0.0312 0.0045
-0.0246 0.0388 0.0062
-0.0011 0.0292 0.0048
-0.0042 -0.0135 0.0113
-0.0117 -0.0087 0.0081
-0.0140 0.0018 0.0191
-0.0140 0.0302 0.0165
-0.0150 0.0493 0.0269
-0.0066 0.0260 0.0417
-0.0009 0.0195 0.0428
-0.0002 0.0005 0.0249
-0.0163 -0.0145 0.0123
-0.0207 -0.0090 0.0173
-0.0140 0.0196 0.0326
-0.0054 0.0566 0.0172
-0.0126 0.0551 0.0174
-0.0137 0.0303 0.0095
-0.0031 0.0229 0.0057
0.0095 0.0216 -0.0039
0.0329 0.0140 -0.0158
0.0139 0.0492 -0.0242
0.0256 0.0696 -0.0208
0.0604 0.0776 -0.0170
0.0453 0.1088 -0.0026
0.0170 0.1102 0.0156
-0.0551 0.1342 0.0338
-0.0764 0.1240 0.0514
-0.0787 0.1120 0.0534
-0.0917 0.0978 0.0458
-0.1024 0.1354 0.0381
-0.0917 0.1265 0.0354
-0.0653 0.1369 0.0056
0.0741 0.3786 -0.0399
0.0707 0.2822 -0.0798
-0.1923 0.0987 0.1663
-0.2646 0.1156 0.2068
-0.2025 0.1814 0.1995
0.0224 0.3242 0.1445
0.0844 0.1885 0.1118
-0.2070 0.1359 0.1835
-0.2795 0.1728 0.1781
-0.2893 0.2374 0.1112
-0.2375 0.2075 0.0754
-0.2323 0.1994 0.0583
-0.2241 0.1913 0.0592
-0.2051 0.2181 0.0862
-0.1965 0.1995 0.1048
-0.2441 0.0969 0.1729
-0.2681 0.0080 0.1969
-0.2616 -0.0165 0.1976
-0.2135 -0.0505 0.1943
-0.1749 -0.0920 0.2304
-0.1894 -0.1230 0.2424
-0.2381 -0.1528 0.3275
-0.3465 -0.0234 0.3843
-0.4134 0.0400 0.4134
-0.4804 0.0215 0.4525
-0.4642 0.0089 0.4049
-0.3329 0.0362 0.2949
-0.1894 0.0005 0.4134
-0.1375 0.0106 0.4344
-0.1231 0.0789 0.4586
-0.1653 0.1794 0.4707
-0.1807 0.2475 0.5769
-0.1901 0.3337 0.7965
-0.1545 0.4314 0.7676
-0.1502 0.4853 0.7340
-0.1389 1.1478 0.6331
-0.1184 1.0250 0.4407
-0.0979 1.0317 0.4110
-0.1608 0.8746 0.4543
-0.3154 0.7921 0.6838
-0.3877 0.8111 0.8079
-0.4926 0.7025 0.9663
-0.5832 0.4393 1.0371
-0.6189 0.3676 1.0705
-0.6226 0.2970 1.0420
-0.5303 0.3394 0.9456
-0.5016 0.4212 0.9073
-0.6840 0.5037 0.8457
-1.1261 0.6441 0.7868
-1.3504 0.7371 0.7021
-1.5915 0.8569 0.5015
-1.3576 1.0566 0.4090
-1.1497 1.1160 0.3744
-0.8175 0.8225 0.3812
-0.7362 0.4504 0.4414
-0.6002 -0.4610 0.5589
-0.2529 -0.5430 0.4292
-0.0825 -0.3123 0.2922
0.0792 0.2439 0.1453
0.1600 0.6697 0.3310
0.2467 0.7531 0.4824
0.4745 0.5308 0.7374
0.6884 0.0895 0.8758
0.7037 0.0216 0.8627
0.4707 0.0670 0.7281
0.0795 0.2326 0.5871
-0.0938 0.3384 0.5215
-0.3186 0.4024 0.4672
-0.3836 0.2277 0.6000
-0.3653 0.0803 0.7003
-0.2154 0.1871 0.8423
-0.1181 0.7104 0.8327
-0.1323 0.8359 0.8408
-0.2067 0.7966 0.9370
-0.1978 0.5084 0.9810
-0.1489 0.3971 0.9449
-0.0323 0.1870 0.7930
0.0857 0.3685 0.6195
0.1196 0.5037 0.5604
0.0929 0.7071 0.5744
-0.0035 0.9555 0.6433
-0.0226 1.1658 0.6946
-0.1365 1.3526 0.7845
-0.3154 1.1390 0.7671
-0.6564 0.4777 0.6202
-0.3994 0.3297 0.5089
-0.0378 0.5414 0.5202
0.8341 1.2092 0.7774
1.3596 1.5248 1.3094
1.3781 1.4279 1.5584
0.9822 1.0292 1.7816
0.3202 0.7911 1.6185
0.0195 0.8245 1.4561
-0.3434 1.2711 1.0718
-0.3800 1.7516 0.7832
-0.3365 1.8634 0.7315
-0.2307 1.8257 0.7961
-0.1297 1.4682 1.0280
-0.0566 1.2941 1.1702
0.0973 1.0125 1.3834
0.2342 0.7717 1.4437
0.3100 0.6566 1.4412
0.4515 0.4267 1.3818
0.5037 0.3691 1.2619
0.4629 0.4203 1.1763
0.1814 0.4827 0.9510
-0.0188 0.3699 0.8105
-0.3161 0.1357 0.4985
-0.3167 0.1274 0.1146
-0.2646 0.2028 -0.0955
-0.2283 0.1809 -0.4717
-0.3068 -0.1471 -0.6733
-0.3492 -0.3228 -0.7250
-0.4118 -0.5622 -0.8170
-0.3929 -0.6805 -0.8622
-0.3151 -0.7631 -0.8372
-0.0698 -0.8325 -0.8077
-0.0282 -1.1409 -0.9777
-0.1447 -1.3774 -1.1547
-0.4569 -1.8069 -1.6191
-0.2692 -1.3885 -1.9988
0.0590 -0.9501 -2.0744
0.7816 -0.4556 -1.9310
1.0663 -0.8815 -1.6389
0.9644 -1.3458 -1.5712
0.4100 -2.2711 -1.7527
-0.1398 -2.5811 -2.2372
-0.2294 -2.4049 -2.4612
-0.0435 -1.8188 -2.7101
0.3263 -1.4976 -2.6605
0.4920 -1.5542 -2.5639
0.6786 -1.8289 -2.3614
0.6201 -1.8580 -2.2273
0.4870 -1.8075 -2.1955
0.0876 -1.6972 -2.1004
-0.3395 -1.6076 -1.9563
-0.5483 -1.5113 -1.9059
-0.8548 -1.2954 -1.8946
-0.9458 -1.1923 -1.9065
-1.0038 -0.8784 -1.8880
-0.8708 -0.4485 -1.7374
-0.7755 -0.2411 -1.5978
-0.5838 0.1814 -1.1614
-0.4894 0.3851 -0.5689
-0.4774 0.3751 -0.2614
-0.4810 0.2180 0.2800
-0.4623 0.1816 0.6712
-0.4540 0.2019 0.7959
-0.4114 0.2596 0.9034
-0.2466 0.5486 0.8932
-0.1302 0.7080 0.9057
0.1135 0.9945 1.0580
0.3622 1.4087 1.4261
0.4275 1.5790 1.6345
0.3214 1.6534 1.9968
-0.1623 1.3111 2.2058
-0.4423 1.0636 2.2083
-0.8635 0.8387 1.9994
-0.8735 0.9364 1.7634
-0.6706 1.0964 1.7136
0.0002 1.6422 1.8055
0.3403 1.9325 1.9678
0.7269 2.1986 2.4182
0.6751 1.8299 2.7877
0.5796 1.5998 2.8968
0.4910 1.2497 2.9479
0.5744 1.0623 2.7974
0.6522 0.9991 2.6833
0.7525 0.8229 2.4088
0.6574 0.5564 2.0739
0.5502 0.4148 1.8911
0.3432 0.1200 1.5007
0.2440 0.0219 1.0535
0.2384 0.0307 0.8321
0.2131 0.0377 0.4459
0.1187 0.1325 0.1780
0.0090 0.1146 0.0491
-0.2450 -0.0780 -0.2268
-0.3350 -0.2455 -0.4562
-0.2938 -0.2893 -0.5230
-0.1520 -0.0936 -0.5500
-0.3006 0.0604 -0.5788
-0.5225 -0.0004 -0.6316
-0.9653 -0.2569 -0.7618
-0.8274 -0.2114 -0.8306
-0.4683 0.1807 -0.8256
0.3176 0.7345 -0.6627
0.5488 0.3159 -0.3764
0.4297 -0.2109 -0.3042
-0.0055 -1.3427 -0.4186
-0.1370 -1.6701 -0.5756
-0.0616 -1.6789 -0.9793
0.2500 -1.3009 -1.3624
0.3797 -1.1652 -1.4778
0.5075 -1.1154 -1.5399
0.4403 -1.3512 -1.4789
0.3629 -1.4853 -1.4563
0.1756 -1.5202 -1.4762
-0.1436 -1.2672 -1.5948
-0.3000 -1.0382 -1.6608
-0.5493 -0.6022 -1.7772
-0.7811 -0.4388 -1.7466
-0.8821 -0.4298 -1.6753
-0.9323 -0.2887 -1.4262
-0.8408 -0.2532 -0.9902
-0.7501 -0.2324 -0.6747
-0.1255 0.0898 0.1509
0.1981 0.0700 0.3034
0.1660 0.1352 0.3094
0.0542 0.3166 0.4725
-0.0580 0.4309 0.6422
-0.0770 0.4735 0.7489
-0.0919 0.5406 0.8955
-0.1091 0.6418 0.9248
-0.1312 0.6038 0.8867
-0.0871 0.5143 0.7687
0.0075 0.5975 0.7542
0.3253 1.1094 1.0169
0.6267 1.6061 1.6246
0.6889 1.7491 1.9434
0.4343 1.6109 2.3086
-0.0558 0.8769 2.2851
-0.2444 0.4764 2.1281
-0.5293 0.0248 1.7126
-0.4764 0.1602 1.5511
-0.3428 0.3755 1.5906
0.0243 0.9463 1.8543
0.2856 1.3446 2.2229
0.3338 1.3577 2.3848
0.4091 1.1815 2.5862
0.5818 1.0875 2.5772
0.6738 1.1030 2.5183
0.7696 1.1610 2.3814
0.6688 1.1649 2.2233
0.5514 1.1235 2.1386
0.3443 0.9781 1.9680
0.2776 0.9084 1.7740
0.2764 0.9678 1.6464
0.2513 1.1449 1.3731
0.2149 1.2630 1.1316
0.1834 1.2634 1.0204
0.0997 1.2445 0.8127
0.0505 1.1622 0.7263
0.0421 0.7992 0.6920
0.1028 0.6444 0.7686
0.0194 0.5704 0.7370
-0.4020 0.1565 0.4658
-0.6233 -0.3815 -0.0431
-0.4629 -0.5412 -0.3275
0.3391 -0.1435 -0.7574
1.2057 0.7434 -0.6798
1.4058 1.0204 -0.4107
1.1936 1.0713 0.3305
0.4746 0.6533 0.9040
0.0826 0.2331 1.0129
-0.5739 -0.7829 0.7792
-0.8507 -1.5275 0.0776
-0.7745 -1.6845 -0.3470
-0.3121 -1.6390 -1.1305
0.2946 -1.3862 -1.4367
0.5033 -1.3478 -1.3677
0.5350 -1.1702 -0.9850
0.1657 -0.5966 -0.6467
-0.0236 -0.2763 -0.5397
-0.1949 0.1258 -0.3666
-0.0591 0.2226 -0.2599
0.0234 0.2103 -0.2465
0.0442 0.1008 -0.2771
-0.0317 0.0330 -0.3132
-0.1995 -0.0045 -0.4130
-0.1650 0.0880 -0.4607
-0.0904 0.1645 -0.4468
0.0435 0.3222 -0.3098
0.0871 0.4271 -0.0763
0.0740 0.4328 0.0399
-0.0362 0.1584 0.2466
-0.0391 -0.4915 0.3376
0.0779 -0.6782 0.3217
0.3046 -0.6429 0.1949
0.2426 -0.0333 0.1942
0.1272 0.4289 0.3135
-0.2324 0.9233 0.6650
-0.4901 0.8333 0.8505
-0.4648 0.5775 0.8590
-0.1525 -0.0716 0.7873
0.2830 -0.4566 0.7313
0.5448 -0.4464 0.7629
1.0925 -0.0168 0.9915
1.3238 0.5145 1.3437
1.2549 0.6937 1.5380
0.8879 0.8743 1.8423
0.4647 0.7089 1.9019
0.3450 0.6331 1.8495
0.2750 0.6511 1.6126
0.1846 0.5516 1.4006
0.1356 0.4908 1.3644
0.0551 0.5314 1.3372
0.0244 0.6037 1.3203
-0.0571 0.6837 1.2978
-0.1169 0.6546 1.2508
-0.1135 0.6390 1.1833
-0.0431 0.7147 1.0223
0.1122 0.8917 0.9135
0.1915 1.0326 0.9077
0.2551 1.3395 0.9802
0.2356 1.6373 1.1596
0.1985 1.7758 1.2709
0.0585 1.9251 1.5295
-0.0582 2.0522 1.8249
-0.0992 2.1278 2.0965
-0.1116 2.1471 2.2044
-0.1457 2.1377 2.3411
-0.1665 2.0940 2.3814
-0.2288 1.9729 2.4114
-0.3153 1.8049 2.3746
-0.3343 1.8033 2.3419
-0.3298 1.8756 2.2859
-0.3925 1.8935 2.3337
-0.4431 1.8754 2.4064
-0.4386 1.7127 2.6120
-0.2324 1.5153 2.8303
-0.0887 1.4340 2.9180
0.2345 1.3601 3.0298
0.4789 1.3487 3.0920
0.5353 1.3679 3.1330
0.5648 1.3925 3.2198
0.5036 1.3923 3.2092
0.4634 1.4138 3.1457
0.4381 1.5598 2.9568
0.3457 1.6407 2.7058
0.2264 1.5999 2.5047
-0.1607 1.1881 1.7970
-0.3143 0.9707 1.3453
-0.2870 0.9455 0.5481
0.1247 1.3648 0.1045
0.6819 2.0411 0.1689
0.8563 2.2843 0.3938
0.8285 2.5376 1.0755
0.2876 2.5177 1.6826
-0.0625 2.5010 1.8619
-0.6546 2.3826 1.9397
-0.8665 2.2246 1.8374
-1.1200 1.5319 1.3995
-0.9039 0.8479 0.8251
-0.6609 0.6684 0.5523
-0.1585 0.6124 0.2542
0.1468 0.8088 0.4862
0.2055 0.8869 0.7491
0.1483 0.8743 1.3279
-0.0343 0.5798 1.6956
-0.1168 0.3614 1.7507
-0.2603 -0.0793 1.5826
-0.3700 -0.4538 1.1404
-0.4097 -0.6068 0.8650
-0.3510 -0.8375 0.3400
-0.1867 -1.0332 -0.0121
-0.1487 -1.2137 -0.0904
-0.1194 -1.6815 -0.1045
-0.0937 -1.8563 -0.0988
-0.0170 -1.9589 -0.1099
-0.0182 -1.8882 -0.0920
-0.0600 -1.8572 -0.0569
-0.1461 -1.6324 -0.0162
-0.1525 -1.2400 -0.2040
-0.0802 -0.9221 -0.3927
0.1300 -0.2845 -0.8095
0.1521 0.1127 -1.0720
0.0866 0.2080 -1.1087
-0.0451 0.2407 -1.0501
-0.0939 0.0895 -0.8780
-0.0751 -0.0487 -0.7610
0.0371 -0.2865 -0.4854
0.1106 -0.2636 -0.1975
0.0411 0.1483 0.1280
-0.0584 0.4529 0.2873
-0.4606 0.7380 0.4576
-0.6880 0.6474 0.4437
-0.7509 0.3013 0.2763
-0.1512 0.1619 0.0787
0.2925 0.3860 0.0528
1.0136 1.2217 0.2748
1.1302 2.0753 0.8363
0.9201 2.2627 1.1396
0.3448 2.2073 1.5791
0.1462 2.0144 1.6586
0.0286 1.2969 1.6143
0.1662 0.4454 1.5144
0.4466 0.0983 1.4263
0.5976 0.2363 1.4047
0.7477 0.9036 1.4151
0.6353 1.5427 1.4865
0.5560 1.7588 1.5337
0.4241 1.7564 1.5724
0.4661 1.3388 1.5504
0.5662 1.1459 1.5198
0.7654 0.8512 1.4053
0.8240 0.7171 1.3456
0.7683 0.4695 1.2193
0.5322 0.2560 1.0798
0.4063 0.1808 1.0116
0.1597 0.1857 0.8037
0.0379 0.2537 0.4988
0.0454 0.3266 0.3477
0.0339 0.4068 0.1387
-0.1341 0.2826 0.0791
-0.2630 0.2172 0.0752
-0.5085 0.0206 0.0581
-0.5611 -0.1969 0.0702
-0.4890 -0.2015 0.0912
-0.4620 -0.2125 0.0173
-0.5951 -0.3702 -0.0689
-0.9336 -0.6873 -0.2789
-1.0577 -0.9302 -0.6254
-0.6515 -0.8534 -0.9345
-0.2462 -0.6472 -1.0001
0.5105 -0.3898 -0.8398
0.6615 -0.6370 -0.4631
0.4921 -0.8905 -0.3700
-0.0859 -1.5075 -0.5485
-0.3171 -1.7878 -0.7924
-0.2672 -2.1068 -1.3705
0.3371 -2.1157 -1.7768
0.8284 -1.8634 -1.8314
0.9047 -1.6817 -1.7286
0.7223 -1.1224 -1.3899
0.5086 -0.8021 -1.2229
0.0436 -0.2246 -1.0006
-0.2105 0.1525 -0.8848
-0.2699 0.2750 -0.8768
-0.4595 0.4152 -1.0021
-0.7761 0.3423 -1.3819
-0.9679 0.2146 -1.6410
-1.3873 -0.0993 -2.0821
-1.6213 -0.2169 -2.2099
-1.6007 -0.2124 -2.1085
-1.3356 -0.1328 -1.5830
-0.9136 -0.0080 -0.6308
-0.7170 0.0531 -0.0667
-0.4609 0.2149 1.0248
-0.3762 0.2733 1.8689
-0.3490 0.3295 2.1201
-0.2456 0.4696 2.2514
-0.0713 0.2411 1.9012
0.0607 0.0356 1.6192
0.4635 -0.1979 1.0190
0.9737 0.0526 0.5731
1.2242 0.4159 0.4841
1.4345 1.1726 0.6315
1.3389 1.4848 0.8039
0.8763 1.7540 1.1616
0.2471 1.3900 1.3853
-0.0152 1.1155 1.3401
-0.2863 0.6104 1.1001
-0.2284 0.2363 0.9794
-0.1006 0.1362 0.9864
0.2781 0.2114 1.1110
0.6502 0.6143 1.3724
0.7467 0.7602 1.5146
0.8009 0.7737 1.7335
0.8634 0.6522 1.7227
0.8793 0.6146 1.5998
0.8616 0.5282 1.1885
0.7282 0.4420 0.7552
0.6106 0.3500 0.5755
0.3531 0.2366 0.3060
0.1166 0.2053 0.1192
0.0072 0.1422 0.0489
-0.1536 -0.0202 -0.0708
-0.2090 -0.0393 -0.1252
-0.3329 0.0713 -0.2113
-0.4527 0.1010 -0.2547
-0.6108 -0.0635 -0.3067
-0.6737 -0.2344 -0.3178
-0.6210 -0.4770 -0.2933
-0.5714 -0.4490 -0.2910
-0.6811 -0.3034 -0.4246
-0.7832 -0.3260 -0.7361
-0.7036 -0.4321 -0.9158
-0.2558 -0.6366 -1.1815
0.4236 -0.4907 -1.2119
0.7474 -0.3142 -1.1094
1.0373 -0.2214 -0.7744
0.6981 -0.6486 -0.5681
0.3543 -1.0188 -0.5992
-0.1825 -1.5260 -0.9864
-0.1924 -1.6289 -1.5593
-0.0657 -1.6096 -1.7607
0.2189 -1.5052 -1.8830
0.3571 -1.2924 -1.7193
0.3445 -1.1708 -1.5876
0.2161 -0.9401 -1.3151
0.0693 -0.7881 -1.1404
0.0026 -0.7373 -1.0929
-0.1015 -0.6925 -1.0458
-0.1935 -0.7092 -1.0510
-0.4825 -0.6572 -1.1241
-0.7877 -0.5652 -1.2090
-0.9486 -0.4837 -1.1581
-0.9776 -0.4780 -1.0591
-0.8568 -0.4115 -0.7662
-0.5465 -0.2254 -0.3862
-0.3955 -0.1329 -0.1732
-0.1658 -0.0168 0.2155
-0.0776 -0.0094 0.3665
0.0674 -0.0995 0.5357
0.2390 -0.1926 0.5782
0.4276 -0.1850 0.6144
0.5272 -0.0847 0.6684
0.5930 0.1031 0.8255
0.5470 0.2068 0.8908
0.4759 0.4885 1.0036
0.5962 0.7218 1.0711
0.7903 0.9586 1.0863
0.8678 1.0758 1.1379
0.9602 1.1787 1.3857
0.9653 1.2006 1.5701
0.7903 1.2121 1.9294
0.2848 1.0051 2.1029
-0.0181 0.8393 2.1082
-0.4332 0.5925 1.9847
-0.3078 0.5519 1.8385
-0.0562 0.6295 1.7910
0.4359 0.8634 1.7942
0.6123 0.9923 1.8448
0.7199 0.9218 2.0113
0.7103 0.7247 2.1396
0.7019 0.6397 2.1198
0.7450 0.4392 1.9469
0.7691 0.2694 1.6984
0.7373 0.1745 1.5660
0.6343 0.0300 1.3379
0.4576 0.1085 1.0964
0.3659 0.1913 0.9851
0.2967 0.4016 0.8106
0.3437 0.6432 0.6903
0.3668 0.7111 0.6405
0.3094 0.8228 0.5621
0.0793 0.8847 0.4163
-0.0659 0.8985 0.3085
-0.2592 0.9442 0.0587
-0.2503 1.1994 -0.1794
-0.2534 1.3230 -0.3103
-0.5708 1.1021 -0.7021
-0.8612 0.6426 -1.1781
-0.8204 0.5995 -1.4341
-0.3800 0.8833 -1.8592
0.2705 1.3097 -1.8761
0.5751 1.3247 -1.6532
0.8390 0.8582 -0.8692
0.5914 0.1103 -0.1285
0.3143 -0.2285 0.0337
-0.4493 -0.4630 -0.1025
-0.9009 -0.3688 -0.3307
-1.5866 -0.0233 -0.8366
-1.6630 0.8233 -1.1030
-1.4075 1.0632 -1.0103
-1.1758 0.8816 -0.7628
-0.7445 0.1304 -0.2983
-0.5025 -0.2513 -0.0341
-0.1603 -0.4599 0.3517
-0.1169 -0.3709 0.5983
-0.1969 -0.2958 0.6948
-0.6018 -0.2360 0.8194
-0.8800 -0.2911 0.9215
-0.9056 -0.3153 0.9671
-0.7283 -0.4241 1.0886
-0.2900 -0.3696 1.1941
-0.0350 -0.3486 1.2360
0.2951 -0.3179 1.2666
0.2389 -0.1229 1.2344
0.1916 0.0486 1.2559
0.3305 0.4326 1.3487
0.6414 0.6107 1.4032
0.8175 0.5589 1.3986
1.1923 0.3023 1.3492
1.5090 0.1730 1.3508
1.5813 0.3093 1.4000
1.4930 0.9160 1.6614
1.1422 1.4970 1.9648
0.9832 1.7064 2.1022
0.8242 1.8617 2.3317
0.6947 1.5784 2.5202
0.5306 1.3283 2.6029
0.0074 0.6884 2.6233
-0.4137 0.1421 2.3550
-0.3693 0.1247 2.1560
0.3208 0.8900 1.8560
0.7317 1.4282 1.8083
1.1247 1.9298 1.8846
0.8609 1.6035 1.8275
0.6356 1.2579 1.7164
0.2822 0.7794 1.4339
0.1247 0.8643 1.1092
0.0659 0.9864 0.9469
0.0082 1.2150 0.6705
-0.0034 1.2096 0.5235
-0.0373 1.1450 0.4967
-0.1670 1.0238 0.4977
-0.3757 0.9714 0.5294
-0.4650 0.9657 0.5512
-0.5274 0.8773 0.6106
-0.5261 0.6402 0.6385
-0.5416 0.5057 0.6085
-0.6005 0.2619 0.4616
-0.6091 0.2677 0.2304
-0.5627 0.3013 0.1427
-0.2736 0.4627 0.1139
-0.0678 0.5649 0.1905
0.2147 0.6090 0.4034
0.0998 0.4775 0.3542
-0.0871 0.4261 0.2101
-0.3655 0.5535 -0.0672
-0.1751 0.7812 0.0537
0.0424 0.8071 0.2728
0.3763 0.5868 0.7402
0.2931 0.2657 0.9705
0.0705 0.0701 0.9793
-0.5239 -0.2323 0.8102
-0.9268 -0.3358 0.5442
-0.9423 -0.3295 0.4345
-0.5471 -0.1847 0.3106
-0.0084 -0.0026 0.2903
0.1666 0.0763 0.3327
0.2488 0.1261 0.4623
0.1771 0.1474 0.5696
0.1703 0.1913 0.6005
0.1549 0.2165 0.5679
0.1497 0.2098 0.5266
0.1575 0.1482 0.4368
0.1509 0.1489 0.3891
0.0748 0.2056 0.3710
0.0520 0.2469 0.3694
0.0455 0.2039 0.3715
0.1469 0.2055 0.3817
0.2073 0.2177 0.3872
0.3254 0.3144 0.4107
0.3869 0.4195 0.4178
0.5106 0.6501 0.4441
0.5812 0.7082 0.5146
0.5585 0.5897 0.6192
0.5211 0.5142 0.6471
0.4159 0.3807 0.6244
0.3519 0.3758 0.5861
0.1650 0.4484 0.4889
-0.0156 0.4702 0.4479
-0.0586 0.4579 0.4630
-0.0721 0.3823 0.5175
-0.0452 0.3401 0.5949
-0.0390 0.3617 0.6353
-0.0230 0.4286 0.7416
-0.0070 0.4895 0.8765
-0.0290 0.4355 0.9384
-0.0667 0.3880 1.0081
0.0003 0.5192 0.9657
0.0166 0.5809 0.9347
-0.0126 0.5981 0.8799
-0.0456 0.4497 0.8427
-0.0882 0.3029 0.8160
-0.2247 0.1242 0.7009
-0.2864 0.1147 0.6138
-0.3849 0.1779 0.4325
-0.3962 0.4077 0.2630
-0.4002 0.4975 0.1989
-0.3609 0.5091 0.1853
-0.3003 0.3713 0.2845
-0.2956 0.2809 0.3270
-0.2778 0.2312 0.3545
-0.1830 0.2236 0.3449
-0.1096 0.1778 0.3696
0.0238 0.0203 0.4670
0.0096 0.0792 0.5391
-0.0582 0.1237 0.5574
-0.2426 0.0778 0.5501
-0.5325 -0.1851 0.4094
-0.6516 -0.2726 0.3231
-0.5610 -0.1070 0.2583
-0.1055 0.3108 0.4295
0.0963 0.3496 0.5691
0.3752 0.1996 0.7117
0.5768 0.0273 0.6054
0.6430 -0.1140 0.5323
0.7437 -0.3258 0.3556
0.8321 -0.3987 0.0803
0.8661 -0.3238 -0.0846
0.9015 -0.3908 -0.3590
0.9693 -0.5706 -0.4588
1.2787 -0.7265 -0.6074
1.4969 -0.5177 -0.6596
1.4500 -0.3708 -0.6171
1.1013 -0.0867 -0.5173
0.9568 0.3245 -0.5575
1.0215 0.4185 -0.6040
1.2308 0.3430 -0.5756
1.3334 0.1698 -0.2695
1.2567 -0.0083 -0.0826
0.8877 -0.2562 0.1655
0.6563 0.1136 0.0745
0.5541 0.2125 0.0028
0.3795 0.3739 -0.0016
0.2621 0.0930 0.0752
0.3321 -0.1731 0.0816
0.5450 -0.3264 -0.0336
0.4940 -0.2532 -0.1471
0.4083 -0.1328 -0.1050
0.2908 0.1568 0.1756
0.3055 0.2817 0.3859
0.3717 0.3615 0.4312
0.4033 0.4213 0.3622
0.2819 0.4961 0.2528
0.2024 0.5243 0.2105
0.0618 0.4641 0.1385
0.0040 0.3826 0.1126
-0.0436 0.0019 0.0673
0.0978 -0.1060 0.0334
0.3154 0.1330 0.0658
0.3459 0.2174 0.0927
0.2754 0.1741 0.0662
0.1012 0.0431 -0.0005
0.0468 -0.0228 -0.0028
0.0468 0.0015 0.0028
0.0597 0.0732 -0.0081
0.0422 0.1633 -0.0100
-0.0056 0.1572 0.0067
-0.0495 0.1513 0.0123
-0.1026 0.0106 0.0119
-0.1788 -0.2150 -0.0122
-0.1794 -0.0977 -0.0439
-0.0053 0.0656 -0.1231
0.1492 0.0090 -0.1378
0.1437 0.0118 -0.1118
0.1033 0.0460 -0.0676
0.1234 -0.0106 -0.1053
0.1477 -0.0075 -0.1412
0.1143 0.0192 -0.1511
-0.0094 0.0416 -0.1059
-0.0268 0.0247 -0.0962
0.0399 0.0149 -0.1108
0.0623 0.0033 -0.1263
0.1081 -0.0607 -0.1287
0.1497 -0.1610 -0.1110
0.1726 -0.1597 -0.0981
0.1746 -0.1376 -0.0724
0.0509 -0.0681 -0.0386
-0.0211 -0.1046 -0.0422
-0.0867 -0.0306 -0.0027
0.0184 -0.0198 0.0556
0.1089 -0.0568 0.0739
0.1448 -0.3231 0.0967
0.0994 -0.2480 0.1099
0.1074 -0.1613 0.0960
0.0640 0.0587 0.0884
-0.0315 -0.0015 0.0939
-0.0313 -0.0520 0.0727
0.0386 -0.0971 0.0067
0.0461 0.0145 -0.0248
0.0265 0.0509 -0.0482
0.0412 0.0522 -0.0709
0.0536 0.0396 -0.0739
0.0662 0.0582 -0.0689
0.0843 0.0356 -0.0621
0.0820 0.0441 -0.0418
0.0764 0.0508 -0.0371
0.0465 0.0045 -0.0398
0.0394 0.0137 -0.0323
0.0447 0.0536 -0.0311
0.0491 0.1178 -0.0188
0.0559 0.0868 -0.0054
0.0751 0.0479 -0.0112
0.1132 0.0143 -0.0190
0.1282 -0.0068 -0.0299
0.1408 -0.0377 -0.0563
0.1326 -0.0341 -0.0574
0.1222 -0.0101 -0.0463
0.1073 0.0244 -0.0087
0.1387 0.0497 0.0097
0.1524 0.0375 0.0074
0.1334 -0.0151 0.0084
0.1360 -0.0068 0.0179
0.1553 0.0048 0.0150
0.2081 0.0169 -0.0191
0.2300 -0.0083 -0.0256
0.2254 -0.0214 -0.0231
0.2175 -0.0334 -0.0032
0.1824 -0.0016 -0.0088
0.1660 -0.0109 -0.0043
0.1575 0.0204 0.0136
0.1610 0.0504 0.0131
0.1268 0.0638 -0.0006
0.0541 0.0569 0.0076
0.0304 0.0499 0.0213
0.0414 0.0650 0.0167
0.0696 0.0666 0.0094
0.0892 0.0610 0.0136
0.0971 0.0669 0.0276
0.0658 0.0393 0.0280
0.0483 0.0252 0.0199
0.0392 0.0085 0.0053
0.0639 0.0401 -0.0058
0.0870 0.0494 0.0117
0.0930 0.0336 0.0151
0.1079 0.0237 0.0186
0.1074 0.0293 0.0162
0.0910 0.0448 0.0171
0.0481 0.0370 0.0185
0.0340 0.0148 0.0228
0.0696 -0.0389 0.0297
0.0973 0.0099 0.0295
0.0940 0.0484 0.0414
0.0592 0.0945 0.0455
0.0539 0.0788 0.0426
0.0626 0.0486 0.0468
0.0832 -0.0111 0.0356
0.1074 -0.0247 0.0292
0.1012 -0.0139 0.0188
0.0746 0.0063 0.0239
0.0453 0.0436 0.0304
0.0359 0.0375 0.0290
0.0400 0.0259 0.0110
0.0557 0.0148 0.0032
0.0760 -0.0031 0.0047
0.0759 -0.0035 0.0122
0.0694 -0.0061 -0.0001
0.0466 -0.0062 -0.0159
0.0201 0.0244 -0.0057
0.0329 0.0262 -0.0074
0.0583 0.0131 -0.0128
0.0410 0.0141 0.0117
0.0315 -0.0013 0.0189
0.0413 -0.0385 0.0096
0.0581 -0.0236 -0.0076
0.0615 0.0006 -0.0088
0.0553 0.0300 0.0008
0.0204 -0.0087 0.0064
0.0201 -0.0366 -0.0004
0.0542 -0.0391 -0.0050
0.0691 0.0015 0.0006
0.0624 0.0431 0.0070
0.0431 0.0545 0.0281
0.0435 0.0048 0.0164
0.0373 -0.0140 0.0136
0.0171 -0.0244 0.0077
0.0169 0.0162 0.0032
0.0307 0.0233 -0.0034
0.0601 0.0417 0.0019
0.0574 0.0354 0.0109
0.0269 0.0150 0.0246
0.0061 -0.0034 0.0192
0.0147 0.0071 0.0151
0.0341 0.0221 0.0133
0.0529 0.0211 0.0215
0.0631 0.0220 0.0295
0.0546 0.0123 0.0251
0.0382 0.0002 0.0177
0.0329 0.0053 0.0011
0.0457 0.0439 -0.0023
0.0543 0.0783 0.0175
0.0478 0.0688 0.0166
0.0396 0.0205 -0.0009
0.0437 0.0036 -0.0166
0.0357 0.0102 -0.0088
0.0120 0.0360 0.0185
0.0237 0.0548 0.0293
0.0425 0.0530 0.0189
0.0599 0.0424 -0.0040
0.0269 0.0171 -0.0025
0.0201 0.0008 0.0041
0.0367 0.0027 -0.0059
0.0411 0.0352 -0.0113
0.0399 0.0522 -0.0086
0.0394 0.0639 -0.0030
0.0338 0.0498 0.0007
0.0394 0.0078 0.0076
0.0386 0.0076 -0.0086
0.0285 0.0539 -0.0022
0.0297 0.0598 0.0030
0.0324 0.0418 0.0139
0.0264 0.0201 0.0154
0.0327 0.0061 0.0139
0.0347 0.0104 0.0026
0.0263 0.0069 -0.0067
0.0071 0.0030 -0.0043
-0.0026 0.0171 -0.0177
-0.0042 0.0058 -0.0196
0.0036 -0.0086 -0.0161
0.0194 -0.0203 -0.0007
0.0194 -0.0091 -0.0011
0.0173 -0.0279 -0.0137
0.0414 -0.0060 0.0036
0.0347 0.0203 0.0005
-0.0119 0.0431 0.0139
0.0252 -0.0515 0.0019
0.0337 -0.0608 -0.0110
-0.0136 -0.0291 -0.0230
-0.0374 -0.0224 -0.0299
-0.0376 -0.0423 -0.0368
-0.0342 -0.0562 -0.0300
-0.0213 -0.0191 -0.0088
-0.0125 -0.0105 -0.0012
-0.0092 -0.0080 -0.0047
-0.0181 -0.0239 -0.0094
-0.0042 -0.0233 -0.0095
-0.0152 -0.0418 -0.0105
-0.0291 -0.0311 -0.0019
-0.0043 -0.0273 0.0060
0.0393 0.0068 0.0058
0.0456 0.0261 0.0086
0.0283 0.0298 0.0018
-0.0220 -0.0244 0.0059
-0.0368 -0.0450 0.0055
-0.0157 -0.0007 -0.0028
0.0121 0.0232 0.0111
0.0161 0.0301 0.0200
0.0167 0.0418 0.0201
0.0056 -0.0084 -0.0019
0.0031 -0.0314 -0.0025
0.0082 -0.0100 0.0000
0.0232 0.0101 0.0130
0.0261 0.0296 0.0140
0.0138 0.0384 0.0023
-0.0022 0.0388 -0.0062
-0.0061 0.0285 -0.0020
0.0054 0.0005 0.0069
-0.0123 0.0155 -0.0125
-0.0239 0.0479 -0.0069
0.0004 0.0968 -0.0185
0.0358 0.0514 -0.0087
0.0226 0.0211 -0.0087
-0.0289 -0.0113 -0.0111
-0.0339 -0.0131 -0.0045
0.0200 0.0503 -0.0095
0.0250 0.0934 -0.0170
0.0105 0.0827 0.0008
0.0002 0.0176 0.0217
0.0098 -0.0507 0.0139
0.0063 -0.0695 0.0041
0.0051 -0.0350 -0.0031
0.0068 0.0007 0.0021
0.0084 0.0172 0.0002
0.0081 0.0058 -0.0001
0.0346 -0.0149 -0.0005
0.0293 -0.0227 -0.0045
0.0048 -0.0398 0.0087
-0.0089 -0.0299 -0.0048
0.0053 -0.0238 0.0054
0.0169 0.0030 -0.0006
-0.0093 -0.0018 0.0250
-0.0122 0.0039 0.0384
-0.0185 0.0671 0.0162
0.0629 0.2058 -0.1159
-0.1175 0.0139 -0.0489
-0.2540 -0.1921 0.1279
-0.0598 -0.0507 0.0273
0.0779 0.0632 -0.0285

