0.0000 0.0000 0.0000
0.0000 0.0000 0.0000
0.0000 0.0000 0.0000
0.0000 0.0000 0.0000
0.0000 0.0000 0.0000
0.0000 0.0000 0.0000
0.0000 0.0000 0.0000
0.0000 0.0000 0.0000
0.0000 0.0000 0.0000
0.0000 0.0000 0.0000
0.0000 0.0000 0.0000
0.0000 0.0000 0.0000
0.0913 0.0624 0.4996
0.1242 0.0703 0.5574
0.0996 0.1311 0.6337
0.0427 0.1765 0.7120
0.0138 0.1827 0.7476
-0.0279 0.2222 0.7801
-0.0109 0.2986 0.7449
0.0214 0.3094 0.7123
0.1136 0.3296 0.6552
0.2200 0.2642 0.6143
0.2619 0.2080 0.5983
0.2695 0.1158 0.6192
0.2621 0.1059 0.7008
0.2587 0.1162 0.7518
0.2365 0.1651 0.8476
0.1857 0.2351 0.9263
0.1549 0.2734 0.9516
0.1136 0.3825 0.9557
0.0768 0.5263 0.9488
0.0698 0.5795 0.9550
0.0813 0.6210 0.9588
0.0956 0.6087 0.9341
0.1102 0.5853 0.9131
0.1703 0.5019 0.8874
0.2071 0.4408 0.8845
0.2544 0.3336 0.8847
0.2465 0.2930 0.8799
0.2310 0.3008 0.8721
0.2340 0.3840 0.8636
0.2869 0.4398 0.8551
0.3159 0.4177 0.8420
0.3574 0.3096 0.7699
0.3451 0.1710 0.6893
0.2964 0.1528 0.6801
0.1803 0.2336 0.7083
0.1439 0.3963 0.7382
0.1708 0.4760 0.7289
0.2379 0.5499 0.6767
0.2567 0.5084 0.6422
0.2277 0.4458 0.6447
0.1775 0.2867 0.6763
0.1845 0.1908 0.7204
0.2027 0.1894 0.7343
0.2379 0.2392 0.7479
0.2471 0.3185 0.7500
0.2407 0.3561 0.7560
0.2111 0.3873 0.7862
0.1869 0.3813 0.8087
0.1365 0.4243 0.8829
0.0915 0.4691 0.9823
0.0833 0.4647 1.0191
0.0611 0.4654 1.0308
-0.0035 0.5125 1.0360
-0.0195 0.5327 1.0567
-0.0148 0.5364 1.1147
-0.0041 0.5728 1.1256
0.0180 0.5744 1.1148
0.1091 0.4960 1.0500
0.1743 0.3580 0.9718
0.1845 0.3041 0.9500
0.1664 0.2750 0.9555
0.1278 0.3361 0.9858
0.1184 0.3719 1.0035
0.1228 0.4427 0.9869
0.1582 0.4722 0.9084
0.1767 0.4708 0.8628
0.1658 0.5089 0.8114
0.1389 0.5741 0.7984
0.1319 0.5968 0.8053
0.1095 0.6323 0.8126
0.1056 0.6178 0.7982
0.1071 0.5767 0.7871
0.1054 0.4821 0.7954
0.0477 0.4608 0.8373
0.0204 0.4659 0.8602
-0.0057 0.4345 0.8744
-0.0250 0.3850 0.8335
-0.0313 0.3765 0.7968
-0.0396 0.3965 0.7098
-0.0174 0.4082 0.6659
0.0236 0.4610 0.5833
0.0343 0.5046 0.5105
0.0430 0.5096 0.4861
0.0656 0.4802 0.4516
0.0685 0.4652 0.4323
0.0673 0.4592 0.4294
0.0993 0.4559 0.4279
0.1649 0.4069 0.4441
0.1871 0.3806 0.4720
0.1637 0.3341 0.5504
0.1007 0.3581 0.6405
0.0843 0.3712 0.6883
0.0312 0.3603 0.7788
0.0007 0.3566 0.8060
-0.0038 0.3472 0.7912
-0.0103 0.3357 0.7230
-0.0376 0.3669 0.6522
-0.0615 0.4029 0.6255
-0.0851 0.4348 0.5889
-0.0707 0.3812 0.5440
-0.0672 0.3475 0.5140
-0.0262 0.2778 0.4330
0.0502 0.2206 0.3505
0.0886 0.2019 0.3299
0.1255 0.1903 0.3520
0.1221 0.1806 0.3674
0.1222 0.1058 0.3778
0.1356 -0.0146 0.3771
0.1356 -0.0472 0.3827
0.1143 -0.0799 0.3942
0.0741 -0.0918 0.4079
0.0610 -0.0777 0.4107
0.0149 -0.0700 0.3979
-0.0078 -0.1118 0.3474
-0.0216 -0.1235 0.3040
-0.0149 -0.0986 0.1840
0.0252 -0.0038 0.0724
0.0416 0.0667 0.0317
0.0683 0.1897 -0.0097
0.0935 0.2486 0.0215
0.0938 0.2185 0.0438
0.0674 0.1710 0.0974
0.0587 0.1616 0.1335
0.0710 0.1532 0.1436
0.1263 0.1486 0.1237
0.1980 0.1039 0.1001
0.2367 0.0798 0.0898
0.2766 0.0119 0.0835
0.2681 -0.0295 0.1115
0.2554 -0.0365 0.1278
0.1808 -0.0140 0.1617
0.1626 0.0855 0.1723
0.1788 0.2870 0.1867
0.2604 0.3074 0.2078
0.3329 0.1863 0.2183
0.4303 -0.0747 0.2099
0.3934 -0.2625 0.1786
0.3536 -0.3102 0.1732
0.2474 -0.2332 0.1898
0.1563 0.0671 0.2802
0.1531 0.1621 0.3408
0.1322 0.2414 0.4176
0.0981 0.1370 0.3951
0.0783 0.0748 0.3609
0.1031 0.0253 0.2697
0.1942 0.0643 0.1929
0.2298 0.1137 0.1631
0.3507 0.1956 0.1092
0.4600 0.1976 0.0765
0.4555 0.1499 0.0736
0.4725 0.0432 0.0740
0.4577 -0.2941 0.1278
0.4084 -0.4603 0.1044
0.4409 -0.6784 0.0198
0.3533 -0.6684 0.0800
0.3170 -0.5983 0.0964
0.3625 -0.4106 0.1153
0.4157 -0.2921 0.1253
0.5654 -0.1091 0.0358
0.6060 0.2713 -0.1313
0.6108 0.4145 -0.1566
0.6752 0.5540 -0.1178
0.5674 0.5789 -0.0913
0.5256 0.5022 -0.0880
0.4789 0.3400 -0.1404
0.4703 0.3035 -0.2806
0.4989 0.3152 -0.3423
0.6327 0.2515 -0.4382
0.7986 0.2593 -0.6143
0.7518 0.1736 -0.8759
0.6913 0.3359 -0.6714
1.2410 0.7697 0.0228
1.5981 0.9620 0.2362
1.7218 1.4056 -0.0319
0.5478 0.1765 -0.6991
0.4807 -0.4302 -0.5635
0.5211 -0.8270 -0.7754
0.1843 -0.3861 -0.9646
-0.0200 0.0360 -0.8898
-0.1522 0.5903 -0.6339
0.3738 0.4700 -0.4866
0.7637 0.3060 -0.4946
1.2315 0.2573 -0.5874
0.7848 0.3569 -0.2601
0.4557 0.2490 0.0377
-0.0847 -0.2489 0.2929
-0.2047 -0.7695 0.0423
-0.4269 -1.3583 -0.2753
-0.3320 -0.1248 0.5160
-0.1576 0.3092 0.6812
0.2389 0.2290 0.4248
0.7351 0.5373 -0.0909
0.8852 0.5845 -0.3466
0.9846 0.5812 -0.6989
0.9160 0.4928 -0.6654
0.8212 0.3632 -0.5125
0.5969 0.1690 -0.3237
0.3698 0.1610 -0.2591
0.2756 0.1490 -0.2201
0.1442 0.0308 -0.2112
0.0919 -0.1466 -0.1921
0.1086 -0.1504 -0.1517
0.1829 -0.0492 -0.0536
0.2403 -0.0079 0.0181
0.2517 -0.0225 0.0381
0.2919 -0.0519 0.0244
0.3297 -0.1298 0.0224
0.3403 -0.1654 0.0406
0.2740 -0.1952 0.0809
-0.1637 -0.4286 0.0294
-0.1914 -0.0925 0.0051
0.0432 0.1888 -0.0400
0.1447 0.0957 -0.0240
0.2051 0.0128 0.0640
0.1649 0.0007 0.0954
0.1946 0.0480 0.1053
0.2341 0.0187 0.1229
0.1442 0.1041 0.1161
0.0644 0.1204 0.1294
-0.1950 0.0011 0.1731
-0.0334 0.2715 0.1360
0.0249 0.1500 0.0767
-0.0089 0.0443 0.0959
-0.1306 0.1295 0.1459
-0.1798 0.1761 0.1173
-0.1183 0.2454 0.0602
-0.0051 0.1060 0.0528
0.0151 0.0219 0.0745
-0.0359 -0.0456 -0.0132
0.2010 0.1907 -0.2770
0.3262 0.1614 -0.3172
0.5017 0.1769 -0.2477
0.4843 0.2686 -0.1882
0.4720 0.3704 -0.1770
0.4249 0.4926 -0.1604
0.2908 0.3454 -0.0907
0.1857 0.2504 -0.0431
-0.0423 0.0786 0.0311
-0.1305 0.0370 0.0354
-0.1419 -0.0480 0.0054
0.1153 -0.2407 -0.0047
0.3178 -0.3045 0.0165
0.6290 -0.2409 0.0400
0.5149 -0.1451 0.0672
0.3222 -0.1818 0.1121
-0.0409 -0.0830 0.2110
-0.1874 0.1878 0.1694
-0.1562 0.2294 0.0984
-0.0093 0.1993 -0.0062
0.0558 0.0172 -0.0221
0.0695 0.0016 0.0018
0.0814 0.1318 0.0707
0.0769 0.2416 0.0680
0.0679 0.2749 0.0683
0.0090 0.2494 0.0582
-0.0846 0.1348 0.0728
-0.0961 0.1103 0.1065
-0.0611 0.0904 0.0989
-0.0549 0.0925 0.0822
-0.0628 0.1002 0.0904
-0.0394 0.0806 0.0957
0.0096 0.0195 0.0879
0.0242 -0.0053 0.0869
0.0109 -0.0142 0.0528
-0.0291 -0.0028 0.0353
-0.1220 0.0004 0.0251
-0.1479 0.0003 0.0503
-0.1336 0.0436 0.0535
-0.0962 0.1044 0.0428
-0.0441 0.1416 0.0370
-0.0336 0.1048 0.0284
-0.1034 0.0658 0.0255
-0.2156 0.0780 0.0196
-0.2232 0.0786 0.0228
-0.1057 0.0336 0.0337
0.0757 0.0196 0.0158
0.0983 0.0172 0.0042
-0.0005 0.0287 0.0043
-0.1334 0.0513 0.0054
-0.1705 0.0683 0.0147
-0.1632 0.0418 0.0343
-0.1079 -0.0189 0.0630
-0.0654 0.0007 0.0726
-0.0055 0.0415 0.0706
0.0354 0.0474 0.0669
0.0203 0.0196 0.0598
-0.0638 0.0248 0.0435
-0.1325 0.0481 0.0179
-0.1503 0.0375 0.0081
-0.1082 -0.0182 0.0047
-0.0152 0.0005 -0.0165
0.0106 0.0221 -0.0408
-0.0009 0.0116 -0.0802
-0.0365 0.0023 -0.0816
-0.0571 -0.0348 -0.0776
-0.0674 -0.0146 -0.0459
-0.0663 0.0176 -0.0433
-0.0579 0.1440 -0.0395
-0.1022 0.0856 -0.0230
-0.1132 0.0186 0.0021
-0.0994 -0.1233 0.0155
-0.0495 -0.1792 0.0153
-0.0211 -0.1683 0.0159
-0.0138 -0.0984 -0.0047
-0.0249 -0.0796 0.0115
-0.0255 -0.0941 0.0287
0.0069 -0.1177 0.0393
0.0245 -0.1303 0.0314
0.0201 -0.0882 0.0334
0.0089 -0.0297 0.0110
-0.0206 0.0535 0.0091
-0.0637 0.0908 0.0033
-0.1576 0.1305 -0.0017
-0.1623 0.0796 0.0276
-0.1240 0.0480 0.0150
-0.0109 -0.0438 -0.0290
0.0727 -0.0903 -0.0648
0.0733 -0.0726 -0.0866
0.0142 -0.0261 -0.0965
-0.0198 0.0044 -0.0826
-0.0416 0.0249 -0.0540
-0.0376 0.0143 -0.0365
-0.0406 -0.0434 -0.0066
-0.0387 -0.0677 0.0133
-0.0526 -0.0351 0.0350
-0.0474 -0.0108 0.0336
-0.0116 0.0128 0.0288
0.0123 0.0343 0.0364
0.0128 0.0380 0.0401
0.0064 0.0299 0.0353
0.0155 0.0203 0.0133
0.0162 0.0025 0.0036
0.0116 -0.0037 -0.0031
0.0051 -0.0126 0.0028
-0.0013 0.0090 0.0060
-0.0105 0.0441 0.0145
-0.0303 0.0345 0.0282
-0.0347 0.0159 0.0189
-0.0009 0.0061 0.0163
0.0396 -0.0130 0.0212
0.0488 -0.0066 0.0162
0.0293 0.0354 0.0234
0.0455 0.0638 0.0298
0.0755 0.0603 0.0237
0.1194 0.0185 0.0233
0.0670 0.0205 0.0448
0.0251 0.0441 0.0524
-0.0098 0.1030 0.0438
-0.0064 0.1013 0.0236
0.0489 0.0616 0.0032
0.0775 -0.0109 -0.0066
0.0837 -0.0193 -0.0052
0.0582 -0.0021 -0.0223
0.0536 0.0427 -0.0180
0.0570 0.0505 -0.0158
0.0768 0.0332 -0.0026
0.0565 0.0004 0.0121
0.0400 -0.0207 0.0157
0.0360 -0.0618 0.0185
0.0742 -0.0336 -0.0057
0.0839 -0.0048 -0.0100
0.0788 0.0379 0.0103
0.0686 0.0016 0.0200
0.0520 -0.0215 0.0218
0.0303 -0.0620 0.0202
0.0663 -0.0802 0.0088
0.1020 -0.0704 -0.0101
0.1227 -0.0030 -0.0296
0.0561 0.0526 -0.0111
0.0180 0.0713 -0.0112
-0.0317 0.0319 -0.0024
-0.0236 -0.0315 0.0205
0.0011 -0.0257 0.0233
0.0649 -0.0128 -0.0009
0.0857 -0.0078 -0.0146
0.0812 0.0038 -0.0287
0.0134 0.0348 -0.0288
-0.0227 0.0412 -0.0196
-0.0423 0.0072 0.0047
-0.0155 -0.0179 0.0096
0.0056 -0.0165 0.0060
0.0562 -0.0013 -0.0150
0.0698 0.0115 -0.0195
0.0582 0.0065 -0.0099
0.0104 -0.0254 0.0192
0.0151 -0.0623 0.0292
0.0398 -0.0703 0.0134
0.0592 -0.0581 -0.0202
0.0321 -0.0181 -0.0099
0.0153 0.0080 -0.0041
0.0380 0.0144 -0.0063
0.0737 -0.0054 -0.0049
0.0752 0.0031 -0.0013
0.0365 -0.0054 0.0068
0.0141 -0.0018 0.0016
0.0184 -0.0158 -0.0144
0.0280 -0.0223 -0.0255
0.0373 -0.0175 -0.0075
0.0523 -0.0231 0.0027
0.0928 -0.0165 0.0174
0.1009 -0.0186 0.0156
0.0477 -0.0224 0.0157
-0.0009 -0.0170 0.0086
0.0085 -0.0138 0.0042
0.0245 -0.0315 0.0082
0.0380 -0.0176 0.0254
0.0423 -0.0139 0.0162
0.0654 0.0098 0.0033
0.0593 0.0083 0.0111
0.0530 0.0112 0.0268
0.0238 -0.0018 0.0207
0.0032 -0.0129 0.0042
0.0004 -0.0090 -0.0102
0.0116 0.0092 -0.0189
0.0299 0.0104 -0.0083
0.0296 0.0037 -0.0081
0.0256 -0.0181 -0.0135
-0.0098 -0.0174 -0.0030
-0.0204 -0.0061 0.0025
-0.0296 0.0108 0.0091
-0.0302 0.0082 0.0191
-0.0262 0.0084 0.0131
-0.0228 -0.0154 0.0042
-0.0386 -0.0459 0.0012
-0.0473 -0.0407 0.0001
-0.0353 -0.0233 -0.0016
-0.0063 -0.0034 0.0007
0.0078 0.0117 0.0083
0.0177 0.0194 0.0066
-0.0245 -0.0182 0.0095
-0.0531 -0.0210 0.0098
-0.0571 -0.0078 0.0092
-0.0341 -0.0167 -0.0024
-0.0167 -0.0114 -0.0080
-0.0438 0.0113 -0.0058
-0.0557 0.0116 -0.0050
-0.0637 0.0053 -0.0102
-0.0506 -0.0356 0.0091
-0.0244 -0.0280 0.0133
0.0303 0.0048 0.0000
0.0240 0.0162 -0.0056
0.0059 0.0260 -0.0084
0.0031 0.0082 -0.0063
0.0256 -0.0225 -0.0182
0.0380 -0.0200 -0.0192
0.0526 0.0034 -0.0064
0.0528 0.0358 0.0011
0.0579 0.0258 -0.0080
0.0347 -0.0395 -0.0012
-0.0052 -0.0445 -0.0010
-0.0112 -0.0232 -0.0074
0.0131 -0.0049 0.0010
0.0393 -0.0025 0.0050
0.0353 -0.0047 0.0097
-0.0085 -0.0013 0.0200
-0.0102 -0.0054 0.0006
0.0130 -0.0082 -0.0056
0.0238 0.0069 -0.0198
-0.0054 0.0191 -0.0147
-0.0666 0.0139 0.0112
-0.0340 -0.0091 0.0126
-0.0079 -0.0232 0.0077
0.0182 -0.0106 0.0185
0.0324 -0.0081 0.0142
0.0276 0.0004 0.0141
-0.0065 -0.0092 0.0252
-0.0273 -0.0148 0.0231
-0.0291 -0.0072 0.0127
-0.0149 -0.0104 0.0070
0.0181 -0.0028 -0.0071
0.0338 0.0077 -0.0098
0.0211 0.0091 -0.0093
-0.0307 0.0144 -0.0038
-0.0390 0.0088 0.0021
-0.0309 -0.0296 0.0201
-0.0333 -0.0242 0.0351
-0.0436 -0.0024 0.0284
-0.0636 0.0087 0.0256
-0.0369 0.0028 0.0203
-0.0015 0.0202 0.0082
0.0347 0.0417 0.0034
0.0158 0.0258 0.0054
-0.0795 0.0088 0.0260
-0.0955 0.0016 0.0314
-0.0650 0.0047 0.0230
-0.0042 0.0246 0.0134
-0.0053 0.0358 0.0200
-0.0066 0.0185 0.0286
-0.0162 0.0101 0.0307
-0.0368 0.0181 0.0342
-0.0353 0.0217 0.0281
-0.0173 0.0140 0.0187
0.0253 0.0021 0.0113
0.0355 0.0018 0.0081
0.0184 0.0134 0.0056
-0.0101 -0.0035 -0.0033
-0.0228 -0.0181 0.0058
-0.0282 -0.0161 0.0154
-0.0211 0.0094 0.0152
-0.0034 0.0198 0.0117
0.0394 0.0114 -0.0008
0.0266 -0.0141 0.0021
0.0094 -0.0187 0.0060
-0.0004 -0.0106 -0.0008
0.0001 0.0030 -0.0037
-0.0069 0.0050 -0.0025
0.0053 0.0058 0.0090
0.0319 -0.0010 0.0134
0.0394 0.0067 0.0080
0.0251 0.0370 0.0012
0.0139 0.0447 0.0025
-0.0113 0.0284 -0.0049
-0.0279 0.0160 -0.0025
-0.0325 0.0059 -0.0045
-0.0298 0.0018 -0.0056
-0.0002 0.0373 -0.0066
0.0116 0.0553 -0.0057
0.0068 0.0703 -0.0079
-0.0292 0.0384 0.0078
-0.0386 0.0205 0.0107
-0.0220 0.0210 -0.0018
0.0227 0.0492 -0.0111
0.0454 0.0548 -0.0083
0.0450 0.0429 -0.0023
-0.0069 0.0051 0.0081
-0.0273 -0.0023 0.0100
-0.0111 0.0148 -0.0065
0.0340 0.0425 -0.0052
0.0491 0.0493 0.0018
0.0402 0.0541 0.0175
0.0291 0.0322 0.0194
0.0259 0.0226 0.0218
0.0202 -0.0106 0.0197
0.0176 0.0105 0.0086
0.0146 0.0252 -0.0009
0.0145 0.0558 0.0014
0.0108 0.0446 0.0075
0.0232 0.0256 0.0093
0.0381 -0.0145 0.0100
0.0313 -0.0156 0.0101
0.0207 -0.0031 0.0087
0.0354 0.0286 0.0209
0.0533 0.0343 0.0248
0.0871 0.0043 0.0304
0.0780 -0.0175 0.0257
0.0656 -0.0180 0.0285
0.0703 -0.0164 0.0387
0.1037 0.0027 0.0209
0.1045 0.0256 0.0081
0.0707 0.0177 0.0142
0.0591 0.0066 0.0196
0.0728 -0.0043 0.0129
0.1155 -0.0063 0.0029
0.1138 0.0019 -0.0006
0.0898 0.0179 0.0040
0.0506 0.0177 0.0124
0.0512 0.0046 0.0007
0.0582 0.0072 0.0064
0.0615 0.0140 0.0076
0.0561 0.0076 0.0135
0.0548 0.0046 0.0083
0.0661 0.0169 -0.0014
0.0507 0.0217 0.0078
0.0422 0.0210 0.0205
0.0325 0.0210 0.0261
0.0253 0.0143 0.0316
-0.0018 0.0015 0.0316
-0.0017 -0.0037 0.0237
0.0126 -0.0038 0.0160
0.0547 0.0232 -0.0008
0.0776 0.0523 -0.0027
0.0624 0.0604 -0.0020
0.0123 0.0290 0.0203
0.0152 -0.0136 0.0052
0.0213 -0.0087 -0.0088
0.0318 0.0166 -0.0158
0.0173 0.0451 -0.0004
0.0050 0.0402 0.0128
0.0189 0.0015 0.0105
0.0322 -0.0174 0.0057
0.0167 -0.0080 0.0105
-0.0190 0.0111 0.0314
-0.0201 0.0167 0.0336
0.0041 0.0241 0.0245
0.0497 0.0204 0.0029
0.0429 0.0086 0.0013
0.0160 -0.0106 0.0067
-0.0019 -0.0243 0.0055
0.0178 0.0155 -0.0073
0.0442 0.0445 -0.0014
0.0405 0.0403 -0.0019
0.0081 -0.0069 0.0181
-0.0057 -0.0254 0.0218
0.0106 -0.0186 0.0107
0.0169 -0.0056 -0.0015
0.0119 0.0372 -0.0096
0.0208 0.0227 -0.0038
0.0313 0.0026 -0.0027
0.0223 -0.0287 -0.0037
0.0076 -0.0206 0.0110
0.0067 -0.0040 0.0158
0.0249 0.0441 0.0285
0.0305 0.0416 0.0237
0.0239 0.0206 0.0184
0.0088 0.0033 0.0058
0.0339 0.0037 -0.0024
0.0496 0.0118 0.0064
0.0428 0.0270 -0.0058
0.0147 0.0275 0.0102
0.0170 0.0200 0.0115
0.0282 0.0303 0.0004
0.0118 0.0335 0.0128
0.0015 0.0209 0.0179
-0.0034 0.0034 0.0080
0.0126 0.0174 -0.0022
0.0224 0.0148 -0.0092
0.0404 0.0287 -0.0063
0.0200 0.0286 0.0055
-0.0002 0.0150 0.0125
-0.0017 -0.0033 0.0120
0.0168 -0.0113 0.0050
0.0362 0.0177 -0.0014
0.0291 0.0458 -0.0104
0.0148 0.0428 -0.0020
-0.0147 -0.0066 0.0184
-0.0267 -0.0193 0.0129
-0.0166 -0.0180 0.0103
0.0161 0.0066 0.0020
-0.0076 -0.0028 0.0062
-0.0194 -0.0066 0.0106
-0.0278 -0.0094 0.0026
0.0166 -0.0285 -0.0078
0.0288 -0.0274 -0.0156
0.0352 -0.0062 -0.0122
0.0350 0.0074 -0.0021
0.0326 0.0135 0.0002
0.0069 0.0029 0.0051
-0.0075 -0.0262 -0.0063
-0.0037 -0.0363 -0.0183
-0.0207 -0.0109 -0.0086
-0.0061 0.0205 0.0136
0.0117 0.0215 0.0219
0.0559 0.0323 0.0275
0.0128 0.0272 0.0141
-0.0213 0.0043 0.0175
-0.0833 -0.0326 0.0227
-0.0846 -0.0366 0.0192
-0.0570 -0.0293 0.0157
-0.0042 -0.0146 -0.0003
0.0082 -0.0096 -0.0021
0.0016 -0.0112 0.0048
-0.0133 0.0303 0.0252
-0.0075 0.0524 0.0239
-0.0152 0.0234 0.0180
-0.0422 -0.0545 0.0306
-0.0436 -0.0818 0.0295
-0.0199 -0.0244 0.0435
0.0323 0.0153 0.0247
0.0611 0.0405 0.0188
0.1215 -0.0101 0.0001
0.1296 -0.0752 -0.0123
0.0809 -0.1192 -0.0169
-0.1314 -0.1041 -0.0009
-0.2542 -0.0369 0.0147
-0.2205 0.0011 0.0133
-0.0663 0.0377 -0.0077
0.0343 0.0505 -0.0192
0.0253 0.0503 -0.0107
0.0038 0.0399 0.0003
-0.0008 0.0367 -0.0078
-0.0110 0.0540 -0.0066
-0.0393 0.1024 -0.0034
-0.0500 0.1044 -0.0067
-0.1327 0.0938 -0.0088
-0.1846 0.0800 -0.0234
-0.1591 0.0697 -0.0373
-0.0620 0.0317 -0.0588
-0.0571 0.0445 -0.0524
-0.0946 0.0518 -0.0325
-0.1800 0.0755 0.0042
-0.2138 0.0937 -0.0274
-0.2214 0.0868 -0.0383
-0.1947 0.0639 -0.0456
-0.2109 0.0874 -0.0694
-0.2227 0.0783 -0.0744
-0.1913 0.0726 -0.0613
-0.1280 0.0918 -0.0605
-0.1267 0.1083 -0.0607
-0.1680 0.0889 -0.0183
-0.2023 0.0069 -0.0129
-0.1959 -0.0326 -0.0212
-0.1305 -0.0332 -0.0329
-0.0542 -0.0116 -0.0392
-0.0356 -0.0063 -0.0438
-0.0557 0.0327 -0.0165
-0.1011 0.0372 -0.0073
-0.1052 0.0234 0.0034
-0.0963 -0.0040 0.0284
-0.1037 -0.0226 0.0222
-0.1159 -0.0256 0.0063
-0.0728 -0.0186 -0.0051
-0.0485 -0.0263 -0.0028
-0.0364 -0.0056 0.0209
-0.0902 0.0223 0.0157
-0.1179 0.0287 0.0049
-0.1083 -0.0189 -0.0072
-0.0654 -0.0698 -0.0046
-0.0886 -0.0782 -0.0017
-0.0966 -0.0337 0.0068
-0.0341 -0.0136 -0.0327
-0.0042 -0.0312 -0.0404
0.0196 -0.0606 -0.0048
-0.0392 -0.0469 0.0011
-0.0768 -0.0571 0.0003
-0.1522 -0.0750 -0.0120
-0.1730 -0.0696 -0.0151
-0.1423 -0.0914 -0.0172
-0.0297 -0.0929 0.0146
0.0043 -0.0583 0.0298
-0.0225 -0.0358 0.0473
-0.1010 -0.0199 0.0554
-0.1259 -0.0662 0.0406
-0.1270 -0.0999 0.0441
-0.1082 -0.1325 0.0250
-0.0555 -0.0979 0.0195
-0.0228 -0.0690 0.0077
0.0094 -0.0909 -0.0265
0.0744 -0.1471 -0.0533
0.0858 -0.1492 -0.0725
0.0480 -0.0601 -0.1345
0.0595 -0.0168 -0.1505
0.1667 0.0817 -0.1492
0.2310 0.1740 -0.1107
0.2186 0.1800 -0.0998
0.0749 0.1700 -0.0685
-0.1505 0.0620 -0.0247
-0.2699 -0.0160 0.0135
-0.4259 -0.1117 0.0569
-0.3708 -0.1373 -0.0198
-0.2761 -0.1602 -0.0812
-0.0766 -0.1613 -0.1751
0.0117 -0.1376 -0.2082
-0.0072 -0.1305 -0.2121
-0.0881 -0.0816 -0.1624
-0.1143 0.0573 -0.1096
-0.0936 0.1292 -0.0663
0.0193 0.1875 0.0587
0.0557 0.1586 0.1158
0.0037 0.1126 0.1561
-0.0686 -0.0762 0.2025
-0.0305 -0.1277 0.1790
-0.0116 -0.0795 0.1394
-0.0168 0.0565 0.1134
0.0128 0.1795 0.0516
0.0712 0.2337 0.0002
0.2491 0.3019 -0.0628
0.2793 0.2331 -0.0416
0.0563 -0.0170 0.0696
-0.1953 -0.2637 0.2261
-0.1350 -0.4140 0.2887
0.1514 -0.5777 0.2554
0.1638 -0.1660 0.0638
0.0475 -0.0151 -0.0752
-0.2457 0.0755 -0.2130
-0.3478 0.1401 -0.2536
-0.2848 0.1703 -0.2285
-0.1121 0.2293 -0.0934
0.0283 0.2214 0.0728
0.0674 0.2191 0.1348
0.0606 0.2417 0.1440
-0.1155 0.2085 0.0789
-0.1842 0.2006 0.0873
-0.2469 0.1404 0.0634
-0.2689 0.1481 0.0538
-0.3082 0.1317 0.0588
-0.3423 0.0863 0.0872
-0.2246 0.1312 0.0693
-0.1225 0.2198 0.0473
-0.0071 0.3648 0.0141
-0.0609 0.3559 0.0636
-0.1228 0.2589 0.0922
-0.2772 0.0594 0.1525
-0.3274 0.0113 0.1868
-0.3160 0.0430 0.1647
-0.1972 0.1623 0.1197
-0.1492 0.1844 0.0743
-0.0824 0.1236 0.0132
-0.0892 0.0458 -0.0045
-0.1200 -0.0041 -0.0046
-0.1527 -0.0362 0.0212
-0.1307 0.0077 0.0206
-0.1070 0.0403 0.0227
-0.0774 0.0732 0.0302
0.0110 0.1051 0.0654
0.0816 0.0938 0.0756
0.1340 0.0187 0.0732
0.0156 -0.0823 0.0823
-0.0505 -0.0804 0.0790
-0.1034 -0.0245 0.0245
-0.0226 -0.0053 -0.0171
0.0176 -0.0320 -0.0272
0.0431 -0.0447 -0.0210
-0.0050 -0.0596 -0.0108
-0.0408 -0.0728 0.0060
-0.1216 -0.0327 0.0307
-0.0963 -0.0255 0.0261
-0.0420 -0.0272 0.0181
0.0499 -0.0637 -0.0060
0.0498 -0.1114 -0.0074
0.0273 -0.1103 -0.0167
0.0294 -0.0665 -0.0234
0.0657 -0.0305 -0.0193
0.1328 0.0089 -0.0147
0.0940 -0.0120 -0.0139
0.0534 -0.0360 -0.0201
-0.0101 -0.0745 -0.0172
0.0201 -0.0919 -0.0228
0.0330 -0.0712 -0.0326
0.0473 -0.0220 -0.0473
0.0458 -0.0337 -0.0497
0.0384 -0.0403 -0.0525
0.0174 -0.0505 -0.0545
0.0193 -0.0221 -0.0446
0.0570 -0.0067 -0.0320
0.1078 -0.0028 -0.0202
0.0656 -0.0495 0.0028
0.0356 -0.0661 0.0128
0.0118 -0.0591 0.0017
0.0333 -0.0113 -0.0098
0.0433 0.0188 -0.0102
0.0587 0.0045 0.0013
0.0660 -0.0460 0.0102
0.0606 -0.0718 0.0074
0.0198 -0.0676 0.0110
0.0172 -0.0392 0.0089
0.0699 0.0218 -0.0118
0.1077 0.0424 -0.0139
0.0872 0.0248 -0.0067
0.0250 0.0057 0.0215
0.0079 -0.0010 0.0231
0.0294 -0.0142 0.0171
0.0902 0.0087 0.0026
0.1017 0.0331 -0.0073
0.0855 0.0247 0.0052
0.0311 0.0011 0.0323
-0.0002 -0.0081 0.0218
0.0057 -0.0079 0.0221
0.0382 0.0372 0.0054
0.0356 0.0675 0.0040
0.0168 0.0607 0.0100
-0.0103 0.0394 -0.0056
-0.0122 0.0162 -0.0040
-0.0067 0.0336 0.0022
-0.0176 0.0512 0.0149
-0.0565 0.0634 0.0331
-0.0649 0.0682 0.0390
-0.0528 0.0477 0.0344
-0.0457 0.0246 0.0091
-0.0375 0.0486 0.0181
-0.0411 0.0570 0.0236
-0.0250 0.0706 0.0156
-0.0032 0.0695 0.0274
0.0618 0.0220 0.0575
0.1543 0.0259 0.0747
0.1806 0.0444 0.0682
0.1665 0.0809 0.0433
0.1329 0.0904 0.0282
0.0710 0.0592 0.0507
0.0897 0.0582 0.0449
0.1008 0.0703 0.0348
0.0627 0.0947 0.0235
0.0184 0.0858 0.0171
-0.0680 0.0890 0.0468
-0.0675 0.1046 0.0405
-0.0249 0.0981 0.0475
0.0421 0.0600 0.0538
0.0514 0.0355 0.0762
0.0648 0.0556 0.0811
0.1017 0.1067 0.0551
0.0994 0.0888 0.0560
0.0953 0.0390 0.0702
0.1172 -0.0065 0.0770
0.1501 0.0040 0.0629
0.1946 0.0530 0.0281
0.2012 0.0617 0.0161
0.2005 0.0288 0.0120
0.1953 -0.0540 0.0010
0.2028 -0.0594 -0.0137
0.2016 -0.0339 -0.0269
0.2072 0.0042 -0.0335
0.1949 -0.0187 -0.0371
0.1848 -0.0350 -0.0248
0.1704 -0.0680 -0.0103
0.1667 -0.0755 -0.0287
0.1580 -0.0732 -0.0265
0.1305 -0.0686 -0.0432
0.1273 -0.0615 -0.0371
0.1445 -0.0690 -0.0269
0.1707 -0.0693 -0.0305
0.1101 -0.0380 -0.0270
0.0862 -0.0301 -0.0153
0.1028 -0.0288 -0.0182
0.1561 -0.0141 -0.0324
0.1589 0.0042 -0.0311
0.1611 0.0151 -0.0179
0.1906 -0.0188 -0.0081
0.2227 -0.0384 -0.0100
0.2777 -0.0438 -0.0176
0.2971 -0.0407 -0.0119
0.3318 -0.0867 -0.0437
0.3423 -0.1532 -0.0326
0.3464 -0.1712 -0.0288
0.3286 -0.1377 -0.0259
0.3035 -0.1526 -0.0012
0.2746 -0.1711 0.0083
0.1881 -0.2316 -0.0081
0.0968 -0.2916 -0.0174
0.0724 -0.2994 -0.0312
0.0381 -0.2123 -0.0780
-0.0103 -0.0533 -0.0942
-0.0392 0.0265 -0.0842
-0.0966 0.1217 -0.0533
-0.2501 0.0471 -0.0168
-0.3239 -0.0490 -0.0024
-0.4378 -0.2732 -0.0157
-0.4488 -0.2932 -0.0039
-0.3808 -0.2081 0.0136
-0.1470 0.0070 0.0549
0.0061 0.0649 0.0277
0.0284 0.0237 -0.0249
-0.0298 -0.1155 -0.1242
-0.1276 -0.1918 -0.1619
-0.1572 -0.2038 -0.1614
-0.1437 -0.1072 -0.1039
-0.1277 -0.0273 -0.0943
-0.0979 0.0427 -0.0707
-0.0902 -0.0450 -0.0080
-0.0779 -0.0589 0.0337
-0.0072 -0.0015 0.0907
0.0750 0.1112 0.1269
0.1369 0.1695 0.1557
0.1479 0.0661 0.1287
0.1516 0.0316 0.1126
0.1861 -0.0340 0.0531
0.2010 -0.0622 -0.0089
0.1839 -0.0490 -0.0372
0.1453 -0.0171 -0.0855
0.1142 -0.0305 -0.1119
0.1233 -0.0452 -0.1140
0.2398 -0.1253 -0.0818
0.3625 -0.1782 -0.0715
0.3533 -0.1882 -0.0539
0.2645 -0.1731 0.0042
0.2493 -0.0409 0.0303
0.2890 0.0131 0.0255
0.3523 -0.0154 0.0492
0.2858 -0.0485 0.0884
0.2292 -0.0436 0.0843
0.1581 -0.0206 0.0676
0.1679 -0.0168 0.0742
0.1966 0.0073 0.0824
0.2485 0.0078 0.0807
0.2588 0.0141 0.0908
0.2340 0.0144 0.0621
0.1816 0.0264 0.0386
0.1689 0.0417 0.0261
0.1974 0.0940 -0.0048
0.2257 0.0853 -0.0124
0.2037 0.0675 -0.0087
0.1133 0.0617 0.0065
0.0562 0.0923 0.0274
0.0702 0.1105 0.0373
0.1349 0.1139 0.0348
0.1410 0.0964 0.0428
0.1117 0.1166 0.0400
0.0468 0.1508 0.0371
0.0760 0.1446 -0.0010
0.1006 0.1265 -0.0098
0.1215 0.0720 -0.0189
0.1007 0.0434 -0.0333
0.0911 0.0573 -0.0323
0.0719 0.0760 -0.0261
0.1333 0.0647 -0.0045
0.1706 0.0631 -0.0062
0.2218 0.0620 0.0143
0.1932 0.0652 0.0168
0.1495 0.0648 0.0406
0.0605 0.0541 0.0647
0.0589 0.0536 0.0530
0.1307 0.0459 0.0237
0.1518 0.0218 0.0237
0.1444 0.0288 0.0244
0.0957 0.0089 0.0336
0.0950 0.0083 0.0470
0.1241 0.0327 0.0369
0.1432 0.0482 0.0300
0.1149 0.0317 0.0525
0.1053 0.0249 0.0424
0.1146 -0.0095 0.0071
0.0978 0.0180 -0.0155
0.0748 0.0304 -0.0165
0.0709 0.0520 0.0117
0.0993 0.0620 0.0247
0.0955 0.0606 0.0206
0.0502 0.0316 0.0118
0.0367 0.0005 0.0043
0.0411 0.0067 0.0018
0.0734 0.0515 0.0232
0.0718 0.0870 0.0505
0.0610 0.0925 0.0629
0.0534 0.0445 0.0514
0.0743 -0.0034 0.0251
0.0720 -0.0143 0.0126
0.0276 0.0390 0.0113
0.0071 0.0836 0.0155
0.0196 0.0779 0.0136
0.0232 0.0321 0.0182
-0.0022 0.0117 0.0190
-0.0277 -0.0044 0.0227
-0.0006 0.0250 0.0303
0.0150 0.0468 0.0306
0.0210 0.0716 0.0363
0.0156 0.0496 0.0382
0.0219 0.0305 0.0356
0.0403 -0.0039 0.0386
0.0311 0.0216 0.0342
0.0188 0.0421 0.0387
0.0246 0.0498 0.0379
0.0690 0.0449 0.0259
0.0657 0.0308 0.0227
0.0157 0.0183 0.0219
-0.0081 0.0331 0.0083
-0.0024 0.0404 -0.0022
0.0316 0.0513 -0.0008
0.0596 0.0557 -0.0246
0.0690 0.0543 -0.0241
0.0504 0.0419 -0.0126
0.0149 0.0323 0.0177
0.0064 0.0328 0.0218
0.0137 0.0158 -0.0057
0.0130 0.0232 -0.0162
0.0020 -0.0052 0.0012
0.0016 -0.0315 0.0126
0.0212 -0.0533 0.0138
0.0691 -0.0545 0.0099
0.1180 -0.0839 0.0013
0.0760 0.0596 -0.0252
0.0258 -0.0004 0.0037
0.0206 -0.0077 0.0038
0.0189 0.0142 0.0339
-0.0062 0.0063 0.0440
-0.0184 -0.0161 0.0425
-0.0185 -0.0426 0.0676

