0.0000 0.0000 0.0000
0.0000 0.0000 0.0000
0.0000 0.0000 0.0000
0.0000 0.0000 0.0000
0.0993 -0.4616 -0.8051
0.0221 -0.5088 -0.8287
-0.0411 -0.5163 -0.8629
-0.0441 -0.5065 -0.8916
-0.0069 -0.4934 -0.8941
0.0546 -0.4776 -0.8626
0.0753 -0.4771 -0.8311
0.1083 -0.4951 -0.7850
0.1486 -0.4919 -0.7737
0.1653 -0.4854 -0.7754
0.1704 -0.4826 -0.8023
0.1023 -0.4814 -0.8656
0.0715 -0.4776 -0.9214
0.0347 -0.4550 -0.9873
0.0372 -0.4546 -0.9742
-0.0046 -0.4890 -0.9470
-0.0308 -0.4840 -0.9110
-0.0341 -0.4745 -0.9413
0.0057 -0.4288 -0.8424
0.0782 -0.4328 -0.7477
0.0662 -0.4480 -0.7992
-0.0183 -0.4442 -0.8415
-0.0244 -0.4927 -0.9322
-0.0765 -0.5001 -0.9618
-0.1605 -0.5089 -0.9707
-0.1257 -0.5431 -0.9196
-0.1126 -0.5605 -0.8940
-0.1070 -0.5874 -0.9164
-0.0780 -0.5734 -0.9440
-0.0835 -0.5807 -0.9398
-0.1375 -0.5550 -0.9168
-0.0970 -0.5255 -0.8280
-0.0863 -0.5607 -0.8384
-0.0926 -0.5343 -0.8305
-0.0787 -0.5572 -0.7651
-0.0868 -0.5586 -0.7325
-0.0632 -0.5190 -0.6831
-0.0430 -0.5503 -0.6602
-0.0428 -0.5391 -0.6784
-0.0770 -0.5174 -0.6729
-0.0683 -0.5887 -0.6907
-0.0276 -0.6060 -0.6664
-0.0242 -0.6448 -0.6627
-0.0335 -0.6536 -0.6842
-0.0166 -0.6633 -0.7284
-0.0154 -0.6642 -0.7062
-0.0255 -0.6575 -0.7063
-0.0179 -0.6682 -0.7046
-0.0208 -0.6682 -0.7165
-0.0291 -0.6668 -0.7267
-0.0325 -0.6828 -0.7170
-0.0300 -0.6738 -0.7116
-0.0145 -0.6865 -0.7087
-0.0491 -0.6872 -0.7245
-0.0097 -0.6813 -0.7715
-0.0219 -0.6841 -0.7185
-0.0013 -0.6637 -0.7380
0.0026 -0.6814 -0.7137
-0.0016 -0.6762 -0.6922
-0.0209 -0.6649 -0.7880
-0.0274 -0.6800 -0.7351
-0.0390 -0.6794 -0.7198
-0.0356 -0.6871 -0.7365
-0.0317 -0.6816 -0.7307
-0.0261 -0.7053 -0.7550
-0.0195 -0.6839 -0.7328
-0.0019 -0.6785 -0.7206
0.0078 -0.6741 -0.7021
0.0262 -0.6722 -0.6960
0.0310 -0.6641 -0.6891
0.0270 -0.6582 -0.6949
0.0544 -0.6548 -0.7129
0.0460 -0.6513 -0.7138
0.0405 -0.6521 -0.6887
0.0343 -0.6468 -0.7308
0.0227 -0.6365 -0.7261
0.0086 -0.6619 -0.7638
0.0213 -0.6440 -0.7637
0.0216 -0.6455 -0.7598
0.0277 -0.6465 -0.7433
0.0260 -0.6536 -0.7476
0.0311 -0.6464 -0.7443
0.0291 -0.6547 -0.7284
0.0329 -0.6441 -0.7455
0.0275 -0.6393 -0.7437
0.0370 -0.6511 -0.7426
0.0319 -0.6474 -0.7373
0.0279 -0.6525 -0.7472
0.0315 -0.6500 -0.7467
0.0384 -0.6364 -0.7350
0.0369 -0.6436 -0.7351
0.0280 -0.6423 -0.7449
0.0323 -0.6388 -0.7442
0.0341 -0.6430 -0.7477
0.0293 -0.6354 -0.7422
0.0338 -0.6343 -0.7489
0.0390 -0.6528 -0.7321
0.0483 -0.6308 -0.7553
0.0366 -0.6399 -0.7583
0.0380 -0.6458 -0.7485
0.0365 -0.6350 -0.7588
0.0360 -0.6336 -0.7682
0.0385 -0.6345 -0.7487
0.0336 -0.6468 -0.7518
0.0381 -0.6400 -0.7493
0.0400 -0.6391 -0.7636
0.0401 -0.6340 -0.7500
0.0328 -0.6358 -0.7535
0.0378 -0.6417 -0.7524
0.0370 -0.6341 -0.7542
0.0372 -0.6340 -0.7601
0.0361 -0.6389 -0.7539
0.0446 -0.6331 -0.7542
0.0393 -0.6357 -0.7535
0.0420 -0.6348 -0.7572
0.0466 -0.6301 -0.7547
0.0477 -0.6313 -0.7532
0.0401 -0.6335 -0.7606
0.0427 -0.6304 -0.7396
0.0425 -0.6354 -0.7392
0.0530 -0.6248 -0.7634
0.0475 -0.6265 -0.7545
0.0414 -0.6364 -0.7570
0.0462 -0.6256 -0.7723
0.0432 -0.6256 -0.7626
0.0417 -0.6250 -0.7601
0.0423 -0.6322 -0.7541
0.0454 -0.6285 -0.7531
0.0463 -0.6296 -0.7514
0.0445 -0.6319 -0.7530
0.0427 -0.6274 -0.7702
0.0433 -0.6290 -0.7594
0.0489 -0.6293 -0.7542
0.0430 -0.6275 -0.7560
0.0442 -0.6273 -0.7588
0.0371 -0.6261 -0.7608
0.0351 -0.6240 -0.7618
0.0330 -0.6275 -0.7695
0.0390 -0.6319 -0.7578
0.0355 -0.6305 -0.7531
0.0410 -0.6293 -0.7552
0.0377 -0.6224 -0.7593
0.0365 -0.6233 -0.7595
0.0381 -0.6296 -0.7532
0.0457 -0.6271 -0.7596
0.0401 -0.6268 -0.7580
0.0321 -0.6249 -0.7626
0.0329 -0.6253 -0.7622
0.0354 -0.6221 -0.7770
0.0371 -0.6186 -0.7577
0.0375 -0.6243 -0.7627
0.0331 -0.6268 -0.7724
0.0449 -0.6295 -0.7576
0.0491 -0.6292 -0.7511
0.0421 -0.6139 -0.7742
0.0318 -0.6207 -0.7579
0.0319 -0.6216 -0.7659
0.0431 -0.6175 -0.7610
0.0392 -0.6153 -0.7631
0.0378 -0.6204 -0.7705
0.0322 -0.6181 -0.7715
0.0339 -0.6141 -0.7732
0.0368 -0.6136 -0.7706
0.0314 -0.6168 -0.7665
0.0330 -0.6137 -0.7663
0.0333 -0.6160 -0.7740
0.0266 -0.6175 -0.7711
0.0359 -0.6096 -0.7688
0.0335 -0.6128 -0.7729
0.0296 -0.6169 -0.7789
0.0243 -0.6151 -0.7727
0.0282 -0.6132 -0.7659
0.0275 -0.6198 -0.7583
0.0364 -0.6135 -0.7728
0.0322 -0.6137 -0.7817
0.0244 -0.6160 -0.7711
0.0323 -0.6208 -0.7750
0.0308 -0.6094 -0.7710
0.0203 -0.6127 -0.7685
0.0253 -0.6147 -0.7739
0.0273 -0.6161 -0.7828
0.0395 -0.6185 -0.7572
0.0409 -0.6181 -0.7655
0.0394 -0.6149 -0.7703
0.0372 -0.6105 -0.7764
0.0374 -0.6129 -0.7827
0.0362 -0.6125 -0.7685
0.0340 -0.6096 -0.7774
0.0310 -0.6098 -0.7811
0.0325 -0.6149 -0.7789
0.0387 -0.6098 -0.7624
0.0371 -0.6135 -0.7632
0.0317 -0.6025 -0.7915
0.0311 -0.6091 -0.7750
0.0343 -0.6090 -0.7682
0.0293 -0.6064 -0.7670
0.0357 -0.6085 -0.7596
0.0325 -0.6039 -0.7762
0.0315 -0.6058 -0.7757
0.0346 -0.6071 -0.7820
0.0355 -0.6051 -0.7885
0.0367 -0.6059 -0.7828
0.0435 -0.6059 -0.7789
0.0409 -0.6150 -0.7742
0.0505 -0.6044 -0.7779
0.0530 -0.6061 -0.7786
0.0428 -0.6090 -0.7884
0.0449 -0.6097 -0.7714
0.0482 -0.6085 -0.7715
0.0591 -0.6062 -0.7794
0.0800 -0.6090 -0.7834
0.0975 -0.6034 -0.7833
0.1118 -0.6095 -0.7755
0.1107 -0.6126 -0.7561
0.1095 -0.6104 -0.7533
0.1091 -0.6050 -0.7649
0.1090 -0.5934 -0.7684
0.1067 -0.5965 -0.7690
0.0925 -0.5974 -0.7977
0.0850 -0.5959 -0.7866
0.0788 -0.5958 -0.7906
0.0784 -0.6093 -0.7752
0.0999 -0.6115 -0.7697
0.1122 -0.5989 -0.7846
0.0999 -0.5997 -0.7927
0.0835 -0.5969 -0.7851
0.0723 -0.5932 -0.7827
0.0581 -0.5963 -0.7765
0.0448 -0.6082 -0.7862
0.0381 -0.6070 -0.7835
0.0313 -0.6123 -0.7752
0.0317 -0.6143 -0.7762
0.0356 -0.6165 -0.7835
0.0423 -0.6164 -0.7691
0.0505 -0.6194 -0.7802
0.0683 -0.6150 -0.7673
0.0652 -0.6152 -0.7543
0.0612 -0.6201 -0.7668
0.0520 -0.6163 -0.7673
0.0134 -0.6096 -0.7696
-0.0108 -0.6111 -0.7713
-0.0401 -0.6194 -0.7932
-0.0492 -0.6179 -0.7953
-0.0446 -0.6164 -0.7798
-0.0347 -0.6141 -0.7632
-0.0174 -0.6055 -0.7949
-0.0174 -0.6029 -0.7942
0.0061 -0.6018 -0.7782
0.0416 -0.6100 -0.7829
0.0541 -0.6126 -0.7775
0.0686 -0.6227 -0.7757
0.0844 -0.6290 -0.7859
0.0927 -0.6364 -0.7777
0.1173 -0.6273 -0.7691
0.1143 -0.6365 -0.7679
0.1195 -0.6401 -0.7593
0.1335 -0.6384 -0.7453
0.1281 -0.6491 -0.7442
0.1166 -0.6561 -0.7442
0.1092 -0.6570 -0.7374
0.1056 -0.6576 -0.7287
0.0901 -0.6590 -0.6996
0.0805 -0.6656 -0.6999
0.0701 -0.6608 -0.7023
0.0605 -0.6589 -0.6993
0.0579 -0.6632 -0.7121
0.0511 -0.6592 -0.7173
0.0481 -0.6720 -0.7080
0.0473 -0.6752 -0.7140
0.0472 -0.6773 -0.7224
0.0402 -0.6764 -0.7267
0.0270 -0.6790 -0.7307
0.0243 -0.6777 -0.7272
0.0212 -0.6701 -0.7334
0.0202 -0.6778 -0.7292
0.0234 -0.6739 -0.7204
0.0345 -0.6815 -0.7118
0.0430 -0.6787 -0.7207
0.0406 -0.6819 -0.7130
0.0462 -0.6849 -0.6990
0.0457 -0.6720 -0.7184
0.0430 -0.6755 -0.7125
0.0393 -0.6820 -0.7200
0.0321 -0.6841 -0.7121
0.0384 -0.6881 -0.7147
0.0354 -0.6896 -0.7191
0.0297 -0.6829 -0.7089
0.0234 -0.6849 -0.7226
0.0317 -0.6818 -0.7096
0.0342 -0.6875 -0.7059
0.0335 -0.6807 -0.6996
0.0356 -0.6843 -0.7080
0.0388 -0.6860 -0.7067
0.0316 -0.6946 -0.7029
0.0393 -0.6899 -0.7112
0.0361 -0.6892 -0.7071
0.0298 -0.6936 -0.7114
0.0278 -0.6922 -0.7044
0.0266 -0.6942 -0.7024
0.0227 -0.6891 -0.7000
0.0241 -0.6901 -0.6985
0.0295 -0.6943 -0.6941
0.0411 -0.6952 -0.6857
0.0406 -0.6970 -0.6947
0.0403 -0.6931 -0.6858
0.0342 -0.6931 -0.6972
0.0292 -0.6966 -0.6849
0.0292 -0.6934 -0.6715
0.0391 -0.6997 -0.6904
0.0369 -0.7034 -0.7132
0.0396 -0.7039 -0.7076
0.0370 -0.7073 -0.7041
0.0387 -0.6991 -0.7097
0.0389 -0.7019 -0.6992
0.0393 -0.7003 -0.6802
0.0426 -0.7075 -0.6963
0.0469 -0.6984 -0.6896
0.0442 -0.7056 -0.6836
0.0428 -0.7026 -0.6965
0.0441 -0.7070 -0.6809
0.0405 -0.7031 -0.6814
0.0406 -0.7071 -0.6807
0.0419 -0.7084 -0.7000
0.0436 -0.7074 -0.6814
0.0460 -0.7098 -0.6811
0.0359 -0.7051 -0.6887
0.0437 -0.7081 -0.6820
0.0378 -0.7070 -0.6805
0.0396 -0.7111 -0.6844
0.0326 -0.7076 -0.6819
0.0393 -0.7109 -0.6795
0.0397 -0.7095 -0.6761
0.0447 -0.7156 -0.6839
0.0411 -0.7120 -0.6848
0.0381 -0.7112 -0.6720
0.0366 -0.7148 -0.6794
0.0394 -0.7119 -0.6857
0.0455 -0.7107 -0.6888
0.0346 -0.7131 -0.6837
0.0352 -0.7243 -0.6851
0.0441 -0.7121 -0.6763
0.0475 -0.7114 -0.6833
0.0326 -0.7163 -0.6801
0.0323 -0.7100 -0.6721
0.0307 -0.7097 -0.6775
0.0340 -0.7077 -0.6762
0.0271 -0.7104 -0.6837
0.0273 -0.7187 -0.6844
0.0202 -0.7128 -0.6902
0.0233 -0.7210 -0.6874
0.0169 -0.7155 -0.6898
0.0254 -0.7160 -0.6829
0.0252 -0.7149 -0.6823
0.0319 -0.7108 -0.6877
0.0282 -0.7111 -0.6671
0.0323 -0.7112 -0.6796
0.0228 -0.7070 -0.6759
0.0423 -0.7165 -0.6679
0.0321 -0.7119 -0.6822
0.0204 -0.7189 -0.6836
0.0255 -0.7141 -0.6805
0.0303 -0.7180 -0.6900
0.0296 -0.7181 -0.6844
0.0336 -0.7138 -0.6749
0.0164 -0.7169 -0.6718
0.0310 -0.7176 -0.6767
0.0402 -0.7142 -0.6733
0.0246 -0.7121 -0.6738
0.0174 -0.7189 -0.6671
0.0321 -0.7114 -0.6858
0.0302 -0.7144 -0.6841
0.0330 -0.7198 -0.6808
0.0298 -0.7182 -0.6722
0.0208 -0.7195 -0.6697
0.0233 -0.7200 -0.6871
0.0172 -0.7083 -0.6860

