0.0000 0.0000 0.0000
0.0000 0.0000 0.0000
0.0000 0.0000 0.0000
0.0000 0.0000 0.0000
0.0000 0.0000 0.0000
0.0000 0.0000 0.0000
0.0000 0.0000 0.0000
0.0000 0.0000 0.0000
0.0000 0.0000 0.0000
0.0000 0.0000 0.0000
0.0000 0.0000 0.0000
0.0000 0.0000 0.0000
0.0294 -0.7095 -0.8496
-0.0217 -0.6318 -0.7319
0.0048 -0.6696 -0.5927
0.0048 -0.6696 -0.5927
-0.0034 -0.6485 -0.5328
-0.0034 -0.6428 -0.5519
-0.0165 -0.6219 -0.7433
-0.0165 -0.6219 -0.7433
-0.0054 -0.6819 -0.6729
-0.0327 -0.6989 -0.6029
-0.0517 -0.7189 -0.5463
-0.0719 -0.7164 -0.5227
-0.0705 -0.7090 -0.5354
-0.0705 -0.7090 -0.5354
-0.0723 -0.6868 -0.5744
-0.0620 -0.6835 -0.6016
-0.0451 -0.6949 -0.5918
-0.0480 -0.7217 -0.5756
-0.0471 -0.7467 -0.5634
-0.0471 -0.7467 -0.5634
-0.0437 -0.7549 -0.5631
-0.0397 -0.7779 -0.5758
-0.0453 -0.7807 -0.5790
-0.0512 -0.7896 -0.5577
-0.0512 -0.7896 -0.5577
-0.0950 -0.8073 -0.4743
-0.0808 -0.7452 -0.7424
-0.0594 -0.7965 -0.5879
-0.0637 -0.8253 -0.5401
-0.0280 -0.8066 -0.6205
-0.0280 -0.8066 -0.6205
-0.0079 -0.7793 -0.6019
0.0034 -0.7998 -0.5915
-0.0284 -0.8455 -0.5039
-0.0659 -0.8246 -0.6154
-0.0527 -0.8421 -0.6248
-0.0527 -0.8421 -0.6248
-0.0587 -0.8736 -0.5367
-0.0665 -0.8559 -0.5361
-0.0545 -0.8619 -0.5808
-0.0511 -0.8529 -0.5973
-0.0289 -0.8503 -0.6412
-0.0289 -0.8503 -0.6412
-0.0410 -0.8507 -0.6423
-0.0144 -0.8351 -0.6083
-0.0081 -0.8091 -0.6377
-0.0081 -0.8091 -0.6377
0.0183 -0.8047 -0.6069
0.0365 -0.8044 -0.5803
0.0410 -0.8122 -0.5422
0.0417 -0.8070 -0.5452
0.0322 -0.7925 -0.5586
0.0322 -0.7925 -0.5586
0.0273 -0.7816 -0.5471
0.0249 -0.7605 -0.5599
0.0450 -0.7613 -0.5649
0.0547 -0.7283 -0.5835
0.0373 -0.7049 -0.5719
0.0373 -0.7049 -0.5719
0.0279 -0.7100 -0.5560
0.0232 -0.7361 -0.5444
0.0227 -0.7382 -0.5764
0.0032 -0.7360 -0.5641
-0.0150 -0.7518 -0.5467
-0.0150 -0.7518 -0.5467
-0.0096 -0.7864 -0.5668
-0.0184 -0.7817 -0.5388
-0.0154 -0.7829 -0.5392
0.0022 -0.7928 -0.5550
0.0089 -0.7960 -0.5667
0.0089 -0.7960 -0.5667
-0.0010 -0.7828 -0.5552
-0.0071 -0.7820 -0.5570
0.0083 -0.8004 -0.5687
0.0154 -0.7997 -0.5945
0.0154 -0.7997 -0.5945
0.0104 -0.7840 -0.5861
0.0049 -0.7794 -0.5741
0.0101 -0.8146 -0.5776
0.0065 -0.8050 -0.5776
0.0145 -0.8000 -0.5816
0.0145 -0.8000 -0.5816
0.0156 -0.8038 -0.5829
0.0172 -0.7959 -0.5729
0.0154 -0.8081 -0.5759
0.0203 -0.8130 -0.5749
0.0199 -0.8053 -0.5587
0.0199 -0.8053 -0.5587
0.0153 -0.8040 -0.5551
0.0175 -0.8202 -0.5584
0.0153 -0.8099 -0.5604
0.0202 -0.8015 -0.5705
0.0202 -0.8015 -0.5705
0.0141 -0.7937 -0.5550
0.0098 -0.7970 -0.5606
0.0146 -0.8069 -0.5608
0.0085 -0.7992 -0.5574
0.0083 -0.8072 -0.5527
0.0083 -0.8072 -0.5527
0.0052 -0.8086 -0.5562
0.0072 -0.8081 -0.5568
0.0068 -0.8011 -0.5729
0.0030 -0.7974 -0.5720
0.0030 -0.7974 -0.5720
-0.0022 -0.8069 -0.5597
-0.0002 -0.8181 -0.5587
0.0047 -0.8140 -0.5717
0.0060 -0.8083 -0.5734
0.0094 -0.8060 -0.5665
0.0094 -0.8060 -0.5665
0.0137 -0.8077 -0.5744
0.0102 -0.8058 -0.5854
0.0121 -0.8078 -0.5861
0.0102 -0.8031 -0.5691
0.0089 -0.8134 -0.5470
0.0089 -0.8134 -0.5470
0.0085 -0.8089 -0.5442
0.0047 -0.8038 -0.5518
0.0106 -0.8075 -0.5679
0.0152 -0.7961 -0.5684
0.0167 -0.7912 -0.5666
0.0167 -0.7912 -0.5666
0.0163 -0.8044 -0.5484
0.0149 -0.7983 -0.5513
0.0124 -0.7953 -0.5572
0.0150 -0.7946 -0.5634
0.0229 -0.7972 -0.5561
0.0229 -0.7972 -0.5561
0.0184 -0.7967 -0.5583
0.0145 -0.7871 -0.5441
0.0083 -0.7956 -0.5421
0.0172 -0.8002 -0.5670
0.0172 -0.8002 -0.5670
0.0216 -0.8098 -0.5768
0.0159 -0.8112 -0.5738
0.0090 -0.8145 -0.5756
0.0194 -0.8196 -0.5852
0.0228 -0.8133 -0.6064
0.0228 -0.8133 -0.6064
0.0194 -0.8086 -0.6249
0.0262 -0.8117 -0.6098
0.0235 -0.8156 -0.6087
0.0246 -0.8148 -0.6051
0.0233 -0.7998 -0.6110
0.0233 -0.7998 -0.6110
0.0194 -0.7986 -0.5866
0.0190 -0.7947 -0.5894
0.0163 -0.7882 -0.5809
0.0213 -0.7906 -0.5757
0.0131 -0.7854 -0.5526
0.0131 -0.7854 -0.5526
0.0064 -0.7983 -0.5547
0.0137 -0.8024 -0.5667
0.0166 -0.8019 -0.5808
0.0174 -0.8122 -0.5821
0.0170 -0.8153 -0.5843
0.0170 -0.8153 -0.5843
0.0122 -0.8144 -0.5783
0.0114 -0.8154 -0.5756
0.0062 -0.8227 -0.5746
0.0114 -0.8224 -0.5760
0.0114 -0.8224 -0.5760
0.0123 -0.8215 -0.5696
0.0097 -0.8173 -0.5588
0.0121 -0.8166 -0.5533
0.0107 -0.8230 -0.5554
0.0136 -0.8204 -0.5455
0.0136 -0.8204 -0.5455
0.0148 -0.8244 -0.5389
0.0140 -0.8255 -0.5572
0.0087 -0.8272 -0.5441
0.0058 -0.8234 -0.5461
0.0130 -0.8227 -0.5393
0.0130 -0.8227 -0.5393
0.0159 -0.8255 -0.5430
0.0083 -0.8195 -0.5401
0.0076 -0.8131 -0.5454
0.0106 -0.8220 -0.5438
0.0124 -0.8232 -0.5406
0.0124 -0.8232 -0.5406
0.0063 -0.8248 -0.5366
0.0082 -0.8221 -0.5397
0.0161 -0.8255 -0.5507
0.0149 -0.8266 -0.5530
0.0149 -0.8266 -0.5530
0.0132 -0.8249 -0.5538
0.0159 -0.8240 -0.5529
0.0065 -0.8274 -0.5445
0.0084 -0.8236 -0.5418
0.0148 -0.8255 -0.5486
0.0148 -0.8255 -0.5486
0.0146 -0.8298 -0.5462
0.0094 -0.8268 -0.5419
0.0091 -0.8299 -0.5305
0.0166 -0.8298 -0.5380
0.0188 -0.8253 -0.5419
0.0188 -0.8253 -0.5419
0.0174 -0.8209 -0.5441
0.0112 -0.8287 -0.5352
0.0126 -0.8232 -0.5276
0.0120 -0.8251 -0.5338
0.0100 -0.8216 -0.5502
0.0100 -0.8216 -0.5502
0.0216 -0.8264 -0.5428
0.0190 -0.8253 -0.5448
0.0135 -0.8274 -0.5378
0.0131 -0.8296 -0.5303
0.0115 -0.8230 -0.5242
0.0115 -0.8230 -0.5242
0.0108 -0.8291 -0.5329
0.0146 -0.8352 -0.5408
0.0245 -0.8303 -0.5366
0.0266 -0.8299 -0.5374
0.0266 -0.8299 -0.5374
0.0130 -0.8309 -0.5280
0.0090 -0.8325 -0.5315
0.0131 -0.8289 -0.5394
0.0095 -0.8293 -0.5398
0.0187 -0.8304 -0.5401
0.0187 -0.8304 -0.5401
0.0268 -0.8355 -0.5348
0.0157 -0.8277 -0.5298
0.0074 -0.8250 -0.5317
0.0111 -0.8344 -0.5329
0.0179 -0.8307 -0.5319
0.0179 -0.8307 -0.5319
0.0105 -0.8338 -0.5363
0.0097 -0.8260 -0.5446
0.0119 -0.8323 -0.5299
0.0088 -0.8336 -0.5303
0.0132 -0.8359 -0.5318
0.0132 -0.8359 -0.5318
0.0125 -0.8311 -0.5312
0.0076 -0.8277 -0.5342
0.0146 -0.8309 -0.5396
0.0171 -0.8344 -0.5366
0.0107 -0.8304 -0.5299
0.0107 -0.8304 -0.5299
0.0166 -0.8331 -0.5362
0.0186 -0.8324 -0.5288
0.0119 -0.8247 -0.5303
0.0068 -0.8297 -0.5416
0.0068 -0.8297 -0.5416
0.0077 -0.8363 -0.5354
0.0143 -0.8300 -0.5257
0.0138 -0.8309 -0.5354
0.0057 -0.8315 -0.5431
0.0100 -0.8336 -0.5340
0.0100 -0.8336 -0.5340
0.0180 -0.8258 -0.5313
0.0108 -0.8346 -0.5410
0.0015 -0.8261 -0.5346
0.0120 -0.8312 -0.5288
0.0191 -0.8286 -0.5246
0.0191 -0.8286 -0.5246
0.0099 -0.8237 -0.5242
0.0156 -0.8298 -0.5201
0.0086 -0.8284 -0.5232
0.0143 -0.8315 -0.5390
0.0121 -0.8300 -0.5342
0.0121 -0.8300 -0.5342
0.0038 -0.8403 -0.5306
0.0114 -0.8401 -0.5313

