0.0156 -0.8206 -0.5402
0.0114 -0.8330 -0.5542
0.0210 -0.8324 -0.5497
0.0210 -0.8324 -0.5497
0.0140 -0.8309 -0.5462
0.0051 -0.8308 -0.5317
0.0073 -0.8454 -0.5276
0.0106 -0.8320 -0.5206
0.0106 -0.8320 -0.5206
0.0152 -0.8258 -0.5213
0.0136 -0.8321 -0.5292
0.0123 -0.8306 -0.5313
0.0127 -0.8304 -0.5323
0.0127 -0.8311 -0.5329
0.0127 -0.8311 -0.5329
0.0152 -0.8310 -0.5373
0.0072 -0.8249 -0.5294
0.0066 -0.8347 -0.5365
0.0222 -0.8394 -0.5403
0.0228 -0.8314 -0.5388
0.0228 -0.8314 -0.5388
0.0104 -0.8290 -0.5353
0.0146 -0.8332 -0.5329
0.0224 -0.8350 -0.5346
0.0133 -0.8291 -0.5351
0.0065 -0.8274 -0.5334
0.0065 -0.8274 -0.5334
0.0111 -0.8295 -0.5239
0.0138 -0.8266 -0.5244
0.0109 -0.8251 -0.5313
0.0099 -0.8325 -0.5128
0.0099 -0.8325 -0.5128
0.0002 -0.8291 -0.5147
0.0154 -0.8389 -0.5463
0.0118 -0.8287 -0.5578
0.0116 -0.8314 -0.5466
0.0222 -0.8388 -0.5305
0.0222 -0.8388 -0.5305
0.0162 -0.8334 -0.5347
0.0121 -0.8327 -0.5485
0.0031 -0.8331 -0.5381
0.0118 -0.8399 -0.5244
0.0199 -0.8320 -0.5319
0.0199 -0.8320 -0.5319
0.0128 -0.8238 -0.5378
0.0037 -0.8189 -0.5274
0.0060 -0.8353 -0.5284
0.0170 -0.8319 -0.5287
0.0183 -0.8252 -0.5321
0.0183 -0.8252 -0.5321
0.0153 -0.8194 -0.5251
0.0128 -0.8281 -0.5099
0.0208 -0.8340 -0.5230
0.0218 -0.8277 -0.5460
0.0164 -0.8322 -0.5448
0.0164 -0.8322 -0.5448
0.0155 -0.8351 -0.5382
0.0092 -0.8334 -0.5340
0.0123 -0.8322 -0.5491
0.0170 -0.8311 -0.5447
0.0170 -0.8311 -0.5447
0.0188 -0.8327 -0.5411
0.0157 -0.8319 -0.5333
0.0126 -0.8307 -0.5382
0.0156 -0.8305 -0.5438
0.0077 -0.8360 -0.5316
0.0077 -0.8360 -0.5316
0.0078 -0.8347 -0.5166
0.0116 -0.8336 -0.5228
0.0141 -0.8389 -0.5350
0.0250 -0.8379 -0.5423
0.0207 -0.8306 -0.5408
0.0207 -0.8306 -0.5408
0.0053 -0.8276 -0.5437
0.0120 -0.8259 -0.5416
0.0191 -0.8317 -0.5305
0.0192 -0.8245 -0.5257
0.0173 -0.8293 -0.5374
0.0173 -0.8293 -0.5374
0.0142 -0.8406 -0.5307
0.0142 -0.8405 -0.5246
0.0117 -0.8307 -0.5270
0.0127 -0.8319 -0.5308
0.0157 -0.8396 -0.5355
0.0157 -0.8396 -0.5355
0.0153 -0.8288 -0.5336
0.0117 -0.8244 -0.5238
0.0078 -0.8303 -0.5277
0.0091 -0.8307 -0.5190
0.0091 -0.8307 -0.5190
0.0248 -0.8353 -0.5247
0.0273 -0.8336 -0.5337
0.0063 -0.8242 -0.4867
-0.0025 -0.8413 -0.5178
0.0042 -0.8449 -0.5286
0.0042 -0.8449 -0.5286
0.0144 -0.8342 -0.5502
0.0146 -0.8369 -0.5341
0.0037 -0.8368 -0.5107
0.0124 -0.8272 -0.5134
0.0081 -0.8345 -0.5313
0.0081 -0.8345 -0.5313
0.0145 -0.8349 -0.5354
0.0157 -0.8419 -0.5301
0.0155 -0.8362 -0.5329
0.0105 -0.8335 -0.5344
0.0021 -0.8311 -0.5264
0.0021 -0.8311 -0.5264
0.0036 -0.8339 -0.5220
0.0115 -0.8340 -0.5376
0.0148 -0.8263 -0.5436
0.0073 -0.8296 -0.5357
0.0044 -0.8371 -0.5211
0.0044 -0.8371 -0.5211
0.0037 -0.8415 -0.5181
0.0003 -0.8405 -0.5255
0.0085 -0.8372 -0.5312
0.0131 -0.8350 -0.5360
0.0131 -0.8350 -0.5360
0.0105 -0.8348 -0.5316
0.0108 -0.8332 -0.5327
0.0047 -0.8373 -0.5340
-0.0021 -0.8374 -0.5313
0.0037 -0.8324 -0.5255
0.0037 -0.8324 -0.5255
0.0028 -0.8317 -0.5218
0.0050 -0.8340 -0.5295
0.0048 -0.8346 -0.5309
0.0041 -0.8362 -0.5284
0.0058 -0.8365 -0.5318
0.0058 -0.8365 -0.5318
0.0087 -0.8314 -0.5313
0.0031 -0.8334 -0.5276
0.0000 -0.8342 -0.5236
0.0085 -0.8324 -0.5345
0.0100 -0.8336 -0.5364
0.0100 -0.8336 -0.5364
0.0056 -0.8414 -0.5316
0.0084 -0.8346 -0.5242
0.0091 -0.8324 -0.5281
0.0124 -0.8374 -0.5325
0.0124 -0.8374 -0.5325
0.0104 -0.8370 -0.5241
0.0066 -0.8320 -0.5262
0.0101 -0.8301 -0.5306
0.0088 -0.8330 -0.5268
0.0075 -0.8364 -0.5222
0.0075 -0.8364 -0.5222
0.0077 -0.8287 -0.5228
0.0097 -0.8349 -0.5288
0.0080 -0.8369 -0.5228
0.0115 -0.8436 -0.5223
0.0165 -0.8268 -0.5236
0.0165 -0.8268 -0.5236
0.0129 -0.8331 -0.5249
0.0093 -0.8438 -0.5246
0.0129 -0.8374 -0.5280
0.0186 -0.8336 -0.5354
0.0118 -0.8378 -0.5363
0.0118 -0.8378 -0.5363
0.0097 -0.8414 -0.5333
0.0094 -0.8363 -0.5180
0.0039 -0.8331 -0.5299
0.0039 -0.8293 -0.5323
0.0092 -0.8311 -0.5269
0.0092 -0.8311 -0.5269
0.0094 -0.8362 -0.5238
0.0087 -0.8384 -0.5249
0.0072 -0.8349 -0.5310
0.0008 -0.8363 -0.5224
0.0008 -0.8363 -0.5224
0.0002 -0.8437 -0.5175
0.0115 -0.8431 -0.5272
0.0177 -0.8394 -0.5365
0.0090 -0.8331 -0.5273
0.0042 -0.8380 -0.5212
0.0042 -0.8380 -0.5212
0.0028 -0.8416 -0.5257
0.0005 -0.8393 -0.5292
-0.0004 -0.8302 -0.5207
0.0045 -0.8338 -0.5170
0.0148 -0.8350 -0.5231
0.0148 -0.8350 -0.5231
0.0059 -0.8297 -0.5282
-0.0023 -0.8249 -0.5250
-0.0012 -0.8332 -0.5226
0.0054 -0.8395 -0.5214
0.0068 -0.8341 -0.5244
0.0068 -0.8341 -0.5244
0.0112 -0.8349 -0.5136
0.0081 -0.8385 -0.5152
0.0061 -0.8403 -0.5136
0.0083 -0.8307 -0.5209
0.0052 -0.8308 -0.5301
0.0052 -0.8308 -0.5301
0.0078 -0.8469 -0.5243
0.0075 -0.8323 -0.5293
0.0060 -0.8406 -0.5301
0.0091 -0.8375 -0.5381
0.0091 -0.8375 -0.5381
0.0095 -0.8354 -0.5357
0.0082 -0.8332 -0.5326
0.0073 -0.8441 -0.5319
0.0109 -0.8372 -0.5362
0.0104 -0.8314 -0.5426
0.0104 -0.8314 -0.5426
0.0063 -0.8331 -0.5298
0.0112 -0.8333 -0.5218
0.0178 -0.8286 -0.5235
0.0139 -0.8327 -0.5234
0.0040 -0.8310 -0.5155
0.0040 -0.8310 -0.5155
0.0081 -0.8352 -0.5107
0.0130 -0.8343 -0.5226
0.0111 -0.8318 -0.5288
0.0015 -0.8349 -0.5314
-0.0034 -0.8358 -0.5255
-0.0034 -0.8358 -0.5255
0.0045 -0.8413 -0.5355
0.0178 -0.8327 -0.5509
0.0035 -0.8258 -0.5428
0.0029 -0.8368 -0.5284
0.0116 -0.8354 -0.5279
0.0116 -0.8354 -0.5279
-0.0005 -0.8275 -0.5027
0.0083 -0.8360 -0.5242
-0.0023 -0.8357 -0.5232
0.0091 -0.8376 -0.5190
0.0091 -0.8376 -0.5190
0.0107 -0.8395 -0.5363
0.0097 -0.8250 -0.5319
0.0120 -0.8332 -0.5368
0.0011 -0.8318 -0.5276
0.0026 -0.8387 -0.5338
0.0026 -0.8387 -0.5338
0.0084 -0.8434 -0.5466
0.0064 -0.8333 -0.5367
0.0070 -0.8295 -0.5345
0.0098 -0.8327 -0.5272
0.0048 -0.8394 -0.5281
0.0048 -0.8394 -0.5281
0.0040 -0.8326 -0.5389
0.0083 -0.8252 -0.5356
0.0062 -0.8310 -0.5275
0.0064 -0.8313 -0.5279
0.0097 -0.8318 -0.5318
0.0097 -0.8318 -0.5318
0.0060 -0.8329 -0.5333
0.0092 -0.8290 -0.5207
0.0093 -0.8320 -0.5137
0.0020 -0.8359 -0.5187
0.0100 -0.8390 -0.5272
0.0100 -0.8390 -0.5272
0.0158 -0.8376 -0.5427
0.0112 -0.8354 -0.5361
0.0098 -0.8306 -0.5410
0.0109 -0.8338 -0.5329
0.0109 -0.8338 -0.5329
0.0132 -0.8377 -0.5423
0.0065 -0.8330 -0.5292
0.0064 -0.8332 -0.5316
0.0051 -0.8335 -0.5251
0.0080 -0.8270 -0.5319
0.0080 -0.8270 -0.5319
0.0105 -0.8301 -0.5274
0.0075 -0.8258 -0.5291
0.0014 -0.8365 -0.5165
0.0237 -0.8164 -0.4997
0.0292 -0.8124 -0.5118
0.0292 -0.8124 -0.5118
0.0194 -0.8617 -0.5540
0.0002 -0.8353 -0.5540
0.0108 -0.8395 -0.5360
0.0260 -0.8089 -0.4976
0.0204 -0.8300 -0.5390
0.0162 -0.8512 -0.5240
0.0193 -0.8524 -0.5148
0.0204 -0.8346 -0.5156
0.0191 -0.8331 -0.5191
0.0191 -0.8331 -0.5191
0.0099 -0.8347 -0.5055
0.0188 -0.8322 -0.5000
0.0297 -0.8241 -0.4974
0.0390 -0.8280 -0.4869
0.0477 -0.8240 -0.4697
0.0477 -0.8240 -0.4697
0.0660 -0.8280 -0.4649
0.0821 -0.8331 -0.4647
0.1099 -0.8316 -0.4720
0.1431 -0.8249 -0.4985
0.1583 -0.8080 -0.4997
0.1583 -0.8080 -0.4997
0.1581 -0.8136 -0.4781
0.1511 -0.8262 -0.4305
0.1503 -0.8183 -0.3889
0.1475 -0.8184 -0.3774
0.1321 -0.8255 -0.4016
0.1321 -0.8255 -0.4016
0.1185 -0.8490 -0.4467
0.1298 -0.8652 -0.4816
0.1617 -0.8556 -0.4866
0.1771 -0.8466 -0.5111
0.1869 -0.8423 -0.5171
0.1869 -0.8423 -0.5171
0.1769 -0.8097 -0.4919
0.1820 -0.7954 -0.4786
0.1649 -0.7915 -0.4864
0.1503 -0.7781 -0.4867
0.1503 -0.7781 -0.4867
0.1314 -0.7841 -0.4659
0.1218 -0.8026 -0.4738
0.1237 -0.7989 -0.4897
0.1276 -0.8014 -0.5005
0.1322 -0.8380 -0.5218
0.1322 -0.8380 -0.5218
0.1469 -0.8429 -0.5372
0.1379 -0.8468 -0.5248
0.1493 -0.8608 -0.5450
0.1628 -0.8485 -0.5570
0.1672 -0.8175 -0.5530
0.1672 -0.8175 -0.5530
0.1594 -0.7984 -0.5907
0.1254 -0.7522 -0.6504
0.0808 -0.6556 -0.6932
0.0233 -0.6960 -0.6490
-0.1196 -0.6232 -0.6626
-0.1196 -0.6232 -0.6626
-0.1058 -0.6367 -0.5718
-0.0732 -0.6706 -0.5884
-0.0942 -0.6716 -0.4966
-0.0797 -0.6971 -0.4830
-0.0554 -0.7617 -0.5045
-0.0554 -0.7617 -0.5045
-0.0830 -0.7227 -0.6019
-0.0960 -0.7031 -0.7560
-0.0768 -0.6984 -0.9033
-0.0886 -0.6398 -0.9206
-0.1229 -0.6153 -0.9192
-0.1514 -0.6653 -0.9137
-0.1788 -0.6797 -0.8870
-0.1994 -0.6638 -0.8786
-0.1976 -0.6278 -0.8578
-0.1976 -0.6278 -0.8578
-0.1824 -0.6094 -0.8068
-0.1459 -0.6367 -0.7542
-0.1253 -0.6727 -0.6990
-0.1028 -0.6772 -0.6715
-0.0734 -0.6599 -0.7162
-0.0734 -0.6599 -0.7162
-0.0701 -0.6661 -0.7344
-0.0665 -0.6681 -0.7880
-0.0672 -0.6424 -0.8444
-0.0543 -0.5810 -0.9081
-0.0483 -0.5577 -0.9209
-0.0483 -0.5577 -0.9209
-0.0472 -0.5653 -0.9214
-0.0502 -0.5803 -0.9073
-0.0587 -0.5906 -0.8970
-0.0510 -0.5959 -0.8851
-0.0372 -0.6053 -0.8953
-0.0372 -0.6053 -0.8953
-0.0162 -0.6236 -0.9102
-0.0012 -0.6392 -0.9487
0.0106 -0.6535 -0.9308
0.0367 -0.6627 -0.9132
0.0367 -0.6627 -0.9132
0.0468 -0.6719 -0.9653
0.0549 -0.6431 -1.0619
0.0683 -0.5417 -1.1128
0.0856 -0.4395 -1.0528
0.1047 -0.3998 -0.9151
0.1047 -0.3998 -0.9151
0.1598 -0.4633 -0.7969
0.2164 -0.5469 -0.7015
0.2430 -0.5857 -0.6826
0.2468 -0.5673 -0.7335
0.2471 -0.5119 -0.8157
0.2471 -0.5119 -0.8157
0.2465 -0.4553 -0.8336
0.2246 -0.4314 -0.8350
0.1926 -0.4642 -0.8653
0.1388 -0.4918 -0.8602
0.0687 -0.4762 -0.8305
0.0687 -0.4762 -0.8305
0.0271 -0.4827 -0.7908
-0.0024 -0.4859 -0.7323
-0.0288 -0.5134 -0.6730
-0.0440 -0.5391 -0.6365
-0.0440 -0.5391 -0.6365
-0.0498 -0.5490 -0.6259
-0.0396 -0.5674 -0.6711
-0.0300 -0.5689 -0.7229
-0.0310 -0.5652 -0.7886
-0.0201 -0.5564 -0.7568
-0.0201 -0.5564 -0.7568
-0.0371 -0.5058 -0.7007
-0.0493 -0.5477 -0.6906
-0.0464 -0.6387 -0.7731
-0.0649 -0.6731 -0.8626
-0.1163 -0.7068 -0.9095
-0.1163 -0.7068 -0.9095
-0.1857 -0.7136 -0.9313
-0.2372 -0.7738 -1.0323
-0.2913 -0.8092 -1.1048
-0.3715 -0.7128 -1.2055
-0.4859 -0.5547 -1.2786
-0.4859 -0.5547 -1.2786
-0.4861 -0.4292 -1.0496
-0.4145 -0.3716 -0.8681
-0.3392 -0.4235 -0.6818
-0.2867 -0.4666 -0.5874
-0.2357 -0.4991 -0.5620
-0.2357 -0.4991 -0.5620
-0.1985 -0.4524 -0.5499
-0.1449 -0.3583 -0.5667
-0.0700 -0.2973 -0.5922
0.0236 -0.2833 -0.5649
0.0236 -0.2833 -0.5649
0.0938 -0.3775 -0.6130
0.1437 -0.4978 -0.6201
0.1558 -0.5792 -0.5975
0.1274 -0.7018 -0.5981
0.0878 -0.8007 -0.6143
0.0878 -0.8007 -0.6143
0.0364 -0.8425 -0.6328
-0.0076 -0.8629 -0.7025
-0.0268 -0.8623 -0.7983
-0.0364 -0.8273 -0.8346
-0.0342 -0.8066 -0.8560
-0.0342 -0.8066 -0.8560
-0.0040 -0.8308 -0.8541
0.0210 -0.8533 -0.8162
0.0313 -0.8631 -0.8129
0.0324 -0.8470 -0.7909
0.0640 -0.8388 -0.7700
0.0640 -0.8388 -0.7700
0.1013 -0.8192 -0.7773
0.1134 -0.8036 -0.7934
0.1272 -0.7682 -0.8080
0.1324 -0.7165 -0.8340
0.1209 -0.6455 -0.8645
0.1209 -0.6455 -0.8645
0.1231 -0.5706 -0.8326
0.1515 -0.4902 -0.7033
0.2133 -0.4868 -0.5804
0.2735 -0.5576 -0.5235
0.2735 -0.5576 -0.5235
0.3072 -0.6317 -0.5600
0.2536 -0.6516 -0.6592
0.1224 -0.6321 -0.7757
0.0094 -0.5820 -0.9329
-0.0964 -0.5342 -1.0322
-0.0964 -0.5342 -1.0322
-0.1918 -0.4929 -0.9342
-0.2431 -0.4664 -0.7744
-0.2342 -0.5912 -0.6786
-0.2204 -0.6874 -0.6043
-0.2097 -0.7050 -0.5446
-0.2097 -0.7050 -0.5446
-0.2041 -0.7136 -0.5017
-0.2108 -0.7125 -0.5241
-0.2176 -0.7184 -0.5283
-0.2177 -0.6946 -0.5862
-0.1951 -0.6830 -0.6309
-0.1951 -0.6830 -0.6309
-0.1594 -0.6596 -0.6411
-0.1205 -0.6654 -0.6493
-0.0924 -0.6850 -0.6436
-0.0882 -0.7120 -0.6690
-0.1037 -0.7375 -0.7620
-0.1037 -0.7375 -0.7620
-0.1178 -0.7445 -0.8336
-0.1478 -0.7554 -0.9012
-0.1822 -0.7980 -0.9982
-0.2194 -0.7915 -1.0566
-0.2194 -0.7915 -1.0566
-0.2818 -0.7288 -1.1505
-0.3663 -0.6373 -1.2113
-0.4105 -0.5333 -1.0525
-0.3952 -0.4806 -0.8036
-0.3165 -0.5772 -0.5951
-0.3165 -0.5772 -0.5951
-0.2643 -0.6902 -0.4933
-0.2418 -0.7402 -0.4969
-0.2358 -0.6803 -0.5380
-0.2116 -0.5206 -0.5478
-0.1195 -0.4054 -0.5502
-0.1195 -0.4054 -0.5502
0.0010 -0.4069 -0.5117
0.1072 -0.5094 -0.5199
0.1677 -0.6179 -0.4830
0.1869 -0.6725 -0.4429
0.1889 -0.7125 -0.4392
0.1889 -0.7125 -0.4392
0.1829 -0.7581 -0.4955
0.1575 -0.7843 -0.5382
0.1360 -0.7939 -0.5849
0.1277 -0.8217 -0.6721
0.1304 -0.8117 -0.7116
0.1304 -0.8117 -0.7116
0.1453 -0.7859 -0.7453
0.1814 -0.7879 -0.7562
0.2144 -0.8091 -0.7739
0.2227 -0.8446 -0.7783
0.2227 -0.8446 -0.7783
0.2304 -0.8886 -0.8035
0.2362 -0.9076 -0.8476
0.2366 -0.8959 -0.9055
0.2339 -0.8662 -0.8828
0.2128 -0.8103 -0.8801
0.2128 -0.8103 -0.8801
0.2129 -0.7376 -0.9092
0.2457 -0.6188 -0.8712
0.2848 -0.5180 -0.7872
0.3439 -0.5159 -0.6436
0.4139 -0.5903 -0.5583
0.4139 -0.5903 -0.5583
0.4585 -0.6924 -0.5481
0.4421 -0.7130 -0.6327
0.3782 -0.6856 -0.7800
0.3092 -0.6229 -0.9086
0.2294 -0.5163 -1.0255
0.2294 -0.5163 -1.0255
0.1301 -0.4361 -1.0147
0.0404 -0.3727 -0.9345
-0.0006 -0.3904 -0.8228
-0.0025 -0.4376 -0.6988
-0.0025 -0.4376 -0.6988
-0.0150 -0.4580 -0.5964
-0.0372 -0.5096 -0.5223
-0.0545 -0.5455 -0.4662
-0.0659 -0.5774 -0.4687
-0.0723 -0.6126 -0.5000
-0.0723 -0.6126 -0.5000
-0.0806 -0.6263 -0.5491
-0.1048 -0.6409 -0.6052
-0.1231 -0.6532 -0.6385
-0.1326 -0.7002 -0.6971
-0.1534 -0.7541 -0.7660
-0.1534 -0.7541 -0.7660
-0.1872 -0.8006 -0.8875
-0.2524 -0.8388 -0.9599
-0.2839 -0.8676 -1.0066
-0.2949 -0.9034 -1.0995
-0.3390 -0.8463 -1.1087
-0.3390 -0.8463 -1.1087
-0.3671 -0.7072 -1.0618
-0.3430 -0.5813 -0.9050
-0.2924 -0.5403 -0.7187
-0.1951 -0.5897 -0.5859
-0.1089 -0.6639 -0.4648
-0.1089 -0.6639 -0.4648
-0.0753 -0.7247 -0.4529
-0.0912 -0.7521 -0.5290
-0.1292 -0.6544 -0.5880
-0.1269 -0.5088 -0.6138
-0.1269 -0.5088 -0.6138
-0.0667 -0.4316 -0.5834
0.0178 -0.4550 -0.5301
0.0816 -0.5379 -0.4934
0.1129 -0.6147 -0.4687
0.1346 -0.6733 -0.4487
0.1346 -0.6733 -0.4487
0.1393 -0.7229 -0.4915
0.1235 -0.7682 -0.5488
0.1035 -0.7970 -0.6455
0.0994 -0.8017 -0.7265
0.1005 -0.7883 -0.7929
0.1005 -0.7883 -0.7929
0.1120 -0.7657 -0.8421
0.1300 -0.7458 -0.8742
0.1496 -0.7475 -0.8959
0.1717 -0.7803 -0.8969
0.1772 -0.8286 -0.8750
0.1772 -0.8286 -0.8750
0.1707 -0.9030 -0.8910
0.1600 -0.9459 -0.9609
0.1198 -0.9148 -1.0341
0.0466 -0.8125 -1.0858
-0.0203 -0.6870 -1.0180
-0.0203 -0.6870 -1.0180
-0.0625 -0.5686 -0.8619
-0.0650 -0.5455 -0.7180
0.0038 -0.5687 -0.5669
0.1143 -0.6016 -0.4180
0.1143 -0.6016 -0.4180
0.2853 -0.7297 -0.3416
0.4255 -0.8161 -0.3688
0.4481 -0.8199 -0.4698
0.3972 -0.8051 -0.5885
0.3071 -0.7338 -0.6182
0.3071 -0.7338 -0.6182
0.2622 -0.6161 -0.7642
0.2591 -0.5643 -0.8481
0.2672 -0.5288 -0.8524
0.2757 -0.5424 -0.8367
0.2690 -0.5656 -0.7876
0.2690 -0.5656 -0.7876
0.2537 -0.5907 -0.7415
0.2274 -0.5915 -0.6879
0.1972 -0.6033 -0.6590
0.1734 -0.6152 -0.6433
0.1514 -0.6288 -0.6390
0.1514 -0.6288 -0.6390
0.1252 -0.6381 -0.6542
0.0964 -0.6375 -0.6709
0.0662 -0.6402 -0.6980
0.0249 -0.6868 -0.7598
0.0249 -0.6868 -0.7598
-0.0112 -0.7303 -0.8214
-0.0506 -0.7807 -0.8865
-0.0724 -0.8751 -0.9015
-0.0823 -0.8933 -0.9389
-0.1342 -0.8654 -1.0629
-0.1342 -0.8654 -1.0629
-0.2165 -0.6964 -1.0374
-0.2557 -0.4676 -0.8414
-0.2149 -0.3497 -0.5846
-0.1037 -0.4040 -0.4108
0.0380 -0.5808 -0.2738
0.0380 -0.5808 -0.2738
0.1611 -0.8155 -0.1567
0.1608 -0.9726 -0.1729
0.0829 -0.9960 -0.3653
0.0576 -0.9784 -0.7356
0.0602 -0.8944 -0.5159
0.0602 -0.8944 -0.5159
-0.0784 -0.6192 -0.7185
-0.0222 -0.5605 -0.7462
0.0770 -0.7313 -0.7341
0.1320 -0.8395 -0.7037
0.1306 -0.8616 -0.6162
0.1306 -0.8616 -0.6162
0.1147 -0.8568 -0.5357
0.1113 -0.8280 -0.5564
0.1176 -0.7636 -0.6028
0.1162 -0.7019 -0.6436
0.1162 -0.7019 -0.6436
0.1202 -0.6916 -0.6950
0.1088 -0.6986 -0.7121
0.0953 -0.7321 -0.6745
0.0986 -0.7871 -0.6843
0.0730 -0.8425 -0.7740
0.0730 -0.8425 -0.7740
0.0335 -0.8134 -0.7993
0.0140 -0.7334 -0.8046
-0.0052 -0.6783 -0.8458
-0.0287 -0.6023 -0.7955
-0.0429 -0.5447 -0.7458
-0.0429 -0.5447 -0.7458
-0.0424 -0.5455 -0.7113
-0.0464 -0.5612 -0.7131
-0.0887 -0.5145 -0.6226
-0.1536 -0.4932 -0.5164
-0.1104 -0.5806 -0.5110
-0.1104 -0.5806 -0.5110
-0.0202 -0.5901 -0.5000
0.0376 -0.5231 -0.5079
0.0702 -0.6057 -0.5897
0.1013 -0.6352 -0.6907
0.1323 -0.6134 -0.7605
0.1323 -0.6134 -0.7605
0.1387 -0.5940 -0.7721
0.1142 -0.6175 -0.8629
0.1107 -0.6166 -0.9664
0.0863 -0.6646 -1.0411
0.0863 -0.6646 -1.0411
0.1047 -0.6459 -1.0389
0.1568 -0.5907 -1.0245
0.2034 -0.6014 -0.9348
0.2459 -0.5986 -0.8935
0.2678 -0.6178 -0.8545
0.2678 -0.6178 -0.8545
0.2921 -0.6069 -0.8006
0.3289 -0.5917 -0.6853
0.3385 -0.6108 -0.6963
0.3093 -0.6184 -0.6490
0.2483 -0.5973 -0.6514
0.2483 -0.5973 -0.6514
0.2084 -0.6324 -0.7071
0.1366 -0.6396 -0.7602
0.0781 -0.6508 -0.8195
0.0308 -0.6600 -0.8686
0.0067 -0.6523 -0.8308
0.0067 -0.6523 -0.8308
0.0277 -0.6560 -0.7455
0.0698 -0.6685 -0.6780
0.1170 -0.6699 -0.6256
0.1542 -0.6586 -0.5870
0.1853 -0.6494 -0.5583
0.1853 -0.6494 -0.5583
0.2149 -0.6271 -0.5163
0.2625 -0.6289 -0.5051
0.3194 -0.6408 -0.5089
0.3589 -0.6834 -0.5528
0.3589 -0.6834 -0.5528
0.3261 -0.6527 -0.6829
0.1803 -0.6400 -0.9012
-0.0131 -0.6247 -1.0354
-0.1544 -0.6036 -1.0529
-0.1726 -0.6897 -1.0663
-0.1726 -0.6897 -1.0663
-0.2078 -0.7528 -1.0732
-0.3159 -0.7054 -1.0227
-0.4348 -0.6578 -0.9968
-0.4332 -0.6059 -0.9056
-0.3275 -0.6276 -0.7845
-0.3275 -0.6276 -0.7845
-0.2156 -0.6905 -0.7175
-0.1544 -0.7107 -0.6844
-0.1399 -0.7091 -0.6444
-0.1499 -0.6914 -0.5972
-0.1447 -0.7180 -0.5581
-0.1447 -0.7180 -0.5581
-0.1310 -0.7498 -0.5055
-0.1241 -0.7887 -0.4899
-0.1393 -0.8083 -0.4901
-0.1590 -0.8041 -0.5044
-0.1673 -0.7869 -0.5654
-0.1673 -0.7869 -0.5654
-0.1551 -0.7776 -0.6719
-0.1206 -0.7564 -0.6932
-0.1053 -0.7623 -0.7061
-0.1139 -0.7734 -0.7143
-0.1139 -0.7734 -0.7143
-0.1288 -0.7674 -0.6864
-0.1213 -0.7523 -0.6429
-0.0716 -0.7539 -0.5999
-0.0081 -0.7514 -0.5623
0.0526 -0.7365 -0.4971
0.0526 -0.7365 -0.4971
0.1168 -0.7412 -0.4753
0.1623 -0.7670 -0.4672
0.1754 -0.7940 -0.5036
0.1714 -0.7998 -0.5598
0.1395 -0.7930 -0.6669
0.1395 -0.7930 -0.6669
0.0652 -0.8259 -0.8610
-0.0286 -0.8382 -0.9376
-0.0960 -0.8423 -0.9862
-0.0951 -0.8876 -0.9439
-0.0240 -0.9484 -0.9208
-0.0240 -0.9484 -0.9208
0.0281 -0.9772 -1.0204
-0.0186 -0.9093 -1.1123
-0.0980 -0.7267 -1.1189
-0.1075 -0.5438 -1.0831
-0.1075 -0.5438 -1.0831
-0.0103 -0.4375 -0.9911
0.0977 -0.3876 -0.8515
0.1844 -0.3845 -0.7157
0.2165 -0.4209 -0.5856
0.1700 -0.4466 -0.5093
0.1700 -0.4466 -0.5093
0.0832 -0.4819 -0.5354
-0.0150 -0.5050 -0.5843
-0.0842 -0.4963 -0.6312
-0.1199 -0.5211 -0.7321
-0.1554 -0.5229 -0.7171
-0.1554 -0.5229 -0.7171
-0.1741 -0.5540 -0.7168
-0.1822 -0.6058 -0.6570
-0.1921 -0.6456 -0.5726
-0.2020 -0.6934 -0.5395
-0.2005 -0.7354 -0.5295
-0.2005 -0.7354 -0.5295
-0.1872 -0.7588 -0.5261
-0.1827 -0.7846 -0.5708
-0.1823 -0.7861 -0.5898
-0.1728 -0.7766 -0.6280
-0.1503 -0.7623 -0.6572
-0.1503 -0.7623 -0.6572
-0.1214 -0.7554 -0.6723
-0.1007 -0.7794 -0.6921
-0.0977 -0.7836 -0.7026
-0.1046 -0.7714 -0.7522
-0.1046 -0.7714 -0.7522
-0.1178 -0.7482 -0.7921
-0.1217 -0.7366 -0.8006
-0.1307 -0.7162 -0.8689
-0.1730 -0.7073 -0.9833
-0.2657 -0.6160 -1.1166
-0.2657 -0.6160 -1.1166
-0.3343 -0.5227 -1.2020
-0.3468 -0.4556 -1.1237
-0.2852 -0.4684 -0.9796
-0.2002 -0.5507 -0.8662
-0.2260 -0.5743 -0.7724
-0.2260 -0.5743 -0.7724
-0.2932 -0.5788 -0.7201
-0.3175 -0.5145 -0.6102
-0.2413 -0.4151 -0.5246
-0.0922 -0.4180 -0.4964
0.0256 -0.4783 -0.4801
0.0256 -0.4783 -0.4801
0.1023 -0.5374 -0.4559
0.1453 -0.5867 -0.4608
0.1598 -0.6229 -0.4402
0.1626 -0.6689 -0.4933
0.1763 -0.7034 -0.5783
0.1763 -0.7034 -0.5783
0.1638 -0.7223 -0.6706
0.1396 -0.7430 -0.7722
0.1269 -0.7622 -0.8653
0.1179 -0.7542 -0.8942
0.1179 -0.7542 -0.8942
0.1208 -0.7618 -0.8973
0.1602 -0.7943 -0.9169
0.1900 -0.8141 -0.8850
0.1857 -0.8316 -0.8806
0.1785 -0.8746 -0.8767
0.1785 -0.8746 -0.8767
0.1619 -0.8791 -0.9478
0.1050 -0.8472 -1.0341
0.0341 -0.7425 -1.1040
-0.0213 -0.6101 -1.0678
0.0186 -0.4996 -0.8765
0.0186 -0.4996 -0.8765
0.1700 -0.5305 -0.7134
0.2872 -0.6054 -0.5859
0.3399 -0.6648 -0.5405
0.2861 -0.6794 -0.6597
0.1173 -0.6237 -0.8186
0.1173 -0.6237 -0.8186
-0.0284 -0.5415 -0.9739
-0.1215 -0.4426 -0.9395
-0.1265 -0.4159 -0.8571
-0.1110 -0.4884 -0.7712
-0.1421 -0.5125 -0.6508
-0.1421 -0.5125 -0.6508
-0.1930 -0.5277 -0.5803
-0.2170 -0.5466 -0.5148
-0.2149 -0.5565 -0.4720
-0.1911 -0.5943 -0.4680
-0.1911 -0.5943 -0.4680
-0.1745 -0.6217 -0.4807
-0.1572 -0.6268 -0.5219
-0.1558 -0.6371 -0.5815
-0.1518 -0.6248 -0.6252
-0.1488 -0.6320 -0.6505
-0.1488 -0.6320 -0.6505
-0.1434 -0.6518 -0.6936
-0.1496 -0.6599 -0.7452
-0.1945 -0.6901 -0.8258
-0.2337 -0.7129 -0.8394
-0.2744 -0.7171 -0.9499
-0.2744 -0.7171 -0.9499
-0.3306 -0.7046 -1.1093
-0.4241 -0.6172 -1.2786
-0.4818 -0.5305 -1.2475
-0.4538 -0.4895 -1.0482
-0.3402 -0.5693 -0.8814
-0.3402 -0.5693 -0.8814
-0.2603 -0.6353 -0.7676
-0.2779 -0.6622 -0.7276
-0.3153 -0.6406 -0.7455
-0.2924 -0.5079 -0.6680
-0.1793 -0.4130 -0.6661
-0.1793 -0.4130 -0.6661
-0.0045 -0.4191 -0.6231
0.1301 -0.4500 -0.5864
0.2067 -0.4927 -0.5334
0.2499 -0.5030 -0.4578
0.2499 -0.5030 -0.4578
0.2896 -0.5223 -0.4244
0.3147 -0.5685 -0.4828
0.2839 -0.5894 -0.5530
0.2723 -0.5704 -0.6918
0.2956 -0.5830 -0.8548
0.2956 -0.5830 -0.8548
0.2966 -0.5841 -0.9724
0.2824 -0.5802 -0.9842
0.2824 -0.5881 -0.9719
0.2775 -0.6550 -0.9655
0.2396 -0.7025 -0.9389
0.2396 -0.7025 -0.9389
0.1861 -0.7254 -0.9558
0.1555 -0.7395 -0.9861
0.1528 -0.6903 -1.0536
0.1646 -0.6376 -1.0919
0.1402 -0.5497 -1.1495
0.1402 -0.5497 -1.1495
0.0565 -0.4432 -1.2141
-0.0075 -0.3574 -1.1436
0.0119 -0.3359 -0.9356
0.0762 -0.4161 -0.7494
0.0762 -0.4161 -0.7494
0.1033 -0.5055 -0.6784
0.0752 -0.5601 -0.7849
-0.0049 -0.5526 -0.8953
-0.0919 -0.4884 -1.0265
-0.1796 -0.4436 -1.1059
-0.1796 -0.4436 -1.1059
-0.2320 -0.4100 -1.0505
-0.2517 -0.4175 -0.9551
-0.2672 -0.4981 -0.8848
-0.2975 -0.5284 -0.7690
-0.3271 -0.5274 -0.6409
-0.3271 -0.5274 -0.6409
-0.3308 -0.5423 -0.5508
-0.3051 -0.5693 -0.5222
-0.2713 -0.5815 -0.5285
-0.2484 -0.5773 -0.5423
-0.2323 -0.5556 -0.5914
-0.2323 -0.5556 -0.5914
-0.2018 -0.5507 -0.6364
-0.1717 -0.5474 -0.6799
-0.1537 -0.5417 -0.7031
-0.1477 -0.5491 -0.7451
-0.1569 -0.5599 -0.7842
-0.1569 -0.5599 -0.7842
-0.1548 -0.5970 -0.7632
-0.1645 -0.6161 -0.8891
-0.2628 -0.5749 -1.0448
-0.4022 -0.4138 -1.1165
-0.4022 -0.4138 -1.1165
-0.4404 -0.3305 -1.0183
-0.3272 -0.3902 -0.8759
-0.1905 -0.5499 -0.7825
-0.1404 -0.7140 -0.8511
-0.2351 -0.7260 -0.9526
-0.2351 -0.7260 -0.9526
-0.3239 -0.5373 -0.9396
-0.2654 -0.3494 -0.9511
-0.0280 -0.3137 -0.8564
0.1689 -0.3785 -0.8321
0.2749 -0.4845 -0.8108
0.2749 -0.4845 -0.8108
0.3214 -0.4853 -0.7134
0.3308 -0.5062 -0.6894
0.3326 -0.5646 -0.6987
0.3112 -0.5998 -0.7157
0.2799 -0.6188 -0.7753
0.2799 -0.6188 -0.7753
0.2519 -0.6151 -0.7899
0.2277 -0.6068 -0.8481
0.1501 -0.6107 -0.8784
0.0442 -0.6084 -0.8363
-0.0387 -0.6337 -0.7862
-0.0387 -0.6337 -0.7862
-0.0739 -0.6951 -0.7526
-0.0640 -0.7366 -0.7463
-0.0606 -0.7315 -0.6989
-0.0559 -0.7629 -0.6840
-0.0559 -0.7629 -0.6840
-0.0579 -0.7606 -0.6972
-0.0885 -0.7807 -0.6705
-0.0701 -0.8436 -0.7089
-0.0737 -0.8395 -0.8812
-0.1532 -0.7468 -0.9397
-0.1532 -0.7468 -0.9397
-0.2228 -0.6073 -0.8947
-0.1913 -0.5058 -0.8367
-0.0533 -0.4652 -0.8300
0.0870 -0.4209 -0.7444
0.1882 -0.4175 -0.6284
0.1882 -0.4175 -0.6284
0.2569 -0.4573 -0.5680
0.2945 -0.5166 -0.5905
0.2865 -0.5576 -0.6243
0.1706 -0.5432 -0.7635
0.1682 -0.6041 -0.9882
0.1682 -0.6041 -0.9882
-0.1146 -0.3633 -1.1058
-0.1264 -0.1013 -1.1894
-0.2070 -0.3294 -1.3040
-0.2511 -0.3190 -1.0919
-0.1765 -0.3281 -0.8502
-0.1765 -0.3281 -0.8502
-0.0563 -0.3709 -0.7762
0.0236 -0.4185 -0.8671
0.0009 -0.5284 -0.8575
-0.1111 -0.4642 -0.7800
-0.1111 -0.4642 -0.7800
-0.1550 -0.4888 -0.8564
-0.1751 -0.4803 -0.8879
-0.1565 -0.4857 -0.9052
-0.1559 -0.4802 -0.8990
-0.1132 -0.5146 -0.8802
-0.1132 -0.5146 -0.8802
-0.0907 -0.5262 -0.8737
-0.1619 -0.4704 -0.9955
-0.3064 -0.4336 -1.0313
-0.3626 -0.3718 -0.9338
-0.2660 -0.3828 -0.8221
-0.2660 -0.3828 -0.8221
-0.1323 -0.4658 -0.7239
-0.0385 -0.5353 -0.6735
-0.0271 -0.5856 -0.6727
-0.0987 -0.6219 -0.7400
-0.2420 -0.6077 -0.8407
-0.2420 -0.6077 -0.8407
-0.3084 -0.5535 -0.9341
-0.2423 -0.5023 -0.9419
-0.1235 -0.5061 -0.9662
-0.0899 -0.5275 -0.9091
-0.0899 -0.5275 -0.9091
-0.1089 -0.5457 -0.8243
-0.1662 -0.5670 -0.7916
-0.2150 -0.5677 -0.7936
-0.2415 -0.5504 -0.8187
-0.2483 -0.5246 -0.8601
-0.2483 -0.5246 -0.8601
-0.2564 -0.5163 -0.8639
-0.2609 -0.5142 -0.8488
-0.2633 -0.5191 -0.8490
-0.2714 -0.5089 -0.8406
-0.2607 -0.5047 -0.8464
-0.2607 -0.5047 -0.8464
-0.2546 -0.4900 -0.8346
-0.2254 -0.4945 -0.8289
-0.2006 -0.4964 -0.8246
-0.2076 -0.4839 -0.8439
-0.2147 -0.4749 -0.8569
-0.2147 -0.4749 -0.8569
-0.2129 -0.4624 -0.9040
-0.2163 -0.4691 -0.9725
-0.2296 -0.4240 -0.9273
-0.2004 -0.3624 -0.8876
-0.2004 -0.3624 -0.8876
-0.1308 -0.3460 -0.8622
-0.0330 -0.3338 -0.8378
0.0423 -0.3741 -0.7769
0.0604 -0.3332 -0.7410
0.1068 -0.3908 -0.7522
0.1068 -0.3908 -0.7522
0.1602 -0.4609 -0.8624
0.1790 -0.5301 -1.0183
0.1424 -0.6065 -0.9880
0.1125 -0.6514 -1.0737
0.0832 -0.7570 -1.1283
0.0832 -0.7570 -1.1283
0.0461 -0.7587 -1.1696
-0.0119 -0.7400 -1.1341
-0.0310 -0.7658 -1.0721
-0.0069 -0.7595 -0.9752
-0.0029 -0.7669 -0.9609
-0.0029 -0.7669 -0.9609
-0.0793 -0.6956 -0.8843
-0.1215 -0.6490 -0.8369
-0.1219 -0.6078 -0.7802
-0.0746 -0.5538 -0.6454
-0.0614 -0.5579 -0.5272
-0.0614 -0.5579 -0.5272
-0.0926 -0.5389 -0.3910
-0.1622 -0.5171 -0.4326
-0.1630 -0.5138 -0.4961
-0.1482 -0.5172 -0.4650
-0.1470 -0.5310 -0.4143
-0.1470 -0.5310 -0.4143
-0.1675 -0.5725 -0.4241
-0.1728 -0.6233 -0.5085
-0.1425 -0.6625 -0.5895
-0.1213 -0.6772 -0.6296
-0.1213 -0.6772 -0.6296
-0.1132 -0.7113 -0.6191
-0.1131 -0.7530 -0.5904
-0.0991 -0.7684 -0.5967
-0.0588 -0.7702 -0.6473
-0.0181 -0.7806 -0.7216
-0.0181 -0.7806 -0.7216
-0.0532 -0.7686 -0.7373
-0.0930 -0.7585 -0.6855
-0.0613 -0.7622 -0.6246
-0.0916 -0.7742 -0.5741
-0.0458 -0.8134 -0.5506
-0.0458 -0.8134 -0.5506
-0.0183 -0.7931 -0.5808
0.0227 -0.7985 -0.6025
0.0043 -0.8017 -0.6076
0.0045 -0.7855 -0.6081
0.0183 -0.7903 -0.5114
0.0183 -0.7903 -0.5114
0.0034 -0.7538 -0.5502
-0.0260 -0.7634 -0.5362
-0.0013 -0.7640 -0.5311
0.0132 -0.7539 -0.5223
0.0132 -0.7539 -0.5223
0.0234 -0.7525 -0.5688
0.0220 -0.7579 -0.6733
0.0003 -0.7732 -0.6109
-0.0069 -0.7814 -0.5951
-0.0189 -0.8077 -0.5913
-0.0189 -0.8077 -0.5913
-0.0320 -0.7993 -0.5900
-0.0293 -0.8029 -0.5624
-0.0202 -0.8179 -0.5544
-0.0206 -0.8125 -0.5689
-0.0093 -0.7968 -0.5645
-0.0093 -0.7968 -0.5645
0.0175 -0.7967 -0.5767
0.0157 -0.7859 -0.5968
0.0382 -0.7827 -0.5914
0.0220 -0.7955 -0.5698
0.0047 -0.8030 -0.5653
0.0047 -0.8030 -0.5653
0.0015 -0.7934 -0.5722
0.0084 -0.8052 -0.5721
0.0127 -0.8078 -0.5715
0.0078 -0.8007 -0.5640
0.0080 -0.8128 -0.5789
0.0080 -0.8128 -0.5789
0.0030 -0.8193 -0.5762
0.0022 -0.8118 -0.5598
0.0156 -0.8200 -0.5729
0.0240 -0.8238 -0.5780
0.0240 -0.8238 -0.5780
0.0252 -0.8138 -0.5866
0.0340 -0.8178 -0.5725
0.0245 -0.8161 -0.5710
0.0235 -0.8185 -0.5829
0.0370 -0.8127 -0.5942
0.0370 -0.8127 -0.5942
0.0381 -0.8031 -0.5651
0.0270 -0.8126 -0.5572
0.0255 -0.8096 -0.5618
0.0271 -0.8057 -0.5521
0.0280 -0.8199 -0.5514
0.0280 -0.8199 -0.5514
0.0258 -0.8104 -0.5407
0.0266 -0.8084 -0.5209
0.0393 -0.8192 -0.5154
0.0498 -0.8126 -0.5300
0.0427 -0.8025 -0.5230
0.0367 -0.8170 -0.5134
0.0343 -0.8361 -0.5136
0.0280 -0.8277 -0.5190
0.0164 -0.8335 -0.5312
0.0259 -0.8347 -0.5156
0.0259 -0.8347 -0.5156
0.0243 -0.8419 -0.5273
0.0197 -0.8272 -0.5179
0.0200 -0.8317 -0.5102
0.0332 -0.8396 -0.5118
0.0332 -0.8396 -0.5118
0.0293 -0.8305 -0.5098
0.0215 -0.8233 -0.5033
0.0230 -0.8265 -0.5018
0.0212 -0.8295 -0.5062
0.0194 -0.8295 -0.5125
0.0194 -0.8295 -0.5125
0.0200 -0.8318 -0.5106
0.0173 -0.8299 -0.5352
0.0115 -0.8318 -0.5413
0.0017 -0.8337 -0.5201
0.0034 -0.8435 -0.5155
0.0034 -0.8435 -0.5155
0.0134 -0.8430 -0.5264
0.0093 -0.8407 -0.5420
0.0181 -0.8455 -0.5363
0.0191 -0.8431 -0.5446
0.0123 -0.8380 -0.5416
0.0123 -0.8380 -0.5416
0.0097 -0.8304 -0.5296
0.0184 -0.8348 -0.5324
0.0165 -0.8345 -0.5354
0.0031 -0.8258 -0.5325
0.0058 -0.8287 -0.5239
0.0058 -0.8287 -0.5239
0.0135 -0.8260 -0.5266
0.0048 -0.8245 -0.5255
-0.0014 -0.8298 -0.5261
0.0174 -0.8336 -0.5208
0.0174 -0.8336 -0.5208
0.0215 -0.8368 -0.5411
0.0124 -0.8268 -0.5425
0.0167 -0.8301 -0.5439
0.0162 -0.8285 -0.5508
0.0203 -0.8263 -0.5426
0.0203 -0.8263 -0.5426
0.0263 -0.8212 -0.5393
0.0158 -0.8241 -0.5363
0.0113 -0.8402 -0.5205
0.0183 -0.8309 -0.5255
0.0077 -0.8290 -0.5281
0.0077 -0.8290 -0.5281
0.0093 -0.8391 -0.5383
0.0179 -0.8282 -0.5437
0.0084 -0.8228 -0.5250
0.0007 -0.8255 -0.5192
0.0073 -0.8221 -0.5334
0.0073 -0.8221 -0.5334
0.0082 -0.8182 -0.5457
-0.0026 -0.8274 -0.5524
0.0104 -0.8366 -0.5493
0.0162 -0.8260 -0.5504
0.0162 -0.8260 -0.5504
0.0092 -0.8268 -0.5549
0.0081 -0.8283 -0.5457
0.0058 -0.8191 -0.5526
0.0066 -0.8222 -0.5584
0.0155 -0.8286 -0.5543
0.0155 -0.8286 -0.5543
0.0188 -0.8265 -0.5346
0.0091 -0.8244 -0.5340
0.0053 -0.8273 -0.5428
0.0109 -0.8312 -0.5454
0.0199 -0.8299 -0.5329
0.0199 -0.8299 -0.5329
0.0185 -0.8276 -0.5518
0.0181 -0.8222 -0.5314
0.0179 -0.8242 -0.5327
0.0112 -0.8274 -0.5462
0.0083 -0.8286 -0.5506
0.0083 -0.8286 -0.5506
0.0147 -0.8288 -0.5406
0.0144 -0.8309 -0.5436
0.0196 -0.8268 -0.5368
0.0146 -0.8278 -0.5438
0.0063 -0.8304 -0.5473
0.0063 -0.8304 -0.5473
0.0092 -0.8346 -0.5310
0.0155 -0.8353 -0.5311
0.0130 -0.8328 -0.5304
0.0140 -0.8340 -0.5346
0.0140 -0.8340 -0.5346
0.0197 -0.8313 -0.5349
0.0164 -0.8302 -0.5406
0.0218 -0.8302 -0.5500
0.0236 -0.8199 -0.5549
0.0125 -0.8117 -0.5306
0.0125 -0.8117 -0.5306
0.0099 -0.8302 -0.5245
0.0206 -0.8333 -0.5362
0.0207 -0.8285 -0.5357
0.0213 -0.8242 -0.5403
0.0259 -0.8295 -0.5448
0.0259 -0.8295 -0.5448
0.0187 -0.8237 -0.5282
0.0132 -0.8346 -0.5329
0.0176 -0.8387 -0.5352
0.0210 -0.8302 -0.5252
0.0203 -0.8299 -0.5291
0.0203 -0.8299 -0.5291
0.0198 -0.8279 -0.5294
0.0218 -0.8322 -0.5226
0.0203 -0.8358 -0.5377
0.0178 -0.8302 -0.5406
0.0158 -0.8333 -0.5440
0.0158 -0.8333 -0.5440
0.0078 -0.8312 -0.5430
0.0191 -0.7934 -0.4458
0.0206 -0.8306 -0.5871
0.0089 -0.8825 -0.5979
0.0089 -0.8825 -0.5979
0.0154 -0.8243 -0.5575

