-0.0040 -0.0066 0.0020
0.0178 0.0296 -0.0051
0.0277 0.0516 -0.0048
0.0273 0.0576 -0.0045
0.0110 0.0548 -0.0070
0.0005 0.0520 -0.0030
0.0119 0.0435 -0.0049
0.0119 0.0014 0.0130
0.0058 -0.0153 0.0013
0.0044 0.0020 -0.0001
0.0076 0.0301 0.0116
0.0049 0.0503 0.0246
0.0051 0.0505 0.0183
-0.0055 0.0148 0.0206
-0.0088 0.0082 0.0217
-0.0011 0.0164 0.0202
0.0171 0.0287 0.0087
0.0117 0.0227 0.0041
0.0082 0.0174 0.0068
0.0091 0.0106 0.0031
0.0091 0.0008 0.0040
0.0079 0.0015 0.0084
0.0233 0.0311 0.0078
0.0225 0.0338 0.0064
0.0212 0.0101 -0.0005
0.0170 -0.0241 -0.0066
0.0149 -0.0182 -0.0065
0.0141 -0.0034 0.0014
0.0254 0.0391 0.0036
0.0254 0.0434 0.0068
0.0198 0.0141 0.0109
0.0209 0.0028 0.0053
0.0157 -0.0023 0.0040
0.0457 0.1231 -0.0216
-0.0195 0.0925 -0.0252
-0.0321 0.0111 -0.0023
-0.0096 -0.0844 0.0232
0.0040 -0.0916 0.0211
0.0129 -0.0869 0.0223
0.0481 0.0731 -0.0235
0.0367 0.0632 -0.0275
0.0482 -0.0443 -0.0071
0.0419 -0.0626 -0.0023
0.0179 -0.0471 0.0034
0.0255 0.0009 0.0085
0.0277 0.0091 0.0060
0.0169 0.0010 0.0108
0.0146 -0.0240 0.0080
0.0164 -0.0241 0.0065
0.0212 -0.0117 0.0056
0.0041 0.0022 0.0038
0.0040 0.0085 0.0061
0.0004 -0.0013 0.0075
-0.0087 -0.0049 0.0109
-0.0025 -0.0129 0.0148
0.0089 -0.0060 0.0042
0.0097 -0.0020 0.0008
0.0087 -0.0021 -0.0028
-0.0018 0.0041 -0.0061
0.0087 0.0120 0.0027
0.0178 0.0076 0.0062
0.0173 0.0093 0.0097
0.0047 0.0173 -0.0043
0.0114 0.0140 -0.0035
0.0184 0.0116 -0.0045
0.0085 0.0273 -0.0055
-0.0011 0.0333 -0.0050
-0.0163 0.0297 -0.0008
-0.0267 0.0406 -0.0037
-0.0232 0.0406 -0.0070
-0.0193 0.0399 0.0059
-0.0197 0.0418 0.0106
-0.0248 0.0337 0.0099
-0.0321 0.0128 0.0058
-0.0285 0.0133 0.0044
-0.0226 0.0220 0.0054
-0.0235 0.0423 0.0068
-0.0271 0.0390 0.0066
-0.0325 0.0387 0.0099
-0.0473 0.0295 0.0007
-0.0500 0.0310 0.0014
-0.0542 0.0258 -0.0019
-0.0787 0.0648 0.0027
-0.0920 0.0935 0.0088
-0.0947 0.1236 0.0168
-0.0964 0.1359 0.0257
-0.1046 0.1426 0.0363
-0.1334 0.1697 0.0622
-0.1558 0.2021 0.0928
-0.1814 0.2410 0.1092
-0.2257 0.3487 0.1321
-0.2541 0.4262 0.1664
-0.2721 0.4459 0.1900
-0.2743 0.4886 0.2253
-0.2575 0.5189 0.2486
-0.2688 0.5479 0.2638
-0.3428 0.6177 0.2669
-0.4712 0.7055 0.2656
-0.5525 0.7320 0.2699
-0.7149 0.7304 0.3013
-0.8212 0.6722 0.3381
-0.8275 0.6495 0.3622
-0.8304 0.6270 0.4215
-0.8676 0.6351 0.4581
-0.9459 0.7119 0.5255
-1.0593 0.7448 0.5666
-1.1305 0.6625 0.5812
-1.2457 0.4505 0.6285
-1.2592 0.2964 0.6810
-1.2353 0.2620 0.7129
-1.2267 0.2741 0.7825
-1.2704 0.3619 0.8213
-1.3191 0.4440 0.8340
-1.4130 0.4966 0.8776
-1.3823 0.4352 0.9269
-1.3490 0.4193 0.9433
-1.2844 0.4301 1.0249
-1.1921 0.4877 1.0856
-1.1543 0.4962 1.1068
-1.1062 0.5320 1.1405
-1.0581 0.5360 1.1856
-1.0234 0.5161 1.2008
-0.9062 0.4167 1.2012
-0.6863 0.2748 1.2337
-0.5788 0.2243 1.2391
-0.4426 0.1601 1.2438
-0.3087 0.2127 1.2522
-0.2533 0.2831 1.2613
-0.2244 0.4113 1.2928
-0.1972 0.4816 1.3257
-0.1769 0.5031 1.3272
-0.0896 0.5485 1.3353
-0.0434 0.5728 1.3268
0.0000 0.6143 1.2930
0.0123 0.6535 1.2196
0.0253 0.6415 1.1777
0.0847 0.5653 1.1231
0.1654 0.5164 1.0760
0.1953 0.5227 1.0691
0.1486 0.6155 1.0568
-0.0589 0.7392 0.9690
-0.1953 0.7861 0.8917
-0.5056 0.7059 0.6850
-0.6861 0.2861 0.5319
-0.6608 0.1137 0.5713
-0.9825 0.4287 0.9868
-0.5427 0.4972 1.0384
-0.3088 0.4187 1.0123
-0.0891 0.1553 0.9660
-0.1037 0.0721 0.7617
-0.1401 0.0891 0.5987
-0.6270 -0.1205 0.2206
-1.0415 0.0472 0.0033
-1.1758 0.0713 -0.1291
-1.0668 0.4501 -0.2880
-0.4846 0.7688 -0.1485
-0.1303 0.8065 0.0302
0.3950 0.5879 0.4364
0.4931 0.3628 0.5992
0.3917 -0.1911 0.8026
0.0200 -0.4387 0.7459
-0.3879 -0.4006 0.4868
-0.5175 -0.3211 0.3487
-0.6220 -0.1115 0.1544
-0.6236 -0.0694 0.1098
-0.5380 -0.1026 0.1156
-0.3450 -0.2042 0.1563
-0.2437 -0.2127 0.1663
-0.0782 -0.2102 0.1757
0.0504 -0.1756 0.1884
0.0826 -0.1476 0.1850
0.1308 -0.0554 0.1637
0.2231 0.0101 0.1260
0.2790 0.0316 0.1103
0.4175 0.0140 0.1102
0.5164 -0.0942 0.1266
0.5337 -0.1783 0.1360
0.5287 -0.2409 0.1468
0.5429 -0.1945 0.2042
0.5683 -0.1155 0.2734
0.5485 -0.0081 0.4603
0.3107 0.1949 0.5721
0.1176 0.2906 0.6067
-0.2081 0.3278 0.6536
-0.2761 0.2027 0.6516
-0.1554 -0.1113 0.5939
0.3940 -0.1633 0.6282
0.7585 -0.0519 0.7167
1.3000 0.3268 1.0067
1.3013 0.4969 1.2902
1.1231 0.4792 1.3830
0.6052 0.2795 1.4206
0.1837 0.0297 1.2410
0.0983 -0.0453 1.0932
0.1295 -0.0573 0.7550
0.1843 -0.0242 0.4825
0.1805 -0.0438 0.4093
0.0951 -0.0602 0.3859
0.0094 -0.0159 0.3988
-0.0035 0.0668 0.4051
0.0093 0.3205 0.4052
0.0279 0.5208 0.4126
0.0272 0.5462 0.4077
0.0541 0.5180 0.3933
0.1076 0.4550 0.3328
0.1167 0.4084 0.2918
0.1033 0.2746 0.2163
0.0721 0.0994 0.1679
0.0636 0.0019 0.1355
0.0299 -0.1663 0.0553
0.0166 -0.2020 0.0196
-0.0301 -0.2376 0.0098
-0.1581 -0.2376 0.0729
-0.2534 -0.2330 0.1098
-0.4850 -0.3160 0.1023
-0.6383 -0.4527 -0.0082
-0.6105 -0.5333 -0.0615
-0.3713 -0.5671 -0.1205
-0.1989 -0.4234 -0.1918
-0.1824 -0.3636 -0.2421
-0.1712 -0.2673 -0.3241
-0.2377 -0.1260 -0.4836
-0.3508 -0.0627 -0.6497
-0.6048 -0.1625 -1.1538
-0.4992 -0.4715 -1.6151
-0.3013 -0.5973 -1.7210
0.1642 -0.8203 -1.6057
0.4989 -1.2646 -1.2438
0.5724 -1.6051 -1.0742
0.4955 -2.1976 -0.9637
0.0672 -2.1789 -1.1914
-0.2224 -1.8508 -1.3822
-0.7706 -0.7871 -1.8094
-1.0961 0.1293 -2.1343
-1.1781 0.3248 -2.2229
-1.2239 0.1732 -2.3262
-1.1009 -0.3405 -2.4402
-1.0037 -0.5482 -2.5418
-0.8958 -0.5830 -2.8107
-1.0037 -0.3049 -3.0537
-1.0855 -0.1407 -3.0999
-1.1565 0.1363 -2.9609
-1.1275 0.2495 -2.8111
-0.9567 0.3909 -2.4556
-0.7282 0.3897 -2.1154
-0.6216 0.3298 -1.9545
-0.3655 0.0995 -1.6302
0.1433 -0.0890 -1.2561
0.4336 -0.1706 -1.0260
0.7971 -0.2265 -0.5814
0.7831 -0.1367 -0.2264
0.6838 -0.0522 -0.0628
0.4367 0.1058 0.2543
0.2258 0.2408 0.5446
0.0949 0.3024 0.6734
-0.1452 0.3838 0.9255
-0.2707 0.2385 1.1896
-0.2987 0.1591 1.3216
-0.1616 0.2418 1.6099
0.3071 0.5725 1.9231
0.6137 0.7396 2.0930
1.2069 0.8669 2.4273
1.4994 0.6066 2.6243
1.4602 0.3973 2.6656
1.0713 -0.0924 2.7172
0.5701 -0.3859 2.7671
0.3644 -0.3548 2.7914
0.0151 -0.0334 2.8358
-0.2238 0.3758 2.8679
-0.2647 0.4151 2.9024
-0.1416 0.0959 3.0500
0.0095 -0.1631 3.1393
0.4066 -0.5877 3.2704
0.8769 -0.9016 3.2852
1.0435 -0.9005 3.2099
1.1753 -0.4907 2.8698
1.1128 0.1246 2.3882
1.0620 0.3807 2.1498
0.9067 0.6981 1.7310
0.7046 0.7551 1.3852
0.6209 0.7149 1.2556
0.4582 0.5091 1.0894
0.3168 0.1332 0.9908
0.2429 -0.0996 0.9302
0.0385 -0.5605 0.7448
-0.1902 -0.9755 0.4592
-0.3325 -1.1259 0.2842
-0.5946 -1.2837 -0.0878
-0.6553 -0.9986 -0.3855
-0.6333 -0.7590 -0.4935
-0.6491 -0.3575 -0.7372
-0.5954 0.1647 -0.7688
-0.5788 0.2475 -0.6640
-0.7864 -0.1985 -0.6289
-0.9511 -0.6274 -1.0794
-0.8423 -0.6577 -1.3867
-0.3002 -0.3336 -1.7864
0.0044 -0.0383 -1.8024
0.5482 0.3948 -1.4057
0.9553 0.4961 -0.8722
1.0121 0.3127 -0.7348
0.7345 -0.4401 -0.8196
0.1279 -1.2272 -1.3637
-0.2159 -1.4846 -1.7567
-0.7538 -1.5635 -2.5451
-0.9612 -1.1871 -3.0918
-1.0020 -0.9627 -3.2458
-1.1430 -0.4109 -3.3653
-1.3560 0.1460 -3.3926
-1.4506 0.3919 -3.3530
-1.5535 0.8363 -3.0737
-1.5416 1.1924 -2.5311
-1.5251 1.3502 -2.1828
-1.4550 1.6236 -1.3740
-1.2955 1.6928 -0.4839
-1.1631 1.6406 -0.0495
-0.9046 1.2147 0.7007
-0.6761 0.5892 1.2564
-0.5268 0.3005 1.4581
-0.0946 -0.1533 1.7396
0.3833 -0.3229 1.8741
0.5461 -0.2819 1.8931
0.6647 -0.0916 1.8600
0.6506 0.0193 1.7995
0.5773 0.2200 1.5486
0.4090 0.0934 1.1158
0.3079 -0.1684 0.8148
0.2088 -0.9752 0.0991
0.2991 -1.7932 -0.5188
0.4519 -2.0117 -0.7579
0.8128 -1.9924 -1.1411
1.0996 -0.9322 -1.1939
1.1889 -0.2510 -1.0228
1.0944 0.9392 -0.2717
0.7323 1.3650 0.7676
0.5216 1.2277 1.2601
0.1354 0.3054 1.9075
0.0164 -0.8945 1.8997
0.1153 -1.3667 1.6954
0.6987 -1.5496 1.1662
1.4047 -0.7764 0.8086
1.6084 -0.3128 0.7884
1.5919 0.3824 1.0778
1.3344 0.7216 1.5665
1.2284 0.8156 1.7554
1.1543 0.9715 1.9204
1.1596 1.1025 1.8806
1.1426 1.1100 1.8412
1.0589 0.9793 1.7669
0.9524 0.7394 1.6727
0.8961 0.6029 1.5641
0.7357 0.3283 1.1712
0.6032 0.2287 0.8939
0.2836 0.0461 0.2447
0.0002 0.1205 -0.3624
-0.1309 0.2077 -0.6067
-0.3549 0.3145 -0.9218
-0.5291 0.3037 -1.0405
-0.5868 0.2666 -1.0428
-0.6491 0.1661 -0.9601
-0.6458 0.1109 -0.8790
-0.6408 0.1636 -0.8568
-0.6411 0.3329 -0.7788
-0.5913 0.3904 -0.5244
-0.5585 0.3653 -0.3321
-0.4782 0.2164 0.1295
-0.4128 0.0712 0.6047
-0.4725 -0.0122 0.7462
-0.7631 -0.3321 0.7015
-0.8460 -0.6101 0.3505
-0.6728 -0.6232 0.1428
0.0005 -0.4375 -0.1882
0.6710 -0.2810 -0.2464
0.8647 -0.3625 -0.2017
0.8948 -0.7775 -0.0888
0.5768 -1.2726 -0.1156
0.3626 -1.4875 -0.2196
-0.0595 -1.7240 -0.5884
-0.4105 -1.6175 -1.0878
-0.5712 -1.4867 -1.3275
-0.8129 -1.1308 -1.7122
-0.8761 -0.9100 -1.8372
-0.8870 -0.4184 -1.9170
-0.8512 0.1530 -1.7888
-0.8578 0.4486 -1.6503
-0.9277 0.8957 -1.2219
-1.0288 1.0805 -0.6873
-1.0685 1.0669 -0.4280
-1.0406 0.8813 -0.0144
-0.8350 0.6858 0.2116
-0.6685 0.6085 0.2735
-0.3551 0.4234 0.3423
-0.1565 0.2442 0.4264
-0.0588 0.2171 0.5137
0.1968 0.2710 0.7538
0.4915 0.4368 1.0471
0.6098 0.5614 1.2103
0.6884 0.7227 1.5148
0.6237 0.7552 1.6970
0.5912 0.7468 1.7350
0.5858 0.7658 1.7357
0.5726 0.7708 1.7521
0.5055 0.6933 1.7607
0.1963 0.2480 1.6294
-0.0693 -0.1573 1.2771
-0.0417 -0.1936 1.1092
0.3907 0.2684 0.9662
0.6832 0.6108 1.0471
1.1030 1.1383 1.5186
1.2279 1.3488 2.2051
1.2386 1.3734 2.5259
1.2670 1.3309 3.0308
1.2860 1.1835 3.3859
1.2610 1.0703 3.5353
1.0637 0.6605 3.7639
0.5179 -0.0316 3.6887
0.1155 -0.4458 3.4691
-0.6339 -1.3377 2.7077
-0.6111 -1.6329 1.7414
-0.2682 -1.4128 1.2908
0.5817 -0.6279 0.6348
1.0288 0.3182 0.4849
1.0132 0.6948 0.6000
0.6877 1.1748 1.0333
0.3437 1.4157 1.4223
0.2455 1.4452 1.5139
0.1456 1.3541 1.4699
0.0855 1.1048 1.1546
0.0540 0.9431 0.9365
-0.0155 0.6704 0.4645
-0.1300 0.4323 0.0196
-0.1829 0.3273 -0.1620
-0.2738 0.2588 -0.3632
-0.3172 0.3120 -0.3816
-0.4205 0.5692 -0.2932
-0.5410 0.8773 -0.0969
-0.6067 0.9858 0.0131
-0.7912 1.0516 0.1609
-1.1428 0.9172 0.1545
-1.3757 0.7762 0.0653
-1.6955 0.5185 -0.2963
-1.5010 0.3427 -0.7175
-1.2142 0.3183 -0.8582
-0.4437 0.4212 -0.8121
0.3035 0.4708 -0.3282
0.6145 0.4206 0.0253
1.0585 0.4619 0.7701
1.0634 0.5150 1.4191
0.8975 0.4822 1.7058
0.3199 0.2564 2.1385
-0.3327 -0.1360 2.2083
-0.5954 -0.3241 2.0850
-0.8898 -0.6874 1.5598
-0.8804 -0.7803 0.8652
-0.7890 -0.6443 0.5646
-0.4981 -0.2009 0.2606
-0.2606 0.2492 0.3700
-0.2070 0.4164 0.5546
-0.1719 0.6901 1.1185
-0.1551 0.8885 1.7778
-0.1336 0.9470 2.1055
-0.1047 1.0808 2.6918
-0.1239 1.0993 2.9359
-0.2384 0.8691 3.3259
-0.3218 0.4422 3.5914
-0.3342 0.2506 3.6884
-0.3265 -0.1763 3.8582
-0.3427 -0.6790 4.0163
-0.3757 -1.1417 4.0597
-0.2425 -2.6356 3.9748
0.4985 -3.4594 3.6824
0.9519 -3.5509 3.4961
1.6152 -2.9350 3.1364
1.6785 -1.6490 2.8880
1.5068 -1.1007 2.7738
1.0578 -0.2519 2.4716
0.8921 0.2046 1.9806
0.9739 0.3556 1.7093
1.3338 0.5802 1.2194
1.6269 0.8130 0.8943
1.6671 0.9177 0.7997
1.5190 1.0884 0.7316
1.0801 1.2272 0.7870
0.8349 1.2353 0.8389
0.6786 1.2251 0.8921
0.6165 1.1739 0.9295
0.5153 1.0148 0.9913
0.3689 1.0423 0.9712
0.2665 1.1004 0.9432
0.0657 1.2182 0.9557
-0.0251 1.2721 0.9994
-0.2389 1.2455 1.0822
-0.4077 1.1459 1.1516
-0.4638 1.1412 1.1813
-0.5676 1.1205 1.2379
-0.5533 0.9260 1.3147
-0.4455 0.7982 1.3808
-0.1316 0.7382 1.5660
-0.0245 0.7601 1.7778
-0.1304 0.6429 1.8396
-0.4139 0.2081 1.8098
-0.3449 -0.0329 1.5588
-0.1421 0.0008 1.3532
0.4002 0.3502 0.9686
0.8122 0.8091 0.8193
0.9061 0.9762 0.8506
0.9016 1.0419 1.0171
0.7815 0.7191 1.1141
0.7206 0.4703 1.0719
0.6457 -0.0210 0.7790
0.5560 -0.2864 0.2540
0.4640 -0.3318 -0.0517
0.1613 -0.2589 -0.6351
-0.1866 0.0539 -1.0473
-0.3158 0.2802 -1.1291
-0.4221 0.6086 -0.9903
-0.4166 0.6528 -0.7996
-0.3175 0.5637 -0.3176
-0.1805 0.4140 0.1029
-0.1322 0.3475 0.2421
-0.1246 0.2026 0.3694
-0.2237 0.1190 0.3185
-0.3020 0.1190 0.2359
-0.4628 0.1159 0.0075
-0.4857 0.0772 -0.2593
-0.4065 0.0619 -0.3705
-0.1432 -0.0268 -0.4980
0.1306 -0.1131 -0.4722
0.2074 -0.1652 -0.4215
0.2596 -0.3146 -0.3197
0.3315 -0.4393 -0.3299
0.4132 -0.4781 -0.3839
0.5888 -0.4193 -0.5660
0.5849 -0.1539 -0.7711
0.4878 -0.0087 -0.8537
0.2565 0.1740 -0.9526
0.2053 0.2484 -0.9535
0.2137 0.2417 -0.9261
0.1682 0.0973 -0.8291
0.0800 -0.0587 -0.6960
0.1071 -0.0571 -0.6253
0.4369 0.1871 -0.3699
1.0139 0.6408 0.1770
1.2816 0.8519 0.5459
1.5448 1.0801 1.2656
1.4948 1.0661 1.5343
1.0985 0.8043 1.8150
0.5647 0.2933 1.7176
0.3445 -0.0010 1.5161
0.0162 -0.2616 0.8941
-0.2531 -0.1647 0.1673
-0.3378 -0.0625 -0.1666
-0.3082 0.2943 -0.6708
-0.1146 0.6517 -0.8071
-0.0053 0.7637 -0.7125
0.1978 0.8782 -0.2694
0.3401 1.0037 0.2554
0.3618 1.1248 0.4695
0.2788 1.3221 0.7324
0.1178 1.4198 0.7836
0.0624 1.4139 0.7434
0.0565 1.3317 0.5765
0.1705 1.1681 0.3769
0.2571 1.0759 0.2801
0.4372 0.8886 0.1157
0.5129 0.7063 0.0562
0.4929 0.6068 0.0807
0.3938 0.4673 0.2133
0.1967 0.3141 0.3767
0.0489 0.1806 0.4282
-0.2410 -0.2699 0.4392
-0.3354 -0.7455 0.3602
-0.3045 -0.9644 0.3253
-0.2745 -1.2125 0.2273
-0.3631 -1.2245 0.0463
-0.5600 -0.7807 -0.6028
-0.5575 -0.2312 -1.0443
-0.4298 -0.0514 -1.1103
0.1295 -0.0204 -1.0095
0.8631 -0.3639 -0.6722
1.1666 -0.6035 -0.5128
1.4757 -1.0314 -0.3764
1.3935 -1.2979 -0.5014
1.2258 -1.4029 -0.6177
0.6913 -1.7407 -0.9393
-0.0710 -2.1150 -1.4108
-0.4060 -2.2028 -1.6757
-0.6363 -2.0970 -2.0554
-0.3237 -1.6181 -2.0251
-0.1625 -1.3339 -1.8401
-0.1297 -0.8766 -1.2860
-0.4122 -0.4965 -0.7370
-0.5858 -0.3231 -0.5334
-0.8330 -0.0939 -0.3377
-0.7758 -0.1125 -0.2696
-0.6594 -0.1597 -0.2723
-0.4786 -0.2707 -0.2774
-0.4370 -0.3003 -0.2410
-0.4426 -0.2612 -0.1993
-0.4577 -0.1171 -0.0869
-0.4146 -0.0009 0.0318
-0.3632 0.0101 0.1152
-0.2163 0.0328 0.3291
-0.1171 0.0625 0.4560
0.1129 0.1381 0.7396
0.2991 0.1281 0.9851
0.3543 0.1136 1.0926
0.4149 0.2365 1.3611
0.3601 0.6713 1.6779
0.2053 0.9014 1.7821
-0.2112 1.0923 1.8278
-0.2975 1.1154 1.8078
-0.0944 1.1723 1.8423
0.6064 1.5252 2.1163
1.0338 1.9107 2.7133
0.9708 1.9319 3.0321
0.2665 1.4451 3.3578
-0.5543 0.5620 2.7608
-0.7390 0.2517 2.3690
-0.6013 0.1624 1.7092
-0.1507 0.7144 1.2716
0.0302 0.9828 1.2157
0.1544 1.2997 1.3409
0.1378 1.1435 1.5314
0.1775 0.9457 1.5829
0.3787 0.5061 1.4932
0.5359 0.2334 1.2009
0.5633 0.1766 1.0567
0.5795 0.0472 0.8656
0.6048 -0.0403 0.8115
0.6352 -0.2365 0.7248
0.6201 -0.3856 0.6446
0.6004 -0.4212 0.6236
0.5428 -0.4398 0.5544
0.3992 -0.2846 0.4243
0.3344 -0.1602 0.3513
0.1999 0.0071 0.1748
-0.0521 0.0269 -0.0183
-0.2125 0.0183 -0.1223
-0.5192 -0.1083 -0.3026
-0.6805 -0.3530 -0.3750
-0.6955 -0.4317 -0.3638
-0.9794 -0.3729 -0.4933
-1.0657 -0.3862 -0.6483
-0.9331 -0.3509 -0.9976
-0.4233 -0.0423 -1.1420
-0.1700 0.1875 -1.0801
0.0682 0.5337 -0.6949
-0.1240 0.3430 -0.2598
-0.3314 0.0369 -0.1215
-0.7316 -0.8094 -0.0950
-0.9611 -1.4432 -0.4547
-0.9342 -1.4036 -0.7103
-0.6243 -0.5588 -1.0995
-0.3798 0.4320 -1.0690
-0.3387 0.7116 -0.9276
-0.2637 0.7270 -0.5693
-0.1956 0.5041 -0.4005
-0.0156 -0.0682 -0.1286
0.0937 -0.3790 0.0295
0.0860 -0.3845 0.0534
0.0202 -0.1826 0.0237
-0.0060 0.0542 -0.0146
0.0224 0.1116 -0.0146
0.0675 0.1061 0.0211
0.0170 0.0568 0.0707
-0.0081 0.0234 0.0999
-0.0337 -0.0587 0.1568
-0.0501 -0.0367 0.1908
-0.0417 0.0157 0.2126
0.0769 0.1421 0.2760
0.2249 0.1750 0.3566
0.2509 0.1428 0.3652
0.2005 0.0964 0.3417
0.1569 0.0290 0.1890
0.1428 -0.0001 0.0731
0.1617 0.0415 -0.0846
0.2451 0.1491 -0.1024
0.3019 0.2209 -0.1042
0.5725 0.5691 0.0111
1.0325 0.9936 0.3073
1.1889 1.1618 0.4800
1.0888 1.2506 0.7180
0.8230 1.1592 0.7453
0.0363 0.7418 0.6948
-0.7952 0.0752 0.6607
-1.0654 -0.2092 0.6032
-1.0563 -0.2945 0.4198
-0.6217 0.0808 0.4307
-0.4086 0.2822 0.5259
-0.1559 0.6042 0.8101
-0.1088 0.6605 0.9698
-0.0870 0.6051 0.9852
0.0331 0.4386 0.9464
0.1178 0.2377 0.8970
0.0991 0.1121 0.8652
0.0156 -0.1482 0.7773
-0.0625 -0.2196 0.6264
-0.0852 -0.1937 0.5417
-0.0926 -0.1242 0.3597
-0.0760 -0.1087 0.1971
-0.0485 -0.1096 0.1420
0.0435 -0.0404 0.0648
0.0620 0.0549 -0.0289
0.0273 0.1113 -0.1093
-0.1963 0.1785 -0.3127
-0.5497 0.1835 -0.5120
-0.6342 0.1743 -0.5482
-0.6088 0.0091 -0.5884
-0.6347 -0.1055 -0.8572
-0.7078 -0.0642 -1.0161
-0.8655 -0.0054 -1.2722
-0.7523 0.1512 -1.3321
0.1875 0.5200 -0.7305
1.1936 0.5046 0.4095
1.3088 0.4792 0.8452
1.1151 -0.7893 1.3721
0.4412 -1.5130 1.0612
-0.0586 -1.4255 0.5245
-0.7413 -0.6291 -0.6918
-0.6151 0.3439 -1.4113
-0.4504 0.6982 -1.5018
-0.4646 0.9042 -1.3661
-0.6677 0.5943 -0.9692
-0.6604 0.3573 -0.7934
-0.4195 0.0069 -0.5450
-0.1956 -0.1128 -0.3525
-0.1600 -0.1290 -0.2568
-0.1652 -0.2975 -0.0510
0.0833 -0.8795 0.1334
0.4229 -1.2729 0.2346
1.2449 -1.7804 0.5960
1.9999 -1.7231 1.0093
2.1030 -1.6213 1.2007
1.0773 -1.3287 1.4400
0.2060 -0.6723 1.7210
0.1552 -0.5142 1.8100
0.3384 -0.2101 1.8382
0.4407 -0.0818 1.8049
0.5678 -0.0509 1.7654
0.6192 -0.0338 1.8201
0.6249 0.0506 1.8761
0.5650 0.4018 1.9080
0.3690 0.8115 1.8578
0.2697 0.8395 1.8268
0.1664 0.6604 1.7633
0.1309 0.4470 1.7444
0.1109 0.2863 1.7598
0.1761 0.1776 1.8715
0.4550 0.4385 2.0746
0.6212 0.6236 2.1756
0.8712 1.0039 2.3488
0.9433 1.1226 2.5059
0.9192 1.0458 2.5464
0.7561 0.6869 2.4905
0.5283 0.3102 2.2409
0.4016 0.2057 2.0833
0.2535 0.2430 1.7843
0.2688 0.4136 1.5326
0.2997 0.4473 1.4227
0.3870 0.4844 1.2143
0.5427 0.6612 1.1020
0.6235 0.7981 1.1081
0.6646 1.1536 1.1561
0.4675 1.4390 1.1586
0.3366 1.5345 1.1212
0.1339 1.5186 1.0084
0.0613 1.3908 0.9541
0.0185 0.9182 0.8524
0.0854 0.4956 0.7361
0.1335 0.3758 0.6423
0.2614 0.2716 0.4149
0.2975 0.1925 0.2219
0.2623 0.1613 0.1640
0.1635 0.1608 0.0944
0.0443 0.2896 0.0046
-0.0302 0.3830 -0.0517
-0.2618 0.5914 -0.2556
-0.5286 0.5150 -0.5307
-0.5642 0.4341 -0.6121
-0.3326 0.3926 -0.5348
0.1042 0.4148 -0.1224
0.3108 0.4116 0.1470
0.5790 0.3882 0.6187
0.6045 0.1610 0.9010
0.6327 -0.1327 0.9785
0.8712 -0.9978 0.8480
0.8318 -1.7156 0.3608
0.5941 -1.7323 0.1463
-0.1166 -1.0474 -0.0710
-0.7054 0.0460 -0.0583
-0.8491 0.4799 -0.0188
-0.8223 0.7031 0.1017
-0.6693 0.5579 0.1926
-0.3349 0.1894 0.4245
-0.1108 0.1234 0.7241
-0.0240 0.1760 0.8852
0.2776 0.2596 1.1392
0.7552 0.2751 1.2340
0.9502 0.2701 1.1454
1.0444 0.2431 0.7502
0.7798 0.4172 0.3575
0.6146 0.5036 0.2639
0.4029 0.5464 0.2296
0.4230 0.5531 0.3182
0.4888 0.5796 0.3901
0.6250 0.7119 0.6234
0.6297 0.7764 0.8492
0.5895 0.7654 0.9304
0.4517 0.6639 1.0254
0.3639 0.5310 1.0671
0.3279 0.4737 1.0580
0.3024 0.4761 0.9812
0.4014 0.6031 0.9571
0.4591 0.6967 0.9743
0.5104 0.8846 1.0093
0.4845 0.9147 1.0143
0.4437 0.8621 0.9930
0.2774 0.7237 0.9482
-0.0227 0.6638 0.8779
-0.1811 0.6782 0.8372
-0.3640 0.8607 0.7493
-0.4089 0.9606 0.6956
-0.4997 0.9560 0.6020
-0.5907 0.6557 0.6088
-0.5969 0.4719 0.6509
-0.4179 0.0627 0.7413
-0.2334 -0.0017 0.7482
-0.1964 0.0514 0.7909
-0.1434 0.2534 0.8145
0.0267 0.4762 0.8054
0.1116 0.4204 0.8196
0.3117 0.0582 0.8397
0.7171 0.0193 0.7497
0.9339 0.1521 0.6361
1.1827 0.5729 0.3537
1.0887 0.7571 0.1757
0.9949 0.7225 0.1543
0.7843 0.5833 0.1133
0.6916 0.4515 0.0258
0.7623 0.3881 0.0085
1.0129 0.3925 0.0456
1.0516 0.3639 0.1573
0.9668 0.2806 0.2432
0.7152 0.1546 0.4115
0.5415 0.1342 0.5301
0.5152 0.1507 0.5421
0.4699 0.3318 0.4766
0.3813 0.4192 0.3702
0.3683 0.4044 0.3441
0.3714 0.2474 0.3030
0.3691 0.0639 0.2645
0.2655 -0.2812 0.1557
0.1727 -0.3581 0.0568
0.1723 -0.2986 -0.0032
0.2035 -0.0386 -0.1122
0.0848 0.1938 -0.1529
-0.0068 0.2240 -0.1169
-0.1303 0.3315 -0.0220
0.0226 0.7374 -0.0901
0.0484 0.6732 -0.0699
0.0660 0.5208 0.0197
0.1119 0.2198 0.0982
0.1156 0.0433 0.0990
0.0186 -0.2166 0.0849
-0.1481 -0.2268 0.0527
-0.1676 -0.1513 0.0392
-0.0850 0.0846 -0.0044
-0.0288 0.1566 -0.0172
-0.0414 0.1471 0.0070
-0.0779 0.1627 0.0220
-0.0133 0.1967 -0.0077
0.0343 0.1673 -0.0119
0.0945 0.0744 -0.0009
0.0678 -0.0042 0.0169
0.0162 0.0013 0.0116
-0.0556 0.0558 -0.0202
-0.0528 0.1243 -0.0085
0.0372 0.1402 0.0058
0.1261 0.1380 0.0014
0.1239 0.1098 -0.0029
0.0550 0.0008 0.0116
0.0387 -0.0173 0.0201
0.0538 -0.0011 0.0039
0.0483 -0.0295 -0.0197
0.0173 -0.0692 -0.0083
0.0277 -0.0753 -0.0022
0.0883 -0.0482 -0.0137
0.1320 -0.0528 -0.0325
0.1372 -0.0842 -0.0307
0.1247 -0.0918 -0.0408
0.0911 -0.0700 -0.0558
0.0810 -0.0405 -0.0471
0.0781 0.0253 -0.0100
0.0698 0.0421 0.0183
0.0600 0.0427 0.0246
0.0321 0.0061 0.0181
0.0057 -0.0055 0.0170
0.0024 -0.0076 0.0158
-0.0088 -0.0028 0.0308
0.0204 0.0130 0.0222
0.0591 0.0209 0.0161
0.0883 0.0092 0.0064
0.0757 -0.0045 0.0083
0.0653 -0.0453 0.0088
0.0890 -0.1178 -0.0050
0.1173 -0.1497 -0.0051
0.1574 -0.1159 -0.0066
0.1493 -0.0727 0.0004
0.1424 -0.0710 0.0030
0.1520 -0.0719 -0.0049
0.1733 -0.0511 -0.0199
0.1737 -0.0584 -0.0229
0.1718 -0.0565 -0.0372
0.1592 -0.0532 -0.0541
0.1537 -0.0690 -0.0500
0.1510 -0.0635 -0.0483
0.1105 -0.0544 -0.0419
0.0862 -0.0559 -0.0285
0.0487 -0.0376 -0.0074
0.0222 0.0220 0.0020
-0.0002 0.0306 0.0071
-0.0013 0.0420 0.0249
0.0145 0.0342 0.0085
0.0085 0.0292 0.0069
-0.0076 0.0242 0.0198
0.0199 0.0330 0.0185
0.0393 0.0364 0.0207
0.0517 0.0496 0.0089
0.0390 0.0448 -0.0013
0.0367 0.0441 -0.0037
0.0247 0.0371 0.0003
0.0136 0.0381 0.0023
-0.0025 0.0471 0.0051
0.0080 0.0425 -0.0019
0.0179 0.0267 -0.0028
0.0517 -0.0005 0.0031
0.0689 0.0149 0.0122
0.0626 0.0320 0.0199
0.0325 0.0486 0.0348
0.0206 0.0450 0.0337
0.0199 0.0223 0.0259
0.0224 -0.0132 0.0191
0.0328 -0.0258 0.0120
0.0378 -0.0124 0.0048
0.0352 0.0212 0.0012
0.0256 0.0310 0.0018
0.0261 0.0311 0.0066
0.0407 0.0064 0.0030
0.0512 0.0081 -0.0002
0.0452 0.0090 0.0045
0.0241 0.0179 0.0133
0.0183 0.0337 0.0077
0.0227 0.0397 0.0084
0.0336 0.0322 -0.0014
0.0482 0.0169 -0.0021
0.0497 0.0119 0.0008
0.0258 0.0123 0.0031
0.0065 0.0252 0.0095
0.0097 0.0334 0.0142
0.0433 0.0245 0.0106
0.0566 0.0256 0.0130
0.0492 0.0496 0.0170
0.0256 0.0678 0.0272
0.0185 0.0591 0.0332
0.0149 0.0369 0.0220
0.0163 0.0105 0.0113
0.0250 0.0049 0.0142
0.0449 0.0127 0.0131
0.0490 0.0424 0.0189
0.0539 0.0571 0.0184
0.0583 0.0641 0.0235
0.0616 0.0343 0.0142
0.0562 0.0258 0.0093
0.0321 0.0090 0.0066
0.0198 0.0116 0.0129
0.0345 0.0138 0.0125
0.0746 0.0336 0.0061
0.0651 0.0529 0.0099
0.0419 0.0511 0.0098
0.0184 0.0163 0.0140
0.0420 -0.0021 0.0112
0.0517 -0.0011 0.0087
0.0443 0.0278 0.0013
0.0239 0.0160 0.0022
0.0303 0.0100 0.0012
0.0509 0.0109 0.0116
0.0609 0.0332 0.0257
0.0545 0.0374 0.0265
0.0301 0.0178 0.0179
0.0247 0.0023 0.0138
0.0348 -0.0017 0.0008
0.0328 0.0203 -0.0002
0.0271 0.0314 0.0103
0.0273 0.0273 0.0159
0.0524 0.0160 0.0106
0.0597 0.0112 0.0024
0.0478 0.0055 0.0031
0.0383 -0.0195 0.0095
0.0348 -0.0288 0.0141
0.0367 -0.0187 0.0149
0.0245 -0.0089 0.0097
0.0062 -0.0089 0.0072
-0.0102 -0.0162 0.0206
0.0164 -0.0054 0.0078
0.0295 0.0044 0.0055
0.0110 -0.0096 0.0089
-0.0079 -0.0135 0.0020
-0.0095 -0.0086 0.0013
0.0498 -0.0858 -0.0017
0.1090 -0.0102 -0.0187
0.0925 0.0303 -0.0203
0.0142 0.0676 -0.0192
-0.0551 0.0576 0.0047
-0.0635 0.0388 0.0197
-0.0504 0.0063 0.0335
-0.0476 0.0142 0.0307
-0.0077 0.0388 0.0347
0.0628 0.0623 0.0276
0.0615 0.0604 0.0253
-0.0081 0.0528 0.0220
-0.0284 0.0235 0.0109
-0.0127 0.0086 0.0068
0.0060 0.0016 -0.0064
-0.0031 0.0113 0.0023
0.0037 0.0370 0.0008
0.0044 0.0343 -0.0049
0.0009 -0.0068 -0.0025
0.0075 -0.0002 -0.0152
0.0136 0.0087 -0.0220
0.0125 0.0127 -0.0166
0.0100 0.0237 -0.0157
0.0062 0.0226 -0.0135
0.0283 -0.0053 -0.0124
0.0275 -0.0136 -0.0154
0.0280 -0.0062 -0.0130
0.0467 -0.0033 -0.0180
0.0518 0.0006 -0.0176
0.0432 0.0008 -0.0137
0.0212 -0.0003 -0.0038
0.0188 -0.0103 -0.0063
0.0334 -0.0256 0.0013
0.0337 -0.0069 0.0026
0.0294 0.0007 0.0045
0.0362 0.0066 0.0073
0.0443 0.0139 0.0061
0.0348 0.0186 0.0066
0.0159 -0.0046 0.0109
0.0150 -0.0084 0.0088
0.0234 -0.0054 0.0029
0.0397 0.0317 0.0158
0.0456 0.0452 0.0160
0.0361 0.0268 0.0065
0.0255 0.0124 0.0172
0.0209 0.0082 0.0149
0.0088 0.0015 0.0193
0.0019 0.0019 0.0195
0.0126 -0.0049 0.0113
0.0052 0.0039 0.0014
-0.0083 -0.0002 0.0092
-0.0094 -0.0124 0.0088
0.0125 -0.0455 -0.0005
0.1047 -0.0810 -0.0257
0.1031 -0.0319 -0.0348
0.0147 0.0656 -0.0123
-0.0377 0.0972 -0.0087
-0.0394 0.1065 0.0073
-0.0265 0.0494 0.0313
-0.0080 -0.0484 0.0446
-0.0074 -0.0695 0.0370
-0.0040 -0.0243 0.0168
0.0110 0.0061 0.0069
0.0300 0.0301 0.0081
0.0352 0.0113 0.0124
0.0165 -0.0067 0.0145
-0.0246 -0.0227 0.0145
-0.0248 -0.0099 0.0035
-0.0029 0.0086 0.0020
0.0373 0.0454 -0.0047
0.0284 0.0525 0.0021
0.0123 0.0501 0.0058
0.0021 0.0339 0.0171
0.0082 0.0253 0.0116
-0.0017 0.0285 0.0151
-0.0001 0.0451 0.0195
0.0086 0.0455 0.0165
-0.0007 0.0434 0.0163
-0.0182 0.0550 0.0066
-0.0162 0.0395 0.0040
-0.0150 0.0312 -0.0006
-0.0210 0.0461 -0.0061
-0.0163 0.0617 -0.0016
-0.0179 0.0613 0.0039
-0.0247 0.0659 -0.0003
-0.0220 0.0456 -0.0003
-0.0039 0.0344 -0.0079
0.0232 0.0074 -0.0315
0.0101 -0.0104 -0.0268
0.0021 -0.0122 -0.0249
-0.0064 -0.0174 -0.0145
0.0016 -0.0124 -0.0100
0.0160 -0.0071 -0.0178
0.0239 -0.0090 -0.0202
0.0113 -0.0116 -0.0234
-0.0335 0.0000 -0.0192
-0.0303 -0.0057 -0.0112
-0.0104 -0.0058 -0.0117
0.0057 0.0197 -0.0204
0.0202 -0.0051 -0.0214
0.0227 -0.0044 -0.0282
0.0037 -0.0144 -0.0218
-0.0047 -0.0206 -0.0130
0.0036 -0.0168 -0.0114
0.0332 -0.0072 -0.0211
0.0489 -0.0003 -0.0125
0.0566 0.0028 -0.0130
0.0509 -0.0231 -0.0093
0.0294 -0.0304 -0.0044
0.0295 -0.0210 -0.0092
0.0387 -0.0307 -0.0063
0.0417 -0.0246 -0.0006
0.0494 -0.0106 -0.0007
0.0501 -0.0099 -0.0016
0.0435 -0.0132 0.0007
0.0391 -0.0232 -0.0067
0.0382 -0.0351 -0.0139
0.0357 -0.0328 -0.0113
0.0362 -0.0243 -0.0052
0.0368 -0.0348 0.0066
0.0407 -0.0410 0.0039
0.0465 -0.0425 0.0019
0.0318 -0.0337 0.0006
0.0184 -0.0266 0.0028
0.0088 -0.0260 0.0023
0.0219 -0.0223 0.0075
0.0374 -0.0070 0.0076
0.0517 -0.0004 0.0042
0.0548 0.0252 0.0117
0.0601 0.0471 0.0106
0.0460 0.0531 0.0142
0.1026 0.1884 -0.0222
0.1016 0.1043 -0.0580
-0.0707 -0.0214 0.0120
-0.1767 -0.0536 0.0427
-0.1605 -0.0586 0.0540
-0.0556 -0.0646 0.0545
0.0846 0.0497 -0.0033
0.1388 0.0923 -0.0417

