0.0000 0.0000 0.0000
0.0000 0.0000 0.0000
0.0000 0.0000 0.0000
0.0000 0.0000 0.0000
0.0000 0.0000 0.0000
0.0000 0.0000 0.0000
0.0000 0.0000 0.0000
0.0000 0.0000 0.0000
0.0000 0.0000 0.0000
0.0000 0.0000 0.0000
0.0375 -0.2269 -0.9951
0.0526 -0.2446 -0.9318
0.0901 -0.2531 -1.0266
0.1650 -0.2699 -1.1868
0.2143 -0.2061 -1.4560
0.1180 -0.0313 -1.2417
0.1180 -0.0313 -1.2417
0.0717 -0.1291 -0.9368
0.0710 -0.1167 -0.7515
0.1471 -0.2309 -0.6254
0.3176 -0.3503 -0.7178
0.3398 -0.1136 -1.0188
0.1984 -0.2002 -0.8867
0.1821 -0.1860 -0.9411
0.1821 -0.1860 -0.9411
0.1111 -0.2457 -0.7379
0.0618 -0.3259 -0.6692
0.0618 -0.3259 -0.6692
0.1472 -0.5103 -0.8419
-0.0682 -0.5395 -0.8389
-0.0459 -0.4623 -0.9553
-0.0656 -0.4090 -0.9776
-0.0656 -0.4090 -0.9776
-0.0139 -0.4088 -0.9649
0.0009 -0.4234 -0.9033
-0.0137 -0.4365 -0.8601
-0.0180 -0.4431 -0.8481
-0.0961 -0.4271 -0.8264
-0.0961 -0.4271 -0.8264
-0.1009 -0.4491 -0.8629
-0.1362 -0.4671 -0.8658
-0.1868 -0.4943 -0.8243
-0.1918 -0.5180 -0.7987
-0.1885 -0.4914 -0.8008
-0.1885 -0.4914 -0.8008
-0.2252 -0.5165 -0.6512
-0.2448 -0.4547 -0.9333
-0.2567 -0.4408 -1.0332
-0.2617 -0.4246 -1.1111
-0.2617 -0.4246 -1.1111
-0.2820 -0.4050 -1.0240
-0.2125 -0.3425 -1.0034
-0.1484 -0.3493 -0.9274
-0.1640 -0.4091 -0.8104
-0.1640 -0.4091 -0.8104
-0.1991 -0.4202 -0.8830
-0.2429 -0.4452 -0.8021
-0.2541 -0.3820 -1.0174
-0.2070 -0.4224 -0.9056
-0.1785 -0.4395 -0.8863
-0.1673 -0.4272 -0.8605
-0.1568 -0.4333 -0.9395
-0.1730 -0.4591 -1.0076
-0.1593 -0.4659 -0.9858
-0.1644 -0.4739 -0.9489
-0.1644 -0.4739 -0.9489
-0.1447 -0.4465 -0.9358
-0.0873 -0.3206 -0.9113
-0.0128 -0.3063 -1.0818
0.0366 -0.3365 -1.0740
0.0366 -0.3365 -1.0740
0.0332 -0.3913 -0.9706
0.0238 -0.3827 -0.9586
0.0208 -0.3774 -0.9692
-0.0096 -0.2894 -0.9736
-0.0096 -0.2894 -0.9736
-0.0225 -0.3045 -1.0301
-0.0180 -0.3230 -0.9785
0.0208 -0.2806 -0.9093
0.0131 -0.2949 -0.8257
-0.0197 -0.2748 -0.7857
-0.0197 -0.2748 -0.7857
0.0152 -0.3109 -0.8613
0.0401 -0.3180 -0.8645
0.0429 -0.3184 -0.8399
0.0367 -0.3028 -0.8456
0.0291 -0.2983 -0.8313
0.0291 -0.2983 -0.8313
-0.0044 -0.3128 -0.8013
-0.0400 -0.3424 -0.8404
-0.0432 -0.3277 -0.8512
-0.0445 -0.3370 -0.8498
-0.0405 -0.3680 -0.8614
-0.0405 -0.3680 -0.8614
-0.0033 -0.3855 -0.8748
0.0255 -0.3628 -0.8990
0.0254 -0.3571 -0.8959
0.0153 -0.3507 -0.8700
0.0153 -0.3507 -0.8700
0.0178 -0.3664 -0.8766
0.0165 -0.3828 -0.8554
0.0147 -0.3954 -0.8734
-0.0018 -0.3992 -0.8571
-0.0215 -0.3958 -0.8585
-0.0215 -0.3958 -0.8585
-0.0113 -0.4204 -0.9003
0.0197 -0.4086 -0.9310
0.0111 -0.3999 -0.9174
0.0039 -0.3997 -0.8999
0.0061 -0.3983 -0.9228
0.0061 -0.3983 -0.9228
0.0113 -0.4049 -0.9239
0.0110 -0.3882 -0.8999
-0.0064 -0.4182 -0.9031
0.0115 -0.3686 -0.9018
0.0123 -0.3788 -0.9084
0.0123 -0.3788 -0.9084
0.0021 -0.3729 -0.9017
-0.0010 -0.3837 -0.9012
0.0082 -0.3814 -0.9026
0.0201 -0.3667 -0.8993
0.0161 -0.3752 -0.9001
0.0161 -0.3752 -0.9001
0.0118 -0.3787 -0.9262
0.0281 -0.3902 -0.9207
0.0304 -0.3953 -0.8996
0.0269 -0.3998 -0.9005
0.0142 -0.3949 -0.9072
0.0142 -0.3949 -0.9072
0.0240 -0.3891 -0.9207
0.0225 -0.3874 -0.9095
0.0218 -0.3872 -0.8871
0.0200 -0.3874 -0.8963
0.0200 -0.3874 -0.8963
0.0152 -0.3960 -0.9113
0.0130 -0.3922 -0.9054
0.0064 -0.3991 -0.9013
0.0019 -0.3956 -0.9162
0.0104 -0.3909 -0.9075
0.0104 -0.3909 -0.9075
0.0219 -0.3992 -0.9038
0.0149 -0.4034 -0.9053
0.0210 -0.3986 -0.9174
0.0169 -0.3938 -0.9178
0.0172 -0.3872 -0.9192
0.0230 -0.3996 -0.9054
0.0241 -0.4000 -0.8861
0.0229 -0.4023 -0.8884
0.0304 -0.4036 -0.8992
0.0229 -0.3986 -0.9013
0.0201 -0.4011 -0.9025
0.0201 -0.4011 -0.9025
0.0329 -0.4067 -0.8964
0.0317 -0.4114 -0.8929
0.0312 -0.4120 -0.8985
0.0312 -0.4120 -0.8985
0.0331 -0.4035 -0.9036
0.0369 -0.4080 -0.9046
0.0330 -0.4097 -0.8996
0.0278 -0.4099 -0.8927
0.0278 -0.4099 -0.8927
0.0229 -0.4104 -0.8921
0.0235 -0.4137 -0.8975
0.0271 -0.4057 -0.8961
0.0267 -0.3998 -0.8891
0.0230 -0.4022 -0.8892
0.0230 -0.4022 -0.8892
0.0246 -0.4071 -0.8981
0.0239 -0.4085 -0.8956
0.0256 -0.4086 -0.8971
0.0223 -0.4063 -0.8921
0.0240 -0.4109 -0.8904
0.0240 -0.4109 -0.8904
0.0265 -0.4107 -0.8944
0.0299 -0.4120 -0.8963
0.0365 -0.4079 -0.9088
0.0337 -0.4106 -0.9044
0.0324 -0.4143 -0.9034
0.0324 -0.4143 -0.9034
0.0278 -0.4160 -0.8946
0.0231 -0.4149 -0.8841
0.0249 -0.4104 -0.8939
0.0299 -0.4094 -0.9070
0.0299 -0.4094 -0.9070
0.0416 -0.4211 -0.8931
0.0385 -0.4308 -0.8884
0.0349 -0.4187 -0.8855
0.0285 -0.4114 -0.8908
0.0266 -0.4152 -0.8826
0.0266 -0.4152 -0.8826
0.0256 -0.4098 -0.8804
0.0280 -0.4173 -0.8837
0.0290 -0.4182 -0.8794
0.0312 -0.4171 -0.8884
0.0278 -0.4179 -0.8953
0.0278 -0.4179 -0.8953
0.0250 -0.4115 -0.8985
0.0254 -0.4213 -0.8836
0.0308 -0.4205 -0.8775
0.0341 -0.4221 -0.8822
0.0354 -0.4226 -0.8870
0.0354 -0.4226 -0.8870
0.0352 -0.4217 -0.8917
0.0304 -0.4235 -0.8897
0.0238 -0.4219 -0.8795
0.0253 -0.4262 -0.8862
0.0267 -0.4245 -0.8947
0.0267 -0.4245 -0.8947
0.0299 -0.4216 -0.8985
0.0261 -0.4189 -0.8937
0.0309 -0.4221 -0.8801
0.0327 -0.4265 -0.8675
0.0327 -0.4265 -0.8675
0.0285 -0.4157 -0.8847
0.0256 -0.4156 -0.8998
0.0267 -0.4190 -0.9012
0.0235 -0.4204 -0.8996
0.0243 -0.4144 -0.9019
0.0243 -0.4144 -0.9019
0.0253 -0.4151 -0.8875
0.0347 -0.4142 -0.8897
0.0262 -0.4108 -0.8762
0.0228 -0.4152 -0.8693
0.0241 -0.4266 -0.8694
0.0241 -0.4266 -0.8694
0.0103 -0.4147 -0.8798
0.0188 -0.4205 -0.9327

