0.0091 0.3137 0.1641
0.0090 0.3136 0.1641
0.0090 0.3135 0.1641
0.0093 0.3143 0.1634
0.0095 0.3145 0.1632
0.0095 0.3145 0.1631
0.0096 0.3145 0.1630
0.0096 0.3145 0.1630
0.0096 0.3145 0.1629
0.0100 0.3153 0.1624
0.0102 0.3155 0.1622
0.0102 0.3156 0.1621
0.0103 0.3156 0.1621
0.0104 0.3157 0.1620
0.0105 0.3157 0.1620
0.0106 0.3157 0.1620
0.0108 0.3157 0.1620
0.0109 0.3157 0.1620
0.0111 0.3156 0.1621
0.0112 0.3155 0.1621
0.0113 0.3156 0.1623
0.0114 0.3159 0.1625
0.0115 0.3160 0.1626
0.0117 0.3160 0.1626
0.0118 0.3160 0.1626
0.0120 0.3159 0.1627
0.0121 0.3161 0.1627
0.0121 0.3165 0.1626
0.0122 0.3166 0.1626
0.0124 0.3167 0.1626
0.0127 0.3168 0.1626
0.0129 0.3168 0.1626
0.0135 0.3170 0.1625
0.0138 0.3170 0.1624
0.0145 0.3170 0.1623
0.0149 0.3171 0.1622
0.0152 0.3171 0.1621
0.0152 0.3171 0.1621
0.0157 0.3171 0.1619
0.0158 0.3171 0.1618
0.0160 0.3171 0.1617
0.0162 0.3171 0.1616
0.0165 0.3172 0.1614
0.0169 0.3173 0.1613
0.0172 0.3174 0.1611
0.0172 0.3174 0.1611
0.0176 0.3175 0.1611
0.0179 0.3176 0.1609
0.0181 0.3177 0.1608
0.0184 0.3179 0.1606
0.0186 0.3180 0.1604
0.0187 0.3181 0.1606
0.0189 0.3183 0.1605
0.0191 0.3184 0.1604
0.0194 0.3186 0.1602
0.0196 0.3187 0.1600
0.0196 0.3189 0.1598
0.0196 0.3190 0.1596
0.0197 0.3191 0.1595
0.0198 0.3192 0.1593
0.0200 0.3192 0.1592
0.0201 0.3192 0.1591
0.0206 0.3193 0.1588
0.0216 0.3196 0.1583
0.0220 0.3196 0.1581
0.0223 0.3196 0.1580
0.0225 0.3196 0.1579
0.0227 0.3195 0.1578
0.0228 0.3194 0.1576
0.0227 0.3193 0.1573
0.0228 0.3193 0.1571
0.0229 0.3192 0.1571
0.0230 0.3191 0.1571
0.0230 0.3189 0.1572
0.0228 0.3188 0.1573
0.0225 0.3189 0.1577
0.0225 0.3188 0.1578
0.0226 0.3187 0.1578
0.0226 0.3186 0.1578
0.0226 0.3185 0.1578
0.0227 0.3185 0.1579
0.0231 0.3187 0.1579
0.0232 0.3187 0.1579
0.0234 0.3186 0.1580
0.0235 0.3186 0.1580
0.0237 0.3185 0.1579
0.0238 0.3184 0.1579
0.0241 0.3190 0.1580
0.0243 0.3192 0.1580
0.0244 0.3192 0.1580
0.0245 0.3191 0.1580
0.0247 0.3191 0.1579
0.0251 0.3194 0.1577
0.0258 0.3201 0.1575
0.0260 0.3203 0.1574
0.0261 0.3204 0.1574
0.0262 0.3204 0.1574
0.0263 0.3205 0.1574
0.0265 0.3206 0.1574
0.0271 0.3206 0.1571
0.0275 0.3208 0.1570
0.0278 0.3210 0.1568
0.0281 0.3212 0.1566
0.0284 0.3214 0.1565
0.0286 0.3216 0.1563
0.0287 0.3218 0.1560
0.0288 0.3220 0.1558
0.0290 0.3223 0.1555
0.0293 0.3225 0.1553
0.0295 0.3226 0.1551
0.0296 0.3227 0.1550
0.0297 0.3226 0.1550
0.0298 0.3227 0.1549
0.0300 0.3228 0.1548
0.0301 0.3228 0.1546
0.0302 0.3228 0.1545
0.0303 0.3228 0.1543
0.0304 0.3229 0.1541
0.0306 0.3229 0.1540
0.0308 0.3230 0.1538
0.0310 0.3230 0.1537
0.0310 0.3230 0.1537
0.0313 0.3229 0.1536
0.0315 0.3228 0.1536
0.0301 0.3225 0.1533
0.0297 0.3223 0.1533
0.0296 0.3221 0.1532
0.0296 0.3220 0.1532
0.0296 0.3218 0.1532
0.0296 0.3217 0.1532
0.0296 0.3216 0.1532
0.0296 0.3215 0.1531
0.0297 0.3215 0.1531
0.0298 0.3214 0.1530
0.0300 0.3214 0.1529
0.0290 0.3217 0.1538
0.0287 0.3218 0.1542
0.0286 0.3218 0.1543
0.0286 0.3218 0.1544
0.0286 0.3217 0.1544
0.0286 0.3216 0.1544
0.0282 0.3220 0.1547
0.0280 0.3221 0.1549
0.0279 0.3221 0.1549
0.0278 0.3220 0.1549
0.0277 0.3219 0.1549
0.0276 0.3218 0.1549
0.0275 0.3218 0.1549
0.0274 0.3218 0.1548
0.0273 0.3218 0.1547
0.0273 0.3217 0.1546
0.0272 0.3217 0.1545
0.0275 0.3218 0.1542
0.0276 0.3218 0.1541
0.0276 0.3218 0.1540
0.0275 0.3219 0.1539
0.0275 0.3219 0.1539
0.0274 0.3220 0.1539
0.0274 0.3222 0.1539
0.0274 0.3223 0.1539
0.0274 0.3224 0.1538
0.0274 0.3224 0.1538
0.0274 0.3224 0.1537
0.0274 0.3224 0.1537
0.0275 0.3224 0.1537
0.0278 0.3224 0.1537
0.0280 0.3224 0.1537
0.0281 0.3224 0.1537
0.0282 0.3224 0.1537
0.0283 0.3223 0.1538
0.0283 0.3223 0.1538
0.0283 0.3222 0.1540
0.0284 0.3221 0.1541
0.0285 0.3220 0.1542
0.0286 0.3219 0.1544
0.0286 0.3218 0.1545
0.0286 0.3218 0.1545
0.0285 0.3218 0.1543
0.0286 0.3219 0.1541
0.0291 0.3222 0.1539
0.0293 0.3224 0.1537
0.0292 0.3229 0.1533
0.0293 0.3231 0.1531
0.0293 0.3232 0.1530
0.0294 0.3232 0.1530
0.0294 0.3232 0.1529
0.0295 0.3231 0.1529
0.0298 0.3231 0.1528
0.0298 0.3230 0.1528
0.0296 0.3228 0.1528
0.0294 0.3226 0.1528
0.0292 0.3223 0.1529
0.0289 0.3220 0.1529
0.0289 0.3220 0.1526
0.0287 0.3218 0.1525
0.0285 0.3215 0.1524
0.0283 0.3211 0.1524
0.0280 0.3207 0.1523
0.0276 0.3201 0.1522
0.0269 0.3198 0.1517
0.0262 0.3192 0.1514
0.0253 0.3184 0.1512
0.0242 0.3174 0.1509
0.0231 0.3164 0.1505
0.0217 0.3154 0.1500
0.0199 0.3139 0.1478
0.0180 0.3125 0.1462
0.0160 0.3111 0.1447
0.0137 0.3094 0.1430
0.0112 0.3075 0.1410
0.0083 0.3052 0.1387
0.0049 0.3032 0.1351
0.0012 0.3004 0.1319
-0.0029 0.2971 0.1285
-0.0075 0.2934 0.1247
-0.0128 0.2895 0.1203
-0.0183 0.2855 0.1153
-0.0240 0.2816 0.1097
-0.0299 0.2776 0.1034
-0.0359 0.2735 0.0967
-0.0421 0.2693 0.0899
-0.0483 0.2651 0.0828
-0.0546 0.2611 0.0756
-0.0610 0.2570 0.0683
-0.0676 0.2528 0.0611
-0.0746 0.2486 0.0537
-0.0818 0.2445 0.0461
-0.0893 0.2404 0.0384
-0.0973 0.2364 0.0307
-0.1052 0.2326 0.0224
-0.1138 0.2289 0.0143
-0.1228 0.2253 0.0061
-0.1323 0.2218 -0.0024
-0.1422 0.2184 -0.0110
-0.1524 0.2151 -0.0199
-0.1628 0.2120 -0.0291
-0.1733 0.2089 -0.0385
-0.1839 0.2058 -0.0482
-0.1946 0.2026 -0.0582
-0.2052 0.1993 -0.0685
-0.2156 0.1962 -0.0796
-0.2258 0.1932 -0.0913
-0.2359 0.1894 -0.1022
-0.2461 0.1846 -0.1129
-0.2565 0.1790 -0.1233
-0.2672 0.1725 -0.1337
-0.2782 0.1652 -0.1438
-0.2904 0.1568 -0.1529
-0.3027 0.1475 -0.1624
-0.3157 0.1374 -0.1721
-0.3291 0.1268 -0.1817
-0.3426 0.1162 -0.1912
-0.3561 0.1060 -0.2001
-0.3696 0.0968 -0.2080
-0.3820 0.0890 -0.2160
-0.3939 0.0827 -0.2237
-0.4056 0.0777 -0.2309
-0.4173 0.0741 -0.2376
-0.4293 0.0716 -0.2433
-0.4418 0.0703 -0.2479
-0.4538 0.0702 -0.2528
-0.4657 0.0711 -0.2577
-0.4775 0.0728 -0.2623
-0.4892 0.0751 -0.2666
-0.5010 0.0777 -0.2703
-0.5129 0.0803 -0.2735
-0.5245 0.0827 -0.2770
-0.5360 0.0845 -0.2806
-0.5476 0.0858 -0.2844
-0.5594 0.0863 -0.2883
-0.5718 0.0866 -0.2925
-0.5847 0.0868 -0.2970
-0.5984 0.0852 -0.3013
-0.6128 0.0824 -0.3057
-0.6277 0.0791 -0.3100
-0.6428 0.0754 -0.3143
-0.6577 0.0714 -0.3183
-0.6722 0.0668 -0.3217
-0.6869 0.0634 -0.3258
-0.7015 0.0604 -0.3301
-0.7161 0.0577 -0.3345
-0.7309 0.0552 -0.3389
-0.7458 0.0523 -0.3431
-0.7609 0.0486 -0.3472
-0.7760 0.0460 -0.3518
-0.7913 0.0438 -0.3569
-0.8067 0.0419 -0.3624
-0.8223 0.0402 -0.3683
-0.8380 0.0390 -0.3747
-0.8544 0.0369 -0.3809
-0.8700 0.0365 -0.3879
-0.8849 0.0373 -0.3955
-0.8990 0.0389 -0.4035
-0.9121 0.0412 -0.4119
-0.9241 0.0434 -0.4206
-0.9350 0.0451 -0.4297
-0.9459 0.0470 -0.4400
-0.9568 0.0485 -0.4512
-0.9679 0.0495 -0.4634
-0.9792 0.0502 -0.4762
-0.9907 0.0506 -0.4893
-1.0017 0.0506 -0.5023
-1.0126 0.0513 -0.5153
-1.0231 0.0528 -0.5282
-1.0331 0.0549 -0.5407
-1.0429 0.0574 -0.5527
-1.0531 0.0600 -0.5644
-1.0640 0.0622 -0.5759
-1.0751 0.0642 -0.5871
-1.0866 0.0656 -0.5981
-1.0990 0.0665 -0.6090
-1.1121 0.0667 -0.6198
-1.1260 0.0662 -0.6306
-1.1409 0.0644 -0.6407
-1.1560 0.0627 -0.6512
-1.1715 0.0609 -0.6616
-1.1871 0.0591 -0.6719
-1.2027 0.0574 -0.6820
-1.2188 0.0553 -0.6917
-1.2358 0.0523 -0.7011
-1.2518 0.0505 -0.7103
-1.2676 0.0490 -0.7192
-1.2834 0.0477 -0.7277
-1.2992 0.0466 -0.7358
-1.3154 0.0457 -0.7433
-1.3332 0.0392 -0.7502
-1.3505 0.0369 -0.7562
-1.3679 0.0362 -0.7613
-1.3849 0.0367 -0.7651
-1.4014 0.0381 -0.7676
-1.4171 0.0404 -0.7689
-1.4342 0.0399 -0.7724
-1.4499 0.0413 -0.7733
-1.4655 0.0428 -0.7731
-1.4820 0.0437 -0.7723
-1.4994 0.0441 -0.7707
-1.5180 0.0431 -0.7690
-1.5375 0.0406 -0.7677
-1.5549 0.0399 -0.7640
-1.5712 0.0397 -0.7596
-1.5867 0.0395 -0.7551
-1.6020 0.0389 -0.7512
-1.6188 0.0366 -0.7491
-1.6382 0.0319 -0.7497
-1.6556 0.0281 -0.7486
-1.6726 0.0243 -0.7473
-1.6898 0.0202 -0.7462
-1.7071 0.0158 -0.7455
-1.7245 0.0114 -0.7453
-1.7446 0.0040 -0.7488
-1.7624 -0.0008 -0.7509
-1.7793 -0.0045 -0.7529
-1.7957 -0.0074 -0.7554
-1.8118 -0.0098 -0.7585
-1.8280 -0.0119 -0.7622
-1.8474 -0.0149 -0.7693
-1.8649 -0.0166 -0.7752
-1.8818 -0.0175 -0.7811
-1.8987 -0.0178 -0.7875
-1.9155 -0.0174 -0.7945
-1.9332 -0.0156 -0.8024
-1.9521 -0.0115 -0.8114
-1.9682 -0.0081 -0.8199
-1.9828 -0.0045 -0.8284
-1.9963 -0.0009 -0.8374
-2.0094 0.0024 -0.8471
-2.0357 0.0068 -0.8691
-2.0493 0.0079 -0.8815
-2.0629 0.0083 -0.8945
-2.0763 0.0084 -0.9080
-2.0890 0.0086 -0.9215
-2.0890 0.0086 -0.9215
-2.1113 0.0102 -0.9481
-2.1210 0.0115 -0.9609
-2.1210 0.0115 -0.9609
-2.1337 0.0109 -0.9745
-2.1441 0.0114 -0.9871
-2.1541 0.0119 -0.9991
-2.1643 0.0120 -1.0107
-2.1750 0.0116 -1.0220
-2.1864 0.0108 -1.0330
-2.1987 0.0096 -1.0435
-2.2116 0.0080 -1.0537
-2.2252 0.0061 -1.0636
-2.2392 0.0041 -1.0731
-2.2556 0.0030 -1.0827
-2.2708 0.0011 -1.0918
-2.2858 -0.0010 -1.1004
-2.3009 -0.0033 -1.1088
-2.3161 -0.0056 -1.1168
-2.3322 -0.0076 -1.1244
-2.3498 -0.0093 -1.1317
-2.3658 -0.0107 -1.1381
-2.3813 -0.0119 -1.1438
-2.3969 -0.0127 -1.1488
-2.4126 -0.0130 -1.1529
-2.4280 -0.0132 -1.1564
-2.4426 -0.0134 -1.1598
-2.4569 -0.0119 -1.1605
-2.4709 -0.0098 -1.1597
-2.4850 -0.0077 -1.1579
-2.4996 -0.0061 -1.1556
-2.5151 -0.0049 -1.1532
-2.5315 -0.0038 -1.1509
-2.5488 -0.0038 -1.1474
-2.5662 -0.0042 -1.1429
-2.5830 -0.0046 -1.1376
-2.5991 -0.0049 -1.1317
-2.6145 -0.0049 -1.1261
-2.6297 -0.0044 -1.1215
-2.6450 -0.0052 -1.1168
-2.6605 -0.0070 -1.1125
-2.6764 -0.0094 -1.1086
-2.6925 -0.0123 -1.1052
-2.7089 -0.0156 -1.1023
-2.7309 -0.0171 -1.1028
-2.7492 -0.0198 -1.1017
-2.7662 -0.0228 -1.1005
-2.7825 -0.0256 -1.0997
-2.7983 -0.0283 -1.0997
-2.8138 -0.0307 -1.1006
-2.8334 -0.0316 -1.1042
-2.8499 -0.0332 -1.1077
-2.8653 -0.0350 -1.1116
-2.8805 -0.0367 -1.1164
-2.8956 -0.0384 -1.1220
-2.9106 -0.0397 -1.1285
-2.9294 -0.0363 -1.1360
-2.9453 -0.0352 -1.1442
-2.9598 -0.0344 -1.1529
-2.9732 -0.0332 -1.1621
-2.9856 -0.0314 -1.1719
-2.9981 -0.0283 -1.1822
-3.0117 -0.0236 -1.1929
-3.0237 -0.0207 -1.2047
-3.0355 -0.0186 -1.2172
-3.0474 -0.0170 -1.2304
-3.0593 -0.0155 -1.2440
-3.0725 -0.0132 -1.2575
-3.0879 -0.0094 -1.2705
-3.0991 -0.0062 -1.2839
-3.1082 -0.0028 -1.2972
-3.1160 0.0007 -1.3103
-3.1231 0.0043 -1.3231
-3.1312 0.0083 -1.3353
-3.1418 0.0133 -1.3464
-3.1500 0.0167 -1.3579
-3.1579 0.0193 -1.3692
-3.1665 0.0214 -1.3801
-3.1760 0.0229 -1.3906
-3.1870 0.0243 -1.4003
-3.1998 0.0261 -1.4089
-3.2126 0.0266 -1.4179
-3.2259 0.0264 -1.4269
-3.2394 0.0259 -1.4356
-3.2532 0.0249 -1.4440
-3.2671 0.0238 -1.4522
-3.2819 0.0228 -1.4591
-3.2961 0.0215 -1.4664
-3.3099 0.0203 -1.4733
-3.3234 0.0191 -1.4798
-3.3367 0.0182 -1.4857
-3.3501 0.0175 -1.4910
-3.3643 0.0158 -1.4945
-3.3781 0.0155 -1.4980
-3.3916 0.0159 -1.5007
-3.4048 0.0169 -1.5022
-3.4177 0.0181 -1.5026
-3.4311 0.0194 -1.5025
-3.4459 0.0208 -1.5029
-3.4603 0.0212 -1.5024
-3.4755 0.0207 -1.5018
-3.4917 0.0195 -1.5012
-3.5087 0.0177 -1.5004
-3.5264 0.0155 -1.4996
-3.5443 0.0132 -1.4987
-3.5609 0.0107 -1.4972
-3.5763 0.0082 -1.4957
-3.5910 0.0056 -1.4947
-3.6055 0.0026 -1.4945
-3.6206 -0.0005 -1.4960
-3.6369 -0.0035 -1.4996
-3.6519 -0.0074 -1.5029
-3.6665 -0.0117 -1.5068
-3.6807 -0.0160 -1.5114
-3.6946 -0.0202 -1.5169
-3.7083 -0.0242 -1.5240
-3.7222 -0.0280 -1.5332
-3.7346 -0.0314 -1.5420
-3.7460 -0.0344 -1.5514
-3.7565 -0.0371 -1.5616
-3.7664 -0.0394 -1.5728
-3.7764 -0.0411 -1.5857
-3.7872 -0.0420 -1.6005
-3.7961 -0.0430 -1.6151
-3.8041 -0.0436 -1.6303
-3.8114 -0.0434 -1.6461
-3.8181 -0.0421 -1.6623
-3.8242 -0.0394 -1.6785
-3.8314 -0.0357 -1.6969
-3.8364 -0.0306 -1.7129
-3.8404 -0.0248 -1.7277
-3.8436 -0.0191 -1.7420
-3.8464 -0.0139 -1.7566
-3.8496 -0.0096 -1.7723
-3.8535 -0.0062 -1.7899
-3.8559 -0.0036 -1.8074
-3.8573 -0.0017 -1.8252
-3.8578 -0.0003 -1.8434
-3.8572 0.0010 -1.8616
-3.8558 0.0023 -1.8796
-3.8535 0.0040 -1.8974
-3.8500 0.0056 -1.9137
-3.8457 0.0074 -1.9290
-3.8411 0.0091 -1.9435
-3.8363 0.0106 -1.9574
-3.8320 0.0117 -1.9713
-3.8286 0.0126 -1.9854
-3.8210 0.0135 -2.0116
-3.8176 0.0135 -2.0244
-3.8145 0.0130 -2.0372
-3.8118 0.0121 -2.0499
-3.8093 0.0108 -2.0626
-3.8095 0.0097 -2.0769
-3.8078 0.0081 -2.0899
-3.8054 0.0064 -2.1023
-3.8025 0.0046 -2.1148
-3.7994 0.0028 -2.1276
-3.7995 0.0023 -2.1429
-3.7974 0.0021 -2.1560
-3.7945 0.0028 -2.1670
-3.7913 0.0045 -2.1758
-3.7878 0.0068 -2.1826
-3.7849 0.0090 -2.1886
-3.7830 0.0106 -2.1950
-3.7793 0.0122 -2.2007
-3.7747 0.0137 -2.2067
-3.7699 0.0150 -2.2131
-3.7650 0.0163 -2.2200
-3.7650 0.0163 -2.2200
-3.7560 0.0188 -2.2343
-3.7517 0.0201 -2.2413
-3.7475 0.0216 -2.2481
-3.7431 0.0232 -2.2547
-3.7385 0.0248 -2.2614
-3.7339 0.0263 -2.2683
-3.7291 0.0279 -2.2755
-3.7274 0.0265 -2.2850
-3.7235 0.0270 -2.2935
-3.7189 0.0280 -2.3019
-3.7138 0.0290 -2.3104
-3.7083 0.0299 -2.3188
-3.7047 0.0314 -2.3285
-3.6994 0.0321 -2.3370
-3.6932 0.0324 -2.3448
-3.6864 0.0325 -2.3520
-3.6790 0.0324 -2.3590
-3.6709 0.0321 -2.3658
-3.6646 0.0347 -2.3742
-3.6565 0.0353 -2.3811
-3.6478 0.0355 -2.3872
-3.6391 0.0358 -2.3924
-3.6304 0.0362 -2.3965
-3.6219 0.0367 -2.3996
-3.6171 0.0378 -2.4045
-3.6099 0.0385 -2.4063
-3.6020 0.0388 -2.4065
-3.5941 0.0390 -2.4052
-3.5864 0.0390 -2.4026
-3.5789 0.0387 -2.3991
-3.5735 0.0385 -2.3963
-3.5668 0.0376 -2.3917
-3.5596 0.0362 -2.3861
-3.5523 0.0346 -2.3798
-3.5450 0.0327 -2.3727
-3.5379 0.0313 -2.3665
-3.5308 0.0310 -2.3619
-3.5238 0.0293 -2.3549
-3.5172 0.0272 -2.3468
-3.5109 0.0251 -2.3383
-3.5051 0.0232 -2.3295
-3.4998 0.0215 -2.3206
-3.4947 0.0215 -2.3143
-3.4898 0.0206 -2.3067
-3.4849 0.0196 -2.2990
-3.4798 0.0184 -2.2916
-3.4744 0.0171 -2.2842
-3.4689 0.0158 -2.2766
-3.4635 0.0147 -2.2685
-3.4570 0.0154 -2.2610
-3.4517 0.0152 -2.2518
-3.4470 0.0147 -2.2414
-3.4423 0.0140 -2.2300
-3.4375 0.0130 -2.2176
-3.4309 0.0153 -2.2055
-3.4251 0.0149 -2.1916
-3.4196 0.0135 -2.1765
-3.4140 0.0116 -2.1604
-3.4084 0.0095 -2.1434
-3.4029 0.0073 -2.1257
-3.3973 0.0051 -2.1073
-3.3900 0.0062 -2.0896
-3.3839 0.0054 -2.0707
-3.3783 0.0043 -2.0515
-3.3730 0.0034 -2.0324
-3.3681 0.0029 -2.0137
-3.3601 0.0071 -1.9972
-3.3544 0.0086 -1.9796
-3.3492 0.0092 -1.9617
-3.3440 0.0096 -1.9439
-3.3389 0.0101 -1.9266
-3.3343 0.0107 -1.9100
-3.3246 0.0158 -1.8961
-3.3188 0.0176 -1.8817
-3.3142 0.0179 -1.8673
-3.3097 0.0174 -1.8529
-3.3048 0.0164 -1.8384
-3.2995 0.0150 -1.8241
-3.2934 0.0186 -1.8115
-3.2870 0.0191 -1.7991
-3.2805 0.0190 -1.7877
-3.2739 0.0189 -1.7776
-3.2671 0.0189 -1.7688
-3.2671 0.0189 -1.7688
-3.2521 0.0191 -1.7544
-3.2429 0.0192 -1.7498
-3.2336 0.0190 -1.7444
-3.2236 0.0185 -1.7393
-3.2128 0.0178 -1.7349
-3.2011 0.0169 -1.7312
-3.1885 0.0158 -1.7280
-3.1749 0.0144 -1.7255
-3.1603 0.0128 -1.7234
-3.1449 0.0110 -1.7219
-3.1289 0.0093 -1.7209
-3.1125 0.0076 -1.7205
-3.0955 0.0060 -1.7208
-3.0781 0.0052 -1.7235
-3.0598 0.0038 -1.7255
-3.0409 0.0021 -1.7276
-3.0216 0.0002 -1.7298
-3.0023 -0.0017 -1.7317
-2.9844 -0.0016 -1.7363
-2.9659 -0.0029 -1.7378
-2.9475 -0.0046 -1.7373
-2.9293 -0.0063 -1.7351
-2.9112 -0.0078 -1.7311
-2.8932 -0.0090 -1.7255
-2.8778 -0.0098 -1.7245
-2.8612 -0.0093 -1.7181
-2.8450 -0.0074 -1.7095
-2.8299 -0.0040 -1.7001
-2.8162 0.0006 -1.6903
-2.8038 0.0060 -1.6803
-2.7929 0.0111 -1.6733
-2.7823 0.0162 -1.6634
-2.7720 0.0208 -1.6520
-2.7616 0.0247 -1.6393
-2.7510 0.0278 -1.6258
-2.7398 0.0304 -1.6126
-2.7281 0.0325 -1.6007
-2.7165 0.0340 -1.5871
-2.7050 0.0352 -1.5731
-2.6938 0.0362 -1.5593
-2.6832 0.0375 -1.5458
-2.6733 0.0389 -1.5327
-2.6646 0.0408 -1.5220
-2.6558 0.0426 -1.5105
-2.6468 0.0444 -1.4991
-2.6373 0.0459 -1.4878
-2.6270 0.0469 -1.4769
-2.6158 0.0475 -1.4661
-2.6037 0.0477 -1.4555
-2.5873 0.0462 -1.4458
-2.5722 0.0452 -1.4357
-2.5572 0.0441 -1.4255
-2.5419 0.0430 -1.4154
-2.5263 0.0417 -1.4055
-2.5094 0.0396 -1.3963
-2.4930 0.0378 -1.3868
-2.4764 0.0360 -1.3772
-2.4597 0.0341 -1.3676
-2.4428 0.0324 -1.3582
-2.4258 0.0310 -1.3491
-2.4059 0.0248 -1.3414
-2.3875 0.0227 -1.3337
-2.3696 0.0224 -1.3269
-2.3519 0.0234 -1.3214
-2.3345 0.0253 -1.3177
-2.3178 0.0280 -1.3156
-2.3016 0.0310 -1.3146
-2.2819 0.0279 -1.3115
-2.2646 0.0285 -1.3102
-2.2475 0.0300 -1.3096
-2.2296 0.0313 -1.3095
-2.2111 0.0323 -1.3100
-2.1878 0.0279 -1.3082
-2.1678 0.0263 -1.3092
-2.1494 0.0253 -1.3112
-2.1318 0.0241 -1.3133
-2.1147 0.0224 -1.3150
-2.0977 0.0200 -1.3159
-2.0781 0.0138 -1.3149
-2.0601 0.0090 -1.3137
-2.0421 0.0042 -1.3120
-2.0239 -0.0009 -1.3096
-2.0053 -0.0063 -1.3067
-1.9866 -0.0116 -1.3031
-1.9662 -0.0204 -1.2975
-1.9475 -0.0262 -1.2922
-1.9296 -0.0304 -1.2865
-1.9124 -0.0336 -1.2802
-1.8956 -0.0359 -1.2734
-1.8789 -0.0374 -1.2660
-1.8622 -0.0382 -1.2583
-1.8449 -0.0427 -1.2493
-1.8277 -0.0433 -1.2407
-1.8104 -0.0421 -1.2320
-1.7930 -0.0397 -1.2232
-1.7757 -0.0365 -1.2141
-1.7594 -0.0334 -1.2050
-1.7435 -0.0294 -1.1955
-1.7282 -0.0253 -1.1854
-1.7137 -0.0213 -1.1746
-1.6997 -0.0178 -1.1627
-1.6858 -0.0150 -1.1494
-1.6709 -0.0143 -1.1341
-1.6566 -0.0132 -1.1181
-1.6426 -0.0118 -1.1016
-1.6293 -0.0103 -1.0846
-1.6170 -0.0085 -1.0679
-1.6061 -0.0062 -1.0516
-1.5957 -0.0046 -1.0356
-1.5865 -0.0024 -1.0206
-1.5779 -0.0001 -1.0063
-1.5693 0.0018 -0.9924
-1.5603 0.0031 -0.9790
-1.5506 0.0038 -0.9661
-1.5385 0.0034 -0.9534
-1.5258 0.0024 -0.9413
-1.5121 0.0006 -0.9291
-1.4973 -0.0018 -0.9170
-1.4815 -0.0049 -0.9050
-1.4639 -0.0088 -0.8934
-1.4442 -0.0132 -0.8820
-1.4265 -0.0172 -0.8711
-1.4093 -0.0212 -0.8605
-1.3923 -0.0251 -0.8500
-1.3754 -0.0288 -0.8398
-1.3754 -0.0288 -0.8398
-1.3419 -0.0349 -0.8199
-1.3248 -0.0371 -0.8105
-1.3072 -0.0387 -0.8016
-1.2900 -0.0391 -0.7944
-1.2731 -0.0383 -0.7889
-1.2568 -0.0366 -0.7853
-1.2411 -0.0341 -0.7832
-1.2258 -0.0313 -0.7821
-1.2103 -0.0288 -0.7815
-1.1941 -0.0267 -0.7812
-1.1768 -0.0253 -0.7813
-1.1585 -0.0244 -0.7820
-1.1399 -0.0240 -0.7835
-1.1198 -0.0252 -0.7861
-1.1016 -0.0256 -0.7891
-1.0846 -0.0261 -0.7922
-1.0682 -0.0269 -0.7949
-1.0520 -0.0285 -0.7971
-1.0344 -0.0318 -0.7995
-1.0176 -0.0353 -0.8006
-1.0008 -0.0392 -0.8009
-0.9839 -0.0437 -0.8006
-0.9668 -0.0485 -0.7996
-0.9497 -0.0536 -0.7980
-0.9310 -0.0585 -0.7959
-0.9136 -0.0631 -0.7932
-0.8967 -0.0673 -0.7901
-0.8799 -0.0709 -0.7866
-0.8632 -0.0739 -0.7829
-0.8464 -0.0761 -0.7790
-0.8272 -0.0749 -0.7734
-0.8094 -0.0746 -0.7686
-0.7920 -0.0739 -0.7640
-0.7748 -0.0727 -0.7593
-0.7577 -0.0707 -0.7543
-0.7408 -0.0682 -0.7488
-0.7213 -0.0623 -0.7422
-0.7042 -0.0580 -0.7351
-0.6881 -0.0543 -0.7271
-0.6729 -0.0508 -0.7182
-0.6584 -0.0476 -0.7081
-0.6444 -0.0449 -0.6967
-0.6298 -0.0410 -0.6836
-0.6156 -0.0388 -0.6693
-0.6015 -0.0375 -0.6538
-0.5876 -0.0366 -0.6375
-0.5744 -0.0356 -0.6208
-0.5623 -0.0343 -0.6041
-0.5517 -0.0325 -0.5877
-0.5419 -0.0299 -0.5720
-0.5332 -0.0273 -0.5569
-0.5250 -0.0250 -0.5424
-0.5168 -0.0228 -0.5285
-0.5082 -0.0210 -0.5153
-0.4965 -0.0187 -0.5030
-0.4855 -0.0176 -0.4916
-0.4737 -0.0172 -0.4812
-0.4607 -0.0175 -0.4717
-0.4465 -0.0188 -0.4627
-0.4314 -0.0209 -0.4542
-0.4185 -0.0221 -0.4455
-0.4035 -0.0251 -0.4371
-0.3879 -0.0291 -0.4288
-0.3722 -0.0336 -0.4203
-0.3566 -0.0383 -0.4117
-0.3412 -0.0431 -0.4029
-0.3280 -0.0478 -0.3956
-0.3137 -0.0517 -0.3876
-0.2992 -0.0546 -0.3798
-0.2850 -0.0565 -0.3728
-0.2714 -0.0571 -0.3671
-0.2587 -0.0563 -0.3627
-0.2473 -0.0571 -0.3597
-0.2362 -0.0552 -0.3579
-0.2251 -0.0522 -0.3570
-0.2132 -0.0491 -0.3567
-0.2000 -0.0464 -0.3569
-0.1852 -0.0448 -0.3574
-0.1695 -0.0442 -0.3581
-0.1541 -0.0434 -0.3598
-0.1396 -0.0423 -0.3620
-0.1262 -0.0412 -0.3644
-0.1137 -0.0402 -0.3667
-0.1015 -0.0397 -0.3685
-0.0876 -0.0408 -0.3684
-0.0744 -0.0423 -0.3683
-0.0610 -0.0446 -0.3675
-0.0470 -0.0479 -0.3660
-0.0324 -0.0520 -0.3637
-0.0172 -0.0567 -0.3607
-0.0017 -0.0616 -0.3570
0.0156 -0.0668 -0.3515
0.0313 -0.0717 -0.3463
0.0462 -0.0761 -0.3408
0.0604 -0.0798 -0.3350
0.0741 -0.0830 -0.3287
0.0873 -0.0857 -0.3220
0.1016 -0.0884 -0.3145
0.1151 -0.0906 -0.3068
0.1283 -0.0925 -0.2987
0.1415 -0.0943 -0.2900
0.1548 -0.0959 -0.2808
0.1685 -0.0974 -0.2705
0.1815 -0.0986 -0.2598
0.1938 -0.0993 -0.2488
0.2055 -0.0997 -0.2372
0.2166 -0.0997 -0.2247
0.2271 -0.0996 -0.2115
0.2367 -0.0994 -0.1980
0.2459 -0.0974 -0.1840
0.2534 -0.0963 -0.1704
0.2596 -0.0957 -0.1567
0.2645 -0.0955 -0.1427
0.2684 -0.0956 -0.1283
0.2710 -0.0961 -0.1130
0.2729 -0.0970 -0.0978
0.2746 -0.0981 -0.0828
0.2760 -0.0995 -0.0678
0.2773 -0.1012 -0.0527
0.2780 -0.1029 -0.0377
0.2780 -0.1030 -0.0224
0.2768 -0.1035 -0.0082
0.2746 -0.1037 0.0053
0.2714 -0.1037 0.0182
0.2673 -0.1037 0.0307
0.2673 -0.1037 0.0307
0.2575 -0.1035 0.0550
0.2517 -0.1025 0.0670
0.2459 -0.1029 0.0787
0.2399 -0.1038 0.0900
0.2338 -0.1050 0.1011
0.2276 -0.1063 0.1118
0.2215 -0.1075 0.1217
0.2155 -0.1085 0.1309
0.2096 -0.1093 0.1392
0.2039 -0.1100 0.1469
0.1984 -0.1106 0.1542
0.1935 -0.1113 0.1610
0.1891 -0.1119 0.1673
0.1856 -0.1107 0.1729
0.1822 -0.1104 0.1776
0.1791 -0.1103 0.1815
0.1761 -0.1107 0.1851
0.1731 -0.1116 0.1887
0.1708 -0.1118 0.1931
0.1680 -0.1139 0.1976
0.1652 -0.1175 0.2027
0.1625 -0.1224 0.2088
0.1596 -0.1284 0.2159
0.1563 -0.1348 0.2232
0.1544 -0.1381 0.2310
0.1502 -0.1420 0.2372
0.1444 -0.1453 0.2423
0.1371 -0.1478 0.2465
0.1286 -0.1496 0.2500
0.1194 -0.1502 0.2531
0.1100 -0.1499 0.2559
0.0999 -0.1499 0.2583
0.0896 -0.1501 0.2607
0.0793 -0.1505 0.2632
0.0690 -0.1511 0.2658
0.0592 -0.1516 0.2683
0.0502 -0.1521 0.2707
0.0408 -0.1521 0.2725
0.0315 -0.1516 0.2737
0.0225 -0.1508 0.2744
0.0141 -0.1498 0.2749
0.0061 -0.1487 0.2751
-0.0004 -0.1447 0.2770
-0.0071 -0.1429 0.2777
-0.0136 -0.1421 0.2781
-0.0200 -0.1418 0.2783
-0.0262 -0.1419 0.2785
-0.0322 -0.1424 0.2787
-0.0379 -0.1431 0.2789
-0.0431 -0.1362 0.2788
-0.0482 -0.1346 0.2789
-0.0529 -0.1346 0.2790
-0.0571 -0.1349 0.2792
-0.0608 -0.1352 0.2794
-0.0629 -0.1312 0.2796
-0.0650 -0.1296 0.2800
-0.0668 -0.1287 0.2804
-0.0682 -0.1281 0.2811
-0.0693 -0.1277 0.2820
-0.0700 -0.1274 0.2831
-0.0651 -0.1259 0.2853
-0.0635 -0.1253 0.2871
-0.0628 -0.1250 0.2887
-0.0626 -0.1248 0.2903
-0.0626 -0.1248 0.2919
-0.0629 -0.1249 0.2936
-0.0579 -0.1227 0.2945
-0.0566 -0.1219 0.2963
-0.0561 -0.1212 0.2983
-0.0554 -0.1200 0.3002
-0.0542 -0.1182 0.3017
-0.0528 -0.1160 0.3027
-0.0488 -0.1131 0.3025
-0.0472 -0.1113 0.3027
-0.0467 -0.1102 0.3030
-0.0470 -0.1095 0.3033
-0.0478 -0.1090 0.3035
-0.0489 -0.1087 0.3035
-0.0501 -0.1085 0.3035
-0.0521 -0.1072 0.3023
-0.0545 -0.1049 0.3000
-0.0574 -0.1017 0.2970
-0.0604 -0.0973 0.2934
-0.0636 -0.0922 0.2892
-0.0674 -0.0864 0.2853
-0.0716 -0.0801 0.2808
-0.0760 -0.0729 0.2760
-0.0803 -0.0647 0.2711
-0.0847 -0.0555 0.2663
-0.0892 -0.0456 0.2618
-0.0940 -0.0354 0.2576
-0.0983 -0.0250 0.2541
-0.1027 -0.0141 0.2508
-0.1069 -0.0028 0.2477
-0.1107 0.0085 0.2444
-0.1145 0.0197 0.2411
-0.1173 0.0302 0.2376
-0.1206 0.0404 0.2345
-0.1237 0.0501 0.2317
-0.1264 0.0591 0.2292
-0.1288 0.0671 0.2270
-0.1311 0.0741 0.2249
-0.1318 0.0787 0.2209
-0.1330 0.0833 0.2185
-0.1341 0.0873 0.2168
-0.1348 0.0908 0.2154
-0.1349 0.0940 0.2141
-0.1346 0.0970 0.2126
-0.1334 0.1000 0.2108
-0.1323 0.1025 0.2092
-0.1313 0.1046 0.2077
-0.1304 0.1065 0.2063
-0.1294 0.1080 0.2052
-0.1284 0.1095 0.2043
-0.1300 0.1113 0.2018
-0.1299 0.1126 0.2008
-0.1294 0.1136 0.2004
-0.1287 0.1145 0.2003
-0.1280 0.1151 0.2002
-0.1273 0.1156 0.2001
-0.0437 0.2188 0.1625
-0.0166 0.2516 0.1508
-0.0074 0.2622 0.1472
-0.0038 0.2659 0.1459
-0.0020 0.2674 0.1455
-0.0006 0.2682 0.1453
-0.0010 0.2697 0.1410
-0.0005 0.2704 0.1396
0.0002 0.2708 0.1392
0.0010 0.2710 0.1391
0.0018 0.2712 0.1390
0.0026 0.2713 0.1388
0.0034 0.2714 0.1386
0.0008 0.2693 0.1377
0.0004 0.2686 0.1372
0.0008 0.2684 0.1369
0.0014 0.2683 0.1368
0.0022 0.2683 0.1367
-0.0001 0.2673 0.1365
-0.0004 0.2670 0.1363
0.0000 0.2670 0.1361
0.0006 0.2670 0.1359
0.0012 0.2671 0.1357
0.0020 0.2672 0.1355
0.0030 0.2682 0.1338
0.0039 0.2687 0.1331
0.0047 0.2690 0.1328
0.0055 0.2692 0.1326
0.0063 0.2694 0.1324
0.0072 0.2697 0.1321
0.0077 0.2701 0.1310
0.0083 0.2704 0.1305
0.0090 0.2708 0.1302
0.0097 0.2711 0.1300
0.0103 0.2714 0.1297
0.0110 0.2718 0.1295
0.0109 0.2719 0.1285
0.0113 0.2722 0.1280
0.0118 0.2725 0.1276
0.0123 0.2728 0.1274
0.0127 0.2730 0.1272
0.0127 0.2733 0.1270
0.0120 0.2737 0.1269
0.0120 0.2740 0.1267
0.0122 0.2742 0.1266
0.0124 0.2743 0.1265
0.0127 0.2744 0.1265
0.0130 0.2744 0.1265
0.0131 0.2750 0.1259
0.0133 0.2753 0.1256
0.0136 0.2755 0.1255
0.0140 0.2757 0.1255
0.0143 0.2760 0.1254
0.0147 0.2762 0.1254
0.0150 0.2765 0.1255
0.0150 0.2762 0.1248
0.0152 0.2763 0.1247
0.0156 0.2766 0.1246
0.0160 0.2769 0.1246
0.0165 0.2774 0.1246
-0.0220 0.2634 0.1572
-0.0339 0.2592 0.1675
-0.0374 0.2582 0.1707
-0.0381 0.2582 0.1718
-0.0381 0.2585 0.1721
-0.0378 0.2590 0.1722
-0.0376 0.2596 0.1718
-0.0372 0.2601 0.1716
-0.0368 0.2607 0.1715
-0.0364 0.2613 0.1714
-0.0359 0.2618 0.1714
-0.0355 0.2623 0.1713
-0.0362 0.2621 0.1713
-0.0361 0.2623 0.1712
-0.0359 0.2627 0.1711
-0.0356 0.2630 0.1710
-0.0354 0.2633 0.1710
-0.0351 0.2636 0.1709
-0.0331 0.2655 0.1698
-0.0322 0.2663 0.1693
-0.0319 0.2667 0.1692
-0.0317 0.2670 0.1691
-0.0316 0.2672 0.1691
-0.0315 0.2674 0.1691
-0.0316 0.2678 0.1680
-0.0316 0.2681 0.1676
-0.0316 0.2683 0.1675
-0.0316 0.2685 0.1675
-0.0316 0.2686 0.1675
-0.0315 0.2689 0.1676
-0.0310 0.2690 0.1672
-0.0308 0.2692 0.1671
-0.0306 0.2694 0.1671
-0.0305 0.2696 0.1671
-0.0304 0.2699 0.1672
-0.0303 0.2700 0.1673
-0.0302 0.2702 0.1675
-0.0295 0.2706 0.1664
-0.0291 0.2708 0.1660
-0.0290 0.2710 0.1660
-0.0288 0.2711 0.1660
-0.0287 0.2712 0.1661
-0.0280 0.2720 0.1653
-0.0278 0.2724 0.1651
-0.0276 0.2726 0.1651
-0.0275 0.2728 0.1651
-0.0273 0.2730 0.1650
-0.0272 0.2732 0.1650
-0.0267 0.2731 0.1643
-0.0265 0.2732 0.1640
-0.0263 0.2734 0.1639
-0.0261 0.2736 0.1639
-0.0260 0.2738 0.1638
-0.0258 0.2739 0.1638
-0.0258 0.2739 0.1635
-0.0258 0.2740 0.1634
-0.0257 0.2741 0.1633
-0.0256 0.2743 0.1632
-0.0256 0.2745 0.1631
-0.0255 0.2747 0.1630
-0.0245 0.2755 0.1627
-0.0241 0.2759 0.1626
-0.0239 0.2762 0.1625
-0.0238 0.2764 0.1624
-0.0237 0.2765 0.1623
-0.0235 0.2767 0.1622
-0.0232 0.2766 0.1620
-0.0231 0.2767 0.1619
-0.0231 0.2767 0.1619
-0.0231 0.2767 0.1618
-0.0231 0.2768 0.1618
-0.0231 0.2768 0.1617
-0.0231 0.2769 0.1617
-0.0246 0.2746 0.1627
-0.0251 0.2738 0.1629
-0.0253 0.2736 0.1630
-0.0253 0.2736 0.1629
-0.0253 0.2736 0.1628
-0.0254 0.2736 0.1627
-0.0256 0.2731 0.1628
-0.0257 0.2729 0.1628
-0.0258 0.2728 0.1627
-0.0259 0.2728 0.1626
-0.0259 0.2728 0.1624
-0.0259 0.2728 0.1627
-0.0259 0.2728 0.1627
-0.0259 0.2728 0.1626
-0.0259 0.2728 0.1625
-0.0260 0.2728 0.1624
-0.0261 0.2728 0.1623
-0.0260 0.2728 0.1628
-0.0260 0.2728 0.1629
-0.0261 0.2728 0.1630
-0.0262 0.2728 0.1630
-0.0263 0.2728 0.1629
-0.0264 0.2728 0.1629
-0.0262 0.2728 0.1632
-0.0262 0.2729 0.1632
-0.0262 0.2729 0.1633
-0.0262 0.2729 0.1633
-0.0262 0.2729 0.1633
-0.0262 0.2729 0.1633
-0.0261 0.2729 0.1633
-0.0261 0.2728 0.1634
-0.0262 0.2728 0.1634
-0.0263 0.2727 0.1634
-0.0263 0.2727 0.1634
-0.0263 0.2727 0.1634
-0.0257 0.2730 0.1635
-0.0255 0.2730 0.1635
-0.0254 0.2730 0.1636
-0.0252 0.2729 0.1637
-0.0251 0.2729 0.1637
-0.0251 0.2729 0.1637
-0.0251 0.2728 0.1638
-0.0251 0.2727 0.1637
-0.0251 0.2726 0.1638
-0.0252 0.2725 0.1640
-0.0252 0.2724 0.1642
-0.0252 0.2723 0.1643
-0.0251 0.2721 0.1645
-0.0254 0.2722 0.1641
-0.0255 0.2721 0.1640
-0.0255 0.2721 0.1640
-0.0255 0.2720 0.1641
-0.0255 0.2720 0.1641
-0.0256 0.2720 0.1641
-0.0260 0.2719 0.1639
-0.0261 0.2719 0.1639
-0.0262 0.2719 0.1639
-0.0263 0.2719 0.1638
-0.0264 0.2720 0.1638
-0.0264 0.2720 0.1638
-0.0262 0.2722 0.1635
-0.0261 0.2723 0.1634
-0.0261 0.2724 0.1633
-0.0260 0.2724 0.1633
-0.0260 0.2725 0.1632
-0.0260 0.2726 0.1631
-0.0259 0.2727 0.1629
-0.0258 0.2728 0.1627
-0.0257 0.2730 0.1626
-0.0257 0.2731 0.1625
-0.0256 0.2733 0.1624
-0.0255 0.2734 0.1622
-0.0254 0.2733 0.1621
-0.0253 0.2734 0.1620
-0.0252 0.2735 0.1619
-0.0251 0.2736 0.1618
-0.0249 0.2738 0.1617
-0.0248 0.2739 0.1617
-0.0249 0.2737 0.1616
-0.0250 0.2736 0.1616
-0.0249 0.2736 0.1617
-0.0249 0.2735 0.1617
-0.0248 0.2735 0.1617
-0.0248 0.2735 0.1617
-0.0250 0.2735 0.1616
-0.0250 0.2734 0.1616
-0.0250 0.2733 0.1617
-0.0251 0.2733 0.1617
-0.0251 0.2732 0.1618
-0.0253 0.2731 0.1618
-0.0253 0.2731 0.1617
-0.0254 0.2731 0.1617
-0.0254 0.2731 0.1618
-0.0253 0.2731 0.1618
-0.0252 0.2730 0.1618
-0.0252 0.2730 0.1617
-0.0253 0.2731 0.1616
-0.0253 0.2731 0.1616
-0.0253 0.2731 0.1615
-0.0253 0.2731 0.1615
-0.0254 0.2730 0.1615
-0.0253 0.2731 0.1613
-0.0251 0.2732 0.1610
-0.0251 0.2731 0.1610
-0.0251 0.2730 0.1611
-0.0251 0.2730 0.1611
-0.0250 0.2729 0.1612
-0.0243 0.2734 0.1604
-0.0241 0.2735 0.1602
-0.0240 0.2735 0.1602
-0.0239 0.2735 0.1603
-0.0239 0.2735 0.1604
-0.0238 0.2735 0.1602
-0.0234 0.2738 0.1597
-0.0232 0.2739 0.1596
-0.0231 0.2739 0.1596
-0.0231 0.2739 0.1597
-0.0229 0.2740 0.1598
-0.0227 0.2740 0.1599
-0.0224 0.2744 0.1591
-0.0222 0.2745 0.1589
-0.0220 0.2745 0.1589
-0.0219 0.2745 0.1590
-0.0218 0.2744 0.1591
-0.0217 0.2743 0.1592
-0.0214 0.2744 0.1584
-0.0212 0.2744 0.1582
-0.0210 0.2743 0.1581
-0.0209 0.2743 0.1581
-0.0207 0.2742 0.1581
-0.0206 0.2741 0.1581
-0.0205 0.2740 0.1582
-0.0206 0.2740 0.1579
-0.0205 0.2740 0.1579
-0.0204 0.2738 0.1579
-0.0203 0.2736 0.1580
-0.0202 0.2734 0.1582
-0.0192 0.2733 0.1580
-0.0187 0.2731 0.1580

