-0.0037 0.0127 0.0212
-0.0192 0.0501 0.0232
-0.0067 0.0377 0.0403
0.0051 0.0268 0.0364
0.0161 0.0131 0.0365
-0.0093 -0.0037 0.0380
-0.0202 -0.0011 0.0422
-0.0285 0.0350 0.0301
-0.0043 0.0285 0.0180
0.0200 0.0188 0.0186
0.0535 0.0280 0.0112
0.0532 0.0527 0.0063
0.0347 0.0447 0.0028
-0.0087 0.0371 -0.0087
-0.0243 -0.0036 0.0004
-0.0293 -0.0191 -0.0024
-0.0247 0.0033 -0.0020
0.0152 0.0352 0.0044
0.0285 0.0280 0.0030
0.0203 -0.0045 0.0184
0.0061 -0.0249 0.0241
-0.0022 -0.0231 0.0143
0.0051 -0.0224 0.0051
0.0126 -0.0044 0.0050
0.0184 0.0029 -0.0077
0.0246 -0.0150 -0.0135
0.0295 -0.0270 -0.0095
0.0168 -0.0230 0.0000
0.0161 0.0131 0.0147
0.0423 0.0125 0.0150
0.0455 0.0122 0.0132
0.0197 0.0257 0.0023
0.0063 0.0202 0.0009
0.0236 -0.0091 -0.0019
0.0295 -0.0129 0.0041
0.0153 0.0123 0.0098
-0.0110 0.0446 0.0116
-0.0002 0.0119 0.0107
0.0199 -0.0099 0.0061
0.0693 -0.0289 -0.0179
0.0790 0.0167 -0.0151
0.0454 0.0321 -0.0042
0.0307 0.0248 0.0110
0.0205 0.0112 0.0173
0.0307 -0.0150 0.0025
0.0457 -0.0135 -0.0001
0.0384 0.0039 0.0151
0.0463 0.0103 0.0225
0.0669 0.0295 0.0094
0.0630 0.0338 0.0032
0.0347 0.0187 0.0187
0.0141 -0.0109 0.0331
0.0116 -0.0217 0.0351
0.0277 -0.0147 0.0237
0.0544 0.0187 0.0031
0.0572 0.0243 -0.0002
0.0293 0.0182 0.0034
0.0000 -0.0053 0.0026
-0.0005 -0.0150 0.0071
0.0090 0.0117 0.0267
0.0447 0.0050 0.0143
0.0490 -0.0078 -0.0003
0.0568 -0.1004 -0.0224
0.0081 0.0489 -0.0103
-0.0023 0.0600 0.0074
0.0163 0.0517 0.0141
-0.0182 0.0489 0.0202
-0.0404 0.0187 0.0277
-0.0777 -0.0303 0.0267
-0.0450 0.0220 0.0184
-0.0010 0.0415 0.0118
0.0580 0.0228 -0.0122
0.0571 0.0187 -0.0073
0.0061 -0.0216 0.0188
-0.0224 -0.0304 0.0369
-0.0187 -0.0253 0.0323
-0.0308 0.0033 0.0059
-0.0215 0.0292 -0.0056
-0.0029 0.0205 -0.0172
0.0229 0.0045 -0.0179
0.0097 -0.0051 -0.0167
0.0039 -0.0055 -0.0096
0.0111 0.0066 -0.0004
0.0290 0.0099 -0.0024
0.0324 0.0152 0.0030
0.0302 0.0322 0.0079
0.0274 0.0139 0.0016
0.0215 0.0102 -0.0029
-0.0078 -0.0076 -0.0004
-0.0200 -0.0102 -0.0043
-0.0217 -0.0063 -0.0085
-0.0197 0.0268 -0.0149
-0.0096 0.0034 -0.0114
-0.0001 0.0070 -0.0151
0.0309 0.0110 -0.0213
0.0492 0.0237 -0.0220
0.0566 0.0098 -0.0168
0.0592 0.0025 -0.0034
0.0618 0.0142 0.0022
0.0573 0.0246 0.0089
0.0324 0.0165 0.0322
0.0369 0.0076 0.0237
0.0501 0.0030 0.0184
0.0677 -0.0133 0.0203
0.0680 -0.0191 0.0165
0.0400 0.0115 0.0105
0.0256 0.0237 0.0153
0.0324 0.0174 0.0088
0.0525 0.0013 0.0030
0.0404 -0.0013 0.0075
0.0228 0.0091 0.0138
-0.0285 0.0255 0.0210
-0.0347 -0.0033 0.0202
-0.0093 -0.0164 0.0166
0.0481 -0.0298 0.0023
0.0435 -0.0022 0.0098
0.0217 0.0243 0.0169
0.0021 0.0218 0.0088
0.0279 -0.0594 -0.0054
0.0400 -0.0471 -0.0159
-0.0109 0.0550 -0.0291
-0.0445 0.0318 -0.0100
-0.0424 -0.0010 -0.0014
-0.0267 -0.0388 0.0012
-0.0221 -0.0082 0.0241
-0.0253 0.0046 0.0309
-0.0184 0.0277 0.0286
-0.0179 0.0050 0.0199
-0.0171 -0.0389 0.0189
-0.0004 -0.0232 0.0065
0.0286 -0.0007 0.0171
0.0430 -0.0039 0.0234
0.0475 0.0067 0.0117
0.0262 0.0098 0.0130
0.0033 0.0008 0.0189
0.0168 0.0213 0.0153
0.0282 0.0263 0.0139
0.0266 0.0185 0.0049
0.0084 0.0148 -0.0010
0.0091 0.0178 -0.0001
0.0138 0.0096 -0.0059
-0.0049 0.0302 -0.0032
-0.0091 0.0332 0.0015
0.0068 0.0291 0.0091
0.0182 0.0317 0.0153
0.0208 0.0317 0.0153
0.0136 0.0056 0.0140
0.0129 0.0118 0.0053
0.0166 0.0104 0.0015
0.0320 0.0162 -0.0020
0.0195 0.0339 0.0001
0.0141 0.0382 0.0083
0.0163 0.0041 0.0078
0.0178 -0.0082 0.0028
0.0170 -0.0039 -0.0022
0.0039 0.0288 0.0045
0.0063 0.0269 0.0148
0.0225 0.0026 0.0132
0.0266 0.0052 0.0056
0.0037 0.0176 0.0123
-0.0049 0.0101 0.0123
-0.0005 -0.0076 0.0032
0.0040 -0.0078 -0.0016
0.0219 0.0063 0.0028
0.0382 0.0417 0.0064
0.0261 0.0318 0.0055
-0.0189 -0.0005 0.0113
-0.0621 0.0194 -0.0102
-0.0652 0.0492 -0.0069
-0.0078 0.1323 -0.0133
0.1439 0.2261 -0.1601
0.0963 0.1258 -0.1409
-0.0662 -0.0075 -0.0045
-0.1124 -0.0671 0.0558
-0.0815 -0.0838 0.0664
0.0544 -0.1003 0.0536
0.2165 0.0414 -0.0131
0.2172 0.0281 -0.0435
0.0417 -0.0781 0.0403
0.0244 -0.0072 0.0338
0.0291 0.0112 0.0293
0.0449 0.0042 0.0207
0.0612 0.0002 0.0245
0.0657 -0.0075 0.0295
0.0239 -0.0124 0.0426
-0.0463 -0.0092 0.0504
-0.0604 -0.0114 0.0462
-0.0477 -0.0147 0.0325
-0.0369 -0.0284 0.0349
-0.0395 -0.0229 0.0303
-0.0237 -0.0049 0.0327
0.0009 0.0135 0.0319
0.0099 0.0194 0.0326
-0.0073 0.0090 0.0364
-0.0527 0.0231 0.0459
-0.0854 0.0459 0.0428
-0.1380 0.0592 0.0433
-0.1571 0.0660 0.0482
-0.1564 0.0884 0.0609
-0.1286 0.1567 0.0929
-0.1226 0.1670 0.1110
-0.1283 0.2256 0.1677
-0.1361 0.2661 0.2193
-0.1377 0.2905 0.2457
-0.1488 0.3182 0.2865
-0.1562 0.3533 0.2986
-0.1625 0.3903 0.2894
-0.1499 0.4219 0.3094
-0.1956 0.4633 0.3382
-0.2530 0.5178 0.3904
-0.4011 0.5397 0.5766
-0.4643 0.5222 0.7457
-0.4401 0.4566 0.8112
-0.3566 0.3332 0.9110
-0.3226 0.4150 0.9810
-0.3153 0.5542 0.9399
-0.2204 1.1744 0.9519
-0.2506 0.7738 0.8401
-0.2107 0.5974 0.7999
-0.2443 0.7117 0.7101
-0.3359 0.8096 0.7404
-0.3400 0.8330 0.8170
-0.3278 0.7523 0.8935
-0.2995 0.7413 0.8889
-0.2985 0.7474 0.8660
-0.2827 0.6947 0.8483
-0.2767 0.6736 0.8436
-0.2920 0.7249 0.8486
-0.3126 0.7846 0.8416
-0.3043 0.7946 0.8188
-0.2385 0.7828 0.7503
-0.1365 0.8247 0.6889
-0.0875 0.8871 0.6600
0.0080 0.9955 0.6068
0.1471 0.9965 0.6338
0.2447 0.9424 0.6589
0.4806 0.7371 0.7055
0.7464 0.6548 0.6717
0.8259 0.7321 0.6187
0.8654 0.8515 0.5538
0.8248 0.7598 0.5828
0.7639 0.6334 0.5888
0.4889 0.3192 0.5614
-0.0133 0.1928 0.5406
-0.4023 0.1670 0.5581
-1.3345 0.1296 0.6891
-1.9059 0.1510 0.7731
-1.9498 0.1617 0.7721
-1.6679 0.2042 0.7775
-1.2018 0.1991 0.7610
-0.9799 0.1135 0.7175
-0.6647 -0.0447 0.5530
-0.5897 -0.0234 0.4469
-0.5154 0.2180 0.1891
-0.3525 0.4191 -0.0503
-0.2538 0.4189 -0.1488
-0.1056 0.3371 -0.3057
-0.0394 0.1930 -0.4493
-0.0139 0.1259 -0.5117
0.0814 0.1405 -0.5608
0.1914 0.3379 -0.5675
0.2336 0.4377 -0.5577
0.3238 0.5339 -0.4544
0.3913 0.4258 -0.3069
0.4133 0.3075 -0.2304
0.4229 0.1468 -0.1277
0.2781 -0.0042 -0.1066
0.1277 -0.1042 -0.1045
-0.2441 -0.2239 -0.1021
-0.5879 -0.2032 -0.0946
-0.6957 -0.1802 -0.0733
-0.6984 -0.1062 -0.0178
-0.4947 -0.0202 0.0358
-0.3517 0.0325 0.0893
-0.0892 0.0992 0.2328
0.0832 0.0790 0.3345
0.1535 0.0532 0.3540
0.2796 -0.0297 0.3564
0.3881 -0.1568 0.3747
0.4211 -0.2074 0.3952
0.3961 -0.2828 0.4360
0.3324 -0.2517 0.4491
0.1071 0.0016 0.4505
-0.1556 0.3665 0.4408
-0.2861 0.4343 0.4207
-0.4837 0.3187 0.3950
-0.5152 0.2524 0.4068
-0.4571 0.3474 0.4161
-0.1943 0.8336 0.4615
0.1937 1.4810 0.6015
0.3876 1.7635 0.7173
0.6051 2.0311 0.9481
0.5289 1.8818 1.2339
0.3712 1.6640 1.3461
-0.1127 1.0007 1.4297
-0.5506 0.4184 1.3744
-0.6824 0.2605 1.3002
-0.7589 0.2099 1.1764
-0.5016 0.3930 1.1684
-0.2701 0.5479 1.1579
0.2029 0.8851 1.0695
0.5092 1.0367 1.0067
0.5902 1.0626 1.0000
0.6148 0.9524 0.9636
0.5672 0.7496 0.8554
0.5283 0.6653 0.7816
0.4024 0.5429 0.6056
0.3280 0.4903 0.5101
0.1761 0.3826 0.3547
-0.0011 0.2716 0.2578
-0.0856 0.2184 0.2265
-0.1475 0.1016 0.1765
-0.0653 -0.0333 0.1287
0.0038 -0.1048 0.0936
0.2048 -0.1334 0.0378
0.2955 -0.1033 -0.0199
0.2599 -0.1548 -0.0277
0.0959 -0.2918 -0.0290
-0.0630 -0.3834 -0.0668
-0.1242 -0.3666 -0.1054
-0.2885 -0.3235 -0.2664
-0.6541 -0.4262 -0.5072
-0.8640 -0.5033 -0.6047
-1.0731 -0.6928 -0.7235
-0.6658 -0.6517 -0.7204
-0.2154 -0.4844 -0.6866
0.7931 -0.1615 -0.6190
1.3365 -0.3618 -0.5096
1.3105 -0.7072 -0.4587
0.6265 -1.5968 -0.6151
-0.4929 -2.0670 -1.0108
-0.9385 -2.0034 -1.2257
-1.1936 -1.3517 -1.6108
-0.9974 -0.8805 -1.7427
-0.2407 -0.0160 -1.8181
0.4211 0.0989 -1.6678
0.5614 -0.0632 -1.5249
0.5327 -0.5331 -1.1856
0.3265 -0.9071 -0.9737
0.1988 -0.9932 -0.9354
-0.0626 -0.9587 -0.8955
-0.3123 -0.8214 -0.9323
-0.4227 -0.7256 -0.9618
-0.5802 -0.5657 -0.9726
-0.5850 -0.5592 -0.8310
-0.4940 -0.5500 -0.7268
-0.2151 -0.4397 -0.5398
0.0686 -0.2745 -0.3351
0.1707 -0.1670 -0.2402
0.2756 0.0306 -0.0910
0.2485 0.1639 0.0068
0.1994 0.2359 0.0431
0.0790 0.3674 0.1028
-0.0564 0.4750 0.1360
-0.1532 0.4792 0.1299
-0.2950 0.4305 0.1566
-0.2191 0.3637 0.2255
-0.0956 0.3820 0.2608
0.3222 0.7483 0.3795
0.8445 1.3300 0.5675
1.0296 1.5725 0.6613
1.0280 1.7681 0.8486
0.8412 1.6493 0.9291
0.2079 1.0431 1.0111
-0.5018 0.2781 1.0646
-0.7844 -0.0028 1.0890
-1.0836 -0.2622 1.1269
-0.8051 -0.0819 1.2314
-0.4783 0.1875 1.2688
0.2408 0.8373 1.3113
0.6617 1.0790 1.3871
0.6943 0.9286 1.4555
0.6465 0.8210 1.4565
0.5320 0.6393 1.3751
0.4565 0.5489 1.2341
0.4110 0.5377 1.1369
0.2879 0.4826 0.8939
0.1772 0.3249 0.6538
0.1442 0.2255 0.5473
0.1398 0.0630 0.3831
0.1686 0.0490 0.3184
0.2593 0.0561 0.2252
0.2740 0.0091 0.1515
0.1897 -0.0428 0.1005
-0.0660 -0.1384 -0.0047
-0.2086 -0.2139 -0.0858
-0.2027 -0.2251 -0.1138
-0.0851 -0.1538 -0.1675
-0.1071 -0.2620 -0.2364
-0.2066 -0.3601 -0.2700
-0.5186 -0.6178 -0.3869
-0.6732 -0.9358 -0.5304
-0.5607 -1.0223 -0.5747
0.0825 -0.7580 -0.5808
0.9087 -0.1915 -0.5352
1.1748 -0.0542 -0.5354
1.1870 -0.3104 -0.5708
0.4702 -1.0936 -0.6808
-0.0810 -1.5203 -0.7870
-1.0983 -1.9100 -1.0118
-1.3508 -1.8167 -1.0981
-1.1833 -1.2947 -1.2484
-0.3895 -0.6035 -1.3778
0.2930 -0.3018 -1.4412
0.4354 -0.3401 -1.3792
0.3494 -0.4940 -1.1297
0.2146 -0.5983 -1.0245
-0.0691 -0.7754 -0.8985
-0.3091 -0.8332 -0.8305
-0.3912 -0.8286 -0.8136
-0.5068 -0.7632 -0.8626
-0.5608 -0.6018 -0.9346
-0.5439 -0.4588 -0.9280
-0.3939 -0.1688 -0.8438
-0.1515 -0.0263 -0.6821
-0.0393 0.0047 -0.5826
0.1248 0.0465 -0.3373
0.1834 0.1892 -0.1017
0.1532 0.2952 -0.0155
0.0294 0.4886 0.1132
-0.1181 0.6582 0.1973
-0.2123 0.6437 0.2322
-0.3778 0.5096 0.3645
-0.4370 0.4283 0.4951
-0.4378 0.4280 0.5262
-0.2774 0.6269 0.6326
0.1978 1.0338 0.8642
0.4904 1.2741 1.0291
0.9385 1.6871 1.3232
0.9774 1.7013 1.4927
0.8112 1.5376 1.5104
0.2445 0.8861 1.4490
-0.0720 0.5064 1.4035
-0.5529 0.0765 1.3367
-0.6083 0.1883 1.3203
-0.4213 0.4577 1.3387
0.2209 1.0726 1.4006
0.8159 1.3493 1.4794
0.9802 1.3192 1.5290
1.1477 1.0570 1.6751
1.2497 0.7105 1.7929
1.2896 0.5710 1.8104
1.3131 0.4290 1.7225
1.1901 0.3948 1.4791
1.0904 0.3893 1.3123
0.8549 0.3646 0.8964
0.6057 0.3279 0.4775
0.4725 0.2901 0.3120
0.2766 0.2520 0.1020
0.2302 0.2403 0.0423
0.1783 0.1840 -0.0469
0.1163 0.0727 -0.1064
-0.0246 -0.1374 -0.1543
-0.1209 -0.2387 -0.1675
-0.2554 -0.3217 -0.1524
-0.2634 -0.2727 -0.1254
-0.1981 -0.1032 -0.1150
-0.2091 -0.1146 -0.1996
-0.4065 -0.4445 -0.3155
-0.5314 -0.6963 -0.3705
-0.5618 -1.0327 -0.4102
-0.4103 -1.0300 -0.4117
0.1803 -0.6123 -0.3937
0.7815 -0.1251 -0.4014
0.9371 -0.0666 -0.4113
0.8073 -0.3061 -0.4353
0.1176 -0.8604 -0.5535
-0.3479 -1.1351 -0.6609
-1.2845 -1.4614 -0.9108
-1.8276 -1.2885 -1.0958
-1.8238 -1.0278 -1.1522
-1.2829 -0.3834 -1.1649
-0.5051 -0.2355 -1.0187
-0.2293 -0.3370 -0.9190
-0.0403 -0.4968 -0.6881
-0.2058 -0.5586 -0.4198
-0.3255 -0.5745 -0.3119
-0.4948 -0.6085 -0.1711
-0.5593 -0.6382 -0.1423
-0.6387 -0.6308 -0.0694
-0.6132 -0.4854 0.0237
-0.4913 -0.1878 0.0787
-0.4257 -0.0093 0.0943
-0.2524 0.3240 0.2136
-0.1412 0.4446 0.3058
0.1031 0.6384 0.5218
0.2365 0.7143 0.7585
0.2472 0.8035 0.9550
0.2232 0.8330 1.0304
0.1497 0.9585 1.1897
0.0931 1.0282 1.2611
-0.0287 1.0204 1.3862
-0.1121 0.6629 1.4550
-0.0775 0.3823 1.4699
0.2634 0.0899 1.4189
0.9093 0.5765 1.2680
1.2345 1.0591 1.1948
1.6276 2.0538 1.1929
1.5777 2.6479 1.3068
1.4302 2.7986 1.3597
0.9817 2.8296 1.4909
0.4623 2.3854 1.5944
0.2061 1.9669 1.6183
-0.1867 0.9291 1.6824
-0.2640 0.5406 1.7164
-0.1957 0.2936 1.7294
0.1297 0.4283 1.6924
0.5189 0.6387 1.6574
0.6806 0.7646 1.6647
0.8475 1.0728 1.6412
0.7973 1.3953 1.5157
0.7466 1.5049 1.4299
0.6752 1.5210 1.2417
0.6631 1.4303 1.1449
0.6431 1.1591 0.9600
0.5775 0.9103 0.7636
0.5092 0.8310 0.6662
0.3709 0.8026 0.4713
0.2613 0.9020 0.3199
0.2267 0.9047 0.2759
0.2276 0.7674 0.2744
0.2745 0.7380 0.2758
0.2536 0.8830 0.2385
-0.0200 1.2305 0.1527
-0.6829 0.5284 -0.0040
-0.9683 -0.0899 -0.0920
-1.0388 -0.8892 -0.2671
-0.2422 -0.5898 -0.3223
0.3639 0.1052 -0.2495
1.3070 1.8214 -0.0397
1.4270 2.8073 0.2512
1.2348 2.8741 0.4196
0.6704 2.2962 0.7594
0.1104 1.2623 0.8823
-0.1110 0.7926 0.8592
-0.3661 0.2516 0.7191
-0.3045 0.2163 0.5837
-0.1667 0.3894 0.5458
0.1376 0.7531 0.5557
0.3979 0.8779 0.7538
0.4874 0.9320 0.8473
0.5463 0.9955 0.9080
0.5569 0.9318 0.8861
0.5684 0.8594 0.8584
0.5630 0.6672 0.7705
0.5180 0.6050 0.7159
0.4167 0.6386 0.6512
0.3578 0.7610 0.6334
0.3462 0.8518 0.6336
0.3433 1.0015 0.6657
0.4272 1.1838 0.7827
0.4918 1.2927 0.8471
0.5023 1.4621 0.9720
0.3288 1.4626 1.1002
0.2123 1.3823 1.1323
-0.0227 1.1723 1.1112
-0.1653 0.9689 1.0565
-0.1387 0.9199 1.0262
0.1011 0.9879 0.9764
0.4419 1.1364 0.9682
0.5743 1.1733 0.9980
0.7119 1.1576 1.1350
0.7708 1.0526 1.3143
0.8399 1.0200 1.3835
1.0354 1.2070 1.4529
1.0084 1.6108 1.4371
0.9061 1.8613 1.4362
0.6257 2.2858 1.4072
0.4885 2.3984 1.3682
0.2851 2.4141 1.2609
0.1739 2.1658 1.1496
0.0342 1.8908 1.0791
-0.0649 1.8101 1.0372
-0.2344 1.6925 0.9408
-0.2745 1.6008 0.9042
-0.2246 1.3149 0.9340
-0.0242 1.0673 1.0110
0.0921 0.9687 1.0258
0.2727 0.8188 0.9331
0.3212 0.7951 0.7381
0.2838 0.8269 0.6427
0.0957 0.9602 0.4540
-0.2273 1.0388 0.3349
-0.3794 0.9923 0.3208
-0.4897 0.7659 0.3720
-0.2934 0.6123 0.4345
-0.1277 0.5943 0.4582
0.1570 0.6781 0.4780
0.2123 0.7703 0.5056
0.1667 1.0814 0.6107
0.0143 1.4152 0.7186
-0.0949 1.5647 0.7917
-0.1192 1.5569 0.8346
-0.1480 1.4306 0.9384
-0.1492 1.3658 0.9877
-0.1234 1.2268 1.0756
-0.0424 1.0936 1.1692
-0.0086 1.0264 1.2056
-0.0140 0.8314 1.2573
-0.1038 0.5111 1.2402
-0.1279 0.3895 1.1907
-0.0238 0.5010 0.9386
0.2223 1.0099 0.5881
0.2969 1.2846 0.4689
0.1654 1.3577 0.4222
-0.2738 0.8490 0.4471
-0.4476 0.5838 0.4490
-0.3998 0.4197 0.3222
0.0619 0.7237 0.0669
0.3007 1.0213 -0.0419
0.5268 1.5207 -0.0894
0.4016 1.5965 0.1227
0.2508 1.4195 0.2892
-0.1103 0.8139 0.6064
-0.4812 0.1692 0.7837
-0.6123 -0.0703 0.8022
-0.7002 -0.1882 0.6718
-0.6291 -0.0594 0.5531
-0.2771 0.5144 0.2843
0.0615 0.9068 0.1688
0.1089 0.7351 0.2757
0.0662 0.5203 0.3939
0.0194 0.0715 0.5787
0.0960 -0.2251 0.5131
0.1620 -0.3311 0.4282
0.2811 -0.5098 0.2346
0.2986 -0.7638 0.0667
0.2446 -0.8870 0.0046
0.0279 -1.0642 -0.1085
-0.0740 -1.1304 -0.1695
-0.1461 -1.2751 -0.2882
-0.0132 -1.4747 -0.4212
0.0461 -1.5227 -0.5203
-0.0414 -1.3315 -0.7737
-0.3004 -0.8832 -1.0932
-0.4254 -0.6187 -1.2501
-0.6275 -0.2200 -1.4794
-0.6737 -0.0419 -1.5349
-0.6053 0.0167 -1.4995
-0.3662 0.0972 -1.2997
-0.2509 0.0705 -1.1571
-0.1059 -0.0163 -0.7639
-0.0892 0.0977 -0.3049
-0.2921 0.2905 0.1412
-0.4591 0.2817 0.3400
-0.7727 0.1260 0.6501
-0.8299 0.0179 0.7324
-0.5852 0.0162 0.7605
0.0467 0.4618 0.6255
0.4039 0.8390 0.5479
0.9845 1.6385 0.5397
1.2493 2.1832 0.7661
1.2613 2.3327 0.9124
1.0511 2.2877 1.2109
0.5828 1.7470 1.4386
0.2934 1.3531 1.4897
-0.2366 0.6607 1.4453
-0.5548 0.5001 1.2304
-0.6368 0.5592 1.1073
-0.6967 0.7326 0.9237
-0.5036 0.9313 0.8852
-0.2818 1.0399 0.9067
0.2964 1.1427 1.0055
0.7818 1.1245 1.1359
0.9321 1.0841 1.1672
1.0506 0.9554 1.1010
0.9866 0.8125 0.9295
0.8960 0.7091 0.8241
0.6463 0.5090 0.6440
0.3931 0.3703 0.5045
0.2782 0.3126 0.4373
0.1101 0.1989 0.2909
0.0597 0.1405 0.2207
0.0336 0.0917 0.1108
0.0972 0.1000 0.0313
0.0928 -0.0060 0.0084
0.0051 -0.0803 0.0122
-0.2951 -0.2730 0.0307
-0.4294 -0.3877 0.0567
-0.5600 -0.5051 0.1078
-0.6433 -0.5755 0.0641
-0.7177 -0.6730 0.0171
-0.9332 -0.9734 -0.1268
-1.0758 -1.2414 -0.3442
-0.9847 -1.2398 -0.4723
-0.3282 -0.6888 -0.7083
0.5943 0.0014 -0.7738
0.9176 0.1164 -0.7424
1.0530 -0.2924 -0.5929
0.4200 -1.3481 -0.5138
-0.1221 -1.8424 -0.5705
-1.1211 -2.0997 -0.8501
-1.4450 -1.3514 -1.2256
-1.3309 -0.8157 -1.4046
-0.8059 0.0138 -1.5932
-0.2743 0.2662 -1.5544
-0.0984 0.1563 -1.4746
0.0559 -0.3273 -1.2193
0.0568 -0.7162 -0.9026
0.0048 -0.8388 -0.7805
-0.1927 -0.9819 -0.6550
-0.3355 -0.9992 -0.6470
-0.6525 -0.9827 -0.6833
-0.8684 -0.9166 -0.6470
-0.8835 -0.8014 -0.5160
-0.8074 -0.7189 -0.4291
-0.4550 -0.4755 -0.2021
-0.2220 -0.3263 -0.0858
0.2058 -0.1017 0.1404
0.4467 0.0457 0.3516
0.4759 0.0623 0.4246
0.4096 -0.0005 0.4659
0.3702 0.0129 0.4159
0.3814 0.1006 0.3586
0.3285 0.2425 0.1846
0.1811 0.3406 0.0355
0.1469 0.4628 -0.0185
0.2818 0.8642 -0.0692
0.6585 1.3863 0.0437
0.8704 1.6888 0.1636
1.1559 2.1517 0.4589
1.0799 2.2442 0.8031
0.8785 2.1114 0.9525
0.1702 1.2958 1.1568
-0.2568 0.6649 1.2298
-0.8579 -0.2347 1.3650
-0.7836 -0.1961 1.3468
-0.4808 0.1500 1.3099
0.3577 1.2296 1.2032
0.9918 1.8049 1.1454
1.1358 1.7910 1.1636
1.2175 1.3868 1.3020
1.1589 0.8959 1.3527
1.0968 0.7414 1.2957
0.9253 0.6582 1.0256
0.5960 0.7043 0.6224
0.3693 0.7065 0.4392
-0.1452 0.5383 0.3836
-0.5324 0.3571 0.1070
-0.6618 0.3611 -0.0723
-0.6983 0.0176 -0.2612
-0.4736 -0.1286 -0.2874
-0.3173 0.0883 -0.3025
-0.2131 0.3331 -0.3874
-0.4158 0.2246 -0.3850
-0.5589 0.0703 -0.3138
-0.7405 -0.1956 -0.1463
-0.8019 -0.3370 -0.2079
-0.8313 -0.4314 -0.3042
-0.9154 -0.7827 -0.5577
-0.8437 -1.0463 -0.7808
-0.6026 -0.9373 -0.8561
0.2333 -0.3695 -0.8705
0.9713 -0.0046 -0.7156
1.1111 -0.0789 -0.6382
0.8189 -0.6911 -0.5884
0.3914 -1.1679 -0.6782
-0.6389 -1.8985 -1.0245
-1.1603 -1.7981 -1.3696
-0.8896 -1.2877 -1.5894
-0.5760 -1.0539 -1.6303
0.0333 -0.8331 -1.5628
0.2230 -0.8165 -1.4798
0.2800 -0.8871 -1.2627
0.0688 -0.9440 -1.0349
-0.0593 -0.9818 -0.9409
-0.2616 -0.9684 -0.8083
-0.4414 -0.8705 -0.7766
-0.5417 -0.8467 -0.7630
-0.6481 -0.8017 -0.6767
-0.5565 -0.6673 -0.5050
-0.4710 -0.5962 -0.4155
-0.3231 -0.4933 -0.2891
-0.1822 -0.3382 -0.2363
-0.0937 -0.2529 -0.2309
0.0623 -0.0956 -0.2261
0.1085 -0.0391 -0.2205
0.1171 -0.0300 -0.2315
0.1137 0.0158 -0.2706
0.1899 0.3217 -0.3365
0.2507 0.4818 -0.3632
0.3339 0.6605 -0.3583
0.3906 0.8294 -0.2475
0.4097 0.9308 -0.1744
0.4376 1.1108 -0.0166
0.4912 1.2157 0.0718
0.6855 1.5608 0.3114
0.8057 1.9704 0.6054
0.7626 2.0984 0.7419
0.3829 2.0575 0.9653
-0.3630 1.4913 1.0405
-0.7787 1.0610 1.0373
-1.3319 0.2723 1.0402
-1.1758 0.1310 1.0949
-0.8266 0.2821 1.1484
0.0700 0.8050 1.2651
0.7206 1.1619 1.3584
0.8650 1.1331 1.3883
0.9025 0.8608 1.4393
0.8207 0.5550 1.4125
0.7941 0.4332 1.3475
0.7784 0.2521 1.0549
0.6947 0.2158 0.5189
0.5988 0.2457 0.2000
0.3035 0.3394 -0.3496
-0.0411 0.4822 -0.6553
-0.1796 0.5191 -0.7260
-0.3365 0.4956 -0.7338
-0.3634 0.4226 -0.6763
-0.3793 0.1452 -0.4835
-0.4650 -0.1506 -0.2724
-0.5522 -0.3509 -0.1925
-0.7815 -0.7058 -0.0197
-0.9796 -0.7859 0.1017
-1.0402 -0.7777 0.0878
-1.1054 -0.8138 -0.0645
-1.0413 -1.0751 -0.2022
-0.8506 -1.1105 -0.1967
-0.0282 -0.6689 -0.0663
1.0774 0.0682 0.0907
1.5144 0.2773 0.1040
1.7441 0.1766 -0.0115
0.9014 -0.5808 -0.4139
0.2055 -1.0070 -0.6807
-1.0914 -1.4168 -1.1748
-1.4672 -0.9796 -1.4156
-1.2405 -0.6244 -1.4259
-0.2766 -0.0739 -1.2556
0.5960 0.0149 -1.0197
0.8109 -0.0393 -0.8986
0.7487 -0.2775 -0.6858
0.3061 -0.4345 -0.5200
0.0621 -0.4315 -0.4499
-0.4523 -0.3964 -0.3392
-0.7003 -0.5044 -0.2740
-1.1948 -0.9165 -0.2169
-1.4916 -1.1914 -0.1649
-1.3489 -0.8550 -0.0339
-1.1619 -0.5283 0.0365
-0.7413 -0.1082 0.2369
-0.5441 -0.0018 0.3811
-0.2106 0.1290 0.6870
0.0248 0.3468 0.9194
0.0956 0.4647 0.9955
0.1493 0.6795 1.0779
0.0587 0.7220 1.0315
-0.0365 0.6870 0.9820
-0.1999 0.6831 0.9380
-0.3133 0.6651 0.9811
-0.3995 0.5823 1.0031
-0.2007 0.5118 1.0019
0.1314 0.9559 0.9609
0.1803 1.0969 1.0915
-0.0616 0.9792 1.4198
-0.6058 0.3691 1.4307
-0.7618 0.2300 1.3551
-0.8064 0.3514 1.2679
-0.4943 0.9363 1.4984
-0.2461 1.3002 1.7456
0.3362 1.8142 2.3460
0.6226 1.9015 2.6224
1.0773 1.7757 2.9020
1.0472 1.2878 2.4524
0.4042 0.3280 1.8009
0.0739 0.2467 1.5886
-0.4554 0.3146 1.4205
-0.5004 0.7885 1.4785
-0.3596 1.0204 1.5005
0.0775 1.3811 1.5215
0.2950 1.4574 1.5372
0.5733 1.4642 1.5807
0.6138 1.2873 1.5766
0.5357 1.0712 1.4900
0.5042 0.9950 1.4272
0.4937 0.9038 1.2669
0.4564 0.8293 1.1828
0.2394 0.7055 1.1078
0.0150 0.6742 1.0795
-0.0596 0.6590 1.0298
-0.0817 0.6954 0.9410
0.0516 0.7841 0.9145
0.1229 0.8261 0.9103
0.1419 0.7910 0.8530
-0.1402 0.4603 0.6919
-0.3312 0.2470 0.5800
-0.5260 0.0684 0.4126
-0.2855 0.1050 0.4200
-0.0677 0.1680 0.3742
0.3718 0.2484 0.5522
0.7374 0.4153 0.9694
0.8588 0.4773 1.1194
0.9596 0.4896 1.2140
0.8375 0.4200 1.1387
-0.1290 -0.0067 0.7298
-1.2618 -0.2353 0.4218
-1.7254 -0.3458 0.3458
-2.0953 -0.4566 0.3507
-1.6242 -0.1980 0.4380
-0.9913 0.3043 0.6832
-0.6037 0.5380 0.9835
0.1199 0.7833 1.5632
0.4312 0.7585 1.7682
0.9598 0.5691 1.9972
1.0694 0.3350 1.7575
1.0010 0.2394 1.6232
0.7030 0.2134 1.4090
0.3733 0.2962 1.3011
0.2541 0.3650 1.2747
0.1522 0.5422 1.2060
0.2576 0.6474 1.1371
0.3432 0.6716 1.1126
0.4705 0.6678 1.0428
0.5274 0.6191 0.9627
0.5536 0.6441 0.9160
0.5481 0.7846 0.8287
0.4602 0.9238 0.7830
0.3872 0.9207 0.7726
0.2671 0.7856 0.7786
0.2298 0.7079 0.7896
0.2061 0.6059 0.8007
0.1787 0.5878 0.8158
0.1106 0.5465 0.8568
0.0705 0.5093 0.8689
0.0148 0.4412 0.8397
0.0105 0.4112 0.7914
0.0452 0.3665 0.6744
0.1571 0.4758 0.5474
0.2188 0.5432 0.4843
0.3215 0.4948 0.4030
0.3627 0.3643 0.3873
0.3407 0.2923 0.3717
0.2571 0.1854 0.3407
0.2108 0.1809 0.3184
0.2117 0.2126 0.3143
0.2661 0.3377 0.3586
0.3536 0.5243 0.4350
0.3873 0.5931 0.4922
0.3753 0.5867 0.6087
0.1975 0.3258 0.6532
0.0393 0.0270 0.6166
-0.2088 -0.3993 0.4976
-0.0574 -0.1174 0.3550
0.1936 0.2032 0.2830
0.6981 0.7799 0.2156
0.8126 0.8833 0.2428
0.6973 0.7560 0.3656
0.2457 0.3295 0.3984
-0.0088 0.1522 0.3819
-0.4390 0.1801 0.3118
-0.7387 0.4475 0.3158
-0.7941 0.7855 0.4236
-0.7066 0.8740 0.4830
-0.4153 0.8578 0.5749
-0.2431 0.8517 0.5785
0.2107 0.9315 0.4271
0.6474 0.9555 0.3654
0.7683 0.9616 0.4975
0.7118 0.8795 0.8694
0.6827 0.7802 0.9320
0.8148 0.8005 0.8572
1.2053 0.9603 0.6526
1.2322 1.1448 0.4567
1.0737 1.0822 0.3892
0.7321 0.7513 0.2478
0.6939 0.6360 0.0140
0.7869 0.6964 -0.0869
1.0681 0.8313 -0.0757
1.2582 0.8300 0.1862
1.2615 0.6963 0.3164
1.1801 0.1708 0.3755
1.1879 -0.0436 0.2778
1.3170 -0.0639 -0.0054
1.1073 0.1370 -0.1245
0.8868 0.2450 -0.0638
0.4683 0.4096 0.1275
0.2330 0.4582 0.1391
0.1396 0.4814 0.0715
0.0759 0.4714 -0.0314
0.2081 0.2874 -0.0537
0.3164 0.2255 -0.0521
0.5247 0.3088 -0.0350
0.5384 0.2432 0.0332
0.4527 0.2123 0.0892
0.2945 0.2514 0.1924
0.3339 0.2696 0.1563
0.3463 0.2223 0.1037
0.2944 0.0416 0.0385
0.2513 -0.1101 0.0753
0.2658 -0.0206 0.1153
0.1881 0.1806 0.0720
0.0323 0.3740 -0.0036
-0.0289 0.2776 0.0000
-0.0599 -0.1012 -0.0620
0.0213 -0.3104 -0.1923
0.0565 -0.3254 -0.2040
0.1085 -0.1254 -0.0633
0.1360 0.0901 0.0459
0.1484 0.1227 0.0307
0.1358 0.0724 -0.0209
0.0788 -0.0022 -0.0168
0.0107 -0.0334 -0.0076
-0.0787 -0.0710 0.0374
-0.0927 -0.0801 0.0426
-0.0286 -0.0442 0.0579
0.0403 -0.0419 0.0834
0.0536 -0.0036 0.0975
0.0379 -0.0023 0.1186
-0.0023 -0.0408 0.1223
0.0052 0.0260 0.0599
0.0152 0.1091 -0.0023
0.0256 0.0993 0.0436
0.0356 0.0708 0.0549
0.0729 0.0055 0.0478
0.0939 -0.0236 0.0293
0.0803 -0.0123 0.0163
0.0774 0.0848 0.0041
0.0862 0.0781 -0.0142
0.0815 0.0622 -0.0141
0.0522 0.0576 -0.0290
0.0412 0.0315 -0.0229
0.0676 0.0186 -0.0199
0.1084 -0.0225 -0.0220
0.1037 0.0122 -0.0021
0.0919 -0.0066 -0.0052
0.0658 0.0156 0.0164
0.0387 0.0784 0.0390
0.0376 0.0902 0.0515
0.0703 0.0605 0.0515
0.0914 0.0561 0.0485
0.1160 0.0492 0.0450
0.1042 0.0076 0.0332
0.0877 0.0058 0.0263
0.0473 -0.0112 0.0274
0.0282 0.0020 0.0535
0.0457 -0.0088 0.0511
0.0598 -0.0131 0.0393
0.0312 0.0220 0.0323
0.0201 0.0391 0.0315
0.0223 0.0761 0.0198
0.0005 0.0994 0.0018
-0.0170 0.0968 0.0062
-0.0342 0.0366 0.0129
0.0285 0.0307 0.0062
0.0497 0.0447 -0.0043
0.0699 0.0595 0.0122
0.0672 0.0519 0.0089
0.0664 0.0485 -0.0007
0.0601 0.0549 0.0073
0.0474 0.0467 0.0035
0.0450 0.0311 0.0087
0.0910 0.0041 0.0050
0.1247 0.0018 0.0019
0.1276 0.0475 -0.0116
0.0732 0.0846 -0.0026
0.0599 0.0747 -0.0026
0.0699 0.0227 0.0009
0.0963 0.0339 -0.0071
0.0951 0.0446 -0.0055
0.1113 0.0681 0.0026
0.1651 0.0654 0.0013
0.1784 0.0562 0.0001
0.1620 0.0438 -0.0011
0.1278 0.0576 -0.0191
0.1038 0.0621 -0.0194
0.0919 0.0522 0.0039
0.1243 0.0612 0.0078
0.1323 0.0552 0.0058
0.0925 0.0429 0.0147
0.0344 0.0305 0.0340
0.0404 0.0503 0.0316
0.0972 0.0614 0.0276
0.1113 0.0575 0.0274
0.0859 0.0464 0.0175
0.0439 0.0463 0.0136
0.0234 0.0180 0.0170
0.0208 0.0072 0.0087
0.0259 -0.0101 -0.0032
0.0332 -0.0228 0.0084
0.0404 -0.0054 0.0124
0.0571 0.0287 0.0171
0.0645 0.0331 0.0068
0.0603 0.0327 0.0047
0.0537 0.0201 -0.0012
0.0419 0.0040 0.0048
0.0436 -0.0051 -0.0020
0.0701 -0.0096 -0.0176
0.0687 -0.0082 -0.0247
0.0498 -0.0116 -0.0113
0.0173 -0.0056 -0.0126
0.0075 -0.0143 -0.0098
0.0205 -0.0201 -0.0096
0.0680 -0.0267 -0.0100
0.0785 -0.0206 -0.0053
0.0455 0.0152 -0.0038
-0.0120 0.0278 0.0039
-0.0168 0.0205 0.0057
0.0277 0.0021 0.0076
0.0821 -0.0184 -0.0111
0.0867 -0.0209 -0.0223
0.0544 0.0069 -0.0121
0.0204 0.0037 0.0105
0.0191 -0.0093 0.0146
0.0420 -0.0377 0.0050
0.0644 -0.0122 0.0025
0.0590 0.0095 -0.0022
0.0334 0.0083 -0.0006
0.0325 -0.0192 -0.0040
0.0376 -0.0195 -0.0074
0.0344 -0.0028 -0.0003
0.0308 0.0026 0.0129
0.0511 -0.0142 0.0220
0.0485 -0.0146 0.0109
0.0417 -0.0084 0.0077
0.0443 0.0096 -0.0064
0.0431 0.0306 -0.0082
0.0274 0.0173 0.0014
0.0200 0.0014 0.0027
0.0402 -0.0170 -0.0277
0.0387 -0.0200 -0.0286
0.0015 -0.0233 -0.0240
-0.0013 -0.0185 -0.0190
0.0149 -0.0092 -0.0193
0.0411 0.0154 0.0044
0.0322 0.0150 0.0167
0.0177 0.0062 0.0126
0.0087 -0.0200 -0.0013
0.0197 -0.0032 -0.0119
0.0264 0.0185 -0.0107
0.0487 0.0239 -0.0166
0.0495 0.0031 -0.0111
0.0371 -0.0035 0.0008
0.0136 0.0045 0.0141
0.0084 0.0053 0.0128
0.0224 0.0301 0.0132
0.0340 0.0319 0.0047
0.0315 0.0298 -0.0040
0.0066 0.0180 -0.0021
0.0125 0.0233 -0.0013
0.0308 0.0270 -0.0041
0.0513 0.0295 -0.0007
0.0329 0.0422 0.0140
0.0169 0.0338 0.0169
0.0176 0.0094 0.0125
0.0316 0.0270 0.0037
0.0261 0.0552 0.0089
0.0068 0.0698 0.0122
0.0034 0.0224 0.0118
0.0155 -0.0070 0.0011
0.0204 0.0053 -0.0001
0.0182 0.0484 0.0016
0.0170 0.0585 -0.0062
0.0280 0.0294 -0.0115
0.0464 -0.0067 -0.0022
0.0660 -0.0210 0.0090
0.0762 -0.0527 0.0056
0.0340 -0.0114 0.0115
-0.0088 0.0390 0.0152
-0.0403 0.0815 0.0304
-0.0178 0.0629 0.0166
-0.0026 0.0394 0.0174
0.0124 -0.0055 0.0261
0.0106 0.0001 0.0118
-0.0057 0.0081 -0.0139
0.0113 -0.0087 -0.0092
0.0222 -0.0042 0.0007
0.0024 -0.0027 -0.0007
-0.0291 -0.0070 0.0132
-0.0410 -0.0075 0.0072
-0.0486 0.0009 0.0046
-0.0705 -0.0259 0.0085
-0.0642 -0.0385 0.0065
-0.0478 -0.0405 0.0005
-0.0229 -0.0246 -0.0023
-0.0151 -0.0283 -0.0063
-0.0248 -0.0419 0.0040
-0.0400 -0.0223 0.0126
-0.0348 -0.0146 0.0139
0.0013 0.0026 0.0125
0.0293 -0.0010 -0.0025
0.0224 -0.0041 -0.0045
0.0092 -0.0204 0.0004
0.0154 -0.0052 -0.0038
0.0169 0.0020 -0.0012
0.0078 -0.0145 0.0022
0.0072 -0.0019 -0.0052
0.0125 -0.0050 -0.0067
0.0342 0.0056 -0.0032
0.0224 0.0105 -0.0103
0.0107 -0.0031 -0.0025
0.0032 -0.0156 0.0102
0.0169 -0.0142 0.0122
0.0531 -0.0086 0.0083
0.0557 0.0039 0.0120
0.0257 0.0321 0.0276
0.0193 0.0301 0.0284
0.0487 0.0022 0.0173
0.0592 -0.0223 0.0060
0.0506 -0.0104 0.0077
0.0307 0.0274 0.0238
0.0444 0.0225 0.0223
0.0793 0.0217 0.0050
0.0585 0.0139 -0.0045
0.0455 0.0158 0.0034
0.0359 0.0298 -0.0034
0.0342 0.0302 -0.0165
0.0300 0.0260 -0.0127
0.0371 -0.0031 -0.0032
0.0335 0.0005 0.0003
0.0285 0.0033 0.0094
0.0251 -0.0033 0.0111
0.0326 -0.0181 0.0143
0.0430 -0.0253 0.0246
0.0539 0.0069 0.0185
-0.0024 0.0465 0.0129
-0.0266 0.0366 0.0152
-0.0202 -0.0373 -0.0006
-0.0040 -0.0541 -0.0052
0.0465 -0.0569 0.0003
0.0784 -0.0177 -0.0050
0.0629 -0.0163 -0.0021
0.0192 -0.0053 0.0010
-0.0260 0.0691 0.0351
-0.0298 0.0773 0.0429
-0.0156 0.0426 0.0387
-0.0049 -0.0130 0.0189
-0.0051 -0.0010 0.0155
0.0103 0.0558 0.0242
-0.0214 0.0159 0.0066
-0.0390 -0.0026 0.0058
-0.0412 -0.0213 -0.0105
-0.0199 -0.0223 -0.0103
-0.0119 -0.0167 -0.0042
0.0043 0.0104 -0.0136
0.0215 0.0166 -0.0087
0.0157 0.0219 -0.0057
-0.0177 0.0048 0.0114
-0.0228 -0.0324 0.0222
-0.0117 -0.0379 0.0111
0.0087 -0.0171 0.0018
0.0074 0.0264 0.0098
-0.0073 0.0347 0.0203
-0.0269 0.0078 0.0229
0.0184 -0.0418 0.0047
0.0412 -0.0436 -0.0021
0.0482 0.0083 -0.0074
0.0364 0.0287 -0.0070
0.0126 0.0408 -0.0120
0.0245 0.0105 -0.0076
0.0192 0.0009 -0.0247
0.0076 0.0040 -0.0359
0.0046 0.0100 -0.0196
0.0222 0.0165 -0.0201
0.0337 0.0111 -0.0138
0.0357 0.0105 -0.0117
0.0310 0.0174 -0.0073
0.0110 0.0235 -0.0001
-0.0104 0.0240 0.0053
-0.0170 0.0324 0.0010
-0.0196 0.0429 0.0010
-0.0265 0.0292 0.0020
-0.0318 0.0430 -0.0099
-0.0359 0.0898 -0.0218
0.0860 0.1880 -0.1179
0.0391 0.0567 -0.1154
-0.0929 -0.0084 0.0136
-0.1513 -0.0015 0.0511
-0.1064 -0.0064 0.0433
0.1137 0.0560 -0.0540

