0.0328 -0.8262 -0.5330
0.0173 -0.8305 -0.5172
0.0173 -0.8305 -0.5172
0.0201 -0.8337 -0.5169
0.0201 -0.8364 -0.5404
0.0158 -0.8287 -0.5325
0.0202 -0.8347 -0.5296
0.0239 -0.8345 -0.5289
0.0239 -0.8345 -0.5289
0.0256 -0.8319 -0.5302
0.0294 -0.8321 -0.5384
0.0312 -0.8315 -0.5482
0.0265 -0.8312 -0.5447
0.0219 -0.8324 -0.5369
0.0219 -0.8324 -0.5369
0.0202 -0.8280 -0.5310
0.0235 -0.8267 -0.5285
0.0207 -0.8287 -0.5241
0.0213 -0.8311 -0.5316
0.0213 -0.8311 -0.5316
0.0272 -0.8323 -0.5305
0.0268 -0.8319 -0.5332
0.0256 -0.8335 -0.5312
0.0275 -0.8367 -0.5428
0.0231 -0.8361 -0.5396
0.0231 -0.8361 -0.5396
0.0287 -0.8381 -0.5367
0.0307 -0.8354 -0.5358
0.0271 -0.8261 -0.5291
0.0229 -0.8336 -0.5316
0.0306 -0.8303 -0.5201
0.0306 -0.8303 -0.5201
0.0440 -0.8324 -0.5340
0.0417 -0.8248 -0.5171
0.0314 -0.8303 -0.4985
0.0251 -0.8425 -0.5266
0.0215 -0.8350 -0.5364
0.0215 -0.8350 -0.5364
0.0218 -0.8234 -0.5406
0.0205 -0.8224 -0.5347
0.0235 -0.8379 -0.5461
0.0294 -0.8303 -0.5438
0.0307 -0.8248 -0.5439
0.0307 -0.8248 -0.5439
0.0204 -0.8300 -0.5347
0.0193 -0.8346 -0.5238
0.0284 -0.8423 -0.5272
0.0329 -0.8340 -0.5337
0.0329 -0.8340 -0.5337
0.0338 -0.8265 -0.5398
0.0331 -0.8299 -0.5353
0.0282 -0.8355 -0.5472
0.0302 -0.8306 -0.5475
0.0245 -0.8269 -0.5441
0.0245 -0.8269 -0.5441
0.0286 -0.8330 -0.5357
0.0245 -0.8348 -0.5410
0.0278 -0.8297 -0.5500
0.0403 -0.8291 -0.5340
0.0342 -0.8335 -0.5311
0.0342 -0.8335 -0.5311
0.0381 -0.8344 -0.5405
0.0387 -0.8230 -0.5367
0.0324 -0.8232 -0.5368
0.0305 -0.8268 -0.5264
0.0320 -0.8281 -0.5332
0.0320 -0.8281 -0.5332
0.0393 -0.8235 -0.5354
0.0406 -0.8244 -0.5369
0.0351 -0.8264 -0.5366
0.0287 -0.8333 -0.5404
0.0287 -0.8333 -0.5404
0.0305 -0.8348 -0.5408
0.0397 -0.8298 -0.5309
0.0366 -0.8270 -0.5267
0.0345 -0.8358 -0.5319
0.0345 -0.8358 -0.5319
0.0320 -0.8346 -0.5428
0.0339 -0.8301 -0.5350
0.0361 -0.8343 -0.5320
0.0293 -0.8362 -0.5273
0.0332 -0.8340 -0.5378
0.0332 -0.8340 -0.5378
0.0395 -0.8313 -0.5376
0.0417 -0.8268 -0.5393
0.0466 -0.8241 -0.5404
0.0355 -0.8401 -0.5545
0.0335 -0.8280 -0.5319
0.0335 -0.8280 -0.5319
0.0302 -0.8411 -0.5500
0.0247 -0.8244 -0.5422
0.0340 -0.8259 -0.5409
0.0296 -0.8040 -0.5187
0.0562 -0.8253 -0.5357
0.0381 -0.8391 -0.5322
0.0381 -0.8391 -0.5322
0.0345 -0.8457 -0.5278
0.0330 -0.8318 -0.5326
0.0330 -0.8318 -0.5326
0.0346 -0.8289 -0.5324
0.0362 -0.8324 -0.5294
0.0363 -0.8308 -0.5239
0.0358 -0.8330 -0.5354
0.0309 -0.8346 -0.5294
0.0309 -0.8346 -0.5294
0.0302 -0.8282 -0.5278
0.0332 -0.8332 -0.5188
0.0389 -0.8340 -0.5307
0.0363 -0.8327 -0.5404
0.0389 -0.8248 -0.5395
0.0389 -0.8248 -0.5395
0.0398 -0.8333 -0.5427
0.0325 -0.8329 -0.5322
0.0234 -0.8349 -0.5286
0.0250 -0.8355 -0.5319
0.0293 -0.8309 -0.5239
0.0293 -0.8309 -0.5239
0.0336 -0.8326 -0.5250
0.0337 -0.8282 -0.5235
0.0370 -0.8255 -0.5338
0.0346 -0.8268 -0.5305
0.0302 -0.8332 -0.5175
0.0302 -0.8332 -0.5175
0.0385 -0.8418 -0.5262
0.0388 -0.8347 -0.5274
0.0374 -0.8316 -0.5277
0.0340 -0.8288 -0.5108
0.0341 -0.8339 -0.5179
0.0341 -0.8339 -0.5179
0.0353 -0.8318 -0.5236
0.0370 -0.8296 -0.5279
0.0351 -0.8222 -0.5213
0.0326 -0.8201 -0.5164
0.0326 -0.8201 -0.5164
0.0289 -0.8346 -0.5211
0.0361 -0.8342 -0.5215
0.0457 -0.8230 -0.5326
0.0535 -0.8123 -0.5177
0.0569 -0.8132 -0.5056
0.0569 -0.8132 -0.5056
0.0487 -0.8224 -0.5052
0.0462 -0.8240 -0.5252
0.0528 -0.8201 -0.5310
0.0568 -0.8164 -0.5385
0.0607 -0.7977 -0.5327
0.0607 -0.7977 -0.5327
0.0400 -0.7836 -0.5157
-0.0193 -0.8627 -0.5568
-0.0220 -0.8228 -0.5610
-0.0247 -0.8148 -0.5629
0.0145 -0.8103 -0.5742
0.0145 -0.8103 -0.5742
0.0322 -0.8077 -0.5616
0.0471 -0.8096 -0.5615
0.0634 -0.7990 -0.5490
0.0750 -0.7925 -0.5396
0.0750 -0.7925 -0.5396
0.0885 -0.7862 -0.5397
0.0907 -0.7803 -0.5461
0.0863 -0.7780 -0.5493
0.0778 -0.7921 -0.5363
0.0746 -0.8042 -0.5248
0.0746 -0.8042 -0.5248
0.0871 -0.7951 -0.5235
0.1152 -0.7651 -0.5194
0.1408 -0.7621 -0.5056
0.1491 -0.7754 -0.4884
0.1403 -0.7783 -0.4513
0.1403 -0.7783 -0.4513
0.1530 -0.7792 -0.4223
0.1810 -0.7665 -0.4190
0.2141 -0.7425 -0.4414
0.2395 -0.7270 -0.4678
0.2588 -0.7035 -0.5090
0.2588 -0.7035 -0.5090
0.2704 -0.7077 -0.5530
0.2749 -0.7032 -0.6177
0.2821 -0.6823 -0.6722
0.2854 -0.6884 -0.6924
0.2854 -0.6884 -0.6924
0.2841 -0.7034 -0.7029
0.2724 -0.6941 -0.7017
0.2665 -0.6790 -0.7025
0.2637 -0.6673 -0.6913
0.2506 -0.6697 -0.6934
0.2506 -0.6697 -0.6934
0.2260 -0.6594 -0.7107
0.1936 -0.6434 -0.7382
0.1781 -0.6381 -0.7559
0.1953 -0.6698 -0.7959
0.1753 -0.6584 -0.7945
0.1753 -0.6584 -0.7945
0.1457 -0.6692 -0.7878
0.1369 -0.6783 -0.7701
0.1327 -0.6940 -0.7570
0.1204 -0.7173 -0.7524
0.0955 -0.7478 -0.7605
0.0955 -0.7478 -0.7605
0.0730 -0.7587 -0.7609
0.0665 -0.7307 -0.7647
0.0735 -0.7096 -0.7716
0.0829 -0.6624 -0.7799
0.0724 -0.6404 -0.8119
0.0724 -0.6404 -0.8119
0.0312 -0.6278 -0.8137
-0.0234 -0.6269 -0.7747
-0.0832 -0.6161 -0.7375
-0.1167 -0.6146 -0.7121
-0.1167 -0.6146 -0.7121
-0.1438 -0.6033 -0.7603
-0.1483 -0.5772 -0.8447
-0.1448 -0.5320 -0.9993
-0.1558 -0.4730 -1.0835
-0.1678 -0.4160 -1.0931
-0.1635 -0.4545 -1.0488
-0.1588 -0.5004 -1.0066
-0.1624 -0.5044 -0.9608
-0.1628 -0.4996 -0.9329
-0.1591 -0.4997 -0.9022
-0.1591 -0.4997 -0.9022
-0.1494 -0.4932 -0.8821
-0.1291 -0.4884 -0.8634
-0.1121 -0.4950 -0.8394
-0.0864 -0.4971 -0.7748
-0.0711 -0.5092 -0.7045
-0.0711 -0.5092 -0.7045
-0.0342 -0.5557 -0.7019
-0.0186 -0.5812 -0.7028
-0.0228 -0.5948 -0.7351
-0.0401 -0.5748 -0.7580
-0.0549 -0.5732 -0.7868
-0.0549 -0.5732 -0.7868
-0.0816 -0.5778 -0.8130
-0.1062 -0.5866 -0.8254
-0.1256 -0.5898 -0.8069
-0.1385 -0.5954 -0.8064
-0.1704 -0.6167 -0.7935
-0.1704 -0.6167 -0.7935
-0.1901 -0.6300 -0.7819
-0.1720 -0.6495 -0.7483
-0.1321 -0.6654 -0.7459
-0.1024 -0.6652 -0.7266
-0.1024 -0.6652 -0.7266
-0.0893 -0.6519 -0.7777
-0.0732 -0.6475 -0.8020
-0.0128 -0.6523 -0.7019
0.0732 -0.6907 -0.6499
0.1658 -0.7719 -0.6555
0.1658 -0.7719 -0.6555
0.2486 -0.7571 -0.7157
0.2292 -0.5975 -0.8615
0.1788 -0.4735 -0.9361
0.2179 -0.4642 -0.8847
0.2679 -0.5022 -0.7959
0.2679 -0.5022 -0.7959
0.3103 -0.5915 -0.7370
0.3272 -0.6494 -0.7485
0.2786 -0.5972 -0.7711
0.1920 -0.5249 -0.8502
0.1920 -0.5249 -0.8502
0.0758 -0.4816 -0.9361
-0.0410 -0.4738 -0.9270
-0.1517 -0.4617 -0.8544
-0.2334 -0.4733 -0.7851
-0.2643 -0.5130 -0.7099
-0.2643 -0.5130 -0.7099
-0.2467 -0.5123 -0.6652
-0.1870 -0.5477 -0.6393
-0.1458 -0.5637 -0.6344
-0.1485 -0.5692 -0.6511
-0.1658 -0.5779 -0.6901
-0.1658 -0.5779 -0.6901
-0.1702 -0.5703 -0.7353
-0.1626 -0.5566 -0.7808
-0.1462 -0.5757 -0.8105
-0.1376 -0.6197 -0.8171
-0.1514 -0.6376 -0.8754
-0.1514 -0.6376 -0.8754
-0.1826 -0.6323 -0.9349
-0.2171 -0.6213 -0.9704
-0.2510 -0.6182 -1.0164
-0.3135 -0.6102 -1.0336
-0.3593 -0.6176 -0.9924
-0.3593 -0.6176 -0.9924
-0.4161 -0.5560 -1.0313
-0.5009 -0.4631 -1.0974
-0.5382 -0.3887 -1.0345
-0.4823 -0.4422 -0.9603
-0.4823 -0.4422 -0.9603
-0.4307 -0.4873 -0.8944
-0.4876 -0.4683 -0.8150
-0.5448 -0.4508 -0.7721
-0.4890 -0.3932 -0.7010
-0.3649 -0.3565 -0.6406
-0.3649 -0.3565 -0.6406
-0.2383 -0.3570 -0.5957
-0.1234 -0.3759 -0.5493
-0.0534 -0.4153 -0.5088
-0.0091 -0.4643 -0.4971
0.0384 -0.5137 -0.5202
0.0384 -0.5137 -0.5202
0.0826 -0.5437 -0.5388
0.1125 -0.5737 -0.6288
0.1107 -0.6136 -0.7211
0.1138 -0.6102 -0.7797
0.1408 -0.6277 -0.8262
0.1408 -0.6277 -0.8262
0.1753 -0.6422 -0.8587
0.1824 -0.6604 -0.8691
0.1919 -0.6937 -0.8547
0.2151 -0.7151 -0.8422
0.2300 -0.7184 -0.8756
0.2300 -0.7184 -0.8756
0.2192 -0.7201 -0.8992
0.2229 -0.7252 -0.9299
0.2149 -0.7141 -0.9883
0.2225 -0.7170 -1.0362
0.2225 -0.7170 -1.0362
0.2002 -0.6134 -1.0766
0.1427 -0.4723 -1.0651
0.1379 -0.3773 -0.9837
0.1732 -0.3790 -0.8339
0.1961 -0.4237 -0.6630
0.1961 -0.4237 -0.6630
0.2126 -0.5018 -0.5717
0.1925 -0.5342 -0.6183
0.1106 -0.5043 -0.7103
0.0261 -0.4447 -0.8517
-0.0405 -0.4101 -0.9698
-0.0405 -0.4101 -0.9698
-0.0889 -0.3869 -0.9591
-0.1208 -0.3794 -0.9220
-0.1608 -0.4313 -0.8629
-0.2086 -0.4625 -0.7745
-0.2863 -0.4931 -0.6932
-0.2863 -0.4931 -0.6932
-0.3790 -0.5717 -0.6301
-0.4132 -0.6265 -0.5858
-0.3798 -0.6467 -0.6153
-0.3411 -0.6404 -0.6554
-0.3006 -0.6099 -0.7388
-0.3006 -0.6099 -0.7388
-0.2585 -0.6140 -0.8075
-0.2088 -0.6051 -0.8586
-0.1715 -0.6231 -0.8756
-0.1644 -0.6383 -0.9157
-0.1644 -0.6383 -0.9157
-0.1761 -0.6271 -0.9508
-0.1854 -0.6240 -1.0018
-0.2109 -0.6387 -1.0260
-0.2816 -0.6216 -1.0876
-0.3447 -0.6412 -1.0737
-0.3447 -0.6412 -1.0737
-0.4011 -0.5710 -1.1411
-0.4721 -0.4482 -1.1790
-0.5051 -0.3404 -1.0647
-0.4761 -0.3373 -0.8537
-0.3775 -0.4193 -0.6848
-0.3775 -0.4193 -0.6848
-0.3133 -0.4552 -0.5346
-0.2800 -0.4959 -0.5984
-0.2328 -0.4403 -0.6084
-0.1512 -0.4119 -0.6482
-0.1512 -0.4119 -0.6482
-0.0607 -0.4480 -0.6594
-0.0072 -0.4948 -0.6737
0.0189 -0.5343 -0.6519
0.0265 -0.5690 -0.6219
0.0265 -0.5690 -0.6219
0.0498 -0.6091 -0.6048
0.0911 -0.6501 -0.6185
0.1268 -0.6725 -0.6627
0.1612 -0.6690 -0.6881
0.1931 -0.6692 -0.7244
0.1931 -0.6692 -0.7244
0.2165 -0.6767 -0.7694
0.2386 -0.6860 -0.7790
0.2700 -0.7045 -0.7733
0.2897 -0.7432 -0.8162
0.2913 -0.7569 -0.8441
0.2913 -0.7569 -0.8441
0.2696 -0.7447 -0.9147
0.2489 -0.7559 -0.9791
0.2387 -0.7371 -0.9954
0.2657 -0.7484 -0.9709
0.2603 -0.6701 -1.0564
0.2603 -0.6701 -1.0564
0.1865 -0.5559 -1.0608
0.1496 -0.4803 -0.9501
0.1729 -0.4793 -0.7755
0.2252 -0.5539 -0.6558
0.2417 -0.5881 -0.5899
0.2417 -0.5881 -0.5899
0.2232 -0.5700 -0.6565
0.1594 -0.5035 -0.7540
0.0956 -0.4042 -0.9196
0.0686 -0.3471 -1.0005
0.0686 -0.3471 -1.0005
0.0645 -0.2828 -0.9309
0.0595 -0.2882 -0.8940
0.0420 -0.3105 -0.8458
0.0144 -0.3134 -0.8891
-0.0114 -0.3160 -0.8805
-0.0114 -0.3160 -0.8805
-0.0449 -0.3124 -0.8245
-0.0659 -0.3490 -0.7803
-0.0946 -0.4108 -0.7494
-0.1222 -0.4440 -0.7187
-0.1426 -0.4659 -0.7354
-0.1426 -0.4659 -0.7354
-0.1427 -0.4885 -0.7938
-0.1286 -0.5164 -0.8362
-0.1263 -0.5272 -0.8606
-0.1326 -0.5509 -0.9296
-0.1552 -0.5746 -0.9628
-0.1552 -0.5746 -0.9628
-0.1714 -0.5904 -1.0467
-0.2003 -0.5309 -1.1350
-0.2432 -0.4901 -1.1958
-0.2265 -0.5168 -1.1622
-0.2355 -0.4502 -1.2057
-0.2355 -0.4502 -1.2057
-0.3238 -0.3595 -1.3041
-0.4217 -0.3128 -1.2409
-0.4527 -0.3413 -1.0347
-0.4474 -0.4417 -0.8275
-0.4474 -0.4417 -0.8275
-0.4322 -0.5026 -0.6826
-0.4070 -0.5366 -0.6726
-0.3561 -0.4918 -0.7717
-0.2462 -0.3515 -0.7703
-0.1104 -0.2551 -0.7927
-0.1104 -0.2551 -0.7927
0.0271 -0.2780 -0.8047
0.1350 -0.3330 -0.7583
0.1954 -0.3870 -0.6922
0.2263 -0.4334 -0.6486
0.2475 -0.4893 -0.6452
0.2475 -0.4893 -0.6452
0.2603 -0.5421 -0.5868
0.2746 -0.5602 -0.5943
0.2522 -0.5722 -0.6111
0.2884 -0.5867 -0.6684
0.2944 -0.5116 -0.8215
0.2944 -0.5116 -0.8215
0.2978 -0.5258 -0.8459
0.2868 -0.4846 -0.8388
0.4288 -0.4404 -0.9564
0.3578 -0.5585 -0.8331
0.3427 -0.5281 -0.9194
0.3427 -0.5281 -0.9194
0.3263 -0.5550 -0.9617
0.3513 -0.5559 -0.9935
0.3521 -0.5214 -1.0427
0.3607 -0.5588 -1.0916
0.3607 -0.5588 -1.0916
0.3333 -0.5261 -1.1473
0.2430 -0.3966 -1.1777
0.1645 -0.3046 -1.1329
0.1394 -0.2800 -0.9755
0.1335 -0.3217 -0.8087
0.1335 -0.3217 -0.8087
0.1234 -0.3863 -0.6779
0.0947 -0.4408 -0.6347
0.0493 -0.4534 -0.6608
0.0004 -0.4571 -0.7240
-0.0541 -0.4451 -0.8279
-0.0541 -0.4451 -0.8279
-0.1126 -0.4062 -0.9420
-0.1577 -0.3763 -1.0414
-0.1917 -0.3426 -1.0755
-0.2133 -0.3321 -1.0208
-0.2253 -0.3562 -0.9059
-0.2253 -0.3562 -0.9059
-0.2066 -0.4113 -0.8167
-0.1822 -0.4322 -0.7351
-0.1612 -0.4589 -0.7006
-0.1390 -0.4617 -0.6647
-0.1009 -0.4756 -0.6478
-0.0648 -0.4940 -0.6581
-0.0648 -0.4940 -0.6581
-0.0357 -0.5298 -0.7656
-0.0553 -0.5265 -0.8153
-0.0553 -0.5265 -0.8153
-0.0731 -0.5345 -0.8610
-0.0827 -0.5439 -0.8787
-0.1026 -0.5645 -0.9003
-0.1374 -0.5731 -0.9752
-0.1791 -0.5739 -0.9528
-0.1791 -0.5739 -0.9528
-0.2106 -0.5921 -0.9515
-0.2068 -0.6299 -0.9130
-0.1727 -0.6724 -0.8872
-0.1421 -0.6732 -0.8380
-0.0489 -0.7319 -0.7874
-0.0489 -0.7319 -0.7874
0.0329 -0.6599 -0.7574
-0.0341 -0.4559 -1.0108
-0.0976 -0.2902 -1.1149
-0.0504 -0.2069 -1.1800
0.0084 -0.2257 -1.1085
0.0084 -0.2257 -1.1085
0.0488 -0.2966 -1.0171
0.0312 -0.3522 -0.9429
-0.0135 -0.3551 -0.9643
-0.0752 -0.3268 -0.9722
-0.0752 -0.3268 -0.9722
-0.1066 -0.3216 -0.9643
-0.0920 -0.3335 -0.8831
-0.0729 -0.3523 -0.8236
-0.0694 -0.3644 -0.7985
-0.0595 -0.3578 -0.8093
-0.0595 -0.3578 -0.8093
-0.0457 -0.3546 -0.8021
-0.0190 -0.3565 -0.8125
0.0163 -0.3769 -0.7974
0.0497 -0.4028 -0.8263
0.0525 -0.4312 -0.8745
0.0525 -0.4312 -0.8745
0.0461 -0.4465 -0.9159
0.0159 -0.4469 -0.9940
-0.0263 -0.4389 -1.0586
-0.0548 -0.4345 -1.0699
-0.0558 -0.4626 -1.0480
-0.0558 -0.4626 -1.0480
-0.0665 -0.4800 -1.0168
-0.0777 -0.4862 -0.9713
-0.0942 -0.4776 -0.9449
-0.1004 -0.4791 -0.9112
-0.0955 -0.4947 -0.8474
-0.0955 -0.4947 -0.8474
-0.0904 -0.5231 -0.8136
-0.1034 -0.5124 -0.8149
-0.1043 -0.4840 -0.8470
-0.0977 -0.4490 -0.8772
-0.0977 -0.4490 -0.8772
-0.0678 -0.4452 -0.8590
-0.0752 -0.4675 -0.8253
-0.1066 -0.4996 -0.7879
-0.1283 -0.5174 -0.7518
-0.1425 -0.5311 -0.7517
-0.1425 -0.5311 -0.7517
-0.1475 -0.5364 -0.7585
-0.1319 -0.5360 -0.7615
-0.0969 -0.5650 -0.7427
-0.0519 -0.6312 -0.7076
-0.0315 -0.6682 -0.7190
-0.0315 -0.6682 -0.7190
-0.0753 -0.6428 -0.7776
-0.0982 -0.5932 -0.8443
-0.0512 -0.5558 -0.8557
0.0092 -0.5357 -0.8155
0.0404 -0.5336 -0.7820
0.0404 -0.5336 -0.7820
0.0245 -0.5406 -0.7688
-0.0204 -0.5454 -0.7627
-0.0656 -0.5615 -0.7359
-0.1094 -0.5768 -0.7093
-0.1094 -0.5768 -0.7093
-0.1342 -0.5994 -0.7032
-0.1372 -0.6099 -0.7158
-0.1430 -0.6025 -0.7596
-0.1671 -0.5677 -0.8055
-0.1749 -0.5036 -0.8439
-0.1749 -0.5036 -0.8439
-0.1712 -0.4652 -0.8561
-0.1619 -0.4478 -0.8302
-0.1434 -0.4594 -0.7704
-0.1272 -0.4762 -0.7251
-0.1004 -0.5009 -0.7241
-0.1004 -0.5009 -0.7241
-0.0798 -0.5127 -0.7432
-0.0616 -0.5167 -0.7939
-0.0562 -0.5185 -0.8556
-0.0451 -0.5228 -0.9143
-0.0255 -0.5287 -0.9587
-0.0255 -0.5287 -0.9587
-0.0083 -0.5443 -0.9819
-0.0093 -0.5571 -0.9944
-0.0110 -0.5755 -0.9838
-0.0132 -0.5896 -0.9698
-0.0255 -0.5813 -0.9295
-0.0255 -0.5813 -0.9295
-0.0329 -0.5773 -0.8793
-0.0313 -0.5874 -0.8300
-0.0227 -0.6065 -0.8183
-0.0425 -0.6070 -0.8355
-0.0425 -0.6070 -0.8355
-0.0535 -0.6057 -0.8721
-0.0514 -0.5913 -0.8996
-0.0238 -0.6114 -0.9303
-0.0172 -0.6042 -0.9680
-0.0234 -0.6038 -1.0239
-0.0234 -0.6038 -1.0239
-0.0508 -0.5384 -1.0932
-0.0921 -0.4300 -1.1558
-0.1183 -0.3280 -1.1274
-0.1002 -0.2804 -1.0132
-0.0687 -0.2790 -0.8712
-0.0687 -0.2790 -0.8712
-0.0590 -0.2794 -0.7417
-0.0869 -0.2779 -0.6456
-0.1306 -0.2935 -0.6019
-0.1476 -0.3034 -0.5643
-0.1127 -0.3178 -0.5230
-0.1127 -0.3178 -0.5230
-0.0635 -0.3456 -0.5044
-0.0377 -0.3791 -0.5225
-0.0239 -0.4275 -0.6029
-0.0180 -0.5022 -0.6563
-0.0176 -0.5890 -0.6842
-0.0176 -0.5890 -0.6842
-0.0370 -0.6695 -0.7013
-0.0517 -0.7242 -0.7628
-0.0416 -0.7407 -0.8787
0.0016 -0.7367 -0.9794
0.0016 -0.7367 -0.9794
0.0532 -0.7251 -1.0178
0.0947 -0.7250 -0.9939
0.1397 -0.7278 -0.9531
0.1704 -0.7289 -0.9146
0.1937 -0.7085 -0.8880
0.1937 -0.7085 -0.8880
0.2239 -0.6957 -0.8390
0.2577 -0.6899 -0.8018
0.3078 -0.6891 -0.7607
0.3752 -0.7296 -0.7278
0.4174 -0.7322 -0.7473
0.4174 -0.7322 -0.7473
0.3952 -0.6717 -0.9436
0.3306 -0.5356 -1.1249
0.3198 -0.4031 -1.1358
0.3134 -0.3449 -0.9924
0.2770 -0.3979 -0.7939
0.2770 -0.3979 -0.7939
0.2694 -0.4629 -0.6287
0.2456 -0.5372 -0.5877
0.1995 -0.5481 -0.6382
0.1390 -0.5387 -0.7705
0.0753 -0.5102 -0.9012
0.0753 -0.5102 -0.9012
-0.0025 -0.4789 -1.0043
-0.0921 -0.4427 -0.9795
-0.1559 -0.4613 -0.8847
-0.1920 -0.4902 -0.8315
-0.1920 -0.4902 -0.8315
-0.2061 -0.5124 -0.8189
-0.2156 -0.5216 -0.7790
-0.2239 -0.5315 -0.7113
-0.2312 -0.5462 -0.6266
-0.2305 -0.5624 -0.5824
-0.2305 -0.5624 -0.5824
-0.2207 -0.5779 -0.5740
-0.2029 -0.5828 -0.5849
-0.1811 -0.5950 -0.6139
-0.1461 -0.5945 -0.6376
-0.0992 -0.5905 -0.6764
-0.0992 -0.5905 -0.6764
-0.0419 -0.5838 -0.7620
0.0013 -0.5637 -0.8608
-0.0028 -0.5832 -0.9075
-0.0094 -0.6068 -0.8939
-0.0128 -0.6446 -0.9746
-0.0128 -0.6446 -0.9746
-0.0772 -0.6137 -1.1167
-0.1924 -0.4842 -1.2884
-0.2706 -0.3683 -1.3173
-0.2851 -0.3459 -1.1477
-0.2851 -0.3459 -1.1477
-0.2755 -0.4390 -0.9209
-0.2824 -0.5068 -0.7162
-0.3223 -0.5273 -0.6440
-0.3488 -0.5491 -0.6759
-0.3093 -0.4785 -0.7405
-0.3093 -0.4785 -0.7405
-0.2267 -0.4136 -0.6969
-0.0889 -0.3931 -0.6548
0.0536 -0.3887 -0.6125
0.1836 -0.3997 -0.5901
0.2991 -0.4231 -0.6276
0.2991 -0.4231 -0.6276
0.3451 -0.4713 -0.6524
0.3252 -0.5237 -0.6572
0.2619 -0.5830 -0.6577
0.2034 -0.6450 -0.6642
0.1680 -0.6795 -0.7135
0.1680 -0.6795 -0.7135
0.1664 -0.6922 -0.8048
0.1752 -0.6751 -0.8728
0.2018 -0.6781 -0.8994
0.2295 -0.6946 -0.8953
0.2341 -0.7206 -0.9026
0.2341 -0.7206 -0.9026
0.2169 -0.7325 -0.9431
0.2025 -0.7548 -1.0157
0.2113 -0.7672 -1.0571
0.2173 -0.7377 -1.1108
0.2173 -0.7377 -1.1108
0.2133 -0.6931 -1.1189
0.1794 -0.5692 -1.1121
0.1635 -0.4850 -0.9747
0.1860 -0.4911 -0.7587
0.2357 -0.5445 -0.5749
0.2357 -0.5445 -0.5749
0.2895 -0.6126 -0.5020
0.2855 -0.6189 -0.5872
0.2578 -0.5719 -0.7336
0.2179 -0.4971 -0.8662
0.1693 -0.4199 -0.9786
0.1693 -0.4199 -0.9786
0.1433 -0.3707 -1.0022
0.1199 -0.3377 -0.9450
0.0831 -0.3411 -0.8586
0.0402 -0.3586 -0.7800
-0.0220 -0.3917 -0.7097
-0.0220 -0.3917 -0.7097
-0.1046 -0.4276 -0.6407
-0.1756 -0.4805 -0.5843
-0.2125 -0.5254 -0.5477
-0.2287 -0.5570 -0.5387
-0.2269 -0.5731 -0.5631
-0.2269 -0.5731 -0.5631
-0.1926 -0.5947 -0.6082
-0.1496 -0.6249 -0.6334
-0.1373 -0.6566 -0.7067
-0.1707 -0.6550 -0.8128
-0.1707 -0.6550 -0.8128
-0.2114 -0.6300 -0.9328
-0.2518 -0.6326 -1.0302
-0.2968 -0.5766 -1.1102
-0.3384 -0.5363 -1.1739
-0.3484 -0.5006 -1.1482
-0.3484 -0.5006 -1.1482
-0.3477 -0.4204 -1.1965
-0.3480 -0.3382 -1.2037
-0.3217 -0.2894 -1.1174
-0.2858 -0.3334 -0.9777
-0.2822 -0.3715 -0.8715
-0.2822 -0.3715 -0.8715
-0.3186 -0.3936 -0.8180
-0.3447 -0.4092 -0.7630
-0.3063 -0.3922 -0.6915
-0.2265 -0.3869 -0.6127
-0.1459 -0.3772 -0.5689
-0.1459 -0.3772 -0.5689
-0.0701 -0.3870 -0.5442
0.0056 -0.3985 -0.5489
0.0676 -0.4257 -0.5455
0.1162 -0.4611 -0.5416
0.1162 -0.4611 -0.5416
0.1470 -0.4984 -0.5605
0.1675 -0.5243 -0.6077
0.1730 -0.5539 -0.6689
0.1645 -0.5769 -0.7659
0.1424 -0.5928 -0.8307
0.1424 -0.5928 -0.8307
0.1237 -0.6006 -0.9201
0.1071 -0.6188 -1.0034
0.0642 -0.6655 -1.0495
-0.0135 -0.7180 -1.0782
-0.1017 -0.7302 -1.1248
-0.1017 -0.7302 -1.1248
-0.1822 -0.7285 -1.1707
-0.2022 -0.7599 -1.1562
-0.1831 -0.7426 -1.1371
-0.1466 -0.7013 -1.0839
-0.0667 -0.6541 -1.0077
-0.0667 -0.6541 -1.0077
0.0485 -0.5897 -0.9188
0.1782 -0.5220 -0.8311
0.3187 -0.4538 -0.7507
0.4578 -0.4088 -0.6969
0.5579 -0.3829 -0.6675
0.5579 -0.3829 -0.6675
0.5885 -0.3345 -0.7077
0.5106 -0.2823 -0.8482
0.3766 -0.2616 -0.9082
0.2477 -0.2604 -0.8780
0.2477 -0.2604 -0.8780
0.1098 -0.2796 -0.8676
-0.0071 -0.3037 -0.8366
-0.0825 -0.3175 -0.7843
-0.0959 -0.3367 -0.7453
-0.0755 -0.3622 -0.7087
-0.0755 -0.3622 -0.7087
-0.0833 -0.3894 -0.6646
-0.1225 -0.4432 -0.6362
-0.1626 -0.5013 -0.6342
-0.1957 -0.5583 -0.6788
-0.2234 -0.6080 -0.7251
-0.2234 -0.6080 -0.7251
-0.2354 -0.6288 -0.7498
-0.2142 -0.6447 -0.8273
-0.1802 -0.6413 -0.8933
-0.1423 -0.6177 -0.9721
-0.1152 -0.5879 -1.0788
-0.1152 -0.5879 -1.0788
-0.1048 -0.5474 -1.1298
-0.0864 -0.5561 -1.1362
-0.0903 -0.5106 -1.1752
-0.0932 -0.5098 -1.1669
-0.0989 -0.4306 -1.2313
-0.0989 -0.4306 -1.2313
-0.1714 -0.2700 -1.3099
-0.2059 -0.1587 -1.2080
-0.1900 -0.1762 -0.9709
-0.1536 -0.3210 -0.8624
-0.1536 -0.3210 -0.8624
-0.1904 -0.3791 -0.8093
-0.2772 -0.4147 -0.8243
-0.3047 -0.4031 -0.8367
-0.2308 -0.3335 -0.8498
-0.0834 -0.2879 -0.8165
-0.0834 -0.2879 -0.8165
0.0771 -0.3049 -0.7932
0.2200 -0.3450 -0.7190
0.2985 -0.3941 -0.6485
0.3306 -0.4410 -0.6261
0.3158 -0.4923 -0.6495
0.3158 -0.4923 -0.6495
0.2721 -0.5442 -0.6806
0.2154 -0.5832 -0.7237
0.1613 -0.6047 -0.7614
0.0982 -0.6143 -0.8288
0.0329 -0.6190 -0.9273
0.0329 -0.6190 -0.9273
-0.0429 -0.6069 -0.9830
-0.1279 -0.6096 -1.0034
-0.2007 -0.6286 -0.9350
-0.2589 -0.6702 -0.8352
-0.2589 -0.6702 -0.8352
-0.3024 -0.7245 -0.7349
-0.2577 -0.7538 -0.6916
-0.1776 -0.7540 -0.7081
-0.0825 -0.7177 -0.7844
-0.0242 -0.6669 -0.8451
-0.0242 -0.6669 -0.8451
0.0314 -0.6987 -0.8709
0.0362 -0.6012 -1.0113
-0.0053 -0.5526 -1.0252
0.0643 -0.6422 -0.9171
0.0868 -0.5147 -0.9672
0.0868 -0.5147 -0.9672
-0.0163 -0.4050 -1.0101
-0.0869 -0.3191 -0.9699
-0.0340 -0.2768 -0.7989
0.0444 -0.3316 -0.5512
0.1581 -0.4315 -0.4342
0.1581 -0.4315 -0.4342
0.2315 -0.5313 -0.4260
0.2239 -0.5704 -0.5264
0.1701 -0.5425 -0.7379
0.1532 -0.4613 -0.9424
0.1744 -0.3965 -1.1088
0.1744 -0.3965 -1.1088
0.2130 -0.3646 -1.1383
0.1872 -0.3671 -1.0827
0.1336 -0.4051 -1.0112
0.1031 -0.4251 -0.9430
0.1031 -0.4251 -0.9430
0.0780 -0.4419 -0.9246
0.0456 -0.4453 -0.9334
0.0174 -0.4322 -0.9382
0.0112 -0.4254 -0.9402
0.0276 -0.4177 -0.9485
0.0276 -0.4177 -0.9485
0.0292 -0.4060 -0.9496
0.0456 -0.4252 -0.9006
0.0531 -0.4115 -0.8453
0.0426 -0.3437 -0.8792
0.0113 -0.3150 -0.9318
0.0113 -0.3150 -0.9318
0.0229 -0.3279 -0.8995
0.0177 -0.3985 -0.8245
-0.0021 -0.4624 -0.7697
-0.0534 -0.5053 -0.7733
-0.1119 -0.5168 -0.8693
-0.1119 -0.5168 -0.8693
-0.1880 -0.5232 -0.9951
-0.2342 -0.5050 -1.0805
-0.2094 -0.4886 -1.0526
-0.1482 -0.4788 -0.9533
-0.0964 -0.4887 -0.8311
-0.0964 -0.4887 -0.8311
-0.0478 -0.4662 -0.7458
-0.0151 -0.4431 -0.7088
0.0251 -0.4031 -0.7482
0.0587 -0.3610 -0.8357
0.0587 -0.3610 -0.8357
0.0969 -0.3336 -0.9239
0.1321 -0.3291 -0.9545
0.1172 -0.3494 -0.9978
0.0586 -0.3398 -1.0777
-0.0284 -0.2538 -1.1888
-0.0284 -0.2538 -1.1888
-0.0605 -0.2135 -1.1906
-0.0480 -0.2664 -1.0610
-0.0486 -0.3486 -0.9084
-0.0411 -0.4041 -0.8773
-0.0750 -0.4033 -0.9187
-0.0750 -0.4033 -0.9187
-0.1122 -0.3842 -1.0080
-0.1009 -0.3638 -1.0447
-0.0675 -0.3538 -0.9639
-0.0318 -0.3790 -0.8481
-0.0209 -0.4184 -0.7440
-0.0209 -0.4184 -0.7440
0.0204 -0.4516 -0.6930
0.0632 -0.4698 -0.6866
0.0584 -0.4840 -0.7483
0.0245 -0.4886 -0.8211
0.0245 -0.4886 -0.8211
-0.0333 -0.5033 -0.9110
-0.0604 -0.4924 -0.9886
-0.0553 -0.4682 -1.0289
-0.0373 -0.4339 -1.0408
-0.0230 -0.4250 -0.9918
-0.0230 -0.4250 -0.9918
-0.0154 -0.4543 -0.9344
0.0089 -0.4868 -0.8927
0.0034 -0.4937 -0.8688
-0.0347 -0.4963 -0.8813
-0.0685 -0.5047 -0.9052
-0.0685 -0.5047 -0.9052
-0.0849 -0.5005 -0.9048
-0.1096 -0.5064 -0.9021
-0.1013 -0.5053 -0.8813
-0.0599 -0.5069 -0.8369
-0.0127 -0.5058 -0.7910
-0.0127 -0.5058 -0.7910
0.0266 -0.5142 -0.7690
0.0703 -0.5289 -0.7816
0.0906 -0.5281 -0.8226
0.0473 -0.5052 -0.9091
-0.0231 -0.4748 -0.9703
-0.0231 -0.4748 -0.9703
-0.0451 -0.4668 -0.9692
-0.0087 -0.4713 -0.8716
0.0739 -0.4973 -0.7730
0.1176 -0.5062 -0.7358
0.1176 -0.5062 -0.7358
0.1609 -0.5007 -0.7782
0.2164 -0.5109 -0.8675
0.2612 -0.5407 -0.9461
0.2830 -0.5742 -0.9834
0.2569 -0.6258 -1.0653
0.2569 -0.6258 -1.0653
0.2216 -0.6421 -1.0825
0.1871 -0.6485 -1.0889
0.1345 -0.6348 -1.0391
0.1028 -0.6417 -1.0255
0.0927 -0.6641 -0.9288
0.0927 -0.6641 -0.9288
0.0878 -0.6656 -0.9022
0.0932 -0.6681 -0.8920
0.0607 -0.5923 -0.8660
0.0556 -0.5651 -0.9066
0.0376 -0.5702 -0.8161
0.0376 -0.5702 -0.8161
0.0374 -0.5135 -0.8364
0.0069 -0.6079 -0.6783
-0.0452 -0.6060 -0.6443
-0.0683 -0.6114 -0.6051
-0.0488 -0.5930 -0.5573
-0.0488 -0.5930 -0.5573
-0.0595 -0.5814 -0.5265
-0.0699 -0.6154 -0.5092
-0.0783 -0.6095 -0.4769
-0.0700 -0.6109 -0.4557
-0.0700 -0.6109 -0.4557
-0.0175 -0.6026 -0.5163
0.0217 -0.5729 -0.5498
0.0503 -0.5815 -0.5176
0.0676 -0.6190 -0.5282
0.0892 -0.6263 -0.5072
0.0892 -0.6263 -0.5072
0.0925 -0.6245 -0.5007
0.0827 -0.6806 -0.5010
0.0556 -0.7082 -0.5099
0.0198 -0.7523 -0.5322
-0.0320 -0.7858 -0.5219
-0.0320 -0.7858 -0.5219
-0.0439 -0.8203 -0.5418
-0.0267 -0.8197 -0.5660
-0.0439 -0.8140 -0.5519
-0.0346 -0.8442 -0.5891
0.0009 -0.8472 -0.5858
0.0009 -0.8472 -0.5858
0.0385 -0.8281 -0.5981
0.0440 -0.8036 -0.6229
0.0286 -0.8001 -0.6212
0.0301 -0.8008 -0.6174
0.0276 -0.7982 -0.6046
0.0276 -0.7982 -0.6046
0.0201 -0.7980 -0.5949
0.0140 -0.8148 -0.6314
0.0251 -0.7893 -0.6246
0.0245 -0.7890 -0.6145
0.0245 -0.7890 -0.6145
0.0120 -0.7896 -0.6111
0.0135 -0.7899 -0.5941
0.0046 -0.7987 -0.5891
-0.0061 -0.7962 -0.6078
-0.0024 -0.7943 -0.5954
-0.0024 -0.7943 -0.5954
0.0074 -0.8103 -0.5909
-0.0025 -0.8011 -0.5814
-0.0172 -0.8060 -0.6055
-0.0226 -0.8043 -0.6040
-0.0237 -0.7981 -0.5808
-0.0237 -0.7981 -0.5808
-0.0157 -0.7906 -0.5659
-0.0208 -0.7821 -0.5663
-0.0175 -0.7902 -0.5673
-0.0024 -0.7851 -0.5829
0.0022 -0.7840 -0.5816
0.0022 -0.7840 -0.5816
0.0042 -0.7777 -0.5973
0.0025 -0.7704 -0.5943
0.0064 -0.7751 -0.5957
0.0089 -0.7912 -0.5772
0.0089 -0.7912 -0.5772
0.0080 -0.7907 -0.5745
0.0134 -0.7898 -0.5671
0.0119 -0.7917 -0.5813
-0.0013 -0.8029 -0.5549
0.0016 -0.8138 -0.5458
0.0016 -0.8138 -0.5458
0.0060 -0.8102 -0.5455
-0.0001 -0.8183 -0.5665
0.0007 -0.8207 -0.5765
-0.0004 -0.8327 -0.5758
0.0079 -0.8252 -0.5677
0.0079 -0.8252 -0.5677
0.0103 -0.8233 -0.5704
0.0048 -0.8315 -0.5803
-0.0004 -0.8272 -0.5797
-0.0018 -0.8224 -0.5712
0.0128 -0.8167 -0.5772
0.0128 -0.8167 -0.5772
0.0058 -0.8090 -0.5778
-0.0007 -0.8198 -0.5753
-0.0012 -0.8225 -0.5634
0.0059 -0.8201 -0.5716
0.0069 -0.8154 -0.5696
0.0069 -0.8154 -0.5696
0.0117 -0.8159 -0.5650
0.0142 -0.8186 -0.5530
0.0152 -0.8173 -0.5485
0.0152 -0.8196 -0.5518
0.0152 -0.8196 -0.5518
0.0188 -0.8156 -0.5563
0.0163 -0.8130 -0.5483
0.0028 -0.8231 -0.5450
0.0037 -0.8377 -0.5355
0.0070 -0.8341 -0.5331
0.0070 -0.8341 -0.5331
0.0072 -0.8244 -0.5327
0.0125 -0.8320 -0.5427
0.0188 -0.8352 -0.5310
0.0267 -0.8270 -0.5227
0.0240 -0.8330 -0.5360
0.0240 -0.8330 -0.5360
0.0092 -0.8322 -0.5497
0.0017 -0.8314 -0.5487
0.0017 -0.8281 -0.5464
0.0116 -0.8281 -0.5428
0.0241 -0.8201 -0.5530
0.0241 -0.8201 -0.5530
0.0253 -0.8200 -0.5618
0.0172 -0.8210 -0.5563
0.0072 -0.8190 -0.5430
0.0100 -0.8207 -0.5228
0.0100 -0.8207 -0.5228
0.0198 -0.8277 -0.5195
0.0239 -0.8254 -0.5168
0.0247 -0.8247 -0.5193
0.0251 -0.8347 -0.5231
0.0235 -0.8317 -0.5169
0.0235 -0.8317 -0.5169
0.0140 -0.8288 -0.5191
0.0116 -0.8399 -0.5181
0.0143 -0.8417 -0.5209
0.0142 -0.8350 -0.5319
0.0077 -0.8246 -0.5490
0.0077 -0.8246 -0.5490
0.0096 -0.8304 -0.5516
0.0076 -0.8313 -0.5412
-0.0001 -0.8304 -0.5327
0.0111 -0.8387 -0.5267
0.0189 -0.8343 -0.5335
0.0189 -0.8343 -0.5335
0.0148 -0.8332 -0.5331
0.0134 -0.8365 -0.5200
0.0100 -0.8447 -0.5180
0.0161 -0.8469 -0.5252
0.0217 -0.8404 -0.5287
0.0217 -0.8404 -0.5287
0.0169 -0.8306 -0.5229
0.0065 -0.8326 -0.5147
0.0038 -0.8354 -0.5249
0.0083 -0.8375 -0.5279
0.0083 -0.8375 -0.5279
0.0128 -0.8338 -0.5308
0.0155 -0.8419 -0.5242
0.0189 -0.8399 -0.5154
0.0157 -0.8392 -0.5108
0.0141 -0.8423 -0.5083
0.0141 -0.8423 -0.5083
0.0132 -0.8463 -0.5066
0.0226 -0.8481 -0.5254
0.0222 -0.8411 -0.5382
0.0115 -0.8382 -0.5177
0.0139 -0.8446 -0.5062
0.0139 -0.8446 -0.5062
0.0131 -0.8450 -0.5092
0.0117 -0.8346 -0.5301
0.0151 -0.8425 -0.5240
0.0149 -0.8425 -0.5116
0.0188 -0.8391 -0.5148
0.0188 -0.8391 -0.5148
0.0127 -0.8354 -0.5077
0.0137 -0.8552 -0.5058
0.0215 -0.8438 -0.5023
0.0219 -0.8354 -0.5232
0.0165 -0.8402 -0.5171
0.0165 -0.8402 -0.5171
0.0096 -0.8421 -0.5056
0.0076 -0.8485 -0.5040
0.0140 -0.8511 -0.5194
0.0173 -0.8381 -0.5287
0.0173 -0.8381 -0.5287
0.0123 -0.8389 -0.5234
0.0086 -0.8445 -0.5261
0.0090 -0.8427 -0.5198
0.0103 -0.8395 -0.5096
0.0092 -0.8482 -0.5129
0.0092 -0.8482 -0.5129
0.0124 -0.8427 -0.5195
0.0196 -0.8448 -0.5159
0.0133 -0.8387 -0.5008
0.0066 -0.8436 -0.5028
0.0154 -0.8516 -0.5113
0.0154 -0.8516 -0.5113
0.0222 -0.8464 -0.5132
0.0136 -0.8466 -0.5124
0.0017 -0.8468 -0.5088
0.0052 -0.8471 -0.5185
0.0106 -0.8506 -0.5264
0.0106 -0.8506 -0.5264
0.0179 -0.8494 -0.5192
0.0198 -0.8450 -0.5113
0.0170 -0.8422 -0.5057
0.0089 -0.8481 -0.5020
0.0061 -0.8516 -0.5038
0.0061 -0.8516 -0.5038
0.0112 -0.8466 -0.5185
0.0119 -0.8444 -0.5215
0.0139 -0.8425 -0.5131
0.0052 -0.8425 -0.5061
0.0052 -0.8425 -0.5061
0.0065 -0.8468 -0.5102
0.0091 -0.8452 -0.5113
0.0147 -0.8525 -0.5083
0.0122 -0.8459 -0.5132
0.0059 -0.8395 -0.5036
0.0059 -0.8395 -0.5036
0.0025 -0.8459 -0.4973
0.0062 -0.8477 -0.5011
0.0208 -0.8409 -0.5169
0.0173 -0.8389 -0.5177
0.0118 -0.8477 -0.4951
0.0118 -0.8477 -0.4951
0.0154 -0.8555 -0.5040
0.0187 -0.8459 -0.5287
0.0108 -0.8437 -0.5216
0.0016 -0.8486 -0.4940
-0.0039 -0.8577 -0.4982
-0.0039 -0.8577 -0.4982
0.0107 -0.8501 -0.5132
0.0185 -0.8436 -0.5315
0.0141 -0.8402 -0.5216
0.0116 -0.8494 -0.5134
0.0137 -0.8482 -0.5104
0.0137 -0.8482 -0.5104
0.0086 -0.8478 -0.5039
0.0016 -0.8525 -0.5032
0.0107 -0.8513 -0.5060
0.0245 -0.8444 -0.5115
0.0245 -0.8444 -0.5115
0.0225 -0.8396 -0.5107
0.0175 -0.8469 -0.5099
0.0170 -0.8532 -0.5159
0.0078 -0.8474 -0.5123
0.0019 -0.8542 -0.5066
0.0019 -0.8542 -0.5066
0.0081 -0.8497 -0.5034
0.0170 -0.8435 -0.5196
0.0149 -0.8429 -0.5198
0.0103 -0.8513 -0.5051
0.0123 -0.8460 -0.5062
0.0123 -0.8460 -0.5062
0.0140 -0.8413 -0.5128
0.0136 -0.8468 -0.5110
0.0006 -0.8417 -0.4983
0.0098 -0.8434 -0.5112
0.0128 -0.8437 -0.5059
0.0128 -0.8437 -0.5059
0.0064 -0.8508 -0.5083
0.0078 -0.8537 -0.5135
0.0127 -0.8534 -0.5222
0.0123 -0.8564 -0.5183
0.0123 -0.8564 -0.5183
0.0115 -0.8506 -0.5140
0.0184 -0.8438 -0.5078
0.0192 -0.8408 -0.5010
0.0111 -0.8416 -0.5019
0.0146 -0.8438 -0.5033
0.0146 -0.8438 -0.5033
0.0012 -0.8519 -0.4939
0.0072 -0.8486 -0.4887
0.0106 -0.8443 -0.4889
0.0159 -0.8421 -0.5078
0.0206 -0.8368 -0.5151
0.0206 -0.8368 -0.5151
0.0206 -0.8427 -0.5150
0.0113 -0.8470 -0.4971
0.0039 -0.8458 -0.4977
0.0058 -0.8458 -0.5138
0.0076 -0.8389 -0.5181
0.0076 -0.8389 -0.5181
0.0107 -0.8415 -0.5273
0.0138 -0.8404 -0.5194
0.0106 -0.8482 -0.5120
0.0079 -0.8534 -0.5061
0.0080 -0.8549 -0.5092
0.0080 -0.8549 -0.5092
0.0074 -0.8519 -0.5180
0.0144 -0.8537 -0.5231
0.0114 -0.8513 -0.5245
0.0144 -0.8472 -0.5178
0.0144 -0.8472 -0.5178
0.0140 -0.8452 -0.5184
0.0037 -0.8468 -0.5191
-0.0026 -0.8479 -0.5182
0.0045 -0.8425 -0.5142
0.0091 -0.8398 -0.5145
0.0091 -0.8398 -0.5145
0.0071 -0.8432 -0.5128
0.0065 -0.8424 -0.5133
0.0105 -0.8406 -0.5098
0.0067 -0.8431 -0.5112
0.0013 -0.8456 -0.5116
0.0013 -0.8456 -0.5116
0.0032 -0.8448 -0.5131
0.0006 -0.8406 -0.5158
-0.0026 -0.8387 -0.5100
0.0080 -0.8447 -0.5091
0.0092 -0.8476 -0.5013
0.0092 -0.8476 -0.5013
0.0092 -0.8470 -0.5027
0.0080 -0.8504 -0.5133
0.0087 -0.8508 -0.5123
0.0076 -0.8503 -0.5130
0.0035 -0.8471 -0.5232
0.0035 -0.8471 -0.5232
-0.0005 -0.8419 -0.5159
0.0022 -0.8448 -0.5083
0.0010 -0.8494 -0.5028
0.0021 -0.8491 -0.5019
0.0021 -0.8491 -0.5019
0.0098 -0.8420 -0.5136
0.0102 -0.8402 -0.5142
0.0021 -0.8475 -0.5154
-0.0011 -0.8517 -0.5208
-0.0025 -0.8466 -0.5248
-0.0025 -0.8466 -0.5248
-0.0043 -0.8472 -0.5185
-0.0030 -0.8408 -0.5266
0.0038 -0.8350 -0.5304
0.0042 -0.8418 -0.5178
-0.0036 -0.8451 -0.5025
-0.0036 -0.8451 -0.5025
-0.0057 -0.8506 -0.5037
-0.0028 -0.8490 -0.5107
0.0034 -0.8503 -0.5074
0.0111 -0.8448 -0.5041
0.0120 -0.8441 -0.5112
0.0120 -0.8441 -0.5112
0.0094 -0.8456 -0.5082
0.0031 -0.8497 -0.5065
-0.0032 -0.8465 -0.5063
0.0056 -0.8531 -0.5070
0.0056 -0.8531 -0.5070
0.0148 -0.8482 -0.5110
0.0151 -0.8433 -0.5123
0.0117 -0.8474 -0.5061
0.0171 -0.8476 -0.5037
0.0125 -0.8487 -0.5108
0.0125 -0.8487 -0.5108
0.0094 -0.8469 -0.5143
0.0044 -0.8452 -0.4999
-0.0032 -0.8494 -0.4943
0.0017 -0.8516 -0.5031
0.0119 -0.8441 -0.4928
0.0119 -0.8441 -0.4928
0.0184 -0.8447 -0.4968
0.0091 -0.8464 -0.5060
0.0003 -0.8543 -0.5100
0.0067 -0.8589 -0.5274
0.0173 -0.8535 -0.5152
0.0173 -0.8535 -0.5152
0.0265 -0.8424 -0.4981
0.0218 -0.8401 -0.4903
0.0096 -0.8418 -0.4982
0.0065 -0.8540 -0.5016
0.0067 -0.8548 -0.4961
0.0067 -0.8548 -0.4961
0.0071 -0.8489 -0.5001
0.0145 -0.8484 -0.5122
0.0048 -0.8464 -0.5098
0.0012 -0.8508 -0.5107
0.0012 -0.8508 -0.5107
0.0061 -0.8496 -0.5084
0.0154 -0.8510 -0.5174
0.0140 -0.8436 -0.5162
0.0071 -0.8486 -0.5166
0.0054 -0.8507 -0.5124
0.0054 -0.8507 -0.5124
0.0088 -0.8520 -0.5131
0.0123 -0.8505 -0.5146
0.0111 -0.8485 -0.5100
0.0123 -0.8466 -0.5040
0.0122 -0.8477 -0.5125
0.0122 -0.8477 -0.5125
0.0125 -0.8469 -0.5107
0.0130 -0.8510 -0.5045
0.0050 -0.8512 -0.5016
0.0049 -0.8510 -0.5052
0.0101 -0.8519 -0.5020
0.0101 -0.8519 -0.5020
0.0104 -0.8541 -0.5084
0.0139 -0.8485 -0.5106
0.0180 -0.8482 -0.5103
0.0157 -0.8460 -0.5098
0.0098 -0.8485 -0.5040
0.0098 -0.8485 -0.5040
0.0076 -0.8524 -0.5026
0.0072 -0.8430 -0.4980
0.0045 -0.8500 -0.5039
0.0067 -0.8463 -0.4954
0.0067 -0.8463 -0.4954
0.0074 -0.8510 -0.4947
0.0142 -0.8539 -0.4976
0.0080 -0.8384 -0.4775
0.0037 -0.8488 -0.5108
-0.0015 -0.8537 -0.5007
-0.0015 -0.8537 -0.5007
0.0050 -0.8546 -0.5086
0.0168 -0.8442 -0.5169
0.0138 -0.8483 -0.4975
0.0051 -0.8523 -0.4856
0.0070 -0.8525 -0.5024
0.0070 -0.8525 -0.5024
0.0161 -0.8497 -0.5136
0.0108 -0.8521 -0.5097
0.0024 -0.8571 -0.5132
0.0084 -0.8502 -0.5133
0.0002 -0.8434 -0.5146
0.0002 -0.8434 -0.5146
0.0049 -0.8459 -0.5157
0.0015 -0.8420 -0.5135
0.0089 -0.8459 -0.5179
0.0105 -0.8410 -0.5124
0.0105 -0.8410 -0.5124
0.0047 -0.8420 -0.5083
0.0039 -0.8452 -0.5052
0.0106 -0.8454 -0.5098
0.0133 -0.8466 -0.5099
0.0190 -0.8444 -0.5133
0.0190 -0.8444 -0.5133
0.0170 -0.8461 -0.5089
0.0120 -0.8504 -0.5087
0.0082 -0.8474 -0.5129
0.0072 -0.8495 -0.5175
0.0099 -0.8445 -0.5157
0.0099 -0.8445 -0.5157
0.0147 -0.8429 -0.5169
0.0097 -0.8409 -0.5214
0.0107 -0.8474 -0.5217
0.0161 -0.8486 -0.5159
0.0174 -0.8457 -0.5123
0.0174 -0.8457 -0.5123
0.0207 -0.8436 -0.5091
0.0136 -0.8429 -0.5100
0.0139 -0.8465 -0.5249
0.0194 -0.8436 -0.5231
0.0173 -0.8441 -0.5213
0.0173 -0.8441 -0.5213
0.0200 -0.8404 -0.5172
0.0183 -0.8435 -0.5141
0.0161 -0.8416 -0.5185
0.0159 -0.8401 -0.5264
0.0159 -0.8401 -0.5264
0.0206 -0.8402 -0.5130
0.0176 -0.8371 -0.5228
0.0169 -0.8360 -0.5088
0.0106 -0.8320 -0.5098
0.0101 -0.8420 -0.5098
0.0101 -0.8420 -0.5098
0.0108 -0.8451 -0.5244
0.0166 -0.8340 -0.5138
0.0139 -0.8368 -0.5110
0.0035 -0.8445 -0.5130
-0.0060 -0.8419 -0.5244
-0.0060 -0.8419 -0.5244
0.0047 -0.8369 -0.5354
0.0145 -0.8346 -0.5117
0.0432 -0.8130 -0.5325
0.0197 -0.8584 -0.5679
0.0092 -0.8287 -0.5379
0.0092 -0.8287 -0.5379
0.0119 -0.8454 -0.5623
0.0205 -0.8237 -0.5331

