-0.0155 0.0149 0.0054
-0.0161 0.0150 0.0050
-0.0162 0.0154 0.0047
-0.0145 0.0170 0.0042
-0.0143 0.0176 0.0037
-0.0147 0.0179 0.0033
-0.0152 0.0180 0.0028
-0.0157 0.0181 0.0024
-0.0157 0.0182 0.0023
-0.0141 0.0185 0.0029
-0.0139 0.0186 0.0027
-0.0141 0.0187 0.0024
-0.0144 0.0188 0.0020
-0.0148 0.0188 0.0015
-0.0146 0.0190 0.0015
-0.0131 0.0193 0.0025
-0.0129 0.0194 0.0025
-0.0131 0.0195 0.0022
-0.0134 0.0195 0.0017
-0.0137 0.0196 0.0013
-0.0140 0.0197 0.0008
-0.0126 0.0199 0.0020
-0.0124 0.0199 0.0021
-0.0124 0.0199 0.0019
-0.0126 0.0199 0.0016
-0.0128 0.0198 0.0012
-0.0130 0.0198 0.0008
-0.0117 0.0196 0.0022
-0.0114 0.0195 0.0024
-0.0114 0.0194 0.0022
-0.0115 0.0194 0.0019
-0.0117 0.0194 0.0016
-0.0119 0.0194 0.0013
-0.0103 0.0201 0.0029
-0.0099 0.0203 0.0033
-0.0098 0.0203 0.0033
-0.0099 0.0203 0.0031
-0.0101 0.0203 0.0030
-0.0104 0.0202 0.0028
-0.0090 0.0217 0.0038
-0.0087 0.0221 0.0041
-0.0087 0.0222 0.0042
-0.0088 0.0221 0.0043
-0.0090 0.0220 0.0043
-0.0091 0.0219 0.0042
-0.0078 0.0225 0.0054
-0.0074 0.0226 0.0057
-0.0073 0.0226 0.0058
-0.0074 0.0226 0.0057
-0.0074 0.0225 0.0056
-0.0072 0.0227 0.0055
-0.0066 0.0234 0.0056
-0.0064 0.0236 0.0057
-0.0063 0.0237 0.0056
-0.0063 0.0237 0.0056
-0.0064 0.0237 0.0055
-0.0065 0.0237 0.0053
-0.0065 0.0237 0.0051
-0.0065 0.0238 0.0049
-0.0066 0.0238 0.0048
-0.0066 0.0239 0.0046
-0.0067 0.0240 0.0041
-0.0067 0.0241 0.0039
-0.0068 0.0242 0.0036
-0.0069 0.0243 0.0034
-0.0069 0.0243 0.0034
-0.0070 0.0244 0.0031
-0.0072 0.0245 0.0028
-0.0073 0.0245 0.0025
-0.0067 0.0244 0.0037
-0.0067 0.0243 0.0039
-0.0067 0.0243 0.0038
-0.0069 0.0243 0.0036
-0.0071 0.0242 0.0034
-0.0065 0.0241 0.0043
-0.0064 0.0240 0.0044
-0.0065 0.0239 0.0043
-0.0067 0.0239 0.0041
-0.0069 0.0239 0.0038
-0.0072 0.0238 0.0036
-0.0071 0.0251 0.0013
-0.0072 0.0255 0.0004
-0.0074 0.0256 -0.0001
-0.0077 0.0256 -0.0005
-0.0079 0.0257 -0.0008
-0.0081 0.0257 -0.0010
-0.0085 0.0256 -0.0025
-0.0088 0.0255 -0.0032
-0.0091 0.0255 -0.0036
-0.0094 0.0256 -0.0040
-0.0098 0.0256 -0.0044
-0.0102 0.0257 -0.0048
-0.0105 0.0253 -0.0064
-0.0108 0.0252 -0.0073
-0.0112 0.0253 -0.0079
-0.0120 0.0254 -0.0089
-0.0124 0.0254 -0.0095
-0.0118 0.0246 -0.0107
-0.0120 0.0244 -0.0116
-0.0123 0.0243 -0.0123
-0.0128 0.0242 -0.0129
-0.0132 0.0241 -0.0134
-0.0129 0.0241 -0.0137
-0.0113 0.0240 -0.0135
-0.0110 0.0240 -0.0139
-0.0113 0.0240 -0.0144
-0.0116 0.0239 -0.0150
-0.0120 0.0238 -0.0155
-0.0118 0.0240 -0.0161
-0.0105 0.0245 -0.0167
-0.0103 0.0246 -0.0173
-0.0105 0.0246 -0.0179
-0.0108 0.0245 -0.0185
-0.0112 0.0244 -0.0190
-0.0108 0.0244 -0.0192
-0.0093 0.0245 -0.0187
-0.0091 0.0245 -0.0190
-0.0093 0.0245 -0.0196
-0.0096 0.0245 -0.0202
-0.0099 0.0245 -0.0209
-0.0102 0.0244 -0.0216
-0.0083 0.0253 -0.0209
-0.0078 0.0255 -0.0211
-0.0078 0.0255 -0.0216
-0.0079 0.0254 -0.0222
-0.0081 0.0253 -0.0228
-0.0082 0.0252 -0.0235
-0.0070 0.0260 -0.0239
-0.0067 0.0262 -0.0244
-0.0067 0.0261 -0.0249
-0.0067 0.0260 -0.0255
-0.0068 0.0259 -0.0261
-0.0067 0.0257 -0.0267
-0.0061 0.0256 -0.0272
-0.0059 0.0254 -0.0277
-0.0059 0.0252 -0.0282
-0.0059 0.0249 -0.0287
-0.0059 0.0246 -0.0292
-0.0058 0.0239 -0.0301
-0.0057 0.0234 -0.0304
-0.0057 0.0230 -0.0307
-0.0057 0.0225 -0.0311
-0.0057 0.0219 -0.0314
-0.0057 0.0213 -0.0316
-0.0044 0.0209 -0.0298
-0.0041 0.0203 -0.0292
-0.0040 0.0196 -0.0289
-0.0041 0.0188 -0.0288
-0.0043 0.0179 -0.0287
-0.0046 0.0170 -0.0285
-0.0043 0.0171 -0.0277
-0.0041 0.0165 -0.0273
-0.0039 0.0157 -0.0271
-0.0034 0.0149 -0.0270
-0.0029 0.0140 -0.0269
-0.0024 0.0131 -0.0269
-0.0007 0.0127 -0.0265
0.0002 0.0120 -0.0264
0.0008 0.0111 -0.0262
0.0012 0.0101 -0.0261
0.0015 0.0090 -0.0258
0.0019 0.0081 -0.0255
0.0027 0.0076 -0.0249
0.0027 0.0065 -0.0244
0.0025 0.0051 -0.0238
0.0021 0.0036 -0.0232
0.0016 0.0020 -0.0223
0.0011 0.0005 -0.0212
0.0007 -0.0008 -0.0197
-0.0004 -0.0026 -0.0183
-0.0019 -0.0048 -0.0167
-0.0037 -0.0073 -0.0148
-0.0057 -0.0101 -0.0125
-0.0080 -0.0132 -0.0103
-0.0103 -0.0166 -0.0086
-0.0133 -0.0205 -0.0055
-0.0168 -0.0249 -0.0016
-0.0209 -0.0296 0.0027
-0.0256 -0.0346 0.0072
-0.0306 -0.0404 0.0113
-0.0357 -0.0470 0.0146
-0.0420 -0.0529 0.0188
-0.0491 -0.0585 0.0232
-0.0568 -0.0639 0.0276
-0.0652 -0.0692 0.0320
-0.0742 -0.0745 0.0364
-0.0829 -0.0797 0.0407
-0.0928 -0.0849 0.0451
-0.1033 -0.0902 0.0495
-0.1145 -0.0955 0.0540
-0.1260 -0.1008 0.0585
-0.1377 -0.1061 0.0630
-0.1495 -0.1111 0.0676
-0.1618 -0.1160 0.0720
-0.1745 -0.1207 0.0763
-0.1874 -0.1251 0.0806
-0.2005 -0.1293 0.0850
-0.2137 -0.1332 0.0898
-0.2270 -0.1365 0.0951
-0.2410 -0.1402 0.1003
-0.2554 -0.1438 0.1055
-0.2701 -0.1472 0.1111
-0.2849 -0.1504 0.1170
-0.2997 -0.1533 0.1236
-0.3145 -0.1560 0.1307
-0.3298 -0.1587 0.1376
-0.3455 -0.1614 0.1444
-0.3615 -0.1640 0.1512
-0.3776 -0.1664 0.1579
-0.3936 -0.1685 0.1651
-0.4093 -0.1706 0.1731
-0.4252 -0.1731 0.1809
-0.4411 -0.1760 0.1890
-0.4567 -0.1791 0.1975
-0.4721 -0.1823 0.2062
-0.4865 -0.1851 0.2156
-0.4995 -0.1873 0.2255
-0.5128 -0.1887 0.2340
-0.5258 -0.1895 0.2418
-0.5385 -0.1897 0.2491
-0.5509 -0.1896 0.2564
-0.5619 -0.1894 0.2648
-0.5712 -0.1894 0.2748
-0.5815 -0.1888 0.2833
-0.5920 -0.1879 0.2914
-0.6024 -0.1870 0.2994
-0.6125 -0.1859 0.3075
-0.6225 -0.1849 0.3155
-0.6292 -0.1820 0.3244
-0.6379 -0.1806 0.3329
-0.6473 -0.1799 0.3414
-0.6573 -0.1797 0.3500
-0.6675 -0.1799 0.3588
-0.6780 -0.1802 0.3679
-0.6841 -0.1793 0.3785
-0.6932 -0.1794 0.3884
-0.7031 -0.1797 0.3981
-0.7134 -0.1800 0.4078
-0.7237 -0.1802 0.4176
-0.7340 -0.1803 0.4275
-0.7410 -0.1814 0.4389
-0.7500 -0.1817 0.4497
-0.7594 -0.1816 0.4605
-0.7690 -0.1813 0.4716
-0.7785 -0.1810 0.4830
-0.7874 -0.1811 0.4951
-0.7955 -0.1818 0.5078
-0.8048 -0.1819 0.5203
-0.8146 -0.1818 0.5327
-0.8246 -0.1814 0.5449
-0.8349 -0.1810 0.5570
-0.8453 -0.1807 0.5688
-0.8557 -0.1808 0.5803
-0.8683 -0.1813 0.5922
-0.8822 -0.1819 0.6038
-0.8966 -0.1825 0.6150
-0.9110 -0.1827 0.6252
-0.9253 -0.1825 0.6348
-0.9396 -0.1823 0.6438
-0.9553 -0.1825 0.6514
-0.9721 -0.1830 0.6581
-0.9899 -0.1838 0.6641
-1.0085 -0.1848 0.6695
-1.0272 -0.1858 0.6753
-1.0455 -0.1869 0.6820
-1.0639 -0.1873 0.6865
-1.0821 -0.1875 0.6902
-1.0998 -0.1875 0.6937
-1.1171 -0.1876 0.6975
-1.1340 -0.1880 0.7018
-1.1543 -0.1875 0.7118
-1.1720 -0.1883 0.7189
-1.1890 -0.1896 0.7255
-1.2058 -0.1914 0.7320
-1.2227 -0.1936 0.7389
-1.2396 -0.1961 0.7461
-1.2583 -0.1974 0.7569
-1.2757 -0.1998 0.7660
-1.2926 -0.2024 0.7747
-1.3093 -0.2050 0.7833
-1.3260 -0.2075 0.7920
-1.3432 -0.2098 0.8021
-1.3612 -0.2117 0.8143
-1.3780 -0.2134 0.8248
-1.3944 -0.2146 0.8349
-1.4102 -0.2153 0.8450
-1.4256 -0.2152 0.8554
-1.4405 -0.2144 0.8661
-1.4558 -0.2121 0.8804
-1.4697 -0.2100 0.8935
-1.4823 -0.2074 0.9066
-1.4935 -0.2043 0.9198
-1.5036 -0.2004 0.9331
-1.5128 -0.1961 0.9474
-1.5212 -0.1914 0.9632
-1.5288 -0.1871 0.9789
-1.5354 -0.1832 0.9952
-1.5410 -0.1796 1.0124
-1.5458 -0.1766 1.0300
-1.5502 -0.1737 1.0483
-1.5548 -0.1709 1.0674
-1.5588 -0.1698 1.0854
-1.5626 -0.1699 1.1030
-1.5667 -0.1710 1.1205
-1.5710 -0.1729 1.1379
-1.5755 -0.1756 1.1553
-1.5803 -0.1790 1.1727
-1.5859 -0.1828 1.1898
-1.5922 -0.1869 1.2066
-1.5990 -0.1910 1.2231
-1.6063 -0.1950 1.2392
-1.6142 -0.1986 1.2548
-1.6187 -0.2022 1.2681
-1.6265 -0.2053 1.2822
-1.6360 -0.2080 1.2963
-1.6465 -0.2105 1.3103
-1.6580 -0.2128 1.3241
-1.6702 -0.2146 1.3376
-1.6799 -0.2149 1.3512
-1.6925 -0.2155 1.3642
-1.7065 -0.2157 1.3767
-1.7214 -0.2155 1.3887
-1.7368 -0.2146 1.4002
-1.7526 -0.2131 1.4110
-1.7660 -0.2089 1.4252
-1.7810 -0.2059 1.4356
-1.7966 -0.2035 1.4440
-1.8128 -0.2015 1.4514
-1.8296 -0.2003 1.4581
-1.8465 -0.1998 1.4649
-1.8628 -0.1999 1.4720
-1.8804 -0.2007 1.4787
-1.8983 -0.2019 1.4851
-1.9157 -0.2031 1.4911
-1.9327 -0.2039 1.4967
-1.9490 -0.2045 1.5019
-1.9627 -0.2031 1.5084
-1.9773 -0.2029 1.5139
-1.9919 -0.2032 1.5192
-2.0061 -0.2037 1.5248
-2.0199 -0.2044 1.5313
-2.0323 -0.2048 1.5392
-2.0430 -0.2046 1.5492
-2.0555 -0.2061 1.5600
-2.0684 -0.2082 1.5718
-2.0813 -0.2105 1.5845
-2.0941 -0.2129 1.5979
-2.1182 -0.2168 1.6261
-2.1284 -0.2182 1.6406
-2.1397 -0.2196 1.6553
-2.1513 -0.2206 1.6704
-2.1626 -0.2212 1.6857
-2.1841 -0.2205 1.7168
-2.1940 -0.2192 1.7326
-2.2033 -0.2170 1.7488
-2.2117 -0.2140 1.7656
-2.2190 -0.2103 1.7828
-2.2190 -0.2103 1.7828
-2.2243 -0.2054 1.8006
-2.2275 -0.1996 1.8189
-2.2297 -0.1938 1.8367
-2.2312 -0.1883 1.8544
-2.2322 -0.1836 1.8724
-2.2330 -0.1800 1.8911
-2.2335 -0.1775 1.9107
-2.2331 -0.1749 1.9317
-2.2324 -0.1735 1.9525
-2.2313 -0.1728 1.9729
-2.2298 -0.1726 1.9928
-2.2284 -0.1730 2.0121
-2.2273 -0.1734 2.0309
-2.2267 -0.1734 2.0494
-2.2263 -0.1748 2.0674
-2.2263 -0.1769 2.0851
-2.2268 -0.1794 2.1028
-2.2279 -0.1823 2.1204
-2.2297 -0.1850 2.1380
-2.2324 -0.1873 2.1555
-2.2358 -0.1904 2.1726
-2.2401 -0.1936 2.1894
-2.2454 -0.1969 2.2058
-2.2517 -0.2000 2.2219
-2.2594 -0.2025 2.2372
-2.2685 -0.2043 2.2517
-2.2784 -0.2065 2.2666
-2.2893 -0.2084 2.2815
-2.3010 -0.2098 2.2960
-2.3136 -0.2106 2.3102
-2.3268 -0.2111 2.3254
-2.3408 -0.2115 2.3420
-2.3558 -0.2108 2.3560
-2.3715 -0.2094 2.3685
-2.3875 -0.2074 2.3799
-2.4038 -0.2050 2.3902
-2.4207 -0.2026 2.3997
-2.4386 -0.1999 2.4113
-2.4573 -0.1984 2.4209
-2.4769 -0.1979 2.4297
-2.4970 -0.1982 2.4383
-2.5174 -0.1988 2.4465
-2.5375 -0.1989 2.4556
-2.5573 -0.1981 2.4659
-2.5766 -0.1979 2.4730
-2.5955 -0.1981 2.4786
-2.6143 -0.1987 2.4831
-2.6330 -0.1998 2.4868
-2.6517 -0.2008 2.4921
-2.6702 -0.2011 2.4998
-2.6875 -0.2019 2.5040
-2.7040 -0.2029 2.5070
-2.7200 -0.2042 2.5097
-2.7357 -0.2060 2.5125
-2.7516 -0.2079 2.5179
-2.7679 -0.2096 2.5270
-2.7836 -0.2124 2.5328
-2.7989 -0.2155 2.5379
-2.8139 -0.2186 2.5430
-2.8288 -0.2216 2.5483
-2.8441 -0.2240 2.5557
-2.8599 -0.2256 2.5658
-2.8749 -0.2277 2.5736
-2.8895 -0.2294 2.5811
-2.9035 -0.2306 2.5889
-2.9169 -0.2309 2.5972
-2.9301 -0.2310 2.6075
-2.9434 -0.2312 2.6201
-2.9552 -0.2296 2.6310
-2.9656 -0.2267 2.6419
-2.9745 -0.2224 2.6534
-2.9821 -0.2171 2.6656
-2.9893 -0.2115 2.6793
-2.9966 -0.2064 2.6950
-3.0036 -0.2021 2.7111
-3.0105 -0.1988 2.7286
-3.0173 -0.1963 2.7476
-3.0233 -0.1940 2.7675
-3.0288 -0.1919 2.7884
-3.0341 -0.1900 2.8099
-3.0382 -0.1883 2.8297
-3.0420 -0.1869 2.8485
-3.0458 -0.1861 2.8665
-3.0499 -0.1859 2.8839
-3.0543 -0.1866 2.9011
-3.0590 -0.1882 2.9181
-3.0645 -0.1899 2.9347
-3.0708 -0.1922 2.9511
-3.0780 -0.1953 2.9672
-3.0860 -0.1990 2.9832
-3.0952 -0.2030 2.9988
-3.1053 -0.2070 3.0141
-3.1153 -0.2100 3.0283
-3.1254 -0.2121 3.0415
-3.1361 -0.2143 3.0539
-3.1477 -0.2167 3.0655
-3.1607 -0.2190 3.0767
-3.1749 -0.2209 3.0873
-3.1891 -0.2223 3.0969
-3.2037 -0.2232 3.1055
-3.2188 -0.2236 3.1133
-3.2342 -0.2235 3.1203
-3.2503 -0.2228 3.1265
-3.2670 -0.2215 3.1321
-3.2826 -0.2194 3.1370
-3.2975 -0.2165 3.1410
-3.3118 -0.2134 3.1443
-3.3258 -0.2102 3.1467
-3.3400 -0.2080 3.1485
-3.3547 -0.2069 3.1501
-3.3692 -0.2061 3.1515
-3.3838 -0.2059 3.1530
-3.3984 -0.2063 3.1549
-3.4128 -0.2070 3.1571
-3.4402 -0.2083 3.1626
-3.4530 -0.2085 3.1659
-3.4648 -0.2082 3.1696
-3.4757 -0.2073 3.1737
-3.4859 -0.2062 3.1780
-3.5050 -0.2043 3.1880
-3.5143 -0.2039 3.1938
-3.5143 -0.2039 3.1938
-3.5235 -0.2039 3.2002
-3.5327 -0.2044 3.2072
-3.5420 -0.2054 3.2146
-3.5513 -0.2069 3.2224
-3.5612 -0.2086 3.2308
-3.5711 -0.2110 3.2392
-3.5810 -0.2138 3.2476
-3.5908 -0.2167 3.2563
-3.6004 -0.2195 3.2652
-3.6100 -0.2219 3.2744
-3.6197 -0.2239 3.2840
-3.6289 -0.2260 3.2938
-3.6377 -0.2277 3.3039
-3.6460 -0.2290 3.3144
-3.6538 -0.2298 3.3254
-3.6612 -0.2303 3.3372
-3.6680 -0.2308 3.3498
-3.6747 -0.2306 3.3626
-3.6812 -0.2301 3.3759
-3.6877 -0.2295 3.3896
-3.6945 -0.2290 3.4037
-3.7015 -0.2290 3.4180
-3.7080 -0.2294 3.4325
-3.7133 -0.2296 3.4466
-3.7171 -0.2293 3.4596
-3.7196 -0.2282 3.4714
-3.7214 -0.2269 3.4819
-3.7230 -0.2257 3.4915
-3.7247 -0.2248 3.5006
-3.7254 -0.2239 3.5092
-3.7252 -0.2230 3.5174
-3.7241 -0.2220 3.5250
-3.7222 -0.2209 3.5321
-3.7198 -0.2197 3.5388
-3.7171 -0.2187 3.5453
-3.7139 -0.2183 3.5513
-3.7103 -0.2183 3.5569
-3.7063 -0.2187 3.5622
-3.7020 -0.2193 3.5669
-3.6974 -0.2203 3.5712
-3.6945 -0.2195 3.5773
-3.6907 -0.2204 3.5815
-3.6867 -0.2220 3.5847
-3.6826 -0.2237 3.5873
-3.6785 -0.2253 3.5893
-3.6746 -0.2258 3.5916
-3.6713 -0.2247 3.5942
-3.6669 -0.2246 3.5950
-3.6621 -0.2244 3.5947
-3.6570 -0.2239 3.5937
-3.6517 -0.2232 3.5922
-3.6467 -0.2220 3.5910
-3.6422 -0.2203 3.5904
-3.6364 -0.2188 3.5882
-3.6300 -0.2173 3.5852
-3.6233 -0.2159 3.5818
-3.6164 -0.2147 3.5783
-3.6098 -0.2130 3.5755
-3.6036 -0.2106 3.5738
-3.5962 -0.2092 3.5701
-3.5884 -0.2081 3.5653
-3.5804 -0.2070 3.5599
-3.5723 -0.2061 3.5540
-3.5647 -0.2044 3.5489
-3.5578 -0.2018 3.5451
-3.5491 -0.2009 3.5394
-3.5396 -0.2008 3.5329
-3.5295 -0.2010 3.5261
-3.5191 -0.2015 3.5190
-3.5088 -0.2009 3.5133
-3.4989 -0.1987 3.5100
-3.4883 -0.1986 3.5042
-3.4772 -0.1994 3.4977
-3.4656 -0.2005 3.4910
-3.4536 -0.2015 3.4839
-3.4418 -0.2011 3.4770
-3.4306 -0.1990 3.4707
-3.4191 -0.1988 3.4631
-3.4076 -0.1992 3.4551
-3.3963 -0.2000 3.4468
-3.3849 -0.2008 3.4384
-3.3734 -0.2018 3.4297
-3.3616 -0.2030 3.4211
-3.3494 -0.2045 3.4124
-3.3369 -0.2062 3.4038
-3.3239 -0.2081 3.3952
-3.3104 -0.2101 3.3864
-3.2960 -0.2108 3.3785
-3.2805 -0.2099 3.3715
-3.2654 -0.2108 3.3622
-3.2503 -0.2123 3.3518
-3.2352 -0.2141 3.3405
-3.2200 -0.2161 3.3288
-3.2038 -0.2172 3.3176
-3.1862 -0.2171 3.3075
-3.1697 -0.2193 3.2955
-3.1535 -0.2224 3.2828
-3.1372 -0.2259 3.2695
-3.1210 -0.2295 3.2559
-3.1039 -0.2319 3.2428
-3.0858 -0.2328 3.2306
-3.0693 -0.2349 3.2166
-3.0537 -0.2370 3.2018
-3.0384 -0.2387 3.1866
-3.0233 -0.2400 3.1711
-3.0079 -0.2405 3.1566
-2.9921 -0.2400 3.1434
-2.9771 -0.2398 3.1282
-2.9623 -0.2395 3.1123
-2.9476 -0.2392 3.0962
-2.9330 -0.2388 3.0799
-2.9183 -0.2383 3.0638
-2.9037 -0.2376 3.0478
-2.8890 -0.2368 3.0313
-2.8745 -0.2357 3.0146
-2.8603 -0.2344 2.9979
-2.8462 -0.2327 2.9813
-2.8322 -0.2305 2.9649
-2.8183 -0.2277 2.9486
-2.8055 -0.2246 2.9321
-2.7939 -0.2209 2.9153
-2.7836 -0.2167 2.8985
-2.7748 -0.2121 2.8819
-2.7671 -0.2076 2.8656
-2.7605 -0.2037 2.8495
-2.7543 -0.2005 2.8336
-2.7486 -0.1983 2.8178
-2.7433 -0.1971 2.8017
-2.7384 -0.1971 2.7854
-2.7349 -0.1980 2.7690
-2.7330 -0.1999 2.7526
-2.7297 -0.2033 2.7359
-2.7260 -0.2078 2.7192
-2.7223 -0.2131 2.7027
-2.7186 -0.2188 2.6864
-2.7157 -0.2245 2.6706
-2.7136 -0.2299 2.6552
-2.7100 -0.2359 2.6393
-2.7058 -0.2419 2.6230
-2.7013 -0.2478 2.6064
-2.6966 -0.2530 2.5897
-2.6923 -0.2573 2.5738
-2.6884 -0.2608 2.5588
-2.6833 -0.2635 2.5434
-2.6774 -0.2656 2.5282
-2.6708 -0.2672 2.5132
-2.6635 -0.2683 2.4985
-2.6555 -0.2689 2.4840
-2.6474 -0.2686 2.4700
-2.6381 -0.2686 2.4562
-2.6277 -0.2686 2.4426
-2.6162 -0.2686 2.4294
-2.6034 -0.2686 2.4165
-2.5894 -0.2684 2.4026
-2.5748 -0.2678 2.3875
-2.5603 -0.2665 2.3752
-2.5460 -0.2642 2.3647
-2.5318 -0.2613 2.3558
-2.5173 -0.2583 2.3482
-2.5024 -0.2552 2.3404
-2.4869 -0.2520 2.3319
-2.4707 -0.2504 2.3252
-2.4541 -0.2498 2.3191
-2.4375 -0.2496 2.3130
-2.4212 -0.2494 2.3069
-2.4053 -0.2491 2.3007
-2.3902 -0.2464 2.2900
-2.3759 -0.2446 2.2824
-2.3622 -0.2429 2.2756
-2.3489 -0.2414 2.2688
-2.3362 -0.2402 2.2616
-2.3241 -0.2386 2.2534
-2.3130 -0.2364 2.2440
-2.3019 -0.2350 2.2344
-2.2908 -0.2342 2.2243
-2.2798 -0.2341 2.2135
-2.2687 -0.2345 2.2020
-2.2584 -0.2336 2.1899
-2.2492 -0.2304 2.1774
-2.2387 -0.2309 2.1637
-2.2277 -0.2327 2.1493
-2.2166 -0.2352 2.1345
-2.2054 -0.2381 2.1193
-2.1951 -0.2400 2.1043
-2.1860 -0.2403 2.0897
-2.1760 -0.2423 2.0749
-2.1658 -0.2446 2.0600
-2.1556 -0.2470 2.0451
-2.1455 -0.2492 2.0302
-2.1366 -0.2504 2.0158
-2.1298 -0.2502 2.0017
-2.1236 -0.2491 1.9868
-2.1187 -0.2470 1.9716
-2.1148 -0.2441 1.9565
-2.1113 -0.2412 1.9415
-2.1082 -0.2378 1.9264
-2.1054 -0.2341 1.9107
-2.1025 -0.2323 1.8933
-2.1001 -0.2313 1.8746
-2.0986 -0.2305 1.8549
-2.0978 -0.2302 1.8347
-2.0974 -0.2298 1.8146
-2.0967 -0.2296 1.7949
-2.0957 -0.2313 1.7758
-2.0940 -0.2341 1.7574
-2.0917 -0.2375 1.7399
-2.0887 -0.2414 1.7233
-2.0849 -0.2455 1.7073
-2.0794 -0.2484 1.6918
-2.0737 -0.2526 1.6764
-2.0673 -0.2574 1.6609
-2.0605 -0.2624 1.6452
-2.0531 -0.2671 1.6293
-2.0452 -0.2713 1.6134
-2.0366 -0.2748 1.5975
-2.0275 -0.2780 1.5819
-2.0178 -0.2806 1.5666
-2.0072 -0.2828 1.5514
-1.9960 -0.2844 1.5363
-1.9843 -0.2851 1.5210
-1.9723 -0.2847 1.5056
-1.9597 -0.2836 1.4906
-1.9467 -0.2815 1.4758
-1.9334 -0.2786 1.4615
-1.9201 -0.2748 1.4477
-1.9068 -0.2708 1.4342
-1.8932 -0.2671 1.4210
-1.8790 -0.2633 1.4088
-1.8639 -0.2602 1.3971
-1.8477 -0.2579 1.3858
-1.8307 -0.2564 1.3746
-1.8132 -0.2555 1.3633
-1.7957 -0.2547 1.3518
-1.7784 -0.2536 1.3415
-1.7616 -0.2519 1.3321
-1.7452 -0.2500 1.3238
-1.7292 -0.2480 1.3165
-1.7134 -0.2463 1.3102
-1.6979 -0.2451 1.3045
-1.6826 -0.2444 1.2995
-1.6676 -0.2441 1.2948
-1.6527 -0.2444 1.2899
-1.6379 -0.2452 1.2847
-1.6230 -0.2460 1.2787
-1.6077 -0.2466 1.2719
-1.5923 -0.2488 1.2646
-1.5766 -0.2518 1.2567
-1.5606 -0.2552 1.2485
-1.5442 -0.2590 1.2399
-1.5274 -0.2622 1.2309
-1.5101 -0.2646 1.2210
-1.4928 -0.2679 1.2115
-1.4757 -0.2710 1.2016
-1.4588 -0.2735 1.1915
-1.4423 -0.2752 1.1808
-1.4268 -0.2764 1.1692
-1.4126 -0.2771 1.1567
-1.3983 -0.2766 1.1440
-1.3847 -0.2752 1.1308
-1.3722 -0.2729 1.1170
-1.3609 -0.2699 1.1029
-1.3504 -0.2667 1.0883
-1.3403 -0.2636 1.0733
-1.3308 -0.2607 1.0582
-1.3217 -0.2582 1.0423
-1.3130 -0.2559 1.0256
-1.3047 -0.2540 1.0079
-1.2971 -0.2523 0.9898
-1.2903 -0.2509 0.9713
-1.2829 -0.2509 0.9525
-1.2752 -0.2519 0.9336
-1.2674 -0.2539 0.9149
-1.2594 -0.2568 0.8965
-1.2510 -0.2604 0.8784
-1.2427 -0.2629 0.8610
-1.2335 -0.2674 0.8439
-1.2237 -0.2730 0.8271
-1.2133 -0.2792 0.8108
-1.2024 -0.2856 0.7949
-1.1907 -0.2918 0.7792
-1.1781 -0.2974 0.7637
-1.1656 -0.3031 0.7488
-1.1531 -0.3083 0.7344
-1.1403 -0.3127 0.7204
-1.1273 -0.3162 0.7066
-1.1138 -0.3189 0.6928
-1.1001 -0.3209 0.6787
-1.0867 -0.3214 0.6640
-1.0736 -0.3205 0.6488
-1.0605 -0.3184 0.6331
-1.0475 -0.3154 0.6170
-1.0346 -0.3116 0.6008
-1.0214 -0.3076 0.5843
-1.0082 -0.3031 0.5683
-0.9948 -0.2986 0.5528
-0.9810 -0.2945 0.5382
-0.9667 -0.2910 0.5246
-0.9516 -0.2883 0.5121
-0.9359 -0.2866 0.5006
-0.9195 -0.2855 0.4915
-0.9029 -0.2849 0.4842
-0.8865 -0.2844 0.4785
-0.8706 -0.2839 0.4740
-0.8550 -0.2838 0.4695
-0.8396 -0.2839 0.4641
-0.8252 -0.2844 0.4601
-0.8114 -0.2852 0.4562
-0.7982 -0.2864 0.4520
-0.7854 -0.2880 0.4475
-0.7721 -0.2902 0.4413
-0.7581 -0.2928 0.4330
-0.7451 -0.2960 0.4263
-0.7323 -0.2998 0.4197
-0.7193 -0.3040 0.4125
-0.7060 -0.3086 0.4046
-0.6922 -0.3130 0.3945
-0.6778 -0.3171 0.3817
-0.6635 -0.3216 0.3698
-0.6492 -0.3258 0.3576
-0.6347 -0.3298 0.3450
-0.6204 -0.3332 0.3319
-0.6057 -0.3359 0.3177
-0.5909 -0.3375 0.3022
-0.5771 -0.3386 0.2877
-0.5638 -0.3390 0.2735
-0.5510 -0.3388 0.2593
-0.5387 -0.3379 0.2450
-0.5270 -0.3363 0.2300
-0.5161 -0.3338 0.2141
-0.5072 -0.3304 0.1988
-0.4998 -0.3265 0.1838
-0.4933 -0.3226 0.1692
-0.4870 -0.3193 0.1547
-0.4808 -0.3165 0.1395
-0.4746 -0.3141 0.1228
-0.4691 -0.3124 0.1057
-0.4645 -0.3108 0.0880
-0.4608 -0.3091 0.0701
-0.4576 -0.3076 0.0526
-0.4543 -0.3062 0.0354
-0.4504 -0.3050 0.0188
-0.4461 -0.3050 0.0043
-0.4412 -0.3059 -0.0088
-0.4354 -0.3075 -0.0208
-0.4288 -0.3096 -0.0320
-0.4207 -0.3118 -0.0429
-0.4109 -0.3139 -0.0538
-0.4016 -0.3165 -0.0636
-0.3919 -0.3193 -0.0729
-0.3820 -0.3219 -0.0818
-0.3718 -0.3242 -0.0906
-0.3612 -0.3258 -0.0994
-0.3503 -0.3267 -0.1086
-0.3400 -0.3270 -0.1175
-0.3299 -0.3269 -0.1267
-0.3197 -0.3266 -0.1367
-0.3093 -0.3263 -0.1476
-0.2986 -0.3261 -0.1596
-0.2870 -0.3254 -0.1736
-0.2755 -0.3247 -0.1871
-0.2639 -0.3238 -0.2004
-0.2520 -0.3226 -0.2134
-0.2398 -0.3211 -0.2258
-0.2274 -0.3193 -0.2380
-0.2152 -0.3173 -0.2500
-0.2031 -0.3147 -0.2607
-0.1909 -0.3121 -0.2706
-0.1789 -0.3095 -0.2796
-0.1676 -0.3069 -0.2880
-0.1572 -0.3039 -0.2958
-0.1479 -0.3007 -0.3032
-0.1389 -0.2985 -0.3096
-0.1298 -0.2977 -0.3153
-0.1200 -0.2985 -0.3202
-0.1093 -0.3007 -0.3244
-0.0982 -0.3036 -0.3282
-0.0871 -0.3065 -0.3314
-0.0760 -0.3102 -0.3342
-0.0655 -0.3136 -0.3362
-0.0560 -0.3165 -0.3370
-0.0474 -0.3188 -0.3363
-0.0395 -0.3202 -0.3350
-0.0323 -0.3206 -0.3334
-0.0254 -0.3221 -0.3300
-0.0190 -0.3239 -0.3258
-0.0129 -0.3257 -0.3210
-0.0071 -0.3274 -0.3159
-0.0009 -0.3285 -0.3118
0.0059 -0.3287 -0.3092
0.0112 -0.3296 -0.3044
0.0157 -0.3307 -0.2987
0.0197 -0.3318 -0.2925
0.0234 -0.3330 -0.2860
0.0274 -0.3339 -0.2802
0.0319 -0.3344 -0.2758
0.0351 -0.3360 -0.2696
0.0374 -0.3378 -0.2627
0.0391 -0.3396 -0.2554
0.0404 -0.3415 -0.2476
0.0426 -0.3430 -0.2406
0.0464 -0.3438 -0.2348
0.0489 -0.3463 -0.2273
0.0511 -0.3491 -0.2195
0.0533 -0.3516 -0.2120
0.0554 -0.3534 -0.2050
0.0584 -0.3541 -0.1994
0.0625 -0.3540 -0.1953
0.0654 -0.3540 -0.1899
0.0679 -0.3542 -0.1839
0.0705 -0.3548 -0.1776
0.0732 -0.3559 -0.1711
0.0762 -0.3572 -0.1649
0.0794 -0.3587 -0.1592
0.0818 -0.3605 -0.1527
0.0836 -0.3623 -0.1458
0.0846 -0.3640 -0.1385
0.0850 -0.3658 -0.1310
0.0848 -0.3671 -0.1237
0.0840 -0.3674 -0.1170
0.0827 -0.3677 -0.1108
0.0806 -0.3674 -0.1051
0.0778 -0.3666 -0.0998
0.0746 -0.3659 -0.0948
0.0712 -0.3655 -0.0904
0.0677 -0.3654 -0.0869
0.0648 -0.3654 -0.0831
0.0623 -0.3652 -0.0796
0.0597 -0.3646 -0.0767
0.0571 -0.3636 -0.0742
0.0538 -0.3618 -0.0736
0.0498 -0.3592 -0.0751
0.0469 -0.3583 -0.0743
0.0443 -0.3583 -0.0726
0.0420 -0.3589 -0.0704
0.0398 -0.3599 -0.0680
0.0373 -0.3607 -0.0666
0.0344 -0.3611 -0.0667
0.0322 -0.3620 -0.0651
0.0304 -0.3627 -0.0632
0.0290 -0.3631 -0.0614
0.0276 -0.3630 -0.0600
0.0261 -0.3619 -0.0594
0.0243 -0.3594 -0.0595
0.0227 -0.3579 -0.0591
0.0212 -0.3565 -0.0585
0.0197 -0.3553 -0.0578
0.0183 -0.3541 -0.0571
0.0171 -0.3524 -0.0572
0.0160 -0.3499 -0.0582
0.0152 -0.3480 -0.0584
0.0147 -0.3463 -0.0585
0.0146 -0.3445 -0.0587
0.0146 -0.3426 -0.0590
0.0147 -0.3402 -0.0599
0.0147 -0.3373 -0.0615
0.0150 -0.3354 -0.0621
0.0154 -0.3340 -0.0621
0.0157 -0.3329 -0.0619
0.0158 -0.3317 -0.0616
0.0155 -0.3296 -0.0617
0.0147 -0.3261 -0.0624
0.0145 -0.3235 -0.0633
0.0144 -0.3211 -0.0642
0.0142 -0.3189 -0.0651
0.0139 -0.3172 -0.0658
0.0132 -0.3160 -0.0668
0.0119 -0.3148 -0.0685
0.0106 -0.3136 -0.0692
0.0089 -0.3122 -0.0694
0.0066 -0.3103 -0.0695
0.0037 -0.3079 -0.0693
0.0001 -0.3045 -0.0691
-0.0041 -0.2997 -0.0690
-0.0088 -0.2948 -0.0684
-0.0137 -0.2893 -0.0677
-0.0189 -0.2830 -0.0670
-0.0242 -0.2761 -0.0662
-0.0295 -0.2682 -0.0654
-0.0347 -0.2591 -0.0648
-0.0398 -0.2505 -0.0638
-0.0446 -0.2417 -0.0628
-0.0493 -0.2327 -0.0619
-0.0539 -0.2233 -0.0614
-0.0585 -0.2139 -0.0613
-0.0628 -0.2051 -0.0613
-0.0670 -0.1961 -0.0613
-0.0710 -0.1873 -0.0614
-0.0744 -0.1789 -0.0614
-0.0773 -0.1708 -0.0616
-0.0798 -0.1634 -0.0618
-0.0818 -0.1569 -0.0621
-0.0836 -0.1507 -0.0624
-0.0850 -0.1450 -0.0625
-0.0861 -0.1402 -0.0625
-0.0869 -0.1361 -0.0622
-0.0877 -0.1325 -0.0615
-0.0885 -0.1292 -0.0605
-0.0896 -0.1267 -0.0603
-0.0908 -0.1249 -0.0604
-0.0921 -0.1236 -0.0607
-0.0936 -0.1230 -0.0610
-0.0741 -0.0891 -0.0481
-0.0294 -0.0151 -0.0195
-0.0167 0.0076 -0.0105
-0.0140 0.0141 -0.0078
-0.0144 0.0153 -0.0071
-0.0154 0.0149 -0.0069
-0.0162 0.0142 -0.0068
-0.0165 0.0139 -0.0069
-0.0170 0.0131 -0.0069
-0.0174 0.0121 -0.0069
-0.0176 0.0113 -0.0068
-0.0178 0.0104 -0.0066
-0.0176 0.0095 -0.0055
-0.0171 0.0087 -0.0036
-0.0170 0.0081 -0.0028
-0.0171 0.0076 -0.0025
-0.0172 0.0072 -0.0024
-0.0173 0.0069 -0.0024
-0.0174 0.0066 -0.0021
-0.0176 0.0064 -0.0015
-0.0177 0.0062 -0.0013
-0.0178 0.0062 -0.0014
-0.0179 0.0062 -0.0015
-0.0180 0.0062 -0.0018
-0.0182 0.0065 -0.0023
-0.0185 0.0072 -0.0032
-0.0186 0.0075 -0.0037
-0.0187 0.0076 -0.0041
-0.0186 0.0078 -0.0044
-0.0186 0.0080 -0.0047
-0.0186 0.0082 -0.0050
-0.0186 0.0084 -0.0053
-0.0185 0.0087 -0.0056
-0.0183 0.0091 -0.0060
-0.0182 0.0094 -0.0064
-0.0180 0.0097 -0.0068
-0.0176 0.0099 -0.0070
-0.0171 0.0101 -0.0070
-0.0167 0.0103 -0.0072
-0.0164 0.0104 -0.0076
-0.0160 0.0104 -0.0080
-0.0158 0.0105 -0.0085
-0.0154 0.0105 -0.0091
-0.0148 0.0105 -0.0097
-0.0146 0.0105 -0.0104
-0.0144 0.0104 -0.0111
-0.0143 0.0102 -0.0118
-0.0142 0.0100 -0.0125
-0.0142 0.0099 -0.0135
-0.0141 0.0099 -0.0148
-0.0140 0.0098 -0.0157
-0.0139 0.0095 -0.0164
-0.0139 0.0092 -0.0169
-0.0138 0.0089 -0.0174
-0.0135 0.0086 -0.0176
-0.0130 0.0083 -0.0175
-0.0128 0.0082 -0.0178
-0.0127 0.0081 -0.0181
-0.0126 0.0081 -0.0185
-0.0125 0.0082 -0.0188
-0.0125 0.0088 -0.0197
-0.0127 0.0100 -0.0215
-0.0127 0.0105 -0.0223
-0.0125 0.0109 -0.0227
-0.0124 0.0113 -0.0231
-0.0122 0.0116 -0.0235
-0.0118 0.0121 -0.0242
-0.0113 0.0128 -0.0254
-0.0110 0.0134 -0.0261
-0.0107 0.0139 -0.0266
-0.0105 0.0144 -0.0270
-0.0103 0.0149 -0.0275
-0.0101 0.0153 -0.0281
-0.0100 0.0157 -0.0290
-0.0097 0.0166 -0.0300
-0.0096 0.0171 -0.0305
-0.0095 0.0175 -0.0309
-0.0092 0.0177 -0.0312
-0.0089 0.0175 -0.0313
-0.0087 0.0176 -0.0314
-0.0085 0.0179 -0.0316
-0.0083 0.0183 -0.0318
-0.0082 0.0187 -0.0320
-0.0080 0.0191 -0.0321
-0.0080 0.0198 -0.0324
-0.0079 0.0203 -0.0325
-0.0078 0.0207 -0.0326
-0.0077 0.0211 -0.0326
-0.0075 0.0215 -0.0327
-0.0073 0.0219 -0.0328
-0.0070 0.0221 -0.0331
-0.0068 0.0224 -0.0333
-0.0067 0.0228 -0.0336
-0.0067 0.0232 -0.0338
-0.0066 0.0236 -0.0341
-0.0066 0.0240 -0.0344
-0.0062 0.0238 -0.0348
-0.0061 0.0239 -0.0351
-0.0061 0.0241 -0.0353
-0.0061 0.0243 -0.0355
-0.0062 0.0244 -0.0357
-0.0064 0.0246 -0.0358
-0.0064 0.0245 -0.0360
-0.0065 0.0245 -0.0362
-0.0066 0.0246 -0.0362
-0.0067 0.0247 -0.0362
-0.0068 0.0248 -0.0362
-0.0069 0.0249 -0.0362
-0.0069 0.0248 -0.0362
-0.0070 0.0249 -0.0363
-0.0071 0.0251 -0.0364
-0.0072 0.0252 -0.0366
-0.0072 0.0254 -0.0368
-0.0073 0.0255 -0.0370
-0.0069 0.0257 -0.0370
-0.0068 0.0259 -0.0372
-0.0068 0.0261 -0.0374
-0.0068 0.0263 -0.0376
-0.0068 0.0265 -0.0378
-0.0069 0.0267 -0.0379
-0.0067 0.0263 -0.0378
-0.0067 0.0263 -0.0380
-0.0067 0.0264 -0.0381
-0.0066 0.0265 -0.0383
-0.0066 0.0266 -0.0385
-0.0066 0.0268 -0.0387
-0.0065 0.0265 -0.0389
-0.0064 0.0266 -0.0391
-0.0064 0.0266 -0.0393
-0.0064 0.0267 -0.0395
-0.0064 0.0268 -0.0397
-0.0064 0.0269 -0.0399
-0.0064 0.0267 -0.0399
-0.0064 0.0267 -0.0400
-0.0064 0.0268 -0.0401
-0.0065 0.0270 -0.0403
-0.0065 0.0271 -0.0405
-0.0065 0.0272 -0.0406
-0.0064 0.0265 -0.0401
-0.0064 0.0264 -0.0401
-0.0064 0.0264 -0.0402
-0.0064 0.0265 -0.0403
-0.0065 0.0266 -0.0404
-0.0065 0.0267 -0.0405
-0.0065 0.0263 -0.0404
-0.0066 0.0263 -0.0404
-0.0066 0.0263 -0.0405
-0.0067 0.0263 -0.0405
-0.0068 0.0264 -0.0406
-0.0069 0.0264 -0.0406
-0.0069 0.0256 -0.0396
-0.0070 0.0253 -0.0393
-0.0070 0.0252 -0.0391
-0.0071 0.0252 -0.0391
-0.0071 0.0252 -0.0391
-0.0072 0.0253 -0.0391
-0.0072 0.0253 -0.0392
-0.0067 0.0241 -0.0376
-0.0065 0.0237 -0.0371
-0.0064 0.0236 -0.0370
-0.0064 0.0236 -0.0369
-0.0064 0.0234 -0.0368
-0.0066 0.0232 -0.0367
-0.0067 0.0231 -0.0367
-0.0067 0.0230 -0.0367
-0.0067 0.0229 -0.0366
-0.0067 0.0229 -0.0366
-0.0067 0.0229 -0.0365
-0.0069 0.0227 -0.0365
-0.0069 0.0226 -0.0365
-0.0069 0.0226 -0.0365
-0.0069 0.0226 -0.0365
-0.0069 0.0227 -0.0365
-0.0068 0.0227 -0.0364
-0.0069 0.0224 -0.0361
-0.0070 0.0224 -0.0361
-0.0071 0.0224 -0.0360
-0.0071 0.0224 -0.0359
-0.0071 0.0224 -0.0358
-0.0071 0.0224 -0.0357
-0.0071 0.0225 -0.0357
-0.0071 0.0222 -0.0357
-0.0070 0.0221 -0.0357
-0.0070 0.0221 -0.0356
-0.0069 0.0221 -0.0356
-0.0069 0.0221 -0.0356
-0.0070 0.0219 -0.0358
-0.0070 0.0219 -0.0359
-0.0070 0.0219 -0.0359
-0.0070 0.0219 -0.0358
-0.0069 0.0218 -0.0358
-0.0068 0.0218 -0.0356
-0.0070 0.0217 -0.0360
-0.0071 0.0216 -0.0360
-0.0070 0.0215 -0.0360
-0.0070 0.0214 -0.0359
-0.0070 0.0214 -0.0358
-0.0070 0.0213 -0.0357
-0.0072 0.0212 -0.0358
-0.0072 0.0212 -0.0358
-0.0072 0.0211 -0.0357
-0.0071 0.0211 -0.0356
-0.0071 0.0211 -0.0354
-0.0071 0.0211 -0.0354
-0.0072 0.0211 -0.0358
-0.0072 0.0211 -0.0359
-0.0072 0.0212 -0.0360
-0.0072 0.0212 -0.0360
-0.0072 0.0213 -0.0360
-0.0071 0.0213 -0.0360
-0.0073 0.0213 -0.0362
-0.0074 0.0213 -0.0363
-0.0074 0.0213 -0.0363
-0.0074 0.0213 -0.0362
-0.0075 0.0214 -0.0362
-0.0075 0.0214 -0.0362
-0.0078 0.0213 -0.0364
-0.0080 0.0212 -0.0365
-0.0080 0.0213 -0.0365
-0.0080 0.0213 -0.0365
-0.0081 0.0213 -0.0365
-0.0081 0.0214 -0.0365
-0.0084 0.0213 -0.0366
-0.0085 0.0213 -0.0367
-0.0085 0.0213 -0.0367
-0.0086 0.0213 -0.0367
-0.0087 0.0213 -0.0368
-0.0087 0.0213 -0.0368
-0.0089 0.0213 -0.0372
-0.0090 0.0213 -0.0374
-0.0090 0.0213 -0.0375
-0.0091 0.0213 -0.0377
-0.0091 0.0213 -0.0378
-0.0091 0.0213 -0.0379
-0.0094 0.0213 -0.0380
-0.0095 0.0214 -0.0381
-0.0096 0.0215 -0.0383
-0.0097 0.0216 -0.0385
-0.0098 0.0217 -0.0387
-0.0099 0.0217 -0.0389
-0.0104 0.0216 -0.0385
-0.0107 0.0215 -0.0384
-0.0108 0.0215 -0.0385
-0.0108 0.0214 -0.0386
-0.0109 0.0213 -0.0386
-0.0109 0.0211 -0.0386
-0.0116 0.0212 -0.0380
-0.0119 0.0211 -0.0378
-0.0121 0.0210 -0.0379
-0.0122 0.0209 -0.0379
-0.0123 0.0207 -0.0379
-0.0123 0.0205 -0.0380
-0.0132 0.0206 -0.0378
-0.0135 0.0205 -0.0378
-0.0136 0.0204 -0.0379
-0.0137 0.0202 -0.0380
-0.0137 0.0200 -0.0382
-0.0138 0.0199 -0.0384
-0.0140 0.0200 -0.0374
-0.0141 0.0200 -0.0372
-0.0142 0.0199 -0.0371
-0.0142 0.0199 -0.0371
-0.0143 0.0199 -0.0371
-0.0143 0.0199 -0.0372
-0.0148 0.0199 -0.0368
-0.0151 0.0199 -0.0367
-0.0152 0.0200 -0.0367
-0.0153 0.0200 -0.0368
-0.0154 0.0201 -0.0368
-0.0154 0.0201 -0.0369
-0.0160 0.0207 -0.0373
-0.0162 0.0209 -0.0375
-0.0164 0.0210 -0.0376
-0.0165 0.0210 -0.0376
-0.0166 0.0211 -0.0377
-0.0167 0.0211 -0.0378
-0.0173 0.0209 -0.0382
-0.0176 0.0208 -0.0383
-0.0177 0.0208 -0.0384
-0.0178 0.0208 -0.0385
-0.0179 0.0207 -0.0386
-0.0179 0.0206 -0.0387
-0.0180 0.0205 -0.0387
-0.0176 0.0204 -0.0381
-0.0175 0.0203 -0.0378
-0.0175 0.0202 -0.0377
-0.0175 0.0202 -0.0377
-0.0176 0.0202 -0.0376
-0.0175 0.0201 -0.0377
-0.0174 0.0200 -0.0377
-0.0175 0.0200 -0.0377
-0.0175 0.0200 -0.0377
-0.0175 0.0200 -0.0376
-0.0175 0.0200 -0.0375
-0.0194 0.0212 -0.0405
-0.0201 0.0216 -0.0413
-0.0203 0.0217 -0.0415
-0.0204 0.0218 -0.0415
-0.0205 0.0218 -0.0414
-0.0205 0.0219 -0.0414
-0.0209 0.0218 -0.0409
-0.0211 0.0219 -0.0408
-0.0211 0.0220 -0.0408
-0.0211 0.0221 -0.0409
-0.0211 0.0222 -0.0410
-0.0210 0.0223 -0.0411
-0.0209 0.0227 -0.0420
-0.0208 0.0229 -0.0423
-0.0207 0.0230 -0.0425
-0.0206 0.0231 -0.0426
-0.0205 0.0232 -0.0427
-0.0204 0.0233 -0.0428
-0.0203 0.0234 -0.0430
-0.0202 0.0235 -0.0432
-0.0201 0.0236 -0.0433
-0.0200 0.0237 -0.0433
-0.0199 0.0237 -0.0434
-0.0199 0.0238 -0.0435
-0.0197 0.0237 -0.0434
-0.0196 0.0236 -0.0434
-0.0195 0.0237 -0.0435
-0.0195 0.0237 -0.0435
-0.0195 0.0238 -0.0436
-0.0195 0.0238 -0.0437
-0.0196 0.0238 -0.0441
-0.0196 0.0239 -0.0443
-0.0196 0.0239 -0.0444
-0.0195 0.0238 -0.0445
-0.0195 0.0238 -0.0446
-0.0195 0.0238 -0.0448
-0.0195 0.0239 -0.0452
-0.0195 0.0239 -0.0454
-0.0194 0.0238 -0.0455
-0.0194 0.0239 -0.0457
-0.0194 0.0239 -0.0459
-0.0195 0.0239 -0.0460
-0.0196 0.0237 -0.0460
-0.0197 0.0236 -0.0461
-0.0197 0.0235 -0.0462
-0.0198 0.0234 -0.0463
-0.0198 0.0233 -0.0463
-0.0198 0.0232 -0.0463
-0.0196 0.0232 -0.0466
-0.0196 0.0231 -0.0467
-0.0196 0.0231 -0.0468
-0.0195 0.0230 -0.0469
-0.0195 0.0229 -0.0469
-0.0195 0.0229 -0.0470
-0.0195 0.0229 -0.0468
-0.0195 0.0229 -0.0469
-0.0195 0.0229 -0.0470
-0.0195 0.0230 -0.0471
-0.0195 0.0230 -0.0472
-0.0194 0.0230 -0.0473
-0.0194 0.0233 -0.0475
-0.0195 0.0234 -0.0477
-0.0195 0.0235 -0.0478
-0.0195 0.0236 -0.0479
-0.0195 0.0236 -0.0481
-0.0196 0.0237 -0.0482
-0.0195 0.0238 -0.0480
-0.0196 0.0238 -0.0480
-0.0196 0.0239 -0.0481
-0.0196 0.0239 -0.0481
-0.0196 0.0240 -0.0481
-0.0196 0.0241 -0.0481
-0.0197 0.0242 -0.0481
-0.0197 0.0243 -0.0481
-0.0198 0.0244 -0.0482
-0.0199 0.0244 -0.0482
-0.0201 0.0245 -0.0482
-0.0202 0.0245 -0.0483
-0.0201 0.0245 -0.0482
-0.0201 0.0246 -0.0482
-0.0202 0.0246 -0.0482
-0.0202 0.0245 -0.0481
-0.0203 0.0245 -0.0481
-0.0203 0.0244 -0.0480
-0.0201 0.0242 -0.0477
-0.0199 0.0241 -0.0476
-0.0199 0.0239 -0.0474
-0.0198 0.0238 -0.0473
-0.0197 0.0237 -0.0472
-0.0197 0.0236 -0.0471
-0.0196 0.0236 -0.0473
-0.0196 0.0235 -0.0472
-0.0195 0.0234 -0.0471
-0.0194 0.0233 -0.0469
-0.0193 0.0232 -0.0468
-0.0193 0.0231 -0.0466
-0.0192 0.0231 -0.0466
-0.0191 0.0231 -0.0466
-0.0189 0.0231 -0.0465
-0.0188 0.0231 -0.0464
-0.0187 0.0231 -0.0463
-0.0185 0.0231 -0.0463
-0.0185 0.0232 -0.0468
-0.0183 0.0232 -0.0470
-0.0182 0.0232 -0.0470
-0.0180 0.0231 -0.0470
-0.0178 0.0231 -0.0469
-0.0177 0.0230 -0.0469
-0.0176 0.0230 -0.0471
-0.0175 0.0229 -0.0471
-0.0174 0.0229 -0.0471
-0.0173 0.0228 -0.0470
-0.0172 0.0228 -0.0469
-0.0171 0.0227 -0.0468
-0.0169 0.0226 -0.0470
-0.0168 0.0225 -0.0470
-0.0167 0.0224 -0.0470
-0.0166 0.0224 -0.0470
-0.0165 0.0224 -0.0469
-0.0163 0.0223 -0.0469
-0.0159 0.0221 -0.0469
-0.0158 0.0220 -0.0469
-0.0157 0.0220 -0.0468
-0.0156 0.0220 -0.0467
-0.0155 0.0220 -0.0467
-0.0154 0.0220 -0.0466
-0.0157 0.0220 -0.0475
-0.0157 0.0220 -0.0478
-0.0158 0.0220 -0.0479
-0.0158 0.0221 -0.0479
-0.0158 0.0221 -0.0479
-0.0159 0.0221 -0.0480
-0.0149 0.0212 -0.0473
-0.0147 0.0209 -0.0471
-0.0146 0.0208 -0.0470
-0.0146 0.0207 -0.0470
-0.0147 0.0206 -0.0470
-0.0147 0.0205 -0.0470
-0.0146 0.0207 -0.0474
-0.0146 0.0207 -0.0475
-0.0146 0.0206 -0.0474
-0.0146 0.0205 -0.0473
-0.0147 0.0203 -0.0472
-0.0146 0.0202 -0.0471
-0.0147 0.0199 -0.0468
-0.0146 0.0197 -0.0467
-0.0145 0.0196 -0.0466
-0.0143 0.0193 -0.0466
-0.0142 0.0192 -0.0465

