-0.1001 -0.5401 -0.0885
-0.0626 -0.6399 -0.0397
-0.0835 -0.6366 0.1139
-0.1230 -0.6463 -0.0473
-0.1424 -0.6072 0.0992
0.0066 -0.0368 0.0029
0.0429 -0.6101 -0.1742
-0.1960 -0.6287 0.0732
0.0116 -0.6051 0.0598
-0.1704 -0.5890 -0.1027
-0.2913 -0.6189 0.0903
-0.2676 -0.6504 0.0698
-0.2765 -0.6382 -0.0911
-0.2326 -0.6099 -0.1122
-0.2276 -0.6240 0.0983
-0.2088 -0.6001 -0.0214
-0.2899 -0.6012 -0.2042
-0.1517 -0.6143 -0.1057
-0.0173 -0.6376 0.1202
-0.3375 -0.6263 -0.0998
0.0195 -0.6147 -0.1466
-0.3052 -0.6126 -0.0027
-0.1812 -0.6081 -0.0507
-0.3237 -0.6182 0.1149
-0.3000 -0.6266 -0.1247
-0.1365 -0.5799 -0.1281
-0.1897 -0.5813 -0.2135
-0.0505 -0.6379 0.1171
-0.2697 -0.6380 0.1260
-0.2307 -0.6459 0.0389
-0.1046 -0.6447 0.0524
0.0015 -0.0435 0.0014
-0.0137 -0.0303 -0.0041
-0.2020 -0.6213 0.1288
-0.1126 -0.5589 0.0163
-0.2263 -0.6014 0.1516
0.0059 -0.0883 -0.0298
-0.0089 -0.0369 -0.0271
0.0105 -0.0250 -0.0104
-0.0212 -0.0615 -0.0059

