0.0503 0.0170 0.0139
0.0160 0.0407 0.0005
0.0091 0.0374 -0.0024
0.0209 0.0334 0.0025
0.0210 0.0136 0.0165
0.0123 0.0087 0.0205
-0.0013 0.0112 0.0199
-0.0025 0.0070 0.0114
-0.0024 0.0081 0.0068
0.0061 -0.0155 0.0042
0.0095 -0.0301 0.0007
0.0150 -0.0167 -0.0041
0.0379 -0.0043 -0.0057
0.0290 0.0095 -0.0134
0.0254 0.0039 -0.0095
0.0178 -0.0193 -0.0153
0.0226 -0.0276 -0.0137
0.0299 -0.0203 -0.0125
0.0372 -0.0142 -0.0095
0.0276 -0.0115 -0.0040
0.0249 -0.0041 0.0011
0.0201 -0.0039 -0.0004
0.0210 -0.0095 0.0037
0.0234 0.0025 -0.0004
0.0248 0.0109 -0.0083
0.0177 0.0227 -0.0026
0.0197 0.0208 -0.0007
0.0204 0.0125 0.0035
0.0117 0.0061 0.0016
0.0163 0.0013 -0.0017
0.0251 0.0119 -0.0054
0.0182 0.0213 -0.0051
0.0038 0.0236 0.0030
0.0532 0.0355 -0.0158
0.0739 -0.0028 -0.0271
0.0431 -0.0123 -0.0097
-0.0333 -0.0179 0.0033
-0.0675 -0.0300 0.0182
-0.0702 -0.0200 0.0424
0.0408 0.0416 -0.0196
0.0787 0.0226 -0.0397
0.0719 -0.0067 0.0068
0.0232 -0.0013 0.0024
0.0265 -0.0009 -0.0030
0.0262 0.0081 -0.0042
0.0231 0.0076 -0.0018
0.0049 -0.0057 0.0096
0.0093 -0.0068 0.0122
0.0134 -0.0041 0.0039
0.0087 -0.0030 0.0043
-0.0135 0.0084 0.0040
-0.0142 0.0122 0.0057
-0.0039 0.0019 0.0103
-0.0003 -0.0229 -0.0022
-0.0043 -0.0223 -0.0061
0.0122 -0.0144 -0.0126
0.0191 -0.0057 -0.0178
0.0141 0.0161 -0.0031
0.0013 0.0225 0.0087
0.0030 0.0177 0.0150
0.0095 0.0021 0.0081
0.0104 0.0145 -0.0018
0.0121 0.0285 -0.0046
0.0116 0.0268 -0.0017
-0.0062 -0.0040 -0.0081
-0.0224 -0.0026 -0.0076
0.0196 0.0350 -0.0072
0.0328 0.0482 -0.0134
0.0165 0.0425 -0.0008
-0.0061 0.0146 0.0040
-0.0024 0.0059 -0.0030
0.0050 0.0096 -0.0085
0.0091 0.0239 -0.0042
0.0128 0.0273 -0.0021
0.0124 0.0210 0.0036
0.0172 0.0220 -0.0007
0.0158 0.0238 -0.0025
0.0250 0.0291 -0.0012
0.0144 0.0326 0.0049
0.0004 0.0386 0.0155
0.0002 0.0531 0.0226
0.0069 0.0662 0.0257
-0.0011 0.0617 0.0244
-0.0362 0.0667 0.0222
-0.0530 0.0713 0.0298
-0.0682 0.1464 0.0547
-0.0820 0.2386 0.0961
-0.0926 0.2726 0.1318
-0.1004 0.3485 0.2013
-0.0957 0.4327 0.2619
-0.0942 0.4630 0.2998
-0.0768 0.5150 0.3342
-0.0258 0.5461 0.3484
-0.0222 0.5658 0.3435
-0.0880 0.6364 0.3229
-0.1882 0.6884 0.3114
-0.2328 0.6925 0.3036
-0.2834 0.6510 0.3040
-0.3417 0.6021 0.3202
-0.3796 0.5801 0.3411
-0.4455 0.5632 0.4032
-0.4705 0.5436 0.4969
-0.4578 0.5359 0.5439
-0.3835 0.5169 0.6569
-0.3232 0.5128 0.7715
-0.3063 0.5119 0.8096
-0.3241 0.4744 0.8626
-0.3406 0.3628 0.8774
-0.3179 0.3075 0.8638
-0.2444 0.2486 0.8350
-0.2139 0.2592 0.8276
-0.2094 0.2850 0.8335
-0.2038 0.3216 0.8387
-0.1942 0.3332 0.8474
-0.1749 0.3368 0.8532
-0.1566 0.3402 0.8544
-0.1379 0.3428 0.8544
-0.1201 0.3530 0.8441
-0.0879 0.4067 0.8463
-0.0643 0.4440 0.8450
-0.0422 0.4889 0.8490
-0.0188 0.5125 0.8503
-0.0177 0.5399 0.8375
-0.0170 0.5800 0.8311
-0.0098 0.6357 0.8313
-0.0127 0.6680 0.8333
-0.0172 0.7042 0.8653
0.0087 0.7111 0.8986
0.0556 0.7208 0.9101
0.0814 0.7483 0.9048
-0.0044 0.7510 0.8831
-0.0220 0.7525 0.8599
0.0904 0.7708 0.7810
0.2517 0.8979 0.7584
0.2824 0.9606 0.7608
0.1398 1.1050 0.6906
-0.3033 1.1937 0.6272
-0.6063 1.2113 0.5912
-1.1264 1.1229 0.5381
-1.2017 0.9945 0.5550
-0.6947 0.6365 0.7377
0.2843 0.4999 0.8014
0.6113 0.5244 0.7726
0.7211 0.5745 0.6616
0.4257 0.6885 0.5006
0.2496 0.7293 0.3790
0.0017 0.7608 0.2304
-0.2321 0.8692 0.2021
-0.4155 0.9196 0.2808
-0.7742 0.7664 0.5057
-0.9310 0.3212 0.6724
-0.9525 0.1578 0.7557
-0.9341 0.1437 0.9215
-0.8557 0.2422 1.0265
-0.7802 0.2292 1.0492
-0.6600 0.2200 1.0334
-0.7544 0.1818 0.9386
-0.8912 0.2091 0.8977
-1.2066 0.3809 0.8349
-1.2948 0.5242 0.7577
-1.2560 0.5507 0.7135
-1.1261 0.5484 0.6171
-0.9821 0.4650 0.5070
-0.8920 0.4113 0.4533
-0.6908 0.3291 0.3391
-0.5952 0.3216 0.2865
-0.4865 0.3925 0.1814
-0.4720 0.4415 0.1072
-0.4758 0.4470 0.0815
-0.5025 0.4309 0.0241
-0.5137 0.4445 0.0165
-0.5066 0.4739 0.0337
-0.5550 0.5465 0.0765
-0.5892 0.6675 0.1482
-0.6156 0.7036 0.1781
-0.7080 0.7655 0.2591
-0.7709 0.7714 0.3422
-0.7912 0.7580 0.4098
-0.8052 0.5763 0.4848
-0.7730 0.0746 0.6235
-0.6806 0.0318 0.5098
-0.4201 0.1035 0.0490
-0.0507 -0.2494 -0.1781
0.1485 -0.7957 -0.1707
0.3220 -1.1883 -0.4881
0.4510 -1.2650 -0.8990
0.4902 -1.1658 -1.0258
0.6440 -0.4911 -0.9342
0.7176 0.5130 -0.5816
0.6625 0.9049 -0.3667
0.4238 1.2253 0.0186
0.1863 1.0629 0.2828
0.1342 0.8785 0.3501
0.2519 0.3870 0.3873
0.4362 0.1207 0.3791
0.9496 -0.2081 0.3383
1.3136 -0.2603 0.3129
1.3268 -0.2748 0.3000
1.0882 -0.3026 0.3163
0.8378 -0.2564 0.3331
0.7828 -0.1918 0.3448
0.7718 -0.0013 0.3692
0.7414 0.0387 0.4405
0.7000 -0.0241 0.4906
0.5875 -0.2819 0.5731
0.3655 -0.3439 0.5830
0.1709 -0.3179 0.5475
-0.3471 -0.4750 0.4075
-0.9146 -0.8563 0.1529
-1.1781 -1.1306 -0.0394
-1.5041 -1.6973 -0.5783
-1.8735 -2.4159 -0.9439
-1.9927 -2.4218 -1.1005
-1.8836 -2.1273 -1.5286
-1.5999 -2.1299 -1.9441
-1.4335 -1.9890 -2.0004
-1.2574 -1.6566 -2.0204
-1.2910 -1.5503 -1.9389
-1.3340 -1.4781 -1.8329
-1.4755 -1.1334 -1.6878
-1.5278 -0.8901 -1.6481
-1.4222 -0.5507 -1.5197
-1.1104 -0.4556 -1.4778
-0.9388 -0.5372 -1.5766
-0.4702 -0.5919 -1.8587
0.3177 -0.0966 -1.9450
0.7717 0.2366 -1.8709
1.5361 0.5335 -1.5313
1.9433 0.0759 -1.1819
2.0230 -0.2626 -1.0866
1.9714 -0.7431 -1.1382
1.7065 -0.6548 -1.4009
1.4891 -0.4624 -1.5470
0.9084 0.0473 -1.7690
0.2357 0.5720 -1.7852
-0.0824 0.7527 -1.7171
-0.5460 0.8079 -1.4432
-0.7336 0.6727 -1.0585
-0.7282 0.6186 -0.8595
-0.6123 0.5863 -0.5284
-0.4859 0.4666 -0.3370
-0.4360 0.3249 -0.2805
-0.3482 0.0566 -0.1797
-0.2734 0.0474 -0.1380
-0.2607 0.0972 -0.1426
-0.2066 0.2291 -0.1145
-0.0770 0.1477 -0.0489
0.0322 0.0582 -0.0039
0.3145 -0.1045 0.0990
0.4653 -0.1408 0.1120
0.6479 -0.0799 0.0705
0.5266 -0.0551 -0.0137
0.3794 -0.0706 -0.0349
0.1428 -0.0387 0.0529
-0.0193 -0.0305 0.3065
-0.1458 -0.1487 0.4278
-0.4408 -0.2994 0.5825
-0.5537 0.1054 0.5975
-0.4505 0.5118 0.6345
0.0156 1.4528 1.0100
0.4239 1.8861 1.6987
0.5462 1.8685 2.0421
0.6233 1.5504 2.5955
0.3971 0.9408 2.8598
0.2185 0.5798 2.8662
-0.0392 0.0011 2.6538
0.0080 -0.2986 2.3252
0.1210 -0.3950 2.1558
0.4999 -0.4818 1.7938
0.9998 -0.0986 1.4591
1.2044 0.1762 1.3366
1.4127 0.6154 1.2663
1.3841 0.7670 1.3546
1.3327 0.7757 1.3953
1.1926 0.7534 1.3362
0.9867 0.5617 1.0533
0.8761 0.3957 0.8550
0.6551 0.1177 0.3880
0.4098 -0.0677 -0.0954
0.2976 -0.1279 -0.2810
0.0811 -0.2258 -0.5218
-0.0345 -0.2685 -0.6002
-0.2255 -0.3063 -0.6741
-0.3117 -0.3537 -0.6400
-0.3295 -0.3907 -0.6073
-0.4126 -0.4959 -0.5383
-0.5684 -0.5057 -0.4762
-0.6278 -0.4240 -0.4052
-0.5824 -0.2324 -0.1461
-0.4354 -0.2490 0.1102
-0.3762 -0.2779 0.1663
-0.2796 -0.2293 0.1774
-0.3266 -0.2946 0.0018
-0.4275 -0.4803 -0.1496
-0.5249 -0.8258 -0.4953
-0.1293 -0.7498 -0.7918
0.2022 -0.5192 -0.8606
0.7779 -0.2301 -0.7816
0.9920 -0.4856 -0.5397
0.9802 -0.7495 -0.4708
0.8504 -1.2354 -0.5472
0.6853 -1.4601 -0.8439
0.6051 -1.4303 -1.0432
0.4376 -1.2401 -1.4756
0.3371 -1.1365 -1.6579
0.0579 -0.9943 -1.8870
-0.3656 -0.8197 -1.9530
-0.6074 -0.7348 -1.9471
-1.0026 -0.5074 -1.9008
-1.2053 -0.2094 -1.8351
-1.2287 -0.1089 -1.7859
-1.2071 0.0674 -1.6187
-1.2147 0.1994 -1.3416
-1.2655 0.2400 -1.1746
-1.3818 0.2351 -0.7697
-1.3032 0.1555 -0.3246
-1.1576 0.1138 -0.1083
-0.7111 0.0838 0.3293
-0.2077 0.1404 0.7240
-0.0019 0.1595 0.8739
0.2386 0.1754 1.0658
0.2950 0.3176 1.1590
0.2859 0.4724 1.1949
0.1795 0.8045 1.2560
-0.0137 1.0647 1.3228
-0.1450 1.0758 1.3448
-0.4042 0.7770 1.3590
-0.4549 0.2185 1.2387
-0.3218 -0.0056 1.1219
0.2739 0.1984 0.9584
1.0295 1.1612 1.1419
1.2530 1.6081 1.4233
1.1918 2.0736 2.2069
0.9429 2.0846 2.5619
0.1995 1.5300 2.9721
-0.4665 0.4596 2.9701
-0.5791 0.0993 2.8332
-0.3794 -0.0037 2.3525
-0.0144 0.3375 1.8829
0.1375 0.5589 1.7506
0.3510 0.8959 1.7695
0.5040 0.9828 2.0231
0.5817 1.0090 2.1572
0.7377 1.0498 2.2868
0.9145 1.0172 2.2678
0.9930 0.9465 2.2397
1.0577 0.7050 2.1232
0.9184 0.4350 1.8730
0.7754 0.3350 1.6853
0.4506 0.2487 1.2268
0.2334 0.2973 0.7582
0.1795 0.3616 0.5578
0.0867 0.4389 0.2424
-0.0408 0.4136 0.0570
-0.1114 0.3671 0.0164
-0.2895 0.2505 -0.0398
-0.4615 0.2180 -0.1285
-0.5648 0.2075 -0.1929
-0.8464 -0.0171 -0.3859
-0.9800 -0.2129 -0.4813
-1.0249 -0.4271 -0.6494
-0.7615 -0.1863 -0.6770
-0.6076 0.0157 -0.6233
-0.5185 0.2838 -0.3798
-0.6649 -0.0009 -0.1296
-0.6207 -0.1530 -0.0557
-0.0749 -0.0664 -0.0042
0.7060 0.2578 0.0866
0.9862 0.3549 0.1923
1.1486 0.2389 0.4383
0.8764 -0.3164 0.5110
0.6573 -0.6933 0.4478
0.2392 -1.3744 0.1923
-0.0645 -1.7359 -0.2232
-0.1789 -1.7343 -0.4784
-0.3203 -1.1819 -1.0139
-0.3605 -0.2832 -1.4050
-0.3978 0.0895 -1.4813
-0.5302 0.5748 -1.4089
-0.6469 0.7553 -1.2086
-0.6943 0.7453 -1.0999
-0.7878 0.6366 -0.9301
-0.8808 0.5389 -0.8876
-0.9236 0.5199 -0.8692
-1.0354 0.5896 -0.7398
-1.0990 0.7122 -0.4540
-1.0624 0.8553 -0.2368
-0.8785 1.1268 0.3201
-0.7268 1.1456 0.6718
-0.3215 1.0037 1.4392
0.0605 0.7590 1.9877
0.2050 0.6479 2.1293
0.3951 0.5592 2.2301
0.4668 0.6987 2.2154
0.4607 0.7972 2.2150
0.3768 0.9270 2.2338
0.3005 0.9548 2.2701
0.2922 0.9679 2.2848
0.3412 0.8661 2.2669
0.4437 0.6927 2.2780
0.4783 0.6031 2.2952
0.4047 0.5252 2.3025
0.0869 0.5830 2.2188
-0.1316 0.5558 2.1202
-0.4938 0.2443 1.8335
-0.3735 -0.0381 1.5740
-0.0838 -0.0002 1.5147
0.6220 0.3378 1.6129
1.1036 0.5800 2.0025
1.2071 0.6179 2.2294
1.1816 0.5609 2.4981
1.0301 0.5669 2.4519
0.9468 0.6200 2.3437
0.8094 0.6782 2.0931
0.7630 0.6950 1.9870
0.7064 0.6011 1.8475
0.6776 0.4706 1.7731
0.6623 0.4059 1.7489
0.6597 0.4463 1.6923
0.6112 0.7090 1.5699
0.5607 0.8881 1.5046
0.4909 1.2666 1.4267
0.4872 1.5670 1.4935
0.4660 1.6660 1.5803
0.3782 1.7864 1.8135
0.2212 1.7628 2.0412
0.1633 1.7227 2.1521
0.0813 1.6896 2.3098
-0.0406 1.7006 2.3987
-0.1173 1.7082 2.4302
-0.2947 1.7336 2.4706
-0.4783 1.8139 2.4674
-0.5629 1.8874 2.4562
-0.6964 2.0579 2.4413
-0.8413 2.1388 2.4892
-0.9256 2.1004 2.5295
-1.0697 1.8793 2.6096
-1.1596 1.5255 2.6420
-1.1682 1.3050 2.6364
-1.0466 1.1035 2.6000
-0.8680 1.1039 2.5846
-0.7850 1.0573 2.6029
-0.5832 0.9400 2.7513
-0.4866 0.8827 2.8326
-0.3463 0.8466 2.9434
-0.2310 0.8276 2.9558
-0.1632 0.7954 2.9395
-0.0274 0.6461 2.8555
0.0549 0.2995 2.6800
0.0886 0.0437 2.5789
0.1093 -0.2460 2.3603
-0.1777 -0.2449 2.0421
-0.3435 -0.1750 1.8112
-0.2438 0.2396 1.2824
0.3174 0.9396 0.9569
0.5622 1.2391 0.9778
0.7798 1.4047 1.3580
0.6485 1.0039 1.7851
0.5104 0.6785 1.8800
0.2626 -0.0651 1.7985
0.1894 -0.6315 1.4725
0.1936 -0.7159 1.2370
0.1679 -0.5139 0.7285
0.0484 -0.0608 0.3298
-0.0306 0.1328 0.2116
-0.1681 0.1866 0.1193
-0.2396 -0.1315 0.0979
-0.2417 -0.3296 0.0908
-0.2072 -0.5753 0.0191
-0.1932 -0.4225 -0.1089
-0.2122 -0.2449 -0.1830
-0.3315 0.0833 -0.3088
-0.4018 0.1968 -0.3510
-0.5065 0.2755 -0.4319
-0.5082 0.2071 -0.5432
-0.4696 0.1781 -0.6059
-0.3673 0.1587 -0.7710
-0.3061 0.2343 -0.9658
-0.2963 0.2768 -1.0524
-0.2480 0.3808 -1.1497
-0.1312 0.4185 -1.1070
-0.0603 0.4084 -1.0328
0.0659 0.3487 -0.8516
0.1620 0.2703 -0.6858
0.2122 0.2515 -0.6110
0.2629 0.2798 -0.4617
0.2613 0.3170 -0.2735
0.2492 0.3272 -0.1586
0.1954 0.3450 0.0719
0.0892 0.3521 0.2781
0.0124 0.3120 0.3295
-0.1128 0.0925 0.2853
-0.0085 0.0813 0.1590
0.0778 0.1657 0.0821
0.1041 0.2815 -0.0315
0.0256 0.3719 -0.0147
0.0249 0.4422 0.0170
0.0757 0.4641 0.0442
0.1196 0.3975 0.0396
0.2195 0.1422 -0.0118
0.4496 0.0085 -0.0338
0.6382 0.0683 0.0243
0.9525 0.3853 0.2850
0.8774 0.6918 0.6156
0.7236 0.7916 0.7473
0.3625 0.7634 0.9178
0.0682 0.4221 0.9520
-0.0160 0.2104 0.9407
-0.0584 -0.0864 0.8828
-0.0334 -0.0571 0.8364
-0.0589 0.0289 0.8279
-0.2121 0.1337 0.8152
-0.2738 0.1381 0.7887
-0.1967 0.1775 0.7619
0.1197 0.2712 0.7079
0.4456 0.3714 0.7232
0.5264 0.3940 0.7474
0.5352 0.2999 0.7911
0.4968 0.1839 0.7840
0.5073 0.1567 0.7388
0.5476 0.1988 0.6017
0.5390 0.2260 0.4540
0.5231 0.1767 0.3897
0.4831 0.0432 0.2579
0.4186 -0.0064 0.1745
0.1913 -0.1469 -0.0312
0.0360 -0.2228 -0.1594
0.0513 -0.1111 -0.1738
0.1307 0.2243 -0.1525
0.0494 0.3572 -0.0649
-0.0013 0.3594 0.0002
0.0197 0.2608 0.1505
0.1300 0.0988 0.3587
0.1258 -0.0387 0.4415
0.0165 -0.4282 0.5196
-0.0754 -0.6044 0.4737
-0.1532 -0.5298 0.3816
-0.5717 -0.4738 -0.0531
-1.1617 -0.9517 -0.9205
-1.1952 -1.1778 -1.3779
-0.3136 -0.8870 -1.9732
0.9702 -0.0619 -1.8512
1.3959 0.1420 -1.4979
1.5784 0.0850 -0.4777
1.0642 -0.4402 0.3251
0.6862 -0.7454 0.4865
-0.0789 -1.1489 0.3291
-0.6477 -1.1343 -0.2882
-0.8095 -0.9056 -0.6709
-0.9558 -0.2774 -1.4170
-1.0832 0.1236 -1.9048
-1.1298 0.2237 -1.9601
-1.0958 0.3095 -1.6694
-1.0493 0.2518 -1.4031
-0.9987 0.1014 -0.8205
-0.9425 0.0310 -0.3478
-0.8747 0.0722 -0.1797
-0.7099 0.1933 -0.0381
-0.4906 0.1801 -0.0555
-0.3388 0.1698 -0.0783
-0.0312 0.1205 -0.0566
0.1604 0.0297 0.0801
0.2301 0.0314 0.1692
0.3649 0.0748 0.3753
0.4924 0.1303 0.5907
0.5305 0.1988 0.6932
0.5083 0.3986 0.8270
0.3404 0.6017 0.7884
0.2453 0.6813 0.7131
0.1072 0.7031 0.5709
0.1092 0.4613 0.5051
0.1363 0.2669 0.5049
0.0993 -0.2047 0.5328
0.0446 -0.6446 0.3964
0.1726 -0.6690 0.2437
0.7910 -0.0292 -0.0505
1.3769 0.9181 0.0402
1.4848 1.2657 0.2822
1.3022 1.5490 0.9428
1.0748 1.5172 1.2350
0.5099 1.1963 1.6248
-0.0645 0.6351 1.6893
-0.3224 0.3455 1.5555
-0.6902 -0.0709 0.9824
-0.8815 -0.1492 0.2545
-0.8979 -0.1380 -0.0725
-0.6598 0.4466 -0.4553
-0.4658 1.1868 -0.4352
-0.5445 1.3918 -0.3107
-0.9089 1.4469 0.0237
-1.0355 1.1014 0.3714
-0.6514 0.6889 0.6987
-0.3488 0.5228 0.8210
0.1226 0.3277 0.9397
0.1202 0.2420 1.0334
-0.0130 0.1789 1.0523
-0.0553 0.1386 1.0164
-0.1221 0.0916 0.8438
-0.1597 -0.0339 0.5711
-0.1514 -0.1618 0.4215
0.0073 -0.6752 -0.0301
0.0792 -0.8067 -0.1522
0.0999 -0.9564 -0.4230
0.1088 -0.7924 -0.4474
0.1239 -0.7264 -0.3990
0.0490 -0.7458 -0.3195
-0.0611 -0.8232 -0.2954
-0.0620 -0.8320 -0.3168
-0.1008 -0.9277 -0.4765
-0.1730 -1.0749 -0.6054
-0.2464 -1.3959 -0.9409
0.0835 -1.3457 -1.1241
0.3608 -1.1292 -1.1090
0.8133 -0.6038 -0.8531
0.8342 -0.2814 -0.4304
0.6969 -0.2815 -0.2310
0.3273 -0.5745 -0.0138
0.0020 -0.8909 -0.1251
-0.1438 -0.9092 -0.3004
-0.4496 -0.7542 -0.8087
-0.6898 -0.3703 -1.2999
-0.7916 -0.1708 -1.4909
-0.9482 0.1548 -1.6673
-0.9937 0.4585 -1.5749
-0.9786 0.6006 -1.4523
-0.9573 0.7840 -1.1396
-1.0137 0.8400 -0.8378
-1.0748 0.7883 -0.7128
-1.2361 0.4516 -0.7774
-1.2528 0.0769 -0.8089
-1.1938 -0.0297 -0.7045
-1.0148 -0.1055 -0.3377
-0.7877 -0.0284 0.1802
-0.6582 0.0371 0.4519
-0.3687 0.0569 0.9375
-0.1925 0.0380 1.1358
0.1966 -0.0903 1.3662
0.6282 -0.1660 1.4661
0.8259 -0.2566 1.4542
1.1031 -0.4660 1.3440
1.1518 -0.5252 1.1201
1.1114 -0.4379 0.9855
0.9263 -0.0649 0.7224
0.5005 0.3380 0.5422
0.2087 0.4687 0.4793
-0.3360 0.3748 0.3177
-0.5526 0.3044 0.1540
-0.4377 0.4389 0.1366
0.1408 0.9714 0.3132
0.6462 1.2290 0.8470
0.7937 1.2530 1.1859
0.9296 0.8531 1.7924
0.9512 0.0711 2.1177
0.8895 -0.3352 2.2405
0.5175 -0.8883 2.5133
-0.1517 -1.0288 2.5416
-0.4341 -0.9221 2.4487
-0.4396 -0.2897 2.0548
0.1122 0.4420 1.5857
0.4146 0.7325 1.4721
0.7107 0.9392 1.5041
0.6736 0.8874 1.7233
0.6321 0.9118 1.8337
0.5624 1.0382 1.9726
0.5354 1.0805 1.9887
0.4479 1.0353 1.9090
0.3486 0.7877 1.7005
0.3033 0.6362 1.5538
0.1979 0.4257 1.1804
0.0774 0.4738 0.7519
0.0058 0.5783 0.5490
-0.1372 0.8366 0.2072
-0.2635 0.9829 -0.0002
-0.3295 1.0001 -0.0633
-0.4369 0.9461 -0.1430
-0.4776 0.7463 -0.1947
-0.4873 0.6332 -0.2275
-0.5536 0.4507 -0.3278
-0.6974 0.1738 -0.4498
-0.7806 0.0118 -0.5251
-0.8255 -0.2420 -0.6842
-0.7059 -0.2783 -0.8707
-0.6961 -0.3119 -1.0171
-0.8079 -0.4073 -1.3685
-0.7800 -0.4674 -1.6493
-0.5953 -0.4213 -1.6661
0.0172 -0.2614 -1.3525
0.5205 -0.2197 -0.7914
0.6112 -0.3556 -0.5507
0.4551 -0.8938 -0.3536
0.2944 -1.1908 -0.4176
0.1036 -1.4136 -0.8146
0.1718 -1.1953 -1.3185
0.1860 -1.0134 -1.5079
0.0660 -0.7333 -1.6444
-0.1787 -0.5038 -1.4677
-0.3676 -0.3650 -1.3307
-0.9062 -0.0527 -1.2122
-1.0502 0.1984 -1.2844
-1.1466 0.2449 -1.4096
-1.2371 0.0804 -1.1920
-0.9735 -0.2779 -0.5208
-0.6478 -0.4383 -0.1217
0.0715 -0.2015 0.4437
0.6443 -0.2281 0.9103
0.8392 -0.1776 1.1073
1.0816 0.0198 1.4128
1.1914 0.2026 1.6050
1.2076 0.2316 1.6606
1.1349 0.2466 1.7178
0.8162 0.2590 1.7309
0.6736 0.3448 1.7348
0.5395 0.5543 1.7628
0.4936 0.7177 1.8101
0.4620 0.7461 1.8060
0.3896 0.7098 1.7838
0.3578 0.6454 1.7670
0.3560 0.5296 1.7667
0.3824 0.4848 1.7959
0.3795 0.4515 1.8076
0.3858 0.4430 1.8683
0.4010 0.5613 1.9823
0.3675 0.5358 2.0152
0.2705 0.2874 1.9569
0.3587 0.1264 1.7699
0.4875 0.1936 1.6593
0.7939 0.5328 1.4699
0.9764 0.8528 1.3818
0.9944 0.9252 1.3843
0.9360 0.9005 1.3986
0.7775 1.0190 1.2995
0.6654 1.2257 1.1959
0.4064 1.6805 0.9339
0.0143 1.9455 0.6968
-0.2627 1.9735 0.6271
-0.8247 1.5143 0.6058
-1.1000 0.5406 0.6896
-1.0298 0.1462 0.6692
-0.5586 -0.2809 0.4259
0.0371 -0.2201 0.1303
0.2158 -0.0555 0.0320
0.2138 0.3804 0.0011
-0.0122 0.7972 0.1328
-0.1054 0.9261 0.2134
-0.1659 1.0071 0.3293
-0.1352 0.9839 0.3567
-0.0408 0.8734 0.3370
0.0234 0.5634 0.2749
0.0326 0.4258 0.2380
0.0058 0.2282 0.1490
0.0303 0.0398 0.0841
0.0859 -0.0540 0.0568
0.2003 -0.2464 -0.0080
0.1798 -0.3624 -0.0741
0.1323 -0.3622 -0.1046
-0.0598 -0.2040 -0.1789
-0.3871 -0.1086 -0.2819
-0.5397 -0.1482 -0.3217
-0.7088 -0.2499 -0.3892
-0.6936 -0.2968 -0.4017
-0.6266 -0.3846 -0.3485
-0.3435 -0.6253 -0.0941
0.0822 -0.6423 0.2239
0.2751 -0.6122 0.3656
0.4691 -0.5906 0.4984
0.2624 -0.6463 0.2270
0.0551 -0.6753 -0.0618
-0.2486 -0.4831 -0.7217
-0.3425 0.1212 -1.1882
-0.3694 0.3453 -1.2627
-0.3642 0.4196 -1.0981
-0.2730 0.2747 -0.7994
-0.2068 0.2661 -0.6602
-0.1698 0.3595 -0.4756
-0.2443 0.4113 -0.4260
-0.5080 0.3044 -0.3270
-0.6427 0.0783 -0.1743
-0.6047 0.0173 -0.0668
-0.3595 0.0527 0.2623
-0.0578 0.0846 0.6823
0.0595 0.0406 0.8560
0.1782 -0.0663 1.0565
0.1894 -0.1741 1.0776
0.1922 -0.1345 1.0368
0.1652 0.2601 0.9229
0.0041 0.5963 0.8446
-0.0885 0.6582 0.8251
-0.1746 0.7198 0.7551
-0.1187 0.6844 0.6269
-0.0771 0.6619 0.5576
-0.0712 0.6051 0.4705
-0.1124 0.5171 0.5091
-0.1127 0.5037 0.5602
-0.1312 0.5345 0.6973
-0.1593 0.5693 0.8699
-0.1500 0.5805 0.9612
-0.0798 0.6166 1.1100
0.0032 0.6228 1.1985
0.0335 0.5794 1.2345
0.0625 0.4293 1.2849
0.0302 0.3809 1.2653
-0.1134 0.3725 1.1716
-0.2746 0.2736 1.0501
-0.3386 0.1957 0.9720
-0.3870 0.1122 0.8352
-0.3216 0.0797 0.7850
-0.2416 0.1096 0.7886
-0.0405 0.3848 0.8398
0.1028 0.5601 0.9950
0.1416 0.5103 1.1172
0.1666 0.2535 1.3195
0.1736 0.0423 1.3297
0.1932 -0.0024 1.2784
0.2205 -0.0815 1.1088
0.2164 -0.2369 0.9845
0.2011 -0.3024 0.9218
0.1280 -0.3444 0.7754
-0.0040 -0.2521 0.5877
-0.0544 -0.1669 0.5036
-0.0948 -0.0052 0.3699
-0.0429 0.2467 0.3135
0.0044 0.3368 0.3128
0.0824 0.3484 0.3901
0.0962 0.2480 0.4622
0.0741 0.2169 0.4637
0.0349 0.3282 0.4042
0.0624 0.3777 0.3924
0.1272 0.3612 0.4418
0.3310 0.2549 0.5438
0.4068 0.1591 0.5528
0.4381 -0.0156 0.4154
0.3884 -0.1232 0.1933
0.3637 -0.1664 0.1200
0.3008 -0.1426 0.1164
0.1648 -0.1962 0.2018
0.0969 -0.2728 0.2431
0.0607 -0.3482 0.3426
0.0980 -0.3673 0.5416
0.0918 -0.3924 0.6790
-0.0104 -0.4696 0.9226
-0.0999 -0.4385 0.9752
-0.0553 -0.2579 0.9320
0.2093 0.0697 0.8595
0.5240 0.2409 0.9664
0.6552 0.2979 1.0859
0.9094 0.4886 1.4578
1.1799 0.6864 1.7493
1.3212 0.8037 1.7744
1.6165 1.1608 1.5940
1.6707 1.1370 1.3429
1.5537 1.0368 1.2534
1.2519 0.6575 1.0586
1.3394 0.7841 0.7778
1.4425 0.9976 0.5980
1.3447 1.3305 0.3324
1.1460 1.4348 0.3168
0.7120 1.3791 0.4702
0.4427 0.9242 0.6631
0.4389 0.7232 0.6696
0.5120 0.9219 0.4134
0.5648 1.1900 0.1327
0.5834 1.2048 0.1356
0.4572 0.7608 0.3068
0.2361 -0.0350 0.4743
0.1308 -0.3640 0.4795
-0.0328 -0.6984 0.3219
-0.0287 -0.7565 0.1369
0.0486 -0.6832 0.0972
0.1948 -0.3186 0.1103
0.1691 -0.0921 0.2044
0.0854 -0.0725 0.2596
-0.0567 -0.0335 0.3510
-0.0104 -0.0018 0.3528
0.0827 -0.0382 0.3223
0.2008 -0.1403 0.1890
0.1616 -0.1490 -0.0085
0.2294 0.2529 -0.1692
0.2741 0.4466 -0.2473
0.2147 0.1557 -0.0250
0.1766 0.0454 0.0137
0.1070 -0.1713 0.0178
0.1446 -0.2984 0.0116
0.2171 -0.3406 -0.0240
0.2543 -0.3558 -0.1372
0.2240 -0.3391 -0.1416
0.1790 -0.3020 -0.0937
0.1510 -0.1820 -0.0513
0.1068 -0.1567 -0.0298
0.0541 -0.1460 0.0020
0.0429 -0.0901 -0.0428
-0.0147 -0.0379 -0.0578
-0.1703 0.0680 -0.0030
-0.2523 -0.0080 0.0210
-0.2476 -0.0850 -0.0043
-0.1838 -0.2047 -0.0890
-0.1570 -0.2038 -0.1530
-0.1719 -0.1657 -0.1638
-0.2018 -0.0773 -0.1694
-0.1761 -0.0158 -0.1530
-0.1369 0.0080 -0.1316
-0.0347 0.0611 -0.0678
-0.0634 0.0620 -0.0532
-0.1002 0.0346 -0.0516
-0.1614 -0.0278 -0.0425
-0.1549 -0.0373 -0.0384
-0.1322 -0.0314 -0.0439
-0.1072 0.0386 -0.0487
-0.0740 0.0464 -0.0411
-0.0481 0.0377 -0.0395
-0.0167 0.0116 -0.0709
-0.0180 -0.0010 -0.0798
0.0119 -0.0132 -0.0516
0.0708 -0.0089 -0.0411
0.1002 -0.0052 -0.0415
0.1201 0.0170 -0.0496
0.1181 0.0339 -0.0442
0.1171 0.0486 -0.0384
0.1216 0.0499 -0.0358
0.1154 -0.0088 -0.0253
0.1077 -0.0277 -0.0214
0.0957 -0.0394 -0.0226
0.1093 -0.0605 -0.0204
0.1203 -0.0689 -0.0180
0.1306 -0.0736 -0.0094
0.0886 -0.0637 0.0221
0.0631 -0.0502 0.0351
0.0320 -0.0255 0.0350
0.0287 -0.0047 0.0270
0.0297 0.0045 0.0233
0.0587 0.0179 0.0187
0.0700 0.0118 0.0011
0.0586 0.0060 -0.0063
0.0284 -0.0222 0.0050
0.0478 -0.0439 -0.0032
0.0619 -0.0556 -0.0138
0.1054 -0.0415 -0.0050
0.1096 -0.0173 0.0051
0.0896 -0.0165 0.0065
0.0605 -0.0248 0.0051
0.0537 -0.0419 0.0083
0.0516 -0.0443 0.0081
0.0759 -0.0349 0.0053
0.1022 -0.0250 -0.0008
0.1421 0.0137 -0.0039
0.1373 0.0686 0.0049
0.1167 0.0606 -0.0012
0.0920 0.0285 -0.0094
0.0877 0.0081 -0.0010
0.0894 0.0060 0.0108
0.1096 0.0156 0.0241
0.1323 0.0225 0.0119
0.1435 0.0391 0.0053
0.1321 0.0827 0.0002
0.1128 0.0615 0.0103
0.0974 0.0403 0.0064
0.0789 0.0069 0.0101
0.0830 0.0068 -0.0004
0.0713 0.0119 -0.0021
0.0413 0.0117 0.0070
0.0407 0.0086 0.0177
0.0484 0.0046 0.0173
0.0360 -0.0056 -0.0035
0.0156 0.0022 0.0039
0.0177 0.0198 0.0089
0.0386 0.0041 0.0164
0.0706 -0.0095 0.0182
0.0774 0.0078 0.0132
0.0505 0.0017 0.0136
0.0355 -0.0099 0.0145
0.0345 -0.0173 0.0075
0.0592 -0.0128 -0.0070
0.0617 -0.0043 -0.0080
0.0629 0.0159 0.0034
0.0579 0.0072 -0.0047
0.0545 0.0026 -0.0116
0.0552 0.0091 -0.0159
0.0546 0.0354 -0.0095
0.0570 0.0436 -0.0034
0.0527 0.0548 0.0062
0.0428 0.0458 0.0179
0.0446 0.0303 0.0203
0.0435 -0.0002 0.0183
0.0290 -0.0155 0.0206
0.0307 -0.0114 0.0188
0.0571 -0.0035 0.0235
0.0745 -0.0022 0.0315
0.0796 -0.0052 0.0333
0.0934 -0.0197 0.0224
0.1248 -0.0468 0.0167
0.1277 -0.0510 0.0149
0.1052 -0.0293 0.0191
0.0911 -0.0111 0.0217
0.0694 0.0168 0.0202
0.0678 0.0201 0.0284
0.0737 0.0002 0.0264
0.0690 -0.0110 0.0262
0.0554 -0.0187 0.0260
0.0497 -0.0124 0.0311
0.0386 -0.0033 0.0219
0.0373 0.0204 0.0153
0.0430 0.0402 0.0082
0.0565 0.0539 -0.0005
0.0509 0.0375 -0.0071
0.0392 0.0217 -0.0036
0.0174 0.0214 -0.0051
0.0335 0.0457 0.0062
0.0389 0.0449 0.0109
0.0264 0.0227 0.0121
0.0208 0.0199 0.0196
0.0245 0.0241 0.0164
0.0098 0.0436 0.0132
0.0009 0.0438 0.0173
0.0005 0.0366 0.0119
0.0084 0.0180 0.0027
0.0122 0.0118 -0.0044
0.0047 0.0196 -0.0066
-0.0221 0.0215 0.0050
0.0023 0.0410 0.0065
0.0304 0.0438 -0.0006
0.0544 0.0260 -0.0030
0.0214 0.0244 0.0000
0.0025 0.0218 0.0043
0.0013 0.0196 0.0125
0.0212 0.0248 0.0145
0.0520 0.0215 0.0046
0.0612 0.0315 -0.0121
0.0602 0.0345 -0.0203
0.0548 0.0290 -0.0202
0.0391 0.0341 -0.0118
0.0232 0.0417 -0.0113
0.0095 0.0317 0.0019
0.0049 0.0036 0.0051
0.0121 -0.0023 0.0012
0.0322 0.0056 -0.0047
0.0413 0.0255 0.0028
0.0378 0.0312 0.0061
0.0253 0.0168 0.0062
0.0315 -0.0041 0.0044
0.0378 -0.0058 0.0056
0.0370 -0.0103 0.0164
0.0205 0.0023 0.0117
0.0155 0.0046 0.0032
0.0175 0.0107 -0.0023
0.0245 0.0109 -0.0038
0.0233 0.0069 -0.0022
0.0192 -0.0170 -0.0077
0.0144 -0.0180 -0.0160
0.0200 -0.0086 -0.0102
0.0451 0.0103 0.0069
0.0349 0.0182 0.0093
0.0223 0.0152 0.0075
0.0056 0.0009 0.0080
-0.0015 -0.0066 0.0041
0.0029 -0.0084 0.0000
0.0235 -0.0097 0.0001
0.0284 -0.0181 -0.0008
0.0184 -0.0101 0.0030
0.0059 -0.0059 0.0085
0.0105 -0.0045 0.0113
0.0230 -0.0069 0.0005
0.0273 0.0020 -0.0051
0.0192 0.0045 -0.0021
0.0049 -0.0031 0.0053
0.0227 -0.0167 -0.0014
0.0292 -0.0237 -0.0052
0.0227 -0.0254 -0.0082
0.0221 -0.0108 0.0018
0.0237 -0.0031 0.0092
0.0237 0.0055 0.0063
0.0209 -0.0294 -0.0042
0.0125 -0.0617 -0.0097
-0.0183 -0.1222 -0.0199
-0.0063 -0.1237 -0.0173
0.0247 -0.0912 -0.0130
0.0841 -0.0560 -0.0043
0.0645 -0.0266 0.0003
0.0415 -0.0095 -0.0047
-0.0073 0.0310 0.0009
-0.0157 0.0357 0.0160
-0.0085 0.0197 0.0256
-0.0142 -0.0136 0.0279
-0.0154 0.0181 0.0272
0.0360 0.0213 0.0232
0.0614 0.0319 0.0015
0.0575 0.0401 0.0021
0.0094 0.0371 0.0085
-0.0036 0.0146 0.0167
0.0061 0.0015 0.0161
0.0328 0.0048 0.0029
0.0159 0.0243 -0.0063
0.0080 0.0324 -0.0051
0.0081 0.0293 -0.0051
-0.0066 0.0325 -0.0162
-0.0147 0.0288 -0.0108
-0.0049 0.0399 -0.0032
0.0152 0.0389 0.0022
0.0202 0.0342 0.0011
0.0035 0.0181 -0.0041
0.0013 0.0238 -0.0087
0.0086 0.0217 -0.0115
0.0291 0.0114 -0.0147
0.0226 0.0017 -0.0079
0.0210 0.0048 -0.0043
0.0129 0.0063 -0.0081
-0.0042 -0.0121 -0.0136
0.0003 -0.0131 -0.0092
0.0234 0.0067 -0.0113
0.0357 0.0169 -0.0093
0.0314 0.0312 -0.0090
0.0126 0.0044 0.0068
0.0082 -0.0109 0.0060
0.0084 -0.0174 -0.0033
0.0000 -0.0092 -0.0044
-0.0012 0.0060 -0.0075
0.0152 0.0306 -0.0013
0.0390 0.0137 -0.0024
0.0419 0.0039 -0.0065
0.0215 -0.0161 -0.0097
0.0051 -0.0194 -0.0059
0.0065 -0.0202 -0.0070
0.0276 -0.0136 -0.0099
0.0660 0.0124 -0.0095
0.0760 0.0161 -0.0098
0.0656 0.0160 -0.0150
0.0191 -0.0081 -0.0046
0.0045 -0.0150 -0.0010
0.0084 -0.0199 -0.0005
0.0387 -0.0077 -0.0065
0.0472 -0.0024 -0.0080
0.0359 0.0114 -0.0021
0.0203 0.0156 0.0048
0.0102 0.0101 0.0088
0.0033 -0.0064 0.0129
-0.0032 -0.0044 0.0107
-0.0171 0.0076 0.0083
-0.0211 0.0072 -0.0028
-0.0147 0.0074 -0.0024
0.0145 0.0215 -0.0061
0.0111 0.0240 -0.0039
-0.0056 0.0258 -0.0035
-0.0381 0.0158 0.0035
-0.0310 0.0292 0.0283
0.0737 0.0753 -0.0217
0.0513 0.0637 -0.0004
-0.0633 -0.0557 0.0514
-0.0737 -0.0751 0.0527
0.0753 0.0142 -0.0176

