0.0000 0.0000 0.0000
0.0000 0.0000 0.0000
0.0000 0.0000 0.0000
0.0000 0.0000 0.0000
0.0000 0.0000 0.0000
0.0000 0.0000 0.0000
0.0000 0.0000 0.0000
0.0000 0.0000 0.0000
0.0000 0.0000 0.0000
0.0000 0.0000 0.0000
0.0000 0.0000 0.0000
-0.8109 -0.5898 -0.0625
-0.3126 -0.7489 -0.1076
-0.0524 -0.7143 0.0128
0.4784 -0.3840 0.4344
0.9440 -0.0764 0.8253
1.1120 -0.0142 0.9319
1.2952 -0.1117 0.9802
1.4173 -0.2901 0.8583
1.5106 -0.2591 0.7470
1.7131 -0.0250 0.4756
1.5479 0.1108 0.1074
1.4123 0.2314 -0.0536
1.2064 0.4433 -0.2641
1.1016 0.6046 -0.3082
1.0487 0.6182 -0.2670
1.0323 0.5304 -0.1115
1.0656 0.4687 -0.0400
1.0489 0.3771 0.0383
0.9572 0.2149 -0.0045
0.9951 0.1438 -0.0452
1.1881 0.0258 -0.1384
1.3809 0.1440 -0.1371
1.3890 0.2257 -0.1198
1.2980 0.1946 -0.0407
1.2472 -0.0434 0.0464
1.2212 -0.1777 0.0702
1.2021 -0.4549 0.0449
1.3982 -0.0926 -0.1153
1.4468 0.0824 -0.1875
1.3335 0.1435 -0.2023
1.2709 0.1172 -0.1422
1.3149 0.0970 -0.1075
1.3105 -0.2380 -0.0591
1.1986 -0.1387 -0.0850
1.1359 0.0355 -0.1051
1.0619 0.3869 -0.0313
0.9930 0.5132 0.0416
0.9280 0.5036 0.0636
0.7984 0.3603 0.0783
0.7332 0.3200 0.0461
0.6987 0.3158 0.0151
0.6493 0.2390 -0.0053
0.5727 0.0872 0.0428
0.5254 0.0289 0.0638
0.4530 0.0110 0.1068
0.4201 -0.0951 0.1396
0.4046 -0.2951 0.1528
0.3848 -0.2884 0.0846
0.3667 -0.2500 0.0709
0.3755 -0.2018 0.0838
0.4049 -0.2134 0.0922
0.3974 -0.2311 0.0786
0.3411 -0.2419 0.0312
0.1774 -0.2201 -0.0064
0.0739 -0.2221 0.0002
-0.0521 -0.2274 0.0523
-0.0336 -0.2050 0.0782
-0.0103 -0.2321 0.1000
0.0103 -0.3089 0.1660
0.0558 -0.1731 0.1527
0.0672 -0.0847 0.1175
0.0724 -0.0058 0.0511
0.0929 0.0040 0.0106
0.1004 -0.0219 -0.0005
0.1089 -0.0818 -0.0002
0.1307 -0.1140 -0.0110
0.1201 -0.2075 -0.0489
0.3706 -0.1408 -0.1531
0.4585 -0.2898 -0.1899
0.4081 -0.3030 -0.1557
0.2864 -0.1384 -0.0906
0.2667 0.0280 -0.0467
0.2519 0.0495 -0.0398
0.1532 0.0686 -0.0562
0.0689 0.0671 -0.0710
-0.0598 0.0378 -0.0736
-0.0713 0.0132 -0.0481
-0.0091 0.0605 -0.0818
0.0544 0.0388 -0.0930
-0.0053 0.0486 -0.0597
-0.0503 0.0854 -0.0480
-0.0836 0.2031 -0.0410
-0.0653 0.2654 -0.0046
-0.0623 0.2663 0.0051
-0.0608 0.2839 -0.0075
-0.0807 0.2964 -0.0109
-0.0935 0.2970 -0.0143
-0.1036 0.2930 -0.0293
-0.1062 0.2133 -0.0377
-0.0747 0.1677 -0.0519
-0.0334 0.0580 -0.2193
0.1955 0.0453 -0.4471
0.2552 0.0809 -0.4950
0.1402 0.1478 -0.4844
-0.0710 0.1469 -0.3951
-0.1129 0.1477 -0.3591
-0.0203 0.3486 -0.2572
0.0181 0.3690 -0.1896
-0.0009 0.3177 -0.1559
0.0023 0.2337 -0.0615
0.0172 0.1569 0.0326
0.0008 0.1196 0.0365
-0.0359 0.0663 0.0302
-0.0479 0.0808 0.0285
-0.0948 0.1685 0.0367
-0.1155 0.1841 0.0870
-0.1060 0.1525 0.1005
-0.0249 0.0701 0.0909
0.0838 -0.0357 0.0658
0.1196 -0.1183 0.0663
0.1808 -0.1630 0.0495
0.2377 -0.0652 0.0320
0.2517 -0.0121 0.0408
0.2201 0.0656 0.0873
0.1767 0.0917 0.1008
0.1729 0.1125 0.0907
0.2192 0.0918 0.0906
0.2614 0.0628 0.0905
0.2565 0.0745 0.0979
0.2478 0.0743 0.1032
0.1276 0.1044 0.0982
0.0498 0.0448 0.0766
-0.0459 -0.0113 0.0296
-0.0760 -0.1080 0.0132
-0.0672 -0.1559 0.0168
-0.0080 -0.1438 0.0192
-0.0070 -0.1094 0.0049
-0.0265 -0.1004 0.0161
-0.0458 -0.0830 0.0286
-0.0342 -0.0681 0.0231
-0.0007 -0.0446 0.0245
0.0081 -0.0523 0.0230
-0.0072 -0.0568 0.0179
0.0027 -0.0664 0.0252
0.0550 -0.0812 0.0332
0.0711 -0.0792 0.0336
0.0749 -0.0509 0.0341
0.0490 -0.0386 0.0386
0.0417 -0.0425 0.0432
0.0499 -0.0509 0.0386
0.0569 -0.0597 0.0334
0.0480 -0.0617 0.0317
0.0235 -0.0327 0.0255
0.0121 0.0197 0.0185
0.0105 0.0241 0.0164
0.0174 0.0037 0.0300
0.0463 0.0028 0.0347
0.0425 0.0017 0.0334
0.0199 -0.0037 0.0314
0.0259 0.0223 0.0249
0.0315 0.0392 0.0154
0.0167 0.0249 0.0251
0.0030 0.0110 0.0240
-0.0130 0.0167 0.0129
-0.0322 0.0251 0.0034
-0.0226 0.0260 -0.0034
0.0143 0.0334 -0.0140
0.0349 0.0507 -0.0026
0.0265 0.0638 0.0073
0.0129 0.0532 0.0280
0.0065 0.0402 0.0268
-0.0019 0.0429 0.0228
-0.0064 0.0353 0.0197
-0.0067 0.0314 0.0196
-0.0081 0.0351 0.0263
-0.0195 0.0441 0.0195
-0.0384 0.0335 0.0140
-0.0312 0.0246 0.0137
-0.0001 0.0302 0.0042
0.0059 0.0545 -0.0137
0.0018 0.0579 -0.0187
-0.0130 0.0470 -0.0235
-0.0221 0.0427 -0.0140
-0.0234 0.0481 -0.0091
-0.0083 0.0573 -0.0039
-0.0135 0.0618 -0.0096
-0.0215 0.0602 -0.0129
-0.0306 0.0379 -0.0144
-0.0400 0.0365 -0.0203
-0.0429 0.0379 -0.0178
-0.0394 0.0334 -0.0108
-0.0118 0.0311 -0.0109
0.0090 0.0286 -0.0081
0.0176 0.0130 -0.0001
0.0127 0.0137 0.0074
-0.0279 0.0312 0.0069
-0.0422 0.0174 0.0089
-0.0326 0.0058 -0.0003
-0.0359 0.0018 -0.0166
-0.0302 0.0029 -0.0084
-0.0248 0.0146 -0.0150
-0.0153 0.0219 -0.0182
-0.0201 0.0116 -0.0228
-0.0304 0.0027 -0.0257
-0.0447 -0.0140 -0.0283
-0.0251 -0.0045 -0.0271
-0.0194 0.0034 -0.0280
-0.0438 0.0183 -0.0264
-0.0668 -0.0011 -0.0227
-0.0671 -0.0113 -0.0227
-0.0343 -0.0231 -0.0243
0.0068 0.0000 -0.0288
0.0164 0.0010 -0.0246
-0.0009 0.0136 -0.0131
-0.0151 0.0309 -0.0016
-0.0107 0.0273 0.0004
0.0288 0.0030 -0.0001
0.0361 -0.0063 -0.0145
0.0231 0.0011 -0.0170
0.0020 0.0028 -0.0198
0.0160 -0.0057 -0.0215
0.0277 -0.0114 -0.0217
0.0162 0.0123 -0.0214
0.0084 0.0148 -0.0103
-0.0091 0.0097 0.0052
-0.0178 -0.0012 0.0096
-0.0257 -0.0099 0.0013
-0.0295 -0.0253 -0.0193
-0.0134 -0.0262 -0.0185
0.0033 -0.0201 -0.0226
0.0161 -0.0158 -0.0189
0.0001 -0.0237 -0.0021
-0.0062 -0.0240 -0.0040
-0.0238 -0.0301 -0.0060
-0.0301 -0.0399 0.0029
-0.0326 -0.0284 0.0076
-0.0152 -0.0105 0.0151
0.0335 0.0042 0.0012
0.0487 0.0044 -0.0036
0.0181 -0.0089 0.0046
-0.0427 -0.0190 -0.0093
-0.0522 -0.0271 -0.0130
-0.0140 -0.0388 -0.0198
0.0193 -0.0199 -0.0184
0.0154 -0.0100 -0.0080
-0.0206 -0.0035 0.0051
-0.0249 -0.0256 -0.0024
-0.0147 -0.0383 -0.0132
0.0069 -0.0394 -0.0156
0.0090 -0.0281 -0.0148
-0.0185 0.0029 -0.0075
-0.0149 -0.0146 -0.0045
-0.0039 -0.0216 -0.0046
0.0179 -0.0365 -0.0038
0.0109 -0.0261 0.0066
0.0015 -0.0140 0.0078
-0.0256 -0.0177 0.0250
-0.0167 -0.0181 0.0372
-0.0100 -0.0094 0.0280
-0.0398 -0.0013 0.0205
-0.0526 -0.0125 0.0128
-0.0426 -0.0190 0.0057
-0.0160 -0.0220 0.0023
-0.0157 0.0058 -0.0017
-0.0144 0.0063 0.0012
-0.0023 -0.0061 0.0016
0.0051 0.0020 0.0050
-0.0018 0.0129 0.0060
-0.0244 0.0251 0.0199
-0.0364 0.0292 0.0256
-0.0429 0.0242 0.0209
-0.0258 -0.0028 0.0134
-0.0046 -0.0004 0.0057
-0.0009 0.0167 -0.0002
-0.0102 0.0399 -0.0015
-0.0147 0.0382 0.0049
-0.0270 0.0317 0.0026
-0.0685 0.0271 0.0127
-0.0813 0.0192 0.0063
-0.0688 -0.0114 -0.0074
-0.0481 -0.0031 -0.0239
-0.0526 0.0072 -0.0227
-0.0653 0.0202 -0.0125
-0.0642 0.0151 -0.0099
-0.0563 0.0083 -0.0118
-0.0671 -0.0271 -0.0089
-0.1064 -0.0552 0.0082
-0.1137 -0.0564 0.0123
-0.1029 -0.0229 0.0138
-0.1118 -0.0123 0.0168
-0.1311 -0.0446 0.0096
-0.1361 -0.1064 -0.0035
-0.1107 -0.1364 0.0230
-0.0950 -0.1216 0.0368
-0.0679 -0.0307 0.0718
-0.0146 0.0709 0.0785
0.0240 0.1385 0.0817
0.1311 0.1796 0.1065
0.2436 0.1062 0.1227
0.2817 0.0586 0.1289
0.2689 0.0023 0.1058
0.1267 -0.0141 0.0564
0.0669 -0.0152 0.0649
0.0189 -0.0090 0.0663
0.0081 -0.0132 0.0448
0.0027 -0.0549 0.0147
-0.0179 -0.0879 0.0193
-0.0154 -0.0988 0.0220
-0.0013 -0.0634 0.0372
-0.0175 -0.0105 0.0365
-0.0457 -0.0015 0.0303
-0.1101 0.0110 0.0386
-0.1001 0.0304 0.0328
-0.0691 0.0471 0.0093
-0.0095 0.0477 -0.0425
-0.0166 0.0547 -0.0783
-0.0466 0.0570 -0.0826
-0.1114 0.0686 -0.0603
-0.1110 0.1019 -0.0499
-0.0845 0.1039 -0.0519
-0.0277 0.0680 -0.0507
-0.0086 0.0454 -0.0354
-0.0189 0.0456 -0.0327
-0.0560 0.0584 -0.0259
-0.0771 0.0628 -0.0028
-0.0772 0.0524 0.0033
-0.0588 0.0277 0.0130
-0.0141 0.0007 0.0079
0.0057 -0.0122 0.0035
0.0124 -0.0006 -0.0117
-0.0147 -0.0003 -0.0190
-0.0075 -0.0044 -0.0212
0.0352 -0.0145 -0.0280
0.0562 -0.0197 -0.0214
0.1154 -0.0119 -0.0161
0.1767 -0.0404 -0.0050
0.1962 -0.0594 0.0016
0.2319 -0.0742 0.0086
0.3024 -0.0778 0.0024
0.3415 -0.0718 0.0015
0.4006 -0.0815 -0.0003
0.4653 -0.0648 0.0030
0.4995 -0.0583 -0.0034
0.5572 -0.0176 -0.0093
0.5836 0.0295 -0.0081
0.5696 0.0399 -0.0026
0.4986 0.0629 0.0301
0.4461 0.0909 0.0473
0.4346 0.1212 0.0423
0.4247 0.1903 0.0483
0.3829 0.2440 0.0728
0.3299 0.2159 0.0736
0.2381 0.1497 0.0749
0.1982 0.0645 0.0585
0.2045 0.0215 0.0560
0.2603 -0.0110 0.0549
0.2555 0.0241 0.0288
0.2147 0.0240 0.0188
0.1320 0.0071 0.0029
0.0745 0.0130 -0.0233
0.0786 0.0338 -0.0279
0.0953 0.0613 -0.0264
0.1068 0.0446 -0.0087
0.1704 0.0107 0.0248
0.2146 0.0163 0.0172
0.2131 0.0119 0.0083
0.1725 0.0067 0.0068
0.1883 -0.0185 0.0185
0.2111 -0.0323 0.0115
0.2146 -0.0263 -0.0051
0.1510 -0.0074 0.0020
0.1327 -0.0054 0.0073
0.1351 -0.0266 0.0027
0.1509 -0.0286 0.0063
0.1594 -0.0176 0.0103
0.1798 -0.0164 0.0275
0.1527 0.0008 0.0334
0.1177 0.0240 0.0332
0.0522 0.0369 0.0394
0.0500 0.0223 0.0366
0.0741 0.0284 0.0275
0.1137 0.0605 0.0064
0.0884 0.0497 -0.0019
0.0782 0.0379 0.0033
0.0815 0.0179 0.0050
0.1017 0.0217 0.0002
0.1041 0.0279 0.0013
0.0768 0.0425 -0.0034
0.0685 0.0361 0.0037
0.0845 0.0409 0.0199
0.0938 0.0816 0.0270
0.0853 0.0918 0.0310
0.0724 0.0937 0.0353
0.0760 0.0604 0.0230
0.0783 0.0452 0.0234
0.0618 0.0121 0.0129
0.0513 0.0095 0.0046
0.0546 0.0111 -0.0058
0.0619 0.0115 -0.0274
0.0536 -0.0008 -0.0242
0.0582 0.0003 -0.0306
0.0641 -0.0083 -0.0415
0.0527 -0.0060 -0.0365
0.0499 -0.0024 -0.0333
0.0560 -0.0030 -0.0330
0.0722 -0.0110 -0.0160
0.0858 -0.0099 -0.0095
0.0871 0.0068 -0.0082
0.0364 0.0209 0.0066
0.0132 0.0200 0.0150
0.0161 -0.0006 0.0034
0.0474 -0.0128 -0.0023
0.0584 -0.0053 -0.0027
0.0568 0.0010 0.0021
0.0490 -0.0194 0.0056
0.0467 -0.0304 0.0056
0.0479 -0.0360 0.0250
0.0475 -0.0222 0.0380
0.0383 0.0099 0.0339
0.0337 0.0065 0.0188
0.0408 0.0018 0.0215
0.0503 -0.0060 0.0145
0.0427 -0.0005 0.0028
0.0332 0.0006 -0.0009
0.0258 -0.0009 -0.0113
0.0205 0.0028 -0.0067
0.0225 -0.0061 -0.0044
0.0302 -0.0379 -0.0088
0.0462 -0.0372 -0.0036
0.0513 -0.0238 -0.0011
0.0517 -0.0156 0.0086
0.0376 -0.0157 0.0038
0.0302 -0.0223 0.0009
0.0347 -0.0063 0.0087
0.0520 0.0075 -0.0024
0.0475 0.0047 -0.0051
0.0340 -0.0212 -0.0035
0.0314 -0.0139 -0.0082
0.0205 -0.0036 -0.0037
0.0183 0.0176 0.0035
0.0384 0.0111 -0.0113
0.0502 0.0048 -0.0113
0.0309 -0.0090 -0.0133
-0.0112 -0.0074 -0.0066
-0.0204 0.0002 -0.0006
0.0024 0.0141 0.0116
0.0103 0.0092 0.0150
0.0155 0.0115 0.0117
0.0105 0.0000 0.0071
0.0212 0.0108 0.0038
0.0218 0.0249 -0.0008
0.0082 0.0150 0.0040
0.0084 0.0102 0.0073
0.0181 -0.0019 -0.0083
0.0146 0.0076 -0.0133
0.0072 0.0128 -0.0099
0.0029 -0.0033 -0.0034
0.0162 -0.0074 0.0039
0.0213 -0.0040 0.0029
0.0114 0.0066 -0.0003
-0.0025 0.0122 0.0074
-0.0040 0.0060 0.0091
0.0139 -0.0159 0.0057
0.0308 -0.0124 0.0081
0.0260 -0.0038 0.0128
0.0335 -0.0271 0.0190
0.0746 -0.0247 0.0075
0.0764 -0.0209 -0.0032
0.0495 0.0048 -0.0047
0.0477 -0.0072 -0.0076
0.0502 -0.0038 -0.0083
0.0087 0.0341 -0.0153
-0.0157 0.0418 -0.0090
-0.0215 0.0048 0.0032
0.0126 0.0113 0.0063
0.0191 0.0123 0.0128
0.0277 -0.0068 0.0313
0.0350 -0.0031 0.0226

