-1.4311 -0.8335 0.3503
-1.4585 -0.8423 0.1567
-1.2253 -0.8154 -0.1660
-1.4865 -0.8417 0.3895
-1.4516 -0.8369 0.0956
-1.3997 -0.8294 0.0350
-1.2353 -0.8252 0.0871
-1.3324 -0.8009 0.2746
-1.3110 -0.8868 0.2628
-1.3379 -0.7883 -0.2111
-1.2150 -0.8052 -0.2570
-1.4199 -0.8258 0.7530
-1.4888 -0.8632 0.2652
-1.3473 -0.8119 -0.0711
-1.4175 -0.8292 0.4155
-1.5040 -0.7763 -0.2089
-1.4151 -0.8048 -0.2462
-1.3263 -0.8126 0.3912
-1.1857 -0.8434 -0.3383
-1.2641 -0.8410 0.2115
-1.1364 -0.7934 0.0220
-1.2018 -0.7991 -0.0050
-1.3077 -0.8579 0.3897
-1.4951 -0.8528 -0.1615
-1.2396 -0.8256 -0.0969
-0.1468 -0.3127 -0.0354
-0.0090 -0.0033 -0.0098
-0.2816 -0.0628 0.1267
-0.0565 -0.1367 -0.0470
-0.0505 -0.0387 0.0018
-0.0334 -0.0429 -0.0023
0.0029 0.0273 -0.0279
-0.0447 -0.1059 -0.0629
-0.1251 -0.0386 0.0479
-0.1314 -0.3549 0.1231
-0.0544 0.0270 -0.0135
-0.8428 -1.2933 0.4533
-0.8465 -1.0895 0.5995
-0.7522 -1.3512 0.4494
-0.7939 -0.9919 0.4160
-0.5297 -1.3143 0.4055
-0.9232 -1.1711 0.4026
-0.9264 -1.2182 0.3654
-1.0467 -1.1441 0.4177
-0.1544 0.0050 0.0182
-0.7485 -1.1151 0.5396
-0.9913 -1.3220 0.3203
-0.8015 -1.5114 0.5989
-0.7793 -1.3492 0.1492
-0.5011 -1.2536 0.3767
-0.4991 -1.3411 -0.1117
-0.9908 -1.2458 -0.5218
-1.0678 -0.6072 0.4853
-0.9362 -0.6407 -0.1977
-1.0842 -0.7279 0.2890
-1.0450 -0.6870 0.1084
-1.2259 -0.6958 0.5921
-1.2240 -0.6858 0.6087
-1.2540 -0.7080 0.6501
-1.0199 -1.1137 0.4283
-0.0756 0.0243 -0.0320
-0.5037 -1.1998 -0.2461
-0.5826 -1.3287 -0.1490
-0.4918 -1.2870 0.3148
-0.4223 -1.1809 0.2030
-0.4266 -1.1189 -0.4136
-1.2200 -0.5688 0.5036
-1.2113 -0.6734 0.5787
-0.6822 -1.2150 0.5759
-0.8520 -1.1274 0.5213
-0.7675 -1.1591 0.4364
-0.9572 -0.7052 0.3437
-0.7062 -1.4311 0.1728
-0.8704 -1.0841 0.4570
-0.7996 -1.2622 0.4692
-0.9548 -1.1791 0.4464

