0.0406 -0.3439 -0.9215
0.0318 -0.3307 -0.8871
0.0270 -0.3441 -0.9250
0.0270 -0.3441 -0.9250
0.0229 -0.3330 -0.9164
0.0397 -0.3369 -0.9139
0.0365 -0.3332 -0.9161
0.0325 -0.3384 -0.9076
0.0282 -0.3381 -0.9005
0.0282 -0.3381 -0.9005
0.0342 -0.3362 -0.9135
0.0308 -0.3334 -0.9367
0.0463 -0.3298 -0.9337
0.0327 -0.3300 -0.9239
0.0321 -0.3297 -0.9298
0.0321 -0.3297 -0.9298
0.0426 -0.3322 -0.9267
0.0399 -0.3217 -0.9240
0.0471 -0.3314 -0.9224
0.0455 -0.3262 -0.9265
0.0470 -0.3216 -0.9363
0.0470 -0.3216 -0.9363
0.0469 -0.3082 -0.9410
0.0412 -0.3115 -0.9516
0.0364 -0.3107 -0.9271
0.0389 -0.3111 -0.9251
0.0431 -0.3153 -0.9388
0.0431 -0.3153 -0.9388
0.0450 -0.3094 -0.9522
0.0495 -0.3045 -0.9532
0.0440 -0.3048 -0.9450
0.0399 -0.3068 -0.9272
0.0399 -0.3068 -0.9272
0.0397 -0.3095 -0.9215
0.0459 -0.3118 -0.9251
0.0457 -0.3171 -0.9297
0.0428 -0.3201 -0.9343
0.0374 -0.3132 -0.9379
0.0374 -0.3132 -0.9379
0.0362 -0.3149 -0.9423
0.0316 -0.3120 -0.9354
0.0220 -0.3168 -0.9353
0.0227 -0.3215 -0.9356
0.0268 -0.3175 -0.9409
0.0268 -0.3175 -0.9409
0.0297 -0.3175 -0.9447
0.0248 -0.3185 -0.9320
0.0289 -0.3240 -0.9312
0.0346 -0.3290 -0.9216
0.0330 -0.3313 -0.9175
0.0330 -0.3313 -0.9175
0.0422 -0.3261 -0.9136
0.0484 -0.3301 -0.9136
0.0505 -0.3287 -0.9140
0.0537 -0.3304 -0.9211
0.0524 -0.3247 -0.9204
0.0524 -0.3247 -0.9204
0.0462 -0.3235 -0.9242
0.0415 -0.3214 -0.9299
0.0441 -0.3265 -0.9296
0.0394 -0.3238 -0.9277
0.0394 -0.3238 -0.9277
0.0392 -0.3214 -0.9187
0.0463 -0.3295 -0.9235
0.0496 -0.3301 -0.9240
0.0462 -0.3237 -0.9349
0.0412 -0.3239 -0.9335
0.0412 -0.3239 -0.9335
0.0302 -0.3229 -0.9227
0.0355 -0.3300 -0.9233
0.0426 -0.3358 -0.9272
0.0464 -0.3269 -0.9360
0.0515 -0.3271 -0.9494
0.0515 -0.3271 -0.9494
0.0456 -0.3233 -0.9327
0.0421 -0.3230 -0.9263
0.0388 -0.3241 -0.9162
0.0402 -0.3252 -0.9124
0.0391 -0.3277 -0.9248
0.0391 -0.3277 -0.9248
0.0449 -0.3240 -0.9297
0.0464 -0.3239 -0.9299
0.0442 -0.3238 -0.9358
0.0430 -0.3302 -0.9310
0.0393 -0.3289 -0.9231
0.0393 -0.3289 -0.9231
0.0366 -0.3306 -0.9273
0.0396 -0.3287 -0.9287
0.0379 -0.3305 -0.9247
0.0385 -0.3288 -0.9215
0.0385 -0.3288 -0.9215
0.0430 -0.3252 -0.9346
0.0361 -0.3243 -0.9376
0.0409 -0.3260 -0.9299
0.0421 -0.3279 -0.9228
0.0428 -0.3300 -0.9202
0.0428 -0.3300 -0.9202
0.0441 -0.3238 -0.9265
0.0402 -0.3268 -0.9238
0.0435 -0.3273 -0.9258
0.0442 -0.3279 -0.9217
0.0423 -0.3254 -0.9167
0.0423 -0.3254 -0.9167
0.0430 -0.3247 -0.9254
0.0412 -0.3215 -0.9333
0.0431 -0.3227 -0.9319
0.0439 -0.3262 -0.9267
0.0502 -0.3298 -0.9177
0.0502 -0.3298 -0.9177
0.0488 -0.3261 -0.9317
0.0445 -0.3199 -0.9377
0.0382 -0.3239 -0.9251
0.0364 -0.3260 -0.9204
0.0439 -0.3230 -0.9182
0.0439 -0.3230 -0.9182
0.0638 -0.3181 -0.9299
0.0336 -0.3414 -0.9189
0.0459 -0.3291 -0.9500
0.0532 -0.3322 -0.9680
0.0532 -0.3322 -0.9680
0.0435 -0.3088 -0.9350
0.0295 -0.3201 -0.9066
0.0425 -0.3385 -0.9374
0.0425 -0.3385 -0.9374
0.0584 -0.3288 -0.9415
0.0438 -0.3237 -0.9194
0.0407 -0.3227 -0.9226
0.0421 -0.3239 -0.9255
0.0470 -0.3234 -0.9284
0.0452 -0.3225 -0.9278
0.0452 -0.3225 -0.9278
0.0452 -0.3180 -0.9288
0.0518 -0.3235 -0.9416
0.0471 -0.3162 -0.9257
0.0460 -0.3226 -0.9235
0.0475 -0.3181 -0.9254
0.0475 -0.3181 -0.9254
0.0489 -0.3186 -0.9293
0.0445 -0.3171 -0.9290
0.0507 -0.3194 -0.9372
0.0473 -0.3179 -0.9333
0.0462 -0.3239 -0.9190
0.0462 -0.3239 -0.9190
0.0487 -0.3197 -0.9255
0.0544 -0.3160 -0.9339
0.0509 -0.3196 -0.9372
0.0518 -0.3224 -0.9379
0.0518 -0.3224 -0.9379
0.0475 -0.3201 -0.9228
0.0466 -0.3226 -0.9198
0.0549 -0.3282 -0.9317
0.0583 -0.3214 -0.9258
0.0554 -0.3232 -0.9298
0.0554 -0.3232 -0.9298
0.0522 -0.3227 -0.9318
0.0438 -0.3170 -0.9243
0.0374 -0.3221 -0.9226
0.0447 -0.3274 -0.9312
0.0418 -0.3208 -0.9245
0.0418 -0.3208 -0.9245
0.0482 -0.3218 -0.9286
0.0580 -0.3235 -0.9504
0.0528 -0.3237 -0.9433
0.0538 -0.3219 -0.9208
0.0459 -0.3289 -0.9099
0.0459 -0.3289 -0.9099
0.0539 -0.3253 -0.9166
0.0539 -0.3254 -0.9266
0.0518 -0.3268 -0.9324
0.0508 -0.3208 -0.9409
0.0508 -0.3208 -0.9409
0.0491 -0.3272 -0.9352
0.0417 -0.3300 -0.9223
0.0464 -0.3250 -0.9198
0.0453 -0.3276 -0.9328
0.0469 -0.3216 -0.9401
0.0469 -0.3216 -0.9401
0.0505 -0.3213 -0.9354
0.0570 -0.3249 -0.9346
0.0401 -0.3259 -0.9159
0.0428 -0.3282 -0.9114
0.0526 -0.3282 -0.9207
0.0526 -0.3282 -0.9207
0.0480 -0.3246 -0.9271
0.0501 -0.3257 -0.9309
0.0497 -0.3315 -0.9230
0.0491 -0.3238 -0.9210
0.0486 -0.3279 -0.9348
0.0486 -0.3279 -0.9348
0.0488 -0.3252 -0.9335
0.0481 -0.3260 -0.9305
0.0489 -0.3247 -0.9280
0.0521 -0.3272 -0.9249
0.0521 -0.3272 -0.9249
0.0496 -0.3311 -0.9164
0.0513 -0.3278 -0.9259
0.0558 -0.3251 -0.9459
0.0503 -0.3197 -0.9420
0.0503 -0.3197 -0.9420
0.0383 -0.3167 -0.9287
0.0409 -0.3252 -0.9310
0.0423 -0.3302 -0.9278
0.0437 -0.3237 -0.9165
0.0468 -0.3265 -0.9115
0.0468 -0.3265 -0.9115
0.0512 -0.3245 -0.9212
0.0550 -0.3236 -0.9343
0.0562 -0.3160 -0.9319
0.0585 -0.3242 -0.9372
0.0693 -0.3266 -0.9392
0.0693 -0.3266 -0.9392
0.0772 -0.3240 -0.9356
0.0884 -0.3238 -0.9464
0.0900 -0.3101 -0.9600
0.0997 -0.3113 -0.9615
0.0947 -0.3129 -0.9320
0.0947 -0.3129 -0.9320
0.0977 -0.3184 -0.9037
0.1031 -0.3168 -0.8773
0.1118 -0.3172 -0.8725
0.1237 -0.3141 -0.8918
0.1510 -0.3094 -0.8903
0.1510 -0.3094 -0.8903
0.1707 -0.2911 -0.8887
0.1870 -0.2678 -0.9064
0.2125 -0.2536 -0.8960
0.2087 -0.2531 -0.8277
0.2087 -0.2531 -0.8277
0.2261 -0.2178 -0.7914
0.2412 -0.2181 -0.7814
0.2541 -0.2314 -0.8191
0.2523 -0.2479 -0.8235
0.2456 -0.2610 -0.8721
0.2456 -0.2610 -0.8721
0.2614 -0.3012 -0.9605
0.2947 -0.3471 -1.0507
0.3064 -0.3453 -1.1756
0.2825 -0.3195 -1.2308
0.2659 -0.3174 -1.2639
0.2659 -0.3174 -1.2639
0.2336 -0.3237 -1.1746
0.2060 -0.3249 -1.0746
0.1682 -0.3212 -1.0058
0.1544 -0.3042 -0.9794
0.1469 -0.2990 -0.9287
0.1469 -0.2990 -0.9287
0.1505 -0.3115 -0.8441
0.1537 -0.3324 -0.7622
0.1846 -0.3427 -0.6927
0.2266 -0.3458 -0.6909
0.2266 -0.3458 -0.6909
0.2653 -0.3300 -0.7214
0.2888 -0.3315 -0.7513
0.2977 -0.3197 -0.7863
0.2820 -0.3113 -0.7845
0.2564 -0.3459 -0.7554
0.2564 -0.3459 -0.7554
0.2661 -0.3899 -0.7619
0.2848 -0.3915 -0.8096
0.3043 -0.4002 -0.9050
0.3048 -0.4520 -0.9546
0.3002 -0.4198 -1.0016
0.3002 -0.4198 -1.0016
0.2883 -0.3552 -1.1254
0.2445 -0.3496 -1.2422
0.1730 -0.3537 -1.1729
0.1093 -0.3409 -1.0777
0.0661 -0.3365 -1.1140
0.0661 -0.3365 -1.1140
0.0582 -0.2808 -1.2348
0.0621 -0.2195 -1.2802
0.0301 -0.1815 -1.1571
-0.0144 -0.1671 -0.9331
-0.0724 -0.2019 -0.7467
-0.0724 -0.2019 -0.7467
-0.1091 -0.2319 -0.6123
-0.1291 -0.2645 -0.5642
-0.1170 -0.2984 -0.6178
-0.0882 -0.2865 -0.6934
-0.0655 -0.2701 -0.7534
-0.0655 -0.2701 -0.7534
-0.0741 -0.2597 -0.8135
-0.1048 -0.2595 -0.8810
-0.1287 -0.2883 -0.9127
-0.1407 -0.3070 -0.9135
-0.1407 -0.3070 -0.9135
-0.1618 -0.3560 -0.9086
-0.1846 -0.3817 -0.9017
-0.1913 -0.4058 -0.9059
-0.1779 -0.4292 -0.9293
-0.1467 -0.4413 -0.9142
-0.1467 -0.4413 -0.9142
-0.1209 -0.4417 -0.8955
-0.0950 -0.4632 -0.9312
-0.0649 -0.4766 -0.9584
-0.0346 -0.4721 -0.9810
-0.0147 -0.4802 -0.9998
-0.0147 -0.4802 -0.9998
0.0199 -0.4941 -1.0276
0.0585 -0.5058 -1.0906
0.0923 -0.5016 -1.1685
0.1493 -0.4736 -1.2209
0.1927 -0.5064 -1.1896
0.1927 -0.5064 -1.1896
0.2092 -0.5435 -1.0728
0.1798 -0.4623 -1.2365
0.1753 -0.3515 -1.3705
0.1753 -0.3515 -1.3705
0.1710 -0.2661 -1.2118
0.1530 -0.2174 -0.8839
0.1732 -0.2393 -0.6705
0.1824 -0.2869 -0.5688
0.2103 -0.3132 -0.6024
0.2103 -0.3132 -0.6024
0.2202 -0.3097 -0.7455
0.2075 -0.2699 -0.9473
0.1375 -0.2458 -1.0215
0.0206 -0.2404 -0.9249
-0.0602 -0.2467 -0.7866
-0.0602 -0.2467 -0.7866
-0.1113 -0.2792 -0.7051
-0.1409 -0.2973 -0.6477
-0.1599 -0.3170 -0.6166
-0.1660 -0.3493 -0.5767
-0.1835 -0.3743 -0.5692
-0.1835 -0.3743 -0.5692
-0.2018 -0.3997 -0.6162
-0.1969 -0.4208 -0.7055
-0.1953 -0.4411 -0.7777
-0.1811 -0.4523 -0.8443
-0.1524 -0.4666 -0.8846
-0.1524 -0.4666 -0.8846
-0.1178 -0.4866 -0.9336
-0.0764 -0.5228 -0.9866
-0.0575 -0.5599 -1.0222
-0.0466 -0.5752 -1.0387
-0.0466 -0.5752 -1.0387
-0.0651 -0.5631 -1.0882
-0.1338 -0.4991 -1.1449
-0.2206 -0.4605 -1.1842
-0.3067 -0.4387 -1.0881
-0.3822 -0.4109 -1.0149
-0.3297 -0.2491 -1.2494
-0.3297 -0.2491 -1.2494
-0.1448 -0.0803 -1.5395
-0.0518 -0.1241 -0.9958
-0.0953 -0.1924 -0.7820
-0.0953 -0.1924 -0.7820
-0.0639 -0.2377 -0.9613
0.0500 -0.2564 -1.1645
0.1574 -0.2362 -1.1536
0.2341 -0.2228 -0.9530
0.2728 -0.2234 -0.7212
0.2728 -0.2234 -0.7212
0.3159 -0.2629 -0.6378
0.3632 -0.3369 -0.6127
0.4037 -0.4077 -0.5734
0.4402 -0.4620 -0.5433
0.4429 -0.5224 -0.5370
0.4429 -0.5224 -0.5370
0.4388 -0.5521 -0.5568
0.4439 -0.5839 -0.6064
0.4650 -0.5434 -0.7285
0.4705 -0.5011 -0.8064
0.4705 -0.5011 -0.8064
0.4499 -0.4931 -0.8096
0.4344 -0.5118 -0.8226
0.4379 -0.5439 -0.8269
0.4607 -0.5945 -0.8389
0.5052 -0.6685 -0.8580
0.5052 -0.6685 -0.8580
0.5532 -0.6716 -0.9467
0.5547 -0.5450 -1.2051
0.5206 -0.4083 -1.4351
0.4145 -0.3403 -1.3421
0.2528 -0.3047 -0.9408
0.2528 -0.3047 -0.9408
0.1570 -0.3248 -0.7169
0.0946 -0.3447 -0.6697
0.0368 -0.3236 -0.7272
-0.0108 -0.2995 -0.8773
-0.0099 -0.2871 -0.9647
-0.0099 -0.2871 -0.9647
-0.0092 -0.2506 -0.9372
-0.0306 -0.2546 -0.8817
-0.0572 -0.2826 -0.7890
-0.0998 -0.3140 -0.6989
-0.1402 -0.3863 -0.6138
-0.1402 -0.3863 -0.6138
-0.1940 -0.4340 -0.5440
-0.2192 -0.4818 -0.5294
-0.2219 -0.4916 -0.5875
-0.2065 -0.4895 -0.6739
-0.2065 -0.4895 -0.6739
-0.1825 -0.4678 -0.7519
-0.1862 -0.4671 -0.7978
-0.1915 -0.4913 -0.8059
-0.1987 -0.5263 -0.8044
-0.2533 -0.5515 -0.8400
-0.2533 -0.5515 -0.8400
-0.3121 -0.5121 -0.9225
-0.3363 -0.4720 -1.0672
-0.3373 -0.4986 -1.2009
-0.3277 -0.5232 -1.2302
-0.3053 -0.5104 -1.2806
-0.3053 -0.5104 -1.2806
-0.2751 -0.4258 -1.3972
-0.2343 -0.3070 -1.5142
-0.1890 -0.2315 -1.2760
-0.1629 -0.2610 -0.8625
-0.1268 -0.3463 -0.5810
-0.1268 -0.3463 -0.5810
-0.1050 -0.4940 -0.4638
-0.0903 -0.6125 -0.5229
-0.0201 -0.5720 -0.7684
0.1286 -0.4729 -1.0179
0.2807 -0.4229 -1.0057
0.2807 -0.4229 -1.0057
0.3518 -0.3895 -0.7670
0.3093 -0.4374 -0.6215
0.2851 -0.5348 -0.5230
0.2638 -0.5616 -0.5340
0.2638 -0.5616 -0.5340
0.3291 -0.5683 -0.5209
0.4181 -0.5263 -0.5924
0.4692 -0.5050 -0.6489
0.4661 -0.4739 -0.7546
0.4202 -0.4328 -0.8175
0.4202 -0.4328 -0.8175
0.3024 -0.4226 -0.8980
0.1926 -0.4543 -0.8981
0.0753 -0.4881 -0.8078
-0.0048 -0.5422 -0.7547
-0.0494 -0.6185 -0.6959
-0.0494 -0.6185 -0.6959
-0.0260 -0.6407 -0.7351
0.0531 -0.6588 -0.8679
0.1458 -0.6876 -0.9165
0.2280 -0.6885 -0.9453
0.2851 -0.6941 -0.9954
0.2851 -0.6941 -0.9954
0.2777 -0.5894 -1.0907
0.2757 -0.4130 -1.1504
0.2673 -0.3521 -1.0592
0.3309 -0.3835 -0.9349
0.3309 -0.3835 -0.9349
0.3481 -0.3931 -0.7336
0.3082 -0.4187 -0.6886
0.3317 -0.4207 -0.8748
0.2970 -0.3149 -1.0892
0.1810 -0.2442 -1.1921
0.1810 -0.2442 -1.1921
0.0733 -0.2194 -1.1465
-0.0164 -0.1984 -0.9675
-0.1123 -0.2049 -0.8398
-0.2029 -0.2559 -0.7661
-0.2673 -0.3114 -0.6874
-0.2673 -0.3114 -0.6874
-0.3391 -0.3243 -0.6525
-0.3626 -0.3517 -0.6823
-0.3467 -0.3748 -0.7477
-0.3398 -0.3908 -0.8283
-0.3157 -0.3934 -0.8731
-0.3157 -0.3934 -0.8731
-0.2923 -0.3803 -0.8937
-0.2736 -0.3912 -0.8799
-0.2586 -0.4208 -0.8450
-0.2445 -0.4451 -0.8471
-0.2451 -0.4631 -0.8590
-0.2451 -0.4631 -0.8590
-0.2644 -0.4830 -0.9079
-0.2870 -0.4982 -0.9622
-0.3121 -0.4807 -0.9898
-0.3459 -0.4901 -1.0402
-0.3459 -0.4901 -1.0402
-0.3692 -0.4922 -1.0859
-0.3935 -0.4014 -1.2009
-0.3397 -0.3211 -1.3375
-0.2492 -0.3062 -1.2495
-0.2641 -0.3301 -0.9260
-0.2641 -0.3301 -0.9260
-0.3223 -0.3906 -0.6385
-0.3748 -0.4419 -0.4934
-0.3766 -0.4778 -0.5894
-0.2866 -0.4501 -0.8929
-0.1515 -0.3638 -1.2269
-0.1515 -0.3638 -1.2269
0.0021 -0.2835 -1.3004
0.1091 -0.2360 -1.1285
0.1620 -0.2359 -0.9184
0.1767 -0.2779 -0.7432
0.1701 -0.3213 -0.6089
0.1701 -0.3213 -0.6089
0.1677 -0.3545 -0.5233
0.1811 -0.4375 -0.4966
0.2005 -0.5521 -0.5390
0.2200 -0.5831 -0.6252
0.2131 -0.5737 -0.7194
0.2131 -0.5737 -0.7194
0.2008 -0.5835 -0.7637
0.1791 -0.5867 -0.7670
0.1564 -0.5857 -0.7509
0.1205 -0.6115 -0.7652
0.1205 -0.6115 -0.7652
0.0835 -0.6682 -0.7142
0.0350 -0.7037 -0.6827
0.0115 -0.7096 -0.7170
0.0182 -0.7080 -0.8774
0.0605 -0.7241 -1.0214
0.0605 -0.7241 -1.0214
0.1115 -0.7197 -1.0856
0.1519 -0.6893 -1.0670
0.1900 -0.7154 -1.0187
0.2242 -0.7056 -0.9572
0.2560 -0.6109 -0.9744
0.2560 -0.6109 -0.9744
0.2773 -0.5130 -1.0381
0.2716 -0.4436 -1.0052
0.2524 -0.4291 -0.8092
0.1918 -0.4678 -0.5819
0.1470 -0.5479 -0.4431
0.1470 -0.5479 -0.4431
0.1190 -0.5856 -0.4634
0.1147 -0.5736 -0.7161
0.1486 -0.5473 -1.0208
0.1298 -0.5048 -1.1504
0.0325 -0.4786 -0.9865
0.0325 -0.4786 -0.9865
-0.0824 -0.4339 -0.7832
-0.1543 -0.4342 -0.7037
-0.1934 -0.4624 -0.6851
-0.2341 -0.4746 -0.6480
-0.2341 -0.4746 -0.6480
-0.2794 -0.4921 -0.5836
-0.2856 -0.5165 -0.5945
-0.2528 -0.5477 -0.6683
-0.1932 -0.5517 -0.7368
-0.1153 -0.5661 -0.8156
-0.1153 -0.5661 -0.8156
-0.0609 -0.5583 -0.8612
-0.0432 -0.5627 -0.8726
-0.0239 -0.5614 -0.8678
-0.0127 -0.5616 -0.8651
-0.0077 -0.5578 -0.8405
-0.0077 -0.5578 -0.8405
-0.0014 -0.5718 -0.8092
0.0081 -0.5782 -0.7901
0.0094 -0.5799 -0.7809
0.0075 -0.5863 -0.7724
0.0194 -0.5799 -0.7635
0.0194 -0.5799 -0.7635
0.0248 -0.5880 -0.7188
0.0042 -0.5768 -0.6770
-0.0068 -0.5856 -0.7155
0.0005 -0.5902 -0.8172
0.0005 -0.5902 -0.8172
0.0143 -0.6023 -0.9404
0.0132 -0.5751 -0.9826
-0.0006 -0.5503 -0.9733
-0.0213 -0.5144 -0.9596
-0.0144 -0.4796 -0.9598
-0.0144 -0.4796 -0.9598
0.0019 -0.4699 -0.9521
0.0079 -0.4709 -0.8867
-0.0085 -0.4576 -0.7997
-0.0298 -0.4675 -0.7684
-0.0540 -0.4855 -0.7809
-0.0540 -0.4855 -0.7809
-0.0708 -0.4909 -0.8131
-0.0677 -0.4923 -0.8537
-0.0763 -0.4949 -0.8606
-0.0791 -0.5357 -0.8081
-0.1033 -0.5766 -0.7068
-0.1033 -0.5766 -0.7068
-0.1319 -0.6361 -0.6712
-0.1664 -0.6015 -0.7303
-0.1476 -0.5420 -0.9120
-0.1090 -0.5080 -1.0372
-0.0855 -0.4753 -1.0457
-0.0855 -0.4753 -1.0457
-0.0743 -0.4658 -0.9931
-0.0903 -0.4802 -0.9424
-0.1118 -0.4774 -0.9026
-0.1301 -0.4686 -0.8684
-0.1467 -0.4613 -0.8324
-0.1467 -0.4613 -0.8324
-0.1599 -0.4632 -0.7853
-0.1625 -0.4721 -0.7603
-0.1500 -0.4669 -0.7548
-0.1214 -0.4696 -0.7840
-0.1214 -0.4696 -0.7840
-0.0974 -0.4771 -0.8007
-0.0686 -0.4769 -0.8280
-0.0318 -0.4962 -0.8516
-0.0038 -0.5118 -0.8912
0.0333 -0.5325 -0.9454
0.0333 -0.5325 -0.9454
0.0829 -0.5458 -0.9991
0.1172 -0.5627 -1.0088
0.1079 -0.5719 -0.9722
0.0835 -0.5812 -0.9126
0.0715 -0.5783 -0.8364
0.0715 -0.5783 -0.8364
0.0650 -0.5906 -0.7681
0.0674 -0.6025 -0.7166
0.0676 -0.6238 -0.6793
0.0722 -0.6320 -0.6581
0.0860 -0.6491 -0.6733
0.0860 -0.6491 -0.6733
0.0672 -0.6333 -0.6998
0.0585 -0.5921 -0.7530
0.0593 -0.5514 -0.7950
0.0724 -0.5401 -0.7831
0.0786 -0.5555 -0.7252
0.0786 -0.5555 -0.7252
0.0777 -0.5848 -0.6836
0.0808 -0.6066 -0.6963
0.0870 -0.6177 -0.7590
0.1024 -0.6165 -0.8496
0.1024 -0.6165 -0.8496
0.1108 -0.5959 -0.8820
0.1101 -0.5957 -0.8677
0.1069 -0.6117 -0.8185
0.1071 -0.6273 -0.7426
0.1070 -0.6415 -0.7033
0.1070 -0.6415 -0.7033
0.1031 -0.6491 -0.6846
0.0832 -0.6338 -0.6811
0.0517 -0.6155 -0.7134
0.0343 -0.6148 -0.7590
0.0078 -0.6165 -0.7587
0.0078 -0.6165 -0.7587
-0.0296 -0.6393 -0.7331
-0.0644 -0.6666 -0.7090
-0.0969 -0.6847 -0.6919
-0.1296 -0.6968 -0.6995
-0.1255 -0.7132 -0.7524
-0.1255 -0.7132 -0.7524
-0.0640 -0.6828 -0.7891
0.0047 -0.6405 -0.8238
0.0831 -0.5980 -0.8367
0.1219 -0.5733 -0.8139
0.1219 -0.5733 -0.8139
0.1448 -0.5565 -0.7912
0.0925 -0.5680 -0.7488
0.0390 -0.6176 -0.7160
0.0951 -0.5495 -0.7664
0.0330 -0.5500 -0.7864
0.0330 -0.5500 -0.7864
-0.0096 -0.5729 -0.7732
-0.0111 -0.5517 -0.7968
0.0248 -0.5397 -0.8512
0.0013 -0.5133 -0.8258
-0.0240 -0.5390 -0.8372
-0.0240 -0.5390 -0.8372
-0.0336 -0.5342 -0.8615
-0.0412 -0.5294 -0.9034
-0.0848 -0.5295 -0.9102
-0.1691 -0.5435 -0.9004
-0.2151 -0.5960 -0.9268
-0.2151 -0.5960 -0.9268
-0.2474 -0.5659 -0.9316
-0.2535 -0.5358 -0.9408
-0.2486 -0.4963 -0.9692
-0.2474 -0.4080 -1.0221
-0.2043 -0.3003 -1.0866
-0.2043 -0.3003 -1.0866
-0.1672 -0.2583 -1.0738
-0.1707 -0.2793 -0.9173
-0.2398 -0.3439 -0.7268
-0.2940 -0.3966 -0.6945
-0.2940 -0.3966 -0.6945
-0.3062 -0.3652 -0.6650
-0.2563 -0.3184 -0.8044
-0.1829 -0.2931 -0.8960
-0.1115 -0.3070 -0.9302
-0.0493 -0.3266 -0.8374
-0.0493 -0.3266 -0.8374
-0.0110 -0.3677 -0.7361
0.0249 -0.4128 -0.6567
0.0444 -0.4626 -0.5868
0.0543 -0.5288 -0.5710
0.0263 -0.5913 -0.6165
0.0263 -0.5913 -0.6165
0.0205 -0.6197 -0.6832
0.0434 -0.6208 -0.7955
0.0508 -0.6318 -0.8970
0.0854 -0.6413 -0.9588
0.1149 -0.6431 -0.9685
0.1149 -0.6431 -0.9685
0.1258 -0.6462 -0.9452
0.1244 -0.6482 -0.8695
0.1094 -0.6609 -0.7974
0.1260 -0.6393 -0.7032
0.0865 -0.7196 -0.8149
0.1651 -0.6390 -0.8147
0.1445 -0.6750 -0.8709
0.1515 -0.7032 -0.8961
0.1793 -0.6639 -0.9639
0.1793 -0.6639 -0.9639
0.1870 -0.6170 -1.0799
0.1473 -0.5794 -1.1172
0.1102 -0.5420 -1.0603
0.0564 -0.4942 -0.9358
0.0402 -0.4736 -0.8811
0.0402 -0.4736 -0.8811
0.0485 -0.4738 -0.8041
0.0775 -0.4716 -0.6835
0.1349 -0.4851 -0.6552
0.1665 -0.4884 -0.6883
0.1792 -0.4891 -0.7708
0.1792 -0.4891 -0.7708
0.1643 -0.4725 -0.8232
0.1124 -0.4409 -0.8141
0.0633 -0.4259 -0.7937
0.0077 -0.4261 -0.7439
-0.0279 -0.4468 -0.7291
-0.0279 -0.4468 -0.7291
-0.0729 -0.4780 -0.6793
-0.1088 -0.5101 -0.6318
-0.1450 -0.5450 -0.5963
-0.1613 -0.5750 -0.5988
-0.1701 -0.5843 -0.6196
-0.1701 -0.5843 -0.6196
-0.1788 -0.6047 -0.6675
-0.1682 -0.6029 -0.7052
-0.1493 -0.6077 -0.7374
-0.1488 -0.6163 -0.7538
-0.1488 -0.6163 -0.7538
-0.1427 -0.6258 -0.7849
-0.1488 -0.6347 -0.8382
-0.2065 -0.6406 -0.9062
-0.2655 -0.6185 -0.9555
-0.2945 -0.6579 -0.9785
-0.2945 -0.6579 -0.9785
-0.3230 -0.6731 -1.0061
-0.3122 -0.6190 -1.1003
-0.2302 -0.4774 -1.2906
-0.1534 -0.3215 -1.4814
-0.0973 -0.3127 -1.3917
-0.0973 -0.3127 -1.3917
-0.1320 -0.3382 -0.9882
-0.1813 -0.4173 -0.6667
-0.2215 -0.4533 -0.5192
-0.1898 -0.4550 -0.6810
-0.0955 -0.4140 -0.9075
-0.0955 -0.4140 -0.9075
-0.0036 -0.3656 -0.9767
0.0676 -0.3368 -0.8515
0.1121 -0.3193 -0.6779
0.1628 -0.3633 -0.5806
0.1628 -0.3633 -0.5806
0.1812 -0.4249 -0.5572
0.2019 -0.4786 -0.5169
0.2139 -0.5317 -0.4811
0.2297 -0.5731 -0.4956
0.2471 -0.5914 -0.5893
0.2471 -0.5914 -0.5893
0.2608 -0.5695 -0.6857
0.2437 -0.5704 -0.7915
0.2207 -0.5637 -0.8816
0.1694 -0.5794 -0.9196
0.1217 -0.6073 -0.9019
0.1217 -0.6073 -0.9019
0.0754 -0.6508 -0.8526
0.0734 -0.6736 -0.7960
0.1279 -0.6614 -0.8093
0.2139 -0.6428 -0.8662
0.2966 -0.6536 -0.9307
0.2966 -0.6536 -0.9307
0.3537 -0.6171 -0.9900
0.3741 -0.5832 -1.0817
0.3835 -0.5150 -1.1552
0.3864 -0.3934 -1.1380
0.3768 -0.3582 -1.0758
0.3768 -0.3582 -1.0758
0.3629 -0.3944 -0.8852
0.3700 -0.4221 -0.7152
0.3821 -0.4439 -0.6564
0.3969 -0.4069 -0.7802
0.3969 -0.4069 -0.7802
0.3846 -0.3637 -0.9507
0.2867 -0.3394 -1.0330
0.1586 -0.3260 -0.9719
0.0392 -0.2966 -0.8290
-0.0395 -0.3063 -0.7626
-0.0395 -0.3063 -0.7626
-0.1125 -0.3410 -0.7381
-0.1805 -0.3987 -0.6797
-0.2451 -0.4512 -0.6154
-0.2648 -0.4816 -0.6205
-0.2306 -0.5063 -0.6990
-0.2306 -0.5063 -0.6990
-0.1785 -0.5101 -0.7823
-0.1230 -0.4997 -0.8268
-0.0703 -0.4917 -0.8800
-0.0266 -0.5009 -0.8930
-0.0144 -0.5280 -0.8631
-0.0144 -0.5280 -0.8631
-0.0287 -0.5710 -0.8203
-0.0595 -0.6085 -0.8295
-0.0684 -0.6247 -0.9234
-0.1038 -0.6560 -0.9878
-0.1624 -0.6199 -1.0597
-0.1610 -0.5380 -1.2302
-0.1140 -0.3830 -1.4646
-0.1075 -0.3210 -1.4434
-0.1482 -0.3349 -1.0602
-0.1482 -0.3349 -1.0602
-0.1970 -0.4201 -0.7131
-0.2080 -0.5067 -0.5098
-0.1545 -0.5146 -0.5862
-0.0563 -0.4565 -0.8478
0.0509 -0.4199 -1.0707
0.0509 -0.4199 -1.0707
0.1501 -0.3499 -1.0452
0.2046 -0.3207 -0.8382
0.2311 -0.3233 -0.6328
0.2592 -0.3812 -0.5252
0.2793 -0.4354 -0.4591
0.2793 -0.4354 -0.4591
0.2974 -0.4748 -0.4112
0.3229 -0.4984 -0.4034
0.3493 -0.5207 -0.4684
0.3663 -0.5253 -0.5784
0.3808 -0.5118 -0.6862
0.3808 -0.5118 -0.6862
0.3719 -0.4985 -0.7826
0.3493 -0.5000 -0.8364
0.3011 -0.5111 -0.8368
0.2459 -0.5517 -0.8225
0.2188 -0.5865 -0.8298
0.2188 -0.5865 -0.8298
0.2234 -0.5949 -0.8865
0.2567 -0.5723 -0.9779
0.2833 -0.5805 -1.0304
0.2800 -0.5663 -1.0632
0.2800 -0.5663 -1.0632
0.2633 -0.6050 -1.0970
0.2543 -0.4998 -1.1375
0.2929 -0.3643 -1.2462
0.3194 -0.2890 -1.2263
0.2901 -0.3158 -0.9292
0.2901 -0.3158 -0.9292
0.2622 -0.4021 -0.6275
0.2650 -0.5057 -0.4202
0.3259 -0.5073 -0.4786
0.4258 -0.4205 -0.8391
0.4947 -0.3158 -1.3191
0.4947 -0.3158 -1.3191
0.4605 -0.2353 -1.5378
0.2971 -0.1781 -1.2363
0.1189 -0.1805 -0.8683
-0.0022 -0.2308 -0.6594
-0.0722 -0.2828 -0.5805
-0.0722 -0.2828 -0.5805
-0.1113 -0.3078 -0.5741
-0.1312 -0.3339 -0.5929
-0.1283 -0.3416 -0.6803
-0.0727 -0.3716 -0.7905
-0.0306 -0.3930 -0.8516
-0.0306 -0.3930 -0.8516
-0.0083 -0.4031 -0.8846
0.0058 -0.4154 -0.8842
-0.0025 -0.4289 -0.9172
-0.0199 -0.4389 -0.9582
-0.0199 -0.4389 -0.9582
-0.0501 -0.4367 -0.9904
-0.0776 -0.4323 -1.0412
-0.1095 -0.4675 -1.0620
-0.1744 -0.4898 -1.0481
-0.2254 -0.4653 -1.0706
-0.2254 -0.4653 -1.0706
-0.2266 -0.3784 -1.1594
-0.1778 -0.2870 -1.2761
-0.1213 -0.2749 -1.1721
-0.1242 -0.3524 -0.8579
-0.1126 -0.4723 -0.6495
-0.1126 -0.4723 -0.6495
-0.0491 -0.5258 -0.6741
0.0904 -0.4934 -1.0089
0.2385 -0.4087 -1.2832
0.3853 -0.3428 -1.2764
0.4509 -0.3027 -1.0095
0.4509 -0.3027 -1.0095
0.4421 -0.2762 -0.7475
0.4226 -0.2924 -0.5481
0.4212 -0.3321 -0.4532
0.4255 -0.4262 -0.4571
0.4255 -0.4262 -0.4571
0.4138 -0.4845 -0.5182
0.3758 -0.4707 -0.6173
0.3122 -0.4529 -0.7161
0.2439 -0.4006 -0.9130
0.1993 -0.3927 -0.8728
0.1993 -0.3927 -0.8728
0.1614 -0.3548 -0.9970
0.1313 -0.3133 -0.9168
0.1537 -0.2410 -1.0532
0.0913 -0.1712 -1.0398
-0.0020 -0.1589 -1.0001
-0.0020 -0.1589 -1.0001
-0.0332 -0.1769 -0.9369
-0.0345 -0.1658 -0.9359
0.0119 -0.1261 -1.0544
0.0618 -0.1273 -1.1111
0.0932 -0.1877 -1.1099
0.0932 -0.1877 -1.1099
0.1038 -0.1798 -1.1199
0.1109 -0.1878 -1.1701
0.1211 -0.2142 -1.1755
0.0567 -0.1434 -1.1010
0.0079 -0.0705 -1.1122
0.0079 -0.0705 -1.1122
0.0099 -0.0690 -1.0763
0.0248 -0.0631 -1.0061
0.0801 -0.0696 -0.8823
0.0310 -0.2063 -0.8203
0.0310 -0.2063 -0.8203
0.0632 -0.3151 -0.7159
0.0837 -0.3300 -0.7249
0.1110 -0.3087 -0.8479
0.0921 -0.2529 -0.9890
0.0665 -0.2346 -1.0781
0.0665 -0.2346 -1.0781
0.0493 -0.2155 -1.0458
0.0067 -0.2395 -0.9675
-0.0543 -0.3006 -0.8570
-0.0632 -0.3615 -0.8099
-0.0463 -0.3831 -0.7783
-0.0463 -0.3831 -0.7783
-0.0371 -0.4150 -0.8045
-0.0108 -0.4237 -0.8901
0.0199 -0.4074 -0.9715
-0.0079 -0.3328 -0.9007
0.1842 -0.2773 -0.8086
0.1842 -0.2773 -0.8086
0.0891 -0.2692 -0.8826
-0.1439 -0.4123 -0.8762
-0.1980 -0.4472 -0.8167
-0.1728 -0.4370 -0.8506
-0.2492 -0.4567 -0.9379
-0.2492 -0.4567 -0.9379
-0.2905 -0.3679 -1.0686
-0.2591 -0.2586 -1.1448
-0.2394 -0.2095 -1.0658
-0.2304 -0.2599 -0.9182
-0.2304 -0.2599 -0.9182
-0.2325 -0.3206 -0.7866
-0.2737 -0.3786 -0.7352
-0.3146 -0.4337 -0.8267
-0.2554 -0.4210 -0.9835
-0.2082 -0.4110 -1.0157
-0.2082 -0.4110 -1.0157
-0.2094 -0.4147 -1.0126
-0.2275 -0.4235 -1.0751
-0.2307 -0.4008 -1.1099
-0.1730 -0.3459 -1.0651
-0.1090 -0.3406 -0.9430
-0.1090 -0.3406 -0.9430
-0.0588 -0.2868 -0.9277
-0.0220 -0.2854 -0.8519
-0.0292 -0.3707 -0.7996
-0.0015 -0.3640 -0.8054
0.0454 -0.2625 -0.9183
0.0454 -0.2625 -0.9183
0.0633 -0.2961 -0.9382
0.0442 -0.3209 -0.9624
0.0203 -0.3258 -0.8981
0.0359 -0.3395 -0.8798
0.0308 -0.3335 -0.9130
0.0308 -0.3335 -0.9130
0.0169 -0.3705 -0.9794
0.0234 -0.3302 -1.0408
0.0470 -0.2794 -1.0440
0.0675 -0.2380 -1.0392
0.0675 -0.2380 -1.0392
0.0653 -0.2449 -1.0038
0.0395 -0.2533 -0.9037
0.0461 -0.2820 -0.8319
0.0406 -0.3256 -0.8168
0.0234 -0.3414 -0.8155
0.0234 -0.3414 -0.8155
0.0169 -0.3469 -0.8217
0.0347 -0.3313 -0.8853
0.0512 -0.3203 -0.9259
0.0709 -0.3167 -0.9292
0.0785 -0.3247 -0.9402
0.0785 -0.3247 -0.9402
0.0898 -0.3184 -0.9273
0.0928 -0.3146 -0.9203
0.0766 -0.3249 -0.9480
0.0740 -0.3204 -0.9512
0.0819 -0.3124 -0.9285
0.0819 -0.3124 -0.9285
0.0801 -0.3185 -0.9151
0.0756 -0.3235 -0.9257
0.0723 -0.3292 -0.9285
0.0653 -0.3343 -0.9040
0.0716 -0.3330 -0.9096
0.0716 -0.3330 -0.9096
0.0846 -0.3442 -0.9175
0.0853 -0.3447 -0.9055
0.0818 -0.3452 -0.8992
0.0890 -0.3473 -0.9131
0.0890 -0.3473 -0.9131
0.0885 -0.3486 -0.9168
0.0717 -0.3496 -0.9257
0.0714 -0.3326 -0.9369
0.0665 -0.3260 -0.9297
0.0453 -0.3362 -0.9208
0.0453 -0.3362 -0.9208
0.0344 -0.3397 -0.9165
0.0380 -0.3469 -0.9018
0.0362 -0.3449 -0.8992
0.0373 -0.3497 -0.9028
0.0545 -0.3428 -0.9231
0.0545 -0.3428 -0.9231
0.0565 -0.3460 -0.9166
0.0458 -0.3538 -0.8999
0.0501 -0.3530 -0.9040
0.0551 -0.3503 -0.9181
0.0418 -0.3467 -0.9132
0.0418 -0.3467 -0.9132
0.0383 -0.3448 -0.9085
0.0319 -0.3503 -0.9043
0.0344 -0.3512 -0.9030
0.0478 -0.3502 -0.9308
0.0434 -0.3458 -0.9419
0.0434 -0.3458 -0.9419
0.0388 -0.3448 -0.9492
0.0429 -0.3449 -0.9410
0.0491 -0.3403 -0.9315
0.0445 -0.3443 -0.9256
0.0445 -0.3443 -0.9256
0.0451 -0.3466 -0.9233
0.0479 -0.3457 -0.9175
0.0395 -0.3531 -0.9179
0.0381 -0.3499 -0.9185
0.0464 -0.3553 -0.9165
0.0464 -0.3553 -0.9165
0.0397 -0.3480 -0.9029
0.0419 -0.3508 -0.9095
0.0432 -0.3396 -0.9241
0.0406 -0.3418 -0.9293
0.0455 -0.3325 -0.9319
0.0455 -0.3325 -0.9319
0.0498 -0.3324 -0.9259
0.0484 -0.3300 -0.9175
0.0470 -0.3373 -0.9159
0.0491 -0.3334 -0.9312
0.0461 -0.3330 -0.9396
0.0461 -0.3330 -0.9396
0.0455 -0.3326 -0.9348
0.0520 -0.3271 -0.9251
0.0535 -0.3333 -0.9258
0.0507 -0.3353 -0.9136
0.0507 -0.3353 -0.9136
0.0522 -0.3338 -0.9104
0.0617 -0.3376 -0.9207
0.0593 -0.3396 -0.9269
0.0575 -0.3247 -0.9404
0.0574 -0.3254 -0.9350
0.0574 -0.3254 -0.9350
0.0589 -0.3225 -0.9298
0.0609 -0.3273 -0.9240
0.0559 -0.3373 -0.9165
0.0604 -0.3387 -0.9226
0.0652 -0.3291 -0.9357
0.0652 -0.3291 -0.9357
0.0681 -0.3267 -0.9343
0.0559 -0.3225 -0.9206
0.0557 -0.3299 -0.9212
0.0582 -0.3309 -0.9184
0.0591 -0.3320 -0.9189
0.0591 -0.3320 -0.9189
0.0642 -0.3311 -0.9256
0.0601 -0.3273 -0.9348
0.0556 -0.3278 -0.9429
0.0589 -0.3261 -0.9411
0.0552 -0.3294 -0.9299
0.0552 -0.3294 -0.9299
0.0558 -0.3311 -0.9184
0.0562 -0.3294 -0.9188
0.0593 -0.3298 -0.9269
0.0567 -0.3255 -0.9274
0.0567 -0.3255 -0.9274
0.0564 -0.3254 -0.9310
0.0539 -0.3219 -0.9236
0.0548 -0.3244 -0.9126
0.0508 -0.3283 -0.9104
0.0543 -0.3202 -0.9279
0.0543 -0.3202 -0.9279
0.0545 -0.3326 -0.9324
0.0542 -0.3252 -0.9326
0.0634 -0.3319 -0.9448
0.0583 -0.3247 -0.9411
0.0570 -0.3291 -0.9271
0.0570 -0.3291 -0.9271
0.0655 -0.3323 -0.9177
0.0621 -0.3280 -0.9366
0.0538 -0.3230 -0.9483
0.0390 -0.3180 -0.9427
0.0377 -0.3223 -0.9373
0.0377 -0.3223 -0.9373
0.0418 -0.3254 -0.9280
0.0443 -0.3240 -0.9313
0.0556 -0.3245 -0.9206
0.0537 -0.3267 -0.9091
0.0519 -0.3206 -0.9137
0.0519 -0.3206 -0.9137
0.0559 -0.3196 -0.9281
0.0515 -0.3211 -0.9278
0.0506 -0.3220 -0.9194
0.0586 -0.3294 -0.9270
0.0586 -0.3294 -0.9270
0.0632 -0.3253 -0.9362
0.0558 -0.3192 -0.9313
0.0497 -0.3299 -0.9247
0.0414 -0.3234 -0.9024
0.0443 -0.3283 -0.9088
0.0443 -0.3283 -0.9088
0.0481 -0.3267 -0.9313
0.0503 -0.3341 -0.9530
0.0516 -0.3192 -0.9602
0.0579 -0.3225 -0.9622
0.0508 -0.3168 -0.9260
0.0508 -0.3168 -0.9260
0.0434 -0.3331 -0.9274
0.0358 -0.3274 -0.9243
0.0414 -0.3297 -0.9305
0.0459 -0.3318 -0.9249
0.0414 -0.3324 -0.9062
0.0414 -0.3324 -0.9062
0.0431 -0.3379 -0.9079
0.0381 -0.3256 -0.9312
0.0486 -0.3173 -0.9414
0.0467 -0.3116 -0.9327
0.0428 -0.3146 -0.9391
0.0428 -0.3146 -0.9391
0.0561 -0.3184 -0.9315
0.0556 -0.3247 -0.9279
0.0504 -0.3212 -0.9308
0.0482 -0.3172 -0.9319
0.0482 -0.3172 -0.9319
0.0341 -0.3080 -0.9255
0.0381 -0.3150 -0.9342
0.0430 -0.3230 -0.9360
0.0473 -0.3206 -0.9251
0.0459 -0.3228 -0.9333
0.0459 -0.3228 -0.9333
0.0501 -0.3116 -0.9508
0.0538 -0.3062 -0.9381
0.0525 -0.3134 -0.9457
0.0482 -0.3129 -0.9305
0.0545 -0.3159 -0.9231
0.0545 -0.3159 -0.9231
0.0516 -0.3215 -0.9322
0.0498 -0.3164 -0.9314
0.0523 -0.3148 -0.9292
0.0508 -0.3204 -0.9190
0.0459 -0.3178 -0.9170
0.0459 -0.3178 -0.9170
0.0516 -0.3243 -0.9362
0.0494 -0.3165 -0.9461
0.0545 -0.3118 -0.9418
0.0482 -0.3143 -0.9279
0.0470 -0.3176 -0.9290
0.0470 -0.3176 -0.9290
0.0470 -0.3210 -0.9349
0.0511 -0.3141 -0.9379
0.0505 -0.3179 -0.9285
0.0455 -0.3212 -0.9254
0.0455 -0.3212 -0.9254
0.0517 -0.3229 -0.9245
0.0530 -0.3200 -0.9316
0.0489 -0.3239 -0.9267
0.0481 -0.3229 -0.9306
0.0506 -0.3212 -0.9358
0.0506 -0.3212 -0.9358
0.0574 -0.3237 -0.9246
0.0528 -0.3271 -0.9210
0.0522 -0.3310 -0.9306
0.0578 -0.3280 -0.9420
0.0552 -0.3158 -0.9427
0.0552 -0.3158 -0.9427
0.0430 -0.3150 -0.9330
0.0343 -0.3226 -0.9221
0.0384 -0.3319 -0.9125
0.0482 -0.3318 -0.9218
0.0515 -0.3253 -0.9300
0.0515 -0.3253 -0.9300
0.0529 -0.3205 -0.9403
0.0548 -0.3196 -0.9385
0.0524 -0.3214 -0.9313
0.0470 -0.3257 -0.9153
0.0470 -0.3257 -0.9153
0.0509 -0.3318 -0.9249
0.0583 -0.3241 -0.9291
0.0556 -0.3274 -0.9296
0.0508 -0.3309 -0.9326
0.0473 -0.3295 -0.9296
0.0473 -0.3295 -0.9296
0.0495 -0.3332 -0.9281
0.0537 -0.3326 -0.9274
0.0558 -0.3285 -0.9321
0.0559 -0.3272 -0.9397
0.0548 -0.3248 -0.9383
0.0548 -0.3248 -0.9383
0.0572 -0.3309 -0.9328
0.0561 -0.3239 -0.9195
0.0511 -0.3340 -0.9184
0.0548 -0.3289 -0.9183
0.0556 -0.3317 -0.9256
0.0556 -0.3317 -0.9256
0.0599 -0.3270 -0.9299
0.0483 -0.3398 -0.9399
0.0708 -0.3089 -0.9324
0.0862 -0.3014 -0.8913
0.0522 -0.3839 -0.9733
0.0522 -0.3839 -0.9733
0.0294 -0.3626 -0.9485
0.0561 -0.3313 -0.9349
0.0680 -0.3245 -0.9006

