0.0000 0.0000 0.0000
0.0000 0.0000 0.0000
0.0000 0.0000 0.0000
0.0000 0.0000 0.0000
0.0000 0.0000 0.0000
0.0000 0.0000 0.0000
0.0000 0.0000 0.0000
0.0000 0.0000 0.0000
0.0755 -0.2054 -0.3582
-0.1751 -0.3558 -0.5311
-0.3509 -0.5003 -0.6419
-0.5054 -0.6497 -0.6866
-0.3554 -0.6589 -0.5578
-0.1862 -0.5906 -0.5066
0.2247 -0.4669 -0.4971
0.4932 -0.5584 -0.5610
0.5626 -0.5953 -0.5864
0.6078 -0.7197 -0.5634
0.5659 -0.7776 -0.5803
0.4748 -0.8408 -0.5324
-0.0311 -0.5965 -0.2526
-0.1665 -0.2684 -0.2526
-0.0106 -0.1831 -0.2585
0.0625 -0.2349 -0.1496
-0.4002 0.1640 -0.0496
-0.0250 0.2501 0.2469
-0.0124 0.1695 0.3421
0.0199 0.1017 0.3557
0.0568 0.0240 0.3445
-0.0241 -0.0227 0.2786
-0.1029 0.0638 0.2519
-0.1883 0.2640 0.3004
-0.1124 0.3221 0.3523
-0.0932 0.3046 0.3467
-0.3017 0.4397 0.2525
-0.6840 0.7646 0.2371
-0.9156 1.1566 0.1665
-0.9631 1.2535 0.0997
-0.9832 1.5257 -0.0278
-1.0972 1.3568 -0.0891
-1.2291 0.8643 -0.2054
-1.1610 0.7618 -0.3026
-0.7305 0.6840 -0.4869
-0.4355 0.6011 -0.4879
0.6594 0.2912 -0.1751
1.4796 -0.4882 0.3647
0.8099 -0.5499 -0.0642
0.1279 -0.0450 -0.5440
-0.2487 0.3081 -0.3714
-0.6092 -0.1199 0.0834
-0.6899 0.4487 0.2071
-0.5800 0.2130 0.2143
-0.2805 -0.3507 0.2937
0.1371 -0.5527 0.1295
0.2684 -0.5289 0.0553
0.3406 -0.2324 -0.3112
0.0580 0.5789 -0.0876
-0.1013 0.8579 0.1447
-0.2369 0.7750 0.4880
-0.0393 0.2670 0.5480
0.0770 0.1206 0.5073
0.0804 0.1775 0.4934
-0.0045 0.4224 0.5050
0.0049 0.4682 0.4559
0.0008 0.3998 0.3385
-0.1032 0.1648 0.3158
-0.1255 0.0749 0.2637
0.0235 -0.0641 0.1806
0.2511 -0.2335 0.1157
0.3165 -0.2791 0.0863
0.1991 -0.2448 -0.0247
0.0678 -0.1657 -0.0714
-0.1620 -0.0487 -0.1145
-0.2428 -0.0692 -0.1383
-0.1917 -0.1131 -0.1482
-0.0197 -0.2172 -0.1427
0.1188 -0.2346 -0.1104
0.1475 -0.1924 -0.1023
0.0982 -0.1097 -0.0877
-0.0398 -0.0308 -0.0681
-0.0985 0.0123 -0.0634
-0.0847 0.0401 -0.0579
0.0140 0.0155 -0.0362
0.0498 0.0125 -0.0341
0.0442 -0.0170 -0.0531
0.0112 -0.0108 -0.0641
-0.0116 -0.0151 -0.0700
-0.0050 -0.0064 -0.0900
-0.0081 0.0134 -0.1079
0.0069 0.0283 -0.0953
0.0147 -0.0311 -0.0710
0.0123 -0.0544 -0.0619
0.0009 -0.0634 -0.0613
0.0064 -0.0329 -0.0514
0.0062 -0.0267 -0.0455
0.0062 0.0006 -0.0385
0.0042 0.0074 -0.0272
-0.0062 0.0081 -0.0221
-0.0119 -0.0513 -0.0146
-0.0079 -0.0703 -0.0174
-0.0160 -0.0671 0.0006
-0.0473 -0.0150 -0.0011
-0.0604 -0.0022 -0.0032
-0.0324 0.0011 -0.0148
-0.0027 -0.0329 -0.0364
-0.0110 -0.0474 -0.0450
-0.0305 -0.0280 -0.0482
-0.0049 0.0147 -0.0338
0.0008 0.0404 -0.0228
-0.0418 0.0469 -0.0244
-0.0773 0.0009 -0.0137
-0.0758 -0.0224 -0.0099
-0.0662 -0.0234 -0.0170
-0.0442 0.0195 -0.0189
-0.0189 0.0297 -0.0172
0.0289 0.0323 -0.0038
-0.0084 0.0084 0.0059
-0.0267 0.0010 0.0145
-0.0223 -0.0195 0.0047
-0.0389 -0.0238 -0.0069
-0.0413 -0.0295 -0.0040
-0.0021 -0.0092 0.0047
0.0487 -0.0307 0.0116
0.0565 -0.0308 0.0155
0.0069 0.0045 0.0156
-0.0110 0.0079 0.0173
-0.0213 0.0020 0.0052
-0.0207 -0.0139 0.0122
-0.0235 -0.0211 0.0133
-0.0380 -0.0221 0.0227
-0.0622 -0.0060 0.0249
-0.0751 -0.0134 0.0333
-0.0632 -0.0290 0.0459
-0.0602 -0.0405 0.0469
-0.0461 -0.0436 0.0478
0.0074 -0.0444 0.0286
0.0404 -0.0291 0.0230
0.0291 -0.0058 0.0233
0.0015 0.0259 0.0195
-0.0189 0.0243 0.0242
-0.0364 0.0050 0.0274
-0.0562 -0.0268 0.0258
-0.0741 -0.0325 0.0183
-0.0749 -0.0282 0.0159
-0.0986 -0.0218 0.0017
-0.0287 -0.0287 0.0017
0.0292 -0.0440 -0.0013
0.0991 -0.1029 -0.0048
0.1184 -0.2140 0.0009
0.1149 -0.2549 0.0004
0.0217 -0.2481 0.0361
-0.2108 -0.1429 0.0568
-0.3262 -0.2981 0.0256
-0.2653 -0.3439 0.0279
-0.1585 -0.2426 0.0622
-0.2405 -0.0095 0.0291
-0.3110 0.0825 0.0018
-0.3656 0.2594 0.0042
-0.2517 0.3030 0.0452
-0.1675 0.2906 0.0652
-0.0310 0.1785 0.0505
0.0053 0.0189 0.0466
-0.0155 -0.0298 0.0459
-0.0669 0.0046 0.0566
-0.0755 0.0354 0.0368
-0.0607 0.0029 0.0289
-0.0012 -0.0401 0.0137
0.0631 -0.0511 0.0053
0.0788 -0.0426 0.0099
0.0702 0.0158 -0.0065
-0.0123 0.0028 0.0049
-0.0305 0.0029 0.0198
0.0207 -0.0033 0.0204
0.1159 0.0091 0.0257
0.1561 0.0096 0.0153
0.1640 -0.0069 0.0057
0.0847 0.0046 -0.0026
0.0426 0.0089 -0.0058
-0.0009 0.0111 -0.0005
-0.0055 0.0153 0.0041
0.0208 0.0168 0.0003
0.0168 -0.0120 0.0086
-0.0073 -0.0113 0.0047
-0.0557 0.0120 -0.0176
-0.0612 0.0446 -0.0205
-0.0463 0.0622 -0.0206
-0.0125 0.0582 -0.0159
-0.0091 0.0226 -0.0113
-0.0030 0.0311 -0.0170
0.0144 0.0248 -0.0206
0.0088 0.0045 -0.0180
-0.0011 0.0017 -0.0225
-0.0141 -0.0004 -0.0304
0.0078 0.0176 -0.0333
0.0254 0.0354 -0.0202
0.0697 0.1086 -0.0088
0.1569 0.1165 0.0090
0.2172 0.1008 0.0138
0.3144 0.0207 0.0222
0.3327 -0.0296 0.0257
0.3030 -0.0162 0.0267
0.2278 0.0402 0.0129
0.2380 0.0888 0.0225
0.2895 0.1059 0.0161
0.4282 0.1084 0.0201
0.5565 0.1163 0.0304
0.5963 0.1549 0.0203
0.6004 0.2229 -0.0033
0.5557 0.2448 -0.0109
0.4504 0.2390 -0.0076
0.4552 0.1689 -0.0024
0.4898 0.1034 -0.0019
0.5382 0.0326 -0.0033
0.4701 0.0266 -0.0353
0.3955 0.0533 -0.0516
0.2826 0.0962 -0.0368
0.2516 0.1135 -0.0079
0.2352 0.1011 0.0006
0.1792 0.0556 0.0066
0.0797 0.0183 0.0223
0.0413 -0.0006 0.0384
0.0171 0.0029 0.0384
0.0410 0.0152 0.0301
0.0657 0.0137 0.0296
0.1044 -0.0139 0.0254
0.0671 -0.0102 -0.0026
0.0188 -0.0107 -0.0102
-0.0685 -0.0161 -0.0157
-0.0676 -0.0313 -0.0014
-0.0255 -0.0368 0.0090
0.0487 -0.0156 0.0072
0.0649 0.0285 0.0013
0.0464 0.0307 -0.0017
-0.0002 0.0149 -0.0011
-0.0279 0.0105 -0.0139
-0.0184 0.0089 -0.0116
0.0365 0.0295 -0.0162
0.0529 0.0397 -0.0162
0.0438 -0.0130 -0.0092
0.0090 -0.0456 -0.0102
-0.0091 -0.0313 -0.0084
-0.0267 -0.0049 -0.0140
0.0075 0.0215 -0.0075
0.0285 0.0219 -0.0110
0.0564 0.0016 -0.0040
0.0603 -0.0433 -0.0158
0.0506 -0.0435 -0.0172
0.0114 -0.0234 -0.0175
0.0059 0.0281 -0.0121
0.0264 0.0327 -0.0075
0.0588 0.0215 -0.0010
0.0787 -0.0200 0.0005
0.0654 -0.0370 -0.0043
0.0181 -0.0798 -0.0079
-0.0055 -0.0523 -0.0036
0.0008 -0.0223 -0.0066
0.0226 0.0341 -0.0214
0.0154 0.0276 -0.0325
0.0077 0.0139 -0.0294
0.0115 0.0039 -0.0321
0.0206 0.0192 -0.0232
0.0135 0.0145 -0.0175
-0.0060 -0.0024 -0.0079
0.0048 -0.0469 -0.0136
0.0192 -0.0766 -0.0153
0.0484 -0.0531 -0.0119
0.0459 -0.0201 -0.0085
-0.0048 0.0377 -0.0057
-0.0356 0.0311 0.0029
-0.0297 -0.0038 0.0068
0.0019 -0.0562 0.0049
0.0358 -0.0341 -0.0113
0.0450 -0.0168 -0.0151
0.0351 0.0173 -0.0084
-0.0047 0.0434 -0.0145
-0.0243 0.0181 -0.0105
-0.0319 -0.0291 0.0061
0.0541 -0.1414 0.0131
0.1269 -0.1320 0.0160
0.1600 -0.0421 -0.0047
0.0723 0.0084 -0.0142
0.0293 0.0335 -0.0085
-0.0301 0.0600 0.0002
-0.0318 0.1111 0.0445
-0.0211 0.0810 0.0604

