0.0000 0.0000 0.0000
0.0000 0.0000 0.0000
0.0000 0.0000 0.0000
0.0000 0.0000 0.0000
0.0420 -0.3832 -0.8060
0.0063 -0.4425 -0.7479
0.0063 -0.4425 -0.7479
-0.0394 -0.5219 -0.8168
-0.0394 -0.5219 -0.8168
-0.0478 -0.5093 -0.9972
-0.0819 -0.4938 -1.1207
-0.1074 -0.4735 -1.1302
-0.0827 -0.4722 -1.0457
-0.0215 -0.4913 -0.9013
-0.0215 -0.4913 -0.9013
0.0571 -0.4988 -0.7571
0.1369 -0.5001 -0.7033
0.1693 -0.5437 -0.7334
0.1438 -0.5633 -0.8088
0.1051 -0.4778 -1.1396
0.0845 -0.4577 -1.1438
0.0267 -0.4151 -1.0711
-0.0398 -0.3626 -0.9682
-0.0398 -0.3626 -0.9682
-0.0710 -0.2935 -0.9159
-0.0816 -0.2640 -0.8934
-0.0480 -0.3018 -0.8636
-0.0418 -0.3034 -0.8402
-0.0113 -0.3612 -0.8543
-0.0113 -0.3612 -0.8543
0.0523 -0.4833 -0.8882
0.1077 -0.3626 -0.9729
0.1524 -0.2219 -0.9400
0.1575 -0.3112 -0.8774
0.1184 -0.3177 -0.8683
0.1184 -0.3177 -0.8683
0.1293 -0.3087 -0.8585
0.1781 -0.3632 -0.9214
0.1847 -0.4028 -0.9254
0.1785 -0.4956 -0.9742
0.1673 -0.5586 -0.9837
0.1673 -0.5586 -0.9837
0.1691 -0.6002 -1.0434
0.1658 -0.6378 -1.0352
0.1671 -0.6628 -1.0933
0.1209 -0.6475 -1.1378
0.1209 -0.6475 -1.1378
0.0806 -0.6185 -1.1686
0.0354 -0.5957 -1.1188
0.0185 -0.5795 -1.0231
0.0241 -0.6070 -0.9224
0.0318 -0.6350 -0.8490
0.0318 -0.6350 -0.8490
0.0035 -0.5984 -0.7847
-0.0277 -0.5783 -0.7562
-0.0344 -0.5520 -0.7198
-0.0445 -0.5643 -0.6665
-0.0427 -0.5750 -0.6421
-0.0427 -0.5750 -0.6421
-0.0365 -0.5773 -0.6153
-0.0528 -0.5619 -0.5442
-0.0431 -0.6111 -0.5289
-0.0411 -0.6441 -0.4577
-0.0591 -0.6711 -0.4374
-0.0591 -0.6711 -0.4374
-0.0734 -0.6926 -0.4958
-0.0909 -0.6326 -0.5500
-0.0864 -0.6046 -0.6034
-0.0624 -0.6217 -0.5977
-0.0401 -0.6598 -0.5901
-0.0401 -0.6598 -0.5901
-0.0357 -0.6738 -0.6549
-0.0690 -0.6314 -0.6526
-0.0624 -0.6358 -0.6793
-0.0218 -0.6698 -0.6284
-0.0218 -0.6698 -0.6284
-0.0036 -0.6877 -0.6155
0.0026 -0.6978 -0.5961
0.0063 -0.7163 -0.6085
0.0155 -0.7074 -0.6203
0.0219 -0.7103 -0.6094
0.0219 -0.7103 -0.6094
0.0262 -0.7420 -0.6023
0.0275 -0.7385 -0.6052
0.0054 -0.7333 -0.6265
-0.0014 -0.7332 -0.6190
0.0088 -0.7186 -0.5979
0.0088 -0.7186 -0.5979
0.0257 -0.7249 -0.5586
0.0165 -0.7206 -0.5633
0.0008 -0.7263 -0.5702
0.0022 -0.7491 -0.6120
-0.0112 -0.7685 -0.6550
-0.0112 -0.7685 -0.6550
-0.0137 -0.7649 -0.6350
-0.0060 -0.7635 -0.6248
-0.0154 -0.7860 -0.6098
-0.0272 -0.7594 -0.6297
-0.0251 -0.7556 -0.6477
-0.0251 -0.7556 -0.6477
-0.0196 -0.7518 -0.6467
-0.0224 -0.7613 -0.6480
-0.0243 -0.7543 -0.6439
-0.0145 -0.7538 -0.6307
-0.0145 -0.7538 -0.6307
-0.0017 -0.7668 -0.6409
-0.0179 -0.7591 -0.6477
-0.0014 -0.7505 -0.6807
0.0126 -0.7525 -0.6413
0.0106 -0.7316 -0.6552
0.0106 -0.7316 -0.6552
0.0009 -0.7361 -0.6709
-0.0187 -0.7480 -0.6586
-0.0159 -0.7607 -0.6431
-0.0022 -0.7494 -0.6197
0.0033 -0.7371 -0.6437
0.0033 -0.7371 -0.6437
-0.0097 -0.7392 -0.6349
-0.0119 -0.7397 -0.6246
-0.0033 -0.7429 -0.6182
-0.0062 -0.7290 -0.6384
-0.0073 -0.7375 -0.6451
-0.0073 -0.7375 -0.6451
-0.0183 -0.7639 -0.5890
-0.0399 -0.7146 -0.6852
-0.0029 -0.7849 -0.7082
-0.0072 -0.7721 -0.6252
0.0100 -0.7531 -0.6149
0.0100 -0.7531 -0.6149
0.0332 -0.7525 -0.6810
0.0220 -0.7717 -0.6429
0.0144 -0.7966 -0.5941
0.0137 -0.7919 -0.6067
0.0137 -0.7919 -0.6067
0.0288 -0.7721 -0.6954
0.0279 -0.8201 -0.6355
0.0049 -0.8208 -0.6339
0.0081 -0.8264 -0.6288
0.0150 -0.8477 -0.6420
0.0150 -0.8477 -0.6420
0.0120 -0.8836 -0.6488
-0.0067 -0.8957 -0.6414
-0.0031 -0.9164 -0.6387
-0.0061 -0.9092 -0.6119
0.0085 -0.8870 -0.6557
0.0085 -0.8870 -0.6557
0.0176 -0.8599 -0.6101
0.0258 -0.7981 -0.6094
0.0251 -0.7571 -0.5779
0.0343 -0.7631 -0.5315
0.0398 -0.7409 -0.5023
0.0398 -0.7409 -0.5023
0.0347 -0.7265 -0.5282
0.0499 -0.7038 -0.5506
0.0800 -0.6915 -0.6066
0.0571 -0.6765 -0.6366
0.0409 -0.6697 -0.6178
0.0409 -0.6697 -0.6178
0.0416 -0.6712 -0.6333
0.0397 -0.6712 -0.6388
0.0278 -0.6656 -0.6766
0.0131 -0.6695 -0.6779
-0.0009 -0.6788 -0.6879
-0.0131 -0.6816 -0.6946
-0.0131 -0.6816 -0.6946
-0.0099 -0.6753 -0.6988
-0.0027 -0.6922 -0.6843
-0.0054 -0.6911 -0.6651
-0.0054 -0.6911 -0.6651
-0.0094 -0.7163 -0.6126
-0.0227 -0.7281 -0.6158
-0.0290 -0.7233 -0.6121
-0.0175 -0.7408 -0.6411
0.0000 -0.7474 -0.6532
0.0000 -0.7474 -0.6532
-0.0004 -0.7307 -0.6513
-0.0155 -0.7430 -0.6434
-0.0166 -0.7597 -0.6317
-0.0221 -0.7613 -0.6546
-0.0146 -0.7431 -0.6643
-0.0146 -0.7431 -0.6643
-0.0081 -0.7418 -0.6540
-0.0092 -0.7482 -0.6485
-0.0087 -0.7426 -0.6512
0.0033 -0.7307 -0.6477
-0.0012 -0.7332 -0.6393
-0.0012 -0.7332 -0.6393
-0.0123 -0.7435 -0.6463
-0.0078 -0.7473 -0.6551
-0.0079 -0.7591 -0.6487
0.0040 -0.7478 -0.6609
0.0040 -0.7478 -0.6609
0.0111 -0.7333 -0.6672
0.0116 -0.7249 -0.6590
0.0007 -0.7358 -0.6494
-0.0105 -0.7495 -0.6401
-0.0120 -0.7493 -0.6570
-0.0120 -0.7493 -0.6570
-0.0002 -0.7479 -0.6681
0.0040 -0.7425 -0.6535
0.0074 -0.7417 -0.6521
0.0123 -0.7353 -0.6533
0.0169 -0.7373 -0.6538
0.0169 -0.7373 -0.6538
0.0070 -0.7350 -0.6391
0.0018 -0.7353 -0.6505
0.0156 -0.7415 -0.6575
0.0127 -0.7384 -0.6452
0.0133 -0.7388 -0.6418
0.0133 -0.7388 -0.6418
0.0168 -0.7516 -0.6511
0.0038 -0.7413 -0.6547
0.0066 -0.7365 -0.6554
0.0019 -0.7275 -0.6582
0.0022 -0.7337 -0.6702
0.0022 -0.7337 -0.6702
0.0035 -0.7278 -0.6602
0.0076 -0.7346 -0.6569
0.0099 -0.7352 -0.6571
0.0033 -0.7349 -0.6512
0.0033 -0.7349 -0.6512
0.0016 -0.7376 -0.6568
-0.0042 -0.7311 -0.6499
0.0038 -0.7288 -0.6490
0.0061 -0.7247 -0.6560
0.0074 -0.7225 -0.6507
0.0074 -0.7225 -0.6507
0.0031 -0.7268 -0.6526
0.0125 -0.7231 -0.6521
0.0184 -0.7346 -0.6458
0.0156 -0.7377 -0.6421
0.0150 -0.7364 -0.6379
0.0150 -0.7364 -0.6379
0.0168 -0.7421 -0.6540
0.0178 -0.7341 -0.6714
0.0091 -0.7350 -0.6655
0.0024 -0.7354 -0.6767
0.0084 -0.7334 -0.6836
0.0084 -0.7334 -0.6836
0.0008 -0.7253 -0.6763
-0.0052 -0.7245 -0.6749
-0.0068 -0.7275 -0.6681
-0.0159 -0.7205 -0.6940
0.0014 -0.7286 -0.6996
0.0014 -0.7286 -0.6996
0.0013 -0.7270 -0.6699
-0.0017 -0.7299 -0.6504
0.0070 -0.7361 -0.6647
0.0124 -0.7213 -0.6612
0.0124 -0.7213 -0.6612
0.0249 -0.7358 -0.6704
0.0249 -0.7358 -0.6704
0.0221 -0.7339 -0.6602
0.0259 -0.7287 -0.6770
0.0352 -0.7297 -0.6874
0.0352 -0.7297 -0.6874
0.0437 -0.7092 -0.6898
0.0354 -0.7063 -0.6807
0.0316 -0.7008 -0.6846
0.0197 -0.7074 -0.6838
0.0208 -0.7207 -0.6851
0.0208 -0.7207 -0.6851
0.0246 -0.7271 -0.6931
0.0119 -0.7285 -0.6771
0.0074 -0.7322 -0.6645
0.0266 -0.7152 -0.6841
0.0361 -0.6934 -0.6771
0.0361 -0.6934 -0.6771
0.0352 -0.6957 -0.7054
0.0392 -0.6741 -0.7064
0.0392 -0.6836 -0.7267
0.0305 -0.6761 -0.7276
0.0305 -0.6761 -0.7276
0.0313 -0.6719 -0.7332
0.0332 -0.6846 -0.7257
0.0311 -0.6751 -0.7170
0.0336 -0.6833 -0.7046
0.0335 -0.6887 -0.6906
0.0335 -0.6887 -0.6906
0.0359 -0.6956 -0.6935
0.0357 -0.6919 -0.6953
0.0275 -0.6916 -0.6915
0.0240 -0.6955 -0.6963
0.0226 -0.6893 -0.6910
0.0226 -0.6893 -0.6910
0.0261 -0.6889 -0.7040
0.0268 -0.6972 -0.7121
0.0300 -0.6957 -0.7254
0.0271 -0.6957 -0.7235
0.0246 -0.7081 -0.7114
0.0246 -0.7081 -0.7114
0.0200 -0.6983 -0.7042
0.0254 -0.6888 -0.7001
0.0229 -0.6969 -0.6986
0.0246 -0.6976 -0.6904
0.0268 -0.6919 -0.6990
0.0268 -0.6919 -0.6990
0.0301 -0.7018 -0.7147
0.0234 -0.7124 -0.7114
0.0080 -0.6987 -0.7023
0.0216 -0.6901 -0.7055
0.0216 -0.6901 -0.7055
0.0240 -0.6919 -0.7003
0.0203 -0.6917 -0.7030
0.0220 -0.6846 -0.7020
0.0171 -0.6915 -0.6935
0.0139 -0.6980 -0.6815
0.0139 -0.6980 -0.6815
0.0207 -0.7044 -0.6735
0.0236 -0.6974 -0.6904
0.0217 -0.7043 -0.6894
0.0204 -0.7045 -0.6860
0.0391 -0.7031 -0.7075
0.0391 -0.7031 -0.7075
0.0385 -0.6936 -0.7002
0.0220 -0.7045 -0.6932
0.0288 -0.7086 -0.6937
0.0336 -0.7060 -0.6973
0.0313 -0.7010 -0.7036
0.0313 -0.7010 -0.7036
0.0318 -0.7100 -0.6980
0.0313 -0.7120 -0.6903
0.0332 -0.7096 -0.6785
0.0264 -0.7048 -0.6919
0.0305 -0.7029 -0.7112
0.0305 -0.7029 -0.7112
0.0306 -0.7029 -0.7147
0.0316 -0.6891 -0.7129
0.0309 -0.6868 -0.7104
0.0264 -0.6876 -0.7082
0.0264 -0.6876 -0.7082
0.0228 -0.6868 -0.6985
0.0141 -0.6924 -0.6863
0.0212 -0.7070 -0.6937
0.0269 -0.7013 -0.6950
0.0264 -0.6922 -0.6838
0.0264 -0.6922 -0.6838
0.0291 -0.6967 -0.6858
0.0470 -0.6808 -0.7087
0.0520 -0.6630 -0.6959
0.0448 -0.6817 -0.6953
0.0441 -0.6904 -0.6821
0.0441 -0.6904 -0.6821
0.0584 -0.6888 -0.6857
0.0734 -0.6783 -0.6860
0.0845 -0.6668 -0.6697
0.0946 -0.6909 -0.6688
0.1174 -0.6853 -0.6773
0.1174 -0.6853 -0.6773
0.1407 -0.6837 -0.6966
0.1494 -0.6850 -0.7076
0.1471 -0.6712 -0.7167
0.1539 -0.6676 -0.7229
0.1539 -0.6676 -0.7229
0.1547 -0.6617 -0.7175
0.1520 -0.6619 -0.7191
0.1468 -0.6521 -0.7361
0.1465 -0.6566 -0.7571
0.1280 -0.6612 -0.7624
0.1280 -0.6612 -0.7624
0.1239 -0.6673 -0.7511
0.0951 -0.6528 -0.7118
0.0901 -0.6603 -0.7294
0.0720 -0.6615 -0.7135
0.0536 -0.6642 -0.7390
0.0536 -0.6642 -0.7390
0.0393 -0.6697 -0.7323
0.0460 -0.6666 -0.7288
0.0438 -0.6613 -0.7526
0.0253 -0.6685 -0.7407
0.0204 -0.6604 -0.7181
0.0204 -0.6604 -0.7181
0.0073 -0.6666 -0.7127
-0.0052 -0.6799 -0.7257
-0.0020 -0.6727 -0.7337
0.0050 -0.6716 -0.7400
0.0030 -0.6683 -0.7558
0.0030 -0.6683 -0.7558
-0.0001 -0.6591 -0.7356
0.0014 -0.6616 -0.7312
-0.0202 -0.6737 -0.7189
-0.0140 -0.6930 -0.6964
-0.0057 -0.6919 -0.6898
-0.0057 -0.6919 -0.6898
0.0011 -0.6900 -0.6949
0.0148 -0.6924 -0.7077
0.0250 -0.6995 -0.7170
0.0332 -0.6870 -0.7225
0.0332 -0.6870 -0.7225
0.0446 -0.6847 -0.7289
0.0546 -0.6792 -0.7254
0.0611 -0.6821 -0.7220
0.0607 -0.6859 -0.7300
0.0540 -0.6870 -0.7294
0.0540 -0.6870 -0.7294
0.0502 -0.6813 -0.7182
0.0553 -0.6872 -0.7101
0.0574 -0.6853 -0.7051
0.0610 -0.6833 -0.7096
0.0664 -0.6844 -0.7120
0.0664 -0.6844 -0.7120
0.0644 -0.6850 -0.7173
0.0646 -0.6787 -0.7001
0.0626 -0.6805 -0.7038
0.0628 -0.6844 -0.7047
0.0707 -0.6806 -0.7031
0.0707 -0.6806 -0.7031
0.0622 -0.6815 -0.7045
0.0574 -0.6803 -0.7023
0.0557 -0.6801 -0.7140
0.0523 -0.6819 -0.7186
0.0523 -0.6819 -0.7186
0.0434 -0.6766 -0.7074
0.0382 -0.6752 -0.7201
0.0278 -0.6721 -0.7311
0.0055 -0.6756 -0.7507
-0.0250 -0.6705 -0.7571
-0.0250 -0.6705 -0.7571
-0.0418 -0.6544 -0.7776
-0.0647 -0.6480 -0.7995
-0.0779 -0.6427 -0.8159
-0.0769 -0.6413 -0.8054
-0.0775 -0.6385 -0.7804
-0.0775 -0.6385 -0.7804
-0.0747 -0.6469 -0.7601
-0.0663 -0.6628 -0.7567
-0.0444 -0.6628 -0.7493
-0.0130 -0.6675 -0.7035
0.0125 -0.6781 -0.6636
0.0125 -0.6781 -0.6636
0.0199 -0.6760 -0.6476
0.0493 -0.6664 -0.6516
0.0733 -0.6864 -0.6654
0.0880 -0.6848 -0.6505
0.0979 -0.6921 -0.6499
0.0979 -0.6921 -0.6499
0.1029 -0.7129 -0.6378
0.1200 -0.7166 -0.6594
0.0890 -0.7086 -0.6328
0.1096 -0.7263 -0.6650
0.1096 -0.7263 -0.6650
0.1055 -0.7201 -0.6284
0.0833 -0.7406 -0.6190
0.0830 -0.7694 -0.6576
0.0925 -0.7488 -0.6364
0.0933 -0.7482 -0.6271
0.0933 -0.7482 -0.6271
0.0864 -0.7631 -0.6466
0.0878 -0.7679 -0.6511
0.0926 -0.7546 -0.6655
0.0846 -0.7526 -0.6568
0.0791 -0.7481 -0.6596
0.0791 -0.7481 -0.6596
0.0833 -0.7745 -0.6615
0.0787 -0.7526 -0.6311
0.0551 -0.7629 -0.6497
0.0603 -0.7755 -0.6431
0.0359 -0.7613 -0.6050
0.0359 -0.7613 -0.6050
0.0034 -0.7779 -0.6175
0.0013 -0.7914 -0.6455
0.0053 -0.7948 -0.6352
0.0077 -0.7974 -0.6407
0.0009 -0.7852 -0.6326
0.0009 -0.7852 -0.6326
0.0074 -0.7921 -0.6234
0.0166 -0.8005 -0.6009
0.0263 -0.8010 -0.5907
0.0428 -0.8025 -0.5858
0.0428 -0.8025 -0.5858
0.0181 -0.8053 -0.5763
0.0191 -0.8086 -0.5673
0.0299 -0.8076 -0.5690
0.0209 -0.8017 -0.5679
0.0214 -0.7926 -0.5632
0.0214 -0.7926 -0.5632
0.0182 -0.7871 -0.5752
0.0130 -0.7918 -0.6072
0.0114 -0.7888 -0.6019
0.0147 -0.7939 -0.6021
0.0286 -0.7976 -0.6023
0.0286 -0.7976 -0.6023
0.0234 -0.7958 -0.5983
0.0174 -0.8064 -0.6004
0.0205 -0.8091 -0.5829
0.0163 -0.8092 -0.5775
0.0170 -0.8092 -0.5903
0.0170 -0.8092 -0.5903
0.0201 -0.8031 -0.5724
0.0160 -0.8114 -0.5637
0.0211 -0.8107 -0.5691
0.0218 -0.7979 -0.5728
0.0218 -0.7979 -0.5728
0.0154 -0.8002 -0.5769
0.0151 -0.8014 -0.5748
0.0191 -0.8104 -0.5650
0.0137 -0.7982 -0.5522
0.0170 -0.8001 -0.5546
0.0170 -0.8001 -0.5546
0.0214 -0.8075 -0.5672
0.0215 -0.8068 -0.5700
0.0207 -0.8137 -0.5569
0.0238 -0.8132 -0.5544
0.0242 -0.8179 -0.5452
0.0242 -0.8179 -0.5452
0.0230 -0.8085 -0.5456
0.0218 -0.8115 -0.5426
0.0291 -0.8139 -0.5462
0.0293 -0.8199 -0.5541
0.0294 -0.8138 -0.5612
0.0294 -0.8138 -0.5612
0.0293 -0.8130 -0.5504
0.0231 -0.8189 -0.5484
0.0237 -0.8176 -0.5521
0.0382 -0.8159 -0.5680
0.0408 -0.8058 -0.5652
0.0408 -0.8058 -0.5652
0.0333 -0.8169 -0.5621
0.0289 -0.8279 -0.5623
0.0292 -0.8226 -0.5608
0.0245 -0.8200 -0.5536
0.0245 -0.8200 -0.5536
0.0219 -0.8197 -0.5446
0.0234 -0.8256 -0.5418
0.0267 -0.8271 -0.5527
0.0314 -0.8257 -0.5504
0.0327 -0.8212 -0.5396
0.0327 -0.8212 -0.5396
0.0378 -0.8251 -0.5574
0.0479 -0.8254 -0.5683
0.0374 -0.8239 -0.5477
0.0370 -0.8311 -0.5388
0.0367 -0.8288 -0.5348
0.0367 -0.8288 -0.5348
0.0468 -0.8238 -0.5462
0.0493 -0.8170 -0.5399
0.0442 -0.8148 -0.5252
0.0455 -0.8208 -0.5263
0.0550 -0.8203 -0.5381
0.0550 -0.8203 -0.5381
0.0486 -0.8171 -0.5325
0.0404 -0.8251 -0.5203
0.0386 -0.8215 -0.5214
0.0433 -0.8201 -0.5464
0.0429 -0.8248 -0.5596
0.0429 -0.8248 -0.5596
0.0364 -0.8263 -0.5507
0.0372 -0.8326 -0.5477
0.0356 -0.8246 -0.5421
0.0294 -0.8333 -0.5396
0.0285 -0.8321 -0.5308
0.0285 -0.8321 -0.5308
0.0345 -0.8271 -0.5354
0.0393 -0.8283 -0.5441
0.0405 -0.8277 -0.5439
0.0367 -0.8303 -0.5467
0.0367 -0.8303 -0.5467
0.0352 -0.8304 -0.5324
0.0361 -0.8297 -0.5223
0.0304 -0.8348 -0.5256
0.0351 -0.8281 -0.5375
0.0388 -0.8230 -0.5356
0.0388 -0.8230 -0.5356
0.0347 -0.8310 -0.5384
0.0399 -0.8381 -0.5365
0.0434 -0.8306 -0.5455
0.0380 -0.8240 -0.5505
0.0368 -0.8192 -0.5317
0.0368 -0.8192 -0.5317
0.0271 -0.8318 -0.5211
0.0286 -0.8311 -0.5397
0.0414 -0.8279 -0.5405
0.0462 -0.8345 -0.5295
0.0462 -0.8358 -0.5151
0.0462 -0.8358 -0.5151
0.0443 -0.8315 -0.5089
0.0428 -0.8279 -0.5181
0.0428 -0.8322 -0.5343
0.0424 -0.8321 -0.5369
0.0424 -0.8321 -0.5369
0.0422 -0.8287 -0.5414
0.0430 -0.8256 -0.5394
0.0393 -0.8312 -0.5275
0.0389 -0.8348 -0.5267
0.0440 -0.8314 -0.5304
0.0440 -0.8314 -0.5304
0.0439 -0.8298 -0.5314
0.0410 -0.8350 -0.5278
0.0434 -0.8370 -0.5222
0.0469 -0.8333 -0.5292
0.0466 -0.8302 -0.5312
0.0466 -0.8302 -0.5312
0.0424 -0.8367 -0.5292
0.0407 -0.8304 -0.5245
0.0484 -0.8262 -0.5235
0.0493 -0.8280 -0.5237
0.0481 -0.8316 -0.5256
0.0481 -0.8316 -0.5256
0.0377 -0.8400 -0.5395
0.0411 -0.8396 -0.5301
0.0389 -0.8390 -0.5217
0.0385 -0.8333 -0.5334
0.0434 -0.8291 -0.5467
0.0434 -0.8291 -0.5467
0.0374 -0.8318 -0.5399
0.0386 -0.8405 -0.5355
0.0466 -0.8429 -0.5281
0.0492 -0.8378 -0.5367
0.0492 -0.8378 -0.5367
0.0445 -0.8327 -0.5313
0.0341 -0.8282 -0.5193
0.0269 -0.8320 -0.5119
0.0356 -0.8402 -0.5334
0.0405 -0.8357 -0.5382
0.0405 -0.8357 -0.5382
0.0459 -0.8331 -0.5321
0.0405 -0.8288 -0.5240
0.0282 -0.8318 -0.5096
0.0340 -0.8387 -0.5170
0.0473 -0.8383 -0.5267
0.0473 -0.8383 -0.5267
0.0472 -0.8355 -0.5331
0.0469 -0.8306 -0.5267
0.0498 -0.8362 -0.5051
0.0506 -0.8392 -0.5090
0.0493 -0.8322 -0.5218
0.0493 -0.8322 -0.5218
0.0476 -0.8259 -0.5267
0.0477 -0.8363 -0.5293
0.0381 -0.8391 -0.5200
0.0420 -0.8357 -0.5144
0.0420 -0.8357 -0.5144
0.0464 -0.8394 -0.5144
0.0495 -0.8468 -0.5261
0.0519 -0.8355 -0.5442

