0.0000 0.0000 0.0000
0.0000 0.0000 0.0000
0.0000 0.0000 0.0000
0.0000 0.0000 0.0000
0.4920 0.4153 1.5142
0.3218 0.4767 1.5189
0.3218 0.4767 1.5189
-0.2601 0.3095 1.1267
-0.5479 -0.0078 0.7552
-0.6063 -0.1857 0.4081
-0.4898 -0.1383 0.2912
-0.0472 0.2227 0.1745
0.2669 0.5357 0.2241
0.3022 0.6217 0.2892
0.1368 0.7496 0.3857
-0.2054 0.8319 0.4073
-0.3165 0.8210 0.4469
-0.3021 0.8121 0.6497
-0.1792 0.4663 0.8693
-0.2634 -0.9288 0.7886
-0.1666 -0.7939 0.7489
0.0024 -0.2280 0.8064
0.0477 0.0615 0.8398
-0.0418 0.3748 0.7857
-0.2527 0.5114 0.6273
-0.3054 0.5944 0.5646
-0.2609 0.9433 0.5027
-0.1813 1.2328 0.4981
-0.1563 1.3050 0.5092
0.1789 1.1516 0.7272
0.7586 0.7225 0.9337
0.7474 0.4140 0.8165
0.4674 0.0278 0.4587
0.1007 -0.0574 0.2457
0.0028 -0.0057 0.1615
-0.0061 0.2044 0.0629
0.1051 0.1405 0.0798
0.1893 0.1063 0.1135
0.3318 -0.1292 0.2018
0.4350 -0.2719 0.3820
0.4353 -0.2564 0.4659
0.4956 -0.1537 0.6261
0.5906 0.0120 0.7106
0.7559 0.4635 0.8929
0.7806 0.5071 0.9681
0.7881 0.3700 0.9160
0.8673 0.0902 0.7059
1.1193 0.2109 0.5647
1.3149 0.4220 0.5628
1.6272 0.8587 0.6731
1.6262 1.0061 0.7909
1.4974 0.9629 0.8033
1.1806 0.8044 0.7443
1.0338 0.6723 0.6026
1.0311 0.6264 0.5416
1.0861 0.4983 0.5272
1.0341 0.3514 0.6169
0.9442 0.2528 0.6570
0.8682 0.1844 0.6332
0.9863 0.3058 0.5515
0.9991 0.2714 0.5333
0.8953 0.0820 0.5962
0.6120 -0.1076 0.6965
0.3682 -0.1336 0.7092
-0.0992 -0.0365 0.6092
-0.1881 0.2261 0.3885
-0.0829 0.3013 0.2957
0.2365 0.2351 0.2477
0.2907 0.0714 0.2225
0.2053 -0.0060 0.1987
0.0474 -0.1382 0.1013
0.1182 -0.0974 0.0122
0.3372 0.2003 -0.1231
0.3957 0.3380 -0.0863
0.3396 0.3558 -0.0251
0.1857 0.2652 0.0836
0.0477 0.1803 0.1224
0.0034 0.1677 0.1106
0.0245 0.1939 0.0741
0.1548 0.1715 0.0784
0.1894 0.1339 0.0982
0.1428 0.0842 0.1603
0.0315 0.0275 0.1972
-0.0020 -0.0010 0.1978
0.0122 -0.0219 0.1525
0.1065 0.0173 0.0893
0.1336 -0.0018 0.0753
0.0562 -0.0639 0.1504
-0.1070 -0.0838 0.2376
-0.1545 -0.0051 0.2402
-0.1537 0.1549 0.1986
-0.0994 0.1535 0.1573
-0.0709 0.0873 0.1379
0.0043 0.0089 0.1187
0.0108 -0.0299 0.1047
-0.0414 -0.0621 0.1122
-0.1143 0.0077 0.1328
-0.1099 0.0437 0.0746
-0.0874 0.0632 0.0481
-0.0330 0.0941 0.0197
-0.0160 0.0680 0.0105
-0.0015 0.0258 -0.0199
-0.0093 0.0367 -0.0504
-0.0253 0.0416 -0.0458
-0.0973 -0.0070 -0.0129
-0.0023 0.1458 -0.0588
0.1057 0.1858 -0.1296
0.1611 0.1083 -0.1210
0.0755 0.0226 -0.0108
0.0399 -0.0066 0.0314
0.0186 -0.0532 0.0071
0.0191 -0.0631 -0.0765
-0.0005 -0.0745 -0.0767
-0.0496 -0.1253 -0.0020
-0.0099 -0.1526 0.0047
0.0335 -0.1784 -0.0039
0.1082 -0.1565 -0.0190
0.0820 -0.0543 -0.0398
0.0604 -0.0129 -0.0400
0.0669 0.0484 -0.0363
0.0781 0.0215 -0.0237
0.0658 0.0049 -0.0216
-0.2340 -0.1771 -0.0515
0.0591 0.2920 -0.1144
0.1966 0.2620 -0.1600
0.1769 0.1195 -0.1476
0.0456 0.0401 -0.1127
-0.0112 0.1545 0.0178
0.1278 0.1673 0.0421
0.1483 0.1261 0.0065
0.0288 0.0257 -0.0271
-0.1511 -0.0051 -0.0028
-0.0924 0.0870 -0.0227
0.1350 0.0354 -0.0716
0.1026 -0.0496 -0.0103
-0.0534 -0.0348 0.0338
-0.0932 -0.0052 0.0282
-0.0735 -0.0011 0.0342
-0.0327 -0.0469 0.0451
0.0576 -0.1284 0.0983
0.1006 -0.1167 0.1028
0.0866 -0.1036 0.0892
0.0447 -0.1142 0.0718
0.1871 0.0704 -0.0238
0.2246 0.0809 -0.0410
0.1651 0.1582 0.0070
0.1351 0.1447 0.0851
0.1965 0.0896 0.1265
0.2924 0.0004 0.1203
0.1490 0.0337 0.0311
-0.0022 0.1109 -0.0187
-0.2861 0.3408 -0.0483
-0.3768 0.5390 -0.0057
-0.3683 0.5085 0.0261
-0.2355 0.1188 0.1079
-0.0701 -0.2001 0.0651
-0.0163 -0.2254 0.0115
-0.0142 -0.2209 -0.0274
-0.0945 -0.1321 0.0458
-0.1434 -0.1027 0.0838
-0.1264 -0.0147 0.1460
-0.0695 0.0328 0.1587
-0.0092 0.0000 0.1047
-0.0169 -0.0724 0.0655
-0.0292 -0.0078 0.0579
-0.0386 0.0583 0.0673
-0.0110 0.1358 0.0688
0.0125 0.1181 0.0549
0.0413 0.0731 0.0408
-0.0206 -0.0015 0.0258
-0.0380 0.0302 0.0278
-0.0457 0.1666 0.0229
-0.0843 0.1871 0.0187
-0.0842 0.1663 0.0252
-0.0491 0.0756 0.0299
-0.0137 -0.0091 0.0244
-0.0194 -0.0221 0.0209
-0.0754 0.0073 0.0158
-0.0784 0.0435 -0.0016
-0.0466 0.0349 0.0026
0.0047 -0.0162 0.0183
-0.0285 -0.0725 0.0085
-0.0657 -0.0609 0.0000
-0.0856 -0.0553 -0.0099
-0.0395 -0.0507 -0.0325
-0.0152 -0.0520 -0.0323
0.0318 0.0476 -0.0232
0.0366 0.0426 -0.0292
0.0075 -0.0020 -0.0112
-0.0372 -0.0179 -0.0137
-0.0634 -0.0324 -0.0214
-0.0798 -0.0596 -0.0222
-0.0156 -0.0884 -0.0080
0.0249 -0.0760 -0.0058
0.0553 -0.0506 -0.0156
0.0140 0.0352 -0.0272
0.0019 0.0666 -0.0260
-0.0145 0.0555 -0.0172
-0.0090 0.0036 -0.0109
-0.0094 -0.0229 -0.0123
-0.0155 -0.0470 -0.0136
-0.0066 -0.0345 -0.0153
-0.0075 -0.0415 -0.0141
-0.0093 -0.0139 -0.0225
0.0153 0.0620 -0.0355
0.0431 0.0956 -0.0326
0.0681 0.0703 -0.0198
0.0210 0.0259 -0.0073
-0.0207 0.0072 -0.0029
-0.0532 -0.0275 0.0214
-0.0331 -0.0379 0.0077
-0.0280 -0.0343 -0.0038
-0.0198 -0.0185 -0.0121
-0.0254 0.0271 -0.0069
-0.0181 0.0407 0.0091
0.0166 0.0436 0.0198
0.0190 0.0230 0.0173
-0.0044 -0.0094 0.0275
-0.0254 -0.0258 0.0225
-0.0180 -0.0094 0.0142
-0.0173 -0.0155 0.0134
-0.0121 0.0529 0.0143
-0.0095 0.0617 0.0097
-0.0126 0.0647 0.0048
-0.0175 0.0435 0.0116
-0.0259 0.0316 0.0081
-0.0463 0.0635 0.0117
-0.0416 0.0682 0.0030
-0.0385 0.0496 0.0035
-0.0442 0.0130 0.0041
-0.0506 0.0184 -0.0009
-0.0496 0.0274 -0.0067
-0.0320 0.0566 -0.0046
-0.0232 0.0290 -0.0053
-0.0224 0.0192 -0.0044
-0.0520 0.0117 -0.0155
-0.0671 0.0236 -0.0116
-0.0501 0.0133 -0.0072
0.0019 0.0317 -0.0079
-0.0030 0.0504 -0.0132
-0.0385 0.0429 -0.0110
-0.0913 0.0561 -0.0153
-0.0639 0.0799 -0.0264
0.0307 0.0309 -0.0394
0.0808 -0.0216 -0.0434
0.0811 -0.0185 -0.0430
0.0139 -0.0298 -0.0500
-0.0443 -0.0625 -0.0428
-0.0531 -0.0699 -0.0518
-0.0260 -0.0379 -0.0778
-0.0438 0.0181 -0.0690
-0.0767 0.0319 -0.0500
-0.1072 0.0998 -0.0321
-0.0785 0.0153 -0.0085
-0.0523 -0.0318 0.0091
-0.0319 -0.0715 0.0144
-0.0437 -0.0507 0.0060
-0.0420 -0.0448 0.0069
-0.0164 -0.0405 -0.0020
-0.0049 0.0139 -0.0060
-0.0079 0.0624 0.0040
-0.0287 0.0549 0.0342
-0.0469 0.0356 0.0453
-0.0640 0.0213 0.0364
-0.1115 0.0240 0.0623
-0.1450 -0.0258 0.0754
-0.1320 -0.0083 0.0559
-0.0994 -0.0699 0.0300
-0.0714 -0.0049 0.0316
-0.0841 0.0033 0.0219
-0.0925 0.0085 0.0307
-0.0804 0.0233 0.0275
-0.0256 0.0269 0.0039
-0.0020 0.0276 -0.0170
0.0065 0.0185 -0.0201
0.0237 0.0068 -0.0295
0.0486 0.0339 -0.0280
0.0566 0.0731 -0.0291
0.0431 0.0982 -0.0220
-0.0061 0.0475 -0.0154
-0.0230 0.0105 -0.0151
-0.0204 -0.0002 -0.0094
-0.0152 0.0112 -0.0128
-0.0101 0.0335 -0.0124
-0.0213 0.0351 0.0030
-0.0243 0.0329 0.0047
-0.0161 0.0250 0.0012
0.0169 0.0221 0.0110
0.0354 0.0142 0.0120
0.0252 0.0171 0.0201
0.0121 0.0053 0.0195
0.0211 -0.0046 -0.0017
0.0223 0.0022 -0.0005
-0.0026 0.0194 -0.0032
-0.0303 0.0268 -0.0055
-0.0244 0.0235 -0.0039
0.0340 0.0246 0.0013
0.0585 0.0230 0.0040
0.0682 0.0417 0.0150
0.0442 0.0450 0.0101
0.0368 0.0159 0.0091
0.0347 -0.0306 0.0080
0.0313 -0.0071 0.0035
0.0301 0.0073 -0.0010
0.0308 -0.0019 -0.0095
0.0379 0.0216 -0.0142
0.0215 0.0254 -0.0194
-0.0005 0.0390 -0.0110
0.0151 0.0250 0.0065
0.0210 0.0051 0.0064
-0.0077 -0.0230 -0.0066
-0.0417 -0.0056 -0.0009
-0.0453 -0.0175 0.0059
-0.0214 -0.0372 0.0141
-0.0071 -0.0294 0.0174
-0.0066 -0.0187 0.0241
-0.0082 0.0223 0.0252
0.0004 0.0328 0.0125
-0.0021 0.0008 0.0079
-0.0096 -0.0352 0.0035
-0.0113 -0.0160 -0.0021
-0.0054 -0.0091 -0.0025
0.0010 0.0052 0.0104
0.0022 0.0425 0.0141
0.0036 0.0541 0.0103
0.0205 0.0296 -0.0014
0.0233 0.0184 -0.0094
0.0118 -0.0060 -0.0154
0.0039 -0.0090 -0.0225
0.0078 -0.0043 -0.0267
0.0379 0.0057 -0.0239
0.0428 0.0338 -0.0212
0.0382 0.0339 -0.0109
0.0127 0.0157 0.0002
0.0075 0.0076 0.0031
0.0093 0.0133 0.0008
-0.0023 0.0654 -0.0033
-0.0119 0.0327 -0.0136
-0.0024 0.0077 -0.0175
0.0136 -0.0234 -0.0136
0.0000 -0.0039 0.0184
-0.0144 0.0167 0.0278
-0.0574 0.0405 0.0486
-0.0817 0.0357 0.0692
-0.0713 0.0425 0.0726
-0.0508 0.0809 0.0805
-0.0728 0.1974 0.1051
-0.0990 0.2562 0.1269
-0.1327 0.3299 0.1932
-0.1322 0.3472 0.2758
-0.1309 0.4250 0.3150
-0.1355 0.4343 0.3353
-0.1320 0.4311 0.3539
-0.1296 0.4265 0.3672
-0.1402 0.4765 0.3918
-0.1325 0.5646 0.4173
-0.0773 0.7389 0.4344
-0.0632 0.7254 0.4631
-0.0604 0.6651 0.4698
-0.0377 0.4601 0.4718
0.0364 0.3733 0.4449
0.0686 0.3803 0.4194
0.0703 0.4258 0.4107
0.0819 0.5446 0.4160
0.1064 0.5975 0.4046
0.1148 0.6479 0.3994
0.0270 0.6228 0.4277
-0.0291 0.5864 0.4426
-0.0616 0.4867 0.4529
-0.0011 0.4694 0.4317
0.0232 0.4855 0.4165
0.0036 0.5056 0.3913
-0.0478 0.4898 0.3687
-0.0575 0.4935 0.3679
-0.0435 0.5026 0.3631
-0.0505 0.4351 0.3581
-0.0559 0.3745 0.3652
-0.0406 0.3145 0.3267
-0.0169 0.2782 0.2943
0.0295 0.2313 0.2416
0.0490 0.2310 0.2022
0.0473 0.2458 0.1973
0.0140 0.2324 0.1748
-0.0135 0.2195 0.1425
-0.0192 0.2194 0.1255
-0.0366 0.1733 0.1174
-0.0324 0.1452 0.1183
-0.0230 0.1345 0.1115
-0.0148 0.0791 0.0955
-0.0422 0.0402 0.0887
-0.0489 0.0266 0.0884
-0.0231 0.0309 0.0916
0.0103 0.0479 0.1090
0.0149 0.0549 0.1223
0.0118 0.0373 0.1168
0.0117 0.0138 0.0952
0.0098 0.0231 0.0896
-0.0063 0.0589 0.0809
-0.0019 0.0441 0.0580
0.0083 0.0325 0.0554
0.0252 0.0490 0.0460
0.0228 0.0702 0.0317
0.0179 0.0608 0.0224
-0.0020 0.0195 0.0048
0.0014 0.0043 -0.0072
0.0121 -0.0019 -0.0123
0.0312 0.0212 -0.0069
0.0329 0.0360 -0.0032
0.0170 0.0481 -0.0010
0.0055 0.0174 0.0067
0.0112 -0.0058 0.0023
0.0276 0.0012 -0.0096
0.0354 -0.0034 -0.0305
0.0365 -0.0227 -0.0454
0.0464 -0.0806 -0.0810
0.0812 -0.1443 -0.1215
0.1044 -0.1593 -0.1356
0.1623 -0.1952 -0.1889
0.2325 -0.2648 -0.2502
0.2605 -0.3129 -0.2754
0.3090 -0.4232 -0.3141
0.3571 -0.5136 -0.3514
0.3720 -0.5573 -0.3734
0.3725 -0.6415 -0.4017
0.3179 -0.7579 -0.4192
0.2942 -0.8247 -0.4210
0.3055 -0.9274 -0.4343
0.3015 -0.9429 -0.4466
0.2738 -0.9240 -0.4407
0.2264 -0.8434 -0.4265
0.2248 -0.7828 -0.4403
0.2229 -0.7566 -0.4537
0.2182 -0.7057 -0.4612
0.2203 -0.6671 -0.4599
0.2228 -0.7108 -0.4605
0.1833 -0.8143 -0.4478
0.1549 -0.8945 -0.4360
0.1818 -0.9969 -0.4253
0.2261 -0.8609 -0.4382
0.2114 -0.8581 -0.4085
0.1458 -0.7822 -0.3624
0.1071 -0.5085 -0.3515
0.0911 -0.4105 -0.3342
0.0622 -0.3306 -0.2944
0.0376 -0.2372 -0.2686
0.0317 -0.2040 -0.2450
0.0499 -0.1721 -0.1799
0.0817 -0.0871 -0.1463
0.0862 -0.0066 -0.1455
0.0950 0.0610 -0.1291
0.1560 0.1098 -0.1083
0.1982 -0.0089 -0.0773
0.1833 -0.0794 -0.0427
0.1781 -0.0627 0.0105
0.1862 -0.0307 0.0078
0.1926 -0.0036 0.0091
0.1687 -0.0254 0.0224
0.1671 -0.0130 0.0296
0.1516 0.0485 0.0048
0.1742 0.0278 -0.0361
0.1977 0.0203 -0.0622
0.1988 0.0421 -0.1048
0.1928 0.0468 -0.1043
0.2136 0.0667 -0.0857
0.2193 0.0617 -0.0695
0.2149 0.0511 -0.0493
0.1982 0.0537 -0.0419
0.1569 0.0095 -0.0480
0.1369 -0.0079 -0.0374
0.1495 -0.0541 -0.0234
0.1796 -0.0457 -0.0200
0.1850 -0.0260 -0.0237
0.1129 0.0883 -0.0347
0.0063 0.1337 -0.0034
-0.0041 0.1266 0.0122
0.0374 0.0731 0.0038
0.0863 0.0624 -0.0093
0.1073 0.0513 -0.0206
0.0995 0.0197 -0.0368
0.0756 -0.0500 -0.0173
0.0895 -0.0795 -0.0029
0.1468 -0.0943 -0.0154
0.1815 -0.0465 -0.0153
0.1840 -0.0304 -0.0032
0.1684 0.0125 0.0086
0.1367 0.0051 0.0049
0.1403 -0.0067 0.0196
0.1492 0.0104 0.0244
0.0981 0.0593 0.0099
0.0734 0.0725 0.0206
0.0688 0.0713 0.0246
0.0825 0.0681 0.0175
0.0969 0.0362 0.0068
0.1068 -0.0107 0.0006
0.1083 -0.0208 -0.0033
0.1052 -0.0292 -0.0104
0.1102 0.0200 -0.0175
0.1098 0.0318 -0.0246
0.0917 0.0078 -0.0268
0.0861 -0.0149 -0.0176
0.0857 -0.0119 -0.0172
0.0894 0.0134 -0.0112
0.0779 0.0298 -0.0128
0.0647 0.0295 -0.0126
0.0346 0.0104 -0.0238
0.0287 0.0175 -0.0336
0.0284 0.0360 -0.0332
0.0306 0.0498 -0.0240
0.0452 0.0402 -0.0263
0.0623 0.0181 -0.0251
0.0815 -0.0038 -0.0272
0.0319 -0.0133 -0.0303
-0.0049 -0.0005 -0.0241
-0.0489 0.0082 -0.0157
0.0025 -0.0044 -0.0202
0.0432 -0.0070 -0.0306
0.1022 -0.0005 -0.0385
0.1047 0.0045 -0.0346
0.0776 -0.0158 -0.0170
0.0648 -0.0317 -0.0249
0.0661 -0.0369 -0.0311
0.0869 -0.0336 -0.0280
0.0986 0.0046 -0.0287
0.0926 0.0303 -0.0294
0.0508 0.0385 -0.0297
0.0352 0.0230 -0.0291
0.0378 0.0202 -0.0326
0.0469 0.0176 -0.0387
0.0621 -0.0231 -0.0306
0.0715 -0.0219 -0.0235
0.0871 -0.0013 -0.0114
0.0781 0.0208 -0.0015
0.0625 0.0331 0.0004
0.0447 0.0167 0.0041
0.0675 -0.0046 -0.0048
0.0842 -0.0018 -0.0179
0.0670 0.0212 -0.0303
0.0283 0.0223 -0.0104
0.0257 0.0110 -0.0069
0.0430 0.0047 -0.0008
0.0431 0.0005 0.0198
0.0232 0.0176 0.0214
-0.0099 0.0166 0.0110
-0.0146 0.0139 0.0062
0.0074 -0.0189 0.0054
0.0256 0.0088 0.0123
0.0257 0.0146 0.0131
0.0420 0.0223 0.0059
0.0562 0.0205 -0.0061
0.0496 0.0114 -0.0087
0.0090 0.0140 0.0044
0.0039 0.0133 0.0000
0.0069 0.0159 -0.0039
0.0270 0.0030 -0.0032
0.0491 0.0155 -0.0005
0.0600 0.0119 -0.0041
0.0480 -0.0108 0.0007
0.0344 -0.0212 0.0066
0.0296 -0.0063 -0.0001
0.0157 0.0124 -0.0043
0.0302 0.0118 -0.0035
0.0430 0.0079 -0.0082
0.0483 0.0081 -0.0215
0.0270 0.0173 -0.0046
0.0177 0.0097 -0.0031
0.0216 -0.0193 -0.0044
0.0695 -0.0327 -0.0084
0.0781 -0.0232 -0.0156
0.0399 0.0232 -0.0090
0.0041 0.0337 0.0022
0.0103 0.0152 0.0043
0.0565 -0.0370 0.0089
0.0686 -0.0360 0.0047
0.0479 -0.0251 0.0027
0.0161 -0.0183 -0.0096
0.0182 -0.0112 -0.0157
0.0319 0.0050 -0.0159
0.0056 -0.0017 -0.0123
-0.0072 -0.0045 -0.0152
-0.0039 -0.0217 -0.0181
0.0292 -0.0209 -0.0161
0.0400 -0.0107 -0.0080
0.0423 0.0331 -0.0089
0.0145 0.0251 -0.0113
0.0062 0.0066 -0.0116
0.0179 -0.0250 -0.0196
0.0365 0.0034 -0.0197
0.0273 0.0081 -0.0155
0.0018 0.0126 -0.0008
0.0295 0.0089 0.0080
0.0472 0.0114 0.0052
0.0272 0.0232 0.0056
0.0075 0.0288 0.0044
0.0089 0.0289 -0.0061
0.0183 0.0231 -0.0133
0.0174 0.0237 -0.0136
0.0107 0.0260 -0.0096
0.0174 -0.0018 0.0024
0.0274 -0.0106 0.0130
0.0245 -0.0215 0.0101
0.0002 -0.0018 0.0203
0.0024 0.0156 0.0167
0.0026 0.0129 0.0013
0.0264 -0.0163 -0.0002
0.0396 -0.0183 -0.0044
0.0441 0.0156 0.0117
0.0333 0.0203 0.0191
0.0240 -0.0077 0.0214
0.0265 -0.0362 0.0261
0.0499 -0.0439 0.0044
0.0620 -0.0126 -0.0039
0.0647 0.0319 -0.0045
0.0354 0.0187 0.0067
0.0134 -0.0105 0.0034
-0.0051 -0.0524 0.0037
0.0314 -0.0413 -0.0061
0.0518 -0.0265 -0.0143
0.0618 0.0131 -0.0224
0.0327 0.0279 -0.0090
0.0137 0.0266 -0.0080
-0.0020 -0.0122 0.0004
0.0119 -0.0353 -0.0018
0.0280 -0.0231 -0.0050
0.0547 0.0222 -0.0012
0.0158 0.0234 -0.0014
-0.0019 0.0049 -0.0009
0.0167 0.0031 -0.0172
0.0320 0.0168 -0.0252
0.0364 0.0324 -0.0133
0.0053 0.0280 -0.0081
0.0130 0.0208 -0.0099
0.0341 0.0212 -0.0100
-0.0085 0.0951 0.0039
-0.0455 0.1144 0.0080
-0.0490 0.1460 0.0297

