-0.0318 0.1433 0.0069
-0.0318 0.1434 0.0070
-0.0318 0.1434 0.0067
-0.0319 0.1432 0.0064
-0.0320 0.1432 0.0059
-0.0319 0.1431 0.0060
-0.0317 0.1431 0.0074
-0.0316 0.1430 0.0075
-0.0316 0.1430 0.0072
-0.0316 0.1429 0.0067
-0.0316 0.1429 0.0062
-0.0316 0.1429 0.0056
-0.0313 0.1413 0.0092
-0.0312 0.1407 0.0101
-0.0311 0.1404 0.0100
-0.0310 0.1402 0.0097
-0.0309 0.1401 0.0092
-0.0310 0.1403 0.0082
-0.0315 0.1416 0.0058
-0.0316 0.1419 0.0047
-0.0316 0.1418 0.0041
-0.0315 0.1416 0.0037
-0.0315 0.1414 0.0033
-0.0314 0.1412 0.0029
-0.0313 0.1411 0.0038
-0.0313 0.1409 0.0038
-0.0313 0.1407 0.0036
-0.0312 0.1405 0.0033
-0.0312 0.1403 0.0030
-0.0312 0.1400 0.0029
-0.0313 0.1396 0.0034
-0.0314 0.1394 0.0033
-0.0314 0.1392 0.0030
-0.0314 0.1389 0.0026
-0.0314 0.1388 0.0023
-0.0315 0.1386 0.0025
-0.0318 0.1387 0.0040
-0.0319 0.1387 0.0043
-0.0320 0.1386 0.0042
-0.0320 0.1385 0.0039
-0.0321 0.1384 0.0035
-0.0321 0.1383 0.0031
-0.0313 0.1398 0.0040
-0.0310 0.1403 0.0041
-0.0309 0.1403 0.0040
-0.0310 0.1402 0.0038
-0.0310 0.1401 0.0036
-0.0307 0.1405 0.0039
-0.0296 0.1419 0.0054
-0.0293 0.1424 0.0057
-0.0293 0.1425 0.0057
-0.0292 0.1426 0.0055
-0.0292 0.1427 0.0052
-0.0292 0.1428 0.0048
-0.0280 0.1422 0.0059
-0.0277 0.1420 0.0060
-0.0276 0.1421 0.0058
-0.0276 0.1421 0.0055
-0.0275 0.1422 0.0051
-0.0275 0.1423 0.0048
-0.0271 0.1423 0.0050
-0.0269 0.1423 0.0048
-0.0269 0.1424 0.0046
-0.0270 0.1424 0.0043
-0.0270 0.1425 0.0040
-0.0270 0.1425 0.0037
-0.0265 0.1427 0.0044
-0.0264 0.1428 0.0044
-0.0263 0.1428 0.0042
-0.0264 0.1428 0.0040
-0.0264 0.1428 0.0037
-0.0264 0.1429 0.0032
-0.0262 0.1431 0.0022
-0.0261 0.1433 0.0016
-0.0261 0.1434 0.0012
-0.0262 0.1434 0.0008
-0.0263 0.1435 0.0005
-0.0262 0.1436 0.0003
-0.0261 0.1439 0.0003
-0.0261 0.1440 0.0000
-0.0261 0.1441 -0.0004
-0.0261 0.1442 -0.0008
-0.0261 0.1442 -0.0012
-0.0262 0.1441 -0.0015
-0.0258 0.1443 -0.0015
-0.0258 0.1444 -0.0018
-0.0258 0.1444 -0.0022
-0.0259 0.1444 -0.0026
-0.0261 0.1444 -0.0030
-0.0262 0.1442 -0.0034
-0.0264 0.1438 -0.0040
-0.0265 0.1436 -0.0043
-0.0266 0.1434 -0.0046
-0.0267 0.1432 -0.0049
-0.0267 0.1429 -0.0051
-0.0268 0.1427 -0.0055
-0.0271 0.1423 -0.0060
-0.0271 0.1420 -0.0064
-0.0271 0.1418 -0.0067
-0.0272 0.1417 -0.0070
-0.0272 0.1416 -0.0074
-0.0273 0.1414 -0.0076
-0.0276 0.1411 -0.0077
-0.0278 0.1409 -0.0079
-0.0279 0.1409 -0.0083
-0.0280 0.1408 -0.0087
-0.0281 0.1408 -0.0092
-0.0281 0.1410 -0.0085
-0.0280 0.1415 -0.0061
-0.0280 0.1416 -0.0055
-0.0280 0.1416 -0.0056
-0.0281 0.1416 -0.0058
-0.0281 0.1416 -0.0061
-0.0280 0.1418 -0.0057
-0.0278 0.1425 -0.0041
-0.0277 0.1427 -0.0038
-0.0278 0.1428 -0.0039
-0.0278 0.1429 -0.0041
-0.0279 0.1430 -0.0044
-0.0280 0.1431 -0.0043
-0.0279 0.1433 -0.0037
-0.0279 0.1434 -0.0037
-0.0279 0.1434 -0.0038
-0.0280 0.1434 -0.0039
-0.0281 0.1435 -0.0041
-0.0282 0.1435 -0.0043
-0.0280 0.1439 -0.0033
-0.0280 0.1440 -0.0031
-0.0280 0.1440 -0.0031
-0.0281 0.1440 -0.0033
-0.0282 0.1439 -0.0034
-0.0283 0.1439 -0.0035
-0.0283 0.1441 -0.0035
-0.0284 0.1441 -0.0036
-0.0286 0.1441 -0.0037
-0.0287 0.1441 -0.0039
-0.0288 0.1441 -0.0042
-0.0289 0.1441 -0.0043
-0.0289 0.1448 -0.0049
-0.0290 0.1451 -0.0052
-0.0291 0.1453 -0.0055
-0.0292 0.1454 -0.0058
-0.0293 0.1455 -0.0060
-0.0294 0.1456 -0.0063
-0.0293 0.1452 -0.0058
-0.0293 0.1450 -0.0057
-0.0294 0.1449 -0.0057
-0.0294 0.1448 -0.0057
-0.0295 0.1446 -0.0058
-0.0296 0.1445 -0.0059
-0.0288 0.1445 -0.0027
-0.0285 0.1443 -0.0016
-0.0285 0.1441 -0.0012
-0.0285 0.1438 -0.0010
-0.0284 0.1436 -0.0008
-0.0283 0.1434 -0.0007
-0.0280 0.1436 -0.0009
-0.0280 0.1436 -0.0010
-0.0280 0.1435 -0.0011
-0.0280 0.1434 -0.0012
-0.0280 0.1432 -0.0012
-0.0279 0.1433 -0.0012
-0.0277 0.1438 -0.0015
-0.0277 0.1439 -0.0016
-0.0277 0.1438 -0.0017
-0.0277 0.1437 -0.0017
-0.0278 0.1436 -0.0017
-0.0278 0.1434 -0.0017
-0.0276 0.1439 -0.0016
-0.0276 0.1439 -0.0017
-0.0276 0.1438 -0.0017
-0.0276 0.1436 -0.0016
-0.0276 0.1435 -0.0016
-0.0276 0.1434 -0.0015
-0.0274 0.1434 -0.0012
-0.0274 0.1434 -0.0012
-0.0274 0.1434 -0.0012
-0.0274 0.1435 -0.0013
-0.0274 0.1435 -0.0013
-0.0274 0.1436 -0.0014
-0.0273 0.1436 -0.0013
-0.0272 0.1438 -0.0013
-0.0272 0.1439 -0.0015
-0.0272 0.1441 -0.0017
-0.0271 0.1443 -0.0019
-0.0272 0.1443 -0.0022
-0.0274 0.1440 -0.0025
-0.0275 0.1441 -0.0028
-0.0275 0.1443 -0.0032
-0.0275 0.1446 -0.0035
-0.0276 0.1449 -0.0038
-0.0277 0.1446 -0.0037
-0.0279 0.1436 -0.0034
-0.0279 0.1434 -0.0034
-0.0279 0.1435 -0.0036
-0.0279 0.1437 -0.0039
-0.0279 0.1440 -0.0042
-0.0280 0.1442 -0.0047
-0.0280 0.1442 -0.0054
-0.0281 0.1444 -0.0058
-0.0281 0.1447 -0.0062
-0.0281 0.1449 -0.0065
-0.0282 0.1452 -0.0068
-0.0282 0.1454 -0.0070
-0.0287 0.1465 -0.0095
-0.0289 0.1470 -0.0105
-0.0290 0.1473 -0.0110
-0.0290 0.1475 -0.0114
-0.0291 0.1478 -0.0117
-0.0292 0.1480 -0.0121
-0.0290 0.1464 -0.0104
-0.0290 0.1459 -0.0100
-0.0290 0.1458 -0.0100
-0.0290 0.1459 -0.0101
-0.0291 0.1460 -0.0103
-0.0290 0.1458 -0.0101
-0.0288 0.1453 -0.0095
-0.0287 0.1452 -0.0093
-0.0287 0.1451 -0.0093
-0.0287 0.1451 -0.0093
-0.0288 0.1450 -0.0093
-0.0287 0.1448 -0.0090
-0.0287 0.1443 -0.0082
-0.0286 0.1442 -0.0080
-0.0287 0.1441 -0.0079
-0.0287 0.1440 -0.0079
-0.0287 0.1440 -0.0078
-0.0286 0.1441 -0.0078
-0.0285 0.1444 -0.0079
-0.0284 0.1445 -0.0079
-0.0284 0.1445 -0.0079
-0.0283 0.1446 -0.0079
-0.0283 0.1446 -0.0080
-0.0283 0.1448 -0.0080
-0.0282 0.1452 -0.0080
-0.0282 0.1453 -0.0080
-0.0282 0.1453 -0.0080
-0.0282 0.1453 -0.0080
-0.0282 0.1453 -0.0080
-0.0281 0.1452 -0.0079
-0.0280 0.1452 -0.0077
-0.0279 0.1452 -0.0076
-0.0280 0.1452 -0.0075
-0.0280 0.1452 -0.0075
-0.0281 0.1452 -0.0075
-0.0281 0.1453 -0.0075
-0.0281 0.1454 -0.0075
-0.0282 0.1454 -0.0076
-0.0283 0.1455 -0.0076
-0.0284 0.1455 -0.0076
-0.0285 0.1455 -0.0076
-0.0287 0.1455 -0.0075
-0.0287 0.1456 -0.0075
-0.0287 0.1457 -0.0075
-0.0288 0.1457 -0.0074
-0.0288 0.1457 -0.0074
-0.0289 0.1457 -0.0073
-0.0289 0.1458 -0.0073
-0.0289 0.1459 -0.0073
-0.0289 0.1459 -0.0072
-0.0290 0.1459 -0.0071
-0.0291 0.1459 -0.0070
-0.0291 0.1460 -0.0070
-0.0290 0.1461 -0.0072
-0.0288 0.1462 -0.0075
-0.0286 0.1463 -0.0076
-0.0285 0.1464 -0.0077
-0.0284 0.1466 -0.0079
-0.0283 0.1467 -0.0082
-0.0282 0.1468 -0.0085
-0.0282 0.1469 -0.0086
-0.0281 0.1469 -0.0088
-0.0279 0.1468 -0.0089
-0.0278 0.1468 -0.0090
-0.0277 0.1468 -0.0092
-0.0276 0.1467 -0.0093
-0.0277 0.1465 -0.0094
-0.0276 0.1463 -0.0094
-0.0275 0.1462 -0.0095
-0.0273 0.1460 -0.0095
-0.0272 0.1458 -0.0096
-0.0271 0.1457 -0.0097
-0.0272 0.1457 -0.0097
-0.0272 0.1457 -0.0097
-0.0271 0.1456 -0.0098
-0.0270 0.1455 -0.0099
-0.0269 0.1455 -0.0099
-0.0268 0.1455 -0.0100
-0.0271 0.1460 -0.0095
-0.0272 0.1462 -0.0094
-0.0272 0.1464 -0.0094
-0.0272 0.1464 -0.0095
-0.0273 0.1465 -0.0095
-0.0273 0.1465 -0.0095
-0.0274 0.1465 -0.0089
-0.0275 0.1465 -0.0087
-0.0276 0.1465 -0.0087
-0.0276 0.1465 -0.0088
-0.0277 0.1465 -0.0089
-0.0277 0.1465 -0.0091
-0.0277 0.1466 -0.0092
-0.0277 0.1466 -0.0093
-0.0277 0.1466 -0.0094
-0.0278 0.1466 -0.0094
-0.0278 0.1466 -0.0095
-0.0278 0.1468 -0.0096
-0.0279 0.1470 -0.0096
-0.0279 0.1471 -0.0097
-0.0279 0.1472 -0.0097
-0.0280 0.1472 -0.0098
-0.0280 0.1473 -0.0098
-0.0280 0.1473 -0.0098
-0.0280 0.1472 -0.0098
-0.0280 0.1472 -0.0099
-0.0280 0.1472 -0.0099
-0.0280 0.1472 -0.0101
-0.0281 0.1472 -0.0102
-0.0280 0.1471 -0.0103
-0.0279 0.1472 -0.0102
-0.0279 0.1472 -0.0102
-0.0280 0.1472 -0.0102
-0.0281 0.1472 -0.0103
-0.0282 0.1473 -0.0104
-0.0283 0.1472 -0.0102
-0.0284 0.1469 -0.0097
-0.0285 0.1469 -0.0097
-0.0286 0.1470 -0.0098
-0.0288 0.1470 -0.0099
-0.0289 0.1471 -0.0100
-0.0289 0.1471 -0.0101
-0.0288 0.1471 -0.0100
-0.0289 0.1470 -0.0101
-0.0289 0.1470 -0.0101
-0.0290 0.1469 -0.0101
-0.0290 0.1468 -0.0101
-0.0290 0.1466 -0.0101
-0.0289 0.1467 -0.0104
-0.0289 0.1466 -0.0105
-0.0288 0.1466 -0.0106
-0.0288 0.1465 -0.0106
-0.0287 0.1463 -0.0107
-0.0286 0.1463 -0.0109
-0.0286 0.1465 -0.0115
-0.0285 0.1465 -0.0118
-0.0283 0.1464 -0.0119
-0.0282 0.1462 -0.0120
-0.0280 0.1461 -0.0121
-0.0279 0.1460 -0.0125
-0.0280 0.1461 -0.0134
-0.0279 0.1460 -0.0137
-0.0276 0.1458 -0.0137
-0.0274 0.1456 -0.0137
-0.0271 0.1453 -0.0137
-0.0266 0.1449 -0.0135
-0.0257 0.1443 -0.0129
-0.0251 0.1439 -0.0126
-0.0246 0.1435 -0.0123
-0.0242 0.1430 -0.0121
-0.0237 0.1425 -0.0118
-0.0228 0.1416 -0.0114
-0.0213 0.1402 -0.0106
-0.0203 0.1391 -0.0099
-0.0193 0.1379 -0.0093
-0.0182 0.1365 -0.0086
-0.0169 0.1348 -0.0078
-0.0151 0.1327 -0.0070
-0.0126 0.1301 -0.0063
-0.0103 0.1274 -0.0052
-0.0079 0.1244 -0.0037
-0.0052 0.1209 -0.0020
-0.0022 0.1169 -0.0001
0.0008 0.1129 0.0014
0.0038 0.1093 0.0022
0.0076 0.1044 0.0034
0.0123 0.0985 0.0047
0.0174 0.0919 0.0060
0.0230 0.0844 0.0075
0.0290 0.0760 0.0089
0.0356 0.0667 0.0104
0.0427 0.0565 0.0122
0.0506 0.0454 0.0141
0.0594 0.0339 0.0158
0.0690 0.0222 0.0170
0.0798 0.0107 0.0177
0.0918 -0.0007 0.0176
0.1042 -0.0124 0.0172
0.1170 -0.0245 0.0166
0.1303 -0.0370 0.0158
0.1438 -0.0499 0.0148
0.1574 -0.0629 0.0136
0.1712 -0.0764 0.0121
0.1852 -0.0907 0.0100
0.1995 -0.1056 0.0076
0.2138 -0.1207 0.0047
0.2277 -0.1354 0.0013
0.2407 -0.1491 -0.0029
0.2528 -0.1618 -0.0078
0.2639 -0.1735 -0.0135
0.2742 -0.1842 -0.0195
0.2836 -0.1937 -0.0256
0.2920 -0.2021 -0.0318
0.2995 -0.2096 -0.0381
0.3064 -0.2162 -0.0445
0.3126 -0.2224 -0.0505
0.3180 -0.2279 -0.0561
0.3225 -0.2324 -0.0613
0.3262 -0.2360 -0.0661
0.3288 -0.2386 -0.0704
0.3305 -0.2403 -0.0741
0.3317 -0.2413 -0.0769
0.3325 -0.2414 -0.0790
0.3328 -0.2408 -0.0806
0.3328 -0.2394 -0.0816
0.3319 -0.2348 -0.0823
0.3311 -0.2316 -0.0821
0.3302 -0.2284 -0.0819
0.3293 -0.2252 -0.0815
0.3283 -0.2221 -0.0812
0.3274 -0.2191 -0.0808
0.3265 -0.2164 -0.0804
0.3257 -0.2139 -0.0800
0.3251 -0.2118 -0.0797
0.3248 -0.2101 -0.0796
0.3248 -0.2088 -0.0796
0.3251 -0.2082 -0.0797
0.3257 -0.2082 -0.0797
0.3280 -0.2086 -0.0791
0.3296 -0.2099 -0.0788
0.3314 -0.2117 -0.0786
0.3334 -0.2138 -0.0787
0.3359 -0.2161 -0.0793
0.3395 -0.2188 -0.0803
0.3429 -0.2213 -0.0820
0.3461 -0.2234 -0.0842
0.3493 -0.2249 -0.0868
0.3522 -0.2256 -0.0901
0.3550 -0.2255 -0.0940
0.3599 -0.2242 -0.0969
0.3631 -0.2227 -0.1011
0.3656 -0.2208 -0.1060
0.3678 -0.2189 -0.1113
0.3700 -0.2170 -0.1167
0.3728 -0.2151 -0.1215
0.3767 -0.2131 -0.1254
0.3797 -0.2112 -0.1305
0.3823 -0.2093 -0.1362
0.3847 -0.2073 -0.1419
0.3870 -0.2054 -0.1476
0.3888 -0.2030 -0.1523
0.3904 -0.2001 -0.1553
0.3921 -0.1983 -0.1596
0.3941 -0.1972 -0.1641
0.3960 -0.1967 -0.1684
0.3981 -0.1965 -0.1726
0.4019 -0.1975 -0.1804
0.4038 -0.1985 -0.1840
0.4057 -0.2001 -0.1873
0.4075 -0.2021 -0.1904
0.4092 -0.2045 -0.1933
0.4092 -0.2045 -0.1933
0.4108 -0.2074 -0.1962
0.4108 -0.2086 -0.1983
0.4115 -0.2120 -0.2005
0.4122 -0.2163 -0.2025
0.4126 -0.2208 -0.2043
0.4126 -0.2254 -0.2059
0.4124 -0.2299 -0.2075
0.4096 -0.2326 -0.2082
0.4081 -0.2361 -0.2092
0.4068 -0.2392 -0.2100
0.4055 -0.2417 -0.2107
0.4041 -0.2435 -0.2114
0.4022 -0.2445 -0.2117
0.3995 -0.2445 -0.2111
0.3981 -0.2449 -0.2113
0.3974 -0.2452 -0.2117
0.3971 -0.2454 -0.2122
0.3970 -0.2458 -0.2130
0.3964 -0.2455 -0.2136
0.3946 -0.2440 -0.2140
0.3942 -0.2439 -0.2145
0.3942 -0.2443 -0.2150
0.3942 -0.2449 -0.2154
0.3943 -0.2458 -0.2158
0.3941 -0.2469 -0.2152
0.3934 -0.2484 -0.2132
0.3935 -0.2501 -0.2130
0.3938 -0.2517 -0.2133
0.3941 -0.2534 -0.2136
0.3944 -0.2549 -0.2139
0.3923 -0.2539 -0.2134
0.3868 -0.2490 -0.2120
0.3852 -0.2480 -0.2119
0.3847 -0.2482 -0.2121
0.3846 -0.2487 -0.2122
0.3846 -0.2494 -0.2122
0.3846 -0.2505 -0.2118
0.3846 -0.2513 -0.2115
0.3846 -0.2524 -0.2112
0.3848 -0.2539 -0.2108
0.3851 -0.2557 -0.2103
0.3858 -0.2587 -0.2088
0.3861 -0.2597 -0.2081
0.3865 -0.2604 -0.2075
0.3870 -0.2610 -0.2071
0.3876 -0.2616 -0.2067
0.3876 -0.2616 -0.2067
0.3883 -0.2624 -0.2063
0.3810 -0.2536 -0.2042
0.3791 -0.2512 -0.2032
0.3790 -0.2508 -0.2026
0.3794 -0.2511 -0.2024
0.3801 -0.2517 -0.2023
0.3808 -0.2526 -0.2020
0.3741 -0.2464 -0.2006
0.3724 -0.2450 -0.1999
0.3722 -0.2449 -0.1995
0.3725 -0.2450 -0.1992
0.3729 -0.2452 -0.1990
0.3733 -0.2454 -0.1989
0.3657 -0.2392 -0.1988
0.3635 -0.2374 -0.1987
0.3630 -0.2371 -0.1986
0.3631 -0.2372 -0.1986
0.3634 -0.2375 -0.1986
0.3636 -0.2376 -0.1987
0.3590 -0.2306 -0.1991
0.3576 -0.2282 -0.1994
0.3571 -0.2274 -0.1996
0.3570 -0.2270 -0.1998
0.3569 -0.2269 -0.2000
0.3567 -0.2265 -0.1998
0.3564 -0.2254 -0.1991
0.3562 -0.2249 -0.1989
0.3562 -0.2248 -0.1989
0.3562 -0.2248 -0.1989
0.3561 -0.2250 -0.1989
0.3558 -0.2253 -0.1986
0.3549 -0.2256 -0.1981
0.3546 -0.2261 -0.1979
0.3544 -0.2266 -0.1978
0.3542 -0.2270 -0.1977
0.3540 -0.2273 -0.1977
0.3538 -0.2276 -0.1976
0.3538 -0.2273 -0.1973
0.3536 -0.2275 -0.1971
0.3534 -0.2277 -0.1970
0.3532 -0.2278 -0.1969
0.3529 -0.2277 -0.1968
0.3526 -0.2273 -0.1966
0.3522 -0.2262 -0.1958
0.3516 -0.2251 -0.1948
0.3508 -0.2238 -0.1932
0.3496 -0.2220 -0.1910
0.3481 -0.2198 -0.1884
0.3462 -0.2170 -0.1852
0.3440 -0.2134 -0.1814
0.3412 -0.2101 -0.1776
0.3378 -0.2067 -0.1736
0.3339 -0.2034 -0.1694
0.3296 -0.2003 -0.1649
0.3250 -0.1975 -0.1599
0.3202 -0.1951 -0.1544
0.3157 -0.1936 -0.1490
0.3116 -0.1930 -0.1436
0.3077 -0.1929 -0.1381
0.3040 -0.1936 -0.1324
0.3004 -0.1952 -0.1262
0.2967 -0.1975 -0.1196
0.2927 -0.1993 -0.1129
0.2883 -0.2010 -0.1063
0.2834 -0.2026 -0.0996
0.2784 -0.2045 -0.0929
0.2736 -0.2062 -0.0859
0.2693 -0.2075 -0.0792
0.2644 -0.2090 -0.0733
0.2592 -0.2107 -0.0677
0.2539 -0.2124 -0.0620
0.2483 -0.2139 -0.0563
0.2426 -0.2149 -0.0510
0.2366 -0.2152 -0.0462
0.2306 -0.2154 -0.0415
0.2245 -0.2154 -0.0370
0.2185 -0.2152 -0.0327
0.2130 -0.2151 -0.0286
0.2075 -0.2149 -0.0248
0.2020 -0.2145 -0.0215
0.1973 -0.2142 -0.0181
0.1932 -0.2142 -0.0148
0.1896 -0.2148 -0.0113
0.1864 -0.2161 -0.0078
0.1832 -0.2181 -0.0045
0.1796 -0.2207 -0.0013
0.1761 -0.2235 0.0020
0.1725 -0.2265 0.0054
0.1687 -0.2293 0.0088
0.1651 -0.2316 0.0120
0.1617 -0.2332 0.0148
0.1585 -0.2340 0.0168
0.1558 -0.2346 0.0184
0.1534 -0.2350 0.0197
0.1513 -0.2353 0.0209
0.1497 -0.2355 0.0219
0.1485 -0.2354 0.0227
0.1474 -0.2347 0.0225
0.1466 -0.2332 0.0226
0.1460 -0.2309 0.0226
0.1457 -0.2278 0.0225
0.1457 -0.2242 0.0222
0.1459 -0.2200 0.0216
0.1463 -0.2152 0.0207
0.1468 -0.2099 0.0199
0.1474 -0.2043 0.0192
0.1481 -0.1985 0.0185
0.1493 -0.1929 0.0180
0.1510 -0.1875 0.0174
0.1532 -0.1823 0.0167
0.1554 -0.1775 0.0168
0.1576 -0.1728 0.0174
0.1595 -0.1682 0.0182
0.1612 -0.1639 0.0191
0.1627 -0.1597 0.0200
0.1647 -0.1557 0.0180
0.1662 -0.1520 0.0176
0.1671 -0.1486 0.0178
0.1675 -0.1453 0.0182
0.1675 -0.1420 0.0185
0.1686 -0.1390 0.0179
0.1716 -0.1366 0.0160
0.1721 -0.1337 0.0151
0.1718 -0.1308 0.0144
0.1712 -0.1281 0.0139
0.1707 -0.1258 0.0134
0.1721 -0.1243 0.0131
0.1763 -0.1241 0.0131
0.1773 -0.1232 0.0129
0.1773 -0.1224 0.0127
0.1769 -0.1217 0.0125
0.1763 -0.1211 0.0123
0.1767 -0.1205 0.0121
0.1786 -0.1200 0.0118
0.1787 -0.1195 0.0114
0.1782 -0.1191 0.0111
0.1774 -0.1188 0.0108
0.1767 -0.1184 0.0106
0.1767 -0.1174 0.0102
0.1776 -0.1154 0.0098
0.1776 -0.1148 0.0097
0.1771 -0.1147 0.0099
0.1765 -0.1146 0.0105
0.1758 -0.1145 0.0113
0.1749 -0.1141 0.0123
0.1749 -0.1118 0.0136
0.1736 -0.1101 0.0150
0.1714 -0.1082 0.0168
0.1684 -0.1058 0.0188
0.1649 -0.1026 0.0210
0.1613 -0.0981 0.0231
0.1578 -0.0922 0.0249
0.1534 -0.0862 0.0265
0.1483 -0.0799 0.0279
0.1426 -0.0734 0.0294
0.1367 -0.0664 0.0308
0.1309 -0.0589 0.0320
0.1256 -0.0510 0.0327
0.1198 -0.0433 0.0329
0.1135 -0.0357 0.0330
0.1071 -0.0286 0.0329
0.1005 -0.0220 0.0328
0.0944 -0.0158 0.0326
0.0893 -0.0093 0.0315
0.0845 -0.0038 0.0305
0.0798 0.0012 0.0292
0.0752 0.0059 0.0275
0.0705 0.0104 0.0256
0.0660 0.0147 0.0233
0.0618 0.0196 0.0202
0.0587 0.0236 0.0170
0.0561 0.0271 0.0139
0.0537 0.0304 0.0111
0.0514 0.0331 0.0085
0.0490 0.0362 0.0061
0.0463 0.0398 0.0036
0.0443 0.0424 0.0011
0.0428 0.0444 -0.0014
0.0415 0.0461 -0.0036
0.0402 0.0475 -0.0057
0.0387 0.0491 -0.0072
0.0371 0.0511 -0.0084
0.0363 0.0525 -0.0099
0.0360 0.0536 -0.0113
0.0359 0.0545 -0.0125
0.0359 0.0553 -0.0135
0.0353 0.0565 -0.0139
0.0339 0.0582 -0.0137
0.0338 0.0595 -0.0143
0.0341 0.0605 -0.0151
0.0347 0.0615 -0.0159
0.0353 0.0623 -0.0166
0.0353 0.0636 -0.0171
0.0344 0.0658 -0.0174
0.0345 0.0670 -0.0178
0.0349 0.0679 -0.0181
0.0353 0.0686 -0.0185
0.0357 0.0694 -0.0189
0.0360 0.0704 -0.0192
0.0361 0.0719 -0.0195
0.0362 0.0729 -0.0198
0.0364 0.0740 -0.0201
0.0365 0.0750 -0.0204
0.0367 0.0762 -0.0210
0.0370 0.0775 -0.0213
0.0374 0.0787 -0.0211
0.0376 0.0799 -0.0213
0.0378 0.0810 -0.0216
0.0379 0.0821 -0.0218
0.0380 0.0833 -0.0221
0.0384 0.0845 -0.0222
0.0391 0.0856 -0.0218
0.0394 0.0868 -0.0219
0.0395 0.0881 -0.0222
0.0396 0.0894 -0.0225
0.0395 0.0906 -0.0229
0.0397 0.0920 -0.0234
0.0401 0.0935 -0.0241
0.0402 0.0948 -0.0246
0.0401 0.0960 -0.0252
0.0399 0.0972 -0.0256
0.0397 0.0983 -0.0260
0.0394 0.0996 -0.0266
0.0390 0.1010 -0.0274
0.0386 0.1023 -0.0279
0.0382 0.1034 -0.0284
0.0379 0.1045 -0.0289
0.0375 0.1054 -0.0293
0.0371 0.1059 -0.0298
0.0366 0.1058 -0.0305
0.0361 0.1063 -0.0310
0.0357 0.1069 -0.0315
0.0353 0.1076 -0.0319
0.0349 0.1082 -0.0323
0.0345 0.1085 -0.0325
0.0338 0.1085 -0.0324
0.0334 0.1087 -0.0325
0.0331 0.1089 -0.0325
0.0328 0.1090 -0.0325
0.0325 0.1091 -0.0325
0.0323 0.1089 -0.0326
0.0322 0.1083 -0.0329
0.0320 0.1081 -0.0330
0.0317 0.1080 -0.0330
0.0315 0.1080 -0.0330
0.0312 0.1080 -0.0330
0.0313 0.1084 -0.0329
0.0320 0.1092 -0.0328
0.0321 0.1095 -0.0327
0.0321 0.1096 -0.0327
0.0321 0.1096 -0.0327
0.0320 0.1095 -0.0327
0.0322 0.1094 -0.0325
0.0327 0.1092 -0.0321
0.0329 0.1091 -0.0319
0.0329 0.1090 -0.0319
0.0329 0.1090 -0.0319
0.0329 0.1090 -0.0320
0.0329 0.1090 -0.0321
0.0328 0.1089 -0.0321
0.0327 0.1088 -0.0322
0.0326 0.1089 -0.0322
0.0324 0.1090 -0.0324
0.0323 0.1092 -0.0326
0.0320 0.1092 -0.0329
0.0315 0.1090 -0.0331
0.0312 0.1089 -0.0332
0.0310 0.1090 -0.0333
0.0308 0.1091 -0.0334
0.0307 0.1093 -0.0335
0.0306 0.1094 -0.0337
0.0299 0.1098 -0.0340
0.0296 0.1099 -0.0342
0.0295 0.1101 -0.0344
0.0295 0.1102 -0.0345
0.0294 0.1104 -0.0347
0.0295 0.1106 -0.0348
0.0297 0.1108 -0.0348
0.0297 0.1109 -0.0349
0.0297 0.1110 -0.0349
0.0297 0.1111 -0.0350
0.0297 0.1112 -0.0351
0.0297 0.1114 -0.0353
0.0296 0.1115 -0.0349
0.0296 0.1116 -0.0349
0.0296 0.1117 -0.0349
0.0296 0.1119 -0.0350
0.0296 0.1121 -0.0350
0.0296 0.1123 -0.0351
0.0292 0.1122 -0.0351
0.0290 0.1123 -0.0351
0.0290 0.1123 -0.0351
0.0290 0.1123 -0.0351
0.0290 0.1123 -0.0351
0.0288 0.1125 -0.0352
0.0284 0.1128 -0.0356
0.0283 0.1129 -0.0357
0.0284 0.1129 -0.0359
0.0284 0.1129 -0.0360
0.0285 0.1128 -0.0360
0.0284 0.1131 -0.0364
0.0278 0.1138 -0.0371
0.0276 0.1140 -0.0374
0.0276 0.1141 -0.0375
0.0277 0.1142 -0.0377
0.0278 0.1143 -0.0379
0.0276 0.1149 -0.0380
0.0272 0.1160 -0.0379
0.0273 0.1163 -0.0379
0.0274 0.1165 -0.0380
0.0277 0.1165 -0.0381
0.0279 0.1165 -0.0381
0.0280 0.1166 -0.0381
0.0280 0.1170 -0.0381
0.0282 0.1170 -0.0381
0.0285 0.1169 -0.0381
0.0288 0.1168 -0.0382
0.0291 0.1167 -0.0382
0.0293 0.1165 -0.0381
0.0290 0.1161 -0.0378
0.0293 0.1158 -0.0376
0.0295 0.1157 -0.0376
0.0297 0.1156 -0.0376
0.0299 0.1154 -0.0377
0.0298 0.1152 -0.0380
0.0299 0.1150 -0.0381
0.0300 0.1150 -0.0381
0.0302 0.1150 -0.0382
0.0303 0.1150 -0.0382
0.0305 0.1149 -0.0382
0.0296 0.1149 -0.0382
0.0294 0.1148 -0.0382
0.0293 0.1148 -0.0382
0.0293 0.1148 -0.0383
0.0292 0.1148 -0.0384
0.0291 0.1149 -0.0384
0.0288 0.1151 -0.0390
0.0286 0.1152 -0.0392
0.0285 0.1153 -0.0393
0.0284 0.1153 -0.0393
0.0283 0.1153 -0.0393
0.0281 0.1153 -0.0392
0.0287 0.1149 -0.0397
0.0287 0.1147 -0.0398
0.0287 0.1147 -0.0399
0.0286 0.1147 -0.0399
0.0284 0.1147 -0.0400
0.0282 0.1147 -0.0400
0.0286 0.1145 -0.0404
0.0286 0.1144 -0.0405
0.0285 0.1145 -0.0406
0.0283 0.1145 -0.0407
0.0282 0.1146 -0.0407
0.0280 0.1146 -0.0407
0.0282 0.1141 -0.0408
0.0282 0.1140 -0.0409
0.0281 0.1140 -0.0410
0.0281 0.1141 -0.0411
0.0280 0.1142 -0.0411
0.0279 0.1143 -0.0412
0.0282 0.1142 -0.0411
0.0283 0.1142 -0.0411
0.0283 0.1143 -0.0412
0.0283 0.1145 -0.0412
0.0283 0.1146 -0.0413
0.0283 0.1147 -0.0414
0.0286 0.1151 -0.0421
0.0287 0.1153 -0.0424
0.0288 0.1154 -0.0426
0.0288 0.1156 -0.0427
0.0289 0.1157 -0.0428
0.0289 0.1157 -0.0428
0.0292 0.1164 -0.0434
0.0293 0.1167 -0.0437
0.0294 0.1169 -0.0439
0.0294 0.1170 -0.0440
0.0295 0.1171 -0.0440
0.0295 0.1172 -0.0441
0.0298 0.1172 -0.0443
0.0299 0.1173 -0.0444
0.0299 0.1174 -0.0445
0.0300 0.1175 -0.0446
0.0300 0.1175 -0.0446
0.0300 0.1176 -0.0445
0.0304 0.1175 -0.0446
0.0305 0.1175 -0.0446
0.0305 0.1175 -0.0446
0.0306 0.1175 -0.0447
0.0306 0.1175 -0.0447
0.0306 0.1175 -0.0448
0.0307 0.1178 -0.0452
0.0308 0.1179 -0.0454
0.0308 0.1180 -0.0455
0.0309 0.1179 -0.0455
0.0309 0.1179 -0.0455
0.0310 0.1178 -0.0455
0.0312 0.1179 -0.0458
0.0313 0.1178 -0.0459
0.0314 0.1177 -0.0458
0.0314 0.1175 -0.0458
0.0315 0.1174 -0.0457
0.0315 0.1173 -0.0457
0.0315 0.1171 -0.0456
0.0316 0.1169 -0.0455
0.0317 0.1168 -0.0454
0.0318 0.1167 -0.0453
0.0319 0.1166 -0.0453
0.0320 0.1166 -0.0453
0.0320 0.1167 -0.0453
0.0321 0.1166 -0.0453
0.0321 0.1166 -0.0453
0.0323 0.1165 -0.0452
0.0324 0.1165 -0.0451
0.0325 0.1164 -0.0450
0.0321 0.1167 -0.0450
0.0320 0.1168 -0.0449
0.0320 0.1168 -0.0449
0.0320 0.1168 -0.0449
0.0321 0.1169 -0.0449
0.0321 0.1169 -0.0449
0.0327 0.1170 -0.0449
0.0328 0.1171 -0.0449
0.0329 0.1171 -0.0448
0.0329 0.1173 -0.0448
0.0329 0.1174 -0.0449
0.0328 0.1176 -0.0450
0.0334 0.1178 -0.0455
0.0335 0.1181 -0.0457
0.0334 0.1183 -0.0459
0.0334 0.1185 -0.0461
0.0333 0.1188 -0.0462
0.0332 0.1190 -0.0463
0.0333 0.1190 -0.0466
0.0333 0.1191 -0.0468
0.0332 0.1192 -0.0469
0.0332 0.1194 -0.0470
0.0331 0.1196 -0.0471
0.0330 0.1197 -0.0472
0.0333 0.1198 -0.0473
0.0333 0.1199 -0.0474
0.0333 0.1200 -0.0475
0.0332 0.1201 -0.0475
0.0330 0.1202 -0.0476
0.0329 0.1203 -0.0476
0.0331 0.1202 -0.0476
0.0331 0.1202 -0.0477
0.0331 0.1202 -0.0478
0.0330 0.1202 -0.0479
0.0330 0.1202 -0.0479
0.0329 0.1203 -0.0479
0.0332 0.1194 -0.0475
0.0332 0.1191 -0.0475
0.0333 0.1190 -0.0475
0.0333 0.1189 -0.0475
0.0334 0.1189 -0.0476
0.0334 0.1189 -0.0476
0.0337 0.1188 -0.0478
0.0338 0.1188 -0.0478
0.0339 0.1187 -0.0479
0.0339 0.1187 -0.0479
0.0340 0.1187 -0.0480
0.0340 0.1186 -0.0481
0.0340 0.1186 -0.0482
0.0340 0.1182 -0.0482
0.0341 0.1181 -0.0483
0.0342 0.1180 -0.0483
0.0343 0.1178 -0.0485
0.0344 0.1177 -0.0486
0.0343 0.1177 -0.0491
0.0343 0.1177 -0.0492
0.0343 0.1178 -0.0492
0.0342 0.1180 -0.0494
0.0341 0.1184 -0.0502
0.0341 0.1186 -0.0510
0.0340 0.1188 -0.0513
0.0339 0.1189 -0.0515
0.0338 0.1191 -0.0518
0.0338 0.1191 -0.0520
0.0337 0.1192 -0.0523
0.0337 0.1190 -0.0527
0.0336 0.1189 -0.0528
0.0336 0.1188 -0.0529
0.0335 0.1187 -0.0530
0.0334 0.1186 -0.0531
0.0334 0.1185 -0.0531
0.0334 0.1181 -0.0531
0.0333 0.1179 -0.0531
0.0333 0.1177 -0.0530
0.0332 0.1175 -0.0529
0.0332 0.1172 -0.0527
0.0332 0.1170 -0.0523
0.0333 0.1167 -0.0516
0.0332 0.1165 -0.0513
0.0332 0.1162 -0.0510
0.0331 0.1159 -0.0507
0.0330 0.1154 -0.0503
0.0329 0.1150 -0.0499
0.0331 0.1146 -0.0498
0.0330 0.1141 -0.0495
0.0329 0.1136 -0.0491
0.0328 0.1130 -0.0487
0.0326 0.1124 -0.0482
0.0324 0.1117 -0.0476
0.0322 0.1108 -0.0473
0.0319 0.1100 -0.0468
0.0315 0.1092 -0.0463
0.0311 0.1084 -0.0458
0.0306 0.1075 -0.0453
0.0299 0.1064 -0.0446
0.0288 0.1045 -0.0441
0.0277 0.1027 -0.0433
0.0266 0.1006 -0.0423
0.0253 0.0982 -0.0410
0.0239 0.0953 -0.0394
0.0222 0.0920 -0.0374
0.0207 0.0882 -0.0360
0.0187 0.0841 -0.0339
0.0162 0.0795 -0.0315
0.0132 0.0743 -0.0290
0.0097 0.0687 -0.0264
0.0057 0.0625 -0.0236
0.0007 0.0542 -0.0197
-0.0044 0.0459 -0.0161
-0.0099 0.0370 -0.0122
-0.0157 0.0271 -0.0081
-0.0220 0.0164 -0.0039
-0.0288 0.0049 0.0005
-0.0366 -0.0063 0.0028
-0.0445 -0.0191 0.0065
-0.0524 -0.0328 0.0101
-0.0607 -0.0470 0.0133
-0.0695 -0.0613 0.0160
-0.0788 -0.0759 0.0183
-0.0885 -0.0908 0.0206
-0.0982 -0.1045 0.0216
-0.1079 -0.1175 0.0219
-0.1174 -0.1301 0.0216
-0.1269 -0.1421 0.0210
-0.1363 -0.1539 0.0202
-0.1465 -0.1655 0.0188
-0.1572 -0.1772 0.0176
-0.1686 -0.1885 0.0158
-0.1806 -0.1992 0.0131
-0.1935 -0.2087 0.0098
-0.2074 -0.2170 0.0059
-0.2219 -0.2243 0.0007
-0.2369 -0.2314 -0.0039
-0.2525 -0.2384 -0.0084
-0.2684 -0.2452 -0.0126
-0.2848 -0.2515 -0.0165
-0.3014 -0.2570 -0.0199
-0.3189 -0.2613 -0.0234
-0.3362 -0.2647 -0.0258
-0.3536 -0.2670 -0.0276
-0.3713 -0.2686 -0.0291
-0.3891 -0.2693 -0.0302
-0.4069 -0.2694 -0.0310
-0.4250 -0.2683 -0.0331
-0.4427 -0.2670 -0.0338
-0.4602 -0.2656 -0.0339
-0.4776 -0.2642 -0.0339
-0.4948 -0.2631 -0.0337
-0.5119 -0.2624 -0.0335
-0.5284 -0.2609 -0.0328
-0.5452 -0.2607 -0.0324
-0.5620 -0.2609 -0.0321
-0.5787 -0.2611 -0.0318
-0.5955 -0.2609 -0.0317
-0.6120 -0.2601 -0.0314
-0.6281 -0.2584 -0.0306
-0.6446 -0.2572 -0.0309
-0.6611 -0.2560 -0.0316
-0.6773 -0.2550 -0.0326
-0.6931 -0.2538 -0.0337
-0.7086 -0.2523 -0.0348
-0.7226 -0.2507 -0.0337
-0.7369 -0.2486 -0.0342
-0.7512 -0.2463 -0.0353
-0.7654 -0.2442 -0.0367
-0.7793 -0.2427 -0.0381
-0.7930 -0.2420 -0.0393
-0.8053 -0.2412 -0.0381
-0.8182 -0.2414 -0.0375
-0.8311 -0.2421 -0.0364
-0.8439 -0.2429 -0.0346
-0.8566 -0.2439 -0.0319
-0.8693 -0.2447 -0.0282
-0.8819 -0.2457 -0.0234
-0.8930 -0.2467 -0.0149
-0.9051 -0.2478 -0.0068
-0.9175 -0.2489 0.0020
-0.9302 -0.2495 0.0121
-0.9429 -0.2499 0.0234
-0.9537 -0.2514 0.0379
-0.9659 -0.2522 0.0522
-0.9786 -0.2530 0.0669
-0.9915 -0.2537 0.0823
-1.0045 -0.2541 0.0984
-1.0174 -0.2540 0.1152
-1.0288 -0.2539 0.1341
-1.0409 -0.2532 0.1525
-1.0531 -0.2522 0.1710
-1.0652 -0.2510 0.1895
-1.0772 -0.2492 0.2080
-1.0890 -0.2467 0.2264
-1.1007 -0.2440 0.2462
-1.1129 -0.2405 0.2642
-1.1256 -0.2370 0.2812
-1.1391 -0.2336 0.2973
-1.1533 -0.2303 0.3126
-1.1678 -0.2266 0.3274
-1.1824 -0.2222 0.3417
-1.1979 -0.2172 0.3538
-1.2144 -0.2119 0.3640
-1.2319 -0.2066 0.3723
-1.2505 -0.2019 0.3787
-1.2699 -0.1979 0.3838
-1.2897 -0.1944 0.3878
-1.3104 -0.1911 0.3892
-1.3313 -0.1878 0.3886
-1.3520 -0.1842 0.3862
-1.3725 -0.1805 0.3821
-1.3926 -0.1771 0.3765
-1.4125 -0.1735 0.3722
-1.4317 -0.1717 0.3650
-1.4500 -0.1715 0.3560
-1.4676 -0.1724 0.3458
-1.4843 -0.1744 0.3349
-1.5001 -0.1774 0.3239
-1.5169 -0.1791 0.3167
-1.5317 -0.1832 0.3086
-1.5457 -0.1880 0.3014
-1.5596 -0.1930 0.2960
-1.5737 -0.1975 0.2924
-1.5883 -0.2017 0.2907
-1.6043 -0.2038 0.2926
-1.6202 -0.2070 0.2951
-1.6365 -0.2107 0.2989
-1.6532 -0.2143 0.3045
-1.6701 -0.2177 0.3120
-1.6869 -0.2207 0.3215
-1.7047 -0.2213 0.3355
-1.7209 -0.2231 0.3498
-1.7357 -0.2254 0.3657
-1.7495 -0.2280 0.3834
-1.7622 -0.2310 0.4031
-1.7740 -0.2336 0.4255
-1.7846 -0.2348 0.4506
-1.7937 -0.2352 0.4763
-1.8014 -0.2343 0.5026
-1.8077 -0.2326 0.5295
-1.8128 -0.2310 0.5574
-1.8167 -0.2300 0.5864
-1.8195 -0.2282 0.6181
-1.8209 -0.2268 0.6493
-1.8209 -0.2242 0.6796
-1.8198 -0.2203 0.7086
-1.8180 -0.2155 0.7358
-1.8160 -0.2108 0.7612
-1.8139 -0.2057 0.7863
-1.8124 -0.2025 0.8091
-1.8117 -0.2003 0.8303
-1.8118 -0.1989 0.8502
-1.8129 -0.1981 0.8691
-1.8149 -0.1977 0.8875
-1.8178 -0.1975 0.9057
-1.8220 -0.1993 0.9226
-1.8274 -0.2025 0.9387
-1.8342 -0.2068 0.9539
-1.8426 -0.2118 0.9683
-1.8525 -0.2174 0.9820
-1.8687 -0.2254 0.9954
-1.8828 -0.2325 1.0082
-1.8967 -0.2394 1.0205
-1.9107 -0.2459 1.0328
-1.9250 -0.2514 1.0450
-1.9392 -0.2572 1.0579
-1.9532 -0.2635 1.0714
-1.9670 -0.2655 1.0838
-1.9810 -0.2651 1.0955
-1.9955 -0.2637 1.1068
-2.0105 -0.2621 1.1180
-2.0257 -0.2621 1.1299
-2.0410 -0.2640 1.1426
-2.0566 -0.2648 1.1544
-2.0720 -0.2647 1.1655
-2.0873 -0.2632 1.1760
-2.1027 -0.2600 1.1859
-2.1184 -0.2553 1.1951
-2.1336 -0.2519 1.2062
-2.1491 -0.2470 1.2156
-2.1645 -0.2419 1.2247
-2.1793 -0.2370 1.2339
-2.1936 -0.2326 1.2436
-2.2070 -0.2297 1.2550
-2.2194 -0.2285 1.2686
-2.2426 -0.2263 1.2949
-2.2532 -0.2262 1.3089
-2.2632 -0.2271 1.3236
-2.2726 -0.2296 1.3398
-2.2814 -0.2343 1.3578
-2.2904 -0.2390 1.3746
-2.2996 -0.2445 1.3912
-2.3086 -0.2507 1.4080
-2.3176 -0.2572 1.4249
-2.3176 -0.2572 1.4249
-2.3349 -0.2688 1.4587
-2.3430 -0.2754 1.4776
-2.3503 -0.2788 1.4949
-2.3569 -0.2793 1.5111
-2.3629 -0.2770 1.5263
-2.3685 -0.2720 1.5408
-2.3736 -0.2653 1.5545
-2.3779 -0.2575 1.5678
-2.3813 -0.2493 1.5809
-2.3839 -0.2411 1.5941
-2.3857 -0.2332 1.6075
-2.3869 -0.2259 1.6212
-2.3876 -0.2193 1.6353
-2.3879 -0.2157 1.6523
-2.3883 -0.2123 1.6679
-2.3889 -0.2099 1.6834
-2.3899 -0.2089 1.6990
-2.3915 -0.2095 1.7149
-2.3928 -0.2134 1.7328
-2.3956 -0.2176 1.7497
-2.3996 -0.2226 1.7661
-2.4047 -0.2286 1.7824
-2.4109 -0.2352 1.7982
-2.4186 -0.2420 1.8134
-2.4279 -0.2488 1.8278
-2.4387 -0.2565 1.8438
-2.4516 -0.2627 1.8573
-2.4659 -0.2680 1.8697
-2.4813 -0.2724 1.8815
-2.4972 -0.2760 1.8930
-2.5133 -0.2813 1.9050
-2.5299 -0.2835 1.9165
-2.5471 -0.2842 1.9276
-2.5649 -0.2838 1.9384
-2.5835 -0.2829 1.9486
-2.6030 -0.2824 1.9585
-2.6234 -0.2830 1.9681
-2.6449 -0.2819 1.9761
-2.6675 -0.2808 1.9831
-2.6911 -0.2802 1.9893
-2.7156 -0.2802 1.9947
-2.7407 -0.2809 1.9993
-2.7674 -0.2855 2.0076
-2.7930 -0.2873 2.0120
-2.8180 -0.2872 2.0142
-2.8422 -0.2853 2.0147
-2.8657 -0.2821 2.0138
-2.8882 -0.2780 2.0117
-2.9098 -0.2754 2.0101
-2.9304 -0.2718 2.0075
-2.9499 -0.2682 2.0051
-2.9686 -0.2648 2.0033
-2.9867 -0.2619 2.0026
-3.0047 -0.2595 2.0030
-3.0233 -0.2590 2.0059
-3.0415 -0.2585 2.0089
-3.0596 -0.2586 2.0124
-3.0775 -0.2595 2.0165
-3.0950 -0.2608 2.0209
-3.1120 -0.2623 2.0253
-3.1289 -0.2650 2.0313
-3.1448 -0.2671 2.0364
-3.1598 -0.2691 2.0414
-3.1742 -0.2710 2.0466
-3.1880 -0.2729 2.0524
-3.2013 -0.2749 2.0590
-3.2141 -0.2782 2.0678
-3.2260 -0.2797 2.0769
-3.2370 -0.2795 2.0864
-3.2471 -0.2778 2.0965
-3.2562 -0.2752 2.1070
-3.2648 -0.2722 2.1181
-3.2747 -0.2704 2.1304
-3.2831 -0.2679 2.1441
-3.2908 -0.2651 2.1596
-3.2981 -0.2620 2.1772
-3.3049 -0.2583 2.1967
-3.3121 -0.2541 2.2180
-3.3201 -0.2493 2.2405
-3.3256 -0.2446 2.2635
-3.3300 -0.2399 2.2869
-3.3337 -0.2354 2.3105
-3.3371 -0.2313 2.3343
-3.3403 -0.2273 2.3583
-3.3466 -0.2226 2.3829
-3.3505 -0.2182 2.4070
-3.3536 -0.2139 2.4308
-3.3563 -0.2094 2.4540
-3.3590 -0.2045 2.4764
-3.3617 -0.1991 2.4978
-3.3677 -0.1929 2.5185
-3.3721 -0.1866 2.5374
-3.3763 -0.1801 2.5551
-3.3807 -0.1735 2.5716
-3.3854 -0.1667 2.5872
-3.3906 -0.1599 2.6019
-3.3987 -0.1532 2.6168
-3.4057 -0.1466 2.6304
-3.4129 -0.1403 2.6432
-3.4205 -0.1344 2.6554
-3.4290 -0.1290 2.6672
-3.4384 -0.1244 2.6789
-3.4506 -0.1208 2.6910
-3.4620 -0.1178 2.7020
-3.4734 -0.1151 2.7120
-3.4850 -0.1127 2.7209
-3.4970 -0.1108 2.7286
-3.5098 -0.1094 2.7351
-3.5239 -0.1084 2.7423
-3.5381 -0.1080 2.7478
-3.5524 -0.1082 2.7527
-3.5666 -0.1092 2.7573
-3.5800 -0.1102 2.7617
-3.5919 -0.1112 2.7660
-3.6016 -0.1121 2.7706
-3.6097 -0.1120 2.7741
-3.6163 -0.1115 2.7773
-3.6217 -0.1112 2.7805
-3.6265 -0.1113 2.7841
-3.6304 -0.1114 2.7884
-3.6336 -0.1110 2.7936
-3.6364 -0.1123 2.7990
-3.6386 -0.1144 2.8049
-3.6400 -0.1168 2.8110
-3.6407 -0.1195 2.8175
-3.6405 -0.1224 2.8241
-3.6406 -0.1233 2.8320
-3.6397 -0.1255 2.8388
-3.6379 -0.1277 2.8445
-3.6355 -0.1295 2.8491
-3.6325 -0.1304 2.8527
-3.6290 -0.1305 2.8552
-3.6260 -0.1280 2.8583
-3.6221 -0.1259 2.8596
-3.6177 -0.1236 2.8601
-3.6129 -0.1209 2.8600
-3.6076 -0.1178 2.8595
-3.6018 -0.1146 2.8586
-3.5956 -0.1101 2.8571
-3.5893 -0.1067 2.8552
-3.5830 -0.1041 2.8530
-3.5767 -0.1021 2.8503
-3.5704 -0.1009 2.8471
-3.5643 -0.1004 2.8436
-3.5583 -0.0984 2.8385
-3.5528 -0.0988 2.8339
-3.5478 -0.1006 2.8294
-3.5435 -0.1036 2.8251
-3.5398 -0.1075 2.8210
-3.5368 -0.1116 2.8168
-3.5343 -0.1157 2.8125
-3.5320 -0.1209 2.8078
-3.5299 -0.1264 2.8028
-3.5275 -0.1320 2.7973
-3.5247 -0.1375 2.7910
-3.5211 -0.1423 2.7837
-3.5169 -0.1463 2.7752
-3.5120 -0.1513 2.7669
-3.5064 -0.1568 2.7586
-3.5002 -0.1627 2.7503
-3.4934 -0.1688 2.7420
-3.4860 -0.1747 2.7331
-3.4782 -0.1801 2.7232
-3.4704 -0.1862 2.7139
-3.4627 -0.1923 2.7045
-3.4556 -0.1978 2.6947
-3.4490 -0.2027 2.6845
-3.4430 -0.2069 2.6740
-3.4366 -0.2076 2.6624
-3.4307 -0.2100 2.6516
-3.4249 -0.2126 2.6412
-3.4191 -0.2151 2.6309
-3.4132 -0.2172 2.6207
-3.4071 -0.2190 2.6105
-3.4000 -0.2192 2.5992
-3.3934 -0.2199 2.5886
-3.3869 -0.2206 2.5782
-3.3802 -0.2211 2.5680
-3.3733 -0.2217 2.5577
-3.3661 -0.2222 2.5476
-3.3582 -0.2196 2.5351
-3.3505 -0.2190 2.5243
-3.3428 -0.2190 2.5140
-3.3352 -0.2191 2.5039
-3.3277 -0.2192 2.4941
-3.3200 -0.2193 2.4845
-3.3124 -0.2149 2.4701
-3.3045 -0.2136 2.4594
-3.2963 -0.2132 2.4500
-3.2879 -0.2130 2.4412
-3.2793 -0.2128 2.4325
-3.2708 -0.2121 2.4239
-3.2626 -0.2090 2.4130
-3.2547 -0.2066 2.4035
-3.2472 -0.2042 2.3944
-3.2398 -0.2018 2.3854
-3.2322 -0.1996 2.3765
-3.2241 -0.1972 2.3674
-3.2157 -0.1944 2.3577
-3.2069 -0.1928 2.3490
-3.1979 -0.1915 2.3406
-3.1889 -0.1904 2.3324
-3.1801 -0.1893 2.3243
-3.1716 -0.1878 2.3159
-3.1636 -0.1858 2.3070
-3.1558 -0.1845 2.2993
-3.1483 -0.1835 2.2923
-3.1408 -0.1829 2.2857
-3.1332 -0.1824 2.2795
-3.1254 -0.1823 2.2735
-3.1162 -0.1827 2.2654
-3.1071 -0.1833 2.2586
-3.0976 -0.1841 2.2521
-3.0876 -0.1852 2.2456
-3.0769 -0.1866 2.2389
-3.0656 -0.1882 2.2321
-3.0538 -0.1899 2.2252
-3.0413 -0.1906 2.2157
-3.0286 -0.1920 2.2079
-3.0157 -0.1936 2.2006
-3.0028 -0.1952 2.1935
-2.9898 -0.1966 2.1863
-2.9763 -0.1981 2.1782
-2.9631 -0.1993 2.1700
-2.9497 -0.2003 2.1615
-2.9363 -0.2013 2.1526
-2.9229 -0.2020 2.1432
-2.9096 -0.2024 2.1335
-2.8959 -0.2038 2.1235
-2.8825 -0.2039 2.1127
-2.8691 -0.2036 2.1009
-2.8558 -0.2030 2.0879
-2.8429 -0.2021 2.0738
-2.8313 -0.2004 2.0586
-2.8220 -0.1980 2.0433
-2.8144 -0.1945 2.0271
-2.8084 -0.1903 2.0106
-2.8037 -0.1860 1.9939
-2.7999 -0.1823 1.9767
-2.7968 -0.1792 1.9589
-2.7944 -0.1771 1.9408
-2.7932 -0.1752 1.9215
-2.7937 -0.1735 1.9017
-2.7958 -0.1720 1.8815
-2.7992 -0.1707 1.8614
-2.8037 -0.1699 1.8418
-2.8089 -0.1697 1.8226
-2.8139 -0.1702 1.8035
-2.8189 -0.1712 1.7847
-2.8239 -0.1727 1.7663
-2.8290 -0.1746 1.7482
-2.8342 -0.1769 1.7304
-2.8384 -0.1796 1.7123
-2.8431 -0.1824 1.6951
-2.8476 -0.1855 1.6786
-2.8511 -0.1888 1.6631
-2.8530 -0.1924 1.6485
-2.8527 -0.1961 1.6348
-2.8514 -0.1995 1.6220
-2.8468 -0.2033 1.6093
-2.8398 -0.2071 1.5966
-2.8306 -0.2107 1.5840
-2.8196 -0.2139 1.5716
-2.8071 -0.2167 1.5594
-2.7944 -0.2205 1.5496
-2.7796 -0.2229 1.5385
-2.7632 -0.2244 1.5272
-2.7454 -0.2250 1.5161
-2.7266 -0.2247 1.5057
-2.7070 -0.2232 1.4961
-2.6882 -0.2197 1.4860
-2.6682 -0.2160 1.4779
-2.6473 -0.2120 1.4708
-2.6256 -0.2079 1.4645
-2.6033 -0.2036 1.4589
-2.5807 -0.1992 1.4538
-2.5585 -0.1933 1.4485
-2.5367 -0.1876 1.4444
-2.5158 -0.1813 1.4409
-2.4960 -0.1746 1.4379
-2.4774 -0.1677 1.4350
-2.4599 -0.1606 1.4312
-2.4432 -0.1536 1.4261
-2.4265 -0.1485 1.4222
-2.4097 -0.1448 1.4187
-2.3928 -0.1424 1.4154
-2.3757 -0.1410 1.4122
-2.3585 -0.1402 1.4079
-2.3416 -0.1399 1.4020
-2.3244 -0.1407 1.3979
-2.3073 -0.1423 1.3941
-2.2905 -0.1442 1.3903
-2.2743 -0.1462 1.3861
-2.2585 -0.1483 1.3816
-2.2437 -0.1501 1.3721
-2.2288 -0.1525 1.3646
-2.2140 -0.1552 1.3571
-2.1994 -0.1579 1.3488
-2.1854 -0.1605 1.3396
-2.1720 -0.1628 1.3293
-2.1598 -0.1669 1.3113
-2.1479 -0.1692 1.2968
-2.1367 -0.1707 1.2828
-2.1266 -0.1716 1.2681
-2.1181 -0.1714 1.2528
-2.1117 -0.1701 1.2371
-2.1063 -0.1699 1.2163
-2.1029 -0.1681 1.1986
-2.1010 -0.1659 1.1818
-2.1000 -0.1637 1.1648
-2.1000 -0.1618 1.1469
-2.1011 -0.1600 1.1281
-2.1020 -0.1596 1.1045
-2.1053 -0.1586 1.0833
-2.1100 -0.1578 1.0632
-2.1153 -0.1577 1.0438
-2.1207 -0.1584 1.0248
-2.1259 -0.1600 1.0062
-2.1282 -0.1631 0.9844
-2.1319 -0.1666 0.9647
-2.1358 -0.1707 0.9456
-2.1396 -0.1754 0.9266
-2.1431 -0.1803 0.9078
-2.1453 -0.1855 0.8881
-2.1455 -0.1909 0.8673
-2.1465 -0.1959 0.8485
-2.1469 -0.2005 0.8309
-2.1460 -0.2048 0.8140
-2.1433 -0.2087 0.7977
-2.1377 -0.2128 0.7807
-2.1288 -0.2172 0.7624
-2.1194 -0.2205 0.7459
-2.1086 -0.2230 0.7301
-2.0963 -0.2248 0.7148
-2.0825 -0.2258 0.6998
-2.0671 -0.2259 0.6853
-2.0270 -0.2270 0.6535
-2.0063 -0.2259 0.6397
-1.9843 -0.2241 0.6268
-1.9611 -0.2220 0.6145
-1.9368 -0.2197 0.6031
-1.9075 -0.2187 0.5899
-1.8796 -0.2168 0.5794
-1.8515 -0.2146 0.5705
-1.8231 -0.2121 0.5630
-1.7946 -0.2090 0.5573
-1.7664 -0.2050 0.5533
-1.7387 -0.2002 0.5511
-1.7088 -0.1956 0.5485
-1.6816 -0.1910 0.5477
-1.6561 -0.1865 0.5474
-1.6319 -0.1822 0.5474
-1.6091 -0.1780 0.5474
-1.5837 -0.1731 0.5431
-1.5619 -0.1691 0.5412
-1.5417 -0.1661 0.5398
-1.5226 -0.1639 0.5381
-1.5043 -0.1624 0.5359
-1.4869 -0.1608 0.5326
-1.4706 -0.1588 0.5278
-1.4547 -0.1587 0.5231
-1.4392 -0.1598 0.5176
-1.4242 -0.1617 0.5114
-1.4095 -0.1644 0.5043
-1.3949 -0.1679 0.4966
-1.3768 -0.1703 0.4862
-1.3614 -0.1743 0.4763
-1.3474 -0.1788 0.4662
-1.3340 -0.1833 0.4556
-1.3213 -0.1877 0.4443
-1.3082 -0.1921 0.4326
-1.2945 -0.1966 0.4206
-1.2837 -0.1995 0.4074
-1.2747 -0.2012 0.3935
-1.2669 -0.2018 0.3794
-1.2602 -0.2015 0.3650
-1.2545 -0.2006 0.3502
-1.2449 -0.1995 0.3338
-1.2400 -0.1974 0.3175
-1.2377 -0.1946 0.3008
-1.2368 -0.1917 0.2839
-1.2369 -0.1890 0.2667
-1.2376 -0.1870 0.2494
-1.2332 -0.1829 0.2296
-1.2323 -0.1823 0.2111
-1.2323 -0.1838 0.1929
-1.2323 -0.1869 0.1746
-1.2320 -0.1914 0.1563
-1.2310 -0.1972 0.1380
-1.2293 -0.2040 0.1200
-1.2232 -0.2070 0.1011
-1.2187 -0.2134 0.0836
-1.2139 -0.2208 0.0671
-1.2082 -0.2280 0.0517
-1.2012 -0.2343 0.0374
-1.1887 -0.2386 0.0237
-1.1775 -0.2426 0.0111
-1.1660 -0.2458 -0.0008
-1.1538 -0.2479 -0.0123
-1.1412 -0.2489 -0.0237
-1.1283 -0.2490 -0.0352
-1.1119 -0.2480 -0.0458
-1.0972 -0.2463 -0.0571
-1.0827 -0.2441 -0.0685
-1.0676 -0.2414 -0.0799
-1.0519 -0.2384 -0.0910
-1.0354 -0.2349 -0.1019
-1.0147 -0.2301 -0.1110
-0.9963 -0.2251 -0.1209
-0.9791 -0.2196 -0.1307
-0.9623 -0.2136 -0.1401
-0.9455 -0.2074 -0.1490
-0.9276 -0.2016 -0.1570
-0.9079 -0.1967 -0.1639
-0.8882 -0.1925 -0.1711
-0.8680 -0.1890 -0.1780
-0.8477 -0.1857 -0.1841
-0.8278 -0.1821 -0.1890
-0.8082 -0.1780 -0.1924
-0.7885 -0.1739 -0.1943
-0.7699 -0.1704 -0.1963
-0.7519 -0.1675 -0.1981
-0.7343 -0.1651 -0.1997
-0.7171 -0.1633 -0.2013
-0.7003 -0.1619 -0.2027
-0.6825 -0.1613 -0.2055
-0.6655 -0.1615 -0.2075
-0.6488 -0.1624 -0.2094
-0.6322 -0.1640 -0.2115
-0.6158 -0.1659 -0.2137
-0.5997 -0.1681 -0.2160
-0.5821 -0.1703 -0.2217
-0.5658 -0.1727 -0.2253
-0.5500 -0.1753 -0.2282
-0.5344 -0.1780 -0.2309
-0.5190 -0.1808 -0.2336
-0.5032 -0.1837 -0.2372
-0.4867 -0.1867 -0.2422
-0.4716 -0.1886 -0.2460
-0.4571 -0.1901 -0.2497
-0.4425 -0.1915 -0.2535
-0.4279 -0.1933 -0.2577
-0.4130 -0.1953 -0.2626
-0.3981 -0.1969 -0.2681
-0.3851 -0.1969 -0.2728
-0.3737 -0.1954 -0.2768
-0.3632 -0.1931 -0.2801
-0.3530 -0.1908 -0.2828
-0.3419 -0.1894 -0.2854
-0.3294 -0.1895 -0.2881
-0.3170 -0.1902 -0.2902
-0.3050 -0.1913 -0.2921
-0.2936 -0.1923 -0.2936
-0.2827 -0.1932 -0.2944
-0.2720 -0.1943 -0.2943
-0.2608 -0.1962 -0.2935
-0.2493 -0.1989 -0.2913
-0.2371 -0.2027 -0.2880
-0.2239 -0.2077 -0.2838
-0.2102 -0.2135 -0.2786
-0.1961 -0.2195 -0.2726
-0.1832 -0.2264 -0.2667
-0.1696 -0.2322 -0.2597
-0.1558 -0.2372 -0.2522
-0.1421 -0.2416 -0.2443
-0.1287 -0.2454 -0.2360
-0.1156 -0.2486 -0.2274
-0.1057 -0.2520 -0.2183
-0.0945 -0.2541 -0.2090
-0.0831 -0.2553 -0.1996
-0.0720 -0.2558 -0.1904
-0.0613 -0.2558 -0.1816
-0.0511 -0.2555 -0.1731
-0.0428 -0.2548 -0.1650
-0.0339 -0.2542 -0.1570
-0.0250 -0.2538 -0.1490
-0.0164 -0.2537 -0.1411
-0.0082 -0.2537 -0.1333
-0.0005 -0.2538 -0.1257
0.0043 -0.2542 -0.1176
0.0098 -0.2544 -0.1099
0.0150 -0.2545 -0.1025
0.0197 -0.2546 -0.0952
0.0238 -0.2547 -0.0883
0.0273 -0.2547 -0.0819
0.0291 -0.2544 -0.0758
0.0313 -0.2542 -0.0704
0.0334 -0.2537 -0.0659
0.0352 -0.2529 -0.0622
0.0367 -0.2518 -0.0594
0.0377 -0.2503 -0.0572
0.0401 -0.2487 -0.0555
0.0409 -0.2472 -0.0540
0.0410 -0.2461 -0.0528
0.0407 -0.2453 -0.0517
0.0403 -0.2449 -0.0508
0.0394 -0.2436 -0.0501
0.0379 -0.2409 -0.0499
0.0369 -0.2402 -0.0494
0.0359 -0.2401 -0.0489
0.0348 -0.2399 -0.0487
0.0335 -0.2396 -0.0488
0.0321 -0.2392 -0.0490
0.1328 -0.1733 -0.0049
0.1635 -0.1525 0.0089
0.1721 -0.1463 0.0135
0.1737 -0.1448 0.0153
0.1730 -0.1448 0.0164
0.1715 -0.1452 0.0172
0.1708 -0.1462 0.0176
0.1693 -0.1472 0.0184
0.1676 -0.1482 0.0194
0.1658 -0.1492 0.0204
0.1640 -0.1501 0.0213
0.1620 -0.1506 0.0220
0.1612 -0.1522 0.0231
0.1594 -0.1526 0.0234
0.1573 -0.1523 0.0233
0.1551 -0.1518 0.0228
0.1526 -0.1512 0.0221
0.1500 -0.1505 0.0212
0.1475 -0.1500 0.0203
0.1449 -0.1498 0.0194
0.1423 -0.1500 0.0187
0.1399 -0.1504 0.0180
0.1376 -0.1511 0.0173
0.1354 -0.1517 0.0165
0.1334 -0.1524 0.0159
0.1312 -0.1528 0.0149
0.1291 -0.1532 0.0138
0.1271 -0.1536 0.0129
0.1252 -0.1540 0.0122
0.1234 -0.1544 0.0117
0.1214 -0.1544 0.0112
0.1196 -0.1546 0.0110
0.1178 -0.1546 0.0109
0.1161 -0.1543 0.0108
0.1145 -0.1539 0.0108
0.1133 -0.1532 0.0107
0.1124 -0.1522 0.0107
0.1113 -0.1512 0.0108
0.1102 -0.1502 0.0110
0.1091 -0.1493 0.0115
0.1079 -0.1483 0.0121
0.1067 -0.1474 0.0130
0.1067 -0.1473 0.0147
0.1060 -0.1463 0.0157
0.1054 -0.1445 0.0161
0.1050 -0.1422 0.0161
0.1048 -0.1397 0.0157
0.1047 -0.1374 0.0152
0.1045 -0.1355 0.0146
0.1046 -0.1339 0.0144
0.1055 -0.1317 0.0148
0.1063 -0.1310 0.0152
0.1072 -0.1305 0.0157
0.1083 -0.1305 0.0154
0.1098 -0.1303 0.0155
0.1115 -0.1299 0.0156
0.1133 -0.1295 0.0156
0.1152 -0.1290 0.0155
0.1170 -0.1285 0.0152
0.1167 -0.1274 0.0134
0.1175 -0.1269 0.0125
0.1187 -0.1265 0.0119
0.1198 -0.1264 0.0114
0.1208 -0.1264 0.0110
0.1218 -0.1267 0.0107
0.1224 -0.1258 0.0098
0.1234 -0.1264 0.0097
0.1247 -0.1276 0.0101
0.1262 -0.1290 0.0106
0.1277 -0.1305 0.0111
0.1291 -0.1319 0.0113
0.1303 -0.1329 0.0112
0.1309 -0.1349 0.0114
0.1312 -0.1360 0.0111
0.1312 -0.1368 0.0108
0.1309 -0.1377 0.0106
0.1303 -0.1387 0.0107
0.1292 -0.1395 0.0103
0.1283 -0.1404 0.0105
0.1275 -0.1411 0.0108
0.1267 -0.1412 0.0110
0.1260 -0.1408 0.0110
0.1252 -0.1397 0.0108
0.1255 -0.1385 0.0101
0.1253 -0.1368 0.0097
0.1250 -0.1349 0.0095
0.1247 -0.1328 0.0095
0.1244 -0.1306 0.0098
0.1241 -0.1284 0.0103
0.1242 -0.1257 0.0097
0.1239 -0.1232 0.0102
0.1236 -0.1205 0.0112
0.1231 -0.1176 0.0125
0.1225 -0.1145 0.0140
0.1215 -0.1108 0.0157
0.1207 -0.1063 0.0171
0.1187 -0.1007 0.0185
0.1161 -0.0940 0.0197
0.1128 -0.0862 0.0207
0.1091 -0.0777 0.0216
0.1049 -0.0685 0.0225
0.1007 -0.0594 0.0234
0.0957 -0.0493 0.0238
0.0904 -0.0388 0.0237
0.0847 -0.0280 0.0230
0.0791 -0.0172 0.0216
0.0736 -0.0067 0.0195
0.0685 0.0034 0.0168
0.0631 0.0125 0.0145
0.0578 0.0209 0.0121
0.0529 0.0289 0.0093
0.0484 0.0365 0.0062
0.0446 0.0437 0.0024
0.0413 0.0506 -0.0022
0.0381 0.0565 -0.0062
0.0351 0.0618 -0.0100
0.0324 0.0663 -0.0137
0.0298 0.0700 -0.0170
0.0274 0.0725 -0.0203
0.0256 0.0739 -0.0239
0.0239 0.0755 -0.0264
0.0226 0.0767 -0.0285
0.0215 0.0776 -0.0301
0.0204 0.0782 -0.0315
0.0193 0.0789 -0.0329
0.0173 0.0813 -0.0367
0.0163 0.0823 -0.0387
0.0161 0.0831 -0.0399
0.0163 0.0839 -0.0409
0.0165 0.0847 -0.0417
0.0166 0.0855 -0.0422
0.0140 0.0859 -0.0416
0.0129 0.0865 -0.0418
0.0124 0.0871 -0.0423
0.0120 0.0877 -0.0426
0.0117 0.0881 -0.0429
0.0113 0.0884 -0.0430
0.0108 0.0898 -0.0429
0.0105 0.0904 -0.0428
0.0103 0.0907 -0.0428
0.0100 0.0910 -0.0428
0.0097 0.0913 -0.0429
0.0095 0.0916 -0.0429
0.0084 0.0931 -0.0443
0.0079 0.0938 -0.0447
0.0076 0.0942 -0.0449
0.0074 0.0946 -0.0450
0.0072 0.0950 -0.0450
0.0069 0.0952 -0.0450
0.0066 0.0959 -0.0455
0.0063 0.0962 -0.0456
0.0061 0.0964 -0.0456
0.0058 0.0966 -0.0455
0.0055 0.0968 -0.0453
0.0052 0.0969 -0.0452
0.0047 0.0983 -0.0468
0.0044 0.0988 -0.0472
0.0042 0.0989 -0.0472
0.0040 0.0989 -0.0469
0.0038 0.0989 -0.0466
0.0037 0.0988 -0.0464
0.0036 0.0986 -0.0464
0.0036 0.0987 -0.0462
0.0035 0.0988 -0.0460
0.0035 0.0989 -0.0458
0.0035 0.0992 -0.0456
0.0035 0.0995 -0.0455
0.0034 0.0990 -0.0448
0.0034 0.0991 -0.0446
0.0034 0.0995 -0.0445
0.0035 0.0999 -0.0445
0.0035 0.1005 -0.0446
0.0036 0.1012 -0.0448
0.0030 0.1020 -0.0446
0.0028 0.1028 -0.0447
0.0027 0.1037 -0.0449
0.0027 0.1046 -0.0450
0.0027 0.1055 -0.0451
0.0027 0.1063 -0.0451
0.0040 0.1056 -0.0472
0.0044 0.1059 -0.0480
0.0045 0.1065 -0.0484
0.0046 0.1071 -0.0487
0.0046 0.1076 -0.0488
0.0047 0.1081 -0.0488
0.0046 0.1090 -0.0497
0.0046 0.1095 -0.0500
0.0046 0.1100 -0.0501
0.0046 0.1104 -0.0503
0.0047 0.1109 -0.0506
0.0047 0.1113 -0.0509
0.0045 0.1120 -0.0514
0.0045 0.1124 -0.0518
0.0045 0.1128 -0.0520
0.0045 0.1131 -0.0523
0.0046 0.1134 -0.0525
0.0046 0.1137 -0.0527
0.0041 0.1142 -0.0533
0.0040 0.1145 -0.0537
0.0040 0.1148 -0.0539
0.0040 0.1151 -0.0541
0.0040 0.1153 -0.0541
0.0039 0.1156 -0.0541
0.0035 0.1160 -0.0539
0.0034 0.1163 -0.0538
0.0033 0.1166 -0.0538
0.0032 0.1168 -0.0538
0.0031 0.1171 -0.0538
0.0030 0.1175 -0.0540
0.0026 0.1162 -0.0539
0.0025 0.1161 -0.0540
0.0024 0.1163 -0.0542
0.0023 0.1166 -0.0545
0.0022 0.1170 -0.0547
0.0022 0.1174 -0.0549
0.0015 0.1191 -0.0564
0.0012 0.1198 -0.0570
0.0010 0.1203 -0.0574
0.0010 0.1207 -0.0576
0.0009 0.1212 -0.0579
0.0008 0.1216 -0.0582
0.0004 0.1224 -0.0590
0.0003 0.1228 -0.0594
0.0001 0.1232 -0.0595
0.0001 0.1235 -0.0597
0.0000 0.1238 -0.0600
0.0000 0.1242 -0.0602
-0.0002 0.1247 -0.0606
-0.0003 0.1251 -0.0608
-0.0003 0.1253 -0.0610
-0.0003 0.1256 -0.0613
-0.0003 0.1258 -0.0615
-0.0003 0.1260 -0.0618
-0.0004 0.1264 -0.0619
-0.0004 0.1266 -0.0621
-0.0004 0.1267 -0.0623
-0.0004 0.1268 -0.0624
-0.0004 0.1269 -0.0626
-0.0004 0.1269 -0.0627
-0.0006 0.1270 -0.0643
-0.0007 0.1271 -0.0649
-0.0007 0.1272 -0.0653
-0.0008 0.1273 -0.0655
-0.0008 0.1274 -0.0658
-0.0008 0.1274 -0.0660
-0.0006 0.1281 -0.0664
-0.0005 0.1283 -0.0666
-0.0005 0.1284 -0.0666
-0.0004 0.1284 -0.0666
-0.0004 0.1285 -0.0666
-0.0004 0.1285 -0.0666
-0.0005 0.1285 -0.0668
-0.0005 0.1285 -0.0669
-0.0006 0.1285 -0.0670
-0.0006 0.1285 -0.0670
-0.0006 0.1285 -0.0671
-0.0005 0.1284 -0.0670
-0.0005 0.1286 -0.0678
-0.0005 0.1286 -0.0680
-0.0005 0.1285 -0.0680
-0.0005 0.1284 -0.0679
-0.0004 0.1282 -0.0677
-0.0004 0.1281 -0.0676
-0.0003 0.1280 -0.0672
-0.0003 0.1280 -0.0671
-0.0003 0.1279 -0.0670
-0.0002 0.1277 -0.0669
-0.0002 0.1276 -0.0667
-0.0002 0.1274 -0.0664
-0.0004 0.1277 -0.0670
-0.0004 0.1277 -0.0671
-0.0004 0.1277 -0.0671
-0.0003 0.1276 -0.0670
-0.0002 0.1275 -0.0669
-0.0001 0.1274 -0.0669
-0.0002 0.1275 -0.0671
-0.0001 0.1274 -0.0671
0.0000 0.1274 -0.0671
0.0001 0.1272 -0.0669
0.0003 0.1271 -0.0667
0.0005 0.1269 -0.0665
0.0005 0.1271 -0.0670
0.0006 0.1270 -0.0670
0.0007 0.1269 -0.0669
0.0008 0.1267 -0.0668
0.0010 0.1266 -0.0666
0.0011 0.1264 -0.0665
0.0009 0.1267 -0.0672
0.0009 0.1267 -0.0673
0.0010 0.1266 -0.0673
0.0011 0.1266 -0.0673
0.0011 0.1266 -0.0673
0.0011 0.1266 -0.0673
0.0011 0.1267 -0.0678
0.0010 0.1268 -0.0680
0.0010 0.1269 -0.0680
0.0010 0.1270 -0.0681
0.0010 0.1270 -0.0681
0.0009 0.1271 -0.0681
0.0009 0.1271 -0.0684
0.0009 0.1272 -0.0684
0.0008 0.1273 -0.0684
0.0008 0.1274 -0.0683
0.0007 0.1275 -0.0681
0.0006 0.1275 -0.0679
0.0005 0.1273 -0.0686
0.0004 0.1273 -0.0687
0.0003 0.1274 -0.0687
0.0003 0.1275 -0.0686
0.0003 0.1275 -0.0685
0.0003 0.1276 -0.0684
0.0003 0.1266 -0.0689
0.0003 0.1263 -0.0690
0.0003 0.1262 -0.0690
0.0003 0.1262 -0.0691
0.0003 0.1262 -0.0691
0.0003 0.1261 -0.0691
0.0002 0.1260 -0.0697
0.0001 0.1259 -0.0698
0.0001 0.1258 -0.0698
0.0000 0.1257 -0.0697
0.0000 0.1256 -0.0697
0.0000 0.1255 -0.0696
0.0001 0.1250 -0.0694
0.0001 0.1248 -0.0692
0.0001 0.1247 -0.0689
0.0001 0.1247 -0.0688
0.0001 0.1248 -0.0688
0.0001 0.1248 -0.0689
0.0001 0.1248 -0.0690
0.0001 0.1249 -0.0691
0.0000 0.1250 -0.0691
0.0000 0.1251 -0.0691
0.0000 0.1252 -0.0691
0.0000 0.1253 -0.0690
0.0000 0.1255 -0.0691
0.0000 0.1255 -0.0691
-0.0001 0.1256 -0.0690
-0.0001 0.1256 -0.0689
-0.0001 0.1256 -0.0687
-0.0001 0.1257 -0.0684
0.0000 0.1252 -0.0686

