0.0000 0.0000 0.0000
0.0000 0.0000 0.0000
0.0000 0.0000 0.0000
0.0000 0.0000 0.0000
0.0000 0.0000 0.0000
0.0000 0.0000 0.0000
0.0000 0.0000 0.0000
0.0000 0.0000 0.0000
0.0000 0.0000 0.0000
0.0000 0.0000 0.0000
0.0000 0.0000 0.0000
0.0000 0.0000 0.0000
0.4143 -0.2496 -0.1010
0.3170 -0.1065 -0.0548
0.1406 -0.0414 0.0283
0.0506 -0.0121 0.0688
-0.0637 0.0462 0.0913
-0.0918 0.0840 0.0329
-0.0936 0.0827 0.0027
-0.1186 0.0802 -0.0013
-0.0974 0.1201 0.0452
0.1824 0.3393 0.0696
0.5520 0.1431 0.1233
0.7012 -0.0034 0.2088
0.5452 -0.1030 0.1225
0.4819 -0.1749 0.0527
0.4188 -0.3564 -0.1118
0.3857 -0.4903 -0.1971
0.4081 -0.5451 -0.2001
0.4695 -0.6680 -0.1647
0.4499 -0.7193 -0.1273
0.4150 -0.6267 -0.0855
0.3649 -0.5532 -0.0441
0.3316 -0.5812 0.0120
0.3324 -0.6433 0.0521
0.3575 -0.6646 0.0896
0.4139 -0.5992 0.0965
0.5389 -0.4531 0.0539
0.4983 -0.3175 0.0056
0.4204 -0.2344 -0.0036
0.2230 -0.0256 0.0104
0.0087 0.0754 0.0495
-0.0275 0.1229 0.0360
0.0081 0.1772 0.0083
0.0455 0.0527 0.0097
0.0767 0.0180 -0.0068
0.0996 -0.0146 -0.0720
0.0658 0.0611 -0.0835
0.0851 0.0625 -0.0692
0.0979 -0.0010 -0.0259
0.1453 0.1048 0.0030
0.1779 0.0929 0.0154
0.1543 0.1043 0.0400
0.1104 0.1110 0.0493
0.0393 0.0961 0.0663
0.0052 0.0831 0.0656
0.0106 0.2074 0.0611
0.0439 0.1953 0.0853
0.0395 0.1518 0.0835
-0.0263 0.1006 0.0555
0.0435 0.1688 0.0474
0.0929 0.0974 0.0432
0.0916 0.0653 0.0426
0.0360 0.0650 0.0213
0.0309 0.0834 0.0337
0.0249 0.1316 0.0683
-0.0041 0.2927 0.0394
-0.0429 0.3932 0.0262
-0.1424 0.4691 0.0263
-0.1249 0.4023 0.0297
-0.0546 0.3585 -0.0008
0.1854 0.3109 -0.1139
0.4345 0.2802 -0.2349
0.5178 0.1725 -0.3348
0.7637 0.1827 -0.4932
1.1926 0.3452 -0.7667
1.3510 0.4144 -0.7445
1.3206 0.5510 -0.5345
1.0671 0.4740 -0.1747
0.9686 0.5282 -0.1659
0.8545 0.8625 -0.2550
0.7915 0.8825 -0.2192
0.6514 0.6118 -0.0026
0.4774 0.0340 0.2226
0.4311 -0.2810 0.2944
0.3537 -0.5037 0.2885
0.3375 -0.1126 0.1910
0.3350 0.0851 0.1583
0.2858 0.2338 0.1742
0.2003 0.2581 0.2653
0.1227 0.1707 0.2835
-0.0910 0.0226 0.2460
-0.1672 0.1184 0.1652
-0.1016 0.1970 0.1201
0.0296 0.2248 0.0492
-0.0975 0.0664 0.0505
-0.2604 -0.0664 0.0615
-0.4333 -0.0629 0.0566
-0.2467 0.2217 0.0008
-0.0931 0.2598 -0.0280
0.1343 0.1440 0.0014
0.0892 -0.0471 0.0939
0.0034 -0.1073 0.1263
-0.1188 -0.1441 0.1296
-0.0909 -0.0766 0.1047
-0.0641 -0.0659 0.0802
-0.0196 -0.1482 0.0913
-0.0018 -0.1803 0.1077
0.0020 -0.1900 0.0809
0.0761 -0.0710 0.0461
0.1125 -0.0018 0.0092
0.1349 0.0035 -0.0365
0.0997 -0.1036 0.0060
0.0718 -0.1188 0.0253
-0.0008 -0.0648 0.0211
-0.0350 0.0063 0.0394
-0.0299 -0.0040 0.0447
-0.0040 -0.0559 0.0252
0.0520 -0.0637 0.0161
0.0683 -0.0568 0.0183
0.0709 0.0348 0.0195
0.0660 0.0578 0.0326
0.0759 0.0367 0.0422
0.0870 -0.0032 0.0409
0.0375 -0.0408 0.0438
0.0133 -0.0498 0.0492
-0.0098 -0.0498 0.0499
0.0147 -0.0071 0.0500
0.0285 0.0092 0.0441
0.0454 0.0021 0.0454
0.0147 -0.0297 0.0484
0.0092 -0.0280 0.0526
0.0257 -0.0260 0.0501
0.0629 0.0050 0.0595
0.0640 0.0132 0.0603
0.0556 0.0014 0.0534
0.0489 0.0039 0.0318
0.0327 0.0051 0.0244
0.0271 -0.0072 0.0320
0.0427 -0.0178 0.0344
0.0804 0.0096 0.0323
0.0745 0.0359 0.0265
0.0588 0.0503 0.0343
0.0247 0.0612 0.0415
0.0258 0.0429 0.0493
0.0470 0.0514 0.0560
0.0702 0.0844 0.0510
0.0332 0.1225 0.0457
0.0020 0.1221 0.0357
-0.0481 0.0849 0.0270
-0.0340 0.0624 0.0222
-0.0173 0.0657 0.0099
-0.0143 0.0389 0.0015
-0.0088 0.0135 -0.0123
-0.0344 0.0394 -0.0161
-0.0406 0.0606 0.0055
-0.0319 0.0476 0.0130
0.0138 0.0123 0.0176
0.0545 0.0129 0.0094
0.0513 0.0295 -0.0013
0.0027 0.0209 -0.0012
0.0046 0.0403 0.0242
0.0331 0.0447 0.0236
0.1331 0.0374 0.0148
0.1628 0.0287 0.0007
0.1560 -0.0041 0.0088
0.1598 0.0030 0.0351
0.1901 0.0309 0.0241
0.2253 0.0218 -0.0338
0.1752 -0.0283 -0.0427
0.1181 -0.0481 -0.0402
0.0247 -0.0439 -0.0455
0.0172 0.0032 -0.0504
0.0529 0.0090 -0.0517
0.1763 -0.0006 -0.0510
0.2392 -0.0274 -0.0557
0.2118 -0.0212 -0.0522
0.1278 -0.0108 -0.0246
0.1259 -0.0172 -0.0087
0.1573 -0.0155 -0.0175
0.2076 -0.0008 -0.0524
0.1897 0.0295 -0.0673
0.1557 0.0260 -0.0551
0.0927 0.0137 -0.0124
0.1090 0.0221 0.0043
0.1458 0.0210 -0.0002
0.1976 0.0048 -0.0042
0.1530 0.0002 0.0049
0.1154 -0.0028 0.0056
0.0450 0.0123 0.0154
0.0640 -0.0146 0.0253
0.0833 -0.0340 0.0237
0.1132 -0.0207 0.0016
0.1143 -0.0062 -0.0031
0.0920 -0.0010 0.0165
0.0337 -0.0093 0.0265
0.0094 -0.0089 0.0334
0.0240 0.0173 0.0481
0.0543 0.0293 0.0463
0.0607 0.0255 0.0471
0.0483 -0.0006 0.0375
0.0482 0.0125 0.0212
0.0576 0.0204 0.0178
0.0392 0.0231 0.0168
-0.0092 0.0282 0.0100
-0.0144 0.0191 0.0126
-0.0058 0.0069 0.0235
0.0137 0.0321 0.0284
0.0171 0.0319 0.0228
0.0094 0.0228 0.0300
-0.0162 0.0178 0.0475
-0.0255 0.0051 0.0501
-0.0045 -0.0170 0.0561
0.0329 -0.0001 0.0295
0.0472 0.0171 0.0268
0.0882 0.0398 0.0313
0.0961 0.0212 0.0128
0.0986 0.0009 0.0035
0.0633 -0.0092 -0.0275
0.0357 0.0046 -0.0210
-0.0262 0.0154 0.0048
-0.0177 0.0170 0.0137
0.0192 0.0224 0.0126
0.0929 0.0193 0.0049
0.1002 -0.0082 0.0025
0.0715 -0.0228 -0.0019
0.0122 0.0083 -0.0005
0.0061 0.0508 0.0080
0.0218 0.0618 0.0147
0.0575 0.0270 0.0174
0.0568 -0.0053 0.0213
0.0497 0.0042 0.0261
0.0416 0.0365 0.0495
0.0753 0.0180 0.0650
0.0917 0.0144 0.0529
0.0931 -0.0010 0.0109
0.0642 0.0288 -0.0007
0.0589 0.0274 0.0055
0.0606 0.0182 0.0080
0.0490 0.0201 0.0072
0.0440 0.0300 0.0165
0.0340 0.0559 0.0211
0.0294 0.0607 0.0250
0.0215 0.0469 0.0192
0.0259 0.0127 0.0143
0.0226 -0.0055 0.0175
0.0122 0.0131 0.0181
-0.0017 -0.0035 0.0129
0.0103 -0.0073 0.0089
0.0531 0.0252 -0.0104
0.0640 0.0359 -0.0165
0.0410 0.0079 0.0000
-0.0112 -0.0470 0.0250
0.0471 -0.0017 -0.0012
0.0450 0.0422 0.0069
-0.0071 0.0240 0.0429
-0.0185 0.0063 0.0451
0.0016 -0.0096 0.0241
0.0316 -0.0224 -0.0039
0.0424 -0.0219 -0.0083
0.0660 -0.0137 -0.0079
0.0755 -0.0068 -0.0014
0.0725 -0.0126 0.0031
0.1218 -0.1493 0.0056
0.0190 -0.0041 -0.0312
-0.0487 0.0730 -0.0238
-0.0581 0.0928 0.0036
-0.0425 0.0996 0.0030
-0.0578 0.0949 0.0190
-0.0159 -0.0574 0.0250

