0.0484 -0.8508 1.1704
-0.0261 -0.0586 0.0777
0.1711 -0.8669 1.1938
0.7184 -1.4445 0.9965
0.4988 -0.8450 1.4041
-0.2126 -0.8138 1.1050
0.2971 -0.8484 1.1433
0.4583 -0.8853 1.3853
0.7238 -1.5213 1.0350
0.4071 -0.8093 1.2312
-0.1630 -0.8506 1.3149
0.0340 -0.8724 1.1595
-0.2751 -0.9043 1.1838
0.8220 -1.5526 1.0117
0.4699 -0.8657 1.0497
0.4716 -1.7348 0.9251
0.2400 -0.8875 1.1007
-0.0501 -0.7812 1.3998
-0.4920 -1.5681 1.1745
0.9046 -0.8439 1.6434
0.4102 -0.8374 1.0645
0.4561 -0.8848 1.2284
0.4080 -1.6947 0.9097
0.2745 -0.8142 1.0672
0.0053 -0.8803 1.2686
-0.0733 -0.8520 1.3879
-0.1963 -0.8507 1.5445
-0.2258 -0.8565 1.6463
-0.2819 -1.6766 1.1860
-0.5897 -1.6759 1.2552
0.0989 -0.0658 0.2274
-0.0531 -0.2050 0.3539
0.2266 -0.8269 1.0453
0.2365 -0.0967 0.4989
0.1439 -0.1068 0.3100
0.0120 -0.0504 0.1896
0.0506 0.0120 0.1896
-0.0046 0.0063 0.0962
-0.0180 0.0251 0.0629
-0.0199 0.0323 0.0581
-0.0145 0.0289 0.1085
0.0415 -0.8731 1.3566
0.4144 -0.7456 0.9845
0.3011 -0.8709 1.3285
0.0252 -0.8565 1.1385
-0.0355 -0.8800 1.1642
0.2818 -0.8613 1.1213
0.3195 -0.8638 1.3571
0.1639 -0.8889 1.2211
-0.1679 -0.8735 1.3546
0.4415 -0.8737 1.2135
0.3063 -0.8735 1.2230
-0.0710 -0.8531 1.2328
0.4524 -0.8529 1.0510
0.4765 -0.8664 1.2370
0.2223 -0.8425 1.0607
-0.2496 -0.8028 1.0535
0.2724 -0.8648 1.3245
0.1875 -0.8887 1.4166
0.5544 -1.1058 0.8345
0.1668 -0.8543 1.3196
0.0265 -1.5841 0.7854
-0.1331 -1.4859 0.7478
0.2837 -0.8893 1.5297
0.5179 -0.8913 1.6098
0.1945 -0.4638 0.4265
0.3489 -0.7285 0.5956
-0.0011 -0.8625 1.1994
0.0190 -0.0910 0.2724

