-0.0009 -0.3512 -0.9232
0.0055 -0.3689 -0.9081
0.0055 -0.3689 -0.9081
0.0045 -0.3667 -0.9124
0.0068 -0.3658 -0.9091
0.0063 -0.3590 -0.9133
0.0058 -0.3625 -0.9165
0.0014 -0.3668 -0.9119
0.0014 -0.3668 -0.9119
-0.0007 -0.3650 -0.9105
0.0034 -0.3666 -0.9174
0.0019 -0.3668 -0.9206
-0.0040 -0.3683 -0.9183
-0.0040 -0.3683 -0.9183
0.0022 -0.3708 -0.9218
0.0014 -0.3623 -0.9178
-0.0023 -0.3640 -0.9167
0.0020 -0.3707 -0.9136
0.0049 -0.3626 -0.9053
0.0049 -0.3626 -0.9053
-0.0002 -0.3630 -0.9066
0.0042 -0.3647 -0.9054
-0.0013 -0.3556 -0.9188
-0.0009 -0.3597 -0.9165
-0.0003 -0.3608 -0.9065
-0.0003 -0.3608 -0.9065
-0.0053 -0.3669 -0.9027
-0.0034 -0.3627 -0.9120
0.0060 -0.3666 -0.9219
0.0121 -0.3705 -0.9224
0.0018 -0.3671 -0.9216
0.0018 -0.3671 -0.9216
-0.0015 -0.3707 -0.9196
-0.0045 -0.3616 -0.9114
-0.0052 -0.3598 -0.9073
0.0068 -0.3661 -0.9161
0.0094 -0.3738 -0.9060
0.0094 -0.3738 -0.9060
0.0084 -0.3701 -0.9028
0.0132 -0.3657 -0.9179
0.0111 -0.3628 -0.9196
0.0106 -0.3602 -0.9379
0.0106 -0.3602 -0.9379
0.0034 -0.3657 -0.9254
0.0146 -0.3548 -0.9006
0.0113 -0.3696 -0.9132
0.0122 -0.3714 -0.9111
0.0030 -0.3604 -0.9089
0.0030 -0.3604 -0.9089
-0.0032 -0.3699 -0.9174
-0.0027 -0.3677 -0.9194
-0.0030 -0.3646 -0.9212
0.0024 -0.3671 -0.9142
0.0033 -0.3697 -0.9138
0.0033 -0.3697 -0.9138
0.0006 -0.3650 -0.9120
0.0039 -0.3656 -0.9181
0.0082 -0.3627 -0.9171
0.0062 -0.3620 -0.9089
0.0025 -0.3595 -0.9155
0.0025 -0.3595 -0.9155
0.0072 -0.3593 -0.9105
0.0045 -0.3615 -0.9014
0.0073 -0.3578 -0.9091
0.0094 -0.3637 -0.9211
0.0094 -0.3637 -0.9211
0.0086 -0.3652 -0.9088
0.0123 -0.3622 -0.9200
0.0112 -0.3613 -0.9163
0.0114 -0.3568 -0.9142
0.0160 -0.3671 -0.9138
0.0160 -0.3671 -0.9138
0.0172 -0.3694 -0.9109
0.0186 -0.3671 -0.9189
0.0119 -0.3651 -0.9211
0.0031 -0.3544 -0.9240
-0.0004 -0.3664 -0.9326
-0.0004 -0.3664 -0.9326
0.0083 -0.3601 -0.9038
0.0333 -0.3268 -0.8677
0.0166 -0.4205 -0.9425
0.0091 -0.4052 -0.9727
0.0202 -0.3438 -0.9300
0.0202 -0.3438 -0.9300
0.0255 -0.3553 -0.9237
0.0145 -0.3382 -0.8865
0.0227 -0.3912 -0.9197
0.0307 -0.3715 -0.9031
0.0307 -0.3715 -0.9031
0.0330 -0.3688 -0.9041
0.0295 -0.3690 -0.9035
0.0346 -0.3726 -0.9148
0.0346 -0.3726 -0.9148
0.0402 -0.3774 -0.9130
0.0355 -0.3699 -0.9049
0.0471 -0.3787 -0.9165
0.0537 -0.3717 -0.9124
0.0626 -0.3671 -0.9108
0.0626 -0.3671 -0.9108
0.0803 -0.3739 -0.9043
0.0916 -0.3728 -0.8986
0.1100 -0.3748 -0.8987
0.1328 -0.3766 -0.9171
0.1544 -0.3796 -0.9308
0.1544 -0.3796 -0.9308
0.1617 -0.3696 -0.9172
0.1776 -0.3700 -0.9022
0.1780 -0.3651 -0.8840
0.1795 -0.3572 -0.8851
0.1857 -0.3589 -0.8722
0.1857 -0.3589 -0.8722
0.1911 -0.3592 -0.8499
0.2089 -0.3711 -0.8561
0.2178 -0.3748 -0.8574
0.2208 -0.3699 -0.8752
0.2135 -0.3591 -0.8997
0.2135 -0.3591 -0.8997
0.2048 -0.3547 -0.9371
0.1805 -0.3595 -0.9767
0.1773 -0.3404 -0.9900
0.1703 -0.3578 -0.9978
0.1703 -0.3578 -0.9978
0.1378 -0.3392 -0.8931
0.1285 -0.3537 -0.8206
0.1760 -0.4098 -0.8229
0.2443 -0.4190 -0.8698
0.2698 -0.4500 -0.8433
0.2698 -0.4500 -0.8433
0.2629 -0.4272 -0.9179
0.2603 -0.4368 -0.9247
0.2467 -0.4220 -0.8756
0.2307 -0.4086 -0.8492
0.2237 -0.4138 -0.8145
0.2237 -0.4138 -0.8145
0.2106 -0.4146 -0.8185
0.1951 -0.4137 -0.8129
0.1839 -0.4121 -0.8068
0.1814 -0.4195 -0.7708
0.2125 -0.4508 -0.7836
0.2125 -0.4508 -0.7836
0.2383 -0.4715 -0.8339
0.2593 -0.4637 -0.8782
0.2631 -0.4818 -0.9259
0.2478 -0.4634 -1.0274
0.2150 -0.4586 -1.0631
0.2150 -0.4586 -1.0631
0.1593 -0.2767 -1.0714
0.1038 -0.3714 -1.0000
0.0181 -0.3749 -0.9801
-0.0589 -0.5025 -0.7788
-0.0589 -0.5025 -0.7788
-0.0872 -0.5086 -0.9549
-0.0883 -0.4791 -1.0131
-0.0468 -0.4486 -1.0180
0.0185 -0.3906 -1.0097
0.0595 -0.3656 -0.9594
0.0595 -0.3656 -0.9594
0.0381 -0.3528 -0.8793
0.0006 -0.3984 -0.7741
0.0082 -0.4634 -0.7325
-0.0039 -0.4828 -0.6415
-0.0034 -0.5191 -0.5787
-0.0034 -0.5191 -0.5787
0.0118 -0.5427 -0.5675
0.0385 -0.5453 -0.6261
0.0690 -0.5107 -0.6686
0.0992 -0.4763 -0.7132
0.1210 -0.4941 -0.8069
0.1210 -0.4941 -0.8069
0.1101 -0.4917 -0.8219
0.1118 -0.4989 -0.8350
0.1239 -0.5499 -0.8716
0.1164 -0.5599 -0.8768
0.1079 -0.5771 -0.9193
0.1079 -0.5771 -0.9193
0.0957 -0.5882 -0.9230
0.1073 -0.6046 -0.9625
0.1178 -0.6237 -0.9659
0.1282 -0.6424 -0.9906
0.1282 -0.6424 -0.9906
0.1296 -0.6646 -1.0145
0.1615 -0.7260 -1.0103
0.1902 -0.7834 -1.0620
0.1703 -0.7827 -1.2222
0.0753 -0.6654 -1.3256
0.0753 -0.6654 -1.3256
-0.0082 -0.4951 -1.2229
0.0076 -0.4161 -1.0171
0.1192 -0.4798 -0.8073
0.2102 -0.5466 -0.6960
0.2099 -0.5537 -0.6910
0.2099 -0.5537 -0.6910
0.1504 -0.5234 -0.6882
0.0797 -0.4691 -0.7098
0.0349 -0.3969 -0.6866
0.0390 -0.3828 -0.6681
0.0531 -0.4066 -0.6268
0.0531 -0.4066 -0.6268
0.0520 -0.4298 -0.5526
0.0313 -0.4642 -0.5161
0.0133 -0.5086 -0.4766
-0.0065 -0.5399 -0.4600
-0.0065 -0.5399 -0.4600
-0.0188 -0.5614 -0.4550
-0.0201 -0.5824 -0.5120
-0.0253 -0.5962 -0.5811
-0.0466 -0.5923 -0.6524
-0.0587 -0.5901 -0.7140
-0.0587 -0.5901 -0.7140
-0.0629 -0.5775 -0.7679
-0.0567 -0.5801 -0.8125
-0.0601 -0.5951 -0.8519
-0.0570 -0.6129 -0.8663
-0.0616 -0.6395 -0.9152
-0.0616 -0.6395 -0.9152
-0.0936 -0.6702 -0.9593
-0.1135 -0.7108 -0.9674
-0.0974 -0.7479 -0.9953
-0.1377 -0.7029 -1.1719
-0.2506 -0.5552 -1.2625
-0.2506 -0.5552 -1.2625
-0.3020 -0.3485 -1.1133
-0.2180 -0.3251 -0.9452
-0.0690 -0.4995 -0.8789
-0.0624 -0.6133 -0.9141
-0.1815 -0.6305 -0.9057
-0.1815 -0.6305 -0.9057
-0.2697 -0.5507 -0.7859
-0.2895 -0.3750 -0.6987
-0.1937 -0.3172 -0.6373
-0.0672 -0.3919 -0.6174
-0.0672 -0.3919 -0.6174
0.0419 -0.4433 -0.5988
0.0895 -0.4722 -0.5421
0.1100 -0.5250 -0.4977
0.1048 -0.5839 -0.4972
0.1022 -0.6348 -0.5699
0.1022 -0.6348 -0.5699
0.1053 -0.6599 -0.6288
0.1107 -0.6469 -0.7262
0.1357 -0.6315 -0.8070
0.1616 -0.6011 -0.8718
0.1953 -0.5917 -0.9016
0.1953 -0.5917 -0.9016
0.2448 -0.6310 -0.9372
0.2809 -0.6636 -0.9258
0.2804 -0.7223 -0.9329
0.2643 -0.8041 -0.9344
0.2360 -0.8473 -0.9968
0.2360 -0.8473 -0.9968
0.1752 -0.8273 -1.1506
0.0755 -0.7263 -1.1653
-0.0032 -0.5635 -1.0789
0.0107 -0.4605 -0.8679
0.1181 -0.4726 -0.6728
0.1181 -0.4726 -0.6728
0.2648 -0.5457 -0.5433
0.3572 -0.5975 -0.4983
0.3729 -0.6231 -0.5538
0.3222 -0.6131 -0.6909
0.3222 -0.6131 -0.6909
0.2349 -0.5906 -0.9721
0.0792 -0.5144 -0.9874
-0.0580 -0.3673 -0.9130
-0.0648 -0.4027 -0.8625
-0.0261 -0.5449 -0.7824
-0.0261 -0.5449 -0.7824
-0.0476 -0.5408 -0.6496
-0.0872 -0.5169 -0.5024
-0.0886 -0.5652 -0.4373
-0.0686 -0.6096 -0.4269
-0.0677 -0.5974 -0.4517
-0.0677 -0.5974 -0.4517
-0.0547 -0.5802 -0.5302
-0.0304 -0.5937 -0.6187
-0.0088 -0.5904 -0.6542
-0.0062 -0.5682 -0.7338
0.0071 -0.6111 -0.8539
0.0071 -0.6111 -0.8539
-0.0134 -0.6176 -0.9316
-0.0655 -0.6159 -1.0939
-0.0715 -0.6415 -1.0306
-0.0558 -0.6988 -1.0605
-0.0880 -0.7485 -1.1485
-0.0880 -0.7485 -1.1485
-0.1903 -0.5607 -1.1799
-0.2494 -0.3842 -1.0532
-0.1838 -0.3417 -0.8460
-0.0458 -0.4688 -0.7033
-0.0458 -0.4688 -0.7033
0.0449 -0.6343 -0.7039
-0.0299 -0.6975 -0.7975
-0.1009 -0.5699 -0.7945
-0.1208 -0.4841 -0.7338
-0.0640 -0.4357 -0.7352
-0.0640 -0.4357 -0.7352
0.0331 -0.4584 -0.6210
0.1200 -0.5268 -0.5845
0.1634 -0.5673 -0.5354
0.1812 -0.5960 -0.5776
0.1800 -0.6456 -0.5588
0.1800 -0.6456 -0.5588
0.1651 -0.6316 -0.5773
0.1662 -0.6554 -0.7169
0.1736 -0.6415 -0.7504
0.1792 -0.6181 -0.8521
0.1866 -0.5946 -0.9016
0.1866 -0.5946 -0.9016
0.1982 -0.5704 -0.9198
0.2144 -0.6142 -0.9333
0.1850 -0.7286 -0.9034
0.1973 -0.7963 -0.9053
0.1973 -0.7963 -0.9053
0.1923 -0.8545 -0.9356
0.1744 -0.8918 -1.0787
0.1015 -0.7919 -1.1961
-0.0201 -0.5511 -1.0804
-0.0201 -0.5511 -1.0804
-0.0506 -0.3563 -0.7991
0.0497 -0.3429 -0.5160
0.1767 -0.4806 -0.2564
0.2337 -0.6248 -0.0761
0.2751 -0.6396 -0.1288
0.2751 -0.6396 -0.1288
0.3053 -0.7098 -0.4715
0.3768 -0.7913 -1.0224
0.4776 -0.7881 -0.9873
0.1970 -0.6179 -0.7140
-0.1922 -0.4235 -0.6867
-0.1922 -0.4235 -0.6867
-0.2714 -0.0137 -0.9746
-0.0985 -0.1921 -0.8749
0.0134 -0.6366 -0.9111
0.0278 -0.6068 -0.9008
-0.0066 -0.5037 -0.7185
-0.0066 -0.5037 -0.7185
-0.0162 -0.5288 -0.7618
-0.0203 -0.5567 -0.8229
-0.0476 -0.5375 -0.8424
-0.0865 -0.5279 -0.7993
-0.0925 -0.5472 -0.8190
-0.0925 -0.5472 -0.8190
-0.0831 -0.5923 -0.8943
-0.0792 -0.6113 -0.9389
-0.0541 -0.6716 -0.9459
-0.0683 -0.7694 -1.0909
-0.0683 -0.7694 -1.0909
-0.1458 -0.7549 -1.2455
-0.2841 -0.5500 -1.2727
-0.3616 -0.3060 -1.1370
-0.3453 -0.2676 -0.8801
-0.2589 -0.3995 -0.7405
-0.2589 -0.3995 -0.7405
-0.1576 -0.5337 -0.5488
-0.0818 -0.6275 -0.4649
-0.0795 -0.7204 -0.5115
-0.1379 -0.7382 -0.6237
-0.2023 -0.6642 -0.7878
-0.2023 -0.6642 -0.7878
-0.2210 -0.5813 -0.9296
-0.1717 -0.5253 -0.9388
-0.0882 -0.4816 -0.8521
0.0110 -0.5252 -0.7592
0.0636 -0.5906 -0.6812
0.0636 -0.5906 -0.6812
0.0789 -0.6358 -0.5986
0.0540 -0.6721 -0.5866
-0.0147 -0.6716 -0.5644
0.0022 -0.6768 -0.5212
-0.0101 -0.6822 -0.5285
-0.0101 -0.6822 -0.5285
0.0208 -0.6141 -0.5442
0.0346 -0.5031 -0.7041
0.1306 -0.4935 -0.9322
0.1750 -0.3983 -1.0012
0.1750 -0.3983 -1.0012
0.1296 -0.2465 -1.1298
0.1228 -0.4532 -0.9366
0.1516 -0.4714 -0.9831
0.2266 -0.4247 -1.1045
0.2130 -0.5037 -0.9994
0.2130 -0.5037 -0.9994
0.2023 -0.5120 -1.0614
0.2077 -0.5692 -1.1093
0.1540 -0.5335 -1.2277
0.0438 -0.4368 -1.2677
-0.0550 -0.3553 -1.1893
-0.0550 -0.3553 -1.1893
-0.0835 -0.3695 -1.0185
-0.0513 -0.4175 -0.8675
-0.0071 -0.4497 -0.7676
-0.0114 -0.4457 -0.6982
0.0045 -0.4490 -0.6399
0.0045 -0.4490 -0.6399
0.0676 -0.4605 -0.6755
0.1224 -0.4737 -0.6930
0.1458 -0.4728 -0.7362
0.1239 -0.4878 -0.7885
0.1239 -0.4878 -0.7885
0.0791 -0.4915 -0.8413
0.0224 -0.4803 -0.8477
-0.0251 -0.5078 -0.8689
-0.0761 -0.5045 -0.8646
-0.1180 -0.5140 -0.8050
-0.1180 -0.5140 -0.8050
-0.1062 -0.5412 -0.7742
-0.0777 -0.5547 -0.7359
-0.0563 -0.5734 -0.7129
-0.0382 -0.6193 -0.6922
-0.0390 -0.6488 -0.6804
-0.0390 -0.6488 -0.6804
-0.0495 -0.6765 -0.7110
-0.0777 -0.6750 -0.7388
-0.1065 -0.6731 -0.7427
-0.1194 -0.6949 -0.7167
-0.1190 -0.7073 -0.6961
-0.1190 -0.7073 -0.6961
-0.1137 -0.7154 -0.6772
-0.1062 -0.7061 -0.6727
-0.0821 -0.6887 -0.6834
-0.0484 -0.6706 -0.6915
-0.0155 -0.6606 -0.6896
-0.0155 -0.6606 -0.6896
0.0050 -0.6553 -0.6933
0.0262 -0.6574 -0.6941
0.0391 -0.6621 -0.7121
0.0401 -0.6933 -0.7146
0.0401 -0.6933 -0.7146
0.0281 -0.7215 -0.7047
0.0060 -0.7612 -0.6929
-0.0263 -0.7619 -0.6915
-0.0602 -0.7491 -0.7039
-0.0900 -0.7589 -0.7039
-0.0900 -0.7589 -0.7039
-0.1167 -0.7322 -0.7059
-0.1509 -0.7033 -0.7022
-0.1679 -0.6784 -0.6940
-0.1568 -0.6842 -0.6651
-0.1306 -0.7033 -0.5949
-0.1306 -0.7033 -0.5949
-0.1036 -0.7320 -0.5332
-0.0997 -0.7654 -0.5101
-0.0996 -0.7659 -0.5011
-0.0848 -0.7709 -0.5018
-0.0525 -0.7915 -0.5299
-0.0525 -0.7915 -0.5299
-0.0226 -0.7864 -0.5748
-0.0390 -0.7963 -0.6377
-0.1126 -0.7914 -0.7100
-0.1660 -0.7753 -0.7641
-0.1870 -0.7583 -0.7084
-0.1870 -0.7583 -0.7084
-0.1483 -0.7700 -0.6462
-0.0964 -0.8154 -0.6098
-0.0657 -0.8166 -0.5650
-0.0577 -0.8110 -0.5509
-0.0577 -0.8110 -0.5509
-0.0604 -0.7934 -0.5643
-0.0616 -0.7455 -0.5659
-0.0368 -0.7289 -0.6325
-0.0403 -0.7018 -0.6629
-0.0850 -0.6977 -0.6486
-0.0850 -0.6977 -0.6486
-0.1183 -0.6999 -0.6381
-0.1281 -0.6863 -0.6031
-0.1003 -0.6783 -0.5712
-0.0706 -0.6754 -0.5530
-0.0507 -0.6719 -0.5143
-0.0507 -0.6719 -0.5143
-0.0264 -0.6786 -0.5279
-0.0268 -0.6942 -0.5489
-0.0525 -0.7066 -0.5493
-0.0838 -0.7381 -0.5549
-0.1036 -0.7668 -0.5784
-0.1036 -0.7668 -0.5784
-0.1285 -0.7874 -0.6069
-0.1812 -0.7967 -0.6402
-0.2173 -0.8062 -0.6744
-0.1927 -0.8172 -0.6979
-0.1221 -0.8278 -0.7551
-0.1221 -0.8278 -0.7551
-0.0460 -0.8268 -0.8026
0.0479 -0.8362 -0.8371
0.1495 -0.8567 -0.8508
0.2311 -0.8318 -0.9251
0.2311 -0.8318 -0.9251
0.2193 -0.8020 -1.0875
0.0958 -0.7130 -1.1440
0.0176 -0.5568 -1.0792
0.1023 -0.5157 -1.0040
0.2534 -0.5698 -0.9451
0.2534 -0.5698 -0.9451
0.3130 -0.5966 -0.9427
0.2728 -0.6076 -0.9753
0.1151 -0.5469 -0.9512
-0.0324 -0.4948 -0.9097
-0.0963 -0.4716 -0.8625
-0.0963 -0.4716 -0.8625
-0.0833 -0.4830 -0.8145
-0.0636 -0.4634 -0.7220
-0.0614 -0.4647 -0.6268
-0.0714 -0.4717 -0.5597
-0.0872 -0.4904 -0.5242
-0.0872 -0.4904 -0.5242
-0.1023 -0.5043 -0.5015
-0.1116 -0.5250 -0.4901
-0.1035 -0.5353 -0.5209
-0.0841 -0.5541 -0.5372
-0.0760 -0.5646 -0.5492
-0.0760 -0.5646 -0.5492
-0.0644 -0.5724 -0.5964
-0.0521 -0.5959 -0.6278
-0.0446 -0.6225 -0.6526
-0.0371 -0.6794 -0.7216
-0.0371 -0.6794 -0.7216
-0.0806 -0.7056 -0.8231
-0.1691 -0.7263 -0.9076
-0.2448 -0.7633 -0.9700
-0.3059 -0.7769 -1.0217
-0.3507 -0.7345 -1.1242
-0.3507 -0.7345 -1.1242
-0.4110 -0.6234 -1.2383
-0.4883 -0.5152 -1.1967
-0.4608 -0.5167 -1.0656
-0.3753 -0.5675 -0.9449
-0.3264 -0.5534 -0.7954
-0.3264 -0.5534 -0.7954
-0.3053 -0.5496 -0.7522
-0.2556 -0.4998 -0.6850
-0.1081 -0.3411 -0.6313
0.1023 -0.3482 -0.6773
0.1792 -0.3806 -0.5710
0.1792 -0.3806 -0.5710
0.0918 -0.4344 -0.4952
0.2146 -0.3212 -0.5061
0.2809 -0.4075 -0.6335
0.2527 -0.4806 -0.3696
0.2428 -0.5144 -0.5719
0.2428 -0.5144 -0.5719
0.2320 -0.5768 -0.6603
0.2415 -0.5431 -0.8377
0.2149 -0.5458 -0.9359
0.1683 -0.5582 -1.0297
0.1683 -0.5582 -1.0297
0.1120 -0.5836 -1.0556
0.0872 -0.6158 -1.0565
0.0729 -0.6850 -1.0643
0.0370 -0.7316 -1.0602
-0.0022 -0.7708 -1.0703
-0.0022 -0.7708 -1.0703
-0.0296 -0.7964 -1.0852
-0.0478 -0.7743 -1.1218
-0.0388 -0.7066 -1.1238
-0.0031 -0.6011 -1.1194
0.0535 -0.4740 -1.0343
0.0535 -0.4740 -1.0343
0.1420 -0.3942 -0.8739
0.2482 -0.4034 -0.6922
0.3663 -0.4749 -0.5665
0.4449 -0.5354 -0.5590
0.4380 -0.5397 -0.6782
0.4380 -0.5397 -0.6782
0.3169 -0.4763 -0.7632
0.1609 -0.4028 -0.9139
0.0689 -0.3561 -1.1143
0.0258 -0.3025 -1.0611
0.0258 -0.3025 -1.0611
0.0230 -0.3092 -0.9892
0.0194 -0.3987 -0.8884
-0.0268 -0.4079 -0.7629
-0.0785 -0.4516 -0.6611
-0.1006 -0.5036 -0.5975
-0.1006 -0.5036 -0.5975
-0.1040 -0.5273 -0.5798
-0.1122 -0.5495 -0.5861
-0.1208 -0.5325 -0.6084
-0.1236 -0.5129 -0.6504
-0.1128 -0.5064 -0.6662
-0.1128 -0.5064 -0.6662
-0.0692 -0.5291 -0.6717
-0.0377 -0.5664 -0.6943
-0.0609 -0.5871 -0.7343
-0.1285 -0.6208 -0.8030
-0.1885 -0.6813 -0.9108
-0.1885 -0.6813 -0.9108
-0.2161 -0.6723 -1.0364
-0.2487 -0.5936 -1.1409
-0.2610 -0.4638 -1.1737
-0.1904 -0.3786 -1.1019
-0.0863 -0.4118 -0.9674
-0.0863 -0.4118 -0.9674
0.0209 -0.5431 -0.8857
-0.0244 -0.5965 -0.8605
-0.1823 -0.6115 -0.8681
-0.2883 -0.5732 -0.8243
-0.2883 -0.5732 -0.8243
-0.2939 -0.4820 -0.7733
-0.1955 -0.4912 -0.6807
-0.0566 -0.5401 -0.6171
0.0291 -0.5545 -0.5444
0.0613 -0.5730 -0.4728
0.0613 -0.5730 -0.4728
0.0828 -0.5819 -0.4198
0.1225 -0.6016 -0.4212
0.1760 -0.6242 -0.4858
0.2516 -0.6006 -0.5535
0.3147 -0.5503 -0.6809
0.3147 -0.5503 -0.6809
0.3338 -0.5180 -0.8181
0.3315 -0.5191 -0.9557
0.2901 -0.5332 -1.0304
0.2013 -0.5821 -1.0343
0.1066 -0.6477 -1.0005
0.1066 -0.6477 -1.0005
0.0113 -0.7086 -0.9479
-0.0541 -0.7550 -0.9068
-0.0606 -0.7888 -0.9047
-0.0151 -0.8313 -0.9094
0.0385 -0.8204 -0.9758
0.0385 -0.8204 -0.9758
0.0426 -0.7554 -1.0468
0.0467 -0.6671 -1.1352
0.0356 -0.5265 -1.1093
0.0928 -0.4406 -0.9160
0.0928 -0.4406 -0.9160
0.2410 -0.4722 -0.7231
0.3827 -0.5641 -0.5567
0.4720 -0.6276 -0.5481
0.4472 -0.6273 -0.7400
0.3109 -0.5320 -0.9125
0.3109 -0.5320 -0.9125
0.1832 -0.3969 -1.0680
0.1426 -0.2994 -1.0395
0.1728 -0.2924 -0.9251
0.1956 -0.3755 -0.8269
0.1442 -0.3995 -0.6880
0.1442 -0.3995 -0.6880
0.0796 -0.4473 -0.6025
0.0191 -0.5150 -0.5656
-0.0313 -0.5742 -0.5615
-0.0611 -0.6055 -0.5634
-0.0635 -0.6164 -0.6116
-0.0635 -0.6164 -0.6116
-0.0428 -0.6017 -0.6998
-0.0191 -0.5832 -0.7858
0.0462 -0.5547 -0.8710
0.0829 -0.5325 -0.8792
0.0829 -0.5325 -0.8792
0.0941 -0.5121 -0.8955
0.0753 -0.5099 -0.9005
0.0277 -0.5370 -0.9181
-0.0272 -0.6333 -0.8937
-0.0272 -0.6333 -0.8937
-0.0589 -0.7076 -0.8958
-0.1225 -0.7681 -0.9450
-0.2152 -0.7235 -1.0550
-0.2919 -0.5822 -1.0522
-0.2769 -0.4807 -0.8977
-0.2769 -0.4807 -0.8977
-0.1644 -0.5453 -0.7627
-0.0245 -0.6431 -0.6140
0.0430 -0.6798 -0.5496
0.0490 -0.6917 -0.6336
-0.0217 -0.6426 -0.7928
-0.0217 -0.6426 -0.7928
-0.0738 -0.5180 -0.8615
-0.0222 -0.4585 -0.8544
0.0747 -0.4589 -0.7672
0.1660 -0.4696 -0.6378
0.2300 -0.5310 -0.5801
0.2300 -0.5310 -0.5801
0.1913 -0.5867 -0.5367
0.1626 -0.6122 -0.4743
0.1761 -0.6140 -0.5047
0.1716 -0.6572 -0.5627
0.1501 -0.6646 -0.6441
0.1501 -0.6646 -0.6441
0.1290 -0.6366 -0.7160
0.1139 -0.6047 -0.7723
0.0886 -0.5844 -0.7845
0.0235 -0.5544 -0.8376
0.0235 -0.5544 -0.8376
-0.0426 -0.5186 -0.9420
-0.0777 -0.5413 -0.9654
-0.0947 -0.5580 -0.9611
-0.1278 -0.5886 -0.9912
-0.1772 -0.6053 -0.9748
-0.1772 -0.6053 -0.9748
-0.2070 -0.5804 -0.9258
-0.1604 -0.5804 -0.9720
-0.0947 -0.6147 -1.0323
-0.0546 -0.5574 -1.1306
-0.0722 -0.3699 -1.1724
-0.0722 -0.3699 -1.1724
-0.0769 -0.2160 -1.0802
-0.0253 -0.2080 -0.9652
0.0442 -0.2951 -0.8568
0.0914 -0.3527 -0.8035
0.1054 -0.3744 -0.8095
0.1054 -0.3744 -0.8095
0.0699 -0.3756 -0.8396
0.0151 -0.3450 -0.8476
0.0061 -0.3396 -0.8468
0.0352 -0.3561 -0.8430
0.0818 -0.3939 -0.8638
0.0818 -0.3939 -0.8638
0.0775 -0.3781 -0.8661
0.0214 -0.3697 -0.9323
0.0292 -0.3941 -0.9405
0.0348 -0.3670 -0.9484
0.0348 -0.3670 -0.9484
0.0393 -0.3766 -0.9453
0.0204 -0.3768 -0.9349
0.0062 -0.3508 -0.8706
0.0190 -0.3660 -0.8951
0.0421 -0.4022 -0.9269
0.0421 -0.4022 -0.9269
0.0460 -0.3974 -0.9179
0.0287 -0.3943 -0.8936
0.0172 -0.4116 -0.8453
0.0167 -0.4035 -0.8356
0.0381 -0.3781 -0.8803
0.0381 -0.3781 -0.8803
0.0356 -0.3762 -0.9226
0.0254 -0.3693 -0.9664
0.0379 -0.3669 -0.9012
0.0499 -0.3560 -0.9121
0.0298 -0.3617 -0.9463
0.0298 -0.3617 -0.9463
-0.0022 -0.3565 -0.9326
-0.0053 -0.3615 -0.9222
0.0087 -0.3858 -0.9166
0.0210 -0.4061 -0.9451
0.0465 -0.4211 -0.9625
0.0465 -0.4211 -0.9625
0.0459 -0.3992 -0.9521
0.0474 -0.3830 -0.9154
0.0355 -0.3793 -0.8901
0.0313 -0.3773 -0.8763
0.0313 -0.3773 -0.8763
0.0238 -0.3699 -0.8828
0.0239 -0.3700 -0.9050
0.0208 -0.3759 -0.8999
0.0423 -0.3680 -0.8923
0.0470 -0.3564 -0.9191
0.0470 -0.3564 -0.9191
0.0499 -0.3581 -0.9384
0.0435 -0.3565 -0.9447
0.0342 -0.3547 -0.9354
0.0416 -0.3442 -0.9047
0.0420 -0.3519 -0.9082
0.0420 -0.3519 -0.9082
0.0324 -0.3536 -0.9301
0.0460 -0.3628 -0.9248
0.0508 -0.3627 -0.8907
0.0506 -0.3629 -0.8890
0.0448 -0.3686 -0.9061
0.0448 -0.3686 -0.9061
0.0335 -0.3605 -0.9089
0.0247 -0.3473 -0.9180
0.0234 -0.3345 -0.9376
0.0359 -0.3310 -0.9493
0.0359 -0.3310 -0.9493
0.0404 -0.3253 -0.9517
0.0312 -0.3182 -0.9413
0.0227 -0.3307 -0.9319
0.0152 -0.3337 -0.9263
0.0106 -0.3358 -0.9200
0.0106 -0.3358 -0.9200
0.0174 -0.3369 -0.9206
0.0165 -0.3355 -0.9280
0.0200 -0.3303 -0.9194
0.0257 -0.3315 -0.9098
0.0276 -0.3421 -0.9061
0.0276 -0.3421 -0.9061
0.0232 -0.3442 -0.9246
0.0185 -0.3434 -0.9420
0.0183 -0.3367 -0.9433
0.0197 -0.3255 -0.9361
0.0257 -0.3261 -0.9182
0.0257 -0.3261 -0.9182
0.0311 -0.3363 -0.9172
0.0261 -0.3344 -0.9383
0.0211 -0.3363 -0.9548
0.0210 -0.3296 -0.9350
0.0105 -0.3319 -0.9207
0.0105 -0.3319 -0.9207
0.0176 -0.3332 -0.9256
0.0133 -0.3320 -0.9173
0.0153 -0.3345 -0.9303
0.0204 -0.3443 -0.9249
0.0204 -0.3443 -0.9249
0.0129 -0.3338 -0.9159
0.0166 -0.3342 -0.9184
0.0212 -0.3327 -0.9332
0.0253 -0.3341 -0.9304
0.0260 -0.3355 -0.9293
0.0260 -0.3355 -0.9293
0.0227 -0.3360 -0.9279
0.0167 -0.3362 -0.9208
0.0257 -0.3350 -0.9018
0.0249 -0.3277 -0.9177
0.0187 -0.3459 -0.9375
0.0187 -0.3459 -0.9375
0.0273 -0.3277 -0.9280
0.0154 -0.3268 -0.9232
0.0067 -0.3410 -0.9425
0.0097 -0.3512 -0.9499
0.0200 -0.3452 -0.9656
0.0200 -0.3452 -0.9656
0.0291 -0.3335 -0.9372
0.0197 -0.3340 -0.8962
0.0143 -0.3276 -0.8997
0.0174 -0.3474 -0.9182
0.0277 -0.3448 -0.9279
0.0277 -0.3448 -0.9279
0.0353 -0.3428 -0.9244
0.0299 -0.3365 -0.9215
0.0224 -0.3180 -0.9174
0.0192 -0.3262 -0.9144
0.0192 -0.3262 -0.9144
0.0161 -0.3284 -0.9049
0.0283 -0.3329 -0.9207
0.0363 -0.3410 -0.9266
0.0287 -0.3297 -0.9285
0.0223 -0.3331 -0.9386
0.0218 -0.3285 -0.9453
0.0277 -0.3279 -0.9340
0.0262 -0.3343 -0.9105
0.0227 -0.3428 -0.9203
0.0226 -0.3392 -0.9334
0.0226 -0.3392 -0.9334
0.0290 -0.3247 -0.9346
0.0297 -0.3301 -0.9240
0.0213 -0.3296 -0.9244
0.0212 -0.3353 -0.9221
0.0210 -0.3343 -0.9271
0.0210 -0.3343 -0.9271
0.0224 -0.3292 -0.9343
0.0231 -0.3304 -0.9304
0.0218 -0.3347 -0.9180
0.0231 -0.3323 -0.9282
0.0187 -0.3325 -0.9353
0.0187 -0.3325 -0.9353
0.0161 -0.3398 -0.9312
0.0185 -0.3338 -0.9199
0.0267 -0.3323 -0.9254
0.0251 -0.3359 -0.9172
0.0251 -0.3359 -0.9172
0.0249 -0.3324 -0.9277
0.0240 -0.3320 -0.9268
0.0205 -0.3377 -0.9261
0.0260 -0.3384 -0.9235
0.0277 -0.3328 -0.9227
0.0277 -0.3328 -0.9227
0.0283 -0.3340 -0.9212
0.0376 -0.3391 -0.9327
0.0345 -0.3392 -0.9369
0.0204 -0.3299 -0.9288
0.0140 -0.3268 -0.9159
0.0140 -0.3268 -0.9159
0.0149 -0.3331 -0.9137
0.0222 -0.3410 -0.9254
0.0258 -0.3424 -0.9427
0.0246 -0.3398 -0.9395
0.0271 -0.3296 -0.9282
0.0271 -0.3296 -0.9282
0.0292 -0.3233 -0.9210
0.0425 -0.3052 -0.8697
0.0157 -0.3868 -0.9699
0.0113 -0.3407 -0.9546
0.0388 -0.3124 -0.9064

