0.0000 0.0000 0.0000
0.0000 0.0000 0.0000
0.0000 0.0000 0.0000
0.0000 0.0000 0.0000
0.0000 0.0000 0.0000
0.0000 0.0000 0.0000
0.0000 0.0000 0.0000
0.0000 0.0000 0.0000
0.0000 0.0000 0.0000
0.0000 0.0000 0.0000
0.0000 0.0000 0.0000
0.0808 -0.0997 -0.9677
0.0874 -0.0964 -0.9743
0.0870 -0.0960 -0.9735
0.0867 -0.0971 -0.9697
0.0810 -0.0977 -0.9612
0.0705 -0.0958 -0.9542
0.0615 -0.0947 -0.9586
0.0568 -0.0903 -0.9659
0.0568 -0.0903 -0.9659
0.0579 -0.0770 -0.9828
0.0632 -0.0573 -0.9984
0.0695 -0.0582 -1.0114
0.0763 -0.0828 -0.9298
0.0763 -0.0828 -0.9298
0.0886 -0.0973 -0.9232
0.1162 -0.0935 -0.9542
0.1349 -0.0897 -0.9819
0.1435 -0.0878 -0.9848
0.1456 -0.0799 -0.9708
0.1456 -0.0799 -0.9708
0.1452 -0.0748 -0.9683
0.1370 -0.0721 -0.9708
0.1344 -0.0551 -0.9783
0.1370 -0.0363 -0.9704
0.1383 -0.0363 -0.9716
0.1383 -0.0363 -0.9716
0.1395 -0.0426 -0.9929
0.1375 -0.0296 -1.0029
0.1327 -0.0204 -1.0056
0.1218 -0.0292 -1.0073
0.0955 -0.0453 -0.9848
0.0955 -0.0453 -0.9848
0.0612 -0.0586 -0.9608
0.0341 -0.0698 -0.9515
0.0118 -0.0889 -0.9556
-0.0059 -0.1081 -0.9626
-0.0151 -0.1283 -0.9589
-0.0151 -0.1283 -0.9589
-0.0234 -0.1558 -0.9408
-0.0246 -0.1827 -0.9417
-0.0149 -0.1937 -0.9825
-0.0039 -0.1733 -1.0384
0.0007 -0.1328 -1.0872
0.0135 -0.1098 -1.0974
0.0327 -0.1252 -1.0941
0.0511 -0.1451 -1.0883
0.0554 -0.1336 -1.0643
0.0554 -0.1336 -1.0643
0.0476 -0.1049 -1.0186
0.0368 -0.0902 -0.9766
0.0340 -0.0758 -0.9560
0.0336 -0.0690 -0.9271
0.0403 -0.0818 -0.9198
0.0403 -0.0818 -0.9198
0.0555 -0.0939 -0.9400
0.0652 -0.0819 -0.9722
0.0756 -0.0619 -0.9846
0.0757 -0.0652 -0.9737
0.0784 -0.0812 -0.9477
0.0784 -0.0812 -0.9477
0.0860 -0.0965 -0.9414
0.0956 -0.1085 -0.9560
0.1042 -0.1111 -0.9767
0.1060 -0.1002 -0.9878
0.1060 -0.1002 -0.9878
0.1123 -0.0909 -1.0042
0.1127 -0.0935 -0.9842
0.1051 -0.1138 -0.9446
0.1008 -0.1271 -0.9152
0.1025 -0.1289 -0.9057
0.1025 -0.1289 -0.9057
0.1119 -0.1321 -0.9414
0.1163 -0.1199 -1.0143
0.1180 -0.0933 -1.0590
0.1062 -0.0740 -1.0609
0.0883 -0.0772 -1.0235
0.0883 -0.0772 -1.0235
0.0781 -0.0996 -0.9786
0.0734 -0.1168 -0.9491
0.0715 -0.1205 -0.9366
0.0693 -0.1191 -0.9309
0.0684 -0.1212 -0.9275
0.0684 -0.1212 -0.9275
0.0824 -0.1264 -0.9638
0.0957 -0.1246 -0.9969
0.0983 -0.1156 -1.0000
0.0995 -0.1109 -0.9977
0.0956 -0.1145 -0.9914
0.0956 -0.1145 -0.9914
0.0843 -0.1147 -0.9669
0.0755 -0.1151 -0.9488
0.0762 -0.1113 -0.9584
0.0812 -0.1014 -0.9765
0.0812 -0.1014 -0.9765
0.0788 -0.0986 -0.9729
0.0841 -0.1050 -0.9605
0.0999 -0.1133 -0.9720
0.1207 -0.1100 -1.0044
0.1283 -0.1021 -1.0247
0.1283 -0.1021 -1.0247
0.1262 -0.1019 -1.0082
0.1205 -0.1130 -0.9655
0.1204 -0.1185 -0.9445
0.1202 -0.1175 -0.9489
0.1160 -0.1190 -0.9563
0.1160 -0.1190 -0.9563
0.1110 -0.1217 -0.9530
0.1088 -0.1196 -0.9499
0.1093 -0.1175 -0.9618
0.1122 -0.1185 -0.9706
0.0987 -0.1297 -0.9728
0.0987 -0.1297 -0.9728
0.0810 -0.1244 -0.9657
0.0639 -0.1076 -0.9530
0.0629 -0.1018 -0.9634
0.0697 -0.1049 -0.9811
0.0728 -0.1098 -0.9931
0.0728 -0.1098 -0.9931
0.0758 -0.1099 -0.9940
0.0840 -0.1088 -0.9967
0.0917 -0.1083 -1.0084
0.0982 -0.1014 -1.0036
0.0982 -0.1014 -1.0036
0.1083 -0.1004 -0.9846
0.1160 -0.1194 -0.9780
0.1190 -0.1261 -0.9714
0.1200 -0.1128 -0.9598
0.1158 -0.1038 -0.9589
0.1158 -0.1038 -0.9589
0.1175 -0.0977 -0.9555
0.1189 -0.1037 -0.9454
0.1145 -0.1097 -0.9363
0.1123 -0.1002 -0.9342
0.1178 -0.0933 -0.9381
0.1178 -0.0933 -0.9381
0.1299 -0.0947 -0.9408
0.1417 -0.0988 -0.9391
0.1519 -0.1003 -0.9326
0.1572 -0.1049 -0.9356
0.1634 -0.0984 -0.9490
0.1634 -0.0984 -0.9490
0.1643 -0.0851 -0.9572
0.1748 -0.0931 -0.9819
0.1884 -0.0970 -1.0206
0.1949 -0.0906 -1.0516
0.1949 -0.0906 -1.0516
0.2064 -0.0728 -1.0853
0.2169 -0.0602 -1.1046
0.2319 -0.0649 -1.0930
0.2460 -0.0613 -1.0684
0.2460 -0.0613 -1.0684
0.2544 -0.0715 -1.0436
0.2616 -0.0908 -1.0365
0.2500 -0.1371 -0.9714
0.2806 -0.0587 -1.0315
0.2819 -0.1532 -1.0940
0.2819 -0.1532 -1.0940
0.2806 -0.0122 -1.1604
0.2893 -0.1280 -1.0304
0.2298 -0.1688 -0.8835
0.2164 -0.1866 -0.9071
0.2336 -0.1635 -0.8880
0.2336 -0.1635 -0.8880
0.2528 -0.1188 -0.8827
0.2373 -0.1098 -0.9316
0.2072 -0.1201 -0.9321
0.1960 -0.1239 -0.9418
0.1822 -0.1266 -0.9083
0.1822 -0.1266 -0.9083
0.1560 -0.1344 -0.8639
0.3379 -0.2496 -1.2931
0.1911 -0.3569 -0.9783
0.1462 -0.3086 -0.8177
0.1296 -0.2391 -0.6744
0.1296 -0.2391 -0.6744
0.1794 -0.2770 -0.6037
0.2134 -0.3128 -0.8689
0.2721 -0.2742 -1.2236
0.3495 -0.2446 -1.2020
0.3495 -0.2446 -1.2020
0.1915 -0.3233 -0.9279
0.1808 -0.2181 -0.9164
0.1864 -0.3228 -0.8885
0.2805 -0.4525 -0.9152
0.2464 -0.4147 -0.8590
0.2464 -0.4147 -0.8590
0.2047 -0.3970 -0.8619
0.1602 -0.4500 -0.9066
0.1205 -0.4861 -0.9715
0.0812 -0.4590 -1.0165
0.0772 -0.3863 -0.8929
0.0772 -0.3863 -0.8929
0.0911 -0.3644 -0.8569
0.1142 -0.3986 -0.8787
0.1362 -0.4111 -0.9188
0.1119 -0.3600 -0.9414
0.0674 -0.3191 -0.9598
0.0674 -0.3191 -0.9598
0.0245 -0.3212 -0.9119
-0.0016 -0.3492 -0.8331
-0.0285 -0.3621 -0.7481
-0.0731 -0.3514 -0.7239
-0.1077 -0.3415 -0.7734
-0.1077 -0.3415 -0.7734
-0.1224 -0.3515 -0.8425
-0.1315 -0.3851 -0.8961
-0.1572 -0.4068 -0.8695
-0.1868 -0.4247 -0.8508
-0.1868 -0.4247 -0.8508
-0.1638 -0.4843 -0.8593
-0.1141 -0.4944 -0.8400
-0.0358 -0.4415 -0.8092
-0.0414 -0.4301 -0.7825
-0.0603 -0.4203 -0.8505
-0.0603 -0.4203 -0.8505
-0.0769 -0.4387 -0.7771
-0.0989 -0.4274 -0.8314
-0.1805 -0.5887 -0.7818
-0.1895 -0.6675 -0.7724
-0.2169 -0.6228 -0.7831
-0.2169 -0.6228 -0.7831
-0.2595 -0.5778 -0.8446
-0.2337 -0.5603 -0.8289
-0.1850 -0.5701 -0.8210
-0.1643 -0.5401 -0.8501
-0.1615 -0.5268 -0.8556
-0.1615 -0.5268 -0.8556
-0.1687 -0.5789 -0.8512
-0.1336 -0.6137 -0.8530
-0.0748 -0.6464 -0.8552
-0.0824 -0.6440 -0.9382
-0.1254 -0.6377 -0.9962
-0.1254 -0.6377 -0.9962
-0.1270 -0.5149 -1.2106
-0.1337 -0.4319 -1.1487
-0.1378 -0.3960 -0.9004
-0.0769 -0.3962 -0.6815
-0.0769 -0.3962 -0.6815
0.0197 -0.4648 -0.7086
0.1022 -0.5143 -0.8270
0.1214 -0.4976 -0.9706
-0.0179 -0.4533 -0.8544
-0.0179 -0.4533 -0.8544
-0.1174 -0.4440 -0.9734
-0.1288 -0.4508 -0.8772
-0.1676 -0.4494 -0.7474
-0.1919 -0.4539 -0.6976
-0.1857 -0.4822 -0.7093
-0.1460 -0.4886 -0.7299
-0.1101 -0.5044 -0.7991
-0.0852 -0.5229 -0.8173
-0.0737 -0.5265 -0.8267
-0.0551 -0.5218 -0.8638
-0.0551 -0.5218 -0.8638
-0.0213 -0.5202 -0.9367
-0.0342 -0.5037 -0.9412
-0.0745 -0.5387 -0.8387
-0.0644 -0.4588 -0.8914
-0.0327 -0.3779 -0.8667
-0.0327 -0.3779 -0.8667
0.0107 -0.3541 -0.8831
0.0087 -0.3863 -0.9008
-0.0469 -0.3905 -0.9366
-0.0993 -0.4198 -0.8725
-0.0993 -0.4198 -0.8725
-0.1263 -0.4800 -0.8012
-0.1422 -0.5130 -0.7549
-0.1364 -0.5031 -0.8395
-0.1386 -0.4094 -1.0189
-0.1589 -0.2772 -1.3050
-0.1589 -0.2772 -1.3050
-0.1390 -0.2208 -1.2319
-0.0655 -0.2358 -0.9533
-0.0776 -0.2722 -0.7874
-0.1017 -0.3526 -0.7511
-0.1321 -0.4239 -0.7502
-0.1321 -0.4239 -0.7502
-0.1214 -0.4357 -0.7805
-0.0824 -0.4013 -0.8442
-0.0534 -0.3213 -0.8651
0.0051 -0.2987 -0.9287
0.0242 -0.3301 -0.9253
0.0242 -0.3301 -0.9253
-0.0256 -0.3399 -0.9401
-0.0158 -0.3348 -0.9341
-0.0774 -0.3879 -0.9302
-0.0722 -0.3645 -0.8941
-0.0722 -0.3645 -0.8941
-0.0739 -0.3892 -0.8900
-0.0934 -0.3796 -0.9279
-0.0879 -0.3681 -0.9351
-0.0727 -0.3605 -0.9480
-0.0833 -0.3611 -0.8991
-0.0833 -0.3611 -0.8991
-0.1011 -0.3584 -0.8911
-0.1101 -0.3720 -0.9216
-0.1023 -0.3801 -0.9212
-0.0919 -0.3965 -0.8887
-0.0915 -0.3982 -0.9012
-0.0915 -0.3982 -0.9012
-0.1065 -0.4056 -0.9374
-0.0950 -0.4025 -0.8872
-0.0786 -0.4088 -0.8755
-0.0619 -0.4148 -0.8613
-0.0571 -0.4109 -0.8660
-0.0571 -0.4109 -0.8660
-0.0663 -0.4123 -0.8889
-0.0720 -0.3974 -0.8652
-0.0576 -0.3803 -0.8641
-0.0553 -0.4041 -0.8559
-0.0524 -0.4063 -0.8385
-0.0524 -0.4063 -0.8385
-0.0711 -0.4014 -0.8376
-0.0750 -0.3948 -0.8315
-0.0476 -0.4029 -0.8675
-0.0471 -0.4180 -0.8799
-0.0471 -0.4180 -0.8799
-0.0563 -0.4160 -0.8796
-0.0376 -0.3959 -0.8586
-0.0212 -0.4155 -0.9210
-0.0189 -0.4267 -0.9281
-0.0193 -0.4186 -0.9272
-0.0193 -0.4186 -0.9272
-0.0110 -0.4079 -0.8995
-0.0162 -0.3996 -0.8846
-0.0115 -0.4210 -0.8947
-0.0066 -0.4204 -0.8955
-0.0057 -0.4167 -0.9037
-0.0057 -0.4167 -0.9037
-0.0111 -0.4074 -0.8890
-0.0149 -0.3868 -0.8955
-0.0128 -0.3920 -0.9016
-0.0239 -0.4000 -0.9115
-0.0126 -0.3973 -0.8976
-0.0126 -0.3973 -0.8976
-0.0072 -0.3869 -0.9066
-0.0059 -0.3887 -0.9241
-0.0065 -0.3881 -0.9133
-0.0044 -0.3967 -0.9182
-0.0145 -0.3730 -0.8875
-0.0145 -0.3730 -0.8875
-0.0376 -0.3648 -0.8685
-0.0529 -0.3779 -0.8958
-0.0275 -0.3696 -0.9462
-0.0008 -0.3654 -0.9415
-0.0008 -0.3654 -0.9415
-0.0031 -0.3680 -0.9235
-0.0148 -0.3660 -0.9226
-0.0081 -0.3778 -0.9228
-0.0003 -0.3769 -0.9283
0.0015 -0.3787 -0.9211
0.0015 -0.3787 -0.9211
0.0108 -0.3709 -0.9121
0.0045 -0.3682 -0.9170
0.0047 -0.3684 -0.9162
0.0096 -0.3671 -0.9271
0.0055 -0.3703 -0.9130
0.0055 -0.3703 -0.9130
-0.0036 -0.3562 -0.9005
-0.0072 -0.3670 -0.9084
-0.0093 -0.3633 -0.9013
-0.0040 -0.3492 -0.8969
0.0105 -0.3651 -0.9027
0.0105 -0.3651 -0.9027
0.0189 -0.3606 -0.9182
0.0150 -0.3566 -0.9412
0.0125 -0.3558 -0.9247
0.0061 -0.3490 -0.9143
0.0009 -0.3529 -0.9131
0.0009 -0.3529 -0.9131
0.0095 -0.3644 -0.9118
0.0129 -0.3602 -0.9243
0.0101 -0.3631 -0.9223
0.0049 -0.3702 -0.9219
0.0049 -0.3702 -0.9219
0.0030 -0.3600 -0.9193
0.0085 -0.3519 -0.9202
0.0007 -0.3472 -0.9195
0.0040 -0.3600 -0.9264
0.0118 -0.3596 -0.9219
0.0118 -0.3596 -0.9219
0.0080 -0.3566 -0.9208
0.0089 -0.3553 -0.9254
0.0075 -0.3561 -0.9168
0.0120 -0.3562 -0.9253
0.0143 -0.3644 -0.9236
0.0143 -0.3644 -0.9236
0.0076 -0.3666 -0.9193
0.0182 -0.3560 -0.9193
0.0143 -0.3535 -0.9353
0.0078 -0.3537 -0.9326
0.0043 -0.3544 -0.9182
0.0043 -0.3544 -0.9182
0.0055 -0.3587 -0.9132
0.0059 -0.3607 -0.9119
0.0116 -0.3615 -0.9163
0.0099 -0.3613 -0.9153
0.0031 -0.3660 -0.9131
0.0031 -0.3660 -0.9131
0.0029 -0.3569 -0.9153
0.0000 -0.3442 -0.9402
0.0064 -0.3546 -0.9356
0.0067 -0.3601 -0.9146
0.0067 -0.3601 -0.9146
0.0044 -0.3621 -0.8952
0.0050 -0.3664 -0.9052
0.0080 -0.3676 -0.9135
0.0196 -0.3664 -0.9127
0.0119 -0.3587 -0.9205
0.0119 -0.3587 -0.9205
0.0080 -0.3534 -0.9142
0.0160 -0.3569 -0.9200
0.0139 -0.3527 -0.8890
0.0129 -0.3737 -0.9230
0.0116 -0.3777 -0.9179
0.0116 -0.3777 -0.9179
0.0134 -0.3726 -0.9172
0.0180 -0.3637 -0.9153
0.0052 -0.3531 -0.9258

