0.0196 0.0161 0.0072
0.0038 0.0306 0.0049
0.0135 0.0003 0.0012
0.0193 -0.0088 0.0021
0.0274 -0.0062 0.0061
0.0252 0.0089 0.0123
0.0282 0.0400 0.0255
0.0235 0.0407 0.0326
0.0161 0.0249 0.0359
0.0088 0.0037 0.0221
0.0061 0.0004 0.0048
0.0091 -0.0051 0.0059
0.0218 -0.0049 -0.0001
0.0283 0.0063 0.0057
0.0308 0.0073 0.0064
0.0164 0.0032 0.0075
0.0001 0.0140 0.0070
0.0062 0.0132 0.0023
0.0310 -0.0013 -0.0064
0.0211 0.0115 -0.0032
0.0066 0.0158 -0.0041
-0.0173 0.0270 -0.0020
-0.0161 0.0162 0.0069
0.0042 0.0064 0.0120
0.0316 0.0017 0.0081
0.0168 0.0310 0.0108
0.0175 0.0404 0.0172
0.0220 0.0232 0.0148
-0.0107 0.0051 0.0187
-0.0267 0.0111 0.0135
-0.0155 0.0219 0.0117
0.0334 0.0305 0.0097
0.0446 0.0310 0.0063
0.0393 0.0269 0.0051
0.0341 0.0327 -0.0001
0.0496 0.0332 -0.0174
0.0419 0.0305 -0.0104
0.0209 0.0495 -0.0052
-0.0064 0.0361 -0.0053
-0.0191 0.0016 -0.0078
-0.0270 -0.0092 -0.0113
-0.0257 0.0007 0.0019
-0.0014 0.0225 -0.0080
0.0097 0.0208 0.0008
0.0065 0.0255 0.0044
0.0143 -0.0023 0.0160
0.0330 -0.0115 0.0151
0.0345 -0.0134 0.0016
0.0208 -0.0058 -0.0010
0.0233 0.0071 -0.0056
0.0454 -0.0015 -0.0016
0.0647 0.0009 -0.0055
0.0655 0.0063 -0.0103
0.0355 -0.0057 -0.0058
0.0253 -0.0146 -0.0030
0.0320 -0.0192 -0.0003
0.0127 -0.0030 -0.0003
0.0132 0.0189 0.0013
0.0314 0.0198 -0.0006
0.0467 0.0089 -0.0042
0.0433 0.0036 -0.0012
0.0128 0.0121 -0.0044
-0.0064 0.0008 -0.0015
-0.0077 0.0063 -0.0090
0.0139 0.0042 -0.0089
0.0247 -0.0113 -0.0066
0.0098 -0.0115 -0.0076
-0.0153 -0.0022 -0.0060
0.0203 0.0000 0.0062
0.0315 -0.0060 0.0017
0.0362 -0.0329 0.0085
0.0039 -0.0059 0.0023
-0.0122 0.0132 0.0085
-0.0039 0.0491 0.0131
0.0408 0.0379 0.0104
0.0587 0.0179 0.0091
0.0377 0.0103 0.0061
-0.0136 0.0262 0.0082
-0.0157 0.0332 0.0087
0.0304 0.0170 0.0083
0.0599 0.0074 0.0095
0.0405 0.0034 0.0092
-0.0061 -0.0077 0.0161
0.0175 0.0053 0.0142
0.0347 0.0047 0.0106
0.0334 0.0032 0.0087
0.0187 0.0191 0.0060
0.0065 0.0279 0.0065
0.0219 0.0389 0.0007
0.0217 0.0324 0.0072
-0.0051 0.0109 0.0153
-0.0192 -0.0152 0.0261
-0.0052 -0.0323 0.0201
0.0257 -0.0304 0.0032
0.0503 0.0047 -0.0103
0.0581 0.0181 -0.0063
0.0291 0.0394 0.0007
-0.0065 0.0167 0.0192
-0.0149 -0.0019 0.0186
-0.0019 -0.0083 0.0181
0.0285 0.0095 0.0094
0.0304 0.0116 0.0003
0.0199 0.0172 -0.0011
0.0128 0.0043 -0.0054
0.0123 0.0026 -0.0022
0.0061 0.0266 0.0086
0.0077 0.0300 0.0057
0.0093 0.0129 0.0025
0.0072 -0.0189 0.0003
0.0217 0.0095 -0.0070
0.0210 0.0250 -0.0055
0.0205 0.0282 -0.0063
0.0208 0.0209 -0.0006
0.0271 0.0091 0.0034
0.0415 0.0088 0.0032
0.0402 0.0151 0.0049
0.0401 0.0192 0.0052
0.0266 -0.0009 0.0007
0.0163 0.0048 0.0055
0.0254 0.0170 0.0134
0.0552 0.0063 0.0122
0.0503 -0.0152 0.0093
0.0234 0.0020 0.0061
0.0037 0.0126 0.0126
0.0403 0.0041 0.0104
0.0285 0.0204 0.0152
0.0290 0.0237 0.0150
0.0324 0.0105 0.0084
0.0199 -0.0012 0.0115
0.0108 0.0191 0.0151
0.0217 0.0431 0.0181
0.0363 0.0057 0.0141
0.0358 -0.0168 0.0099
0.0265 -0.0168 0.0095
0.0302 -0.0113 0.0104
0.0317 -0.0046 0.0143
0.0325 0.0130 0.0061
0.0488 -0.0178 -0.0064
0.0361 -0.0013 -0.0140
0.0066 0.0140 -0.0059
-0.0073 0.0163 -0.0013
-0.0183 -0.0134 0.0030
-0.0111 -0.0303 -0.0046
0.0077 -0.0496 -0.0061
0.0325 -0.0497 -0.0228
0.0826 -0.0325 -0.0151
0.0771 0.0126 -0.0148
0.0042 0.0326 -0.0033
-0.0288 0.0200 0.0078
-0.0215 0.0082 0.0075
0.0058 0.0065 -0.0021
0.0318 0.0084 0.0021
0.0480 0.0020 -0.0049
0.0343 0.0096 -0.0145
0.0352 0.0161 -0.0151
0.0386 0.0221 -0.0098
0.0248 0.0241 0.0036
-0.0014 0.0285 0.0067
-0.0110 0.0252 0.0081
-0.0046 0.0183 -0.0057
0.0280 0.0190 -0.0085
0.0384 0.0323 -0.0136
0.0235 0.0358 -0.0084
-0.0124 0.0320 -0.0002
-0.0092 0.0320 0.0038
0.0210 0.0272 0.0072
0.0441 0.0413 0.0034
0.0479 0.0349 0.0079
0.0422 0.0235 0.0013
0.0241 0.0108 -0.0008
-0.0098 -0.0012 -0.0029
-0.0230 0.0171 0.0040
-0.0264 0.0167 -0.0013
-0.0303 0.0086 -0.0044
-0.0063 0.0248 -0.0093
0.0103 0.0227 -0.0126
0.0232 0.0112 -0.0032
0.0153 0.0220 -0.0071
0.0062 0.0368 -0.0059
-0.0172 0.0265 -0.0078
-0.0076 0.0154 -0.0115
0.0082 0.0120 -0.0160
0.0269 0.0156 -0.0140
0.0130 0.0032 -0.0174
-0.0052 -0.0070 -0.0167
-0.0250 -0.0028 -0.0127
0.0033 0.0190 -0.0106
0.0256 0.0236 -0.0160
0.0072 0.0219 -0.0232
-0.0276 0.0265 -0.0132
-0.0418 0.0277 -0.0058
-0.0374 0.0116 0.0065
-0.0178 -0.0130 -0.0091
-0.0155 -0.0206 -0.0189
0.0012 -0.0098 -0.0318
0.0043 0.0098 -0.0316
0.0176 0.0409 -0.0250
0.0142 0.0359 -0.0136
0.0077 0.0191 -0.0131
-0.0008 -0.0131 -0.0116
0.0092 -0.0053 -0.0114
0.0391 0.0225 -0.0153
0.0374 0.0218 -0.0169
0.0053 0.0019 -0.0174
-0.0008 0.0119 -0.0067
0.0091 0.0168 -0.0050
-0.0130 0.0402 -0.0012
0.0574 0.1446 -0.0157
0.1227 -0.0596 -0.0552
0.0565 -0.0506 0.0069
-0.0530 -0.0104 0.0261
-0.0615 0.0491 0.0460
-0.0124 0.0769 0.0301
0.1261 0.0973 -0.0209
0.1251 -0.0018 -0.0230
0.0441 -0.0014 -0.0007
0.0255 0.0180 0.0090
0.0617 0.0545 0.0352
0.0600 0.0488 0.0311
0.0228 0.0192 0.0303
0.0028 0.0204 0.0235
-0.0115 0.0224 0.0245
0.0037 0.0288 0.0247
0.0239 0.0428 0.0240
-0.0102 0.0385 0.0357
-0.0237 0.0445 0.0376
-0.0149 0.0265 0.0414
-0.0011 0.0234 0.0336
-0.0063 0.0287 0.0300
-0.0086 0.0538 0.0317
-0.0062 0.0592 0.0294
-0.0120 0.0567 0.0340
-0.0224 0.0356 0.0360
-0.0316 0.0378 0.0346
-0.0421 0.0484 0.0336
-0.0646 0.0709 0.0403
-0.0529 0.0827 0.0446
-0.0407 0.0890 0.0498
-0.0376 0.0947 0.0676
-0.0591 0.1024 0.0956
-0.0746 0.1052 0.1080
-0.0864 0.0920 0.1230
-0.0846 0.0899 0.1392
-0.0843 0.1095 0.1438
-0.0887 0.1583 0.1591
-0.1065 0.2006 0.1905
-0.1105 0.2040 0.2094
-0.1268 0.2206 0.2548
-0.1384 0.2298 0.2789
-0.1484 0.2580 0.3211
-0.1475 0.2754 0.3589
-0.1540 0.2828 0.3825
-0.1618 0.3182 0.4340
-0.2140 0.3985 0.4952
-0.2513 0.4446 0.5267
-0.3023 0.5238 0.6039
-0.2962 0.5825 0.6823
-0.2988 0.6039 0.7258
-0.3163 0.6546 0.8182
-0.2742 0.6621 0.9274
-0.2394 0.6657 0.9722
-0.1959 0.6271 1.0769
-0.1855 0.5991 1.1587
-0.2007 0.5669 1.1748
-0.2516 0.4778 1.2146
-0.1875 0.2838 1.2171
-0.1062 0.1636 1.1959
0.1142 -0.0626 1.1094
0.2570 -0.0953 1.0057
0.2895 -0.0455 0.9600
0.3313 0.0928 0.9131
0.3516 0.1473 0.9081
0.3349 0.1585 0.9271
0.2525 0.1777 1.0001
0.2150 0.1790 1.0470
0.1900 0.2014 1.1522
0.2526 0.1981 1.2254
0.2872 0.2021 1.2472
0.3355 0.2000 1.2707
0.3577 0.1879 1.2729
0.3494 0.1948 1.2582
0.2603 0.2096 1.2115
0.0974 0.2393 1.1340
0.0240 0.2555 1.1009
-0.0469 0.3687 1.0348
0.0085 0.5284 1.0051
0.0471 0.5963 0.9935
0.0258 0.6899 0.9746
-0.0871 0.7527 0.9809
-0.1287 0.7906 0.9885
-0.1688 0.7962 0.9855
-0.2001 0.6696 0.9757
-0.2160 0.6196 0.9617
-0.1395 0.4684 0.9291
0.1103 0.3845 0.9081
0.2497 0.4035 0.8934
0.4509 0.4645 0.9072
0.4560 0.4580 0.9633
0.3990 0.4364 0.9980
0.2101 0.3521 1.0495
-0.0118 0.2754 1.1374
-0.1243 0.2768 1.2012
-0.2663 0.4498 1.3681
-0.2644 0.5939 1.4492
-0.0875 0.8474 1.6012
0.1530 0.9266 1.7333
0.2389 0.9318 1.8320
0.2122 0.9314 1.8695
0.0340 0.8956 1.9281
-0.0905 0.8732 1.9421
-0.3542 0.8115 1.9355
-0.5283 0.6903 1.8903
-0.5499 0.6137 1.8676
-0.4771 0.4717 1.7986
-0.3394 0.3857 1.7136
-0.2816 0.3607 1.6555
-0.2632 0.3600 1.5557
-0.3120 0.3821 1.4516
-0.3274 0.3906 1.3814
-0.2850 0.4032 1.2255
-0.1521 0.4538 1.0125
-0.0819 0.5006 0.8996
0.0124 0.5339 0.6941
0.0525 0.5171 0.5053
0.0605 0.4779 0.4157
0.0706 0.3907 0.2378
0.0997 0.3104 0.0975
0.1128 0.2813 0.0375
0.1201 0.2512 -0.0451
0.1472 0.2676 -0.0965
0.1661 0.2889 -0.1099
0.2042 0.3413 -0.1344
0.2106 0.3831 -0.1346
0.2251 0.5430 -0.0984
0.2419 0.6124 -0.0734
0.2519 0.8199 0.0372
0.0951 0.7725 0.1259
-0.0304 0.6352 0.1942
-0.1627 0.2843 0.3570
0.1555 -0.0713 0.4663
0.4886 -0.1588 0.4629
1.1977 -0.1925 0.4027
1.6218 -0.1014 0.3192
1.6770 -0.0245 0.2791
1.4781 0.1067 0.2154
0.9439 0.2762 0.1860
0.6045 0.3221 0.1963
-0.0261 0.2841 0.2475
-0.4533 0.1288 0.3260
-0.5667 0.0272 0.3690
-0.5099 -0.3403 0.4375
-0.0889 -0.6372 0.4274
0.1384 -0.6850 0.3806
0.4379 -0.5995 0.2406
0.4027 -0.4824 0.1089
0.2853 -0.4706 0.0393
-0.0208 -0.4747 -0.1205
-0.1697 -0.4722 -0.2041
-0.4004 -0.3860 -0.3575
-0.5112 -0.2097 -0.4429
-0.5217 -0.1126 -0.4577
-0.4808 -0.0236 -0.4415
-0.3671 0.0542 -0.3919
-0.3018 0.1106 -0.3625
-0.2246 0.2011 -0.3050
-0.2289 0.3085 -0.2644
-0.2424 0.3355 -0.2496
-0.2628 0.3320 -0.2374
-0.2251 0.1849 -0.2891
-0.1887 0.0893 -0.3484
-0.0551 -0.1044 -0.4346
0.1570 -0.2470 -0.4668
0.3977 -0.3836 -0.4613
0.4962 -0.4525 -0.4521
0.6247 -0.7173 -0.4081
0.6547 -0.9003 -0.4051
0.6201 -1.0147 -0.4829
0.5433 -1.0234 -0.5434
0.3419 -0.9377 -0.7168
0.2636 -0.8847 -0.9312
0.2860 -0.9303 -1.0308
0.5187 -1.1399 -1.2024
1.0127 -1.3406 -1.3389
1.2868 -1.4517 -1.3875
1.5941 -1.5326 -1.4844
1.5309 -1.4947 -1.5383
0.8577 -1.2671 -1.5966
-0.3871 -1.0195 -1.7058
-1.0503 -0.8648 -1.7697
-2.0063 -0.3256 -1.9595
-1.9739 0.0495 -2.0756
-1.5456 0.0665 -2.0986
-0.3349 -0.1968 -2.0835
0.5846 -0.6601 -1.9012
0.7942 -0.8584 -1.7971
0.7877 -0.9683 -1.6789
0.4185 -0.8374 -1.6114
0.1721 -0.7480 -1.5533
-0.2711 -0.5034 -1.4591
-0.5278 -0.1701 -1.4016
-0.6077 0.0132 -1.3494
-0.6510 0.4667 -1.1825
-0.5800 0.8229 -0.9217
-0.5183 0.9180 -0.7742
-0.3551 0.9248 -0.4915
-0.1848 0.6594 -0.2188
-0.0892 0.4956 -0.0863
0.1264 0.2720 0.1479
0.2403 0.2068 0.3935
0.2442 0.2431 0.5172
0.1667 0.3885 0.7351
0.1245 0.4567 0.8231
0.0552 0.4563 0.9359
-0.0092 0.3101 1.0179
-0.0369 0.1245 1.1058
0.1832 -0.0613 1.2103
0.4074 -0.1536 1.2452
1.2246 -0.2626 1.3002
1.5271 -0.3259 1.3589
1.5032 -0.3741 1.3850
1.0356 -0.4787 1.3999
0.2528 -0.5775 1.2876
-0.1154 -0.5525 1.1875
-0.6113 -0.4966 0.9982
-0.6561 -0.4991 0.8791
-0.5214 -0.4757 0.8103
-0.0518 -0.5641 0.6644
0.4656 -0.8230 0.5377
0.6615 -0.9309 0.4945
0.8506 -1.0546 0.4437
0.7996 -1.0177 0.4062
0.6870 -0.8978 0.4265
0.2962 -0.5933 0.4445
-0.1185 -0.2188 0.5257
-0.3102 -0.0607 0.5385
-0.5560 0.1429 0.5242
-0.6257 0.1995 0.5076
-0.6496 0.3400 0.4345
-0.6197 0.4169 0.3138
-0.6302 0.4297 0.2339
-0.7270 0.4195 0.0302
-0.8370 0.4640 -0.2312
-0.8785 0.5150 -0.3585
-0.8753 0.5080 -0.5603
-0.7220 0.3852 -0.6975
-0.5553 0.2708 -0.7567
-0.1033 0.0231 -0.8755
0.1826 -0.3128 -0.9369
0.2005 -0.4734 -0.9323
0.0983 -0.7568 -0.9184
0.0702 -0.9412 -0.9293
0.1228 -0.9894 -0.9155
0.3864 -1.0287 -0.8723
0.8338 -1.0264 -0.8486
1.2853 -1.0764 -0.8932
1.4093 -1.0832 -0.9345
1.0276 -0.7773 -1.1419
0.0662 -0.1099 -1.3253
-1.0202 0.6159 -1.4380
-1.3408 0.8154 -1.4564
-1.2291 0.7501 -1.4259
-0.3752 0.5924 -1.4196
0.1048 0.5702 -1.4042
0.8339 0.5564 -1.3117
1.0143 0.5392 -1.2379
1.0245 0.4983 -1.0771
0.6974 0.4733 -0.9439
0.4530 0.4546 -0.8814
-0.1268 0.2780 -0.7532
-0.6417 0.0506 -0.5892
-0.8033 -0.0502 -0.5008
-0.8708 -0.0737 -0.3487
-0.7024 -0.0399 -0.1780
-0.5869 -0.0614 -0.0855
-0.3816 -0.1389 0.0641
-0.2974 -0.2314 0.1732
-0.2954 -0.2473 0.2236
-0.2957 -0.1827 0.3743
-0.2531 0.0148 0.5320
-0.2270 0.1303 0.6142
-0.1885 0.3162 0.7746
-0.1937 0.4318 0.9252
-0.2040 0.4401 1.0047
-0.1595 0.3919 1.1393
-0.0308 0.3568 1.2327
0.0202 0.3624 1.2740
0.0355 0.3668 1.3514
-0.0265 0.4527 1.4461
-0.0503 0.5131 1.4992
0.0098 0.5899 1.6005
0.1247 0.6285 1.6686
0.4812 0.7777 1.8000
0.7821 0.9194 1.9238
0.8325 0.9243 1.9948
0.6141 0.7769 2.0920
0.0321 0.3736 2.0758
-0.5902 -0.0217 1.9990
-0.7437 -0.1535 1.9290
-0.6025 -0.2967 1.7751
-0.4571 -0.4040 1.6002
-0.0938 -0.6262 1.3861
0.4832 -0.6767 1.2620
0.7093 -0.6005 1.1194
0.9706 -0.2795 0.9862
0.9916 0.2466 0.9267
0.9260 0.5239 0.9204
0.6826 0.9602 0.9418
0.3677 1.1237 0.9633
0.2242 1.1562 0.9506
0.0417 1.1736 0.8906
0.0180 1.0987 0.8515
0.0440 1.0535 0.8191
0.1597 0.9257 0.7123
0.2721 0.5877 0.4167
0.2417 0.3005 0.2232
0.1723 -0.0141 0.0322
0.1352 -0.1829 -0.0523
0.0602 -0.5339 -0.2041
0.0493 -0.7217 -0.2831
0.1158 -1.1258 -0.4744
0.2174 -1.4896 -0.7209
0.2178 -1.6483 -0.8317
0.1275 -1.8586 -1.0402
0.0491 -1.8016 -1.2330
0.0161 -1.6779 -1.3086
-0.0502 -1.2268 -1.4338
0.1851 -0.7651 -1.4662
0.3239 -0.6454 -1.4174
0.7248 -0.4969 -1.2090
1.0655 -0.6749 -1.2301
1.1675 -0.4917 -1.2253
1.0523 -0.1465 -1.1667
0.4452 0.3191 -1.0264
-0.0422 0.7163 -0.9717
-0.8201 1.3228 -0.7830
-0.9958 1.2770 -0.6038
-0.8790 1.1596 -0.5405
-0.4306 1.1158 -0.5008
0.0360 1.1771 -0.4568
0.2125 1.2569 -0.4305
0.3983 1.4997 -0.3529
0.3232 1.5698 -0.2471
0.1910 1.5521 -0.1909
-0.1832 1.4035 -0.0862
-0.5750 1.0804 0.0104
-0.7255 0.8805 0.0550
-0.9424 0.4282 0.1388
-1.0016 0.2132 0.1908
-1.0359 -0.0645 0.2832
-1.0563 -0.2331 0.3211
-1.0447 -0.3228 0.3351
-0.9253 -0.3268 0.3563
-0.7013 -0.0985 0.3874
-0.5778 0.0726 0.4337
-0.3467 0.3878 0.5831
-0.2273 0.5872 0.7539
-0.2185 0.6259 0.8404
-0.2528 0.5949 1.0281
-0.2390 0.5542 1.2023
-0.1977 0.5319 1.2727
-0.0866 0.4203 1.3827
0.0007 0.3363 1.4340
0.0216 0.3095 1.4531
0.0543 0.2535 1.4883
0.1049 0.2697 1.5151
0.1189 0.3081 1.5361
0.0994 0.5048 1.6198
0.1327 0.8664 1.7461
0.2151 1.0118 1.8168
0.5047 1.1778 1.9720
0.8213 1.3139 2.0812
0.9255 1.3298 2.1163
0.9296 1.3478 2.1713
0.8227 1.3256 2.1882
0.4293 1.2441 2.2281
-0.0893 1.0295 2.2734
-0.3313 0.9332 2.2974
-0.6470 0.7052 2.3142
-0.5548 0.6946 2.2885
-0.3557 0.7431 2.2416
0.1404 0.8196 2.0651
0.4502 0.6510 1.8186
0.5661 0.5643 1.6990
0.6900 0.6052 1.3616
0.7007 0.8016 1.0513
0.6826 0.9508 0.9423
0.5933 1.2638 0.7916
0.3671 1.4040 0.6950
0.2279 1.3683 0.6647
0.0331 1.1603 0.5869
0.0012 0.8682 0.4716
0.0130 0.7111 0.4200
0.0706 0.4117 0.3550
0.1321 0.2403 0.2880
0.1532 0.2344 0.2464
0.1131 0.2328 0.1837
0.0297 -0.0453 0.0968
0.0268 -0.3028 0.0036
0.0932 -0.8328 -0.2673
0.2002 -1.0229 -0.5696
0.2675 -0.9167 -0.7244
0.4693 -0.4890 -0.9901
0.5895 -0.2502 -1.0864
0.7715 0.0498 -1.1759
0.7264 0.1990 -1.1085
0.6015 0.2779 -1.0148
0.1288 0.5419 -0.7550
-0.6954 1.1859 -0.4305
-1.1528 1.5572 -0.2475
-1.8645 1.7650 0.1754
-1.8161 1.4441 0.5504
-1.4277 1.2495 0.6749
-0.3144 1.0130 0.7828
0.5452 0.8377 0.8413
0.7215 0.7413 0.8841
0.5238 0.6628 0.9014
-0.1908 0.6603 0.9460
-0.5846 0.6946 0.9966
-1.1160 0.7171 1.0929
-1.1385 0.6807 1.1754
-0.4289 0.5970 1.2837
0.0811 0.6641 1.3901
0.2150 0.6643 1.4657
0.1966 0.5242 1.6237
0.0191 0.3442 1.7582
-0.0375 0.2971 1.8127
-0.0156 0.3216 1.8670
0.0526 0.3743 1.8759
0.2606 0.5426 1.8617
0.4448 0.7074 1.7810
0.4786 0.7716 1.7239
0.4082 0.9019 1.5929
0.2263 1.0343 1.4506
0.1135 1.0868 1.3913
-0.1266 1.1773 1.3023
-0.3045 1.2225 1.2527
-0.3530 1.2571 1.2523
-0.4544 1.4718 1.2909
-0.5862 1.7570 1.3813
-0.6222 1.8385 1.4415
-0.5745 1.7314 1.5350
-0.3358 1.3337 1.5765
-0.1694 1.1067 1.5640
0.0902 0.7640 1.5072
0.1071 0.5057 1.4027
0.0501 0.4150 1.3332
-0.0847 0.3163 1.1540
-0.1422 0.2447 0.9581
-0.1250 0.2175 0.8777
-0.0436 0.2084 0.7560
0.0059 0.2094 0.7229
0.0061 0.2032 0.7329
-0.0254 0.2439 0.7990
-0.0391 0.3092 0.9059
-0.0248 0.3365 0.9574
0.0573 0.3729 1.0867
0.1094 0.4058 1.1518
0.2017 0.4687 1.3055
0.2820 0.5796 1.4732
0.3139 0.6413 1.5470
0.3089 0.6766 1.6688
0.2457 0.6578 1.7727
0.2244 0.6695 1.7984
0.2298 0.7036 1.8101
0.2654 0.7444 1.7639
0.2750 0.7715 1.7226
0.2920 0.8175 1.6234
0.3377 0.7766 1.4270
0.3509 0.7275 1.2324
0.2698 0.7220 1.0369
0.2068 0.7278 0.9513
0.1020 0.7593 0.7827
0.0245 0.8704 0.6087
-0.0182 0.9143 0.5325
-0.0627 0.8798 0.4224
0.0746 0.6765 0.3146
0.2306 0.5507 0.2605
0.5454 0.4049 0.1328
0.6458 0.3452 -0.0045
0.5752 0.3418 -0.0682
0.2664 0.3574 -0.1816
0.0804 0.3668 -0.2213
-0.2010 0.3444 -0.2492
-0.2566 0.3481 -0.1787
-0.1934 0.3419 -0.1097
0.0382 0.3146 0.1020
0.2293 0.2352 0.2840
0.2533 0.1807 0.3668
0.1315 0.0682 0.4949
-0.0889 0.0261 0.5364
-0.2008 0.0210 0.5221
-0.3791 0.0386 0.4489
-0.5115 0.0954 0.3126
-0.5521 0.1472 0.2445
-0.5922 0.3130 0.1212
-0.6321 0.5450 0.0420
-0.6396 0.6534 0.0110
-0.6035 0.8346 -0.0490
-0.5083 0.9791 -0.1128
-0.4469 1.0060 -0.1307
-0.3030 0.9769 -0.1500
-0.1558 0.9052 -0.1410
-0.0759 0.8450 -0.1248
0.0538 0.7206 -0.0980
0.1126 0.6451 -0.0712
0.1141 0.6523 -0.0548
0.0533 0.6660 0.0429
-0.0426 0.6690 0.2029
-0.2621 0.3608 0.4703
-0.3435 0.1751 0.5599
-0.3374 -0.1948 0.7214
0.0425 -0.3845 0.7980
0.3303 -0.3766 0.8085
0.9576 -0.2051 0.8403
1.3797 0.0797 0.8907
1.4618 0.1890 0.9181
1.3632 0.2906 0.9789
0.9331 0.2865 1.0544
0.6135 0.2299 1.0909
0.0078 -0.0019 1.1718
-0.2321 -0.2666 1.2126
-0.1619 -0.3504 1.2108
0.1968 -0.3388 1.1349
0.5527 -0.1662 1.0366
0.6573 -0.0820 0.9809
0.6587 -0.0087 0.8694
0.4819 0.0041 0.7525
0.3961 0.0526 0.6808
0.2747 0.2838 0.5260
0.1646 0.5024 0.4183
0.1031 0.5575 0.3839
-0.0189 0.5422 0.3549
-0.1281 0.4678 0.3819
-0.1681 0.4227 0.4036
-0.2008 0.3470 0.4367
-0.1793 0.2960 0.4444
-0.0841 0.1271 0.4355
-0.0007 -0.0828 0.3611
0.0201 -0.2019 0.3206
0.0150 -0.4477 0.2447
-0.0041 -0.7079 0.1721
-0.0418 -0.7206 0.1119
-0.2251 -0.5830 -0.0312
-0.4615 -0.5469 -0.1959
-0.5577 -0.5637 -0.3010
-0.6450 -0.6541 -0.5316
-0.6013 -0.8284 -0.7193
-0.5297 -0.8877 -0.7949
-0.2703 -0.9184 -0.9318
0.1237 -1.0049 -1.0174
0.3658 -1.0285 -1.0489
0.7865 -1.0444 -1.1466
0.8410 -0.9178 -1.2405
0.6304 -0.7099 -1.2812
-0.2306 -0.1493 -1.2912
-1.1602 -0.0703 -1.2466
-1.3799 -0.1874 -1.2435
-1.2145 -0.6205 -1.3014
-0.6986 -0.8203 -1.3925
-0.4790 -0.7033 -1.3946
0.0482 -0.0802 -1.3701
0.2785 0.2651 -1.3663
0.5829 0.5941 -1.2727
0.6273 0.5639 -1.1452
0.5244 0.5274 -1.1213
0.1139 0.4290 -1.0970
-0.3224 0.3688 -0.9913
-0.5035 0.3422 -0.9228
-0.7052 0.2371 -0.7487
-0.6515 0.0597 -0.5620
-0.4035 -0.1252 -0.3713
-0.2494 -0.2279 -0.2726
0.0440 -0.3083 -0.0523
0.1544 -0.0612 0.3284
-0.1024 0.2664 0.5791
-0.2587 0.4170 0.7007
-0.4670 0.6425 0.9323
-0.5237 0.7180 1.1460
-0.5217 0.6761 1.2208
-0.4855 0.4585 1.2923
-0.3377 0.3067 1.3216
-0.1952 0.3427 1.3094
0.1799 0.5546 1.2706
0.5862 0.7431 1.2116
0.7575 0.8152 1.1795
0.9752 0.9414 1.1247
0.9291 0.9041 1.1159
0.7817 0.8276 1.1074
0.1873 0.5055 1.0890
-0.2171 0.2466 1.1092
-0.8933 -0.1919 1.1677
-0.8659 -0.3177 1.1694
-0.5621 -0.3503 1.1367
0.1445 -0.3330 1.0110
0.7851 -0.2711 0.9395
0.9967 -0.2632 0.8751
1.1023 -0.1834 0.7343
0.8870 -0.0846 0.6520
0.7212 0.0157 0.6235
0.3963 0.2865 0.5714
0.1671 0.5301 0.5179
0.0798 0.6201 0.4929
-0.0634 0.6994 0.4663
-0.1940 0.6677 0.4820
-0.2491 0.6178 0.4791
-0.2860 0.5696 0.4622
-0.2102 0.6140 0.3768
-0.1501 0.6335 0.3316
-0.0503 0.5511 0.2374
-0.0559 0.3262 0.1608
-0.0915 0.1728 0.1218
-0.2029 -0.1125 0.0001
-0.3178 -0.3021 -0.1596
-0.3854 -0.3953 -0.2391
-0.5336 -0.7051 -0.4200
-0.5657 -1.0026 -0.6415
-0.4917 -1.0120 -0.7698
-0.1539 -0.9410 -0.9334
0.1306 -0.9513 -0.9866
0.8080 -0.9783 -1.0229
1.2735 -1.0828 -1.0070
1.3184 -1.0688 -0.9994
0.9176 -0.7841 -0.9810
-0.1719 -0.2990 -0.9951
-0.8538 0.0110 -1.0239
-1.9709 0.6806 -1.1564
-2.0385 0.7591 -1.3031
-1.5975 0.6355 -1.3985
-0.2792 0.4666 -1.5799
0.7987 0.3985 -1.5730
1.0687 0.3799 -1.5222
1.0280 0.4368 -1.4096
0.5704 0.4360 -1.2608
0.3394 0.4904 -1.1932
-0.0314 0.3368 -1.0149
-0.3614 0.0313 -0.8272
-0.4875 -0.0500 -0.7522
-0.6388 -0.1613 -0.5606
-0.5716 -0.2582 -0.3283
-0.4666 -0.3331 -0.2053
-0.1704 -0.5666 0.0566
0.0806 -0.7054 0.3141
0.1323 -0.6484 0.4513
0.0612 -0.3519 0.7326
-0.0470 -0.1726 0.8694
-0.3078 0.1045 1.1214
-0.5077 0.1747 1.3396
-0.5624 0.1113 1.4232
-0.5828 0.0076 1.5260
-0.4830 0.0720 1.5701
-0.3975 0.1677 1.6027
-0.1735 0.4586 1.6823
0.0484 0.8043 1.7095
0.1348 0.9291 1.7238
0.2894 1.0718 1.7498
0.5086 1.1228 1.7450
0.6102 1.1202 1.7229
0.6153 1.0702 1.7244
0.2324 1.0246 1.7403
-0.1027 0.9453 1.7314
-0.8527 0.7056 1.7538
-1.2123 0.5784 1.8048
-1.0527 0.5375 1.8171
-0.1420 0.3858 1.7228
0.8051 0.1052 1.5664
1.0693 -0.0705 1.4780
1.1722 -0.3251 1.3171
0.9435 -0.3022 1.1818
0.4880 0.1141 1.0323
0.2699 0.2384 0.9689
0.2033 0.2610 0.9367
0.1050 0.2494 0.8192
0.0610 0.2078 0.7492
0.0149 0.1059 0.5894
0.0685 0.1780 0.4076
0.1350 0.2743 0.3197
0.2747 0.4784 0.1478
0.3119 0.5835 -0.0157
0.2726 0.5734 -0.1056
0.1125 0.3601 -0.3208
-0.1176 -0.0594 -0.5499
-0.2440 -0.2731 -0.6754
-0.5568 -0.5837 -0.9318
-0.9463 -0.5841 -1.1079
-1.0416 -0.5453 -1.1493
-0.6808 -0.6591 -1.1953
-0.2353 -0.7145 -1.2255
0.7622 -0.7712 -1.3069
1.3923 -0.8104 -1.3754
1.2840 -0.5852 -1.3491
0.8982 -0.3895 -1.2969
-0.4742 0.2273 -1.0606
-1.9031 0.9338 -0.6899
-2.2807 1.0497 -0.5427
-2.0183 1.0190 -0.3294
-0.1541 1.0631 -0.2480
0.8197 1.0416 -0.1505
1.0610 0.9808 -0.1101
1.0446 0.7628 -0.0927
0.6086 0.5117 -0.0776
0.3343 0.4101 -0.0682
-0.1337 0.2904 -0.0299
-0.3498 0.2063 0.0652
-0.3620 0.1989 0.1015
-0.2989 0.1637 0.1429
-0.1987 0.0770 0.1755
-0.1592 0.0253 0.1929
-0.1222 -0.0858 0.2677
-0.0816 -0.1431 0.3988
-0.0449 -0.1112 0.4748
0.0608 0.1432 0.6170
0.1320 0.4526 0.7475
0.1247 0.5777 0.8039
0.0303 0.7302 0.8718
-0.1247 0.7042 0.9023
-0.1840 0.6400 0.8918
-0.2167 0.4314 0.7947
-0.1890 0.1711 0.6743
-0.1747 0.0800 0.6219
-0.1065 -0.0124 0.5391
-0.0025 0.0160 0.4774
0.0183 0.0415 0.4617
-0.0682 0.2081 0.4958
-0.1465 0.3452 0.5423
-0.2074 0.7376 0.6797
-0.0813 1.0745 0.7963
0.0049 1.1927 0.8750
0.0828 1.3875 1.0424
-0.0315 1.5358 1.1893
-0.1469 1.5423 1.2603
-0.4398 1.3820 1.4134
-0.6470 1.1242 1.5519
-0.6827 0.9466 1.5955
-0.6319 0.4883 1.6292
-0.4840 0.0874 1.5750
-0.4297 -0.0843 1.5057
-0.3464 -0.2424 1.3139
-0.2517 -0.2192 1.0841
-0.2264 -0.1867 0.9875
-0.2124 -0.1727 0.8962
-0.2372 -0.0551 0.7334
-0.2493 0.0280 0.6797
-0.2343 0.1794 0.5695
-0.1720 0.3012 0.4710
-0.1351 0.3295 0.4324
-0.0623 0.3729 0.3535
0.0042 0.4038 0.3189
0.0372 0.4205 0.3107
0.1081 0.4196 0.2790
0.2139 0.3064 0.2173
0.2863 0.1985 0.1779
0.4546 -0.0783 0.0526
0.5466 -0.2240 -0.0397
0.7069 -0.3793 -0.2043
0.7937 -0.3588 -0.3391
0.7801 -0.3338 -0.3944
0.6473 -0.3199 -0.4560
0.4714 -0.4141 -0.5036
0.3651 -0.5035 -0.5453
0.0560 -0.7602 -0.6843
-0.3494 -0.7870 -0.7976
-0.5200 -0.6336 -0.8457
-0.5735 -0.2273 -0.8311
-0.1821 0.1444 -0.7521
0.0770 0.1848 -0.6484
0.4532 0.1034 -0.4299
0.4825 -0.0259 -0.2602
0.3574 -0.0438 -0.2084
-0.0544 -0.0925 -0.1187
-0.5166 -0.1782 -0.0086
-0.7120 -0.2000 0.0480
-0.9941 -0.0698 0.1814
-0.9458 -0.0054 0.3581
-0.7278 -0.0161 0.4510
-0.0857 0.0664 0.5458
0.3769 0.1167 0.6108
0.4385 0.1678 0.6637
0.2449 0.3410 0.7819
-0.0853 0.4694 0.8903
-0.2148 0.4962 0.9400
-0.3157 0.4678 0.9979
-0.2857 0.4144 1.0188
-0.1617 0.3206 1.0389
-0.0429 0.4024 1.0701
0.0084 0.4592 1.0858
0.1193 0.5030 1.1497
0.2156 0.5129 1.2371
0.2401 0.5254 1.2893
0.1770 0.6450 1.3921
-0.0146 0.8893 1.5187
-0.1199 1.0346 1.5783
-0.2892 1.2717 1.6728
-0.4289 1.3019 1.7537
-0.5039 1.2497 1.7804
-0.6722 1.1369 1.8452
-0.8446 1.0439 1.8895
-0.9181 1.0027 1.9190
-1.0153 0.9232 1.9837
-1.0817 0.8049 1.9949
-1.1243 0.6902 1.9904
-1.2015 0.3916 1.9541
-1.2199 0.1100 1.8986
-1.1897 0.0677 1.8802
-1.0118 0.0330 1.8763
-0.7540 0.1003 1.8774
-0.6132 0.1573 1.8808
-0.3746 0.1855 1.8739
-0.3020 0.1702 1.8627
-0.2070 0.2007 1.8275
-0.2054 0.1150 1.7330
-0.2159 0.0156 1.6576
-0.1961 -0.2044 1.4607
-0.1108 -0.3041 1.2316
-0.0678 -0.3626 1.1254
-0.0252 -0.2822 0.8937
-0.0100 -0.1921 0.7530
-0.0070 -0.1655 0.7002
0.0455 -0.1640 0.6208
0.1728 -0.1451 0.5414
0.2708 -0.1098 0.5164
0.4513 0.0284 0.5787
0.4998 0.3179 0.7498
0.4376 0.4481 0.8351
0.2097 0.7412 0.9564
-0.0547 0.8281 0.9666
-0.1419 0.7750 0.9141
-0.1155 0.6158 0.7212
0.1754 0.4649 0.4940
0.3548 0.4650 0.3995
0.6276 0.6094 0.2140
0.7368 0.7786 0.0931
0.7424 0.8053 0.0460
0.5870 0.7802 -0.0202
0.4418 0.7482 -0.0482
0.2259 0.6340 -0.0949
0.2270 0.4337 -0.1430
0.2655 0.3090 -0.1738
0.2440 0.0592 -0.2023
0.1934 -0.0466 -0.2195
0.1729 -0.0270 -0.2385
0.1767 0.0475 -0.2641
0.2574 0.1002 -0.2561
0.3091 0.0974 -0.2473
0.3146 0.0810 -0.2234
0.1458 0.0579 -0.1473
0.0498 0.0475 -0.0976
-0.0982 0.0239 -0.0196
-0.1739 -0.0379 0.0414
-0.1426 -0.0496 0.0522
0.0377 -0.0771 0.0377
0.1875 -0.0821 -0.0220
0.1817 -0.0879 -0.0550
0.0269 -0.1139 -0.1064
-0.1328 -0.1144 -0.1392
-0.1528 -0.0898 -0.1538
-0.1008 -0.0524 -0.1719
0.0030 -0.0565 -0.1641
0.0461 -0.0854 -0.1599
0.0848 -0.1605 -0.1261
0.0330 -0.1455 -0.0908
0.0039 -0.1129 -0.0793
0.0089 -0.1042 -0.0384
0.0294 -0.1130 -0.0270
0.0895 -0.1205 -0.0219
0.1719 -0.1129 -0.0221
0.2066 -0.1054 -0.0101
0.2183 -0.0690 0.0036
0.1569 -0.0258 0.0342
0.1518 -0.0166 0.0586
0.1693 -0.0345 0.0965
0.1512 -0.0775 0.1164
0.1172 -0.0877 0.1284
0.0481 -0.0839 0.1453
-0.0094 -0.0560 0.1292
-0.0142 -0.0350 0.1252
-0.0061 -0.0378 0.1072
-0.0009 -0.0108 0.0993
0.0023 0.0259 0.0936
0.0169 0.1133 0.0994
0.0336 0.1362 0.1105
0.0173 0.1364 0.1149
-0.0205 0.1221 0.1056
-0.0573 0.0846 0.1044
-0.0900 0.0688 0.1025
-0.1168 0.0592 0.0845
-0.0586 0.0638 0.0508
-0.0195 0.0654 0.0449
0.0246 0.0819 0.0401
0.0248 0.0864 0.0373
-0.0090 0.0924 0.0705
-0.0389 0.0776 0.0851
-0.0238 0.0743 0.0908
0.0421 0.0839 0.0914
0.0697 0.0932 0.0897
0.0671 0.0986 0.0809
0.0616 0.1040 0.0724
0.0523 0.0438 0.0666
0.0478 0.0183 0.0529
0.0391 0.0266 0.0300
0.0266 0.0427 0.0135
0.0186 0.0521 -0.0008
0.0119 0.0672 -0.0130
0.0145 0.0588 -0.0149
0.0139 0.0608 -0.0138
0.0049 0.0464 0.0010
0.0018 0.0241 0.0150
0.0136 0.0187 0.0157
0.0101 0.0048 0.0023
0.0037 0.0451 0.0104
0.0068 0.0688 0.0104
0.0130 0.0647 0.0164
-0.0144 0.0109 0.0234
-0.0291 -0.0103 0.0217
-0.0114 -0.0220 0.0185
0.0140 0.0074 0.0234
0.0277 0.0175 0.0277
0.0344 0.0327 0.0258
0.0297 0.0360 0.0251
0.0251 0.0150 0.0345
0.0483 0.0170 0.0279
0.0574 0.0215 0.0272
0.0611 0.0210 0.0255
0.0188 -0.0016 0.0269
-0.0022 -0.0144 0.0230
-0.0032 -0.0152 0.0170
0.0277 -0.0072 0.0153
0.0333 -0.0143 0.0087
0.0341 -0.0149 0.0159
0.0269 -0.0255 0.0151
0.0353 -0.0269 0.0194
0.0614 -0.0102 0.0184
0.0573 0.0245 0.0242
0.0467 0.0315 0.0264
0.0379 -0.0146 0.0430
0.0464 -0.1016 0.0421
0.0517 -0.1025 0.0445
0.0484 -0.0707 0.0232
0.0444 -0.0473 0.0044
0.0187 -0.0301 0.0063
-0.0392 0.0061 0.0189
-0.0442 0.0542 0.0339
-0.0290 0.0506 0.0409
0.0224 -0.0229 0.0510
0.0320 -0.0215 0.0369
0.0305 0.0187 0.0176
0.0129 0.0280 0.0109
0.0147 0.0394 0.0142
0.0430 0.0126 0.0166
0.0207 -0.0138 0.0199
0.0008 -0.0173 0.0173
-0.0459 -0.0208 0.0149
-0.0342 0.0178 0.0088
-0.0256 0.0209 -0.0008
-0.0248 0.0029 -0.0021
-0.0353 0.0155 -0.0042
-0.0423 0.0270 0.0007
-0.0349 0.0259 0.0011
-0.0106 0.0134 -0.0075
0.0005 0.0112 -0.0083
0.0295 0.0145 -0.0009
0.0124 0.0055 -0.0137
-0.0005 0.0045 -0.0148
0.0052 -0.0060 -0.0127
0.0214 -0.0098 -0.0180
0.0200 -0.0070 -0.0153
0.0057 -0.0115 -0.0227
0.0157 0.0190 -0.0105
0.0238 0.0405 -0.0109
0.0258 0.0285 -0.0025
-0.0129 -0.0225 -0.0102
-0.0183 -0.0308 -0.0143
0.0110 -0.0014 -0.0128
0.0337 0.0112 -0.0122
0.0242 0.0349 -0.0083
0.0062 0.0404 -0.0162
0.0078 0.0254 -0.0179
0.0196 0.0076 -0.0190
0.0095 0.0251 -0.0118
-0.0079 0.0308 -0.0047
-0.0185 -0.0125 -0.0069
-0.0022 -0.0723 -0.0203
0.0166 -0.0578 -0.0269
0.0400 -0.0006 -0.0325
0.0150 0.0370 -0.0228
-0.0015 0.0342 -0.0200
-0.0356 0.0271 -0.0095
-0.0272 -0.0095 0.0043
-0.0149 -0.0171 0.0007
-0.0103 -0.0175 -0.0007
-0.0098 -0.0027 0.0046
0.0048 -0.0001 0.0033
0.0347 -0.0117 -0.0026
0.0352 -0.0010 -0.0055
0.0197 0.0045 0.0005
-0.0145 0.0115 0.0067
0.0081 0.0006 0.0089
0.0250 0.0175 0.0122
0.0419 0.0401 0.0034
0.0345 0.0474 0.0063
0.0097 0.0446 0.0052
-0.0020 0.0273 0.0172
0.0097 0.0156 0.0175
0.0306 0.0252 0.0272
0.0253 0.0301 0.0240
0.0083 0.0361 0.0230
0.0133 0.0391 0.0256
0.0488 0.0317 0.0234
0.0533 0.0262 0.0191
0.0498 0.0170 0.0164
0.0346 0.0098 0.0149
0.0196 0.0141 0.0130
-0.0106 0.0319 0.0176
-0.0155 0.0191 0.0101
-0.0156 0.0033 0.0106
-0.0203 0.0263 0.0139
0.0586 0.1005 -0.0243
0.0551 -0.0515 -0.0199
-0.0531 -0.0749 0.0560
-0.0200 -0.0086 0.0344
0.0290 0.0159 0.0293
0.1307 0.0431 -0.0236

