0.0025 0.1070 -0.0068
0.0026 0.1070 -0.0067
0.0028 0.1070 -0.0065
0.0031 0.1070 -0.0064
0.0031 0.1069 -0.0063
0.0028 0.1070 -0.0063
0.0029 0.1070 -0.0062
0.0032 0.1071 -0.0062
0.0036 0.1072 -0.0063
0.0040 0.1073 -0.0063
0.0045 0.1074 -0.0062
0.0040 0.1072 -0.0063
0.0042 0.1072 -0.0063
0.0046 0.1072 -0.0062
0.0050 0.1072 -0.0062
0.0055 0.1072 -0.0061
0.0060 0.1071 -0.0060
0.0061 0.1067 -0.0056
0.0066 0.1065 -0.0053
0.0071 0.1064 -0.0052
0.0077 0.1063 -0.0051
0.0084 0.1062 -0.0050
0.0090 0.1061 -0.0049
0.0083 0.1061 -0.0048
0.0085 0.1061 -0.0047
0.0089 0.1060 -0.0046
0.0095 0.1060 -0.0044
0.0101 0.1059 -0.0043
0.0114 0.1058 -0.0041
0.0120 0.1057 -0.0039
0.0127 0.1057 -0.0038
0.0135 0.1056 -0.0037
0.0142 0.1056 -0.0037
0.0150 0.1056 -0.0037
0.0149 0.1043 -0.0027
0.0154 0.1038 -0.0023
0.0161 0.1036 -0.0021
0.0169 0.1035 -0.0020
0.0177 0.1034 -0.0019
0.0184 0.1034 -0.0018
0.0175 0.1024 -0.0021
0.0177 0.1020 -0.0021
0.0183 0.1019 -0.0020
0.0190 0.1019 -0.0019
0.0198 0.1020 -0.0019
0.0206 0.1021 -0.0019
0.0146 0.1012 -0.0031
0.0130 0.1010 -0.0035
0.0129 0.1010 -0.0037
0.0132 0.1012 -0.0038
0.0137 0.1013 -0.0039
0.0143 0.1016 -0.0039
0.0149 0.1018 -0.0040
0.0110 0.1014 -0.0047
0.0101 0.1014 -0.0050
0.0101 0.1017 -0.0052
0.0104 0.1020 -0.0054
0.0108 0.1023 -0.0055
0.0100 0.1043 -0.0071
0.0100 0.1051 -0.0077
0.0103 0.1055 -0.0080
0.0106 0.1057 -0.0081
0.0110 0.1058 -0.0083
0.0114 0.1059 -0.0084
0.0078 0.1057 -0.0093
0.0068 0.1057 -0.0098
0.0066 0.1057 -0.0101
0.0067 0.1057 -0.0103
0.0069 0.1057 -0.0105
0.0071 0.1056 -0.0106
0.0074 0.1055 -0.0107
0.0059 0.1072 -0.0138
0.0056 0.1077 -0.0148
0.0056 0.1078 -0.0153
0.0058 0.1078 -0.0155
0.0061 0.1077 -0.0157
0.0056 0.1077 -0.0157
0.0057 0.1076 -0.0158
0.0060 0.1076 -0.0160
0.0064 0.1076 -0.0162
0.0069 0.1076 -0.0164
0.0070 0.1074 -0.0164
0.0064 0.1068 -0.0164
0.0065 0.1067 -0.0164
0.0068 0.1066 -0.0166
0.0071 0.1066 -0.0168
0.0075 0.1066 -0.0169
0.0079 0.1066 -0.0171
0.0067 0.1066 -0.0168
0.0065 0.1066 -0.0169
0.0066 0.1066 -0.0170
0.0069 0.1065 -0.0172
0.0072 0.1065 -0.0174
0.0075 0.1065 -0.0175
0.0078 0.1065 -0.0177
0.0067 0.1063 -0.0177
0.0065 0.1063 -0.0178
0.0067 0.1063 -0.0179
0.0069 0.1063 -0.0180
0.0072 0.1064 -0.0182
0.0064 0.1066 -0.0178
0.0063 0.1068 -0.0178
0.0065 0.1069 -0.0179
0.0067 0.1071 -0.0179
0.0070 0.1072 -0.0180
0.0073 0.1074 -0.0182
0.0072 0.1076 -0.0186
0.0073 0.1077 -0.0188
0.0076 0.1079 -0.0189
0.0079 0.1080 -0.0190
0.0082 0.1082 -0.0192
0.0085 0.1083 -0.0193
0.0064 0.1081 -0.0191
0.0058 0.1080 -0.0191
0.0057 0.1081 -0.0191
0.0058 0.1081 -0.0192
0.0059 0.1082 -0.0192
0.0060 0.1083 -0.0193
0.0049 0.1084 -0.0191
0.0046 0.1085 -0.0190
0.0046 0.1085 -0.0190
0.0047 0.1085 -0.0190
0.0048 0.1086 -0.0190
0.0049 0.1086 -0.0191
0.0043 0.1085 -0.0191
0.0042 0.1085 -0.0191
0.0043 0.1085 -0.0192
0.0044 0.1085 -0.0193
0.0046 0.1085 -0.0193
0.0047 0.1084 -0.0193
0.0042 0.1084 -0.0192
0.0041 0.1084 -0.0191
0.0041 0.1083 -0.0190
0.0042 0.1082 -0.0190
0.0043 0.1081 -0.0189
0.0044 0.1079 -0.0188
0.0045 0.1078 -0.0188
0.0036 0.1078 -0.0188
0.0034 0.1078 -0.0188
0.0034 0.1078 -0.0188
0.0035 0.1078 -0.0188
0.0037 0.1078 -0.0187
0.0033 0.1078 -0.0186
0.0033 0.1079 -0.0186
0.0033 0.1080 -0.0186
0.0035 0.1081 -0.0186
0.0036 0.1082 -0.0186
0.0037 0.1083 -0.0185
0.0033 0.1082 -0.0183
0.0033 0.1082 -0.0182
0.0034 0.1082 -0.0181
0.0035 0.1082 -0.0180
0.0037 0.1083 -0.0179
0.0038 0.1083 -0.0179
0.0035 0.1084 -0.0178
0.0034 0.1084 -0.0178
0.0035 0.1084 -0.0177
0.0036 0.1084 -0.0176
0.0037 0.1084 -0.0174
0.0038 0.1084 -0.0173
0.0037 0.1079 -0.0170
0.0038 0.1078 -0.0168
0.0039 0.1077 -0.0166
0.0041 0.1076 -0.0164
0.0043 0.1075 -0.0162
0.0044 0.1074 -0.0158
0.0045 0.1073 -0.0149
0.0046 0.1072 -0.0145
0.0048 0.1072 -0.0143
0.0050 0.1073 -0.0142
0.0052 0.1073 -0.0140
0.0054 0.1074 -0.0139
0.0055 0.1070 -0.0130
0.0057 0.1069 -0.0126
0.0059 0.1069 -0.0124
0.0061 0.1069 -0.0122
0.0062 0.1069 -0.0119
0.0064 0.1069 -0.0117
0.0053 0.1068 -0.0125
0.0051 0.1067 -0.0126
0.0051 0.1067 -0.0126
0.0052 0.1067 -0.0126
0.0053 0.1067 -0.0125
0.0055 0.1067 -0.0125
0.0042 0.1063 -0.0126
0.0038 0.1063 -0.0126
0.0037 0.1062 -0.0125
0.0038 0.1062 -0.0125
0.0038 0.1062 -0.0124
0.0039 0.1062 -0.0124
0.0032 0.1065 -0.0135
0.0030 0.1065 -0.0139
0.0030 0.1065 -0.0141
0.0031 0.1064 -0.0141
0.0031 0.1063 -0.0140
0.0031 0.1062 -0.0140
0.0031 0.1060 -0.0136
0.0031 0.1058 -0.0135
0.0032 0.1057 -0.0134
0.0032 0.1056 -0.0134
0.0033 0.1054 -0.0133
0.0034 0.1052 -0.0132
0.0032 0.1053 -0.0132
0.0032 0.1052 -0.0132
0.0033 0.1052 -0.0132
0.0033 0.1051 -0.0131
0.0034 0.1050 -0.0131
0.0036 0.1050 -0.0131
0.0027 0.1056 -0.0134
0.0025 0.1058 -0.0135
0.0025 0.1059 -0.0135
0.0025 0.1060 -0.0135
0.0026 0.1060 -0.0135
0.0026 0.1060 -0.0135
0.0028 0.1061 -0.0135
0.0028 0.1063 -0.0133
0.0029 0.1064 -0.0133
0.0031 0.1064 -0.0133
0.0032 0.1065 -0.0133
0.0033 0.1065 -0.0133
0.0032 0.1063 -0.0131
0.0032 0.1063 -0.0129
0.0033 0.1062 -0.0128
0.0035 0.1062 -0.0128
0.0036 0.1063 -0.0127
0.0037 0.1063 -0.0126
0.0030 0.1061 -0.0125
0.0027 0.1061 -0.0124
0.0027 0.1062 -0.0124
0.0028 0.1063 -0.0124
0.0029 0.1064 -0.0124
0.0030 0.1064 -0.0124
0.0031 0.1062 -0.0119
0.0032 0.1061 -0.0118
0.0033 0.1061 -0.0117
0.0035 0.1062 -0.0117
0.0037 0.1062 -0.0117
0.0037 0.1063 -0.0118
0.0034 0.1062 -0.0119
0.0035 0.1062 -0.0119
0.0036 0.1062 -0.0119
0.0037 0.1061 -0.0118
0.0039 0.1061 -0.0118
0.0038 0.1059 -0.0116
0.0034 0.1058 -0.0111
0.0033 0.1058 -0.0110
0.0034 0.1058 -0.0110
0.0036 0.1059 -0.0110
0.0038 0.1060 -0.0110
0.0038 0.1060 -0.0112
0.0035 0.1060 -0.0114
0.0035 0.1060 -0.0114
0.0036 0.1060 -0.0115
0.0038 0.1060 -0.0115
0.0040 0.1059 -0.0115
0.0042 0.1059 -0.0115
0.0043 0.1057 -0.0112
0.0046 0.1056 -0.0111
0.0048 0.1055 -0.0111
0.0051 0.1055 -0.0111
0.0054 0.1054 -0.0111
0.0057 0.1053 -0.0111
0.0050 0.1055 -0.0114
0.0049 0.1056 -0.0115
0.0051 0.1056 -0.0115
0.0053 0.1055 -0.0115
0.0055 0.1055 -0.0115
0.0058 0.1055 -0.0116
0.0054 0.1059 -0.0115
0.0054 0.1061 -0.0115
0.0056 0.1062 -0.0115
0.0058 0.1063 -0.0115
0.0060 0.1064 -0.0115
0.0062 0.1064 -0.0115
0.0055 0.1063 -0.0112
0.0054 0.1063 -0.0110
0.0055 0.1063 -0.0109
0.0057 0.1063 -0.0108
0.0059 0.1063 -0.0108
0.0061 0.1063 -0.0107
0.0056 0.1064 -0.0110
0.0057 0.1065 -0.0111
0.0059 0.1065 -0.0111
0.0061 0.1065 -0.0111
0.0064 0.1066 -0.0110
0.0067 0.1066 -0.0111
0.0052 0.1069 -0.0116
0.0048 0.1071 -0.0118
0.0049 0.1072 -0.0119
0.0051 0.1073 -0.0119
0.0054 0.1074 -0.0120
0.0058 0.1076 -0.0121
0.0064 0.1078 -0.0121
0.0068 0.1079 -0.0122
0.0070 0.1081 -0.0122
0.0073 0.1082 -0.0122
0.0075 0.1083 -0.0123
0.0078 0.1085 -0.0124
0.0074 0.1079 -0.0126
0.0075 0.1078 -0.0127
0.0079 0.1079 -0.0128
0.0081 0.1079 -0.0129
0.0082 0.1079 -0.0130
0.0073 0.1076 -0.0130
0.0071 0.1074 -0.0130
0.0070 0.1073 -0.0130
0.0070 0.1072 -0.0130
0.0071 0.1071 -0.0130
0.0071 0.1070 -0.0130
0.0063 0.1069 -0.0132
0.0061 0.1068 -0.0132
0.0059 0.1067 -0.0132
0.0058 0.1065 -0.0131
0.0056 0.1064 -0.0131
0.0055 0.1063 -0.0130
0.0049 0.1062 -0.0129
0.0045 0.1061 -0.0129
0.0043 0.1061 -0.0128
0.0042 0.1060 -0.0127
0.0040 0.1060 -0.0126
0.0039 0.1061 -0.0125
0.0034 0.1057 -0.0125
0.0030 0.1057 -0.0124
0.0028 0.1058 -0.0123
0.0025 0.1059 -0.0122
0.0021 0.1060 -0.0121
0.0017 0.1061 -0.0120
0.0012 0.1058 -0.0121
0.0006 0.1056 -0.0120
-0.0002 0.1054 -0.0119
-0.0011 0.1051 -0.0116
-0.0024 0.1048 -0.0114
-0.0042 0.1043 -0.0114
-0.0065 0.1036 -0.0117
-0.0090 0.1029 -0.0119
-0.0119 0.1020 -0.0122
-0.0153 0.1010 -0.0128
-0.0191 0.0998 -0.0136
-0.0234 0.0984 -0.0145
-0.0294 0.0966 -0.0155
-0.0353 0.0945 -0.0163
-0.0413 0.0922 -0.0172
-0.0478 0.0898 -0.0181
-0.0547 0.0873 -0.0191
-0.0621 0.0847 -0.0201
-0.0707 0.0821 -0.0217
-0.0793 0.0797 -0.0234
-0.0883 0.0776 -0.0254
-0.0976 0.0759 -0.0278
-0.1071 0.0745 -0.0307
-0.1171 0.0733 -0.0339
-0.1273 0.0728 -0.0378
-0.1379 0.0719 -0.0415
-0.1488 0.0708 -0.0453
-0.1601 0.0695 -0.0490
-0.1717 0.0682 -0.0529
-0.1836 0.0669 -0.0569
-0.1957 0.0651 -0.0607
-0.2081 0.0635 -0.0649
-0.2208 0.0620 -0.0693
-0.2337 0.0605 -0.0737
-0.2469 0.0591 -0.0783
-0.2603 0.0577 -0.0831
-0.2744 0.0557 -0.0870
-0.2885 0.0543 -0.0918
-0.3028 0.0530 -0.0970
-0.3173 0.0519 -0.1025
-0.3319 0.0508 -0.1082
-0.3467 0.0497 -0.1141
-0.3618 0.0488 -0.1200
-0.3767 0.0478 -0.1260
-0.3916 0.0467 -0.1319
-0.4067 0.0455 -0.1375
-0.4220 0.0441 -0.1428
-0.4377 0.0426 -0.1481
-0.4539 0.0414 -0.1536
-0.4696 0.0404 -0.1594
-0.4850 0.0398 -0.1657
-0.5001 0.0394 -0.1723
-0.5150 0.0392 -0.1791
-0.5298 0.0390 -0.1860
-0.5452 0.0394 -0.1921
-0.5600 0.0395 -0.1984
-0.5748 0.0392 -0.2046
-0.5897 0.0387 -0.2104
-0.6046 0.0380 -0.2160
-0.6192 0.0373 -0.2215
-0.6341 0.0372 -0.2263
-0.6481 0.0369 -0.2313
-0.6616 0.0364 -0.2365
-0.6749 0.0356 -0.2416
-0.6882 0.0346 -0.2467
-0.7017 0.0332 -0.2516
-0.7168 0.0315 -0.2541
-0.7315 0.0291 -0.2579
-0.7463 0.0263 -0.2621
-0.7612 0.0231 -0.2664
-0.7762 0.0197 -0.2708
-0.7911 0.0164 -0.2751
-0.8071 0.0137 -0.2764
-0.8223 0.0109 -0.2795
-0.8371 0.0083 -0.2831
-0.8518 0.0059 -0.2866
-0.8666 0.0036 -0.2899
-0.8813 0.0016 -0.2930
-0.8974 -0.0015 -0.2905
-0.9128 -0.0037 -0.2912
-0.9281 -0.0056 -0.2926
-0.9435 -0.0073 -0.2942
-0.9591 -0.0089 -0.2956
-0.9754 -0.0106 -0.2960
-0.9929 -0.0127 -0.2950
-1.0094 -0.0136 -0.2955
-1.0256 -0.0137 -0.2965
-1.0417 -0.0132 -0.2979
-1.0580 -0.0123 -0.2995
-1.0757 -0.0113 -0.3007
-1.0955 -0.0100 -0.3012
-1.1122 -0.0080 -0.3028
-1.1273 -0.0052 -0.3049
-1.1413 -0.0019 -0.3072
-1.1547 0.0015 -0.3096
-1.1683 0.0047 -0.3123
-1.1855 0.0077 -0.3149
-1.2012 0.0098 -0.3186
-1.2166 0.0113 -0.3233
-1.2317 0.0124 -0.3287
-1.2464 0.0135 -0.3346
-1.2604 0.0148 -0.3407
-1.2782 0.0157 -0.3458
-1.2926 0.0169 -0.3513
-1.3060 0.0180 -0.3568
-1.3191 0.0188 -0.3621
-1.3324 0.0190 -0.3672
-1.3459 0.0186 -0.3720
-1.3629 0.0174 -0.3760
-1.3783 0.0159 -0.3801
-1.3935 0.0142 -0.3842
-1.4086 0.0123 -0.3882
-1.4237 0.0104 -0.3920
-1.4388 0.0086 -0.3957
-1.4521 0.0065 -0.3982
-1.4667 0.0045 -0.4013
-1.4818 0.0026 -0.4044
-1.4972 0.0007 -0.4073
-1.5127 -0.0011 -0.4100
-1.5286 -0.0026 -0.4124
-1.5429 -0.0054 -0.4130
-1.5589 -0.0069 -0.4139
-1.5756 -0.0077 -0.4144
-1.5928 -0.0080 -0.4142
-1.6102 -0.0077 -0.4132
-1.6273 -0.0071 -0.4113
-1.6435 -0.0062 -0.4083
-1.6584 -0.0032 -0.4044
-1.6720 0.0010 -0.3993
-1.6852 0.0055 -0.3931
-1.6984 0.0097 -0.3859
-1.7124 0.0128 -0.3778
-1.7313 0.0133 -0.3704
-1.7477 0.0139 -0.3613
-1.7628 0.0143 -0.3513
-1.7762 0.0150 -0.3408
-1.7880 0.0161 -0.3302
-1.7985 0.0175 -0.3198
-1.8133 0.0182 -0.3110
-1.8245 0.0185 -0.3017
-1.8347 0.0180 -0.2925
-1.8451 0.0164 -0.2836
-1.8561 0.0140 -0.2749
-1.8675 0.0109 -0.2666
-1.8843 0.0068 -0.2603
-1.8979 0.0029 -0.2531
-1.9106 -0.0008 -0.2457
-1.9231 -0.0043 -0.2385
-1.9354 -0.0077 -0.2314
-1.9478 -0.0108 -0.2246
-1.9764 -0.0141 -0.2238
-1.9944 -0.0167 -0.2194
-2.0096 -0.0190 -0.2139
-2.0242 -0.0210 -0.2084
-2.0390 -0.0227 -0.2031
-2.0543 -0.0239 -0.1982
-2.0773 -0.0243 -0.1944
-2.0958 -0.0243 -0.1907
-2.1131 -0.0238 -0.1876
-2.1299 -0.0224 -0.1853
-2.1463 -0.0202 -0.1838
-2.1624 -0.0175 -0.1830
-2.1829 -0.0144 -0.1832
-2.1998 -0.0113 -0.1838
-2.2158 -0.0085 -0.1848
-2.2318 -0.0064 -0.1862
-2.2487 -0.0051 -0.1882
-2.2665 -0.0047 -0.1907
-2.2891 -0.0042 -0.1927
-2.3090 -0.0043 -0.1963
-2.3277 -0.0041 -0.2010
-2.3450 -0.0030 -0.2063
-2.3610 -0.0011 -0.2119
-2.3773 0.0015 -0.2168
-2.3950 0.0044 -0.2203
-2.4106 0.0062 -0.2242
-2.4257 0.0071 -0.2278
-2.4411 0.0070 -0.2306
-2.4569 0.0058 -0.2328
-2.4733 0.0036 -0.2344
-2.4936 0.0014 -0.2340
-2.5119 -0.0018 -0.2342
-2.5296 -0.0053 -0.2345
-2.5470 -0.0090 -0.2346
-2.5642 -0.0127 -0.2344
-2.5812 -0.0161 -0.2340
-2.5992 -0.0185 -0.2320
-2.6163 -0.0209 -0.2306
-2.6332 -0.0230 -0.2291
-2.6501 -0.0247 -0.2270
-2.6670 -0.0256 -0.2242
-2.6840 -0.0257 -0.2207
-2.7016 -0.0256 -0.2163
-2.7185 -0.0243 -0.2114
-2.7341 -0.0217 -0.2060
-2.7482 -0.0175 -0.2003
-2.7607 -0.0119 -0.1940
-2.7722 -0.0057 -0.1871
-2.7832 -0.0013 -0.1790
-2.7942 0.0035 -0.1702
-2.8058 0.0078 -0.1605
-2.8176 0.0113 -0.1501
-2.8290 0.0143 -0.1393
-2.8390 0.0173 -0.1284
-2.8462 0.0205 -0.1182
-2.8535 0.0239 -0.1084
-2.8603 0.0273 -0.0993
-2.8669 0.0302 -0.0907
-2.8734 0.0322 -0.0826
-2.8803 0.0330 -0.0750
-2.8887 0.0315 -0.0685
-2.8982 0.0293 -0.0618
-2.9089 0.0262 -0.0553
-2.9208 0.0222 -0.0490
-2.9335 0.0178 -0.0432
-2.9466 0.0136 -0.0382
-2.9600 0.0100 -0.0343
-2.9731 0.0071 -0.0307
-2.9862 0.0048 -0.0277
-2.9996 0.0030 -0.0251
-3.0135 0.0016 -0.0228
-3.0281 0.0003 -0.0209
-3.0441 -0.0026 -0.0202
-3.0607 -0.0043 -0.0198
-3.0779 -0.0054 -0.0201
-3.0953 -0.0061 -0.0212
-3.1129 -0.0062 -0.0233
-3.1304 -0.0057 -0.0263
-3.1462 -0.0059 -0.0320
-3.1618 -0.0048 -0.0374
-3.1767 -0.0029 -0.0432
-3.1908 -0.0005 -0.0496
-3.2044 0.0021 -0.0566
-3.2177 0.0044 -0.0640
-3.2318 0.0056 -0.0723
-3.2455 0.0068 -0.0807
-3.2592 0.0078 -0.0896
-3.2727 0.0083 -0.0989
-3.2861 0.0085 -0.1089
-3.2987 0.0085 -0.1193
-3.3119 0.0085 -0.1303
-3.3229 0.0088 -0.1408
-3.3325 0.0094 -0.1509
-3.3414 0.0102 -0.1603
-3.3499 0.0109 -0.1690
-3.3582 0.0115 -0.1767
-3.3691 0.0118 -0.1839
-3.3786 0.0119 -0.1900
-3.3880 0.0118 -0.1952
-3.3975 0.0114 -0.1998
-3.4073 0.0107 -0.2037
-3.4173 0.0096 -0.2071
-3.4288 0.0087 -0.2098
-3.4395 0.0072 -0.2122
-3.4501 0.0055 -0.2145
-3.4607 0.0036 -0.2164
-3.4716 0.0018 -0.2180
-3.4831 0.0000 -0.2191
-3.4956 -0.0016 -0.2195
-3.5079 -0.0028 -0.2200
-3.5198 -0.0034 -0.2202
-3.5309 -0.0032 -0.2196
-3.5407 -0.0017 -0.2181
-3.5492 0.0007 -0.2155
-3.5599 0.0020 -0.2132
-3.5682 0.0044 -0.2096
-3.5759 0.0071 -0.2053
-3.5837 0.0097 -0.2007
-3.5917 0.0124 -0.1961
-3.6002 0.0150 -0.1916
-3.6126 0.0175 -0.1886
-3.6237 0.0193 -0.1858
-3.6339 0.0211 -0.1834
-3.6433 0.0232 -0.1812
-3.6515 0.0260 -0.1793
-3.6589 0.0291 -0.1778
-3.6670 0.0318 -0.1766
-3.6740 0.0342 -0.1762
-3.6809 0.0360 -0.1766
-3.6882 0.0368 -0.1778
-3.6962 0.0366 -0.1797
-3.7052 0.0352 -0.1826
-3.7164 0.0325 -0.1858
-3.7271 0.0292 -0.1903
-3.7375 0.0257 -0.1956
-3.7474 0.0224 -0.2015
-3.7566 0.0197 -0.2076
-3.7650 0.0178 -0.2135
-3.7748 0.0149 -0.2184
-3.7830 0.0136 -0.2238
-3.7906 0.0131 -0.2294
-3.7981 0.0132 -0.2354
-3.8057 0.0140 -0.2419
-3.8134 0.0155 -0.2490
-3.8235 0.0172 -0.2555
-3.8312 0.0200 -0.2625
-3.8372 0.0240 -0.2689
-3.8420 0.0291 -0.2743
-3.8459 0.0348 -0.2786
-3.8499 0.0403 -0.2820
-3.8547 0.0447 -0.2848
-3.8587 0.0488 -0.2880
-3.8628 0.0520 -0.2919
-3.8670 0.0540 -0.2962
-3.8710 0.0551 -0.3009
-3.8747 0.0558 -0.3053
-3.8799 0.0552 -0.3094
-3.8833 0.0551 -0.3131
-3.8860 0.0551 -0.3165
-3.8882 0.0548 -0.3197
-3.8903 0.0543 -0.3227
-3.8921 0.0535 -0.3255
-3.8961 0.0524 -0.3280
-3.8983 0.0512 -0.3301
-3.8998 0.0500 -0.3319
-3.9009 0.0487 -0.3333
-3.9018 0.0472 -0.3347
-3.9025 0.0454 -0.3362
-3.9114 0.0487 -0.3424
-3.9142 0.0483 -0.3461
-3.9148 0.0469 -0.3492
-3.9142 0.0455 -0.3524
-3.9127 0.0442 -0.3558
-3.9103 0.0434 -0.3596
-3.9121 0.0446 -0.3683
-3.9099 0.0453 -0.3740
-3.9061 0.0465 -0.3786
-3.9012 0.0484 -0.3823
-3.8955 0.0512 -0.3853
-3.8892 0.0548 -0.3876
-3.8833 0.0595 -0.3908
-3.8762 0.0641 -0.3925
-3.8686 0.0685 -0.3935
-3.8603 0.0726 -0.3942
-3.8517 0.0764 -0.3949
-3.8429 0.0795 -0.3959
-3.8342 0.0820 -0.3977
-3.8248 0.0842 -0.3984
-3.8150 0.0860 -0.3986
-3.8048 0.0872 -0.3986
-3.7943 0.0877 -0.3985
-3.7834 0.0878 -0.3983
-3.7722 0.0874 -0.3979
-3.7606 0.0865 -0.3974
-3.7485 0.0852 -0.3968
-3.7359 0.0836 -0.3959
-3.7228 0.0818 -0.3950
-3.7092 0.0798 -0.3939
-3.6956 0.0767 -0.3930
-3.6812 0.0741 -0.3918
-3.6661 0.0718 -0.3902
-3.6505 0.0695 -0.3885
-3.6344 0.0673 -0.3864
-3.6177 0.0654 -0.3840
-3.6009 0.0618 -0.3836
-3.5834 0.0595 -0.3818
-3.5653 0.0575 -0.3795
-3.5467 0.0556 -0.3770
-3.5278 0.0539 -0.3742
-3.5087 0.0522 -0.3712
-3.4900 0.0495 -0.3697
-3.4707 0.0473 -0.3670
-3.4513 0.0451 -0.3638
-3.4316 0.0429 -0.3603
-3.4117 0.0409 -0.3566
-3.3915 0.0389 -0.3527
-3.3730 0.0361 -0.3497
-3.3527 0.0342 -0.3460
-3.3317 0.0325 -0.3422
-3.3104 0.0312 -0.3384
-3.2895 0.0301 -0.3345
-3.2694 0.0295 -0.3307
-3.2515 0.0286 -0.3284
-3.2341 0.0289 -0.3248
-3.2176 0.0298 -0.3209
-3.2019 0.0310 -0.3169
-3.1867 0.0321 -0.3132
-3.1716 0.0328 -0.3099
-3.1562 0.0319 -0.3081
-3.1407 0.0308 -0.3065
-3.1248 0.0289 -0.3055
-3.1087 0.0265 -0.3050
-3.0926 0.0236 -0.3050
-3.0763 0.0203 -0.3055
-3.0599 0.0167 -0.3068
-3.0440 0.0133 -0.3080
-3.0283 0.0100 -0.3093
-3.0128 0.0070 -0.3108
-2.9974 0.0041 -0.3126
-2.9818 0.0015 -0.3146
-2.9660 -0.0028 -0.3193
-2.9499 -0.0056 -0.3224
-2.9334 -0.0079 -0.3249
-2.9165 -0.0099 -0.3273
-2.8991 -0.0114 -0.3297
-2.8814 -0.0126 -0.3321
-2.8648 -0.0145 -0.3373
-2.8468 -0.0149 -0.3407
-2.8282 -0.0142 -0.3433
-2.8092 -0.0127 -0.3454
-2.7900 -0.0103 -0.3471
-2.7710 -0.0072 -0.3483
-2.7555 -0.0048 -0.3519
-2.7386 -0.0009 -0.3529
-2.7213 0.0036 -0.3527
-2.7040 0.0082 -0.3516
-2.6862 0.0126 -0.3499
-2.6679 0.0164 -0.3476
-2.6531 0.0187 -0.3476
-2.6353 0.0208 -0.3454
-2.6168 0.0226 -0.3422
-2.5984 0.0244 -0.3385
-2.5807 0.0261 -0.3346
-2.5635 0.0278 -0.3305
-2.5499 0.0295 -0.3295
-2.5344 0.0303 -0.3267
-2.5179 0.0302 -0.3237
-2.5010 0.0292 -0.3210
-2.4836 0.0274 -0.3187
-2.4658 0.0251 -0.3177
-2.4477 0.0229 -0.3187
-2.4295 0.0200 -0.3182
-2.4110 0.0169 -0.3175
-2.3925 0.0138 -0.3168
-2.3738 0.0108 -0.3163
-2.3555 0.0080 -0.3170
-2.3378 0.0054 -0.3194
-2.3197 0.0034 -0.3204
-2.3015 0.0019 -0.3211
-2.2833 0.0009 -0.3221
-2.2650 0.0003 -0.3236
-2.2466 0.0001 -0.3259
-2.2299 -0.0021 -0.3325
-2.2115 -0.0025 -0.3376
-2.1926 -0.0022 -0.3427
-2.1739 -0.0015 -0.3483
-2.1557 -0.0006 -0.3543
-2.1387 0.0008 -0.3607
-2.1220 -0.0011 -0.3693
-2.1070 0.0003 -0.3768
-2.0929 0.0031 -0.3843
-2.0790 0.0061 -0.3921
-2.0648 0.0085 -0.4004
-2.0501 0.0100 -0.4093
-2.0265 0.0075 -0.4188
-2.0091 0.0067 -0.4282
-1.9942 0.0064 -0.4375
-1.9806 0.0062 -0.4464
-1.9678 0.0059 -0.4548
-1.9554 0.0055 -0.4626
-1.9386 0.0028 -0.4703
-1.9243 0.0013 -0.4771
-1.9103 -0.0005 -0.4833
-1.8956 -0.0031 -0.4894
-1.8798 -0.0065 -0.4952
-1.8631 -0.0106 -0.5008
-1.8449 -0.0155 -0.5072
-1.8266 -0.0198 -0.5124
-1.8084 -0.0233 -0.5167
-1.7905 -0.0256 -0.5204
-1.7727 -0.0269 -0.5235
-1.7549 -0.0276 -0.5262
-1.7359 -0.0295 -0.5295
-1.7170 -0.0300 -0.5319
-1.6977 -0.0300 -0.5339
-1.6778 -0.0296 -0.5353
-1.6574 -0.0288 -0.5363
-1.6366 -0.0277 -0.5368
-1.6157 -0.0264 -0.5372
-1.5956 -0.0240 -0.5363
-1.5764 -0.0207 -0.5347
-1.5579 -0.0170 -0.5324
-1.5400 -0.0133 -0.5295
-1.5220 -0.0097 -0.5260
-1.5020 -0.0071 -0.5230
-1.4824 -0.0051 -0.5190
-1.4624 -0.0039 -0.5144
-1.4424 -0.0031 -0.5091
-1.4227 -0.0024 -0.5032
-1.4039 -0.0013 -0.4968
-1.3845 0.0005 -0.4906
-1.3672 0.0025 -0.4842
-1.3507 0.0043 -0.4780
-1.3347 0.0060 -0.4723
-1.3187 0.0073 -0.4671
-1.3025 0.0080 -0.4624
-1.2831 0.0079 -0.4593
-1.2652 0.0073 -0.4562
-1.2476 0.0063 -0.4534
-1.2299 0.0050 -0.4511
-1.2121 0.0036 -0.4491
-1.1944 0.0021 -0.4474
-1.1762 0.0019 -0.4470
-1.1585 0.0007 -0.4461
-1.1410 -0.0008 -0.4453
-1.1234 -0.0023 -0.4446
-1.1057 -0.0040 -0.4442
-1.0877 -0.0057 -0.4441
-1.0695 -0.0083 -0.4467
-1.0512 -0.0100 -0.4486
-1.0327 -0.0110 -0.4507
-1.0142 -0.0116 -0.4533
-0.9962 -0.0118 -0.4566
-0.9781 -0.0121 -0.4608
-0.9598 -0.0130 -0.4661
-0.9442 -0.0114 -0.4712
-0.9299 -0.0088 -0.4767
-0.9158 -0.0061 -0.4826
-0.9013 -0.0040 -0.4889
-0.8851 -0.0030 -0.4958
-0.8669 -0.0030 -0.5029
-0.8508 -0.0031 -0.5099
-0.8361 -0.0028 -0.5165
-0.8225 -0.0021 -0.5225
-0.8097 -0.0012 -0.5279
-0.7848 0.0001 -0.5364
-0.7720 -0.0002 -0.5396
-0.7585 -0.0012 -0.5423
-0.7442 -0.0031 -0.5444
-0.7291 -0.0057 -0.5460
-0.7133 -0.0089 -0.5471
-0.6941 -0.0111 -0.5488
-0.6766 -0.0140 -0.5491
-0.6596 -0.0169 -0.5487
-0.6431 -0.0194 -0.5478
-0.6268 -0.0214 -0.5463
-0.6108 -0.0229 -0.5444
-0.5940 -0.0234 -0.5435
-0.5776 -0.0243 -0.5414
-0.5609 -0.0253 -0.5385
-0.5438 -0.0264 -0.5348
-0.5264 -0.0278 -0.5302
-0.5089 -0.0290 -0.5247
-0.4904 -0.0308 -0.5195
-0.4730 -0.0316 -0.5126
-0.4562 -0.0318 -0.5047
-0.4402 -0.0315 -0.4960
-0.4250 -0.0308 -0.4867
-0.4108 -0.0296 -0.4765
-0.3973 -0.0285 -0.4664
-0.3843 -0.0267 -0.4550
-0.3714 -0.0246 -0.4423
-0.3582 -0.0226 -0.4284
-0.3448 -0.0210 -0.4131
-0.3315 -0.0196 -0.3967
-0.3161 -0.0202 -0.3808
-0.3040 -0.0188 -0.3636
-0.2940 -0.0160 -0.3461
-0.2856 -0.0122 -0.3288
-0.2785 -0.0082 -0.3115
-0.2720 -0.0046 -0.2947
-0.2660 -0.0016 -0.2784
-0.2607 0.0014 -0.2623
-0.2559 0.0041 -0.2465
-0.2512 0.0063 -0.2310
-0.2466 0.0078 -0.2158
-0.2421 0.0086 -0.2011
-0.2360 0.0090 -0.1873
-0.2314 0.0090 -0.1740
-0.2273 0.0088 -0.1612
-0.2234 0.0082 -0.1492
-0.2196 0.0074 -0.1377
-0.2154 0.0062 -0.1266
-0.2106 0.0046 -0.1156
-0.2045 0.0031 -0.1052
-0.1985 0.0005 -0.0944
-0.1930 -0.0022 -0.0840
-0.1883 -0.0040 -0.0748
-0.1845 -0.0046 -0.0670
-0.1792 -0.0046 -0.0624
-0.1748 -0.0041 -0.0568
-0.1700 -0.0040 -0.0506
-0.1643 -0.0050 -0.0434
-0.1578 -0.0072 -0.0354
-0.1514 -0.0101 -0.0273
-0.1433 -0.0119 -0.0189
-0.1379 -0.0124 -0.0122
-0.1340 -0.0115 -0.0066
-0.1311 -0.0098 -0.0018
-0.1287 -0.0079 0.0028
-0.1262 -0.0059 0.0078
-0.1231 -0.0040 0.0135
-0.1208 -0.0032 0.0190
-0.1187 -0.0032 0.0247
-0.1164 -0.0040 0.0306
-0.1140 -0.0053 0.0368
-0.1111 -0.0071 0.0435
-0.1076 -0.0090 0.0508
-0.1050 -0.0110 0.0571
-0.1029 -0.0130 0.0628
-0.1012 -0.0147 0.0679
-0.0999 -0.0161 0.0723
-0.0981 -0.0179 0.0762
-0.0954 -0.0203 0.0800
-0.0937 -0.0215 0.0825
-0.0924 -0.0223 0.0841
-0.0910 -0.0227 0.0851
-0.0895 -0.0231 0.0855
-0.0878 -0.0234 0.0856
-0.0811 -0.0232 0.0907
-0.0774 -0.0237 0.0925
-0.0748 -0.0248 0.0930
-0.0724 -0.0260 0.0929
-0.0699 -0.0271 0.0921
-0.0671 -0.0279 0.0908
-0.0613 -0.0278 0.0921
-0.0568 -0.0279 0.0918
-0.0525 -0.0283 0.0913
-0.0483 -0.0289 0.0912
-0.0442 -0.0297 0.0916
-0.0402 -0.0305 0.0923
-0.0339 -0.0314 0.0957
-0.0296 -0.0314 0.0970
-0.0262 -0.0308 0.0973
-0.0235 -0.0297 0.0971
-0.0212 -0.0283 0.0968
-0.0194 -0.0270 0.0965
-0.0149 -0.0236 0.0982
-0.0129 -0.0221 0.0990
-0.0119 -0.0213 0.0996
-0.0114 -0.0211 0.1002
-0.0111 -0.0213 0.1008
-0.0109 -0.0217 0.1012
-0.0518 -0.0121 0.0271
-0.0644 -0.0093 0.0036
-0.0681 -0.0087 -0.0041
-0.0690 -0.0088 -0.0067
-0.0690 -0.0094 -0.0076
-0.0685 -0.0103 -0.0075
-0.0673 -0.0115 -0.0069
-0.0662 -0.0127 -0.0069
-0.0649 -0.0134 -0.0073
-0.0636 -0.0136 -0.0077
-0.0621 -0.0136 -0.0078
-0.0605 -0.0137 -0.0072
-0.0586 -0.0136 -0.0059
-0.0573 -0.0138 -0.0044
-0.0560 -0.0134 -0.0031
-0.0548 -0.0121 -0.0023
-0.0535 -0.0097 -0.0022
-0.0520 -0.0064 -0.0025
-0.0495 -0.0039 -0.0024
-0.0472 -0.0003 -0.0027
-0.0448 0.0034 -0.0029
-0.0425 0.0069 -0.0026
-0.0400 0.0101 -0.0019
-0.0375 0.0134 -0.0009
-0.0359 0.0156 0.0014
-0.0336 0.0188 0.0030
-0.0310 0.0227 0.0042
-0.0283 0.0271 0.0049
-0.0254 0.0320 0.0052
-0.0226 0.0370 0.0053
-0.0219 0.0413 0.0063
-0.0199 0.0459 0.0071
-0.0174 0.0503 0.0079
-0.0147 0.0546 0.0088
-0.0121 0.0588 0.0096
-0.0096 0.0630 0.0101
-0.0087 0.0664 0.0104
-0.0071 0.0702 0.0105
-0.0053 0.0737 0.0103
-0.0035 0.0771 0.0099
-0.0018 0.0802 0.0094
-0.0002 0.0829 0.0090
-0.0003 0.0852 0.0070
0.0006 0.0871 0.0062
0.0018 0.0888 0.0057
0.0030 0.0903 0.0055
0.0043 0.0917 0.0052
0.0055 0.0931 0.0049
0.0043 0.0915 0.0048
0.0043 0.0916 0.0047
0.0047 0.0923 0.0046
0.0051 0.0930 0.0046
0.0056 0.0939 0.0047
0.0060 0.0948 0.0048
0.0064 0.0956 0.0049
0.0066 0.0963 0.0051
0.0068 0.0968 0.0055
0.0069 0.0973 0.0059
0.0070 0.0977 0.0063
0.0071 0.0982 0.0066
0.0149 0.1039 0.0041
0.0173 0.1060 0.0035
0.0181 0.1068 0.0036
0.0183 0.1071 0.0039
0.0182 0.1074 0.0043
0.0180 0.1076 0.0046
0.0173 0.1068 0.0047
0.0169 0.1066 0.0050
0.0166 0.1066 0.0054
0.0163 0.1067 0.0057
0.0159 0.1068 0.0061
0.0156 0.1069 0.0064
0.0135 0.1063 0.0058
0.0127 0.1063 0.0057
0.0122 0.1064 0.0057
0.0119 0.1066 0.0057
0.0116 0.1068 0.0057
0.0113 0.1069 0.0057
0.0099 0.1065 0.0059
0.0092 0.1064 0.0059
0.0088 0.1065 0.0058
0.0085 0.1067 0.0057
0.0082 0.1068 0.0056
0.0080 0.1069 0.0056
0.0071 0.1064 0.0054
0.0067 0.1064 0.0052
0.0065 0.1065 0.0051
0.0064 0.1066 0.0049
0.0063 0.1067 0.0048
0.0063 0.1069 0.0046
0.0052 0.1062 0.0040
0.0049 0.1061 0.0037
0.0048 0.1061 0.0036
0.0047 0.1062 0.0034
0.0047 0.1063 0.0033
0.0045 0.1064 0.0032
0.0041 0.1064 0.0029
0.0040 0.1065 0.0027
0.0039 0.1067 0.0026
0.0040 0.1069 0.0025
0.0041 0.1071 0.0024
0.0041 0.1073 0.0023
0.0041 0.1071 0.0016
0.0042 0.1072 0.0012
0.0045 0.1073 0.0011
0.0048 0.1075 0.0010
0.0052 0.1077 0.0009
0.0057 0.1078 0.0009
0.0050 0.1072 0.0009
0.0051 0.1071 0.0009
0.0054 0.1070 0.0010
0.0058 0.1070 0.0011
0.0063 0.1071 0.0012
0.0068 0.1071 0.0013
0.0059 0.1066 0.0016
0.0058 0.1064 0.0018
0.0061 0.1064 0.0020
0.0065 0.1065 0.0022
0.0069 0.1066 0.0024
0.0073 0.1068 0.0025
0.0062 0.1062 0.0027
0.0061 0.1061 0.0028
0.0063 0.1061 0.0030
0.0065 0.1062 0.0031
0.0068 0.1062 0.0034
0.0071 0.1062 0.0036
0.0067 0.1061 0.0037
0.0068 0.1060 0.0039
0.0070 0.1059 0.0041
0.0072 0.1057 0.0045
0.0074 0.1055 0.0049
0.0075 0.1052 0.0052
0.0078 0.1048 0.0053
0.0081 0.1044 0.0057
0.0084 0.1040 0.0062
0.0088 0.1036 0.0067
0.0092 0.1033 0.0071
0.0095 0.1030 0.0076
0.0095 0.1024 0.0082
0.0099 0.1023 0.0086
0.0104 0.1022 0.0090
0.0109 0.1021 0.0094
0.0114 0.1020 0.0099
0.0119 0.1020 0.0104
0.0117 0.1026 0.0098
0.0120 0.1028 0.0097
0.0124 0.1030 0.0098
0.0128 0.1031 0.0099
0.0133 0.1032 0.0100
0.0137 0.1032 0.0102
0.0151 0.1022 0.0112
0.0158 0.1019 0.0115
0.0163 0.1018 0.0117
0.0167 0.1017 0.0118
0.0170 0.1015 0.0120
0.0173 0.1014 0.0121
0.0167 0.1016 0.0115
0.0168 0.1017 0.0113
0.0170 0.1017 0.0112
0.0172 0.1018 0.0110
0.0175 0.1019 0.0108
0.0177 0.1020 0.0106
0.0171 0.1017 0.0103
0.0170 0.1017 0.0099
0.0170 0.1019 0.0096
0.0171 0.1021 0.0092
0.0171 0.1023 0.0089
0.0172 0.1025 0.0085
0.0170 0.1028 0.0076
0.0170 0.1031 0.0070
0.0170 0.1033 0.0065
0.0169 0.1035 0.0062
0.0168 0.1037 0.0058
0.0168 0.1039 0.0055
0.0169 0.1041 0.0053
0.0169 0.1043 0.0049
0.0168 0.1044 0.0047
0.0166 0.1046 0.0044
0.0165 0.1047 0.0041
0.0163 0.1046 0.0038
0.0161 0.1043 0.0035
0.0160 0.1043 0.0032
0.0160 0.1045 0.0029
0.0159 0.1047 0.0026
0.0159 0.1049 0.0024
0.0159 0.1051 0.0022
0.0159 0.1052 0.0019
0.0160 0.1053 0.0017
0.0160 0.1055 0.0014
0.0161 0.1057 0.0012
0.0161 0.1059 0.0009
0.0161 0.1061 0.0006
0.0165 0.1062 0.0000
0.0166 0.1064 -0.0004
0.0167 0.1065 -0.0006
0.0167 0.1067 -0.0008
0.0167 0.1069 -0.0009
0.0167 0.1071 -0.0011
0.0168 0.1075 -0.0016
0.0169 0.1078 -0.0018
0.0169 0.1081 -0.0021
0.0170 0.1084 -0.0023
0.0170 0.1086 -0.0024
0.0170 0.1089 -0.0025
0.0169 0.1085 -0.0024
0.0169 0.1085 -0.0024
0.0169 0.1086 -0.0025
0.0168 0.1088 -0.0026
0.0168 0.1089 -0.0028
0.0168 0.1090 -0.0029
0.0169 0.1091 -0.0033
0.0169 0.1091 -0.0035
0.0169 0.1091 -0.0036
0.0170 0.1091 -0.0037
0.0170 0.1091 -0.0038
0.0171 0.1092 -0.0039
0.0172 0.1093 -0.0040
0.0174 0.1094 -0.0041
0.0175 0.1094 -0.0041
0.0177 0.1095 -0.0042
0.0178 0.1095 -0.0042
0.0179 0.1096 -0.0042
0.0181 0.1098 -0.0043
0.0182 0.1099 -0.0043
0.0182 0.1099 -0.0043
0.0183 0.1099 -0.0044
0.0184 0.1098 -0.0044
0.0186 0.1098 -0.0045
0.0184 0.1098 -0.0041
0.0184 0.1098 -0.0040
0.0185 0.1097 -0.0040
0.0187 0.1097 -0.0039
0.0189 0.1097 -0.0040
0.0191 0.1097 -0.0040
0.0190 0.1097 -0.0042
0.0191 0.1097 -0.0042
0.0193 0.1097 -0.0043
0.0196 0.1097 -0.0044
0.0199 0.1096 -0.0045

