0.0000 0.0000 0.0000
0.0000 0.0000 0.0000
0.0000 0.0000 0.0000
0.0000 0.0000 0.0000
0.0000 0.0000 0.0000
0.0000 0.0000 0.0000
0.0000 0.0000 0.0000
0.0000 0.0000 0.0000
0.0000 0.0000 0.0000
0.0000 0.0000 0.0000
0.0000 0.0000 0.0000
0.0000 0.0000 0.0000
0.1629 0.3024 0.6923
0.1777 0.4044 0.4743
0.1572 0.3385 0.2903
0.0906 0.2985 0.2197
0.0693 0.3189 0.1952
0.0217 0.4258 0.1185
-0.1044 0.3499 0.0425
-0.0468 0.4176 0.0129
-0.0074 0.4581 -0.0300
0.0436 0.5471 -0.0922
0.1908 0.8392 -0.0813
0.3204 1.0785 -0.1060
0.5968 1.6301 -0.2071
0.8177 2.2342 -0.2968
0.7045 1.7537 -0.3630
0.5792 1.2762 0.7460
-0.0027 1.1971 0.4873
-0.2143 0.9109 -0.1764
-0.1344 0.6938 0.1971
-0.0422 0.5353 0.0957
0.0496 0.1720 -0.0461
0.1977 -0.3822 -0.2028
0.2395 -0.7755 -0.3055
0.1578 -1.2978 -0.4070
-0.0610 -0.7639 -0.3103
-0.3093 -0.5512 -0.1902
-0.9271 0.3320 0.2417
-1.2488 0.8111 0.6329
-1.1434 0.9119 0.6566
-0.6424 0.9721 0.5837
-0.0119 0.4269 0.7981
0.3058 -0.1829 0.9501
0.5605 -0.8501 0.9505
0.4465 -0.8024 0.6182
0.2845 -0.6193 0.4244
-0.1682 -0.1624 0.2416
-0.4799 0.1581 0.1608
-0.4722 0.2120 0.1254
-0.2576 0.0773 0.1353
-0.0153 -0.1276 0.1783
0.0456 -0.1219 0.2103
0.1087 -0.0769 0.2472
0.1562 -0.0391 0.2185
0.1818 0.0096 0.1907
0.2302 0.0421 0.1806
0.2227 -0.0632 0.2510
0.1915 -0.1273 0.2817
0.1205 -0.1805 0.3058
0.0973 -0.2113 0.3006
-0.0070 -0.2722 0.2768
-0.0515 0.0428 0.1962
0.0106 0.0291 0.1615
-0.0268 0.0252 0.0949
-0.0391 0.0625 0.1002
0.0669 0.0196 0.1306
0.3693 -0.2032 0.1306
0.3802 -0.3972 0.1101
0.0628 -0.3770 0.0543
-0.1451 0.1063 0.0694
0.0724 0.1280 -0.0026
0.1552 0.1646 -0.0246
0.3069 0.1153 -0.0458
0.2286 0.2319 -0.2037
0.0828 0.2247 -0.2172
-0.1269 0.7413 -0.2931
-0.3181 1.0571 -0.2411
-0.3260 1.2044 -0.0915
-0.0866 1.2806 0.3320
-0.5405 0.7273 1.2638
-1.0347 -0.2450 1.4636
-1.0126 0.0014 0.6939
-0.1362 0.7525 -0.0060
0.2106 0.6060 -0.0284
0.4318 0.4793 0.0691
0.2539 0.2925 0.1530
0.2095 0.1835 0.1910
0.4210 -0.4411 0.1054
0.4331 -0.6578 0.0054
-0.0173 -0.4407 -0.1440
-0.2459 -0.3661 -0.1017
-0.2566 -0.5433 -0.2142
0.1376 -0.3894 -0.5717
0.6434 -0.2698 -0.8892
0.7671 -0.2107 -0.9866
0.6482 -0.0981 -0.9208
0.2406 0.0047 -0.6154
0.1255 0.0501 -0.4342
-0.0039 0.1080 -0.1883
0.0873 0.0349 -0.0589
0.2055 -0.0033 -0.0144
0.4304 -0.0503 0.0465
0.4739 -0.0626 0.1231
0.4432 -0.0700 0.1655
0.3598 -0.0805 0.1276
0.3200 -0.0823 0.0595
0.3038 -0.0614 0.0736
0.2203 -0.2854 0.0816
0.0952 -0.3370 0.0634
0.0309 -0.3655 0.0722
0.0055 -0.3535 0.1639
0.1012 -0.1589 0.1913
0.1765 -0.0399 0.1816
0.2742 0.1036 0.1278
0.3284 0.0609 0.0517
0.3474 0.0395 -0.0273
0.3000 0.0387 -0.0856
0.2090 -0.0077 -0.0548
0.0185 -0.0074 0.0093
-0.0751 0.0594 -0.0040
-0.0455 0.0773 0.0064
0.0595 0.0696 0.0225
0.0209 0.0625 0.0479
-0.0478 0.0546 0.0647
-0.1169 0.0775 0.0672
-0.1262 0.1628 0.0536
-0.1465 0.1891 0.0587
-0.1862 0.1689 0.0793
-0.1020 0.1118 0.0787
-0.0272 0.1139 0.0594
0.0987 0.1032 0.0144
0.0687 0.0724 -0.0173
0.0197 0.0696 -0.0038
-0.0129 0.0917 0.0124
0.0811 0.1182 -0.0019
0.1238 0.1369 -0.0110
0.1486 0.0659 -0.0278
0.0986 0.0082 -0.0220
0.0988 0.0024 -0.0063
0.0962 0.0149 -0.0325
0.1053 0.0532 -0.0279
0.1069 0.0658 -0.0212
0.1039 0.0825 -0.0212
0.0952 0.0683 -0.0197
0.0923 0.0026 -0.0031
0.1189 0.0399 -0.0215
0.1194 0.0587 -0.0304
0.1304 0.0578 0.0020
0.1496 0.0592 0.0032
0.1437 0.0596 0.0052
0.1171 0.0348 0.0168
0.1394 0.0175 0.0212
0.1634 0.0315 0.0155
0.1735 0.0275 0.0196
0.1585 0.0224 0.0288
0.1442 0.0109 0.0234
0.1145 0.0155 0.0146
0.1175 0.0353 0.0219
0.1447 0.0191 0.0284
0.1318 0.0539 0.0200
0.1133 0.0566 0.0221
0.0960 0.0643 0.0107
0.0509 0.0508 0.0039
0.0417 -0.0374 0.0099
0.0632 -0.0590 0.0072
0.1228 -0.0351 0.0018
0.1388 0.0530 -0.0129
0.1223 0.0620 -0.0048
0.0791 0.0543 0.0054
0.0533 0.0353 -0.0040
0.0294 0.0088 0.0075
0.0595 -0.0285 0.0072
0.0815 -0.0163 0.0060
0.1290 0.0092 0.0057
0.1264 0.0427 -0.0088
0.0981 0.0402 -0.0088
0.0287 0.0150 -0.0015
0.0106 -0.0071 -0.0080
0.0168 -0.0040 -0.0063
0.0555 -0.0160 -0.0023
0.0824 0.0115 -0.0213
0.0806 0.0209 -0.0190
0.0660 0.0165 -0.0069
0.0564 -0.0074 -0.0075
0.0515 -0.0273 -0.0119
0.0509 -0.0178 -0.0089
0.0503 0.0000 -0.0166
0.0454 0.0047 -0.0149
0.0499 0.0015 -0.0101
0.0581 -0.0124 -0.0039
0.0497 -0.0213 0.0015
0.0205 -0.0226 0.0139
0.0253 -0.0249 0.0115
0.0341 -0.0272 0.0129
0.0657 -0.0233 0.0092
0.0391 -0.0290 -0.0009
0.0065 -0.0198 0.0046
-0.0261 -0.0327 0.0149
-0.0053 -0.0309 0.0117
0.0369 -0.0354 0.0107
0.0506 0.0111 0.0042
0.0409 0.0263 0.0013
0.0222 0.0183 0.0116
0.0294 -0.0227 0.0032
0.0348 -0.0422 -0.0009
0.0177 -0.0467 0.0130
0.0106 0.0001 0.0096
0.0090 0.0188 0.0043
0.0160 0.0286 0.0069
0.0264 0.0402 0.0192
0.0211 0.0226 0.0223
-0.0154 -0.0096 0.0354
-0.0273 -0.0028 0.0309
-0.0168 0.0130 0.0288
0.0249 0.0375 0.0313
0.0336 0.0248 0.0338
0.0292 0.0220 0.0321
0.0225 0.0170 0.0145
0.0066 0.0081 0.0156
-0.0113 0.0029 0.0148
-0.0142 -0.0224 0.0276
0.0265 -0.0221 0.0068
0.0389 -0.0233 -0.0007
0.0401 0.0212 -0.0025
0.0205 0.0583 0.0065
0.0235 0.0635 0.0304
0.0173 0.0745 0.0161
-0.0018 0.0911 0.0191
-0.0354 0.0509 0.0298
-0.0210 -0.0110 0.0208

