0.0000 0.0000 0.0000
0.0000 0.0000 0.0000
0.0000 0.0000 0.0000
0.0000 0.0000 0.0000
0.0000 0.0000 0.0000
0.0000 0.0000 0.0000
0.0000 0.0000 0.0000
0.0000 0.0000 0.0000
0.0000 0.0000 0.0000
0.0000 0.0000 0.0000
0.0000 0.0000 0.0000
0.0000 0.0000 0.0000
0.0000 0.0000 0.0000
0.0000 0.0000 0.0000
0.0000 0.0000 0.0000
0.0000 0.0000 0.0000
0.0000 0.0000 0.0000
0.0000 0.0000 0.0000
0.0000 0.0000 0.0000
0.0000 0.0000 0.0000
0.0000 0.0000 0.0000
0.0000 0.0000 0.0000
0.0000 0.0000 0.0000
0.0000 0.0000 0.0000
0.0000 0.0000 0.0000
0.0000 0.0000 0.0000
0.0000 0.0000 0.0000
0.0000 0.0000 0.0000
0.0000 0.0000 0.0000
0.0000 0.0000 0.0000
0.0000 0.0000 0.0000
0.0000 0.0000 0.0000
0.0000 0.0000 0.0000
0.0000 0.0000 0.0000
0.0000 0.0000 0.0000
0.0000 0.0000 0.0000
0.0000 0.0000 0.0000
0.0000 0.0000 0.0000
0.0000 0.0000 0.0000
0.0000 0.0000 0.0000
0.0000 0.0000 0.0000
0.0000 0.0000 0.0000
0.0000 0.0000 0.0000
0.0000 0.0000 0.0000
0.0000 0.0000 0.0000
0.0000 0.0000 0.0000
0.0000 0.0000 0.0000
0.0000 0.0000 0.0000
0.0000 0.0000 0.0000
0.0000 0.0000 0.0000
0.0000 0.0000 0.0000
0.0000 0.0000 0.0000
0.0000 0.0000 0.0000
0.0000 0.0000 0.0000
0.0000 0.0000 0.0000
0.0000 0.0000 0.0000
0.0000 0.0000 0.0000
0.0000 0.0000 0.0000
0.0000 0.0000 0.0000
0.0000 0.0000 0.0000
0.0000 0.0000 0.0000
0.0000 0.0000 0.0000
0.0000 0.0000 0.0000
0.0000 0.0000 0.0000
0.0000 0.0000 0.0000
0.0000 0.0000 0.0000
0.0000 0.0000 0.0000
0.0000 0.0000 0.0000
0.0000 0.0000 0.0000
0.0000 0.0000 0.0000
0.0000 0.0000 0.0000
0.0000 0.0000 0.0000
0.0000 0.0000 0.0000
0.0000 0.0000 0.0000
0.0000 0.0000 0.0000
0.0000 0.0000 0.0000
0.0000 0.0000 0.0000
0.0000 0.0000 0.0000
0.0000 0.0000 0.0000
0.0000 0.0000 0.0000
0.0000 0.0000 0.0000
0.0000 0.0000 0.0000
0.0000 0.0000 0.0000
0.0000 0.0000 0.0000
0.0000 0.0000 0.0000
0.0000 0.0000 0.0000
0.0000 0.0000 0.0000
0.0000 0.0000 0.0000
0.0000 0.0000 0.0000
0.0000 0.0000 0.0000
0.0000 0.0000 0.0000
0.0020 0.0008 -0.0034
0.0042 0.0018 -0.0070
0.0067 0.0026 -0.0107
0.0098 0.0027 -0.0147
0.0133 0.0025 -0.0186
0.0124 0.0012 -0.0064
0.0029 -0.0023 0.0362
0.0029 -0.0034 0.0482
0.0058 -0.0037 0.0506
0.0090 -0.0035 0.0500
0.0122 -0.0029 0.0482
0.0014 0.0003 0.0706
-0.0398 0.0088 0.1453
-0.0535 0.0118 0.1715
-0.0583 0.0129 0.1822
-0.0601 0.0134 0.1879
-0.0610 0.0136 0.1917
-0.0616 0.0137 0.1947
-0.1022 0.0438 0.2560
-0.1158 0.0540 0.2776
-0.1209 0.0578 0.2866
-0.1231 0.0596 0.2915
-0.1244 0.0607 0.2952
-0.1252 0.0613 0.2986
-0.1387 0.0792 0.3220
-0.1433 0.0851 0.3319
-0.1453 0.0870 0.3373
-0.1465 0.0876 0.3413
-0.1475 0.0876 0.3446
-0.1484 0.0874 0.3476
-0.1479 0.1009 0.3601
-0.1478 0.1053 0.3656
-0.1478 0.1070 0.3688
-0.1478 0.1078 0.3712
-0.1479 0.1083 0.3733
-0.1481 0.1086 0.3754
-0.1373 0.1077 0.3692
-0.1337 0.1073 0.3681
-0.1323 0.1072 0.3687
-0.1315 0.1074 0.3698
-0.1309 0.1075 0.3709
-0.1300 0.1070 0.3698
-0.1285 0.1051 0.3640
-0.1277 0.1045 0.3626
-0.1272 0.1043 0.3626
-0.1269 0.1043 0.3630
-0.1266 0.1044 0.3635
-0.1265 0.1044 0.3640
-0.1229 0.1025 0.3607
-0.1218 0.1019 0.3600
-0.1215 0.1015 0.3600
-0.1214 0.1011 0.3603
-0.1215 0.1008 0.3605
-0.1206 0.1001 0.3600
-0.1180 0.0986 0.3582
-0.1172 0.0979 0.3578
-0.1171 0.0975 0.3578
-0.1171 0.0971 0.3580
-0.1171 0.0967 0.3581
-0.1159 0.0958 0.3570
-0.1122 0.0941 0.3537
-0.1110 0.0933 0.3528
-0.1107 0.0927 0.3526
-0.1106 0.0923 0.3526
-0.1107 0.0920 0.3526
-0.1109 0.0918 0.3526
-0.1113 0.0918 0.3526
-0.1117 0.0914 0.3528
-0.1120 0.0908 0.3529
-0.1123 0.0903 0.3530
-0.1126 0.0897 0.3531
-0.1126 0.0891 0.3526
-0.1119 0.0884 0.3514
-0.1120 0.0877 0.3510
-0.1123 0.0869 0.3509
-0.1127 0.0861 0.3509
-0.1131 0.0852 0.3510
-0.1131 0.0846 0.3509
-0.1122 0.0848 0.3507
-0.1122 0.0845 0.3506
-0.1126 0.0839 0.3505
-0.1131 0.0833 0.3504
-0.1136 0.0826 0.3504
-0.1139 0.0821 0.3503
-0.1136 0.0817 0.3505
-0.1139 0.0812 0.3505
-0.1145 0.0805 0.3504
-0.1152 0.0799 0.3504
-0.1159 0.0792 0.3503
-0.1155 0.0788 0.3502
-0.1127 0.0791 0.3502
-0.1124 0.0788 0.3502
-0.1128 0.0784 0.3500
-0.1135 0.0779 0.3499
-0.1144 0.0773 0.3497
-0.1139 0.0766 0.3495
-0.1110 0.0757 0.3492
-0.1107 0.0750 0.3490
-0.1112 0.0743 0.3488
-0.1120 0.0737 0.3486
-0.1130 0.0732 0.3484
-0.1134 0.0725 0.3482
-0.1126 0.0714 0.3483
-0.1130 0.0707 0.3481
-0.1139 0.0701 0.3479
-0.1149 0.0694 0.3476
-0.1160 0.0688 0.3473
-0.1172 0.0681 0.3470
-0.1184 0.0675 0.3467
-0.1190 0.0669 0.3464
-0.1182 0.0662 0.3461
-0.1188 0.0655 0.3458
-0.1199 0.0649 0.3455
-0.1212 0.0642 0.3452
-0.1225 0.0635 0.3449
-0.1238 0.0627 0.3446
-0.1250 0.0617 0.3441
-0.1264 0.0609 0.3437
-0.1278 0.0602 0.3434
-0.1292 0.0596 0.3431
-0.1307 0.0590 0.3427
-0.1271 0.0597 0.3401
-0.1134 0.0630 0.3334
-0.1095 0.0640 0.3311
-0.1088 0.0641 0.3303
-0.1091 0.0639 0.3299
-0.1097 0.0636 0.3296
-0.1095 0.0633 0.3286
-0.1074 0.0630 0.3263
-0.1073 0.0627 0.3254
-0.1078 0.0623 0.3250
-0.1085 0.0620 0.3247
-0.1093 0.0616 0.3245
-0.1091 0.0617 0.3237
-0.1068 0.0629 0.3218
-0.1065 0.0631 0.3211
-0.1070 0.0630 0.3207
-0.1076 0.0627 0.3205
-0.1082 0.0624 0.3204
-0.1075 0.0624 0.3198
-0.1037 0.0631 0.3186
-0.1029 0.0632 0.3182
-0.1030 0.0630 0.3180
-0.1034 0.0628 0.3178
-0.1040 0.0626 0.3176
-0.1031 0.0629 0.3172

