0.0000 0.0000 0.0000
0.0000 0.0000 0.0000
0.0000 0.0000 0.0000
0.0000 0.0000 0.0000
0.0000 0.0000 0.0000
0.0000 0.0000 0.0000
0.0000 0.0000 0.0000
0.0000 0.0000 0.0000
0.0000 0.0000 0.0000
0.0000 0.0000 0.0000
0.0306 0.3733 0.7465
-0.0767 -0.1936 0.6784
-0.0162 0.4089 0.6250
-0.1041 0.4771 0.6182
-0.1971 0.3467 0.5457
0.1228 0.3452 0.4144
0.1565 -0.0139 0.3933
0.1387 -0.1309 0.3118
0.2719 0.1618 0.3895
0.3459 -0.0031 0.6140
0.2353 0.1739 0.8998
0.1099 0.1528 0.9351
-0.1920 0.8215 0.8562
-0.2213 1.0430 0.8546
-0.2414 1.2899 0.7441
-0.2848 1.3318 0.6453
-0.2855 1.3125 0.6723
-0.2659 1.3221 0.7680
-0.2565 1.2730 0.8717
-0.2353 1.3888 0.9122
-0.2203 1.5171 0.9543
-0.2251 1.2863 1.0317
-0.2225 1.0719 1.0586
-0.3184 0.6117 1.0159
-0.3726 0.4205 0.9999
-0.3632 0.4860 0.9433
-0.2249 0.5713 0.8232
-0.0807 0.3265 0.8261
-0.0338 0.1563 0.8304
-0.0547 -0.2848 0.7785
-0.0656 -0.5433 0.7809
0.0537 -0.6741 0.7371
0.3164 -0.8427 0.5723
0.3858 -0.9994 0.5505
0.4059 -1.1799 0.5538
0.3629 -0.9133 0.4677
0.3593 -0.7792 0.3777
0.4116 -0.7207 0.1871
0.4852 -0.6470 0.1194
0.5124 -0.5556 0.1356
0.5622 -0.5260 0.1878
0.6002 -0.6861 0.1944
0.5871 -0.7734 0.1743
0.5254 -0.7942 0.1195
0.3942 -0.8076 -0.0217
0.3703 -0.6062 -0.0934
0.3801 -0.3712 -0.0953
0.4441 -0.3986 -0.0840
0.4141 -0.4354 -0.1074
0.2842 -0.2923 -0.1349
0.0369 -0.2660 -0.1402
-0.0822 -0.3224 -0.1687
-0.1632 -0.3288 -0.2336
-0.1171 -0.4183 -0.1643
-0.2169 -0.6393 -0.0860
-0.4282 -0.2637 -0.1333
-0.4251 0.0405 -0.1977
-0.2345 0.2578 -0.2765
0.0436 0.2354 -0.3138
0.1140 0.1155 -0.2830
0.1666 -0.2451 -0.2484
0.2197 -0.2853 -0.3558
0.1493 -0.2520 -0.3352
-0.2099 -0.1914 -0.1680
-0.6360 0.0218 -0.1655
-0.8403 0.0825 -0.2097
-1.0562 0.2210 -0.2521
-0.8476 0.6606 -0.3215
-0.6582 0.6843 -0.4049
-0.2988 0.5674 -0.5046
-0.0867 0.5940 -0.4943
-0.0976 0.4848 -0.4057
-0.2356 0.4649 -0.0785
-0.3255 0.5833 0.0027
-0.3013 0.7458 -0.0033
-0.1694 1.0232 -0.0361
0.0845 0.9450 -0.0156
0.2647 0.7079 -0.0049
0.3745 0.3817 -0.0134
-0.0203 0.4906 -0.2329
-0.1116 0.6432 -0.2135
-0.4400 0.7347 -0.0225
-0.5588 0.6683 -0.0131
-0.4787 0.3303 -0.4423
-0.2582 0.2120 -0.7210
-0.2051 0.0395 -0.5584
-0.0953 -0.5008 -0.1121
-0.0896 -0.5013 0.2138
-0.1637 -0.4600 0.3418
-0.3624 -0.7014 0.4642
-0.3637 -0.3500 0.3930
-0.2335 -0.1314 0.2992
-0.0264 0.0217 0.1864
0.0136 0.0809 0.2956
0.0518 0.0996 0.3509
0.1635 0.0756 0.3149
0.3265 0.0144 0.2441
0.3712 -0.0735 0.1942
0.4375 -0.2312 -0.0175
0.3872 -0.2219 -0.0978
0.3224 -0.1833 -0.1221
0.1565 -0.1080 -0.1039
-0.0335 -0.0456 -0.0176
-0.0851 0.0107 0.0442
-0.1681 0.1432 0.1397
-0.2701 0.3125 0.1545
-0.3033 0.3286 0.1426
-0.2848 0.3896 0.1052
-0.1687 0.4425 0.0940
-0.1470 0.3874 0.1035
-0.1507 0.2596 0.1527
-0.1801 0.1792 0.1620
-0.2970 0.1219 0.1607
-0.3983 0.0469 0.1325
-0.3876 0.1691 0.1358
-0.2707 0.1225 0.0927
-0.1602 0.1186 0.0853
-0.1304 0.0830 0.0710
-0.1169 0.0109 0.0418
-0.1007 0.0513 0.0378
-0.0764 0.1137 0.0239
-0.0377 0.1820 0.0081
-0.0064 0.1793 0.0528
0.0060 0.1872 0.0677
-0.0044 0.1575 0.0639
-0.0397 0.1145 0.0772
-0.0690 0.1090 0.0708
-0.1118 0.1083 0.0576
-0.1067 0.0863 0.0434
-0.0903 0.0886 0.0268
-0.0457 0.1112 -0.0041
-0.0138 0.0778 -0.0199
-0.0005 0.0520 -0.0195
0.0532 0.0561 -0.0017
0.0786 0.0672 -0.0154
0.0326 0.0438 -0.0180
-0.0630 0.0390 0.0101
-0.0640 0.0521 0.0105
-0.0524 0.0470 0.0136
-0.0015 0.0234 0.0404
0.0397 0.0032 0.0381
0.0872 -0.0022 0.0169
0.0445 0.0073 0.0116
-0.0141 0.0395 0.0067
-0.0890 0.0306 0.0304
-0.0551 -0.0402 0.0031
-0.0226 -0.0685 -0.0060
0.0319 -0.0768 -0.0107
0.1050 -0.0438 -0.0086
0.1199 -0.0030 -0.0167
0.0286 0.0138 -0.0075
-0.1100 -0.0436 0.0138
-0.1536 -0.0291 0.0206
-0.1659 0.0016 0.0160
-0.1007 0.0394 0.0364
-0.0659 0.0524 0.0404
-0.0249 0.0375 0.0382
-0.0301 0.0039 0.0435
-0.0333 0.0041 0.0355
-0.0725 0.0297 0.0269
-0.0865 0.0250 0.0293
-0.0702 0.0073 0.0301
-0.0420 -0.0259 -0.0083
-0.0590 -0.0120 -0.0289
-0.0676 0.0026 -0.0213
-0.0819 0.0346 -0.0045
-0.0907 0.0301 0.0006
-0.0887 0.0114 0.0109
-0.0442 -0.0285 0.0117
-0.0342 -0.0004 0.0218
-0.0161 0.0866 0.0182
0.0091 0.0794 0.0129
0.0142 0.0697 0.0156
0.0058 0.0400 0.0032
-0.0101 0.0119 0.0041
0.0097 0.0365 0.0137
0.0577 0.0663 0.0125
0.0577 0.0650 0.0188
0.0514 0.0645 0.0233
0.0545 0.0692 0.0177
0.0382 0.0723 0.0138
0.0238 0.0708 0.0137
0.0219 0.0781 0.0185
0.0379 0.0913 0.0192
0.0437 0.0997 0.0117
0.0613 0.0731 0.0134
0.0695 0.0509 0.0105
0.0688 0.0562 0.0124
0.0533 0.0337 0.0083
0.0357 0.0104 -0.0020
0.0395 0.0062 -0.0028
0.0490 0.0198 -0.0021
0.0451 0.0273 -0.0060
0.0488 0.0163 -0.0084
0.0673 -0.0108 -0.0152
0.0795 -0.0239 -0.0123
0.0716 -0.0245 -0.0150
0.0578 -0.0045 -0.0011
0.0531 -0.0015 -0.0041
0.0527 -0.0067 0.0058
0.0478 0.0082 0.0102
0.0463 0.0175 0.0118
0.0347 0.0026 0.0072
0.0335 -0.0041 -0.0057
0.0283 -0.0002 -0.0117
0.0093 0.0171 -0.0203
0.0236 0.0195 -0.0114
0.0437 0.0006 -0.0171
0.0690 0.0136 -0.0127
0.0155 -0.0187 0.0062
-0.0010 -0.0300 0.0164
-0.0106 -0.0508 0.0051
-0.0015 -0.0239 -0.0059
0.0047 -0.0226 -0.0195
0.0454 0.0026 -0.0220
0.0846 0.0244 -0.0152
0.0949 0.0225 -0.0077
0.0846 -0.0293 -0.0238
0.0319 -0.0796 -0.0202
0.0004 -0.0862 -0.0096
-0.0014 -0.0691 0.0134
0.0431 -0.0393 0.0175
0.1008 0.0119 0.0083
0.0323 0.0262 0.0133
-0.0182 0.0084 0.0126
-0.0989 0.0339 0.0120
-0.0335 0.0024 0.0314

