0.0710 -0.8149 -0.5772
0.0722 -0.8185 -0.5491
0.0604 -0.8176 -0.5474
0.0614 -0.8157 -0.5524
0.0614 -0.8157 -0.5524
0.0585 -0.8207 -0.5430
0.0565 -0.8165 -0.5372
0.0677 -0.8219 -0.5475
0.0706 -0.8158 -0.5447
0.0579 -0.8141 -0.5392
0.0579 -0.8141 -0.5392
0.0554 -0.8208 -0.5423
0.0685 -0.8206 -0.5456
0.0675 -0.8143 -0.5465
0.0636 -0.8127 -0.5436
0.0629 -0.8165 -0.5389
0.0629 -0.8165 -0.5389
0.0607 -0.8174 -0.5490
0.0648 -0.8216 -0.5541
0.0682 -0.8139 -0.5546
0.0647 -0.8180 -0.5518
0.0648 -0.8149 -0.5470
0.0648 -0.8149 -0.5470
0.0609 -0.8160 -0.5473
0.0593 -0.8238 -0.5409
0.0654 -0.8198 -0.5527
0.0654 -0.8213 -0.5642
0.0654 -0.8213 -0.5642
0.0643 -0.8156 -0.5665
0.0625 -0.8202 -0.5451
0.0678 -0.8189 -0.5423
0.0731 -0.8151 -0.5506
0.0622 -0.8092 -0.5492
0.0622 -0.8092 -0.5492
0.0588 -0.8158 -0.5349
0.0713 -0.8193 -0.5359
0.0715 -0.8178 -0.5527
0.0683 -0.8130 -0.5550
0.0702 -0.8136 -0.5543
0.0702 -0.8136 -0.5543
0.0662 -0.8136 -0.5498
0.0582 -0.8194 -0.5404
0.0641 -0.8232 -0.5406
0.0707 -0.8158 -0.5462
0.0664 -0.8119 -0.5563
0.0664 -0.8119 -0.5563
0.0633 -0.8167 -0.5522
0.0717 -0.8205 -0.5521
0.0716 -0.8195 -0.5561
0.0600 -0.8186 -0.5572
0.0600 -0.8186 -0.5572
0.0677 -0.8248 -0.5418
0.0833 -0.8208 -0.5482
0.0784 -0.8126 -0.5561
0.0716 -0.8178 -0.5461
0.0654 -0.8187 -0.5352
0.0674 -0.8197 -0.5474
0.0674 -0.8197 -0.5474
0.0669 -0.8151 -0.5553
0.0643 -0.8173 -0.5388
0.0709 -0.8230 -0.5438
0.0678 -0.8169 -0.5585
0.0678 -0.8169 -0.5585
0.0627 -0.8165 -0.5561
0.0666 -0.8218 -0.5564
0.0794 -0.8261 -0.5521
0.0696 -0.8148 -0.5425
0.0644 -0.8099 -0.5445
0.0644 -0.8099 -0.5445
0.0613 -0.8221 -0.5360
0.0629 -0.8252 -0.5382
0.0642 -0.8220 -0.5402
0.0648 -0.8172 -0.5368
0.0648 -0.8172 -0.5368
0.0677 -0.8199 -0.5358
0.0685 -0.8188 -0.5423
0.0680 -0.8191 -0.5439
0.0752 -0.8182 -0.5446
0.0698 -0.8192 -0.5478
0.0698 -0.8192 -0.5478
0.0677 -0.8147 -0.5569
0.0652 -0.8161 -0.5431
0.0648 -0.8240 -0.5375
0.0677 -0.8194 -0.5391
0.0608 -0.8181 -0.5470
0.0608 -0.8181 -0.5470
0.0593 -0.8170 -0.5450
0.0651 -0.8167 -0.5425
0.0590 -0.8204 -0.5435
0.0625 -0.8188 -0.5453
0.0699 -0.8205 -0.5440
0.0699 -0.8205 -0.5440
0.0721 -0.8127 -0.5515
0.0695 -0.8128 -0.5575
0.0607 -0.8146 -0.5520
0.0625 -0.8196 -0.5491
0.0698 -0.8191 -0.5526
0.0698 -0.8191 -0.5526
0.0649 -0.8167 -0.5421
0.0669 -0.8206 -0.5334
0.0707 -0.8224 -0.5493
0.0711 -0.8171 -0.5630
0.0668 -0.8169 -0.5509
0.0668 -0.8169 -0.5509
0.0594 -0.8202 -0.5343
0.0611 -0.8200 -0.5504
0.0669 -0.8174 -0.5553
0.0711 -0.8076 -0.5002
0.0711 -0.8076 -0.5002
0.0877 -0.8254 -0.5929
0.0572 -0.8288 -0.5753
0.0674 -0.7979 -0.5651
0.0726 -0.8193 -0.5367
0.0695 -0.8148 -0.5623
0.0727 -0.8277 -0.5404
0.0746 -0.8159 -0.5335
0.0757 -0.8114 -0.5415
0.0757 -0.8114 -0.5415
0.0730 -0.8082 -0.5361
0.0712 -0.8092 -0.5335
0.0772 -0.8080 -0.5341
0.0817 -0.8082 -0.5373
0.0880 -0.8143 -0.5468
0.0880 -0.8143 -0.5468
0.0915 -0.8150 -0.5468
0.0952 -0.8186 -0.5271
0.1011 -0.8111 -0.5166
0.1201 -0.8014 -0.5126
0.1452 -0.7925 -0.5105
0.1452 -0.7925 -0.5105
0.1663 -0.7803 -0.5208
0.1827 -0.7683 -0.5163
0.2073 -0.7439 -0.5061
0.2187 -0.7366 -0.5063
0.2284 -0.7278 -0.4875
0.2284 -0.7278 -0.4875
0.2432 -0.7318 -0.4675
0.2579 -0.7303 -0.4604
0.2657 -0.7365 -0.4517
0.2843 -0.7463 -0.4575
0.3020 -0.7564 -0.4841
0.3020 -0.7564 -0.4841
0.3120 -0.7600 -0.5212
0.2608 -0.7529 -0.5714
0.2357 -0.7641 -0.6252
0.2809 -0.7069 -0.6888
0.2809 -0.7069 -0.6888
0.2465 -0.6921 -0.6555
0.1710 -0.6779 -0.7955
0.1156 -0.6745 -0.7064
0.0871 -0.6822 -0.6773
0.0536 -0.7216 -0.6656
0.0536 -0.7216 -0.6656
0.0267 -0.7500 -0.6456
0.0351 -0.7621 -0.6578
0.0506 -0.7641 -0.6835
0.0637 -0.7381 -0.6938
0.0740 -0.7343 -0.7133
0.0740 -0.7343 -0.7133
0.0750 -0.7250 -0.7146
0.0855 -0.7213 -0.7423
0.0776 -0.7158 -0.7343
0.0695 -0.7097 -0.7238
0.0673 -0.7100 -0.7216
0.0673 -0.7100 -0.7216
0.0718 -0.7031 -0.7225
0.0871 -0.7015 -0.7269
0.0924 -0.6874 -0.7147
0.0917 -0.6592 -0.7321
0.0917 -0.6592 -0.7321
0.0907 -0.6483 -0.7459
0.0739 -0.6519 -0.7518
0.0438 -0.6663 -0.7512
0.0220 -0.6808 -0.7438
-0.0032 -0.6375 -0.7639
-0.0032 -0.6375 -0.7639
-0.0134 -0.6065 -0.8233
-0.0247 -0.6012 -0.8324
-0.0436 -0.5960 -0.8142
-0.0473 -0.5877 -0.7877
-0.0538 -0.5744 -0.8285
-0.0538 -0.5744 -0.8285
-0.0745 -0.6012 -0.8536
-0.0863 -0.6080 -0.9170
-0.0885 -0.5722 -0.9605
-0.0776 -0.5260 -0.9875
-0.0875 -0.5145 -0.9658
-0.0875 -0.5145 -0.9658
-0.1104 -0.5113 -0.8730
-0.1332 -0.4940 -0.8035
-0.1722 -0.5362 -0.7554
-0.1899 -0.5526 -0.7717
-0.1307 -0.5156 -0.7941
-0.1307 -0.5156 -0.7941
-0.0522 -0.4846 -0.8316
-0.0085 -0.4896 -0.7988
0.0008 -0.4842 -0.6959
0.0164 -0.5042 -0.6473
0.0164 -0.5042 -0.6473
0.0185 -0.5334 -0.6390
0.0327 -0.5419 -0.6573
0.0438 -0.5376 -0.6852
0.0537 -0.5361 -0.7294
0.0419 -0.5408 -0.7592
0.0419 -0.5408 -0.7592
0.0262 -0.5382 -0.7753
0.0096 -0.5511 -0.7850
-0.0093 -0.5797 -0.8087
-0.0262 -0.5947 -0.8329
-0.0269 -0.6042 -0.8632
-0.0269 -0.6042 -0.8632
-0.0037 -0.5954 -0.8748
0.0272 -0.5876 -0.8940
0.0578 -0.5874 -0.9142
0.0709 -0.6149 -0.9222
0.0693 -0.6239 -0.9211
0.0693 -0.6239 -0.9211
0.0805 -0.6264 -0.9371
0.1228 -0.6128 -0.9493
0.1821 -0.6615 -0.9423
0.2464 -0.6614 -0.8761
0.2939 -0.6174 -0.8964
0.2939 -0.6174 -0.8964
0.3125 -0.5661 -1.0324
0.3069 -0.4304 -1.1632
0.2706 -0.3686 -1.1749
0.2179 -0.3455 -0.9845
0.2179 -0.3455 -0.9845
0.2060 -0.3404 -0.7416
0.2406 -0.3844 -0.6288
0.2615 -0.4255 -0.6421
0.2094 -0.4187 -0.6869
0.1969 -0.4173 -0.8467
0.1969 -0.4173 -0.8467
0.1627 -0.4160 -0.8836
0.1278 -0.4067 -0.8620
0.0662 -0.4065 -0.7401
0.0115 -0.4147 -0.6193
-0.0185 -0.4149 -0.5237
-0.0185 -0.4149 -0.5237
-0.0848 -0.4039 -0.5721
-0.0437 -0.5108 -0.6729
-0.0326 -0.5260 -0.6902
-0.0459 -0.4984 -0.6744
-0.0580 -0.5215 -0.7508
-0.0580 -0.5215 -0.7508
-0.0424 -0.5443 -0.8876
0.0139 -0.5434 -0.9406
0.0614 -0.5473 -0.9501
0.0693 -0.5692 -0.9092
0.0558 -0.5838 -0.8679
0.0558 -0.5838 -0.8679
0.0368 -0.5968 -0.8971
0.0007 -0.5842 -0.9590
-0.0263 -0.5685 -1.0568
-0.0640 -0.5752 -1.0697
-0.0640 -0.5752 -1.0697
-0.1129 -0.5542 -1.0455
-0.1129 -0.5445 -1.0906
-0.0732 -0.4995 -1.1268
-0.0562 -0.3800 -1.2205
-0.0612 -0.3670 -1.2597
-0.0612 -0.3670 -1.2597
-0.1254 -0.3616 -1.0579
-0.2000 -0.3337 -0.7441
-0.2420 -0.3493 -0.5173
-0.2443 -0.3839 -0.5733
-0.1160 -0.4128 -0.8351
-0.1160 -0.4128 -0.8351
0.0374 -0.3964 -1.0335
0.1339 -0.3752 -1.0923
0.1481 -0.3239 -0.9762
0.2076 -0.3874 -0.8201
0.2051 -0.3944 -0.7065
0.2051 -0.3944 -0.7065
0.2505 -0.4374 -0.5991
0.2211 -0.4704 -0.5121
0.1958 -0.5267 -0.4790
0.1667 -0.5450 -0.4968
0.1667 -0.5450 -0.4968
0.1390 -0.5414 -0.5381
0.1232 -0.5483 -0.5936
0.1703 -0.5739 -0.7348
0.2282 -0.6094 -0.8996
0.2688 -0.6100 -0.9998
0.2688 -0.6100 -0.9998
0.2645 -0.6057 -0.9374
0.2389 -0.6189 -0.8455
0.2348 -0.6470 -0.7877
0.2812 -0.6480 -0.8615
0.3289 -0.6220 -0.9331
0.3289 -0.6220 -0.9331
0.3540 -0.6758 -0.9734
0.3809 -0.6186 -0.9551
0.3989 -0.6053 -0.9963
0.3998 -0.5515 -1.1025
0.4045 -0.5209 -1.0974
0.4045 -0.5209 -1.0974
0.3598 -0.4272 -1.0508
0.3071 -0.3956 -0.8809
0.2822 -0.3676 -0.7243
0.2899 -0.3957 -0.5792
0.3429 -0.3871 -0.6400
0.3429 -0.3871 -0.6400
0.3880 -0.3698 -0.8085
0.3707 -0.3121 -1.0122
0.2874 -0.2837 -1.0534
0.1516 -0.2582 -1.0027
0.1516 -0.2582 -1.0027
0.0460 -0.2610 -0.8420
-0.0295 -0.3078 -0.7632
-0.0486 -0.3772 -0.6969
-0.0504 -0.3966 -0.6547
-0.0720 -0.4084 -0.6578
-0.0720 -0.4084 -0.6578
-0.0787 -0.4266 -0.6837
-0.0594 -0.4273 -0.7426
-0.0297 -0.4253 -0.7952
-0.0076 -0.4352 -0.8396
0.0216 -0.4355 -0.8620
0.0216 -0.4355 -0.8620
0.0313 -0.4566 -0.8562
0.0567 -0.4832 -0.8173
0.0793 -0.5036 -0.8165
0.0936 -0.5320 -0.8691
0.0776 -0.5283 -0.9155
0.0776 -0.5283 -0.9155
0.0617 -0.5018 -0.9844
0.0253 -0.5255 -1.0432
-0.0250 -0.5013 -1.0427
-0.0356 -0.5111 -1.0901
-0.0700 -0.4904 -1.2060
-0.0700 -0.4904 -1.2060
0.0056 -0.3909 -1.3047
0.0229 -0.3263 -1.3218
-0.0065 -0.3098 -1.0881
-0.0683 -0.3333 -0.7827
-0.0683 -0.3333 -0.7827
-0.1175 -0.3692 -0.5918
-0.1222 -0.3974 -0.6087
-0.0680 -0.3286 -0.8163
0.0524 -0.3435 -1.0982
0.2021 -0.3138 -1.1404
0.2021 -0.3138 -1.1404
0.2609 -0.2724 -1.0009
0.2927 -0.2821 -0.7622
0.2634 -0.3202 -0.5606
0.2937 -0.3811 -0.5256
0.3264 -0.4431 -0.5597
0.3264 -0.4431 -0.5597
0.3195 -0.4852 -0.5681
0.2849 -0.5434 -0.5925
0.2794 -0.5425 -0.6210
0.2892 -0.5245 -0.6908
0.2791 -0.5190 -0.7742
0.2791 -0.5190 -0.7742
0.2516 -0.5128 -0.9137
0.2139 -0.5117 -1.0158
0.2028 -0.4999 -1.0172
0.1712 -0.4984 -0.9286
0.1712 -0.4984 -0.9286
0.1318 -0.5148 -0.8653
0.1271 -0.5168 -0.8663
0.1544 -0.5239 -0.9266
0.1902 -0.5430 -0.9706
0.2301 -0.5404 -1.0230
0.2301 -0.5404 -1.0230
0.2728 -0.5433 -1.0953
0.3000 -0.5130 -1.1777
0.2999 -0.4219 -1.2600
0.2782 -0.3463 -1.2674
0.2556 -0.3047 -1.0537
0.2556 -0.3047 -1.0537
0.2324 -0.3075 -0.7514
0.2135 -0.3360 -0.4709
0.2976 -0.3778 -0.3796
0.2931 -0.3701 -0.4671
0.3502 -0.3725 -0.7698
0.3502 -0.3725 -0.7698
0.2939 -0.3149 -1.0869
0.2552 -0.3216 -1.2920
0.1466 -0.2382 -1.1967
0.0294 -0.2640 -0.9904
-0.0734 -0.2872 -0.8315
-0.0734 -0.2872 -0.8315
-0.1216 -0.3582 -0.6902
-0.1426 -0.3992 -0.5913
-0.1199 -0.4430 -0.5359
-0.0707 -0.4645 -0.6123
-0.0265 -0.4980 -0.7252
-0.0265 -0.4980 -0.7252
0.0389 -0.5045 -0.7977
0.0738 -0.5013 -0.8267
0.0755 -0.5268 -0.8507
0.0837 -0.5294 -0.8563
0.0837 -0.5294 -0.8563
0.0865 -0.5440 -0.8531
0.0646 -0.5640 -0.8702
0.0311 -0.5709 -0.9063
0.0207 -0.5625 -0.9530
0.0082 -0.5837 -0.9896
0.0082 -0.5837 -0.9896
-0.0243 -0.5833 -1.0316
-0.0538 -0.5708 -1.1071
-0.0466 -0.5419 -1.2051
-0.0191 -0.4540 -1.2883
0.0069 -0.3603 -1.3218
0.0069 -0.3603 -1.3218
0.0354 -0.3262 -1.1703
0.0526 -0.3006 -0.8524
0.0664 -0.3474 -0.5269
0.0689 -0.4620 -0.3732
0.0688 -0.5023 -0.3631
0.0688 -0.5023 -0.3631
0.1444 -0.4574 -0.5968
0.1983 -0.3929 -1.0114
0.3514 -0.3942 -1.3538
0.4791 -0.3420 -1.3033
0.4791 -0.3420 -1.3033
0.5012 -0.3695 -1.0241
0.4746 -0.4281 -0.7427
0.4345 -0.4688 -0.5701
0.3963 -0.4905 -0.5023
0.3557 -0.4976 -0.5371
0.3557 -0.4976 -0.5371
0.2972 -0.4602 -0.6239
0.2280 -0.3934 -0.6985
0.1805 -0.3391 -0.7573
0.1480 -0.3077 -0.8521
0.1452 -0.2959 -0.9311
0.1452 -0.2959 -0.9311
0.1579 -0.2931 -0.9876
0.1801 -0.2586 -1.0049
0.1741 -0.1872 -1.0225
0.1706 -0.1563 -1.0246
0.1672 -0.1305 -0.9906
0.1672 -0.1305 -0.9906
0.1685 -0.1123 -0.9070
0.1765 -0.1220 -0.8554
0.2233 -0.2573 -0.7962
0.2139 -0.2440 -0.8512
0.2139 -0.2440 -0.8512
0.1857 -0.2527 -1.0472
0.1976 -0.2577 -1.4745
0.2055 -0.2482 -1.8067
0.1588 -0.1882 -1.6705
0.0697 -0.1258 -1.2432
0.0697 -0.1258 -1.2432
-0.0083 -0.1724 -0.9523
-0.0237 -0.2764 -0.7535
0.0067 -0.3516 -0.6819
0.0934 -0.3956 -0.8120
0.1948 -0.4322 -1.0021
0.1948 -0.4322 -1.0021
0.2507 -0.4420 -1.0993
0.2645 -0.4591 -1.0950
0.2436 -0.4678 -1.0860
0.2034 -0.4668 -1.0812
0.1516 -0.4335 -1.0448
0.1516 -0.4335 -1.0448
0.0924 -0.3982 -0.9876
0.0519 -0.3969 -0.9173
0.0217 -0.3763 -0.8803
-0.0184 -0.3824 -0.8477
-0.0629 -0.3924 -0.7822
-0.0629 -0.3924 -0.7822
-0.1023 -0.4157 -0.7091
-0.1368 -0.4561 -0.6589
-0.1470 -0.4835 -0.6255
-0.1472 -0.5110 -0.6326
-0.1472 -0.5110 -0.6326
-0.1381 -0.5410 -0.6405
-0.1417 -0.5522 -0.6367
-0.1377 -0.5856 -0.6644
-0.1138 -0.5780 -0.7397
-0.0734 -0.5078 -0.8746
-0.0734 -0.5078 -0.8746
0.0019 -0.5239 -1.1394
0.0716 -0.5209 -1.3273
-0.0211 -0.4867 -1.1618
-0.1494 -0.4780 -0.9866
-0.2200 -0.5109 -0.9284
-0.2200 -0.5109 -0.9284
-0.2320 -0.5151 -0.8492
-0.2359 -0.4818 -0.8259
-0.1988 -0.4659 -0.8139
-0.1442 -0.4758 -0.7480
-0.1113 -0.4831 -0.6463
-0.1113 -0.4831 -0.6463
-0.0952 -0.5008 -0.5466
-0.0795 -0.5246 -0.4637
-0.0471 -0.5566 -0.4428
0.0026 -0.5839 -0.5139
0.0322 -0.5896 -0.6311
0.0322 -0.5896 -0.6311
0.0551 -0.6049 -0.7420
0.0601 -0.6244 -0.8062
0.0751 -0.6557 -0.8136
0.1472 -0.6242 -1.0532
0.1472 -0.6242 -1.0532
0.2224 -0.6673 -0.9928
0.2491 -0.6483 -1.0027
0.2692 -0.6531 -0.9710
0.2830 -0.6352 -0.9177
0.3103 -0.6231 -0.8671
0.3103 -0.6231 -0.8671
0.3555 -0.6237 -0.8435
0.3929 -0.6756 -0.8226
0.4232 -0.6991 -0.8111
0.4544 -0.6352 -0.9368
0.4606 -0.5808 -1.2291
0.4606 -0.5808 -1.2291
0.4613 -0.5207 -1.3937
0.3573 -0.4069 -1.1316
0.2919 -0.3796 -0.7886
0.2862 -0.4128 -0.6730
0.2991 -0.4116 -0.7584
0.2991 -0.4116 -0.7584
0.2957 -0.3812 -0.9093
0.2456 -0.3701 -0.9775
0.1525 -0.3625 -0.8211
-0.0070 -0.3287 -0.6490
-0.0723 -0.3508 -0.5454
-0.0723 -0.3508 -0.5454
-0.0968 -0.3920 -0.5473
-0.0947 -0.4310 -0.5605
-0.1068 -0.4548 -0.5862
-0.1126 -0.4929 -0.5995
-0.1126 -0.4929 -0.5995
-0.1130 -0.5195 -0.6396
-0.1125 -0.5352 -0.6804
-0.0972 -0.5533 -0.7476
-0.0582 -0.5473 -0.8209
-0.0272 -0.5284 -0.8647
-0.0272 -0.5284 -0.8647
-0.0248 -0.5574 -0.8531
-0.0364 -0.6032 -0.8251
-0.0620 -0.6379 -0.8247
-0.1041 -0.6337 -0.8517
-0.1451 -0.6271 -0.8957
-0.1451 -0.6271 -0.8957
-0.1579 -0.6548 -0.9430
-0.1617 -0.6022 -1.0302
-0.1670 -0.5597 -1.2257
-0.1761 -0.4520 -1.3955
-0.1844 -0.3729 -1.3400
-0.1844 -0.3729 -1.3400
-0.2226 -0.3523 -1.0632
-0.2424 -0.3874 -0.8077
-0.2502 -0.3873 -0.6720
-0.1801 -0.3406 -0.7822
-0.1801 -0.3406 -0.7822
-0.0586 -0.3184 -1.0027
0.0668 -0.3202 -1.0966
0.1204 -0.2799 -0.9097
0.1780 -0.2716 -0.6992
0.2043 -0.3235 -0.5806
0.2043 -0.3235 -0.5806
0.2257 -0.3715 -0.5338
0.2392 -0.4344 -0.4221
0.2500 -0.4981 -0.4093
0.2610 -0.5402 -0.4210
0.2601 -0.5884 -0.4921
0.2601 -0.5884 -0.4921
0.2746 -0.6108 -0.5867
0.2977 -0.6279 -0.7116
0.3316 -0.6255 -0.8249
0.3501 -0.6122 -1.0252
0.3624 -0.6449 -0.9640
0.3624 -0.6449 -0.9640
0.3535 -0.6800 -0.9263
0.3258 -0.6750 -0.8754
0.3183 -0.7212 -0.9100
0.3312 -0.7172 -1.0028
0.3221 -0.6707 -1.1240
0.3221 -0.6707 -1.1240
0.2919 -0.6093 -1.1904
0.2386 -0.4805 -1.1923
0.1826 -0.4306 -1.1966
0.2011 -0.3721 -0.9360
0.2011 -0.3721 -0.9360
0.1790 -0.3623 -0.6467
0.2075 -0.4065 -0.4498
0.2831 -0.4095 -0.4621
0.3721 -0.4140 -0.6781
0.3803 -0.3962 -0.8863
0.3803 -0.3962 -0.8863
0.3456 -0.4013 -1.0585
0.2463 -0.4062 -1.0980
0.1428 -0.3587 -0.9373
0.0594 -0.3307 -0.7446
-0.0147 -0.3479 -0.6054
-0.0147 -0.3479 -0.6054
-0.0591 -0.4099 -0.5528
-0.0800 -0.4789 -0.5977
-0.0798 -0.5301 -0.6381
-0.0843 -0.5516 -0.6806
-0.0768 -0.5506 -0.7448
-0.0768 -0.5506 -0.7448
-0.0752 -0.5443 -0.7994
-0.0725 -0.5400 -0.8651
-0.0921 -0.5219 -0.8545
-0.0828 -0.5403 -0.8477
-0.0963 -0.5448 -0.8574
-0.0963 -0.5448 -0.8574
-0.1092 -0.5253 -0.9321
-0.1214 -0.5567 -1.0261
-0.1716 -0.5529 -1.0646
-0.1706 -0.4715 -1.1924
-0.1706 -0.4715 -1.1924
-0.1045 -0.3495 -1.3667
-0.0859 -0.3033 -1.4053
-0.1313 -0.3050 -1.1367
-0.1765 -0.3617 -0.8186
-0.1676 -0.3964 -0.6448
-0.1676 -0.3964 -0.6448
-0.0985 -0.4020 -0.7666
-0.0324 -0.4209 -0.9950
0.0695 -0.3906 -1.1074
0.1354 -0.3401 -0.9830
0.1697 -0.3057 -0.7397
0.1697 -0.3057 -0.7397
0.2004 -0.3331 -0.5724
0.2193 -0.3708 -0.4753
0.2381 -0.4297 -0.4420
0.2070 -0.4823 -0.4296
0.1923 -0.5238 -0.4863
0.1923 -0.5238 -0.4863
0.1846 -0.5266 -0.5816
0.1692 -0.5367 -0.7230
0.1435 -0.5574 -0.8601
0.1170 -0.5635 -0.9638
0.1170 -0.5635 -0.9638
0.1275 -0.5486 -1.0488
0.1113 -0.5533 -1.0717
0.0930 -0.5732 -1.0037
0.0772 -0.5887 -0.9103
0.0654 -0.6064 -0.8662
0.0654 -0.6064 -0.8662
0.1032 -0.5871 -0.9106
0.1498 -0.5904 -1.0150
0.2040 -0.5783 -1.1042
0.2317 -0.5404 -1.1905
0.2525 -0.5625 -1.1594
0.2525 -0.5625 -1.1594
0.2799 -0.5015 -1.0407
0.3456 -0.4231 -0.9827
0.4188 -0.3924 -0.9894
0.4603 -0.4143 -0.8107
0.4876 -0.4182 -0.6783
0.4876 -0.4182 -0.6783
0.5101 -0.4561 -0.6920
0.4497 -0.5022 -0.8717
0.4288 -0.4596 -1.0664
0.3214 -0.3944 -1.2131
0.1730 -0.3242 -1.2282
0.1730 -0.3242 -1.2282
0.0880 -0.3062 -1.2649
0.0036 -0.3050 -1.1390
-0.0777 -0.3064 -0.9090
-0.1352 -0.3339 -0.7429
-0.1352 -0.3339 -0.7429
-0.2011 -0.3799 -0.6052
-0.2089 -0.3992 -0.5414
-0.2017 -0.4156 -0.5090
-0.1826 -0.3981 -0.5338
-0.1757 -0.3894 -0.6022
-0.1757 -0.3894 -0.6022
-0.1664 -0.3828 -0.6450
-0.1430 -0.3407 -0.7224
-0.1460 -0.3781 -0.7734
-0.2029 -0.4628 -0.7306
-0.1955 -0.5000 -0.6811
-0.1955 -0.5000 -0.6811
-0.1141 -0.4237 -0.7547
0.0032 -0.2413 -1.1154
0.0899 -0.2308 -1.4166
0.0645 -0.3375 -1.2296
-0.0751 -0.3696 -0.8621
-0.0751 -0.3696 -0.8621
-0.1563 -0.4501 -0.6725
-0.2401 -0.5280 -0.6552
-0.2181 -0.4640 -0.8586
-0.1424 -0.3926 -1.0779
-0.0077 -0.4239 -1.1012
-0.0077 -0.4239 -1.1012
0.0547 -0.4074 -0.9751
0.0871 -0.3571 -0.8322
0.1337 -0.3731 -0.7885
0.1326 -0.3755 -0.7531
0.1326 -0.3755 -0.7531
0.1068 -0.3707 -0.7477
0.0808 -0.3528 -0.7852
0.0710 -0.3435 -0.8044
0.0753 -0.3246 -0.8023
0.0890 -0.3058 -0.8055
0.0890 -0.3058 -0.8055
0.0660 -0.2958 -0.8694
0.0646 -0.2666 -0.9458
0.0594 -0.2290 -1.0194
0.0417 -0.2032 -1.0618
0.0111 -0.1781 -1.0780
0.0111 -0.1781 -1.0780
-0.0262 -0.1764 -1.0603
-0.0594 -0.1820 -1.0225
-0.0701 -0.2044 -0.9909
-0.0704 -0.2264 -0.9615
-0.0833 -0.2395 -0.9643
-0.0833 -0.2395 -0.9643
-0.0876 -0.2426 -0.9658
-0.0838 -0.2845 -0.9768
-0.0678 -0.2863 -0.9837
-0.0685 -0.2374 -1.0150
-0.0685 -0.2374 -1.0150
-0.0407 -0.2529 -1.0384
-0.0391 -0.2968 -0.9831
-0.0485 -0.3419 -0.9000
-0.0441 -0.4014 -0.8571
-0.0180 -0.4392 -0.8511
-0.0180 -0.4392 -0.8511
0.0460 -0.4594 -0.8929
0.0918 -0.4330 -0.9412
0.1376 -0.4246 -1.0135
0.1593 -0.4063 -1.0462
0.1785 -0.3850 -1.0317
0.1785 -0.3850 -1.0317
0.1589 -0.3583 -0.9999
0.1126 -0.3324 -0.9709
0.0692 -0.3255 -0.9640
0.0773 -0.3182 -0.9512
0.0810 -0.3007 -0.9484
0.0810 -0.3007 -0.9484
0.0613 -0.2746 -0.9678
0.0349 -0.2744 -0.9943
0.0187 -0.2576 -0.9888
-0.0006 -0.2688 -0.9752
-0.0280 -0.1898 -0.9958
-0.0280 -0.1898 -0.9958
-0.0685 -0.1660 -1.0140
-0.1065 -0.2353 -0.9005
-0.1653 -0.2999 -0.7810
-0.1860 -0.4177 -0.7112
-0.1553 -0.4312 -0.7666
-0.1553 -0.4312 -0.7666
-0.0926 -0.4110 -0.8967
-0.0181 -0.3592 -1.0690
0.0369 -0.3259 -1.1358
0.0588 -0.3354 -1.1070
0.0588 -0.3354 -1.1070
0.0702 -0.3465 -0.9846
0.0671 -0.3553 -0.8894
0.0451 -0.3770 -0.8458
-0.0073 -0.3772 -0.8413
-0.0719 -0.3854 -0.8576
-0.0719 -0.3854 -0.8576
-0.0704 -0.3934 -0.8942
-0.0062 -0.3421 -0.9487
0.0364 -0.3144 -1.0409
0.0074 -0.2958 -1.0952
-0.0106 -0.3099 -1.0821
-0.0106 -0.3099 -1.0821
-0.0323 -0.3386 -0.9526
-0.0471 -0.3200 -0.8755
-0.0309 -0.3610 -0.7959
-0.0476 -0.3529 -0.8082
0.0022 -0.3776 -0.8843
0.0022 -0.3776 -0.8843
0.0078 -0.3396 -0.9845
0.0193 -0.3297 -1.0186
0.0392 -0.3576 -1.0487
0.0539 -0.3750 -0.9953
0.0539 -0.3750 -0.9953
0.0791 -0.4400 -0.9263
0.0922 -0.4901 -0.8625
0.0392 -0.5978 -0.8494
-0.0486 -0.6039 -0.8783
-0.0946 -0.5345 -0.8723
-0.0946 -0.5345 -0.8723
-0.0910 -0.5804 -0.8670
-0.0878 -0.5172 -0.7998
-0.0783 -0.5735 -0.7182
-0.0588 -0.6999 -0.6637
-0.0045 -0.7810 -0.6296
-0.0045 -0.7810 -0.6296
0.0091 -0.7975 -0.6279
0.0185 -0.7407 -0.6731
0.0390 -0.7130 -0.7074
0.0699 -0.7133 -0.7443
0.0870 -0.7009 -0.7107
0.0870 -0.7009 -0.7107
0.1102 -0.6875 -0.7104
0.1158 -0.6948 -0.6308
0.0766 -0.6984 -0.5683
0.0197 -0.6933 -0.5593
0.0043 -0.6606 -0.5558
0.0043 -0.6606 -0.5558
0.0015 -0.6617 -0.6098
0.0258 -0.6492 -0.6230
0.0299 -0.6225 -0.6620
0.0496 -0.6610 -0.6482
0.0496 -0.6610 -0.6482
0.0505 -0.6535 -0.6306
0.0487 -0.6561 -0.6464
0.0542 -0.6834 -0.6528
0.0459 -0.7009 -0.6686
0.0493 -0.7053 -0.6681
0.0493 -0.7053 -0.6681
0.0580 -0.6975 -0.6733
0.0541 -0.7179 -0.6745
0.0506 -0.7313 -0.6687
0.0427 -0.7471 -0.6580
0.0364 -0.7635 -0.6414
0.0364 -0.7635 -0.6414
0.0364 -0.7760 -0.6226
0.0468 -0.7809 -0.6141
0.0604 -0.7805 -0.6258
0.0585 -0.7719 -0.6231
0.0558 -0.7706 -0.6137
0.0558 -0.7706 -0.6137
0.0597 -0.7759 -0.6084
0.0648 -0.7691 -0.6098
0.0739 -0.7672 -0.5896
0.0728 -0.7617 -0.5726
0.0728 -0.7617 -0.5726
0.0663 -0.7597 -0.5638
0.0675 -0.7634 -0.5746
0.0684 -0.7698 -0.5711
0.0604 -0.7778 -0.5506
0.0675 -0.7805 -0.5577
0.0675 -0.7805 -0.5577
0.0694 -0.7640 -0.5796
0.0810 -0.7709 -0.5939
0.0810 -0.7721 -0.6002
0.0748 -0.7673 -0.5959
0.0774 -0.7776 -0.5993
0.0774 -0.7776 -0.5993
0.0871 -0.7840 -0.6055
0.0911 -0.7823 -0.5980
0.0844 -0.7801 -0.6031
0.0779 -0.7822 -0.6049
0.0840 -0.7796 -0.6069
0.0840 -0.7796 -0.6069
0.0926 -0.7848 -0.6006
0.0883 -0.7833 -0.5963
0.0828 -0.7845 -0.5920
0.0777 -0.7871 -0.5896
0.0715 -0.7871 -0.5944
0.0715 -0.7871 -0.5944
0.0653 -0.7810 -0.6042
0.0694 -0.7823 -0.6112
0.0700 -0.7848 -0.6062
0.0721 -0.7895 -0.6047
0.0721 -0.7895 -0.6047
0.0838 -0.7973 -0.6095
0.0857 -0.7902 -0.6110
0.0846 -0.7868 -0.5904
0.0815 -0.7914 -0.5715
0.0824 -0.7918 -0.5759
0.0824 -0.7918 -0.5759
0.0825 -0.7917 -0.5787
0.0735 -0.7917 -0.5753
0.0712 -0.7973 -0.5703
0.0696 -0.7924 -0.5732
0.0768 -0.7945 -0.5798
0.0768 -0.7945 -0.5798
0.0742 -0.7904 -0.5783
0.0745 -0.7992 -0.5810
0.0793 -0.7964 -0.5778
0.0789 -0.7985 -0.5705
0.0805 -0.8022 -0.5777
0.0805 -0.8022 -0.5777
0.0742 -0.8000 -0.5809
0.0660 -0.7993 -0.5772
0.0711 -0.8002 -0.5646
0.0740 -0.7994 -0.5601
0.0683 -0.7986 -0.5756
0.0683 -0.7986 -0.5756
0.0635 -0.7916 -0.5712
0.0747 -0.7994 -0.5755
0.0787 -0.7994 -0.5729
0.0782 -0.8026 -0.5622
0.0782 -0.8026 -0.5622
0.0862 -0.8068 -0.5541
0.0825 -0.8023 -0.5666
0.0715 -0.8003 -0.5690
0.0700 -0.8022 -0.5683
0.0647 -0.8038 -0.5683
0.0647 -0.8038 -0.5683
0.0675 -0.8019 -0.5629
0.0731 -0.8115 -0.5596
0.0831 -0.8072 -0.5625
0.0781 -0.7972 -0.5756
0.0741 -0.8065 -0.5686
0.0741 -0.8065 -0.5686
0.0805 -0.8059 -0.5683
0.0791 -0.8065 -0.5625
0.0750 -0.8080 -0.5564
0.0817 -0.8061 -0.5671
0.0757 -0.8009 -0.5736
0.0757 -0.8009 -0.5736
0.0752 -0.8123 -0.5661
0.0733 -0.8094 -0.5642
0.0705 -0.8052 -0.5569
0.0773 -0.8105 -0.5551
0.0762 -0.8159 -0.5498
0.0762 -0.8159 -0.5498
0.0774 -0.8105 -0.5627
0.0831 -0.8085 -0.5727
0.0777 -0.8170 -0.5658
0.0802 -0.8174 -0.5540
0.0802 -0.8174 -0.5540
0.0763 -0.8120 -0.5468
0.0784 -0.8134 -0.5607
0.0799 -0.8069 -0.5683
0.0753 -0.8138 -0.5584
0.0816 -0.8158 -0.5503
0.0816 -0.8158 -0.5503
0.0823 -0.8070 -0.5564
0.0715 -0.8097 -0.5454
0.0716 -0.8136 -0.5349
0.0802 -0.8109 -0.5403
0.0767 -0.8070 -0.5546
0.0767 -0.8070 -0.5546
0.0779 -0.8128 -0.5603
0.0791 -0.8213 -0.5532
0.0741 -0.8132 -0.5513
0.0744 -0.8168 -0.5478
0.0830 -0.8168 -0.5435
0.0830 -0.8168 -0.5435
0.0900 -0.8126 -0.5416
0.0846 -0.8115 -0.5467
0.0819 -0.8169 -0.5494
0.0815 -0.8081 -0.5488
0.0815 -0.8081 -0.5488
0.0757 -0.8080 -0.5500
0.0698 -0.8134 -0.5458
0.0717 -0.8162 -0.5425
0.0770 -0.8161 -0.5526
0.0817 -0.8202 -0.5591
0.0817 -0.8202 -0.5591
0.0829 -0.8128 -0.5553
0.0853 -0.8118 -0.5551
0.0762 -0.8151 -0.5492
0.0678 -0.8179 -0.5483
0.0771 -0.8205 -0.5445
0.0771 -0.8205 -0.5445
0.0831 -0.8168 -0.5465
0.0793 -0.8103 -0.5422
0.0726 -0.8109 -0.5442
0.0769 -0.8192 -0.5462
0.0797 -0.8167 -0.5531
0.0797 -0.8167 -0.5531
0.0739 -0.8121 -0.5592
0.0724 -0.8210 -0.5548
0.0752 -0.8202 -0.5447
0.0835 -0.8254 -0.5508
0.0856 -0.8197 -0.5556
0.0856 -0.8197 -0.5556
0.0753 -0.8151 -0.5461
0.0770 -0.8240 -0.5443
0.0810 -0.8237 -0.5480
0.0721 -0.8109 -0.5511
0.0721 -0.8109 -0.5511
0.0697 -0.8171 -0.5508
0.0729 -0.8215 -0.5457
0.0674 -0.8192 -0.5453
0.0670 -0.8151 -0.5421
0.0729 -0.8197 -0.5425
0.0729 -0.8197 -0.5425
0.0753 -0.8223 -0.5458
0.0728 -0.8161 -0.5504
0.0720 -0.8199 -0.5464
0.0694 -0.8209 -0.5406
0.0641 -0.8211 -0.5439
0.0641 -0.8211 -0.5439
0.0671 -0.8241 -0.5426
0.0722 -0.8200 -0.5476
0.0753 -0.8189 -0.5515
0.0644 -0.8210 -0.5450
0.0648 -0.8208 -0.5268
0.0648 -0.8208 -0.5268
0.0779 -0.8240 -0.5313
0.0723 -0.8193 -0.5478
0.0670 -0.8187 -0.5496
0.0678 -0.8195 -0.5387
0.0651 -0.8156 -0.5345
0.0651 -0.8156 -0.5345
0.0606 -0.8187 -0.5425
0.0638 -0.8223 -0.5428
0.0678 -0.8215 -0.5431
0.0734 -0.8209 -0.5550
0.0734 -0.8209 -0.5550
0.0737 -0.8127 -0.5533
0.0668 -0.8215 -0.5443
0.0643 -0.8205 -0.5403
0.0683 -0.8217 -0.5381
0.0686 -0.8200 -0.5375
0.0686 -0.8200 -0.5375
0.0592 -0.8101 -0.5214
0.0684 -0.8209 -0.5350
0.0726 -0.8255 -0.5517
0.0631 -0.8188 -0.5490
0.0603 -0.8248 -0.5521
0.0603 -0.8248 -0.5521
0.0647 -0.8260 -0.5659
0.0679 -0.8185 -0.5593
0.0738 -0.8257 -0.5561
0.0666 -0.8258 -0.5409
0.0656 -0.8273 -0.5484
0.0656 -0.8273 -0.5484
0.0692 -0.8239 -0.5514
0.0651 -0.8241 -0.5490
0.0643 -0.8196 -0.5467
0.0674 -0.8161 -0.5501
0.0674 -0.8161 -0.5501
0.0675 -0.8135 -0.5454
0.0678 -0.8109 -0.5498
0.0661 -0.8082 -0.5476
0.0703 -0.8111 -0.5535
0.0733 -0.8142 -0.5559
0.0733 -0.8142 -0.5559
0.0690 -0.8122 -0.5473
0.0677 -0.8164 -0.5384
0.0726 -0.8197 -0.5451
0.0721 -0.8181 -0.5506
0.0683 -0.8174 -0.5520
0.0683 -0.8174 -0.5520
0.0624 -0.8151 -0.5464
0.0665 -0.8213 -0.5529
0.0689 -0.8192 -0.5578
0.0672 -0.8200 -0.5562
0.0648 -0.8123 -0.5540
0.0648 -0.8123 -0.5540
0.0632 -0.8174 -0.5470
0.0630 -0.8156 -0.5482
0.0625 -0.8195 -0.5409
0.0636 -0.8216 -0.5429
0.0730 -0.8207 -0.5493
0.0730 -0.8207 -0.5493
0.0761 -0.8156 -0.5546
0.0688 -0.8093 -0.5594
0.0598 -0.8153 -0.5527
0.0567 -0.8183 -0.5501
0.0567 -0.8183 -0.5501
0.0611 -0.8230 -0.5555
0.0697 -0.8201 -0.5632
0.0691 -0.8153 -0.5554
0.0739 -0.8144 -0.5568
0.0715 -0.8111 -0.5530
0.0715 -0.8111 -0.5530
0.0704 -0.8127 -0.5538
0.0734 -0.8126 -0.5526
0.0707 -0.8199 -0.5469
0.0806 -0.8134 -0.5647
0.0804 -0.8102 -0.5644
0.0804 -0.8102 -0.5644
0.0789 -0.8179 -0.5566
0.0765 -0.8155 -0.5463
0.0729 -0.8150 -0.5465
0.0734 -0.8109 -0.5502
0.0718 -0.8017 -0.5371
0.0718 -0.8017 -0.5371
0.0741 -0.8189 -0.5549
0.0717 -0.8167 -0.5707
0.0714 -0.8069 -0.5723
0.0704 -0.8087 -0.5581

