-0.0044 -0.8196 -0.5324
-0.0051 -0.8319 -0.5292
0.0007 -0.8404 -0.5248
-0.0057 -0.8347 -0.5207
-0.0057 -0.8347 -0.5207
-0.0075 -0.8349 -0.5240
0.0009 -0.8288 -0.5237
0.0011 -0.8391 -0.5150
0.0039 -0.8446 -0.5203
-0.0012 -0.8367 -0.5238
-0.0012 -0.8367 -0.5238
-0.0024 -0.8348 -0.5209
0.0035 -0.8387 -0.5200
0.0032 -0.8366 -0.5176
-0.0007 -0.8358 -0.5161
0.0024 -0.8318 -0.5209
0.0024 -0.8318 -0.5209
-0.0009 -0.8302 -0.5165
0.0027 -0.8332 -0.5161
0.0024 -0.8371 -0.5115
0.0043 -0.8357 -0.5268
0.0043 -0.8357 -0.5268
0.0129 -0.8369 -0.5269
0.0092 -0.8417 -0.5285
0.0069 -0.8400 -0.5317
0.0037 -0.8273 -0.5268
0.0066 -0.8358 -0.5288
0.0066 -0.8358 -0.5288
0.0154 -0.8424 -0.5291
0.0020 -0.8371 -0.4879
-0.0120 -0.8363 -0.5172
-0.0062 -0.8418 -0.5206
0.0018 -0.8349 -0.5327
0.0018 -0.8349 -0.5327
0.0089 -0.8330 -0.5309
0.0064 -0.8335 -0.5265
0.0014 -0.8355 -0.5290
-0.0063 -0.8385 -0.5222
0.0005 -0.8465 -0.5273
0.0005 -0.8465 -0.5273
0.0077 -0.8442 -0.5244
0.0017 -0.8358 -0.5224
0.0005 -0.8375 -0.5268
0.0010 -0.8402 -0.5237
0.0097 -0.8446 -0.5346
0.0097 -0.8446 -0.5346
0.0094 -0.8339 -0.5289
0.0007 -0.8274 -0.5228
-0.0019 -0.8389 -0.5263
0.0038 -0.8395 -0.5287
0.0009 -0.8366 -0.5244
0.0009 -0.8366 -0.5244
0.0089 -0.8376 -0.5145
0.0072 -0.8337 -0.5156
0.0094 -0.8351 -0.5250
0.0070 -0.8417 -0.5330
0.0070 -0.8417 -0.5330
0.0068 -0.8392 -0.5242
0.0106 -0.8392 -0.5197
0.0143 -0.8400 -0.5167
0.0096 -0.8371 -0.5312
0.0166 -0.8462 -0.5215
0.0166 -0.8462 -0.5215
0.0148 -0.8416 -0.5129
-0.0058 -0.8354 -0.4861
0.0097 -0.8509 -0.5361
0.0023 -0.8363 -0.5253
0.0022 -0.8411 -0.5214
0.0022 -0.8411 -0.5214
0.0045 -0.8355 -0.5038
0.0038 -0.8353 -0.5114
0.0146 -0.8308 -0.5195
0.0071 -0.8351 -0.5219
0.0071 -0.8351 -0.5219
-0.0065 -0.8400 -0.5185
-0.0007 -0.8457 -0.5152
0.0027 -0.8443 -0.5229
0.0024 -0.8356 -0.5248
0.0037 -0.8373 -0.5310
0.0037 -0.8373 -0.5310
-0.0042 -0.8347 -0.5401
-0.0004 -0.8330 -0.5380
0.0067 -0.8416 -0.5328
0.0062 -0.8434 -0.5272
-0.0038 -0.8405 -0.5094
-0.0038 -0.8405 -0.5094
-0.0069 -0.8394 -0.5112
0.0038 -0.8446 -0.5175
0.0115 -0.8400 -0.5208
0.0081 -0.8459 -0.5212
-0.0006 -0.8379 -0.5229
-0.0006 -0.8379 -0.5229
-0.0038 -0.8390 -0.5169
-0.0017 -0.8384 -0.5224
0.0043 -0.8383 -0.5287
0.0070 -0.8441 -0.5306
0.0071 -0.8398 -0.5228
0.0071 -0.8398 -0.5228
0.0040 -0.8361 -0.5201
0.0034 -0.8432 -0.5262
0.0092 -0.8380 -0.5122
0.0037 -0.8381 -0.5161
0.0037 -0.8381 -0.5161
-0.0032 -0.8400 -0.5215
-0.0035 -0.8474 -0.5075
0.0172 -0.8366 -0.5011
0.0249 -0.8097 -0.4567
0.0116 -0.8938 -0.5276
0.0116 -0.8938 -0.5276
0.0142 -0.8557 -0.5280
0.0095 -0.8425 -0.5319
0.0209 -0.7990 -0.4955
0.0073 -0.8335 -0.5729
0.0085 -0.8639 -0.5480
0.0085 -0.8639 -0.5480
0.0088 -0.8323 -0.5003
0.0165 -0.8441 -0.5016
0.0223 -0.8474 -0.5106
0.0325 -0.8428 -0.5067
0.0411 -0.8398 -0.4994
0.0411 -0.8398 -0.4994
0.0413 -0.8450 -0.4902
0.0467 -0.8470 -0.4725
0.0518 -0.8433 -0.4642
0.0619 -0.8402 -0.4672
0.0785 -0.8365 -0.4774
0.0785 -0.8365 -0.4774
0.0890 -0.8374 -0.4959
0.0901 -0.8341 -0.4926
0.0859 -0.8296 -0.4766
0.0788 -0.8314 -0.4621
0.0788 -0.8314 -0.4621
0.0775 -0.8350 -0.4469
0.0843 -0.8407 -0.4316
0.0932 -0.8594 -0.4186
0.1089 -0.8672 -0.4325
0.1288 -0.8701 -0.4599
0.1288 -0.8701 -0.4599
0.1406 -0.8748 -0.4589
0.1437 -0.8720 -0.4369
0.1585 -0.8622 -0.4371
0.1687 -0.8431 -0.4365
0.1827 -0.8040 -0.4398
0.1827 -0.8040 -0.4398
0.2182 -0.7587 -0.4844
0.2182 -0.7587 -0.4844
0.2305 -0.7478 -0.4597
0.2633 -0.7022 -0.4415
0.1716 -0.6983 -0.4597
0.1716 -0.6983 -0.4597
0.1050 -0.6010 -0.5090
0.0263 -0.6819 -0.5137
0.1250 -0.6428 -0.6097
0.1546 -0.6946 -0.6130
0.1546 -0.6946 -0.6130
0.1520 -0.7435 -0.6321
0.1205 -0.7916 -0.6322
0.0829 -0.8308 -0.6503
0.0443 -0.8630 -0.6383
0.0189 -0.8884 -0.6393
0.0189 -0.8884 -0.6393
-0.0056 -0.8961 -0.6596
-0.0453 -0.8808 -0.7112
-0.0926 -0.8328 -0.6955
-0.1156 -0.7803 -0.6788
-0.1147 -0.7109 -0.6312
-0.1147 -0.7109 -0.6312
-0.1084 -0.6321 -0.5611
-0.0921 -0.5770 -0.4887
-0.0742 -0.5541 -0.4576
-0.0811 -0.5461 -0.4605
-0.1165 -0.5499 -0.4780
-0.1165 -0.5499 -0.4780
-0.1442 -0.5802 -0.5133
-0.1395 -0.6069 -0.5104
-0.1135 -0.6677 -0.4968
-0.0913 -0.7626 -0.5807
-0.1268 -0.8213 -0.7114
-0.1268 -0.8213 -0.7114
-0.2296 -0.8515 -0.8737
-0.3142 -0.8389 -1.0301
-0.3358 -0.7669 -1.0883
-0.2958 -0.7218 -1.0748
-0.2111 -0.7578 -1.0516
-0.2111 -0.7578 -1.0516
-0.1653 -0.7919 -0.9731
-0.1409 -0.7914 -0.8734
-0.0987 -0.7925 -0.7911
-0.0547 -0.8044 -0.7214
-0.0248 -0.8101 -0.6806
-0.0248 -0.8101 -0.6806
-0.0113 -0.8110 -0.7133
-0.0258 -0.7966 -0.7647
-0.0523 -0.7508 -0.8578
-0.0669 -0.6904 -0.8951
-0.0669 -0.6904 -0.8951
-0.0820 -0.6277 -0.9305
-0.0936 -0.5970 -0.9434
-0.1219 -0.5530 -0.8733
-0.1404 -0.5426 -0.8082
-0.1509 -0.5505 -0.7366
-0.1509 -0.5505 -0.7366
-0.1626 -0.5397 -0.6605
-0.1658 -0.5421 -0.5895
-0.1618 -0.5644 -0.5630
-0.1453 -0.5997 -0.5421
-0.1143 -0.6508 -0.5597
-0.1143 -0.6508 -0.5597
-0.0913 -0.6990 -0.6130
-0.0707 -0.7455 -0.6860
-0.0521 -0.7724 -0.7445
-0.0328 -0.8119 -0.7972
-0.0328 -0.8119 -0.7972
0.0035 -0.8635 -0.7499
0.0164 -0.8916 -0.7617
0.0047 -0.9269 -0.7537
0.0166 -0.8957 -0.7532
0.0420 -0.8205 -0.7827
0.0972 -0.7180 -0.7547
0.0972 -0.7180 -0.7547
0.1772 -0.6513 -0.7233
0.2715 -0.6615 -0.7361
0.3470 -0.6823 -0.6405
0.4096 -0.7334 -0.6875
0.4096 -0.7334 -0.6875
0.3961 -0.7655 -0.7578
0.3211 -0.7295 -0.8529
0.2561 -0.6917 -0.9659
0.1869 -0.6093 -0.9515
0.0998 -0.5167 -0.9026
0.0998 -0.5167 -0.9026
0.0407 -0.5194 -0.8012
0.0024 -0.5336 -0.6668
-0.0308 -0.5365 -0.5429
-0.0709 -0.5650 -0.4511
-0.0982 -0.5996 -0.3860
-0.0982 -0.5996 -0.3860
-0.1085 -0.6283 -0.3454
-0.1076 -0.6717 -0.3602
-0.1047 -0.7019 -0.3723
-0.1061 -0.7123 -0.4113
-0.1061 -0.7123 -0.4113
-0.0986 -0.7039 -0.4734
-0.0688 -0.7081 -0.5304
-0.0475 -0.7575 -0.6241
-0.0423 -0.7728 -0.6611
-0.0498 -0.7721 -0.7532
-0.0498 -0.7721 -0.7532
-0.0517 -0.7694 -0.8098
-0.0566 -0.7696 -0.8555
-0.0781 -0.7461 -0.8691
-0.1312 -0.7564 -0.9426
-0.1883 -0.7669 -1.0293
-0.1883 -0.7669 -1.0293
-0.2961 -0.6867 -1.1767
-0.4105 -0.5449 -1.1541
-0.4801 -0.4059 -0.9087
-0.3990 -0.4357 -0.7490
-0.2715 -0.6055 -0.6757
-0.2715 -0.6055 -0.6757
-0.2189 -0.7450 -0.6844
-0.2155 -0.7368 -0.7107
-0.2491 -0.6063 -0.6558
-0.2047 -0.4701 -0.6212
-0.0904 -0.4680 -0.5818
-0.0904 -0.4680 -0.5818
0.0150 -0.5427 -0.5225
0.0845 -0.6177 -0.4719
0.1254 -0.6748 -0.4412
0.1364 -0.7392 -0.4432
0.1032 -0.7513 -0.4608
0.1032 -0.7513 -0.4608
0.0746 -0.7803 -0.5254
0.0522 -0.7850 -0.6194
0.0261 -0.7629 -0.6458
0.0206 -0.7437 -0.6516
0.0206 -0.7437 -0.6516
0.0484 -0.7667 -0.6747
0.0783 -0.7836 -0.6514
0.1150 -0.8082 -0.6340
0.1522 -0.8576 -0.6396
0.1672 -0.9087 -0.6433
0.1672 -0.9087 -0.6433
0.1527 -0.9896 -0.6877
0.0935 -1.0373 -0.8510
0.0345 -1.0456 -0.9660
-0.0244 -0.9422 -0.9723
-0.0505 -0.8121 -0.9610
-0.0505 -0.8121 -0.9610
0.0011 -0.7185 -0.8318
0.0904 -0.6796 -0.6831
0.1932 -0.6881 -0.5168
0.2655 -0.7253 -0.4561
0.2655 -0.7253 -0.4561
0.2857 -0.7435 -0.4982
0.2368 -0.7112 -0.5681
0.1800 -0.6575 -0.6347
0.1454 -0.6020 -0.6951
0.1072 -0.5809 -0.7161
0.0702 -0.5733 -0.6680
0.0702 -0.5733 -0.6680
0.0499 -0.5922 -0.6492
0.0254 -0.6330 -0.6080
0.0005 -0.6562 -0.5649
-0.0194 -0.6828 -0.5628
-0.0194 -0.6828 -0.5628
-0.0236 -0.6997 -0.5869
-0.0332 -0.7042 -0.6122
-0.0636 -0.7106 -0.6555
-0.0928 -0.6934 -0.6572
-0.1118 -0.6753 -0.6808
-0.1239 -0.6639 -0.6642
-0.1239 -0.6639 -0.6642
-0.1236 -0.6790 -0.6654
-0.1371 -0.6963 -0.6868
-0.1707 -0.6964 -0.7366
-0.1862 -0.7173 -0.7663
-0.1862 -0.7173 -0.7663
-0.2156 -0.7483 -0.7967
-0.2609 -0.7713 -0.8739
-0.2871 -0.8114 -0.9115
-0.3168 -0.7189 -1.0150
-0.3168 -0.7189 -1.0150
-0.3442 -0.6037 -0.9539
-0.3297 -0.5191 -0.8024
-0.2426 -0.5904 -0.6622
-0.1539 -0.6901 -0.5569
-0.1612 -0.7576 -0.5089
-0.1612 -0.7576 -0.5089
-0.1821 -0.8347 -0.6028
-0.1757 -0.7727 -0.6893
-0.2160 -0.6024 -0.7003
-0.1983 -0.4904 -0.6060
-0.0790 -0.5318 -0.6019
-0.0790 -0.5318 -0.6019
0.0158 -0.6323 -0.5225
0.0679 -0.6729 -0.4209
0.0973 -0.7141 -0.3833
0.0921 -0.7485 -0.3702
0.0690 -0.7605 -0.3875
0.0690 -0.7605 -0.3875
0.0641 -0.7769 -0.4773
0.0660 -0.7720 -0.5271
0.0876 -0.7750 -0.6226
0.1100 -0.7789 -0.6658
0.1199 -0.7883 -0.6864
0.1215 -0.8484 -0.6983
0.1215 -0.8484 -0.6983
0.1118 -0.9048 -0.6896
0.0998 -0.9642 -0.7386
0.0925 -1.0236 -0.7703
0.0884 -1.0219 -0.8517
0.0884 -1.0219 -0.8517
0.0864 -0.9915 -0.8715
0.0943 -0.9346 -0.9031
0.0969 -0.8353 -0.8858
0.1046 -0.7273 -0.8073
0.1046 -0.7273 -0.8073
0.1346 -0.6852 -0.6550
0.2076 -0.7035 -0.5164
0.2838 -0.7622 -0.4370
0.3272 -0.8007 -0.4541
0.3096 -0.8109 -0.5619
0.3096 -0.8109 -0.5619
0.2306 -0.7750 -0.7155
0.1659 -0.7087 -0.8988
0.0975 -0.6187 -0.9494
0.0404 -0.5215 -0.8751
0.0331 -0.5239 -0.7980
0.0331 -0.5239 -0.7980
0.0431 -0.5830 -0.6960
0.0196 -0.5784 -0.5753
-0.0006 -0.5911 -0.4880
-0.0186 -0.6181 -0.4563
-0.0421 -0.6254 -0.4396
-0.0421 -0.6254 -0.4396
-0.0618 -0.6291 -0.4261
-0.0715 -0.6406 -0.4586
-0.0616 -0.6522 -0.4827
-0.0512 -0.6653 -0.5075
-0.0263 -0.7020 -0.5252
-0.0263 -0.7020 -0.5252
0.0007 -0.7433 -0.5687
0.0051 -0.7866 -0.6619
-0.0031 -0.8620 -0.7913
-0.0422 -0.9047 -0.8963
-0.0422 -0.9047 -0.8963
-0.1069 -0.9292 -0.9961
-0.1989 -0.8949 -1.0644
-0.2873 -0.8066 -1.1373
-0.3190 -0.6754 -1.0279
-0.2791 -0.5700 -0.8412
-0.2791 -0.5700 -0.8412
-0.2190 -0.5884 -0.6778
-0.1915 -0.6389 -0.5372
-0.1926 -0.6527 -0.4285
-0.1731 -0.6862 -0.4155
-0.1593 -0.7327 -0.5072
-0.1593 -0.7327 -0.5072
-0.1606 -0.6799 -0.6059
-0.1630 -0.5728 -0.6537
-0.1275 -0.4829 -0.5972
-0.0534 -0.4712 -0.5370
0.0052 -0.5415 -0.4741
0.0052 -0.5415 -0.4741
0.0366 -0.6223 -0.4080
0.0384 -0.7002 -0.3824
0.0293 -0.7777 -0.3661
0.0241 -0.8253 -0.4594
0.0241 -0.8253 -0.4594
0.0133 -0.8572 -0.5568
0.0247 -0.8293 -0.6573
0.0557 -0.7919 -0.7598
0.0799 -0.7538 -0.7807
0.1196 -0.7626 -0.7920
0.1196 -0.7626 -0.7920
0.1236 -0.8172 -0.7810
0.1257 -0.8912 -0.7761
0.1253 -0.9440 -0.7683
0.1139 -1.0035 -0.8371
0.0783 -1.0280 -0.9393
0.0783 -1.0280 -0.9393
0.0295 -1.0030 -0.9786
-0.0089 -0.9265 -1.0287
-0.0365 -0.7937 -0.9820
-0.0423 -0.6307 -0.8293
-0.0128 -0.5118 -0.6165
-0.0128 -0.5118 -0.6165
0.0404 -0.4570 -0.4143
0.1021 -0.4855 -0.2131
0.1635 -0.5917 -0.0896
0.2051 -0.7433 -0.1045
0.2051 -0.7433 -0.1045
0.1941 -0.8365 -0.3177
0.2615 -0.9542 -0.9006
0.2115 -0.9343 -0.8275
-0.0242 -0.6194 -1.1314
-0.0520 -0.5221 -1.1925
-0.0520 -0.5221 -1.1925
-0.0204 -0.5347 -1.1159
0.0505 -0.6350 -0.9757
0.0723 -0.6481 -0.7522
0.0765 -0.6433 -0.5620
0.0740 -0.6457 -0.4543
0.0740 -0.6457 -0.4543
0.0512 -0.6461 -0.4574
0.0171 -0.6353 -0.4942
0.0267 -0.6011 -0.5252
0.0432 -0.5830 -0.6294
0.0640 -0.5956 -0.6917
0.0640 -0.5956 -0.6917
0.0625 -0.5774 -0.7869
0.0343 -0.5939 -0.8576
-0.0080 -0.6089 -0.8866
-0.0403 -0.6397 -0.9266
-0.0797 -0.7285 -0.9297
-0.0797 -0.7285 -0.9297
-0.1043 -0.8398 -0.9241
-0.1559 -0.8722 -0.9890
-0.2486 -0.8187 -1.0158
-0.3272 -0.6491 -0.9492
-0.3272 -0.6491 -0.9492
-0.3077 -0.4722 -0.8220
-0.2202 -0.4159 -0.5878
-0.0901 -0.4445 -0.4369
0.0387 -0.5670 -0.3352
0.1029 -0.7198 -0.2706
0.1029 -0.7198 -0.2706
0.0969 -0.8349 -0.3058
0.0336 -0.9095 -0.4285
-0.0314 -0.9124 -0.6169
-0.0894 -0.8789 -0.8867
-0.1290 -0.7996 -0.9186
-0.1290 -0.7996 -0.9186
-0.0827 -0.7015 -0.8791
0.0040 -0.7402 -0.7826
0.0541 -0.7638 -0.6451
0.0850 -0.7574 -0.5372
0.0939 -0.7661 -0.5087
0.0939 -0.7661 -0.5087
0.0854 -0.7532 -0.5213
0.0714 -0.7233 -0.5374
0.0644 -0.7244 -0.5711
0.0840 -0.7444 -0.6144
0.0840 -0.7444 -0.6144
0.0898 -0.7786 -0.6618
0.0799 -0.8430 -0.7332
0.0669 -0.9034 -0.8111
0.0421 -0.9239 -0.9113
-0.0277 -0.8953 -0.9871
-0.0277 -0.8953 -0.9871
-0.1038 -0.8209 -0.9944
-0.1393 -0.7182 -0.9049
-0.1043 -0.6327 -0.7343
-0.0310 -0.5875 -0.5737
0.0478 -0.5606 -0.4413
0.0478 -0.5606 -0.4413
0.1194 -0.5597 -0.3692
0.1782 -0.5777 -0.3454
0.2341 -0.6056 -0.3695
0.2937 -0.6458 -0.4384
0.3138 -0.6496 -0.5755
0.3138 -0.6496 -0.5755
0.2614 -0.6535 -0.6456
0.1789 -0.6469 -0.7598
0.1277 -0.6501 -0.7939
0.1022 -0.6119 -0.7705
0.1367 -0.6127 -0.7138
0.1367 -0.6127 -0.7138
0.1973 -0.6203 -0.6624
0.2539 -0.6233 -0.6075
0.3037 -0.6362 -0.6191
0.3143 -0.6581 -0.6294
0.3143 -0.6581 -0.6294
0.2928 -0.6928 -0.6708
0.2604 -0.7404 -0.7088
0.2415 -0.7862 -0.7860
0.1955 -0.8259 -0.8403
0.1208 -0.8610 -0.9057
0.0602 -0.9065 -0.9638
0.0602 -0.9065 -0.9638
0.0150 -0.9016 -1.0116
-0.0275 -0.8661 -0.9870
-0.0595 -0.8253 -0.8954
-0.0751 -0.8068 -0.7998
-0.0751 -0.8068 -0.7998
-0.0745 -0.7854 -0.7145
-0.0782 -0.7590 -0.6250
-0.0852 -0.7450 -0.5513
-0.0974 -0.7614 -0.5089
-0.1069 -0.7902 -0.4772
-0.1069 -0.7902 -0.4772
-0.1190 -0.8045 -0.4534
-0.1059 -0.8138 -0.4762
-0.0557 -0.8445 -0.5126
-0.0423 -0.8629 -0.5424
-0.0897 -0.8467 -0.6645
-0.0897 -0.8467 -0.6645
-0.1469 -0.8036 -0.7027
-0.2087 -0.7327 -0.6691
-0.2070 -0.6914 -0.5939
-0.1609 -0.6968 -0.5451
-0.1609 -0.6968 -0.5451
-0.1182 -0.7184 -0.5162
-0.1087 -0.7434 -0.5870
-0.1431 -0.7482 -0.6665
-0.2320 -0.7409 -0.7302
-0.3135 -0.7329 -0.7535
-0.3135 -0.7329 -0.7535
-0.3794 -0.7267 -0.7791
-0.3928 -0.6835 -0.7062
-0.3524 -0.6535 -0.6075
-0.2813 -0.6754 -0.5292
-0.2400 -0.6985 -0.4798
-0.2400 -0.6985 -0.4798
-0.2376 -0.7018 -0.4574
-0.2630 -0.6995 -0.4407
-0.2806 -0.7149 -0.4649
-0.2956 -0.7357 -0.4981
-0.3136 -0.7462 -0.5298
-0.3136 -0.7462 -0.5298
-0.3348 -0.7779 -0.5819
-0.3412 -0.7826 -0.5770
-0.3171 -0.7724 -0.5609
-0.2633 -0.7762 -0.5500
-0.1999 -0.7583 -0.5233
-0.1999 -0.7583 -0.5233
-0.1452 -0.7439 -0.5195
-0.0923 -0.7411 -0.5157
-0.0219 -0.7318 -0.5334
0.0261 -0.7126 -0.5932
0.0584 -0.7063 -0.6296
0.0584 -0.7063 -0.6296
0.0990 -0.7081 -0.6771
0.1308 -0.7213 -0.6816
0.1434 -0.7316 -0.6985
0.1387 -0.7446 -0.7059
0.1387 -0.7446 -0.7059
0.1636 -0.7341 -0.7196
0.2222 -0.7441 -0.7706
0.2715 -0.7469 -0.7961
0.3080 -0.7638 -0.8019
0.3576 -0.8086 -0.8832
0.3576 -0.8086 -0.8832
0.3211 -0.8603 -1.0219
0.2389 -0.8705 -1.1480
0.1627 -0.8226 -1.2172
0.1115 -0.7299 -1.1741
0.1601 -0.6657 -1.0805
0.1601 -0.6657 -1.0805
0.2471 -0.6400 -0.9246
0.3075 -0.6351 -0.8058
0.3135 -0.6089 -0.6694
0.3038 -0.5965 -0.6115
0.2775 -0.6044 -0.6357
0.2775 -0.6044 -0.6357
0.2465 -0.6002 -0.6902
0.2182 -0.5649 -0.7460
0.1731 -0.5678 -0.8057
0.1026 -0.5771 -0.8270
0.0385 -0.5736 -0.7749
0.0385 -0.5736 -0.7749
-0.0054 -0.5811 -0.6807
-0.0235 -0.6066 -0.6020
-0.0425 -0.6181 -0.5049
-0.0474 -0.6344 -0.4416
-0.0474 -0.6344 -0.4416
-0.0470 -0.6704 -0.4122
-0.0552 -0.6918 -0.3894
-0.0662 -0.7081 -0.3978
-0.0657 -0.7307 -0.4341
-0.0640 -0.7468 -0.4509
-0.0640 -0.7468 -0.4509
-0.0622 -0.7600 -0.4689
-0.0448 -0.7731 -0.4718
-0.0185 -0.7849 -0.4680
0.0047 -0.7955 -0.4958
0.0133 -0.7979 -0.5732
0.0133 -0.7979 -0.5732
-0.0141 -0.8008 -0.6559
-0.0548 -0.8336 -0.7026
-0.0997 -0.8601 -0.7351
-0.1272 -0.9057 -0.8311
-0.1272 -0.9057 -0.8311
-0.1249 -0.9152 -0.9065
-0.1691 -0.8575 -1.0251
-0.2361 -0.7608 -1.0857
-0.2668 -0.6824 -1.0031
-0.2434 -0.6582 -0.8201
-0.2434 -0.6582 -0.8201
-0.2042 -0.6847 -0.6467
-0.2056 -0.7096 -0.5551
-0.1949 -0.7077 -0.4941
-0.1435 -0.6199 -0.4625
-0.0405 -0.5233 -0.4550
-0.0405 -0.5233 -0.4550
0.0859 -0.4914 -0.4286
0.1770 -0.5007 -0.4243
0.2345 -0.5337 -0.4199
0.2878 -0.5643 -0.3836
0.3246 -0.5904 -0.4082
0.3246 -0.5904 -0.4082
0.3256 -0.6447 -0.4395
0.3140 -0.6931 -0.5213
0.3116 -0.7262 -0.6455
0.2932 -0.7365 -0.7342
0.2768 -0.7513 -0.7838
0.2768 -0.7513 -0.7838
0.2382 -0.7718 -0.7945
0.2028 -0.8290 -0.7943
0.1655 -0.8780 -0.7494
0.1468 -0.9008 -0.7055
0.1468 -0.9008 -0.7055
0.1382 -0.9310 -0.7133
0.1560 -0.9261 -0.7369
0.2196 -0.9345 -0.8007
0.2924 -0.9300 -0.8701
0.3419 -0.9429 -0.9519
0.3419 -0.9429 -0.9519
0.3651 -0.9220 -1.0703
0.3291 -0.8457 -1.1180
0.2701 -0.6717 -1.0203
0.2500 -0.5285 -0.8226
0.2869 -0.5160 -0.6344
0.2869 -0.5160 -0.6344
0.3380 -0.6092 -0.5087
0.3606 -0.7146 -0.4874
0.2868 -0.7186 -0.5549
0.1632 -0.6809 -0.6410
0.0425 -0.6308 -0.7451
0.0425 -0.6308 -0.7451
-0.0316 -0.5973 -0.8711
-0.0730 -0.5670 -0.8071
-0.0945 -0.5708 -0.7498
-0.0816 -0.6061 -0.6367
-0.0935 -0.5975 -0.5582
-0.0935 -0.5975 -0.5582
-0.1044 -0.6248 -0.4803
-0.1064 -0.6316 -0.4235
-0.1068 -0.6378 -0.3888
-0.1047 -0.6654 -0.3769
-0.1047 -0.6654 -0.3769
-0.0956 -0.6729 -0.3917
-0.0791 -0.7045 -0.4153
-0.0746 -0.7272 -0.4444
-0.0654 -0.7516 -0.4862
-0.0494 -0.7877 -0.5682
-0.0494 -0.7877 -0.5682
-0.0580 -0.8004 -0.6367
-0.1033 -0.8244 -0.7460
-0.1415 -0.8636 -0.7923
-0.1872 -0.8969 -0.8743
-0.2233 -0.9382 -0.9528
-0.2233 -0.9382 -0.9528
-0.2669 -0.9171 -1.0463
-0.3439 -0.8176 -1.1001
-0.3966 -0.6750 -1.0410
-0.3829 -0.5765 -0.8483
-0.2868 -0.6100 -0.6352
-0.2868 -0.6100 -0.6352
-0.1951 -0.6841 -0.4223
-0.1452 -0.7475 -0.3813
-0.1372 -0.7990 -0.5337
-0.1189 -0.7093 -0.6499
-0.0809 -0.5341 -0.7622
-0.0809 -0.5341 -0.7622
0.1152 -0.4683 -0.8521
0.2627 -0.5422 -0.7758
0.3399 -0.6302 -0.6790
0.3552 -0.6481 -0.5578
0.3341 -0.6915 -0.4508
0.3341 -0.6915 -0.4508
0.3127 -0.7420 -0.3983
0.2857 -0.7638 -0.4098
0.2676 -0.7808 -0.4034
0.2569 -0.8152 -0.4490
0.2569 -0.8152 -0.4490
0.2377 -0.8292 -0.4889
0.2208 -0.8201 -0.5401
0.1866 -0.8244 -0.6274
0.1502 -0.8305 -0.6183
0.1301 -0.8766 -0.6095
0.1301 -0.8766 -0.6095
0.1246 -0.9113 -0.6432
0.1301 -0.9541 -0.6705
0.1256 -0.9902 -0.6962
0.1275 -0.9757 -0.7627
0.1296 -0.9767 -0.8064
0.1296 -0.9767 -0.8064
0.1411 -0.9696 -0.8811
0.1336 -0.9269 -0.9347
0.1300 -0.8094 -0.8969
0.1710 -0.7349 -0.7519
0.2589 -0.7033 -0.5937
0.2589 -0.7033 -0.5937
0.3484 -0.7314 -0.4749
0.4085 -0.7473 -0.4560
0.4213 -0.7201 -0.5229
0.3741 -0.6606 -0.5903
0.2878 -0.5925 -0.6448
0.2878 -0.5925 -0.6448
0.1976 -0.5552 -0.6688
0.1136 -0.5578 -0.6711
0.0309 -0.5860 -0.7119
-0.0477 -0.5836 -0.6632
-0.0477 -0.5836 -0.6632
-0.0958 -0.5551 -0.5808
-0.1039 -0.5723 -0.4909
-0.1035 -0.6145 -0.4114
-0.0909 -0.6536 -0.3833
-0.0663 -0.6939 -0.4322
-0.0663 -0.6939 -0.4322
-0.0562 -0.6929 -0.4866
-0.0795 -0.6601 -0.5001
-0.0930 -0.6884 -0.5677
-0.1056 -0.7229 -0.5953
-0.1220 -0.7570 -0.6217
-0.1220 -0.7570 -0.6217
-0.1364 -0.7710 -0.6699
-0.1633 -0.7738 -0.7502
-0.1898 -0.7913 -0.8078
-0.1974 -0.8377 -0.8473
-0.2578 -0.9147 -0.9806
-0.2578 -0.9147 -0.9806
-0.3548 -0.9606 -1.0320
-0.4379 -0.8851 -1.0633
-0.5088 -0.7176 -1.0617
-0.4784 -0.5567 -0.9563
-0.4784 -0.5567 -0.9563
-0.3199 -0.5214 -0.7766
-0.1671 -0.5913 -0.5966
-0.0804 -0.7017 -0.4866
-0.0697 -0.7301 -0.4947
-0.0970 -0.6911 -0.6045
-0.0970 -0.6911 -0.6045
-0.0968 -0.5528 -0.6482
-0.0489 -0.4651 -0.7546
0.0328 -0.4753 -0.7089
0.0843 -0.5362 -0.6532
0.0890 -0.6198 -0.5718
0.0890 -0.6198 -0.5718
0.0929 -0.6863 -0.5002
0.1053 -0.7366 -0.4701
0.1096 -0.7583 -0.4911
0.1014 -0.7685 -0.5442
0.0864 -0.7575 -0.5903
0.0864 -0.7575 -0.5903
0.0725 -0.7557 -0.6613
0.0773 -0.7620 -0.7438
0.0606 -0.7460 -0.7687
0.0380 -0.7151 -0.7737
0.0380 -0.7151 -0.7737
0.0300 -0.7244 -0.7458
0.0545 -0.7593 -0.7064
0.0909 -0.8033 -0.6974
0.1075 -0.8215 -0.6890
0.1143 -0.8148 -0.6744
0.1143 -0.8148 -0.6744
0.1625 -0.8382 -0.6835
0.1897 -0.8239 -0.7600
0.1922 -0.8117 -0.8565
0.1991 -0.7847 -0.8941
0.1778 -0.7223 -0.9657
0.1778 -0.7223 -0.9657
0.1587 -0.6411 -0.9399
0.1620 -0.5479 -0.8490
0.2076 -0.5154 -0.7151
0.2739 -0.5476 -0.6042
0.3725 -0.6457 -0.5818
0.3725 -0.6457 -0.5818
0.4141 -0.7233 -0.6249
0.3557 -0.7105 -0.7410
0.2436 -0.6692 -0.8812
0.1500 -0.5941 -1.0763
0.1500 -0.5941 -1.0763
0.0774 -0.4829 -1.0805
0.0402 -0.4064 -1.0086
0.0257 -0.4272 -0.8748
0.0186 -0.4924 -0.7592
-0.0026 -0.5301 -0.6306
-0.0122 -0.5493 -0.5310
-0.0122 -0.5493 -0.5310
-0.0127 -0.6202 -0.5443
-0.0120 -0.6504 -0.5549
-0.0057 -0.6434 -0.6241
-0.0123 -0.6272 -0.6651
-0.0123 -0.6272 -0.6651
-0.0203 -0.6112 -0.7080
-0.0297 -0.6119 -0.7548
-0.0415 -0.6187 -0.8037
-0.0320 -0.6444 -0.8604
-0.0381 -0.6775 -0.8817
-0.0381 -0.6775 -0.8817
-0.0078 -0.7419 -0.8330
-0.0195 -0.7675 -0.8772
-0.0795 -0.7497 -0.8969
-0.1757 -0.6446 -0.9477
-0.2292 -0.5568 -0.9509
-0.2292 -0.5568 -0.9509
-0.2192 -0.4852 -0.8153
-0.1542 -0.4988 -0.6983
-0.0730 -0.6102 -0.5988
-0.0200 -0.6801 -0.5225
-0.0200 -0.6801 -0.5225
0.0065 -0.7052 -0.4387
0.0156 -0.7244 -0.5139
-0.0060 -0.7184 -0.7067
-0.0188 -0.6268 -0.8103
0.0072 -0.5384 -0.8407
0.0072 -0.5384 -0.8407
0.0717 -0.5131 -0.8367
0.1085 -0.5716 -0.8301
0.0710 -0.6163 -0.7801
0.0116 -0.6250 -0.7240
-0.0291 -0.6749 -0.6872
-0.0291 -0.6749 -0.6872
-0.0698 -0.6669 -0.7119
-0.0889 -0.6353 -0.7279
-0.1079 -0.6317 -0.7685
-0.1283 -0.6115 -0.8244
-0.1636 -0.5852 -0.8325
-0.1636 -0.5852 -0.8325
-0.2234 -0.5766 -0.8712
-0.2451 -0.5657 -0.8717
-0.2590 -0.5398 -0.8580
-0.2618 -0.5319 -0.8389
-0.2599 -0.5238 -0.7987
-0.2599 -0.5238 -0.7987
-0.2465 -0.4980 -0.7546
-0.2025 -0.4871 -0.7190
-0.1556 -0.4819 -0.6936
-0.1387 -0.5036 -0.6951
-0.1387 -0.5036 -0.6951
-0.1322 -0.5119 -0.6811
-0.1449 -0.5152 -0.7071
-0.1525 -0.5207 -0.7423
-0.1512 -0.5384 -0.7764
-0.1544 -0.5911 -0.8305
-0.1544 -0.5911 -0.8305
-0.1938 -0.6253 -0.9586
-0.2934 -0.6261 -1.0696
-0.3811 -0.5688 -1.0594
-0.3493 -0.4977 -0.9724
-0.1965 -0.4837 -0.8495
-0.1965 -0.4837 -0.8495
-0.0417 -0.5015 -0.7463
0.0592 -0.5345 -0.6268
0.1093 -0.5431 -0.6160
0.1164 -0.6144 -0.6823
0.0970 -0.5665 -0.7937
0.0970 -0.5665 -0.7937
0.0974 -0.4969 -0.9590
0.0884 -0.4740 -1.0495
0.0801 -0.4560 -1.0400
0.1274 -0.3743 -1.0047
0.1679 -0.4134 -0.9572
0.1679 -0.4134 -0.9572
0.1747 -0.4947 -0.9176
0.1416 -0.5187 -0.8390
0.1031 -0.5373 -0.7714
0.0994 -0.5218 -0.7894
0.1009 -0.5248 -0.8415
0.1009 -0.5248 -0.8415
0.0848 -0.5408 -0.8862
0.0794 -0.5323 -0.8945
0.0917 -0.5591 -0.9072
0.0990 -0.5710 -0.8966
0.0990 -0.5710 -0.8966
0.0971 -0.5730 -0.9302
0.1133 -0.5815 -0.9695
0.1173 -0.5396 -1.0117
0.0829 -0.5332 -1.0154
0.0388 -0.5166 -0.9404
0.0388 -0.5166 -0.9404
0.0399 -0.5165 -0.8283
0.0816 -0.5644 -0.7189
0.1171 -0.6234 -0.6685
0.1395 -0.6942 -0.6727
0.1164 -0.7323 -0.7207
0.1164 -0.7323 -0.7207
0.0579 -0.7254 -0.7931
-0.0219 -0.7082 -0.9372
-0.0791 -0.6684 -1.0414
-0.1082 -0.5907 -1.0251
-0.1082 -0.5907 -1.0251
-0.0911 -0.5703 -0.9660
-0.0846 -0.5654 -0.8673
-0.1007 -0.5181 -0.7716
-0.1183 -0.5034 -0.7413
-0.1210 -0.4563 -0.6430
-0.1210 -0.4563 -0.6430
-0.0708 -0.4893 -0.5915
-0.0084 -0.5969 -0.5487
0.0325 -0.6907 -0.5814
0.0513 -0.7737 -0.6212
0.0462 -0.8445 -0.8218
0.0462 -0.8445 -0.8218
0.0155 -0.8422 -0.9072
0.0186 -0.8648 -0.9885
0.0450 -0.8949 -0.9564
0.0693 -0.9023 -0.8428
0.0588 -0.8806 -0.8094
0.0588 -0.8806 -0.8094
0.0433 -0.7916 -0.7798
0.0241 -0.6406 -0.6887
0.0521 -0.5826 -0.6254
0.0738 -0.5814 -0.5150
0.0535 -0.5885 -0.4981
0.0535 -0.5885 -0.4981
0.0011 -0.5839 -0.4595
-0.0336 -0.6015 -0.5001
-0.0301 -0.6435 -0.5288
-0.0195 -0.6576 -0.5296
-0.0211 -0.6679 -0.4883
-0.0211 -0.6679 -0.4883
-0.0642 -0.7343 -0.5046
-0.1130 -0.7433 -0.5061
-0.1356 -0.7192 -0.5295
-0.1113 -0.7244 -0.5488
-0.1113 -0.7244 -0.5488
-0.1002 -0.7270 -0.5275
-0.0526 -0.7296 -0.6832
-0.0138 -0.7214 -0.6032
-0.0103 -0.7531 -0.5873
-0.0203 -0.7546 -0.5591
-0.0203 -0.7546 -0.5591
-0.0620 -0.7452 -0.5364
-0.0798 -0.7799 -0.5123
-0.0430 -0.7632 -0.5252
0.0400 -0.7203 -0.5894
0.0607 -0.7159 -0.6173
0.0607 -0.7159 -0.6173
0.0211 -0.7768 -0.6355
-0.0107 -0.7906 -0.5679
-0.0116 -0.7988 -0.5454
0.0155 -0.8006 -0.5437
0.0048 -0.7939 -0.5526
0.0048 -0.7939 -0.5526
0.0097 -0.7950 -0.5746
0.0226 -0.7917 -0.6130
0.0148 -0.8164 -0.6173
0.0100 -0.8025 -0.5916
0.0100 -0.8025 -0.5916
0.0261 -0.7892 -0.5655
0.0318 -0.8072 -0.5730
0.0337 -0.8241 -0.5748
0.0218 -0.8121 -0.5672
0.0164 -0.8014 -0.5581
0.0164 -0.8014 -0.5581
0.0203 -0.8056 -0.5517
0.0159 -0.8027 -0.5564
0.0090 -0.8057 -0.5852
0.0174 -0.7906 -0.5838
0.0189 -0.7988 -0.5918
0.0189 -0.7988 -0.5918
0.0093 -0.8100 -0.5928
0.0213 -0.8069 -0.5954
0.0215 -0.7955 -0.5848
0.0201 -0.8065 -0.5786
0.0231 -0.8124 -0.5914
0.0231 -0.8124 -0.5914
0.0073 -0.7966 -0.5789
0.0076 -0.8094 -0.5759
0.0141 -0.8123 -0.5707
0.0123 -0.7943 -0.5642
0.0058 -0.7938 -0.5787
0.0058 -0.7938 -0.5787
0.0113 -0.7946 -0.5767
0.0055 -0.7995 -0.5675
0.0063 -0.8107 -0.5623
0.0115 -0.8069 -0.5667
0.0155 -0.8104 -0.5675
0.0155 -0.8104 -0.5675
0.0085 -0.8142 -0.5675
0.0054 -0.8222 -0.5521
0.0121 -0.8289 -0.5365
0.0148 -0.8254 -0.5488
0.0148 -0.8254 -0.5488
0.0100 -0.8238 -0.5493
0.0090 -0.8171 -0.5620
0.0138 -0.8160 -0.5709
0.0176 -0.8181 -0.5616
0.0168 -0.8103 -0.5647
0.0168 -0.8103 -0.5647
0.0079 -0.8017 -0.5592
0.0112 -0.8184 -0.5587
0.0211 -0.8135 -0.5482
0.0230 -0.8106 -0.5460
0.0245 -0.8266 -0.5504
0.0245 -0.8266 -0.5504
0.0240 -0.8100 -0.5390
0.0223 -0.8141 -0.5262
0.0261 -0.8332 -0.5257
0.0297 -0.8347 -0.5289
0.0297 -0.8347 -0.5289
0.0217 -0.8216 -0.5402
0.0069 -0.8341 -0.5259
0.0249 -0.8342 -0.5500
0.0306 -0.8224 -0.5544
0.0160 -0.8161 -0.5509
0.0162 -0.8312 -0.5431
0.0162 -0.8312 -0.5431
0.0133 -0.8300 -0.5386
0.0110 -0.8255 -0.5360
0.0119 -0.8216 -0.5426
0.0241 -0.8270 -0.5370
0.0241 -0.8270 -0.5370
0.0320 -0.8214 -0.5368
0.0266 -0.8151 -0.5477
0.0292 -0.8229 -0.5534
0.0190 -0.8214 -0.5446
0.0135 -0.8282 -0.5204
0.0135 -0.8282 -0.5204
0.0276 -0.8361 -0.5255
0.0228 -0.8312 -0.5307
0.0235 -0.8212 -0.5330
0.0196 -0.8287 -0.5270
0.0092 -0.8283 -0.5221
0.0092 -0.8283 -0.5221
0.0081 -0.8264 -0.5424
0.0149 -0.8267 -0.5540
0.0266 -0.8216 -0.5661
0.0234 -0.8185 -0.5500
0.0206 -0.8186 -0.5384
0.0206 -0.8186 -0.5384
0.0326 -0.8377 -0.5406
0.0386 -0.8292 -0.5443
0.0254 -0.8267 -0.5428
0.0242 -0.8300 -0.5425
0.0242 -0.8300 -0.5425
0.0264 -0.8366 -0.5426
0.0145 -0.8229 -0.5422
0.0090 -0.8274 -0.5426
0.0071 -0.8340 -0.5334
0.0058 -0.8368 -0.5409
0.0058 -0.8368 -0.5409
0.0050 -0.8270 -0.5401
0.0078 -0.8327 -0.5382
0.0174 -0.8363 -0.5344
0.0118 -0.8357 -0.5245
0.0117 -0.8310 -0.5317
0.0117 -0.8310 -0.5317
0.0163 -0.8228 -0.5415
0.0173 -0.8235 -0.5478
0.0103 -0.8274 -0.5432
0.0029 -0.8292 -0.5257
0.0103 -0.8306 -0.5230
0.0103 -0.8306 -0.5230
0.0231 -0.8215 -0.5210
0.0294 -0.8281 -0.5257
0.0193 -0.8272 -0.5392
0.0160 -0.8292 -0.5166
0.0160 -0.8292 -0.5166
0.0207 -0.8368 -0.5237
0.0088 -0.8336 -0.5302
0.0076 -0.8356 -0.5329
0.0248 -0.8476 -0.5365
0.0282 -0.8393 -0.5273
0.0282 -0.8393 -0.5273
0.0248 -0.8275 -0.5321
0.0259 -0.8304 -0.5348
0.0233 -0.8309 -0.5425
0.0175 -0.8376 -0.5354
0.0242 -0.8368 -0.5254
0.0242 -0.8368 -0.5254
0.0288 -0.8250 -0.5265
0.0307 -0.8318 -0.5401
0.0359 -0.8315 -0.5389
0.0376 -0.8341 -0.5345
0.0267 -0.8389 -0.5250
0.0267 -0.8389 -0.5250
0.0117 -0.8340 -0.5199
0.0190 -0.8421 -0.5294
0.0200 -0.8345 -0.5306
0.0121 -0.8314 -0.5392
0.0261 -0.8277 -0.5331
0.0261 -0.8277 -0.5331
0.0048 -0.8248 -0.5294
0.0148 -0.8431 -0.5374
0.0190 -0.8445 -0.5244
0.0213 -0.8435 -0.5374
0.0213 -0.8435 -0.5374
0.0294 -0.8334 -0.5315
0.0323 -0.8423 -0.5137
0.0169 -0.8335 -0.5125
0.0204 -0.8325 -0.5310
0.0274 -0.8316 -0.5355
0.0274 -0.8316 -0.5355
0.0292 -0.8331 -0.5193
0.0224 -0.8441 -0.5169
0.0271 -0.8373 -0.5152
0.0206 -0.8404 -0.5181
0.0248 -0.8410 -0.5312
0.0248 -0.8410 -0.5312
0.0210 -0.8338 -0.5240
0.0158 -0.8306 -0.5222
0.0170 -0.8344 -0.5317
0.0174 -0.8313 -0.5243
0.0181 -0.8327 -0.5192
0.0181 -0.8327 -0.5192
0.0212 -0.8335 -0.5188
0.0222 -0.8317 -0.5163
0.0221 -0.8345 -0.5195
0.0146 -0.8417 -0.5264
0.0146 -0.8417 -0.5264
0.0168 -0.8462 -0.5226
0.0243 -0.8379 -0.5225
0.0162 -0.8353 -0.5396
0.0198 -0.8385 -0.5517
0.0289 -0.8378 -0.5496
0.0254 -0.8240 -0.5290
0.0254 -0.8240 -0.5290
0.0172 -0.8354 -0.5281
0.0168 -0.8439 -0.5270
0.0144 -0.8412 -0.5312
0.0184 -0.8375 -0.5299
0.0184 -0.8375 -0.5299
0.0146 -0.8302 -0.5068
0.0148 -0.8356 -0.5075
0.0258 -0.8393 -0.5152
0.0196 -0.8327 -0.5192
0.0112 -0.8408 -0.5235
0.0112 -0.8408 -0.5235
0.0171 -0.8397 -0.5131
0.0266 -0.8362 -0.5210
0.0225 -0.8391 -0.5287
0.0129 -0.8386 -0.5262
0.0239 -0.8379 -0.5261
0.0239 -0.8379 -0.5261
0.0311 -0.8410 -0.5398
0.0257 -0.8352 -0.5359
0.0197 -0.8334 -0.5213
0.0188 -0.8459 -0.5266
0.0244 -0.8398 -0.5151
0.0244 -0.8398 -0.5151
0.0076 -0.8354 -0.5035
0.0068 -0.8376 -0.5135
0.0186 -0.8368 -0.5196
0.0173 -0.8324 -0.5213
0.0173 -0.8324 -0.5213
0.0168 -0.8369 -0.5274
0.0185 -0.8300 -0.5214
0.0102 -0.8266 -0.5156
0.0115 -0.8364 -0.5265
0.0143 -0.8283 -0.5275
0.0143 -0.8283 -0.5275
0.0141 -0.8318 -0.5468
0.0204 -0.8347 -0.5529
0.0027 -0.8324 -0.5292
0.0069 -0.8443 -0.5476
0.0060 -0.8340 -0.5521
0.0060 -0.8340 -0.5521
0.0137 -0.8381 -0.5589
0.0255 -0.8310 -0.5392
0.0238 -0.8301 -0.5303
0.0155 -0.8287 -0.5333
0.0160 -0.8338 -0.5357
0.0160 -0.8338 -0.5357
0.0075 -0.8310 -0.5292
0.0149 -0.8419 -0.5252
0.0231 -0.8302 -0.5283
0.0192 -0.8241 -0.5325
0.0202 -0.8345 -0.5312
0.0202 -0.8345 -0.5312
0.0211 -0.8342 -0.5322
0.0126 -0.8286 -0.5275
0.0126 -0.8327 -0.5324
0.0229 -0.8341 -0.5394
0.0229 -0.8341 -0.5394
0.0265 -0.8320 -0.5354
0.0253 -0.8452 -0.5381
0.0203 -0.8348 -0.5263
0.0172 -0.8288 -0.5271
0.0068 -0.8307 -0.5251
0.0068 -0.8307 -0.5251
0.0052 -0.8414 -0.5297
0.0132 -0.8335 -0.5309
0.0227 -0.8316 -0.5445
0.0108 -0.8323 -0.5433
0.0054 -0.8372 -0.5261
0.0054 -0.8372 -0.5261
0.0163 -0.8418 -0.5238
0.0160 -0.8331 -0.5356
0.0157 -0.8352 -0.5395
0.0211 -0.8305 -0.5304
0.0094 -0.8338 -0.5256
0.0094 -0.8338 -0.5256
0.0045 -0.8330 -0.5270
0.0151 -0.8362 -0.5259
0.0173 -0.8385 -0.5242
0.0095 -0.8323 -0.5284
0.0196 -0.8395 -0.5372
0.0196 -0.8395 -0.5372
0.0051 -0.8242 -0.5065
-0.0011 -0.8373 -0.5345
0.0060 -0.8342 -0.5413
0.0118 -0.8260 -0.5394
0.0118 -0.8260 -0.5394
0.0143 -0.8278 -0.5298
0.0008 -0.8266 -0.5331
0.0037 -0.8440 -0.5125
-0.0010 -0.8321 -0.5164
0.0067 -0.8369 -0.5321
0.0067 -0.8369 -0.5321
0.0146 -0.8290 -0.5255
0.0129 -0.8340 -0.5175
0.0057 -0.8377 -0.5188
0.0070 -0.8319 -0.5238
0.0040 -0.8291 -0.5323
0.0040 -0.8291 -0.5323
0.0136 -0.8381 -0.5298
0.0151 -0.8308 -0.5274
0.0151 -0.8288 -0.5239
0.0113 -0.8312 -0.5260
0.0113 -0.8312 -0.5260
0.0092 -0.8361 -0.5340
0.0069 -0.8331 -0.5340
0.0134 -0.8361 -0.5348
0.0106 -0.8362 -0.5282
0.0085 -0.8362 -0.5334
0.0085 -0.8362 -0.5334
0.0095 -0.8378 -0.5316
0.0121 -0.8373 -0.5282
0.0132 -0.8294 -0.5277
0.0066 -0.8417 -0.5305
0.0102 -0.8368 -0.5282
0.0102 -0.8368 -0.5282
0.0139 -0.8392 -0.5235
0.0145 -0.8388 -0.5275
0.0165 -0.8437 -0.5276
0.0202 -0.8385 -0.5254
0.0283 -0.8415 -0.5324
0.0283 -0.8415 -0.5324
0.0267 -0.8407 -0.5440
0.0219 -0.8324 -0.5393
0.0190 -0.8343 -0.5355
0.0197 -0.8357 -0.5364
0.0228 -0.8287 -0.5343
0.0228 -0.8287 -0.5343
0.0238 -0.8274 -0.5329
0.0240 -0.8317 -0.5388
0.0243 -0.8327 -0.5357
0.0121 -0.8262 -0.5202
0.0121 -0.8262 -0.5202
0.0111 -0.8353 -0.5130
0.0187 -0.8461 -0.5166
0.0241 -0.8407 -0.5193
0.0241 -0.8295 -0.5306
0.0273 -0.8363 -0.5317
0.0273 -0.8363 -0.5317
0.0274 -0.8323 -0.5229
0.0218 -0.8355 -0.5349
0.0203 -0.8303 -0.5432
0.0167 -0.8342 -0.5354
0.0217 -0.8408 -0.5177
0.0217 -0.8408 -0.5177
0.0217 -0.8396 -0.5177
0.0228 -0.8352 -0.5262
0.0188 -0.8374 -0.5272
0.0139 -0.8421 -0.5234
0.0227 -0.8415 -0.5314
0.0227 -0.8415 -0.5314
0.0193 -0.8339 -0.5432
0.0249 -0.8145 -0.4717
0.0408 -0.8243 -0.5340
0.0195 -0.8703 -0.5659
0.0148 -0.8437 -0.5596
0.0148 -0.8437 -0.5596
0.0355 -0.8088 -0.5101

