0.0000 0.0000 0.0000
0.0000 0.0000 0.0000
0.0000 0.0000 0.0000
0.0048 0.0017 0.0084
0.0018 0.0037 0.0033
0.0005 0.0066 0.0065
0.0008 0.0062 0.0058
0.0090 0.0081 0.0127
0.0273 0.0024 0.0048
0.0293 0.0053 0.0087
0.0227 0.0103 0.0076
0.0053 0.0105 0.0106
-0.0050 -0.0092 0.0041
-0.0008 -0.0133 0.0059
0.0086 -0.0011 -0.0037
0.0223 0.0170 -0.0065
0.0325 0.0172 0.0001
0.0371 0.0035 0.0101
-0.0086 -0.0286 0.0147
-0.0450 -0.0491 0.0056
0.0367 -0.0247 -0.0069
0.0614 -0.0043 0.0022
0.0075 -0.0064 -0.0005
-0.0013 -0.0037 0.0014
0.0481 -0.0221 -0.0134
0.0356 -0.0259 -0.0047
0.0240 -0.0025 -0.0039
0.0473 0.0183 -0.0097
0.0519 0.0164 -0.0066
0.0492 -0.0032 0.0133
0.0208 0.0023 0.0138
0.0066 -0.0036 0.0173
0.0060 -0.0016 0.0148
0.0336 -0.0130 0.0164
0.0501 -0.0203 0.0126
0.0573 -0.0202 0.0088
0.0481 -0.0087 0.0021
0.0247 0.0096 -0.0068
0.0474 -0.0026 -0.0121
0.0491 -0.0270 -0.0099
0.0423 -0.0579 0.0017
0.0358 -0.0411 -0.0029
0.0338 -0.0197 -0.0088
0.0188 0.0007 0.0088
-0.0177 -0.0014 0.0325
-0.0342 0.0022 0.0473
-0.0492 -0.0285 0.0939
-0.0762 -0.1109 0.1127
-0.0866 -0.1577 0.1650
-0.0954 -0.2335 0.2511
-0.0745 -0.3696 0.1898
-0.1786 -0.3827 0.3166
-0.2643 -0.1986 0.3984
-0.0959 -0.1767 0.2185
0.0230 -0.2204 0.1179
0.1542 -0.1624 -0.0405
0.1887 -0.1250 -0.0893
0.1821 -0.1177 -0.1073
0.1289 -0.0855 -0.1081
0.0702 -0.0541 -0.1014
0.0598 -0.0427 -0.0987
0.0718 -0.0674 -0.0761
0.1249 -0.0690 -0.0749
0.1296 -0.0860 -0.0610
0.1281 -0.0522 -0.0405
0.1310 -0.0162 -0.0481
0.1025 0.0393 -0.0445
0.0942 0.0375 -0.0507
0.1217 0.0381 -0.0674
0.1410 0.0064 -0.0673
0.0808 -0.0108 -0.0451
0.0468 -0.0104 -0.0364
0.0070 -0.0190 -0.0213
0.0423 -0.0102 -0.0440
0.0802 -0.0062 -0.0543
0.1141 -0.0700 -0.0281
0.0819 -0.0887 -0.0067
0.0719 -0.0723 -0.0087
0.0618 -0.0205 -0.0201
0.0609 -0.0163 -0.0251
0.0660 -0.0238 -0.0261
0.0830 -0.0387 -0.0105
0.0829 -0.0473 0.0109
0.0755 -0.0421 0.0178
0.0428 -0.0394 0.0309
0.0577 -0.0075 0.0317
0.0663 -0.0094 0.0296
-0.0626 -0.1237 0.0308
0.0813 0.0567 -0.0089
0.2156 0.0500 -0.0373
0.2438 -0.0031 -0.0377
0.1636 -0.0359 -0.0051
0.0591 -0.0027 0.0485
0.0931 0.0890 0.0413
0.1362 0.1249 0.0289
0.1639 0.0277 0.0387
-0.0522 -0.1393 0.0242
-0.1030 -0.0204 0.0027
0.1032 0.0682 -0.0214
0.1781 -0.0278 -0.0394
0.1301 -0.0501 -0.0159
-0.0103 0.0469 -0.0324
-0.0115 0.0696 -0.0361
-0.0034 0.0738 -0.0597
0.0651 0.0859 -0.0999
0.1017 0.0835 -0.1121
0.0974 0.0616 -0.1121
0.0766 0.0636 -0.1421
0.0408 0.0377 -0.2048
-0.0026 0.0861 -0.2383
-0.0174 0.0980 -0.2504
0.1137 0.1980 -0.3274
0.1588 0.2057 -0.3327
0.1473 0.1542 -0.2860
0.0422 0.0946 -0.2305
-0.0099 0.0930 -0.2085
-0.0916 0.1299 -0.2105
-0.1114 0.1673 -0.2059
-0.1016 0.1662 -0.1938
-0.0620 0.1164 -0.1644
-0.0497 0.0750 -0.1547
-0.0975 0.0062 -0.1514
-0.2469 -0.0756 -0.0949
-0.3037 -0.0850 -0.0498
-0.3142 0.0503 0.0452
-0.2617 0.1618 0.1442
-0.2712 0.2173 0.1674
-0.3057 0.0675 0.1624
-0.2736 0.0535 0.1679
-0.2374 0.0766 0.1545
-0.1916 0.0366 0.0930
-0.1813 -0.0298 0.1071
-0.1912 -0.0574 0.1030
-0.1630 -0.0313 0.0618
-0.0818 0.0238 0.0390
-0.0473 0.0256 0.0390
0.0158 0.0177 0.0345
0.0086 0.0039 0.0085
-0.0215 -0.0042 0.0081
-0.0434 -0.0014 0.0133
-0.0556 -0.0063 0.0072
-0.0656 -0.0171 0.0212
-0.0697 -0.0303 0.0267
-0.0333 -0.0185 0.0324
-0.0061 -0.0094 0.0299
0.0253 -0.0033 0.0165
0.0321 -0.0076 0.0173
0.0332 -0.0055 0.0153
0.0427 -0.0126 0.0093
0.0520 -0.0127 0.0066
0.0738 -0.0253 0.0101
0.1004 -0.0384 0.0119
0.1113 -0.0303 0.0138
0.1182 -0.0020 0.0261
0.1008 0.0131 0.0378
0.0907 0.0049 0.0447
0.0902 -0.0356 0.0458
0.1329 -0.0562 0.0474
0.1490 -0.0690 0.0395
0.1728 -0.0751 0.0024
0.1324 -0.0555 0.0017
0.1086 -0.0373 -0.0012
0.0412 0.0298 -0.0260
-0.0035 0.0264 -0.0024
0.0208 0.0069 -0.0043
0.0474 -0.0011 -0.0326
0.0180 -0.0016 -0.0043
0.0119 0.0031 0.0037
0.0213 0.0186 0.0095
0.0421 0.0018 0.0296
0.0451 -0.0129 0.0279
0.0391 -0.0151 0.0181
0.0097 -0.0265 0.0061
0.0156 -0.0219 0.0076
0.0511 -0.0114 -0.0035
0.0633 -0.0074 -0.0076
0.0452 0.0079 -0.0061
0.0133 0.0095 -0.0124
0.0116 0.0019 -0.0120
0.0315 -0.0054 -0.0174
0.0519 -0.0122 -0.0190
0.0563 -0.0182 -0.0170
0.0710 -0.0170 -0.0148
0.0739 0.0042 -0.0142
0.0670 0.0098 -0.0087
0.0354 0.0014 -0.0059
0.0244 0.0124 -0.0037
0.0293 0.0149 -0.0006
0.0492 0.0135 -0.0021
0.0427 -0.0011 -0.0032
0.0307 0.0017 0.0023
0.0342 0.0055 -0.0026
0.0443 0.0133 -0.0086
0.0431 0.0116 -0.0067
0.0167 0.0080 -0.0033
0.0106 0.0031 -0.0023
0.0196 0.0064 -0.0035
0.0249 0.0130 -0.0063
0.0151 0.0228 -0.0050
0.0121 0.0327 -0.0013
0.0086 0.0325 -0.0001
0.0342 0.0136 0.0010
0.0501 0.0205 -0.0006
0.0369 0.0309 0.0046
0.0095 0.0141 0.0184
-0.0434 -0.0205 0.0207
-0.0286 -0.0376 0.0194
-0.0060 -0.0242 0.0083
0.0285 -0.0034 -0.0002
0.0708 0.0255 -0.0057
0.0628 0.0351 -0.0113
0.0267 0.0384 0.0109
-0.0063 0.0120 0.0067
-0.0125 0.0379 0.0104
0.0087 0.0276 0.0178

