-0.0015 0.0022 0.0049
-0.0121 -0.0399 0.0355
0.1655 -0.5528 0.0000
0.1964 -0.5623 0.1181
0.2051 -0.5485 0.2148
0.1448 -0.5539 0.0931
0.2502 -0.5348 0.2826
0.2600 -0.5558 0.2037
0.2786 -0.5487 0.0512
-0.0327 -0.2548 -0.0070
-0.0722 -0.5595 0.1074
-0.0827 -0.5624 0.1115
0.1473 -0.5564 -0.0594
0.0669 -0.5598 0.0234
-0.0451 -0.5602 0.0587
0.1860 -0.5590 -0.0236
0.1494 -0.5514 0.0343
0.1965 -0.5779 0.1503
0.1674 -0.5555 0.1197
-0.0296 -0.5629 0.3501
-0.0502 -0.5582 0.1099
-0.0427 -0.5625 0.1397
-0.0581 -0.5492 0.0159
0.0067 -0.5663 0.2756
0.0166 -0.5528 0.3077
-0.0209 -0.5674 0.1518
0.0820 -0.5565 0.0132
0.0161 -0.5518 0.1448
0.0398 -0.5462 0.1574
0.0988 -0.6045 0.3728
0.0964 -0.5529 0.1092
0.0638 -0.5532 0.2046
0.1174 -0.5493 0.3822
0.0474 -0.5967 0.1088
0.1122 -0.5493 -0.0590
0.1893 -0.5681 0.0570
-0.0116 -0.5657 0.1599
0.0402 -0.5552 0.2892
0.0206 -0.5125 0.3435
0.0094 -0.5465 0.2772
0.1585 -0.5355 -0.0674
0.0746 -0.5601 -0.0684
0.0683 -0.5475 0.2118
0.0744 -0.5481 0.3532
-0.0051 -0.5654 0.0163
-0.1100 -0.5575 0.3505
0.2091 -0.5445 0.0901
0.0602 -0.5575 0.3474
0.0137 -0.6215 0.4295
0.1346 -0.5399 0.3497
0.0464 -0.6277 0.4343
0.0813 -0.5556 0.0252
0.3318 -0.5217 0.2893
0.0235 -0.5806 0.1177
0.1510 -0.5556 -0.0073
0.1385 -0.5590 -0.0334
0.2092 -0.5531 -0.0965
0.2327 -0.5542 0.0578
0.2044 -0.5438 0.0643
0.2975 -0.5572 0.1393
0.0623 -0.5651 -0.0707
0.1266 -0.5535 0.1973
0.0810 -0.5445 0.1782
0.2584 -0.5396 0.0789
0.2326 -0.5480 0.3111
0.1345 -0.5846 0.1980
0.0802 -0.5505 0.2248
0.0640 -0.5448 0.1775
0.2953 -0.5375 0.1460
0.2862 -0.5381 0.2599
0.0875 -0.5455 0.0195
0.1546 -0.5452 -0.0632
0.0403 -0.5645 -0.0618
0.0150 -0.6109 0.0329
0.0862 -0.5482 0.1897
0.2326 -0.5574 -0.0575
0.2732 -0.5173 0.2192
0.0089 -0.6201 0.0273
0.3253 -0.5513 0.2555
0.1606 -0.5670 0.0737
0.2324 -0.5458 0.2042
0.1158 -0.5620 0.1652
0.1553 -0.5207 0.0486
0.3015 -0.5418 0.1015
0.2280 -0.5436 -0.0449
0.2986 -0.5345 0.2543
0.2146 -0.5525 0.1238
0.0670 -0.5529 0.1065
0.2308 -0.5489 0.1945
0.1821 -0.5596 0.2634
0.2162 -0.5594 0.0763
0.1404 -0.5989 0.2582
-0.1080 -0.5560 0.2725
-0.1057 -0.5493 0.2209
-0.1908 -0.5917 0.4520
-0.0784 -0.5578 0.1186
-0.0457 -0.5586 0.0234
-0.1908 -0.6276 0.5120
-0.0654 -0.5436 0.0121
-0.1351 -0.5417 0.1841
-0.1170 -0.6378 0.0374
-0.0693 -0.5528 0.0289
-0.0399 -0.5560 0.3756
-0.1276 -0.6055 0.2088
-0.0102 -0.4144 0.0007
-0.0905 -0.5531 0.1819
-0.0478 -0.5557 0.1669
0.0287 -0.5841 0.0184
-0.0920 -0.5565 0.0504
0.2717 -0.5715 0.3603
0.0281 -0.5501 0.4200
-0.0673 -0.5529 0.1635
0.0694 -0.5708 0.0547
-0.0650 -0.5724 0.0851
0.0074 -0.5390 0.1658
0.0867 -0.5811 0.4835
0.0497 -0.5604 0.0076
-0.0300 -0.5586 0.1074
0.3184 -0.6152 0.1480
0.1792 -0.5733 0.0197
0.2302 -0.5765 0.1909
0.1667 -0.5789 0.0876
0.2089 -0.5982 0.2813
-0.1737 -0.5398 0.2584
-0.0785 -0.5880 -0.0022
0.1524 -0.5605 -0.0126
-0.1828 -0.5935 0.2734
-0.1550 -0.5863 0.2136
-0.1505 -0.5279 0.1574
-0.0037 -0.3090 0.0357
-0.0775 -0.3073 0.1001
0.0437 -0.0754 0.0055

