0.0000 0.0000 0.0000
0.0000 0.0000 0.0000
0.0000 0.0000 0.0000
0.0000 0.0000 0.0000
0.0000 0.0000 0.0000
0.0000 0.0000 0.0000
0.0000 0.0000 0.0000
0.0000 0.0000 0.0000
0.0000 0.0000 0.0000
0.0000 0.0000 0.0000
0.0000 0.0000 0.0000
0.0000 0.0000 0.0000
0.1128 -0.2214 -0.9717
0.1128 -0.2214 -0.9717
0.1093 -0.2254 -0.9470
0.1093 -0.2254 -0.9470
0.1037 -0.2230 -0.9406
0.1034 -0.2213 -0.9232
0.1062 -0.2310 -0.9147
0.1010 -0.2455 -0.9098
0.0972 -0.3038 -0.9496
0.0923 -0.3248 -0.9540
0.0976 -0.3212 -0.9529
0.0952 -0.3194 -0.9673
0.0754 -0.2810 -0.9583
0.0877 -0.2273 -0.9780
0.1076 -0.1611 -1.0028
0.1076 -0.1611 -1.0028
0.0358 -0.2097 -1.0334
0.0575 -0.2114 -0.9659
0.0440 -0.1879 -0.9833
0.0106 -0.1925 -1.0246
-0.0227 -0.2511 -0.8592
-0.0227 -0.2511 -0.8592
-0.0587 -0.2218 -0.9155
-0.0823 -0.1929 -0.9422
-0.1006 -0.1975 -1.0047
-0.1260 -0.2415 -1.0806
-0.1260 -0.2415 -1.0806
-0.1693 -0.2821 -1.1246
-0.2161 -0.2772 -1.0851
-0.3103 -0.2927 -1.0548
-0.3113 -0.3773 -0.9590
-0.2652 -0.3993 -0.8934
-0.2652 -0.3993 -0.8934
-0.1789 -0.3940 -0.8968
-0.1126 -0.4133 -0.8864
-0.0930 -0.4282 -0.8875
-0.1062 -0.4484 -0.8509
-0.1135 -0.4612 -0.8192
-0.1135 -0.4612 -0.8192
-0.0859 -0.4736 -0.8293
-0.0488 -0.4676 -0.8044
-0.0053 -0.4471 -0.7780
0.0403 -0.4249 -0.7370
0.1041 -0.4781 -0.6885
0.1041 -0.4781 -0.6885
0.1683 -0.5514 -0.6957
0.2119 -0.5784 -0.8173
0.2078 -0.4183 -0.9541
0.1889 -0.3391 -0.7899
0.1687 -0.3566 -0.6751
0.1687 -0.3566 -0.6751
0.2254 -0.4179 -0.6684
0.2868 -0.5007 -0.6383
0.3125 -0.5846 -0.6213
0.3226 -0.6092 -0.7507
0.3226 -0.6092 -0.7507
0.2727 -0.4936 -0.9035
0.2368 -0.4608 -0.9879
0.1993 -0.5097 -1.0264
0.1540 -0.4874 -0.9627
0.1620 -0.5093 -0.9113
0.1620 -0.5093 -0.9113
0.1686 -0.5474 -0.8906
0.1431 -0.5679 -0.8743
0.1014 -0.5671 -0.8448
0.0997 -0.5922 -0.8652
0.1000 -0.5990 -0.8270
0.1000 -0.5990 -0.8270
0.1111 -0.6201 -0.8003
0.1096 -0.6364 -0.7995
0.0975 -0.6294 -0.8032
0.0711 -0.6037 -0.8628
0.0339 -0.5590 -0.8913
0.0339 -0.5590 -0.8913
0.0113 -0.5033 -0.9108
0.0001 -0.4766 -0.8601
-0.0120 -0.4762 -0.7781
-0.0232 -0.4874 -0.6922
-0.0259 -0.4993 -0.6649
-0.0259 -0.4993 -0.6649
-0.0260 -0.5054 -0.6807
-0.0319 -0.4610 -0.7218
-0.0248 -0.4044 -0.7922
0.0094 -0.3615 -0.8394
0.0094 -0.3615 -0.8394
0.0655 -0.3232 -0.8567
0.1191 -0.3322 -0.8493
0.1344 -0.3782 -0.8512
0.0971 -0.4075 -0.8409
0.0619 -0.4476 -0.8546
0.0619 -0.4476 -0.8546
0.0421 -0.4623 -0.8764
0.0381 -0.4680 -0.8914
0.0530 -0.4627 -0.9010
0.0607 -0.4895 -0.8994
0.0471 -0.5136 -0.9240
0.0471 -0.5136 -0.9240
-0.0089 -0.5082 -0.9456
-0.0515 -0.5022 -0.9864
-0.0900 -0.4947 -1.0105
-0.0936 -0.4801 -1.0092
-0.0811 -0.4751 -0.9738
-0.0811 -0.4751 -0.9738
-0.0772 -0.4642 -0.9249
-0.0658 -0.4655 -0.8754
-0.0358 -0.4456 -0.8383
-0.0094 -0.4337 -0.7926
-0.0019 -0.4440 -0.7731
-0.0019 -0.4440 -0.7731
-0.0149 -0.4507 -0.7962
-0.0226 -0.4458 -0.7948
-0.0202 -0.4296 -0.8216
-0.1113 -0.4028 -0.8242
-0.0311 -0.5172 -0.9464
-0.0311 -0.5172 -0.9464
-0.0235 -0.4672 -0.9091
0.0081 -0.4294 -0.8964
0.0463 -0.4060 -0.8943
0.0650 -0.3913 -0.9071
0.0650 -0.3913 -0.9071
0.0795 -0.3908 -0.8883
0.0810 -0.3879 -0.8743
0.0802 -0.3845 -0.8726
0.0710 -0.3911 -0.8774
0.0714 -0.3876 -0.8821
0.0714 -0.3876 -0.8821
0.0656 -0.3829 -0.9085
0.0710 -0.3873 -0.9077
0.0714 -0.3704 -0.9016
0.0396 -0.3699 -0.9216
0.0099 -0.3880 -0.9377
0.0099 -0.3880 -0.9377
-0.0057 -0.3985 -0.9291
-0.0116 -0.4114 -0.8907
-0.0055 -0.4099 -0.8799
0.0030 -0.4117 -0.8733
0.0108 -0.3987 -0.8583
0.0108 -0.3987 -0.8583
0.0264 -0.4094 -0.8783
0.0308 -0.4024 -0.8771
0.0228 -0.4111 -0.8847
0.0264 -0.4176 -0.8683
0.0281 -0.4207 -0.8949
0.0281 -0.4207 -0.8949
0.0244 -0.4154 -0.9021
0.0142 -0.4124 -0.9054
0.0189 -0.4148 -0.9082
0.0288 -0.4186 -0.9007
0.0288 -0.4186 -0.9007
0.0432 -0.4119 -0.8923
0.0589 -0.4038 -0.9087
0.0608 -0.3991 -0.9181
0.0657 -0.3952 -0.9135
0.0621 -0.3928 -0.9113
0.0621 -0.3928 -0.9113
0.0494 -0.3953 -0.9150
0.0485 -0.4087 -0.9130
0.0436 -0.4077 -0.9027
0.0435 -0.4148 -0.9062
0.0423 -0.4199 -0.9002
0.0423 -0.4199 -0.9002
0.0423 -0.4267 -0.8923
0.0639 -0.4216 -0.8992
0.0831 -0.4238 -0.8991
0.0611 -0.4135 -0.8802
0.0417 -0.4155 -0.8689
0.0417 -0.4155 -0.8689
0.0370 -0.4261 -0.8570
0.0405 -0.4190 -0.8565
0.0568 -0.4114 -0.8806
0.0617 -0.4126 -0.8952
0.0575 -0.4225 -0.8990
0.0575 -0.4225 -0.8990
0.0555 -0.4124 -0.8980
0.0613 -0.4046 -0.8931
0.0576 -0.4092 -0.9026
0.0447 -0.4155 -0.8888
0.0447 -0.4155 -0.8888
0.0319 -0.4303 -0.8855
0.0363 -0.4303 -0.8626
0.0416 -0.4311 -0.8692
0.0434 -0.4318 -0.8782
0.0431 -0.4352 -0.8716
0.0431 -0.4352 -0.8716
0.0335 -0.4425 -0.8722
0.0325 -0.4422 -0.8856
0.0449 -0.4327 -0.8947
0.0540 -0.4211 -0.8828
0.0547 -0.4206 -0.8732
0.0547 -0.4206 -0.8732
0.0502 -0.4240 -0.8842
0.0509 -0.4229 -0.9031
0.0533 -0.4220 -0.9044
0.0442 -0.4232 -0.8916
0.0293 -0.4328 -0.8842
0.0293 -0.4328 -0.8842
0.0304 -0.4247 -0.8900
0.0422 -0.4218 -0.8947
0.0472 -0.4190 -0.8903
0.0469 -0.4232 -0.8822
0.0518 -0.4226 -0.8879
0.0518 -0.4226 -0.8879
0.0537 -0.4269 -0.8864
0.0548 -0.4215 -0.8902
0.0547 -0.4197 -0.9082
0.0544 -0.4167 -0.9025
0.0544 -0.4167 -0.9025
0.0543 -0.4142 -0.8945
0.0545 -0.4135 -0.8978
0.0457 -0.4204 -0.9018
0.0522 -0.4146 -0.9059
0.0574 -0.4109 -0.9029
0.0574 -0.4109 -0.9029
0.0544 -0.4033 -0.8972
0.0517 -0.4030 -0.8929
0.0483 -0.4081 -0.8865
0.0549 -0.4051 -0.8801
0.0521 -0.4070 -0.8861
0.0521 -0.4070 -0.8861
0.0507 -0.4123 -0.8972
0.0488 -0.4120 -0.8953
0.0463 -0.4131 -0.8920
0.0423 -0.4102 -0.9022
0.0423 -0.4114 -0.8919
0.0423 -0.4114 -0.8919
0.0451 -0.4205 -0.8863
0.0444 -0.4225 -0.8973
0.0481 -0.4181 -0.9082
0.0427 -0.4129 -0.8965
0.0390 -0.4092 -0.8784
0.0390 -0.4092 -0.8784
0.0364 -0.4125 -0.8748
0.0455 -0.4125 -0.8808
0.0496 -0.4092 -0.8880
0.0468 -0.4147 -0.9071
0.0468 -0.4147 -0.9071
0.0478 -0.4085 -0.9031
0.0544 -0.4017 -0.8982
0.0554 -0.4018 -0.8878
0.0514 -0.3971 -0.8786
0.0445 -0.4040 -0.8829
0.0445 -0.4040 -0.8829
0.0503 -0.4046 -0.8900
0.0594 -0.3956 -0.9113
0.0619 -0.3910 -0.9027
0.0638 -0.3938 -0.9039
0.0616 -0.4016 -0.8956
0.0616 -0.4016 -0.8956
0.0657 -0.3958 -0.8849
0.0706 -0.3937 -0.8878
0.0784 -0.3866 -0.9078
0.0636 -0.3922 -0.9104
0.0573 -0.3893 -0.8932
0.0573 -0.3893 -0.8932
0.0664 -0.3838 -0.8883
0.0769 -0.3859 -0.8841
0.0713 -0.3837 -0.8973
0.0667 -0.3855 -0.8993
0.0624 -0.3868 -0.8934
0.0624 -0.3868 -0.8934
0.0605 -0.3936 -0.8953
0.0622 -0.3882 -0.9113
0.0708 -0.3811 -0.9073
0.0670 -0.3764 -0.8973
0.0670 -0.3764 -0.8973
0.0573 -0.3749 -0.8965
0.0624 -0.3848 -0.8918
0.0640 -0.3852 -0.9121
0.0586 -0.3905 -0.9168
0.0309 -0.3841 -0.8768
0.0309 -0.3841 -0.8768
0.0312 -0.3564 -0.8891
0.0437 -0.3977 -0.9422
0.0439 -0.3858 -0.9321
0.0585 -0.3917 -0.9366
0.0379 -0.3877 -0.8857
0.0379 -0.3877 -0.8857
0.0586 -0.3976 -0.9110
0.0531 -0.3749 -0.8914
0.0514 -0.3765 -0.9066
0.0466 -0.3771 -0.9044
0.0471 -0.3751 -0.8934
0.0471 -0.3751 -0.8934
0.0487 -0.3744 -0.8915
0.0520 -0.3786 -0.9100
0.0554 -0.3814 -0.9203
0.0586 -0.3822 -0.9034
0.0553 -0.3765 -0.9158
0.0553 -0.3765 -0.9158
0.0495 -0.3768 -0.8988
0.0455 -0.3804 -0.9113
0.0537 -0.3842 -0.9192
0.0571 -0.3831 -0.9046
0.0571 -0.3831 -0.9046
0.0498 -0.3781 -0.9047
0.0496 -0.3764 -0.8970
0.0536 -0.3745 -0.9095
0.0502 -0.3711 -0.9115
0.0499 -0.3754 -0.9073
0.0499 -0.3754 -0.9073
0.0513 -0.3776 -0.8929
0.0378 -0.3871 -0.7917
0.0424 -0.3743 -0.9898
0.0451 -0.3950 -0.9175
0.0346 -0.3643 -0.8935
0.0346 -0.3643 -0.8935
0.0587 -0.3572 -0.9068
0.0574 -0.3582 -0.9133
0.0573 -0.3558 -0.9134
0.0566 -0.3603 -0.9085
0.0566 -0.3603 -0.9085
0.0513 -0.3544 -0.9141
0.0583 -0.3568 -0.9271
0.0572 -0.3469 -0.9147
0.0576 -0.3483 -0.9037
0.0576 -0.3483 -0.9037
0.0568 -0.3514 -0.9039
0.0588 -0.3510 -0.9185
0.0601 -0.3534 -0.9205
0.0606 -0.3522 -0.9208
0.0640 -0.3533 -0.9211
0.0640 -0.3533 -0.9211
0.0631 -0.3524 -0.9153
0.0598 -0.3510 -0.9163
0.0635 -0.3563 -0.9123
0.0645 -0.3511 -0.9047
0.0715 -0.3390 -0.8973
0.0715 -0.3390 -0.8973
0.0708 -0.3344 -0.8932
0.0685 -0.3424 -0.8992
0.0700 -0.3495 -0.8980
0.0813 -0.3487 -0.9028
0.0910 -0.3351 -0.9100
0.0910 -0.3351 -0.9100
0.0901 -0.3274 -0.9243
0.0907 -0.3320 -0.9127
0.0813 -0.3240 -0.8969
0.0778 -0.3273 -0.9059
0.0761 -0.3278 -0.9024
0.0761 -0.3278 -0.9024
0.0793 -0.3184 -0.9270
0.0836 -0.3244 -0.9172
0.0773 -0.3287 -0.8937
0.0626 -0.3465 -0.8846
0.0626 -0.3465 -0.8846
0.0692 -0.3436 -0.8874
0.0736 -0.3443 -0.9038
0.0751 -0.3535 -0.9057
0.0670 -0.3428 -0.8775
0.0649 -0.3420 -0.8995
0.0649 -0.3420 -0.8995
0.0706 -0.3445 -0.9264
0.0779 -0.3413 -0.9280
0.0833 -0.3335 -0.9148
0.0859 -0.3361 -0.9392
0.0932 -0.3420 -0.9711
0.0932 -0.3420 -0.9711
0.0884 -0.3510 -0.9940
0.0788 -0.3471 -0.9496
0.0619 -0.3458 -0.9169
0.0655 -0.3588 -0.9506
0.0759 -0.3564 -0.9691
0.0759 -0.3564 -0.9691
0.0690 -0.3605 -0.9420
0.0492 -0.3554 -0.9232
0.0506 -0.3629 -0.9402
0.0612 -0.3495 -0.9348
0.0635 -0.3474 -0.9211
0.0635 -0.3474 -0.9211
0.0602 -0.3455 -0.9231
0.0644 -0.3451 -0.9312
0.0670 -0.3490 -0.9548
0.0683 -0.3476 -0.9590
0.0683 -0.3476 -0.9590
0.0693 -0.3444 -0.9339
0.0710 -0.3405 -0.9368
0.0720 -0.3382 -0.9286
0.0693 -0.3311 -0.9112
0.0740 -0.3331 -0.9035
0.0740 -0.3331 -0.9035
0.0769 -0.3409 -0.9065
0.0828 -0.3365 -0.9240
0.0835 -0.3349 -0.9285
0.0725 -0.3326 -0.9128
0.0623 -0.3377 -0.9003
0.0623 -0.3377 -0.9003
0.0665 -0.3376 -0.8818
0.0700 -0.3392 -0.8969
0.0703 -0.3426 -0.9126
0.0764 -0.3414 -0.9230
0.0770 -0.3464 -0.9224
0.0770 -0.3464 -0.9224
0.0762 -0.3422 -0.9272
0.0775 -0.3417 -0.9250
0.0669 -0.3518 -0.9219
0.0693 -0.3497 -0.9211
0.0711 -0.3506 -0.9169
0.0711 -0.3506 -0.9169
0.0680 -0.3539 -0.9220
0.0675 -0.3497 -0.9209
0.0717 -0.3429 -0.9169
0.0664 -0.3461 -0.9150
0.0664 -0.3461 -0.9150
0.0703 -0.3458 -0.9104
0.0734 -0.3477 -0.9183
0.0754 -0.3493 -0.9199
0.0757 -0.3488 -0.9192
0.0749 -0.3488 -0.9164
0.0749 -0.3488 -0.9164
0.0780 -0.3456 -0.9152
0.0769 -0.3434 -0.9061
0.0733 -0.3412 -0.9003
0.0720 -0.3443 -0.9102
0.0712 -0.3473 -0.9128
0.0712 -0.3473 -0.9128
0.0740 -0.3450 -0.9198
0.0740 -0.3450 -0.9198
0.0752 -0.3434 -0.9230
0.0743 -0.3385 -0.9138
0.0747 -0.3360 -0.9079
0.0747 -0.3360 -0.9079
0.0729 -0.3437 -0.9112
0.0742 -0.3457 -0.9238
0.0703 -0.3442 -0.9195
0.0682 -0.3397 -0.9052
0.0720 -0.3403 -0.8983
0.0720 -0.3403 -0.8983
0.0785 -0.3449 -0.9034
0.0840 -0.3440 -0.9254
0.0802 -0.3434 -0.9360
0.0728 -0.3439 -0.9290
0.0712 -0.3417 -0.9156
0.0712 -0.3417 -0.9156
0.0663 -0.3402 -0.9056
0.0736 -0.3415 -0.9123
0.0813 -0.3461 -0.9314
0.0766 -0.3474 -0.9298
0.0766 -0.3474 -0.9298
0.0808 -0.3386 -0.9228
0.0808 -0.3386 -0.9228
0.0738 -0.3374 -0.9129
0.0730 -0.3349 -0.9118
0.0724 -0.3375 -0.9135
0.0724 -0.3375 -0.9135
0.0765 -0.3371 -0.9159
0.0738 -0.3368 -0.9198
0.0718 -0.3419 -0.9229
0.0749 -0.3358 -0.9222
0.0772 -0.3376 -0.9240
0.0772 -0.3376 -0.9240
0.0778 -0.3395 -0.9196
0.0822 -0.3424 -0.9211
0.0771 -0.3427 -0.9233
0.0787 -0.3395 -0.9258
0.0808 -0.3389 -0.9134
0.0808 -0.3389 -0.9134
0.0785 -0.3409 -0.9212
0.0783 -0.3428 -0.9277
0.0758 -0.3405 -0.9200
0.0722 -0.3364 -0.9076
0.0763 -0.3387 -0.9145
0.0763 -0.3387 -0.9145
0.0814 -0.3379 -0.9141
0.0806 -0.3416 -0.9210
0.0783 -0.3390 -0.9173
0.0806 -0.3374 -0.9209
0.0801 -0.3362 -0.9211
0.0801 -0.3362 -0.9211
0.0813 -0.3367 -0.9190
0.0782 -0.3404 -0.9174
0.0790 -0.3389 -0.9149
0.0799 -0.3398 -0.9211
0.0799 -0.3398 -0.9211
0.0728 -0.3412 -0.9209
0.0732 -0.3374 -0.9219
0.0768 -0.3355 -0.9222
0.0758 -0.3392 -0.9017
0.0738 -0.3447 -0.8971
0.0738 -0.3447 -0.8971
0.0803 -0.3465 -0.9204
0.0901 -0.3433 -0.9332
0.0811 -0.3410 -0.9140
0.0765 -0.3439 -0.9099
0.0973 -0.3504 -0.9094
0.0973 -0.3504 -0.9094
0.1259 -0.3672 -0.9184
0.1469 -0.3879 -0.9336
0.1715 -0.4111 -0.9561
0.1915 -0.4303 -0.9473
0.2077 -0.4233 -0.9390
0.2077 -0.4233 -0.9390
0.2043 -0.4296 -0.9461
0.1985 -0.4251 -0.9192
0.2055 -0.4225 -0.9019
0.1996 -0.4141 -0.8919
0.1996 -0.4141 -0.8919
0.1770 -0.4100 -0.9028
0.1665 -0.4161 -0.8893
0.1591 -0.3936 -0.8518
0.1326 -0.3857 -0.8075
0.1229 -0.4100 -0.8277
0.1229 -0.4100 -0.8277
0.1042 -0.4146 -0.8219
0.0835 -0.4099 -0.8312
0.0968 -0.4162 -0.8371
0.1143 -0.4398 -0.8562
0.1010 -0.4634 -0.8772
0.1010 -0.4634 -0.8772
0.0852 -0.4636 -0.8513
0.0830 -0.4996 -0.8293
0.0897 -0.5085 -0.8242
0.0868 -0.5079 -0.8159
0.0712 -0.5192 -0.8155
0.0712 -0.5192 -0.8155
0.0541 -0.5316 -0.7977
0.0652 -0.5320 -0.8064
0.0740 -0.5260 -0.8117
0.0852 -0.5251 -0.8129
0.0902 -0.5200 -0.8246
0.0902 -0.5200 -0.8246
0.0834 -0.5197 -0.8292
0.1013 -0.5370 -0.8390
0.1113 -0.5395 -0.8334
0.1103 -0.5466 -0.8239
0.1103 -0.5466 -0.8239
0.1060 -0.5553 -0.8101
0.1199 -0.5695 -0.8182
0.1260 -0.5667 -0.8307
0.1345 -0.5692 -0.8191
0.1377 -0.5666 -0.8033
0.1377 -0.5666 -0.8033
0.1307 -0.5597 -0.7948
0.1361 -0.5617 -0.7883
0.1485 -0.5566 -0.7975
0.1492 -0.5545 -0.8109
0.1503 -0.5596 -0.8136
0.1503 -0.5596 -0.8136
0.1454 -0.5580 -0.8007
0.1346 -0.5583 -0.7889
0.1364 -0.5568 -0.7832
0.1506 -0.5558 -0.7891
0.1560 -0.5619 -0.7976
0.1560 -0.5619 -0.7976
0.1537 -0.5612 -0.8026
0.1482 -0.5548 -0.8016
0.1436 -0.5528 -0.7947
0.1453 -0.5527 -0.7882
0.1409 -0.5608 -0.7965
0.1409 -0.5608 -0.7965
0.1394 -0.5635 -0.8003
0.1387 -0.5606 -0.7961
0.1433 -0.5568 -0.7875
0.1483 -0.5539 -0.7954
0.1483 -0.5539 -0.7954
0.1441 -0.5564 -0.7956
0.1469 -0.5584 -0.7908
0.1536 -0.5616 -0.7928
0.1533 -0.5648 -0.8031
0.1550 -0.5648 -0.8011
0.1550 -0.5648 -0.8011
0.1517 -0.5618 -0.7970
0.1438 -0.5647 -0.7955
0.1419 -0.5627 -0.7917
0.1419 -0.5581 -0.7861
0.1461 -0.5609 -0.8035
0.1461 -0.5609 -0.8035
0.1453 -0.5584 -0.7955
0.1436 -0.5582 -0.7991
0.1436 -0.5571 -0.7959
0.1462 -0.5527 -0.7947
0.1435 -0.5541 -0.7997
0.1435 -0.5541 -0.7997
0.1417 -0.5585 -0.7962
0.1399 -0.5512 -0.7785
0.1408 -0.5554 -0.7860
0.1410 -0.5588 -0.7953
0.1342 -0.5531 -0.7875
0.1342 -0.5531 -0.7875
0.1312 -0.5606 -0.7894
0.1256 -0.5506 -0.7880
0.1227 -0.5511 -0.7870
0.1195 -0.5502 -0.7837
0.1195 -0.5502 -0.7837
0.1195 -0.5492 -0.7782
0.1214 -0.5428 -0.7851
0.1142 -0.5341 -0.7846
0.0947 -0.5286 -0.7645
0.0754 -0.5113 -0.7348
0.0754 -0.5113 -0.7348
0.0547 -0.4966 -0.7019
0.0209 -0.4738 -0.6638
-0.0079 -0.4584 -0.6123
-0.0379 -0.4417 -0.5071
-0.0506 -0.4294 -0.5201
-0.0506 -0.4294 -0.5201
-0.0375 -0.4631 -0.6293
-0.0283 -0.4596 -0.6665
-0.0270 -0.4577 -0.6761
-0.0111 -0.4602 -0.7067
0.0002 -0.4929 -0.7698
0.0002 -0.4929 -0.7698
0.0112 -0.5328 -0.8751
-0.0123 -0.5268 -0.8578
-0.0623 -0.5545 -0.8460
-0.1168 -0.5524 -0.8002
-0.1131 -0.5784 -0.7979
-0.1131 -0.5784 -0.7979
-0.0862 -0.6233 -0.9084
-0.0433 -0.6455 -1.0032
-0.0097 -0.6094 -0.9553
-0.0253 -0.5956 -0.9352
-0.0253 -0.5956 -0.9352
-0.0233 -0.5864 -0.9462
-0.0108 -0.5718 -0.9848
-0.0239 -0.5254 -1.0279
-0.0738 -0.5230 -0.9924
-0.0966 -0.5255 -0.9225
-0.0966 -0.5255 -0.9225
-0.1046 -0.5196 -0.8733
-0.0895 -0.5317 -0.8792
-0.0624 -0.5390 -0.9308
-0.0451 -0.5384 -0.9175
-0.0389 -0.5380 -0.8743
-0.0389 -0.5380 -0.8743
-0.0448 -0.5068 -0.8272
-0.0240 -0.4766 -0.8264
-0.0102 -0.4781 -0.8339
-0.0035 -0.4823 -0.8642
0.0116 -0.4921 -0.8940
0.0116 -0.4921 -0.8940
0.0140 -0.4785 -0.8762
0.0015 -0.4811 -0.8709
0.0046 -0.4697 -0.8661
0.0236 -0.4594 -0.8832
0.0236 -0.4594 -0.8832
0.0247 -0.4707 -0.9088
0.0147 -0.4637 -0.9184
0.0097 -0.4630 -0.9206
0.0186 -0.4632 -0.9388
0.0240 -0.4600 -0.9656
0.0240 -0.4600 -0.9656
0.0060 -0.4590 -0.9512
-0.0041 -0.4540 -0.9449
0.0001 -0.4580 -0.9386
-0.0071 -0.4516 -0.9293
-0.0146 -0.4527 -0.9129
-0.0146 -0.4527 -0.9129
-0.0149 -0.4471 -0.9012
-0.0096 -0.4421 -0.8923
-0.0097 -0.4393 -0.8968
-0.0100 -0.4380 -0.9001
-0.0133 -0.4312 -0.8777
-0.0133 -0.4312 -0.8777
-0.0233 -0.4295 -0.8730
-0.0296 -0.4286 -0.8737
-0.0301 -0.4294 -0.8800
-0.0271 -0.4310 -0.8772
-0.0258 -0.4412 -0.8894
-0.0258 -0.4412 -0.8894
-0.0233 -0.4506 -0.8908
-0.0191 -0.4491 -0.8885
-0.0179 -0.4446 -0.8770
-0.0210 -0.4401 -0.8700
-0.0210 -0.4401 -0.8700
-0.0142 -0.4521 -0.8808
-0.0228 -0.4763 -0.9091
-0.0312 -0.4791 -0.9215
-0.0142 -0.5081 -0.9493
0.0005 -0.5489 -0.9730
0.0005 -0.5489 -0.9730
0.0030 -0.5479 -0.9698
0.0042 -0.5578 -0.9926
0.0113 -0.5479 -1.0211
0.0099 -0.5488 -1.0450
0.0218 -0.5588 -1.0696
0.0218 -0.5588 -1.0696
0.0309 -0.5439 -1.0592
0.0225 -0.5100 -1.0108
0.0261 -0.5169 -0.9777
0.0112 -0.4892 -1.0047
0.0197 -0.4520 -1.0674
0.0197 -0.4520 -1.0674
0.0580 -0.4062 -0.9678
0.0273 -0.3991 -0.9357
0.0126 -0.3736 -0.8913
-0.0062 -0.3146 -0.8512
-0.0256 -0.3261 -0.8155
-0.0256 -0.3261 -0.8155
-0.0181 -0.3003 -0.8255
-0.0068 -0.2805 -0.7234
-0.0644 -0.2865 -0.6599
-0.0833 -0.2873 -0.7262
-0.0833 -0.2873 -0.7262
-0.0326 -0.2909 -0.7949
0.0138 -0.3093 -0.8902
0.0169 -0.3025 -0.8420
-0.0085 -0.2940 -0.8077
-0.0287 -0.3276 -0.8074
-0.0287 -0.3276 -0.8074
0.0001 -0.3373 -0.8488
0.0453 -0.3380 -0.8905
0.0587 -0.3582 -0.8681
0.0366 -0.3517 -0.8246
0.0363 -0.3547 -0.8066
0.0363 -0.3547 -0.8066
0.0426 -0.3665 -0.8123
0.0874 -0.3732 -0.9091
0.1053 -0.3763 -0.9427
0.0911 -0.3567 -0.8450
0.0707 -0.3534 -0.8385
0.0707 -0.3534 -0.8385
0.0772 -0.3896 -0.8778
0.0887 -0.3853 -0.9123
0.1021 -0.3766 -0.9035
0.0828 -0.3714 -0.8837
0.0729 -0.3624 -0.8704
0.0729 -0.3624 -0.8704
0.0689 -0.3778 -0.8944
0.0857 -0.3849 -0.9227
0.0988 -0.3791 -0.9157
0.0942 -0.3810 -0.9239
0.0942 -0.3810 -0.9239
0.0706 -0.3723 -0.9159
0.0777 -0.3738 -0.8971
0.0891 -0.3758 -0.9133
0.0920 -0.3826 -0.9194
0.1028 -0.3800 -0.9132
0.1028 -0.3800 -0.9132
0.0908 -0.3754 -0.9139
0.0769 -0.3680 -0.8892
0.0903 -0.3647 -0.9000
0.0963 -0.3610 -0.9008
0.0885 -0.3759 -0.9013
0.0885 -0.3759 -0.9013
0.0786 -0.3733 -0.8838
0.0847 -0.3703 -0.8676
0.0905 -0.3633 -0.8761
0.0934 -0.3638 -0.9092
0.1101 -0.3711 -0.9181
0.0978 -0.3505 -0.8770
0.0978 -0.3505 -0.8770
0.0813 -0.3593 -0.8826
0.0927 -0.3726 -0.9149
0.1155 -0.3667 -0.9356
0.1195 -0.3764 -0.9398
0.1195 -0.3764 -0.9398
0.0998 -0.3775 -0.9034
0.0862 -0.3808 -0.8953
0.0888 -0.3784 -0.9068
0.1058 -0.3768 -0.9150
0.1058 -0.3768 -0.9150
0.1001 -0.3635 -0.8680
0.0922 -0.3651 -0.8590
0.1056 -0.3600 -0.8882
0.1034 -0.3684 -0.8973
0.0893 -0.3776 -0.9126
0.0893 -0.3776 -0.9126
0.0970 -0.3689 -0.9179
0.1018 -0.3730 -0.9175
0.1007 -0.3727 -0.9140
0.0893 -0.3784 -0.9120
0.0999 -0.3837 -0.9208
0.0999 -0.3837 -0.9208
0.1029 -0.3768 -0.9036
0.0934 -0.3813 -0.8930
0.0872 -0.3908 -0.9051
0.0912 -0.3830 -0.9111
0.0929 -0.3776 -0.8947
0.0929 -0.3776 -0.8947
0.0894 -0.3747 -0.8862
0.0876 -0.3768 -0.8888
0.0828 -0.3720 -0.8907
0.0877 -0.3742 -0.8905
0.0883 -0.3777 -0.8949
0.0883 -0.3777 -0.8949
0.0939 -0.3770 -0.9008
0.1007 -0.3725 -0.8935
0.0969 -0.3661 -0.8900
0.1036 -0.3733 -0.8949
0.1036 -0.3733 -0.8949
0.1051 -0.3747 -0.9026
0.0984 -0.3710 -0.9155
0.0966 -0.3694 -0.9175
0.0968 -0.3729 -0.9076
0.0984 -0.3767 -0.8925
0.0984 -0.3767 -0.8925
0.0999 -0.3794 -0.8878
0.1008 -0.3812 -0.9031
0.1043 -0.3779 -0.9135
0.0959 -0.3760 -0.9089
0.0891 -0.3775 -0.8908
0.0891 -0.3775 -0.8908
0.0832 -0.3701 -0.8822
0.0931 -0.3763 -0.9060
0.1067 -0.3768 -0.9292
0.1019 -0.3823 -0.9255
0.0980 -0.3803 -0.9059
0.0980 -0.3803 -0.9059
0.0998 -0.3684 -0.8904
0.0984 -0.3719 -0.9002
0.0906 -0.3760 -0.9033
0.0939 -0.3814 -0.9095
0.0912 -0.3737 -0.8921
0.0912 -0.3737 -0.8921
0.0939 -0.3713 -0.8978
0.0990 -0.3725 -0.9105
0.0917 -0.3792 -0.9030
0.0879 -0.3786 -0.9024
0.0879 -0.3786 -0.9024
0.0964 -0.3769 -0.9042
0.1009 -0.3728 -0.8954
0.1009 -0.3772 -0.8928
0.1021 -0.3782 -0.9039
0.1004 -0.3778 -0.9016
0.1004 -0.3778 -0.9016
0.1006 -0.3731 -0.9004
0.0979 -0.3791 -0.9028
0.1003 -0.3800 -0.9100
0.0952 -0.3787 -0.9043
0.0975 -0.3767 -0.8987
0.0975 -0.3767 -0.8987
0.0995 -0.3826 -0.8988
0.0961 -0.3783 -0.8992
0.0991 -0.3795 -0.9070
0.1011 -0.3784 -0.9045
0.1011 -0.3735 -0.9055
0.1011 -0.3735 -0.9055
0.0982 -0.3790 -0.9078
0.0958 -0.3784 -0.9033
0.0965 -0.3781 -0.8851
0.1017 -0.3768 -0.8987
0.1022 -0.3756 -0.9069
0.1022 -0.3756 -0.9069
0.0976 -0.3782 -0.9001
0.0990 -0.3782 -0.8989
0.0985 -0.3765 -0.8912
0.1010 -0.3797 -0.8954
0.1010 -0.3797 -0.8954
0.0975 -0.3830 -0.9024
0.0975 -0.3830 -0.9024
0.1030 -0.3846 -0.9029
0.1083 -0.3839 -0.9055
0.1051 -0.3769 -0.9087
0.1051 -0.3769 -0.9087
0.0897 -0.3756 -0.8977
0.0889 -0.3743 -0.8955
0.1024 -0.3815 -0.9049
0.1069 -0.3806 -0.9040
0.1069 -0.3828 -0.9058
0.1069 -0.3828 -0.9058
0.1070 -0.3803 -0.9029
0.1015 -0.3723 -0.8988
0.1004 -0.3692 -0.9099
0.0949 -0.3765 -0.8967
0.0892 -0.3779 -0.8882
0.0892 -0.3779 -0.8882
0.0981 -0.3827 -0.8999
0.1056 -0.3783 -0.9027
0.0982 -0.3773 -0.9049
0.0981 -0.3761 -0.9076
0.0978 -0.3744 -0.8960
0.0978 -0.3744 -0.8960
0.0986 -0.3775 -0.9059
0.0985 -0.3785 -0.9106
0.0994 -0.3819 -0.8979
0.0986 -0.3816 -0.8999
0.0986 -0.3816 -0.8999
0.1009 -0.3799 -0.9142
0.0985 -0.3768 -0.9070
0.1002 -0.3751 -0.8921
0.0909 -0.3768 -0.8968
0.0921 -0.3819 -0.8982
0.0921 -0.3819 -0.8982
0.0994 -0.3819 -0.9079
0.1026 -0.3779 -0.9208
0.0978 -0.3773 -0.9030
0.1023 -0.3737 -0.8912
0.1011 -0.3789 -0.9010
0.1011 -0.3789 -0.9010
0.1035 -0.3759 -0.9093
0.1067 -0.3760 -0.9015
0.1022 -0.3834 -0.8937
0.1020 -0.3747 -0.8946
0.1038 -0.3739 -0.8998
0.1038 -0.3739 -0.8998
0.1040 -0.3755 -0.9062
0.0985 -0.3746 -0.9032
0.0951 -0.3851 -0.9184
0.0963 -0.3782 -0.8912

