0.1037 -0.3790 -0.9102
0.0948 -0.3737 -0.8925
0.0948 -0.3737 -0.8925
0.0962 -0.3697 -0.8852
0.0953 -0.3759 -0.9002
0.0999 -0.3772 -0.9027
0.1037 -0.3730 -0.8863
0.1039 -0.3768 -0.9003
0.1039 -0.3768 -0.9003
0.1005 -0.3786 -0.9182
0.0949 -0.3787 -0.9171
0.0911 -0.3811 -0.9032
0.0907 -0.3779 -0.8884
0.0996 -0.3826 -0.9018
0.0996 -0.3826 -0.9018
0.0987 -0.3868 -0.9175
0.1041 -0.3852 -0.9154
0.1069 -0.3773 -0.9023
0.1004 -0.3691 -0.9016
0.0922 -0.3737 -0.9020
0.0922 -0.3737 -0.9020
0.0944 -0.3772 -0.9020
0.0946 -0.3782 -0.8890
0.0983 -0.3738 -0.8889
0.1076 -0.3727 -0.9053
0.1012 -0.3747 -0.9075
0.1012 -0.3747 -0.9075
0.0964 -0.3795 -0.9015
0.0964 -0.3779 -0.8988
0.0988 -0.3790 -0.8895
0.0999 -0.3757 -0.8941
0.1030 -0.3768 -0.9089
0.1030 -0.3768 -0.9089
0.1043 -0.3765 -0.8952
0.1095 -0.3803 -0.9073
0.1058 -0.3848 -0.9111
0.1026 -0.3817 -0.9080
0.1026 -0.3817 -0.9080
0.1067 -0.3794 -0.8976
0.1066 -0.3844 -0.9191
0.0990 -0.3617 -0.8867
0.0897 -0.3841 -0.8816
0.1034 -0.3997 -0.9065
0.1034 -0.3997 -0.9065
0.1056 -0.3939 -0.9086
0.1113 -0.3761 -0.9090
0.1017 -0.3649 -0.9096
0.0858 -0.3706 -0.8971
0.0937 -0.3725 -0.9053
0.0937 -0.3725 -0.9053
0.1030 -0.3734 -0.8822
0.1139 -0.3824 -0.9083
0.1055 -0.3785 -0.9029
0.1115 -0.3848 -0.9047
0.1120 -0.3833 -0.9015
0.1120 -0.3833 -0.9015
0.1096 -0.3775 -0.8984
0.1062 -0.3710 -0.8892
0.1144 -0.3772 -0.9002
0.1170 -0.3787 -0.9100
0.1170 -0.3787 -0.9100
0.1090 -0.3797 -0.9009
0.1094 -0.3838 -0.8930
0.1103 -0.3781 -0.8986
0.1075 -0.3747 -0.8963
0.1140 -0.3785 -0.9090
0.1140 -0.3785 -0.9090
0.1071 -0.3817 -0.8867
0.1050 -0.3819 -0.9059
0.1071 -0.3759 -0.9048
0.1019 -0.3793 -0.8984
0.1036 -0.3748 -0.9006
0.1036 -0.3748 -0.9006
0.1004 -0.3801 -0.9046
0.1040 -0.3835 -0.9068
0.1112 -0.3831 -0.8995
0.1098 -0.3797 -0.8981
0.1060 -0.3782 -0.8988
0.1060 -0.3782 -0.8988
0.1063 -0.3736 -0.9068
0.1040 -0.3786 -0.9103
0.1004 -0.3785 -0.8926
0.1068 -0.3760 -0.8937
0.1031 -0.3841 -0.9018
0.1031 -0.3841 -0.9018
0.1116 -0.3789 -0.9083
0.1084 -0.3713 -0.8888
0.1039 -0.3767 -0.9107
0.1066 -0.3746 -0.9019
0.1066 -0.3746 -0.9019
0.1093 -0.3843 -0.9010
0.1071 -0.3807 -0.8975
0.1058 -0.3731 -0.8928
0.1106 -0.3722 -0.9130
0.1033 -0.3788 -0.9016
0.1033 -0.3788 -0.9016
0.1028 -0.3806 -0.9050
0.0998 -0.3780 -0.8968
0.0999 -0.3761 -0.9014
0.1032 -0.3773 -0.8935
0.1034 -0.3794 -0.9037
0.1034 -0.3794 -0.9037
0.1007 -0.3788 -0.9183
0.1035 -0.3793 -0.9031
0.1008 -0.3743 -0.8929
0.1003 -0.3688 -0.8892
0.1032 -0.3740 -0.8993
0.1032 -0.3740 -0.8993
0.1083 -0.3808 -0.9097
0.1111 -0.3792 -0.9075
0.1018 -0.3716 -0.8902
0.1053 -0.3735 -0.8992
0.1043 -0.3817 -0.9087
0.1043 -0.3817 -0.9087
0.1029 -0.3750 -0.8979
0.1050 -0.3720 -0.8510
0.1260 -0.3667 -0.9424
0.1143 -0.4146 -0.9455
0.1143 -0.4146 -0.9455
0.1067 -0.3616 -0.9009
0.1017 -0.3778 -0.9223
0.0901 -0.3732 -0.8897
0.1099 -0.3786 -0.9233
0.1024 -0.3828 -0.8886
0.1031 -0.3763 -0.9007
0.1029 -0.3683 -0.9130
0.0930 -0.3699 -0.9019
0.0930 -0.3699 -0.9019
0.0919 -0.3661 -0.8960
0.0959 -0.3775 -0.8945
0.0980 -0.3753 -0.8936
0.1089 -0.3783 -0.9013
0.1089 -0.3783 -0.9013
0.1122 -0.3784 -0.9093
0.1075 -0.3750 -0.9024
0.1031 -0.3740 -0.8966
0.1037 -0.3795 -0.9104
0.1052 -0.3787 -0.9041
0.1052 -0.3787 -0.9041
0.0986 -0.3796 -0.9118
0.1021 -0.3745 -0.8938
0.1083 -0.3770 -0.9026
0.1051 -0.3752 -0.9064
0.1036 -0.3749 -0.9012
0.1036 -0.3749 -0.9012
0.1035 -0.3738 -0.8978
0.1031 -0.3730 -0.8942
0.1029 -0.3725 -0.8962
0.1016 -0.3743 -0.8990
0.1108 -0.3746 -0.9099
0.1108 -0.3746 -0.9099
0.1064 -0.3738 -0.9034
0.1046 -0.3747 -0.9035
0.1022 -0.3746 -0.9020
0.1045 -0.3738 -0.9081
0.1078 -0.3794 -0.9057
0.1078 -0.3794 -0.9057
0.1054 -0.3808 -0.9007
0.1097 -0.3824 -0.9054
0.1056 -0.3776 -0.9030
0.1077 -0.3758 -0.8950
0.1077 -0.3758 -0.8950
0.1075 -0.3768 -0.9028
0.1089 -0.3769 -0.9033
0.1138 -0.3789 -0.9113
0.1104 -0.3782 -0.9097
0.1047 -0.3786 -0.8981
0.1047 -0.3786 -0.8981
0.1061 -0.3747 -0.8936
0.1039 -0.3734 -0.8978
0.1100 -0.3719 -0.8991
0.1060 -0.3766 -0.8953
0.1118 -0.3779 -0.9004
0.1118 -0.3779 -0.9004
0.1121 -0.3790 -0.9008
0.1093 -0.3798 -0.9091
0.1137 -0.3824 -0.9059
0.1115 -0.3839 -0.9104
0.1114 -0.3792 -0.8983
0.1114 -0.3792 -0.8983
0.1080 -0.3806 -0.8923
0.1088 -0.3795 -0.8950
0.1138 -0.3849 -0.9005
0.1177 -0.3812 -0.9128
0.1177 -0.3812 -0.9128
0.1203 -0.3805 -0.9141
0.1126 -0.3782 -0.8981
0.1072 -0.3731 -0.8926
0.1072 -0.3732 -0.8875
0.1188 -0.3788 -0.8974
0.1188 -0.3788 -0.8974
0.1259 -0.3797 -0.9118
0.1282 -0.3788 -0.9011
0.1271 -0.3784 -0.8932
0.1262 -0.3783 -0.8915
0.1240 -0.3722 -0.9038
0.1240 -0.3722 -0.9038
0.1258 -0.3758 -0.9080
0.1332 -0.3626 -0.8871
0.1340 -0.3671 -0.9043
0.1400 -0.3696 -0.9153
0.1425 -0.3672 -0.9026
0.1425 -0.3672 -0.9026
0.1467 -0.3619 -0.9009
0.1451 -0.3616 -0.8972
0.1422 -0.3678 -0.9007
0.1416 -0.3701 -0.8981
0.1395 -0.3670 -0.8996
0.1395 -0.3670 -0.8996
0.1301 -0.3629 -0.8959
0.1248 -0.3596 -0.8855
0.1199 -0.3484 -0.8825
0.1213 -0.3499 -0.8998
0.1187 -0.3614 -0.9108
0.1187 -0.3614 -0.9108
0.1198 -0.3699 -0.9032
0.1128 -0.3803 -0.8972
0.1141 -0.3799 -0.9059
0.1229 -0.3847 -0.9270
0.1229 -0.3847 -0.9270
0.1237 -0.3876 -0.9002
0.1178 -0.3912 -0.8825
0.1188 -0.3876 -0.8735
0.1066 -0.3881 -0.8452
0.0914 -0.4047 -0.8348
0.0914 -0.4047 -0.8348
0.1080 -0.3785 -0.8556
0.1023 -0.4169 -0.8759
0.1418 -0.3571 -0.8708
0.1525 -0.4087 -0.7646
0.1268 -0.3419 -1.0581
0.1268 -0.3419 -1.0581
0.1327 -0.3139 -1.0045
0.1221 -0.3210 -0.9624
0.1207 -0.3106 -0.9327
0.1231 -0.3318 -0.9126
0.1368 -0.3385 -0.8769
0.1368 -0.3385 -0.8769
0.1650 -0.3193 -0.9246
0.1824 -0.3138 -0.9420
0.2024 -0.3405 -0.9337
0.2202 -0.3488 -0.9543
0.2483 -0.3243 -0.9377
0.2483 -0.3243 -0.9377
0.2559 -0.2882 -0.9236
0.2475 -0.2610 -0.8878
0.2488 -0.2732 -0.8521
0.2676 -0.2712 -0.8110
0.2676 -0.2712 -0.8110
0.2902 -0.2540 -0.7757
0.3116 -0.2454 -0.7785
0.3352 -0.2322 -0.7951
0.3092 -0.2646 -0.7297
0.3548 -0.2848 -0.8002
0.3548 -0.2848 -0.8002
0.4283 -0.2687 -0.9406
0.4579 -0.2400 -1.1043
0.4797 -0.2845 -1.1926
0.4783 -0.2700 -1.1749
0.4395 -0.2220 -1.1626
0.4395 -0.2220 -1.1626
0.3610 -0.2085 -1.0963
0.3037 -0.2155 -0.9653
0.3025 -0.2220 -0.9431
0.3079 -0.2186 -0.9331
0.3196 -0.1988 -0.9049
0.3196 -0.1988 -0.9049
0.3069 -0.1862 -0.8536
0.3040 -0.1863 -0.8128
0.3025 -0.1768 -0.8038
0.2567 -0.1874 -0.7881
0.2567 -0.1874 -0.7881
0.2182 -0.1984 -0.7686
0.2258 -0.2069 -0.7626
0.2389 -0.2181 -0.7508
0.2130 -0.2407 -0.7927
0.2097 -0.2742 -0.7877
0.2097 -0.2742 -0.7877
0.1949 -0.2718 -0.8564
0.1993 -0.2633 -0.9064
0.1709 -0.2590 -0.9558
0.1602 -0.2452 -1.0270
0.1569 -0.2105 -1.0900
0.1569 -0.2105 -1.0900
0.1564 -0.1602 -1.1973
0.1562 -0.1066 -1.2417
0.1287 -0.0836 -1.1449
0.1049 -0.1065 -1.0047
0.0746 -0.1210 -0.9176
0.0746 -0.1210 -0.9176
0.0596 -0.1255 -0.9190
0.0866 -0.1334 -1.0374
0.1125 -0.1351 -1.1201
0.1288 -0.1040 -1.1304
0.1031 -0.1080 -1.0602
0.1031 -0.1080 -1.0602
0.0437 -0.1328 -0.9535
-0.0088 -0.1476 -0.8423
-0.0331 -0.1725 -0.7762
-0.0414 -0.1806 -0.7628
-0.0415 -0.1894 -0.8036
-0.0415 -0.1894 -0.8036
-0.0410 -0.2069 -0.8639
-0.0159 -0.2185 -0.9276
0.0194 -0.2332 -0.9801
0.0327 -0.2600 -0.9915
0.0327 -0.2600 -0.9915
0.0264 -0.2970 -0.9919
0.0106 -0.3149 -0.9770
0.0115 -0.3251 -0.9829
0.0343 -0.3206 -0.9686
0.0396 -0.3233 -0.9733
0.0396 -0.3233 -0.9733
0.0261 -0.3146 -0.9479
0.0164 -0.3136 -0.9358
0.0051 -0.2984 -0.9372
-0.0149 -0.2859 -0.9537
-0.0215 -0.2771 -0.9677
-0.0215 -0.2771 -0.9677
-0.0059 -0.2692 -1.0176
0.0348 -0.2826 -1.1044
0.1068 -0.2853 -1.1160
0.1650 -0.3239 -1.1045
0.1174 -0.3489 -1.0942
0.1174 -0.3489 -1.0942
0.1348 -0.3452 -1.3601
0.1326 -0.2192 -1.5124
0.0770 -0.1044 -1.3258
-0.0230 -0.1188 -0.9213
-0.0230 -0.1188 -0.9213
-0.1061 -0.1334 -0.6211
-0.1225 0.0120 -0.4796
-0.0127 -0.0864 -0.3733
0.0648 -0.3037 -0.4240
0.1082 -0.5625 -0.7894
0.1082 -0.5625 -0.7894
0.0873 -0.3200 -1.3057
0.0115 -0.2063 -1.2448
0.0430 -0.2700 -1.1279
0.0031 -0.2934 -0.9561
-0.0131 -0.3020 -0.7724
-0.0222 -0.3032 -0.6955
-0.0222 -0.3032 -0.6955
-0.0094 -0.3202 -0.6974
0.0044 -0.3367 -0.7370
0.0050 -0.3678 -0.7634
0.0076 -0.3864 -0.8238
0.0196 -0.3927 -0.8800
0.0196 -0.3927 -0.8800
0.0302 -0.3946 -0.9392
0.0341 -0.3763 -0.9818
0.0571 -0.3937 -0.9848
0.0689 -0.3889 -0.9519
0.0667 -0.3713 -0.9380
0.0667 -0.3713 -0.9380
0.0596 -0.3665 -0.9784
0.0482 -0.3421 -1.0440
-0.0003 -0.2831 -1.0713
-0.0030 -0.2670 -1.0961
-0.0030 -0.2670 -1.0961
-0.0064 -0.3172 -1.1207
-0.0413 -0.2970 -1.3206
-0.0425 -0.2290 -1.3640
-0.0237 -0.1633 -1.3049
-0.0474 -0.1076 -1.1797
-0.0474 -0.1076 -1.1797
-0.1058 -0.1535 -0.9164
-0.1765 -0.2005 -0.6774
-0.1935 -0.2034 -0.6375
-0.1875 -0.2057 -0.8428
-0.1875 -0.2057 -0.8428
-0.1323 -0.1645 -1.0301
-0.0835 -0.1133 -1.0943
-0.0255 -0.1140 -0.9615
0.0168 -0.1935 -0.8337
0.0553 -0.2995 -0.7586
0.0553 -0.2995 -0.7586
0.0792 -0.3468 -0.7525
0.1177 -0.3707 -0.7162
0.1542 -0.3862 -0.6995
0.1733 -0.4184 -0.7199
0.1587 -0.4323 -0.7492
0.1587 -0.4323 -0.7492
0.1319 -0.4242 -0.7879
0.1315 -0.4010 -0.8435
0.1093 -0.3961 -0.8994
0.0470 -0.3906 -0.9104
-0.0145 -0.4044 -0.9113
-0.0145 -0.4044 -0.9113
-0.0691 -0.4451 -0.8930
-0.0910 -0.5014 -0.8623
-0.0862 -0.5488 -0.8785
-0.0608 -0.5536 -0.9239
-0.0608 -0.5536 -0.9239
-0.0120 -0.5377 -0.9950
0.0270 -0.5379 -1.0146
0.0464 -0.5473 -0.9643
0.0731 -0.5370 -0.9675
0.1152 -0.5266 -1.1092
0.1152 -0.5266 -1.1092
0.1548 -0.4745 -1.2253
0.1349 -0.3897 -1.2252
0.1107 -0.3334 -1.1360
0.1005 -0.2890 -0.9152
0.1208 -0.2839 -0.6301
0.1208 -0.2839 -0.6301
0.1583 -0.2987 -0.4649
0.2292 -0.3320 -0.4329
0.2793 -0.3333 -0.6016
0.2648 -0.3011 -0.9188
0.1941 -0.2810 -1.2394
0.1941 -0.2810 -1.2394
0.1239 -0.2565 -1.2676
0.0616 -0.2365 -1.0817
-0.0421 -0.2523 -0.8291
-0.1276 -0.2740 -0.6384
-0.1719 -0.3007 -0.5513
-0.1719 -0.3007 -0.5513
-0.1718 -0.3585 -0.5458
-0.1354 -0.4030 -0.6261
-0.0715 -0.4329 -0.7681
-0.0195 -0.4568 -0.8582
0.0323 -0.4650 -0.9383
0.0323 -0.4650 -0.9383
0.0834 -0.4714 -0.9778
0.1199 -0.4740 -1.0239
0.1236 -0.4856 -1.0172
0.1164 -0.4828 -0.9785
0.1164 -0.4828 -0.9785
0.0988 -0.4757 -0.9315
0.0692 -0.4880 -0.8949
0.0463 -0.5020 -0.8901
0.0242 -0.5032 -0.8969
0.0147 -0.4957 -0.9315
0.0259 -0.4874 -0.9630
0.0259 -0.4874 -0.9630
0.0234 -0.5041 -0.9170
0.0114 -0.5013 -0.8753
0.0087 -0.4651 -0.9960
0.0209 -0.4040 -1.2034
0.0209 -0.4040 -1.2034
0.0397 -0.3061 -1.3022
0.0113 -0.2065 -1.3515
-0.0181 -0.1757 -1.2333
-0.0598 -0.1865 -0.8787
-0.1045 -0.2112 -0.5623
-0.1045 -0.2112 -0.5623
-0.1391 -0.2354 -0.4267
-0.1474 -0.2464 -0.5542
-0.0693 -0.2128 -0.8352
0.0485 -0.1290 -1.1951
0.0485 -0.1290 -1.1951
0.1173 -0.1003 -1.3092
0.1139 -0.2371 -1.0074
0.1091 -0.3516 -0.8333
0.1302 -0.3970 -0.7386
0.1575 -0.4237 -0.6983
0.1575 -0.4237 -0.6983
0.1598 -0.4346 -0.6971
0.1511 -0.4439 -0.7106
0.1326 -0.4243 -0.7580
0.1138 -0.3984 -0.8421
0.0891 -0.3739 -0.9599
0.0457 -0.3577 -1.0451
0.0457 -0.3577 -1.0451
0.0041 -0.3485 -1.0657
-0.0367 -0.3560 -1.0247
-0.0808 -0.3772 -0.9409
-0.1026 -0.4164 -0.8866
-0.1026 -0.4164 -0.8866
-0.0905 -0.4405 -0.8761
-0.0333 -0.4389 -0.8905
0.0148 -0.4191 -0.9249
0.0366 -0.4129 -0.9424
0.0328 -0.4225 -0.9641
0.0328 -0.4225 -0.9641
0.0221 -0.4457 -0.9333
0.0032 -0.4533 -0.9463
-0.0098 -0.4328 -1.0712
-0.0176 -0.4245 -1.1739
-0.0302 -0.3753 -1.1952
-0.0302 -0.3753 -1.1952
-0.0545 -0.3285 -1.1504
-0.0777 -0.2866 -1.0660
-0.0582 -0.2680 -0.9564
-0.0453 -0.2396 -0.7978
-0.0453 -0.2396 -0.7978
-0.0255 -0.2383 -0.6550
0.0021 -0.2245 -0.6332
0.0583 -0.2531 -0.6393
0.0890 -0.2600 -0.6796
0.1209 -0.2793 -0.7497
0.1209 -0.2793 -0.7497
0.1355 -0.2760 -0.8163
0.1436 -0.2582 -0.9212
0.1408 -0.2320 -1.0683
0.1665 -0.2206 -1.2213
0.1622 -0.1945 -1.2400
0.1622 -0.1945 -1.2400
0.1186 -0.2122 -1.1396
0.0529 -0.2499 -0.9761
0.0186 -0.3105 -0.8568
0.0027 -0.3409 -0.8058
-0.0054 -0.3703 -0.7914
-0.0054 -0.3703 -0.7914
-0.0116 -0.3948 -0.7819
-0.0061 -0.4159 -0.8117
0.0163 -0.4097 -0.8831
0.0480 -0.3852 -0.9785
0.0639 -0.3589 -1.0896
0.0639 -0.3589 -1.0896
0.0690 -0.3296 -1.1755
0.0619 -0.3041 -1.1886
0.0457 -0.2977 -1.1115
0.0284 -0.3122 -0.9991
0.0343 -0.3414 -0.9072
0.0343 -0.3414 -0.9072
0.0467 -0.3435 -0.8822
0.0824 -0.3370 -0.9480
0.1149 -0.3174 -1.0327
0.1158 -0.3023 -1.0267
0.1158 -0.3023 -1.0267
0.0655 -0.2920 -0.9253
0.0041 -0.3063 -0.8105
-0.0493 -0.3233 -0.7426
-0.1043 -0.3518 -0.7027
-0.1403 -0.3594 -0.7212
-0.1403 -0.3594 -0.7212
-0.1408 -0.3728 -0.7952
-0.1062 -0.3518 -0.9130
-0.0715 -0.3079 -0.9964
-0.0575 -0.2880 -1.0195
-0.0556 -0.2773 -0.9919
-0.0556 -0.2773 -0.9919
-0.0530 -0.3007 -0.9361
-0.0500 -0.3103 -0.9116
-0.0400 -0.3065 -0.9055
-0.0365 -0.2980 -0.9072
-0.0365 -0.2980 -0.9072
-0.0393 -0.3042 -0.8971
-0.0508 -0.3266 -0.8903
-0.0537 -0.3456 -0.8724
-0.0394 -0.3417 -0.8976
-0.0317 -0.3385 -0.8869
-0.0317 -0.3385 -0.8869
-0.0075 -0.3758 -0.7990
0.0288 -0.4328 -0.6961
0.0691 -0.4574 -0.7078
0.1233 -0.4165 -0.9330
0.1976 -0.3325 -1.4321
0.1976 -0.3325 -1.4321
0.2477 -0.1899 -1.4839
0.1434 -0.0760 -1.2115
-0.0034 -0.1451 -0.7730
-0.1193 -0.1970 -0.5516
-0.1703 -0.2308 -0.5388
-0.1703 -0.2308 -0.5388
-0.2235 -0.2023 -0.7154
-0.1953 -0.1721 -0.9336
-0.1242 -0.1420 -1.0723
-0.0491 -0.1573 -1.0741
-0.0491 -0.1573 -1.0741
0.0065 -0.2422 -1.0704
0.0736 -0.3549 -1.0272
0.1218 -0.3820 -1.0156
0.1587 -0.3978 -1.0422
0.1673 -0.3980 -1.0567
0.1673 -0.3980 -1.0567
0.1320 -0.3574 -0.9668
0.0883 -0.3397 -0.8873
0.0583 -0.3344 -0.8472
0.0296 -0.3310 -0.8745
0.0041 -0.3513 -0.9475
0.0041 -0.3513 -0.9475
-0.0140 -0.3701 -1.0032
-0.0240 -0.3638 -1.0467
-0.0139 -0.3565 -1.0977
-0.0177 -0.3295 -1.0685
-0.0391 -0.2866 -0.9803
-0.0391 -0.2866 -0.9803
-0.0546 -0.2448 -0.8780
-0.0554 -0.2502 -0.8012
-0.0357 -0.2814 -0.8191
-0.0133 -0.2424 -1.0129
0.0416 -0.1624 -1.2513
0.0416 -0.1624 -1.2513
0.0689 -0.0940 -1.1974
0.0506 -0.0880 -0.8416
0.0323 -0.1837 -0.5393
0.0647 -0.2890 -0.4147
0.1158 -0.3488 -0.4363
0.1158 -0.3488 -0.4363
0.1791 -0.3616 -0.7126
0.2726 -0.3326 -1.2494
0.3516 -0.2500 -1.6680
0.3191 -0.1168 -1.4857
0.3191 -0.1168 -1.4857
0.2115 -0.1677 -1.0722
0.1596 -0.2617 -0.8292
0.1296 -0.2854 -0.7307
0.0969 -0.2786 -0.6808
0.0731 -0.2875 -0.7328
0.0731 -0.2875 -0.7328
0.0588 -0.3046 -0.8539
0.0541 -0.3107 -0.9491
0.0448 -0.2690 -1.0516
0.0422 -0.2552 -1.1277
0.0260 -0.2293 -1.1271
0.0260 -0.2293 -1.1271
0.0186 -0.2054 -1.0855
0.0379 -0.1991 -1.0366
0.0961 -0.2058 -1.0410
0.1520 -0.2095 -1.0082
0.1691 -0.2180 -0.9384
0.1691 -0.2180 -0.9384
0.1728 -0.2583 -0.7915
0.1815 -0.2691 -0.7255
0.1939 -0.2942 -0.6930
0.1767 -0.3125 -0.7130
0.1246 -0.3085 -0.7551
0.1246 -0.3085 -0.7551
0.0542 -0.2732 -0.8055
-0.0036 -0.2124 -0.9574
-0.0569 -0.1946 -1.1617
-0.0795 -0.1874 -1.1915
-0.0795 -0.1874 -1.1915
-0.1152 -0.1993 -1.1353
-0.1497 -0.2874 -1.0401
-0.1418 -0.4023 -0.9032
-0.1072 -0.4400 -0.7871
-0.0454 -0.4380 -0.6984
-0.0454 -0.4380 -0.6984
0.0016 -0.4026 -0.7212
0.0556 -0.3738 -0.8044
0.0993 -0.3415 -0.8874
0.1179 -0.3302 -0.9430
0.1313 -0.3384 -1.0381
0.1313 -0.3384 -1.0381
0.1075 -0.3688 -1.1092
0.0578 -0.4130 -1.1221
0.0016 -0.4483 -1.0455
-0.0507 -0.4609 -0.9327
-0.0735 -0.4473 -0.8688
-0.0735 -0.4473 -0.8688
-0.0725 -0.4167 -0.8219
-0.0703 -0.3816 -0.8090
-0.0770 -0.3598 -0.8093
-0.1022 -0.3485 -0.8255
-0.1235 -0.3464 -0.8520
-0.1235 -0.3464 -0.8520
-0.1225 -0.3336 -0.8919
-0.1014 -0.3650 -0.9245
-0.0644 -0.4081 -0.9363
-0.0175 -0.4369 -1.0149
0.0408 -0.4504 -1.1947
0.0408 -0.4504 -1.1947
0.0930 -0.4079 -1.3351
0.1151 -0.3465 -1.3080
0.1024 -0.3030 -1.1572
0.0745 -0.2917 -1.0285
0.0745 -0.2917 -1.0285
0.0340 -0.2826 -0.9957
0.0170 -0.2586 -1.0195
0.0205 -0.2230 -0.9712
0.0204 -0.2075 -0.8259
0.0375 -0.2208 -0.6856
0.0375 -0.2208 -0.6856
0.0733 -0.2265 -0.6171
0.1346 -0.2426 -0.6385
0.1934 -0.2465 -0.7780
0.2381 -0.2352 -0.9217
0.2629 -0.2078 -0.9900
0.2629 -0.2078 -0.9900
0.2551 -0.2131 -0.9503
0.1881 -0.2566 -0.8137
0.1131 -0.3195 -0.6971
0.0739 -0.3689 -0.7038
0.0754 -0.4061 -0.7725
0.0754 -0.4061 -0.7725
0.0930 -0.4140 -0.8444
0.0974 -0.4018 -0.8882
0.0960 -0.4020 -0.9064
0.0966 -0.4031 -0.8997
0.1006 -0.4064 -0.8914
0.1006 -0.4064 -0.8914
0.1001 -0.4157 -0.9115
0.0950 -0.4197 -0.9302
0.0806 -0.4172 -0.9301
0.0744 -0.4265 -0.9234
0.0755 -0.4397 -0.9301
0.0755 -0.4397 -0.9301
0.0858 -0.4458 -0.9764
0.0958 -0.4285 -1.0601
0.1036 -0.4014 -1.0988
0.0992 -0.4161 -1.0748
0.0992 -0.4161 -1.0748
0.0803 -0.4030 -1.0747
0.0685 -0.3683 -1.2028
0.0716 -0.3069 -1.3109
0.0630 -0.1990 -1.3469
0.0329 -0.1058 -1.3475
0.0329 -0.1058 -1.3475
-0.0362 -0.0845 -1.1873
-0.1329 -0.1287 -0.8708
-0.2099 -0.1751 -0.6284
-0.2617 -0.1831 -0.5314
-0.2617 -0.1831 -0.5314
-0.2401 -0.1613 -0.6557
-0.1300 -0.1366 -0.8625
-0.0261 -0.0854 -0.9634
0.0384 -0.0845 -0.9570
0.0553 -0.1396 -0.9187
0.0553 -0.1396 -0.9187
0.0421 -0.2643 -0.9319
0.0369 -0.3436 -0.8607
0.0410 -0.3584 -0.7188
0.0585 -0.3694 -0.6684
0.0639 -0.3918 -0.7105
0.0639 -0.3918 -0.7105
0.0648 -0.3825 -0.7753
0.0672 -0.3637 -0.8375
0.0683 -0.3497 -0.9159
0.0561 -0.3637 -0.9874
0.0318 -0.3843 -0.9780
0.0318 -0.3843 -0.9780
0.0030 -0.4024 -0.9584
-0.0194 -0.4312 -0.9367
-0.0205 -0.4476 -0.9032
-0.0060 -0.4554 -0.8875
-0.0060 -0.4554 -0.8875
0.0075 -0.4572 -0.8819
0.0311 -0.4602 -0.9129
0.0583 -0.4387 -0.9971
0.0870 -0.4254 -1.0510
0.1182 -0.4352 -1.0621
0.1182 -0.4352 -1.0621
0.1608 -0.4232 -1.1305
0.2073 -0.4064 -1.2618
0.2023 -0.3909 -1.3376
0.1175 -0.3571 -1.3036
0.0271 -0.3092 -1.1904
0.0271 -0.3092 -1.1904
-0.0267 -0.2907 -0.9567
-0.0291 -0.2641 -0.6806
0.0159 -0.2654 -0.4697
0.0727 -0.3134 -0.4059
0.1074 -0.3718 -0.4440
0.1074 -0.3718 -0.4440
0.1344 -0.3509 -0.6514
0.1568 -0.3093 -0.9222
0.1920 -0.2840 -1.2209
0.2201 -0.2737 -1.2631
0.1631 -0.2486 -1.0765
0.1631 -0.2486 -1.0765
0.0488 -0.2779 -0.8421
-0.0466 -0.3239 -0.6739
-0.0818 -0.3579 -0.6155
-0.0846 -0.3853 -0.6388
-0.0704 -0.3989 -0.7218
-0.0704 -0.3989 -0.7218
-0.0542 -0.4205 -0.8032
-0.0533 -0.4327 -0.8575
-0.0334 -0.4448 -0.8864
0.0189 -0.4407 -0.9082
0.0189 -0.4407 -0.9082
0.0723 -0.4661 -0.9335
0.1182 -0.4771 -0.9300
0.1490 -0.4938 -0.9392
0.1652 -0.4790 -0.9216
0.1613 -0.4693 -0.9126
0.1613 -0.4693 -0.9126
0.1414 -0.4792 -0.8993
0.1218 -0.4681 -0.9249
0.1167 -0.4659 -1.0129
0.0867 -0.4728 -1.0980
0.0318 -0.4885 -1.0605
0.0318 -0.4885 -1.0605
-0.0270 -0.5215 -0.9473
-0.0724 -0.5101 -0.8868
-0.1114 -0.4887 -0.9119
-0.1404 -0.4327 -1.0263
-0.1349 -0.3442 -1.2424
-0.1349 -0.3442 -1.2424
-0.0856 -0.2708 -1.3317
-0.0697 -0.2277 -1.0270
-0.1264 -0.2424 -0.6805
-0.1834 -0.2862 -0.4980
-0.1834 -0.2862 -0.4980
-0.1841 -0.3182 -0.5998
-0.1061 -0.3260 -0.8488
0.0085 -0.2676 -1.0071
0.1165 -0.2754 -1.0222
0.1523 -0.3299 -0.8963
0.1523 -0.3299 -0.8963
0.1579 -0.3682 -0.7815
0.1797 -0.3927 -0.6920
0.1756 -0.4044 -0.6257
0.2087 -0.4498 -0.6891
0.2262 -0.4584 -0.7071
0.2262 -0.4584 -0.7071
0.2403 -0.4417 -0.7887
0.2041 -0.4408 -0.8649
0.1405 -0.4452 -0.9002
0.0658 -0.4514 -0.9184
-0.0244 -0.4686 -0.9049
-0.0244 -0.4686 -0.9049
-0.0909 -0.4903 -0.8936
-0.1320 -0.5090 -0.8857
-0.1383 -0.5185 -0.8632
-0.1107 -0.5107 -0.8314
-0.0585 -0.5114 -0.8347
-0.0139 -0.5235 -0.8488
-0.0139 -0.5235 -0.8488
0.0192 -0.5292 -0.8864
0.0514 -0.5301 -0.9573
0.0660 -0.5078 -1.0130
0.0638 -0.5094 -1.0437
0.0638 -0.5094 -1.0437
0.0784 -0.5507 -0.9717
0.0683 -0.5508 -0.9267
0.0622 -0.5526 -0.9560
0.0841 -0.5645 -1.0101
0.0961 -0.5157 -1.1124
0.0961 -0.5157 -1.1124
0.1050 -0.4644 -1.2505
0.1158 -0.3886 -1.2102
0.1125 -0.3037 -0.9820
0.1127 -0.2669 -0.7060
0.1625 -0.2734 -0.4941
0.1625 -0.2734 -0.4941
0.2295 -0.3038 -0.4007
0.2957 -0.3299 -0.4596
0.3143 -0.3299 -0.6746
0.2826 -0.3504 -0.9892
0.2826 -0.3504 -0.9892
0.2748 -0.3931 -1.2925
0.2293 -0.4088 -1.3013
0.1325 -0.3506 -1.0853
0.0257 -0.3441 -0.8953
-0.0414 -0.3393 -0.7569
-0.0414 -0.3393 -0.7569
-0.0549 -0.3609 -0.6279
-0.0310 -0.3598 -0.5659
-0.0122 -0.3980 -0.6230
0.0177 -0.4533 -0.7453
0.0471 -0.4832 -0.8451
0.0471 -0.4832 -0.8451
0.0933 -0.5008 -0.9401
0.1238 -0.5077 -1.0347
0.1501 -0.5142 -1.0929
0.1651 -0.4885 -1.0550
0.1613 -0.4634 -0.9535
0.1613 -0.4634 -0.9535
0.1472 -0.4356 -0.8633
0.1226 -0.4169 -0.7986
0.1009 -0.4185 -0.7787
0.0667 -0.4073 -0.7729
0.0303 -0.4163 -0.8284
0.0303 -0.4163 -0.8284
0.0055 -0.4557 -0.8892
-0.0104 -0.4966 -0.9271
-0.0341 -0.4814 -1.0447
-0.0463 -0.4408 -1.2388
-0.0463 -0.4408 -1.2388
-0.0422 -0.3618 -1.3407
-0.0357 -0.2977 -1.2546
-0.0384 -0.2786 -0.9589
-0.0603 -0.2903 -0.7366
-0.0632 -0.3467 -0.5885
-0.0632 -0.3467 -0.5885
-0.0362 -0.3785 -0.5472
0.0014 -0.4261 -0.5693
0.0470 -0.4379 -0.6686
0.1134 -0.4621 -0.8647
0.1134 -0.4621 -0.8647
0.2066 -0.4138 -1.1752
0.2658 -0.3914 -1.2994
0.2421 -0.3423 -1.1296
0.1481 -0.3607 -0.9069
0.0831 -0.3998 -0.7738
0.0689 -0.4346 -0.7551
0.0689 -0.4346 -0.7551
0.0964 -0.4397 -0.7505
0.1182 -0.4378 -0.7826
0.1105 -0.4503 -0.8565
0.1002 -0.4479 -0.8904
0.1002 -0.4479 -0.8904
0.0917 -0.4262 -0.9284
0.0639 -0.4042 -0.9438
0.0310 -0.4067 -0.9511
-0.0020 -0.4112 -0.9536
-0.0323 -0.4212 -0.9288
-0.0323 -0.4212 -0.9288
-0.0582 -0.4192 -0.8721
-0.0813 -0.4134 -0.8630
-0.0876 -0.4242 -0.8649
-0.0701 -0.4304 -0.9012
-0.0537 -0.4325 -0.9098
-0.0537 -0.4325 -0.9098
-0.0400 -0.4398 -0.9235
-0.0136 -0.4536 -0.9341
0.0192 -0.5047 -0.8647
0.0436 -0.5418 -0.8269
0.0436 -0.5418 -0.8269
0.0600 -0.4958 -0.9131
0.0715 -0.3891 -1.0880
0.0938 -0.3259 -1.1194
0.0834 -0.3134 -0.9548
0.0777 -0.3561 -0.7847
0.0777 -0.3561 -0.7847
0.1120 -0.3730 -0.8153
0.1813 -0.3677 -0.9189
0.2136 -0.3093 -0.9510
0.1777 -0.2885 -0.8833
0.1217 -0.3217 -0.8049
0.1217 -0.3217 -0.8049
0.0869 -0.3645 -0.8329
0.0456 -0.3781 -0.8667
0.0487 -0.3849 -0.9074
0.0652 -0.3655 -0.9325
0.0673 -0.3468 -0.9242
0.0673 -0.3468 -0.9242
0.0361 -0.3579 -0.8920
0.0627 -0.4074 -0.8363
0.0904 -0.3610 -0.8349
0.0866 -0.3920 -0.8494
0.0894 -0.4197 -0.8872
0.0894 -0.4197 -0.8872
0.0833 -0.4215 -0.9042
0.0852 -0.4117 -0.9261
0.1024 -0.4016 -0.9550
0.1120 -0.3782 -0.9517
0.1120 -0.3782 -0.9517
0.1042 -0.3966 -0.9411
0.1136 -0.4002 -0.9259
0.1274 -0.4071 -0.9070
0.1347 -0.4096 -0.8998
0.1579 -0.4068 -0.8702
0.1579 -0.4068 -0.8702
0.1578 -0.4080 -0.8531
0.1313 -0.4289 -0.8487
0.1229 -0.4449 -0.8262
0.1274 -0.4563 -0.8244
0.1390 -0.4631 -0.8255
0.1390 -0.4631 -0.8255
0.1411 -0.4572 -0.8221
0.1262 -0.4433 -0.8361
0.1043 -0.4185 -0.8827
0.1014 -0.4083 -0.9215
0.1043 -0.4093 -0.9356
0.1043 -0.4093 -0.9356
0.0869 -0.4280 -0.9001
0.0789 -0.4434 -0.8671
0.0826 -0.4523 -0.8553
0.0878 -0.4596 -0.8366
0.0966 -0.4592 -0.8436
0.0966 -0.4592 -0.8436
0.1036 -0.4487 -0.8687
0.1187 -0.4380 -0.8976
0.1118 -0.4262 -0.9089
0.0984 -0.4217 -0.8997
0.0873 -0.4233 -0.8870
0.0873 -0.4233 -0.8870
0.0952 -0.4282 -0.8764
0.0847 -0.4184 -0.8549
0.0730 -0.4167 -0.8492
0.0643 -0.4118 -0.8557
0.0643 -0.4118 -0.8557
0.0670 -0.4135 -0.8719
0.0697 -0.4079 -0.8691
0.0797 -0.4069 -0.8750
0.0838 -0.4136 -0.8781
0.0842 -0.4161 -0.8795
0.0842 -0.4161 -0.8795
0.0944 -0.4087 -0.9125
0.1008 -0.4129 -0.9183
0.0890 -0.4166 -0.8963
0.0796 -0.4179 -0.8959
0.0791 -0.4152 -0.8995
0.0791 -0.4152 -0.8995
0.0762 -0.4220 -0.8951
0.0834 -0.4179 -0.8707
0.0835 -0.4195 -0.8745
0.0801 -0.4130 -0.8796
0.0869 -0.4109 -0.8783
0.0869 -0.4109 -0.8783
0.0893 -0.4093 -0.8739
0.0912 -0.4046 -0.8855
0.0990 -0.4029 -0.8953
0.1132 -0.3974 -0.9012
0.1132 -0.3974 -0.9012
0.1110 -0.3981 -0.9029
0.0942 -0.3991 -0.8881
0.0972 -0.4005 -0.8731
0.0922 -0.3947 -0.8740
0.0819 -0.3943 -0.8725
0.0819 -0.3943 -0.8725
0.0719 -0.3950 -0.8733
0.0730 -0.3922 -0.8830
0.0737 -0.3954 -0.8892
0.0665 -0.3962 -0.8702
0.0624 -0.4003 -0.8601
0.0624 -0.4003 -0.8601
0.0739 -0.3941 -0.8721
0.0732 -0.3951 -0.8818
0.0788 -0.4019 -0.8962
0.0876 -0.4071 -0.8880
0.0872 -0.4072 -0.8872
0.0872 -0.4072 -0.8872
0.0881 -0.4045 -0.8999
0.0999 -0.3934 -0.9217
0.0904 -0.3919 -0.9096
0.0814 -0.3892 -0.8969
0.0871 -0.3931 -0.9055
0.0871 -0.3931 -0.9055
0.0872 -0.3944 -0.9201
0.0857 -0.3788 -0.9303
0.0978 -0.3718 -0.9431
0.1060 -0.3645 -0.9461
0.1140 -0.3582 -0.9502
0.1140 -0.3582 -0.9502
0.1075 -0.3580 -0.9377
0.1015 -0.3616 -0.9277
0.0941 -0.3611 -0.9199
0.0928 -0.3573 -0.9172
0.0946 -0.3490 -0.9189
0.0946 -0.3490 -0.9189
0.0937 -0.3449 -0.9306
0.0900 -0.3442 -0.9258
0.0891 -0.3502 -0.9236
0.0867 -0.3581 -0.9076
0.0867 -0.3581 -0.9076
0.0876 -0.3545 -0.9093
0.0934 -0.3595 -0.9115
0.1015 -0.3551 -0.9184
0.1032 -0.3548 -0.9194
0.1069 -0.3558 -0.9194
0.1069 -0.3558 -0.9194
0.1093 -0.3550 -0.9192
0.0929 -0.3477 -0.9131
0.0880 -0.3418 -0.9071
0.0903 -0.3419 -0.9014
0.0951 -0.3516 -0.8987
0.0951 -0.3516 -0.8987
0.1022 -0.3588 -0.9102
0.1057 -0.3602 -0.9180
0.1070 -0.3598 -0.9232
0.0997 -0.3586 -0.9298
0.0997 -0.3586 -0.9298
0.0968 -0.3560 -0.9196
0.1009 -0.3525 -0.9185
0.0956 -0.3544 -0.9099
0.0931 -0.3540 -0.9069
0.0980 -0.3503 -0.8944
0.0980 -0.3503 -0.8944
0.1018 -0.3486 -0.9061
0.1037 -0.3490 -0.9154
0.0937 -0.3509 -0.9076
0.0940 -0.3576 -0.9108
0.0962 -0.3607 -0.8984
0.0962 -0.3607 -0.8984
0.0970 -0.3595 -0.9009
0.1076 -0.3544 -0.9066
0.1081 -0.3489 -0.9242
0.1026 -0.3513 -0.9304
0.1068 -0.3542 -0.9230
0.1068 -0.3542 -0.9230
0.1026 -0.3553 -0.9293
0.1017 -0.3590 -0.9251
0.0981 -0.3575 -0.9021
0.0928 -0.3564 -0.8986
0.0928 -0.3564 -0.8986
0.1042 -0.3533 -0.9025
0.1063 -0.3496 -0.9078
0.1011 -0.3523 -0.9110
0.0986 -0.3568 -0.9190
0.0984 -0.3593 -0.9167
0.0984 -0.3593 -0.9167
0.1010 -0.3539 -0.9101
0.1034 -0.3552 -0.9153
0.1033 -0.3520 -0.9224
0.0955 -0.3508 -0.9064
0.0995 -0.3560 -0.9089
0.0995 -0.3560 -0.9089
0.0929 -0.3582 -0.9157
0.0963 -0.3575 -0.9194
0.0989 -0.3592 -0.9066
0.0976 -0.3600 -0.8990
0.1019 -0.3625 -0.9025
0.1019 -0.3625 -0.9025
0.1101 -0.3619 -0.9216
0.1096 -0.3569 -0.9284
0.0970 -0.3536 -0.9189
0.0962 -0.3547 -0.9034
0.1023 -0.3615 -0.9029
0.1023 -0.3615 -0.9029
0.1064 -0.3644 -0.9135
0.1111 -0.3630 -0.9145
0.1087 -0.3585 -0.9042
0.1020 -0.3596 -0.9155
0.1020 -0.3596 -0.9155
0.0994 -0.3582 -0.9160
0.0995 -0.3627 -0.9127
0.0992 -0.3641 -0.9102
0.0979 -0.3642 -0.9058
0.0994 -0.3660 -0.9004
0.0994 -0.3660 -0.9004
0.1042 -0.3665 -0.9052
0.1066 -0.3664 -0.9170
0.1037 -0.3615 -0.9175
0.0954 -0.3644 -0.9006
0.0941 -0.3689 -0.8942
0.0941 -0.3689 -0.8942
0.1022 -0.3702 -0.9032
0.1063 -0.3676 -0.8991
0.1057 -0.3648 -0.9005
0.1060 -0.3611 -0.9102
0.1040 -0.3611 -0.9084
0.1040 -0.3611 -0.9084
0.0978 -0.3641 -0.9054
0.1006 -0.3619 -0.9106
0.1028 -0.3604 -0.9091
0.0973 -0.3674 -0.8994
0.1038 -0.3670 -0.9016
0.1038 -0.3670 -0.9016
0.1051 -0.3692 -0.9006
0.1061 -0.3682 -0.9051
0.1067 -0.3709 -0.9136
0.1061 -0.3674 -0.9212
0.1105 -0.3662 -0.9178
0.1105 -0.3662 -0.9178
0.1060 -0.3672 -0.9115
0.1060 -0.3674 -0.9069
0.1069 -0.3640 -0.9042
0.1052 -0.3663 -0.9080
0.1052 -0.3663 -0.9080
0.1001 -0.3635 -0.8970
0.0980 -0.3633 -0.8957
0.0994 -0.3611 -0.9126
0.1082 -0.3617 -0.9141
0.1056 -0.3627 -0.9116
0.1056 -0.3627 -0.9116
0.1066 -0.3612 -0.9075
0.1121 -0.3650 -0.9107
0.1151 -0.3695 -0.9181
0.1155 -0.3643 -0.9211
0.1059 -0.3565 -0.9069
0.1059 -0.3565 -0.9069
0.0960 -0.3610 -0.9019
0.0953 -0.3663 -0.8997
0.1012 -0.3685 -0.8994
0.1134 -0.3636 -0.9142
0.1170 -0.3629 -0.9252
0.1170 -0.3629 -0.9252
0.1128 -0.3590 -0.9146
0.1048 -0.3626 -0.8980
0.1082 -0.3635 -0.9073
0.1082 -0.3589 -0.9098
0.1068 -0.3637 -0.9037
0.1068 -0.3637 -0.9037
0.1050 -0.3605 -0.8977
0.1026 -0.3615 -0.9130
0.1083 -0.3596 -0.9164
0.1044 -0.3636 -0.9031
0.1001 -0.3614 -0.9040
0.1001 -0.3614 -0.9040
0.1028 -0.3641 -0.9171
0.1089 -0.3647 -0.9125
0.1084 -0.3671 -0.9052
0.1072 -0.3701 -0.9039
0.1072 -0.3701 -0.9039
0.1092 -0.3653 -0.9094
0.1050 -0.3624 -0.9151
0.1038 -0.3648 -0.9112
0.1069 -0.3665 -0.9151
0.1052 -0.3646 -0.8995
0.1052 -0.3646 -0.8995
0.1080 -0.3636 -0.9038
0.1135 -0.3614 -0.9117
0.1055 -0.3667 -0.9048
0.1071 -0.3671 -0.9008
0.1102 -0.3616 -0.9032
0.1102 -0.3616 -0.9032
0.1110 -0.3645 -0.9116
0.1083 -0.3667 -0.9125
0.1073 -0.3630 -0.9079
0.1014 -0.3614 -0.9074
0.1014 -0.3653 -0.9072
0.1014 -0.3653 -0.9072
0.1036 -0.3649 -0.9018
0.1090 -0.3640 -0.9072
0.1046 -0.3602 -0.8989
0.1148 -0.3701 -0.9349
0.1066 -0.3618 -0.9142
0.1066 -0.3618 -0.9142
0.1013 -0.3572 -0.8964
0.0981 -0.3617 -0.9148
0.1018 -0.3661 -0.9180
0.1095 -0.3655 -0.9003
0.1095 -0.3655 -0.9003
0.1014 -0.3729 -0.8921
0.1131 -0.3689 -0.9080
0.1241 -0.3692 -0.9352
0.1037 -0.3543 -0.9047
0.0889 -0.3613 -0.9003
0.0889 -0.3613 -0.9003
0.0938 -0.3614 -0.9015
0.1050 -0.3667 -0.9105
0.1206 -0.3663 -0.9172
0.1186 -0.3660 -0.9078
0.1186 -0.3660 -0.9078
0.1112 -0.3646 -0.9060
0.1022 -0.3625 -0.9040
0.1089 -0.3622 -0.9146
0.1106 -0.3602 -0.9094
0.1083 -0.3660 -0.9025
0.1022 -0.3652 -0.8808
0.1022 -0.3652 -0.8808
0.1117 -0.3654 -0.9058
0.1106 -0.3643 -0.9160
0.1085 -0.3670 -0.9148
0.1104 -0.3604 -0.8958
0.1031 -0.3599 -0.9066
0.1031 -0.3599 -0.9066
0.1080 -0.3676 -0.9232
0.1104 -0.3696 -0.9115
0.1090 -0.3708 -0.9026
0.1101 -0.3639 -0.9006
0.1101 -0.3639 -0.9006
0.1082 -0.3646 -0.9075
0.1124 -0.3618 -0.9171
0.1147 -0.3655 -0.9156
0.1104 -0.3654 -0.9087
0.1055 -0.3646 -0.9011
0.1055 -0.3646 -0.9011
0.1083 -0.3655 -0.9081
0.1113 -0.3651 -0.9083
0.1051 -0.3609 -0.9033
0.1077 -0.3616 -0.9136
0.1112 -0.3621 -0.9094
0.1112 -0.3621 -0.9094
0.1113 -0.3649 -0.9141
0.1084 -0.3645 -0.9053
0.1169 -0.3625 -0.9129
0.1150 -0.3591 -0.9026
0.1150 -0.3591 -0.9026
0.1141 -0.3566 -0.8994
0.1196 -0.3574 -0.9060
0.1175 -0.3590 -0.8969
0.1126 -0.3630 -0.8909
0.1129 -0.3613 -0.9082
0.1129 -0.3613 -0.9082
0.1091 -0.3635 -0.9166
0.1054 -0.3662 -0.9104
0.1071 -0.3635 -0.9151
0.1090 -0.3661 -0.9126
0.1089 -0.3680 -0.9111
0.1089 -0.3680 -0.9111
0.1127 -0.3707 -0.9041
0.1211 -0.3675 -0.9092
0.1213 -0.3545 -0.8860
0.1174 -0.3783 -0.9382
0.1002 -0.3457 -0.8919
0.1002 -0.3457 -0.8919
0.1029 -0.3589 -0.9202
0.1009 -0.3542 -0.8996
0.1170 -0.3689 -0.9212

