-0.0165 -0.0083 -0.0072
-0.0164 -0.0083 -0.0072
-0.0165 -0.0083 -0.0071
-0.0165 -0.0083 -0.0070
-0.0165 -0.0082 -0.0070
-0.0165 -0.0082 -0.0070
-0.0164 -0.0082 -0.0070
-0.0164 -0.0082 -0.0070
-0.0164 -0.0083 -0.0070
-0.0164 -0.0084 -0.0070
-0.0163 -0.0085 -0.0070
-0.0163 -0.0086 -0.0070
-0.0163 -0.0087 -0.0070
-0.0162 -0.0088 -0.0070
-0.0161 -0.0089 -0.0070
-0.0161 -0.0089 -0.0070
-0.0160 -0.0089 -0.0070
-0.0159 -0.0089 -0.0070
-0.0158 -0.0089 -0.0070
-0.0157 -0.0089 -0.0070
-0.0156 -0.0088 -0.0069
-0.0155 -0.0087 -0.0069
-0.0155 -0.0087 -0.0069
-0.0154 -0.0086 -0.0069
-0.0156 -0.0083 -0.0070
-0.0156 -0.0082 -0.0070
-0.0156 -0.0081 -0.0070
-0.0156 -0.0081 -0.0070
-0.0155 -0.0081 -0.0071
-0.0155 -0.0081 -0.0071
-0.0157 -0.0077 -0.0072
-0.0157 -0.0076 -0.0073
-0.0157 -0.0076 -0.0073
-0.0157 -0.0076 -0.0073
-0.0157 -0.0077 -0.0073
-0.0156 -0.0077 -0.0074
-0.0157 -0.0078 -0.0074
-0.0157 -0.0078 -0.0074
-0.0157 -0.0079 -0.0074
-0.0157 -0.0079 -0.0074
-0.0157 -0.0078 -0.0074
-0.0157 -0.0078 -0.0074
-0.0157 -0.0080 -0.0072
-0.0157 -0.0080 -0.0071
-0.0157 -0.0080 -0.0071
-0.0156 -0.0081 -0.0071
-0.0155 -0.0081 -0.0071
-0.0155 -0.0081 -0.0070
-0.0156 -0.0081 -0.0069
-0.0156 -0.0081 -0.0069
-0.0155 -0.0080 -0.0069
-0.0154 -0.0079 -0.0069
-0.0152 -0.0079 -0.0070
-0.0151 -0.0079 -0.0071
-0.0151 -0.0080 -0.0072
-0.0150 -0.0080 -0.0073
-0.0149 -0.0080 -0.0073
-0.0148 -0.0080 -0.0074
-0.0148 -0.0079 -0.0075
-0.0147 -0.0079 -0.0075
-0.0148 -0.0078 -0.0076
-0.0148 -0.0078 -0.0076
-0.0148 -0.0077 -0.0077
-0.0148 -0.0077 -0.0077
-0.0147 -0.0077 -0.0078
-0.0147 -0.0076 -0.0078
-0.0147 -0.0076 -0.0079
-0.0147 -0.0077 -0.0076
-0.0147 -0.0077 -0.0075
-0.0147 -0.0077 -0.0075
-0.0147 -0.0077 -0.0075
-0.0147 -0.0077 -0.0075
-0.0150 -0.0079 -0.0073
-0.0151 -0.0080 -0.0073
-0.0151 -0.0080 -0.0073
-0.0151 -0.0080 -0.0073
-0.0150 -0.0080 -0.0074
-0.0149 -0.0079 -0.0074
-0.0149 -0.0080 -0.0073
-0.0148 -0.0080 -0.0073
-0.0147 -0.0080 -0.0073
-0.0146 -0.0079 -0.0073
-0.0145 -0.0079 -0.0073
-0.0144 -0.0079 -0.0073
-0.0145 -0.0079 -0.0073
-0.0144 -0.0079 -0.0073
-0.0143 -0.0079 -0.0073
-0.0142 -0.0079 -0.0073
-0.0141 -0.0079 -0.0073
-0.0140 -0.0079 -0.0073
-0.0140 -0.0079 -0.0074
-0.0140 -0.0079 -0.0074
-0.0139 -0.0078 -0.0075
-0.0138 -0.0078 -0.0075
-0.0137 -0.0078 -0.0075
-0.0137 -0.0078 -0.0075
-0.0139 -0.0079 -0.0075
-0.0139 -0.0079 -0.0076
-0.0139 -0.0079 -0.0076
-0.0138 -0.0079 -0.0076
-0.0137 -0.0080 -0.0077
-0.0136 -0.0079 -0.0077
-0.0139 -0.0082 -0.0076
-0.0139 -0.0084 -0.0075
-0.0138 -0.0084 -0.0075
-0.0138 -0.0084 -0.0075
-0.0137 -0.0084 -0.0076
-0.0136 -0.0084 -0.0076
-0.0138 -0.0083 -0.0076
-0.0138 -0.0082 -0.0076
-0.0137 -0.0083 -0.0077
-0.0137 -0.0083 -0.0077
-0.0136 -0.0083 -0.0077
-0.0135 -0.0083 -0.0078
-0.0135 -0.0084 -0.0078
-0.0135 -0.0084 -0.0078
-0.0135 -0.0084 -0.0079
-0.0134 -0.0084 -0.0079
-0.0134 -0.0085 -0.0079
-0.0133 -0.0086 -0.0079
-0.0136 -0.0090 -0.0079
-0.0137 -0.0091 -0.0079
-0.0137 -0.0091 -0.0079
-0.0137 -0.0090 -0.0079
-0.0142 -0.0087 -0.0076
-0.0143 -0.0086 -0.0075
-0.0143 -0.0085 -0.0074
-0.0143 -0.0085 -0.0073
-0.0143 -0.0084 -0.0072
-0.0143 -0.0085 -0.0071
-0.0144 -0.0087 -0.0071
-0.0144 -0.0087 -0.0070
-0.0144 -0.0087 -0.0071
-0.0143 -0.0088 -0.0071
-0.0142 -0.0088 -0.0072
-0.0141 -0.0088 -0.0072
-0.0141 -0.0088 -0.0073
-0.0141 -0.0088 -0.0073
-0.0140 -0.0088 -0.0073
-0.0140 -0.0088 -0.0074
-0.0139 -0.0089 -0.0074
-0.0140 -0.0089 -0.0074
-0.0142 -0.0089 -0.0074
-0.0142 -0.0089 -0.0074
-0.0142 -0.0089 -0.0074
-0.0142 -0.0089 -0.0074
-0.0142 -0.0089 -0.0074
-0.0142 -0.0089 -0.0074
-0.0143 -0.0088 -0.0074
-0.0143 -0.0088 -0.0074
-0.0143 -0.0088 -0.0074
-0.0143 -0.0088 -0.0075
-0.0143 -0.0089 -0.0075
-0.0142 -0.0089 -0.0076
-0.0143 -0.0089 -0.0076
-0.0143 -0.0089 -0.0077
-0.0143 -0.0089 -0.0077
-0.0143 -0.0090 -0.0078
-0.0143 -0.0090 -0.0079
-0.0142 -0.0090 -0.0080
-0.0144 -0.0090 -0.0079
-0.0144 -0.0090 -0.0079
-0.0144 -0.0089 -0.0079
-0.0143 -0.0089 -0.0079
-0.0143 -0.0089 -0.0080
-0.0143 -0.0088 -0.0080
-0.0143 -0.0088 -0.0080
-0.0143 -0.0088 -0.0080
-0.0142 -0.0088 -0.0080
-0.0142 -0.0087 -0.0081
-0.0142 -0.0086 -0.0081
-0.0142 -0.0085 -0.0082
-0.0142 -0.0084 -0.0083
-0.0141 -0.0084 -0.0083
-0.0141 -0.0084 -0.0084
-0.0140 -0.0083 -0.0085
-0.0139 -0.0083 -0.0086
-0.0139 -0.0083 -0.0087
-0.0141 -0.0082 -0.0090
-0.0141 -0.0082 -0.0091
-0.0141 -0.0081 -0.0092
-0.0140 -0.0080 -0.0093
-0.0140 -0.0079 -0.0093
-0.0139 -0.0078 -0.0094
-0.0143 -0.0081 -0.0091
-0.0143 -0.0081 -0.0091
-0.0143 -0.0082 -0.0091
-0.0142 -0.0081 -0.0091
-0.0141 -0.0080 -0.0091
-0.0141 -0.0079 -0.0092
-0.0143 -0.0080 -0.0090
-0.0143 -0.0080 -0.0089
-0.0143 -0.0080 -0.0090
-0.0142 -0.0079 -0.0090
-0.0142 -0.0079 -0.0091
-0.0141 -0.0078 -0.0091
-0.0142 -0.0077 -0.0092
-0.0143 -0.0076 -0.0092
-0.0144 -0.0076 -0.0093
-0.0145 -0.0076 -0.0093
-0.0146 -0.0075 -0.0093
-0.0148 -0.0075 -0.0093
-0.0150 -0.0075 -0.0094
-0.0153 -0.0075 -0.0094
-0.0156 -0.0075 -0.0095
-0.0161 -0.0074 -0.0096
-0.0166 -0.0074 -0.0097
-0.0172 -0.0073 -0.0098
-0.0180 -0.0070 -0.0100
-0.0188 -0.0069 -0.0101
-0.0196 -0.0069 -0.0102
-0.0205 -0.0069 -0.0104
-0.0214 -0.0069 -0.0105
-0.0225 -0.0069 -0.0106
-0.0236 -0.0070 -0.0106
-0.0247 -0.0071 -0.0108
-0.0257 -0.0073 -0.0111
-0.0267 -0.0075 -0.0114
-0.0277 -0.0077 -0.0118
-0.0286 -0.0078 -0.0123
-0.0296 -0.0079 -0.0127
-0.0305 -0.0080 -0.0132
-0.0312 -0.0081 -0.0136
-0.0319 -0.0082 -0.0141
-0.0326 -0.0082 -0.0146
-0.0332 -0.0083 -0.0150
-0.0341 -0.0085 -0.0153
-0.0347 -0.0088 -0.0155
-0.0351 -0.0094 -0.0156
-0.0354 -0.0100 -0.0157
-0.0356 -0.0107 -0.0156
-0.0357 -0.0115 -0.0154
-0.0361 -0.0122 -0.0151
-0.0365 -0.0134 -0.0146
-0.0369 -0.0148 -0.0138
-0.0372 -0.0158 -0.0133
-0.0375 -0.0165 -0.0130
-0.0377 -0.0169 -0.0129
-0.0381 -0.0178 -0.0123
-0.0384 -0.0183 -0.0122
-0.0387 -0.0186 -0.0122
-0.0391 -0.0190 -0.0123
-0.0396 -0.0195 -0.0124
-0.0404 -0.0200 -0.0126
-0.0421 -0.0203 -0.0126
-0.0439 -0.0208 -0.0125
-0.0461 -0.0213 -0.0124
-0.0490 -0.0217 -0.0123
-0.0526 -0.0221 -0.0121
-0.0569 -0.0226 -0.0120
-0.0624 -0.0233 -0.0120
-0.0684 -0.0244 -0.0119
-0.0751 -0.0260 -0.0117
-0.0827 -0.0280 -0.0115
-0.0910 -0.0304 -0.0113
-0.1002 -0.0331 -0.0114
-0.1104 -0.0362 -0.0116
-0.1209 -0.0398 -0.0117
-0.1320 -0.0435 -0.0119
-0.1437 -0.0469 -0.0123
-0.1558 -0.0496 -0.0130
-0.1683 -0.0515 -0.0139
-0.1811 -0.0525 -0.0149
-0.1941 -0.0527 -0.0162
-0.2072 -0.0522 -0.0175
-0.2203 -0.0512 -0.0190
-0.2337 -0.0501 -0.0207
-0.2473 -0.0488 -0.0224
-0.2613 -0.0476 -0.0239
-0.2753 -0.0460 -0.0255
-0.2894 -0.0444 -0.0272
-0.3035 -0.0428 -0.0288
-0.3178 -0.0414 -0.0306
-0.3324 -0.0403 -0.0324
-0.3476 -0.0393 -0.0344
-0.3628 -0.0388 -0.0364
-0.3782 -0.0388 -0.0385
-0.3937 -0.0392 -0.0405
-0.4094 -0.0402 -0.0426
-0.4254 -0.0415 -0.0446
-0.4419 -0.0430 -0.0467
-0.4585 -0.0448 -0.0487
-0.4754 -0.0469 -0.0507
-0.4926 -0.0494 -0.0527
-0.5100 -0.0522 -0.0547
-0.5275 -0.0549 -0.0567
-0.5457 -0.0573 -0.0567
-0.5634 -0.0593 -0.0580
-0.5807 -0.0606 -0.0599
-0.5977 -0.0610 -0.0622
-0.6142 -0.0607 -0.0647
-0.6305 -0.0603 -0.0669
-0.6466 -0.0603 -0.0685
-0.6622 -0.0602 -0.0706
-0.6775 -0.0601 -0.0728
-0.6924 -0.0598 -0.0749
-0.7070 -0.0593 -0.0769
-0.7213 -0.0586 -0.0785
-0.7354 -0.0576 -0.0792
-0.7488 -0.0565 -0.0807
-0.7619 -0.0554 -0.0823
-0.7745 -0.0545 -0.0836
-0.7869 -0.0541 -0.0844
-0.7993 -0.0542 -0.0845
-0.8118 -0.0549 -0.0837
-0.8239 -0.0561 -0.0830
-0.8358 -0.0576 -0.0818
-0.8475 -0.0593 -0.0803
-0.8592 -0.0610 -0.0784
-0.8693 -0.0617 -0.0746
-0.8763 -0.0603 -0.0669
-0.8865 -0.0606 -0.0623
-0.8978 -0.0614 -0.0585
-0.9096 -0.0623 -0.0546
-0.9217 -0.0632 -0.0506
-0.9341 -0.0640 -0.0465
-0.9407 -0.0667 -0.0394
-0.9514 -0.0680 -0.0338
-0.9636 -0.0688 -0.0285
-0.9763 -0.0694 -0.0231
-0.9893 -0.0700 -0.0173
-1.0021 -0.0708 -0.0111
-1.0144 -0.0721 -0.0043
-1.0271 -0.0725 0.0024
-1.0400 -0.0722 0.0091
-1.0528 -0.0714 0.0156
-1.0657 -0.0699 0.0219
-1.0787 -0.0682 0.0278
-1.0926 -0.0662 0.0336
-1.1061 -0.0637 0.0388
-1.1191 -0.0599 0.0435
-1.1312 -0.0548 0.0479
-1.1428 -0.0491 0.0520
-1.1538 -0.0435 0.0562
-1.1643 -0.0386 0.0608
-1.1747 -0.0358 0.0657
-1.1849 -0.0347 0.0709
-1.1952 -0.0349 0.0762
-1.2063 -0.0356 0.0810
-1.2180 -0.0356 0.0852
-1.2295 -0.0347 0.0892
-1.2408 -0.0333 0.0930
-1.2521 -0.0318 0.0968
-1.2635 -0.0307 0.1005
-1.2750 -0.0300 0.1042
-1.2987 -0.0303 0.1123
-1.3111 -0.0318 0.1171
-1.3236 -0.0331 0.1218
-1.3364 -0.0344 0.1265
-1.3496 -0.0361 0.1314
-1.3632 -0.0379 0.1364
-1.3771 -0.0399 0.1416
-1.3915 -0.0418 0.1468
-1.4061 -0.0434 0.1521
-1.4210 -0.0448 0.1575
-1.4362 -0.0461 0.1629
-1.4517 -0.0473 0.1684
-1.4675 -0.0485 0.1740
-1.4833 -0.0502 0.1800
-1.4993 -0.0511 0.1858
-1.5155 -0.0516 0.1918
-1.5315 -0.0515 0.1980
-1.5473 -0.0513 0.2042
-1.5631 -0.0507 0.2106
-1.5786 -0.0507 0.2145
-1.5938 -0.0488 0.2205
-1.6084 -0.0457 0.2271
-1.6224 -0.0415 0.2338
-1.6357 -0.0365 0.2405
-1.6481 -0.0288 0.2480
-1.6605 -0.0232 0.2553
-1.6728 -0.0189 0.2628
-1.6851 -0.0160 0.2709
-1.6970 -0.0136 0.2797
-1.7085 -0.0114 0.2887
-1.7218 -0.0098 0.2994
-1.7326 -0.0071 0.3090
-1.7423 -0.0043 0.3180
-1.7518 -0.0019 0.3265
-1.7613 0.0002 0.3347
-1.7702 0.0017 0.3431
-1.7777 0.0026 0.3522
-1.7872 0.0032 0.3601
-1.7975 0.0034 0.3674
-1.8085 0.0032 0.3745
-1.8200 0.0024 0.3813
-1.8313 0.0010 0.3884
-1.8420 -0.0013 0.3960
-1.8536 -0.0028 0.4026
-1.8657 -0.0040 0.4088
-1.8778 -0.0051 0.4148
-1.8899 -0.0061 0.4209
-1.9021 -0.0069 0.4271
-1.9141 -0.0092 0.4346
-1.9265 -0.0104 0.4419
-1.9392 -0.0113 0.4493
-1.9522 -0.0118 0.4569
-1.9652 -0.0119 0.4646
-1.9783 -0.0116 0.4723
-1.9915 -0.0108 0.4800
-2.0080 -0.0110 0.4912
-2.0226 -0.0101 0.5001
-2.0365 -0.0084 0.5080
-2.0499 -0.0057 0.5153
-2.0629 -0.0021 0.5221
-2.0797 -0.0002 0.5314
-2.0931 0.0037 0.5383
-2.1051 0.0079 0.5441
-2.1168 0.0114 0.5495
-2.1287 0.0138 0.5544
-2.1410 0.0147 0.5588
-2.1552 0.0133 0.5639
-2.1683 0.0121 0.5675
-2.1806 0.0115 0.5702
-2.1920 0.0116 0.5724
-2.2025 0.0123 0.5744
-2.2123 0.0133 0.5763
-2.2276 0.0127 0.5833
-2.2386 0.0127 0.5874
-2.2480 0.0124 0.5911
-2.2570 0.0113 0.5951
-2.2661 0.0094 0.5996
-2.2768 0.0065 0.6056
-2.2902 0.0028 0.6136
-2.3013 -0.0008 0.6203
-2.3117 -0.0043 0.6266
-2.3220 -0.0077 0.6328
-2.3325 -0.0108 0.6389
-2.3439 -0.0134 0.6455
-2.3571 -0.0153 0.6531
-2.3688 -0.0170 0.6594
-2.3802 -0.0183 0.6654
-2.3916 -0.0194 0.6712
-2.4033 -0.0203 0.6770
-2.4033 -0.0203 0.6770
-2.4153 -0.0211 0.6830
-2.4334 -0.0217 0.6913
-2.4479 -0.0223 0.6982
-2.4614 -0.0225 0.7048
-2.4747 -0.0225 0.7113
-2.4881 -0.0223 0.7179
-2.5028 -0.0222 0.7249
-2.5197 -0.0224 0.7324
-2.5345 -0.0222 0.7396
-2.5484 -0.0212 0.7468
-2.5615 -0.0193 0.7537
-2.5735 -0.0163 0.7604
-2.5845 -0.0123 0.7667
-2.5988 -0.0088 0.7735
-2.6098 -0.0050 0.7797
-2.6197 -0.0020 0.7859
-2.6293 -0.0006 0.7926
-2.6389 -0.0007 0.7999
-2.6493 -0.0026 0.8080
-2.6608 -0.0058 0.8165
-2.6693 -0.0069 0.8239
-2.6763 -0.0067 0.8303
-2.6825 -0.0061 0.8359
-2.6886 -0.0057 0.8411
-2.6962 -0.0059 0.8462
-2.7060 -0.0068 0.8516
-2.7222 -0.0091 0.8596
-2.7305 -0.0108 0.8631
-2.7392 -0.0130 0.8663
-2.7481 -0.0154 0.8694
-2.7572 -0.0179 0.8723
-2.7664 -0.0203 0.8752
-2.7807 -0.0222 0.8806
-2.7913 -0.0237 0.8843
-2.8005 -0.0248 0.8875
-2.8100 -0.0258 0.8912
-2.8206 -0.0271 0.8962
-2.8299 -0.0280 0.9002
-2.8390 -0.0288 0.9042
-2.8482 -0.0296 0.9083
-2.8574 -0.0303 0.9124
-2.8667 -0.0308 0.9165
-2.8775 -0.0311 0.9214
-2.8874 -0.0312 0.9258
-2.8971 -0.0312 0.9301
-2.9069 -0.0311 0.9346
-2.9167 -0.0309 0.9391
-2.9264 -0.0301 0.9438
-2.9375 -0.0290 0.9496
-2.9471 -0.0270 0.9548
-2.9560 -0.0242 0.9598
-2.9643 -0.0208 0.9650
-2.9721 -0.0172 0.9702
-2.9794 -0.0137 0.9755
-2.9873 -0.0112 0.9815
-2.9945 -0.0090 0.9871
-3.0013 -0.0076 0.9926
-3.0080 -0.0070 0.9980
-3.0146 -0.0072 1.0033
-3.0212 -0.0081 1.0082
-3.0281 -0.0078 1.0127
-3.0347 -0.0092 1.0168
-3.0410 -0.0112 1.0205
-3.0468 -0.0134 1.0238
-3.0521 -0.0153 1.0266
-3.0568 -0.0167 1.0289
-3.0617 -0.0181 1.0313
-3.0652 -0.0185 1.0330
-3.0681 -0.0185 1.0343
-3.0707 -0.0186 1.0355
-3.0733 -0.0188 1.0368
-3.0759 -0.0193 1.0381
-3.0826 -0.0200 1.0423
-3.0869 -0.0210 1.0447
-3.0906 -0.0222 1.0467
-3.0943 -0.0237 1.0485
-3.0981 -0.0251 1.0503
-3.1026 -0.0265 1.0523
-3.1079 -0.0276 1.0545
-3.1120 -0.0277 1.0561
-3.1156 -0.0269 1.0574
-3.1188 -0.0254 1.0584
-3.1217 -0.0233 1.0593
-3.1244 -0.0210 1.0602
-3.1279 -0.0184 1.0611
-3.1309 -0.0163 1.0618
-3.1337 -0.0143 1.0624
-3.1364 -0.0122 1.0628
-3.1389 -0.0099 1.0630
-3.1412 -0.0074 1.0630
-3.1433 -0.0049 1.0627
-3.1454 -0.0020 1.0629
-3.1473 0.0002 1.0629
-3.1491 0.0018 1.0629
-3.1508 0.0028 1.0632
-3.1526 0.0033 1.0639
-3.1550 0.0028 1.0651
-3.1568 0.0024 1.0665
-3.1581 0.0021 1.0680
-3.1590 0.0020 1.0695
-3.1592 0.0022 1.0711
-3.1590 0.0025 1.0727
-3.1584 0.0028 1.0745
-3.1571 0.0023 1.0761
-3.1557 0.0021 1.0781
-3.1541 0.0018 1.0803
-3.1520 0.0015 1.0827
-3.1496 0.0012 1.0852
-3.1475 -0.0009 1.0874
-3.1447 -0.0020 1.0901
-3.1417 -0.0029 1.0929
-3.1383 -0.0037 1.0958
-3.1348 -0.0045 1.0987
-3.1311 -0.0055 1.1017
-3.1286 -0.0096 1.1044
-3.1258 -0.0124 1.1075
-3.1232 -0.0151 1.1108
-3.1205 -0.0176 1.1141
-3.1175 -0.0191 1.1169
-3.1137 -0.0186 1.1189
-3.1088 -0.0161 1.1202
-3.1033 -0.0141 1.1208
-3.0973 -0.0129 1.1213
-3.0908 -0.0131 1.1221
-3.0839 -0.0146 1.1234
-3.0763 -0.0172 1.1251
-3.0687 -0.0214 1.1260
-3.0596 -0.0248 1.1271
-3.0496 -0.0276 1.1276
-3.0393 -0.0298 1.1274
-3.0290 -0.0318 1.1265
-3.0188 -0.0335 1.1252
-3.0090 -0.0352 1.1238
-2.9990 -0.0357 1.1214
-2.9898 -0.0364 1.1194
-2.9810 -0.0369 1.1175
-2.9723 -0.0371 1.1155
-2.9636 -0.0373 1.1136
-2.9559 -0.0389 1.1116
-2.9474 -0.0398 1.1098
-2.9384 -0.0403 1.1081
-2.9292 -0.0406 1.1064
-2.9198 -0.0406 1.1047
-2.9103 -0.0402 1.1030
-2.9001 -0.0398 1.1015
-2.8902 -0.0388 1.0997
-2.8802 -0.0375 1.0977
-2.8700 -0.0362 1.0954
-2.8596 -0.0349 1.0929
-2.8490 -0.0340 1.0902
-2.8391 -0.0350 1.0869
-2.8284 -0.0354 1.0837
-2.8174 -0.0354 1.0802
-2.8065 -0.0347 1.0760
-2.7961 -0.0331 1.0709
-2.7862 -0.0314 1.0651
-2.7770 -0.0299 1.0583
-2.7678 -0.0299 1.0521
-2.7586 -0.0313 1.0464
-2.7494 -0.0341 1.0413
-2.7403 -0.0381 1.0367
-2.7313 -0.0423 1.0324
-2.7229 -0.0455 1.0279
-2.7156 -0.0467 1.0228
-2.7093 -0.0461 1.0170
-2.7037 -0.0447 1.0108
-2.6984 -0.0433 1.0047
-2.6933 -0.0422 0.9987
-2.6863 -0.0414 0.9928
-2.6806 -0.0416 0.9871
-2.6753 -0.0424 0.9817
-2.6700 -0.0435 0.9762
-2.6648 -0.0446 0.9708
-2.6597 -0.0455 0.9652
-2.6541 -0.0461 0.9591
-2.6490 -0.0465 0.9530
-2.6443 -0.0463 0.9466
-2.6399 -0.0457 0.9398
-2.6359 -0.0448 0.9329
-2.6324 -0.0437 0.9258
-2.6272 -0.0437 0.9186
-2.6239 -0.0427 0.9118
-2.6216 -0.0414 0.9052
-2.6197 -0.0402 0.8992
-2.6182 -0.0395 0.8936
-2.6168 -0.0395 0.8886
-2.6145 -0.0398 0.8834
-2.6128 -0.0411 0.8792
-2.6112 -0.0431 0.8755
-2.6095 -0.0456 0.8718
-2.6079 -0.0486 0.8679
-2.6064 -0.0515 0.8635
-2.6039 -0.0540 0.8580
-2.6027 -0.0556 0.8524
-2.6022 -0.0562 0.8466
-2.6019 -0.0562 0.8407
-2.6016 -0.0560 0.8347
-2.6007 -0.0560 0.8287
-2.5978 -0.0555 0.8222
-2.5952 -0.0563 0.8160
-2.5923 -0.0581 0.8100
-2.5891 -0.0603 0.8041
-2.5855 -0.0626 0.7983
-2.5813 -0.0650 0.7925
-2.5763 -0.0673 0.7867
-2.5718 -0.0691 0.7810
-2.5672 -0.0704 0.7754
-2.5624 -0.0709 0.7700
-2.5572 -0.0708 0.7646
-2.5515 -0.0703 0.7592
-2.5453 -0.0697 0.7537
-2.5379 -0.0710 0.7457
-2.5305 -0.0713 0.7390
-2.5228 -0.0715 0.7326
-2.5149 -0.0718 0.7259
-2.5067 -0.0725 0.7189
-2.4982 -0.0735 0.7114
-2.4884 -0.0755 0.6979
-2.4793 -0.0772 0.6875
-2.4704 -0.0788 0.6779
-2.4614 -0.0803 0.6683
-2.4522 -0.0816 0.6585
-2.4415 -0.0835 0.6426
-2.4316 -0.0841 0.6306
-2.4219 -0.0835 0.6201
-2.4124 -0.0818 0.6100
-2.4031 -0.0792 0.6003
-2.3939 -0.0761 0.5908
-2.3843 -0.0748 0.5783
-2.3753 -0.0719 0.5678
-2.3665 -0.0682 0.5580
-2.3580 -0.0641 0.5485
-2.3498 -0.0598 0.5391
-2.3417 -0.0560 0.5299
-2.3344 -0.0521 0.5205
-2.3265 -0.0498 0.5115
-2.3183 -0.0487 0.5027
-2.3100 -0.0485 0.4943
-2.3017 -0.0487 0.4861
-2.2935 -0.0490 0.4784
-2.2861 -0.0497 0.4707
-2.2786 -0.0500 0.4637
-2.2711 -0.0503 0.4571
-2.2634 -0.0511 0.4508
-2.2555 -0.0524 0.4446
-2.2472 -0.0542 0.4382
-2.2385 -0.0562 0.4315
-2.2294 -0.0585 0.4251
-2.2199 -0.0610 0.4187
-2.2101 -0.0634 0.4124
-2.1999 -0.0659 0.4060
-2.1893 -0.0685 0.3996
-2.1787 -0.0708 0.3930
-2.1675 -0.0732 0.3865
-2.1559 -0.0754 0.3798
-2.1438 -0.0776 0.3731
-2.1313 -0.0796 0.3662
-2.1185 -0.0815 0.3592
-2.1052 -0.0833 0.3521
-2.0928 -0.0857 0.3467
-2.0792 -0.0871 0.3400
-2.0651 -0.0879 0.3328
-2.0506 -0.0881 0.3256
-2.0358 -0.0878 0.3183
-2.0209 -0.0881 0.3115
-2.0058 -0.0874 0.3043
-1.9909 -0.0857 0.2969
-1.9762 -0.0830 0.2895
-1.9621 -0.0793 0.2823
-1.9488 -0.0744 0.2753
-1.9368 -0.0690 0.2685
-1.9252 -0.0631 0.2617
-1.9139 -0.0575 0.2547
-1.9029 -0.0530 0.2471
-1.8920 -0.0499 0.2388
-1.8815 -0.0480 0.2297
-1.8710 -0.0468 0.2207
-1.8615 -0.0459 0.2112
-1.8527 -0.0451 0.2017
-1.8446 -0.0442 0.1927
-1.8369 -0.0431 0.1840
-1.8294 -0.0420 0.1756
-1.8243 -0.0391 0.1691
-1.8173 -0.0380 0.1615
-1.8094 -0.0380 0.1536
-1.8009 -0.0388 0.1456
-1.7919 -0.0403 0.1375
-1.7833 -0.0416 0.1299
-1.7755 -0.0423 0.1228
-1.7664 -0.0441 0.1150
-1.7570 -0.0460 0.1069
-1.7475 -0.0477 0.0986
-1.7378 -0.0493 0.0901
-1.7281 -0.0505 0.0815
-1.7205 -0.0506 0.0740
-1.7111 -0.0512 0.0654
-1.7011 -0.0520 0.0562
-1.6907 -0.0527 0.0467
-1.6800 -0.0536 0.0368
-1.6690 -0.0543 0.0266
-1.6589 -0.0561 0.0172
-1.6480 -0.0566 0.0070
-1.6369 -0.0564 -0.0034
-1.6256 -0.0558 -0.0138
-1.6143 -0.0546 -0.0241
-1.6031 -0.0525 -0.0341
-1.5929 -0.0506 -0.0427
-1.5825 -0.0467 -0.0515
-1.5723 -0.0414 -0.0600
-1.5626 -0.0354 -0.0683
-1.5531 -0.0292 -0.0764
-1.5439 -0.0235 -0.0843
-1.5351 -0.0199 -0.0908
-1.5258 -0.0170 -0.0982
-1.5158 -0.0155 -0.1057
-1.5053 -0.0153 -0.1132
-1.4945 -0.0159 -0.1205
-1.4837 -0.0168 -0.1273
-1.4740 -0.0179 -0.1330
-1.4645 -0.0180 -0.1385
-1.4555 -0.0172 -0.1437
-1.4469 -0.0160 -0.1487
-1.4386 -0.0151 -0.1537
-1.4307 -0.0144 -0.1586
-1.4232 -0.0141 -0.1637
-1.4151 -0.0148 -0.1695
-1.4068 -0.0161 -0.1758
-1.3982 -0.0179 -0.1826
-1.3895 -0.0200 -0.1898
-1.3803 -0.0226 -0.1974
-1.3703 -0.0258 -0.2055
-1.3607 -0.0284 -0.2133
-1.3512 -0.0307 -0.2212
-1.3414 -0.0327 -0.2289
-1.3314 -0.0345 -0.2366
-1.3209 -0.0361 -0.2441
-1.3097 -0.0398 -0.2513
-1.2984 -0.0418 -0.2586
-1.2869 -0.0431 -0.2657
-1.2751 -0.0441 -0.2729
-1.2631 -0.0447 -0.2800
-1.2508 -0.0449 -0.2871
-1.2386 -0.0445 -0.2942
-1.2260 -0.0448 -0.3008
-1.2137 -0.0435 -0.3077
-1.2013 -0.0416 -0.3148
-1.1887 -0.0398 -0.3221
-1.1759 -0.0381 -0.3298
-1.1635 -0.0382 -0.3358
-1.1511 -0.0368 -0.3432
-1.1393 -0.0343 -0.3511
-1.1285 -0.0305 -0.3587
-1.1186 -0.0260 -0.3661
-1.1092 -0.0218 -0.3735
-1.1014 -0.0195 -0.3782
-1.0927 -0.0179 -0.3853
-1.0838 -0.0172 -0.3934
-1.0751 -0.0169 -0.4019
-1.0668 -0.0164 -0.4102
-1.0591 -0.0154 -0.4178
-1.0537 -0.0151 -0.4225
-1.0470 -0.0144 -0.4280
-1.0396 -0.0141 -0.4334
-1.0318 -0.0144 -0.4386
-1.0235 -0.0153 -0.4434
-1.0148 -0.0173 -0.4483
-1.0057 -0.0206 -0.4535
-0.9962 -0.0230 -0.4576
-0.9865 -0.0253 -0.4613
-0.9766 -0.0276 -0.4646
-0.9664 -0.0301 -0.4676
-0.9459 -0.0348 -0.4737
-0.9377 -0.0363 -0.4734
-0.9281 -0.0381 -0.4757
-0.9179 -0.0399 -0.4789
-0.9075 -0.0416 -0.4828
-0.9075 -0.0416 -0.4828
-0.8969 -0.0434 -0.4871
-0.8860 -0.0451 -0.4918
-0.8750 -0.0469 -0.4967
-0.8637 -0.0485 -0.5019
-0.8521 -0.0499 -0.5073
-0.8404 -0.0511 -0.5128
-0.8286 -0.0517 -0.5184
-0.8185 -0.0534 -0.5227
-0.8073 -0.0535 -0.5279
-0.7956 -0.0529 -0.5333
-0.7836 -0.0520 -0.5389
-0.7714 -0.0510 -0.5445
-0.7590 -0.0497 -0.5501
-0.7475 -0.0484 -0.5563
-0.7354 -0.0463 -0.5619
-0.7235 -0.0433 -0.5669
-0.7121 -0.0393 -0.5714
-0.7012 -0.0347 -0.5753
-0.6907 -0.0301 -0.5787
-0.6817 -0.0244 -0.5825
-0.6719 -0.0210 -0.5852
-0.6615 -0.0194 -0.5872
-0.6507 -0.0193 -0.5885
-0.6397 -0.0202 -0.5888
-0.6289 -0.0215 -0.5883
-0.6171 -0.0206 -0.5909
-0.6070 -0.0202 -0.5901
-0.5980 -0.0194 -0.5877
-0.5897 -0.0185 -0.5846
-0.5819 -0.0176 -0.5814
-0.5721 -0.0169 -0.5804
-0.5589 -0.0167 -0.5834
-0.5496 -0.0168 -0.5826
-0.5415 -0.0174 -0.5808
-0.5336 -0.0186 -0.5788
-0.5257 -0.0201 -0.5768
-0.5148 -0.0213 -0.5769
-0.4994 -0.0215 -0.5806
-0.4885 -0.0229 -0.5801
-0.4790 -0.0243 -0.5779
-0.4701 -0.0253 -0.5749
-0.4615 -0.0257 -0.5715
-0.4530 -0.0257 -0.5676
-0.4389 -0.0239 -0.5675
-0.4286 -0.0230 -0.5643
-0.4196 -0.0225 -0.5600
-0.4109 -0.0222 -0.5552
-0.4023 -0.0223 -0.5501
-0.3937 -0.0225 -0.5449
-0.3814 -0.0252 -0.5427
-0.3714 -0.0265 -0.5386
-0.3621 -0.0273 -0.5339
-0.3528 -0.0278 -0.5291
-0.3435 -0.0279 -0.5245
-0.3345 -0.0272 -0.5201
-0.3236 -0.0270 -0.5175
-0.3149 -0.0247 -0.5143
-0.3074 -0.0214 -0.5112
-0.3003 -0.0180 -0.5082
-0.2934 -0.0150 -0.5054
-0.2864 -0.0128 -0.5025
-0.2775 -0.0117 -0.5003
-0.2695 -0.0113 -0.4973
-0.2615 -0.0116 -0.4940
-0.2535 -0.0126 -0.4903
-0.2456 -0.0136 -0.4862
-0.2382 -0.0143 -0.4819
-0.2304 -0.0148 -0.4777
-0.2241 -0.0141 -0.4729
-0.2187 -0.0131 -0.4677
-0.2137 -0.0119 -0.4622
-0.2088 -0.0108 -0.4565
-0.2039 -0.0101 -0.4508
-0.1988 -0.0102 -0.4455
-0.1940 -0.0099 -0.4389
-0.1894 -0.0097 -0.4317
-0.1849 -0.0096 -0.4240
-0.1805 -0.0094 -0.4159
-0.1767 -0.0091 -0.4077
-0.1736 -0.0085 -0.3995
-0.1701 -0.0079 -0.3910
-0.1667 -0.0071 -0.3826
-0.1633 -0.0062 -0.3742
-0.1599 -0.0051 -0.3659
-0.1565 -0.0041 -0.3577
-0.1516 -0.0040 -0.3493
-0.1476 -0.0034 -0.3412
-0.1437 -0.0025 -0.3334
-0.1397 -0.0014 -0.3257
-0.1358 -0.0002 -0.3183
-0.1314 0.0006 -0.3108
-0.1264 0.0007 -0.3032
-0.1220 0.0018 -0.2960
-0.1178 0.0032 -0.2888
-0.1135 0.0046 -0.2814
-0.1092 0.0059 -0.2740
-0.1047 0.0072 -0.2663
-0.0998 0.0085 -0.2582
-0.0961 0.0106 -0.2516
-0.0929 0.0128 -0.2456
-0.0900 0.0148 -0.2400
-0.0873 0.0166 -0.2345
-0.0844 0.0181 -0.2285
-0.0812 0.0193 -0.2219
-0.0792 0.0207 -0.2166
-0.0778 0.0222 -0.2121
-0.0768 0.0234 -0.2078
-0.0759 0.0245 -0.2038
-0.0747 0.0251 -0.1996
-0.0726 0.0251 -0.1949
-0.0715 0.0255 -0.1911
-0.0706 0.0261 -0.1878
-0.0698 0.0267 -0.1850
-0.0690 0.0273 -0.1824
-0.0666 0.0275 -0.1786
-0.0617 0.0273 -0.1725
-0.0594 0.0273 -0.1691
-0.0578 0.0274 -0.1666
-0.0565 0.0276 -0.1643
-0.0553 0.0277 -0.1623
-0.0526 0.0282 -0.1585
-0.0513 0.0287 -0.1568
-0.0500 0.0294 -0.1554
-0.0487 0.0302 -0.1542
-0.0474 0.0312 -0.1532
-0.0474 0.0312 -0.1532
-0.0450 0.0334 -0.1514
-0.0439 0.0346 -0.1506
-0.0439 0.0346 -0.1506
-0.0423 0.0362 -0.1489
-0.0412 0.0374 -0.1479
-0.0404 0.0385 -0.1470
-0.0396 0.0395 -0.1462
-0.0389 0.0403 -0.1454
-0.0382 0.0411 -0.1445
-0.0376 0.0417 -0.1434
-0.0371 0.0422 -0.1422
-0.0365 0.0425 -0.1409
-0.0360 0.0426 -0.1397
-0.0355 0.0442 -0.1359
-0.0349 0.0449 -0.1340
-0.0345 0.0455 -0.1328
-0.0340 0.0461 -0.1319
-0.0337 0.0468 -0.1311
-0.0338 0.0478 -0.1296
-0.0348 0.0492 -0.1270
-0.0349 0.0499 -0.1255
-0.0347 0.0505 -0.1242
-0.0345 0.0509 -0.1229
-0.0342 0.0513 -0.1217
-0.0342 0.0513 -0.1199
-0.0346 0.0505 -0.1171
-0.0347 0.0506 -0.1155
-0.0347 0.0511 -0.1143
-0.0346 0.0517 -0.1132
-0.0346 0.0522 -0.1122
-0.0346 0.0519 -0.1106
-0.0347 0.0503 -0.1081
-0.0347 0.0499 -0.1067
-0.0346 0.0499 -0.1056
-0.0344 0.0500 -0.1047
-0.0343 0.0500 -0.1039
-0.0343 0.0497 -0.1027
-0.0348 0.0488 -0.1006
-0.0349 0.0484 -0.0995
-0.0350 0.0483 -0.0987
-0.0351 0.0483 -0.0981
-0.0353 0.0483 -0.0976
-0.0354 0.0485 -0.0971
-0.0357 0.0464 -0.0962
-0.0359 0.0459 -0.0956
-0.0361 0.0458 -0.0951
-0.0362 0.0459 -0.0947
-0.0363 0.0461 -0.0943
-0.0364 0.0462 -0.0939
-0.0365 0.0442 -0.0925
-0.0365 0.0436 -0.0917
-0.0366 0.0433 -0.0912
-0.0366 0.0432 -0.0908
-0.0367 0.0431 -0.0905
-0.0368 0.0431 -0.0901
-0.0376 0.0411 -0.0893
-0.0381 0.0404 -0.0889
-0.0385 0.0402 -0.0886
-0.0389 0.0401 -0.0883
-0.0394 0.0400 -0.0881
-0.0399 0.0392 -0.0877
-0.0405 0.0374 -0.0872
-0.0410 0.0365 -0.0870
-0.0414 0.0359 -0.0868
-0.0418 0.0355 -0.0867
-0.0421 0.0350 -0.0867
-0.0424 0.0345 -0.0868
-0.0430 0.0333 -0.0860
-0.0433 0.0323 -0.0857
-0.0436 0.0313 -0.0857
-0.0437 0.0303 -0.0857
-0.0439 0.0294 -0.0857
-0.0335 0.0335 -0.0714
-0.0072 0.0449 -0.0356
0.0009 0.0479 -0.0243
0.0033 0.0482 -0.0206
0.0039 0.0477 -0.0194
0.0039 0.0470 -0.0189
0.0039 0.0461 -0.0188
0.0041 0.0453 -0.0189
0.0040 0.0444 -0.0188
0.0039 0.0437 -0.0186
0.0038 0.0432 -0.0183
0.0037 0.0427 -0.0181
0.0035 0.0424 -0.0179
0.0034 0.0419 -0.0177
0.0032 0.0417 -0.0176
0.0029 0.0416 -0.0174
0.0027 0.0416 -0.0173
0.0025 0.0417 -0.0171
0.0024 0.0417 -0.0169
0.0016 0.0348 -0.0169
0.0013 0.0327 -0.0168
0.0011 0.0321 -0.0168
0.0010 0.0320 -0.0167
0.0009 0.0320 -0.0167
0.0009 0.0322 -0.0167
-0.0001 0.0296 -0.0174
-0.0004 0.0288 -0.0175
-0.0004 0.0286 -0.0176
-0.0004 0.0287 -0.0176
-0.0003 0.0288 -0.0176
-0.0003 0.0286 -0.0174
-0.0004 0.0279 -0.0171
-0.0004 0.0278 -0.0170
-0.0004 0.0278 -0.0169
-0.0003 0.0279 -0.0169
-0.0002 0.0280 -0.0169
-0.0001 0.0279 -0.0170
-0.0001 0.0277 -0.0171
0.0000 0.0276 -0.0171
0.0000 0.0276 -0.0171
0.0001 0.0276 -0.0170
0.0002 0.0277 -0.0170
0.0003 0.0278 -0.0169
0.0002 0.0277 -0.0169
0.0003 0.0277 -0.0169
0.0004 0.0279 -0.0169
0.0005 0.0280 -0.0168
0.0006 0.0280 -0.0168
0.0007 0.0281 -0.0168
0.0009 0.0283 -0.0169
0.0010 0.0284 -0.0169
0.0011 0.0285 -0.0169
0.0013 0.0285 -0.0170
0.0014 0.0286 -0.0169
0.0016 0.0286 -0.0169
0.0019 0.0284 -0.0163
0.0021 0.0283 -0.0160
0.0023 0.0283 -0.0159
0.0024 0.0283 -0.0158
0.0026 0.0283 -0.0157
0.0027 0.0284 -0.0157
0.0022 0.0279 -0.0161
0.0021 0.0278 -0.0163
0.0021 0.0278 -0.0163
0.0022 0.0279 -0.0163
0.0022 0.0279 -0.0163
0.0023 0.0278 -0.0162
0.0022 0.0276 -0.0161
0.0022 0.0275 -0.0161
0.0023 0.0275 -0.0160
0.0023 0.0275 -0.0160
0.0024 0.0276 -0.0160
0.0025 0.0276 -0.0159
0.0023 0.0274 -0.0158
0.0023 0.0274 -0.0158
0.0023 0.0274 -0.0157
0.0024 0.0275 -0.0157
0.0024 0.0275 -0.0157
0.0024 0.0274 -0.0157
0.0021 0.0271 -0.0157
0.0021 0.0270 -0.0157
0.0021 0.0270 -0.0157
0.0022 0.0270 -0.0157
0.0023 0.0271 -0.0157
0.0023 0.0271 -0.0157
0.0022 0.0271 -0.0157
0.0022 0.0272 -0.0157
0.0023 0.0273 -0.0157
0.0023 0.0274 -0.0157
0.0023 0.0275 -0.0157
0.0023 0.0277 -0.0157
0.0022 0.0278 -0.0156
0.0022 0.0279 -0.0156
0.0021 0.0280 -0.0156
0.0021 0.0282 -0.0156
0.0021 0.0282 -0.0156
0.0021 0.0282 -0.0156
0.0022 0.0282 -0.0156
0.0022 0.0282 -0.0156
0.0022 0.0283 -0.0156
0.0022 0.0284 -0.0156
0.0022 0.0285 -0.0156
0.0022 0.0286 -0.0156
0.0022 0.0288 -0.0159
0.0022 0.0290 -0.0160
0.0022 0.0291 -0.0161
0.0023 0.0291 -0.0161
0.0023 0.0292 -0.0161
0.0023 0.0292 -0.0162
0.0025 0.0292 -0.0159
0.0025 0.0293 -0.0158
0.0025 0.0293 -0.0158
0.0025 0.0293 -0.0158
0.0025 0.0293 -0.0158
0.0025 0.0293 -0.0159
0.0026 0.0293 -0.0158
0.0027 0.0293 -0.0158
0.0027 0.0292 -0.0159
0.0027 0.0292 -0.0159
0.0027 0.0291 -0.0159
0.0027 0.0290 -0.0159
0.0028 0.0288 -0.0159
0.0028 0.0288 -0.0159
0.0028 0.0288 -0.0160
0.0028 0.0289 -0.0160
0.0028 0.0290 -0.0160
0.0028 0.0291 -0.0160
0.0029 0.0292 -0.0160
0.0029 0.0293 -0.0161
0.0029 0.0294 -0.0161
0.0029 0.0294 -0.0161
0.0030 0.0294 -0.0161
0.0031 0.0293 -0.0161
0.0032 0.0291 -0.0160
0.0033 0.0290 -0.0161
0.0034 0.0291 -0.0161
0.0035 0.0291 -0.0162
0.0035 0.0291 -0.0162
0.0035 0.0292 -0.0162
0.0035 0.0288 -0.0159
0.0034 0.0288 -0.0159
0.0035 0.0288 -0.0159
0.0035 0.0288 -0.0159
0.0036 0.0288 -0.0160
0.0037 0.0288 -0.0160
0.0034 0.0288 -0.0158
0.0034 0.0288 -0.0157
0.0033 0.0289 -0.0158
0.0033 0.0290 -0.0158
0.0033 0.0291 -0.0158
0.0033 0.0292 -0.0159
0.0033 0.0291 -0.0159
0.0032 0.0291 -0.0159
0.0032 0.0291 -0.0160
0.0032 0.0291 -0.0160
0.0032 0.0292 -0.0161
0.0031 0.0292 -0.0160
0.0030 0.0291 -0.0159
0.0029 0.0290 -0.0158
0.0029 0.0290 -0.0159
0.0029 0.0291 -0.0159
0.0029 0.0291 -0.0160
0.0030 0.0291 -0.0159
0.0030 0.0290 -0.0158
0.0031 0.0290 -0.0157
0.0031 0.0290 -0.0157
0.0031 0.0291 -0.0157
0.0032 0.0292 -0.0157
0.0032 0.0292 -0.0157
0.0033 0.0291 -0.0156
0.0033 0.0291 -0.0155
0.0033 0.0291 -0.0155
0.0034 0.0291 -0.0155
0.0034 0.0292 -0.0155
0.0034 0.0291 -0.0155
0.0034 0.0288 -0.0155
0.0034 0.0287 -0.0155
0.0033 0.0287 -0.0155
0.0033 0.0287 -0.0155
0.0033 0.0287 -0.0155
0.0033 0.0287 -0.0155
0.0033 0.0284 -0.0154
0.0033 0.0283 -0.0154
0.0033 0.0282 -0.0154
0.0033 0.0282 -0.0154
0.0033 0.0282 -0.0154
0.0033 0.0282 -0.0154
0.0032 0.0283 -0.0155
0.0032 0.0284 -0.0155
0.0032 0.0284 -0.0155
0.0032 0.0284 -0.0155
0.0032 0.0285 -0.0156
0.0033 0.0285 -0.0156
0.0032 0.0285 -0.0156
0.0033 0.0285 -0.0156
0.0033 0.0285 -0.0155
0.0032 0.0285 -0.0155
0.0032 0.0286 -0.0155
0.0033 0.0287 -0.0155
0.0033 0.0287 -0.0156
0.0034 0.0287 -0.0156
0.0034 0.0288 -0.0156
0.0035 0.0289 -0.0156
0.0035 0.0289 -0.0156
0.0034 0.0290 -0.0156
0.0034 0.0290 -0.0157
0.0034 0.0290 -0.0157
0.0033 0.0290 -0.0157
0.0033 0.0291 -0.0157
0.0033 0.0292 -0.0158
0.0033 0.0291 -0.0158
0.0034 0.0291 -0.0160
0.0034 0.0290 -0.0161
0.0034 0.0290 -0.0161
0.0034 0.0290 -0.0161
0.0034 0.0290 -0.0161
0.0034 0.0290 -0.0161
0.0034 0.0290 -0.0162
0.0034 0.0290 -0.0163
0.0035 0.0291 -0.0163
0.0035 0.0291 -0.0163
0.0035 0.0292 -0.0163
0.0036 0.0292 -0.0163
0.0036 0.0291 -0.0163
0.0036 0.0291 -0.0164
0.0036 0.0291 -0.0164
0.0036 0.0292 -0.0164
0.0037 0.0293 -0.0164
0.0038 0.0293 -0.0164
0.0038 0.0293 -0.0165
0.0038 0.0293 -0.0166
0.0039 0.0293 -0.0166
0.0040 0.0294 -0.0166
0.0041 0.0295 -0.0166
0.0042 0.0296 -0.0166
0.0041 0.0295 -0.0167
0.0041 0.0296 -0.0167
0.0041 0.0297 -0.0167
0.0042 0.0298 -0.0167
0.0042 0.0299 -0.0167
0.0042 0.0299 -0.0167
0.0041 0.0298 -0.0166
0.0041 0.0298 -0.0166
0.0040 0.0297 -0.0165
0.0040 0.0296 -0.0165
0.0039 0.0296 -0.0164
0.0038 0.0295 -0.0164
0.0034 0.0292 -0.0165
0.0033 0.0292 -0.0165
0.0033 0.0292 -0.0165
0.0033 0.0292 -0.0164
0.0033 0.0293 -0.0164
0.0033 0.0293 -0.0163
0.0032 0.0292 -0.0163
0.0032 0.0292 -0.0162
0.0031 0.0292 -0.0161
0.0031 0.0291 -0.0160

