-0.0193 0.0611 0.0717
-0.0219 0.0160 0.0744
-0.0489 0.0236 0.0702
-0.0462 0.0899 0.0260
0.0084 0.0436 -0.0043
0.0262 -0.0007 -0.0009
0.0284 -0.0350 0.0135
0.0072 -0.0294 0.0148
0.0033 -0.0105 0.0149
0.0063 0.0169 0.0032
-0.0034 0.0216 0.0061
-0.0154 -0.0034 0.0096
-0.0283 -0.0421 0.0199
-0.0432 -0.0296 0.0147
-0.0331 0.0189 0.0150
-0.0080 0.0178 0.0171
0.0393 0.0114 0.0217
0.0699 0.0004 0.0186
0.0830 -0.0015 0.0186
0.0121 -0.0016 0.0149
-0.0263 0.0031 0.0177
-0.0609 -0.0059 0.0175
-0.0181 -0.0104 0.0111
0.0229 -0.0005 0.0073
0.0847 0.0094 -0.0040
0.0721 0.0266 -0.0125
0.0543 0.0287 -0.0200
0.0297 0.0166 -0.0252
0.0233 0.0035 0.0022
0.0342 0.0074 0.0099
0.0600 0.0132 0.0039
0.0692 0.0150 -0.0051
0.0639 0.0280 -0.0115
0.0292 0.0360 0.0141
0.0182 0.0295 0.0319
0.0433 0.0141 0.0386
0.0644 -0.0179 0.0170
0.0660 -0.0141 0.0045
0.0296 0.0345 -0.0105
0.0099 0.0367 -0.0115
0.0247 0.0041 -0.0035
0.0505 -0.0086 -0.0015
0.0350 0.0382 -0.0066
0.0303 0.0534 0.0000
-0.0064 0.0308 0.0205
-0.0326 -0.0357 0.0314
-0.0392 -0.0499 0.0229
-0.0212 -0.0216 0.0215
-0.0182 0.0374 0.0053
-0.0220 0.0548 0.0040
0.0011 0.0273 0.0157
0.0332 -0.0124 0.0198
0.0319 -0.0207 0.0182
-0.0127 -0.0188 0.0163
-0.0350 0.0196 0.0085
-0.0298 0.0402 0.0142
0.0182 0.0781 0.0474
0.2836 0.2492 -0.1031
0.2556 0.0239 -0.1450
-0.0071 -0.0625 0.0544
-0.1785 -0.0302 0.0681
-0.1743 -0.0018 0.0736
-0.0245 0.0232 0.0759
0.0961 0.0715 0.0460
0.1876 0.0306 -0.0058
-0.0360 -0.0129 0.0600
-0.0086 0.0116 0.0840
0.0077 0.0475 0.0803
-0.0099 0.1051 0.0684
-0.0579 0.0971 0.0536
-0.0577 0.0721 0.0402
-0.0255 0.0846 0.0303
-0.0047 0.1020 0.0694
0.0042 0.1352 0.0998
0.0352 0.2546 0.1758
0.0299 0.3870 0.2249
-0.0142 0.4344 0.2473
-0.2025 0.4868 0.2696
-0.3578 0.4650 0.2824
-0.3634 0.4258 0.3117
-0.2788 0.3942 0.3901
-0.2163 0.5620 0.4386
-0.2042 0.6863 0.4353
-0.1843 0.8561 0.4471
-0.1953 0.9090 0.4443
-0.2959 0.9477 0.3713
-0.4934 0.9368 0.3052
-0.6279 0.9562 0.3245
-0.8628 1.0939 0.3243
-0.9946 1.0201 0.3412
-1.0643 1.0039 0.4196
-1.2526 0.9809 0.6187
-1.5162 0.9134 0.7928
-1.6347 0.9269 0.8455
-1.8687 1.0393 0.7088
-1.8771 1.4517 0.9130
-1.8372 1.6314 1.1526
-1.9518 2.2414 1.7507
-2.1624 2.0875 2.2557
-2.3004 1.2173 2.3254
-2.1957 0.1755 2.3094
-1.6056 0.5133 2.1130
-1.2215 0.6080 1.9572
-0.7227 0.5657 1.6258
-0.6412 0.5574 1.4209
-0.7194 0.5814 1.3416
-0.8897 0.7543 1.3074
-0.9155 0.8804 1.3747
-0.9028 0.9320 1.4037
-0.8760 0.8551 1.4274
-0.8102 0.6247 1.4556
-0.7558 0.5366 1.4885
-0.6446 0.5250 1.5683
-0.6684 0.6042 1.5873
-0.9800 0.7665 1.5205
-1.4669 0.6781 1.3717
-1.8603 0.4893 1.1309
-1.9750 0.4312 0.9516
-1.9978 0.2772 0.5225
-1.9052 0.0855 0.3387
-1.4731 -0.4343 0.2234
-0.7145 -0.6179 0.3474
-0.2934 -0.4658 0.4164
0.2894 -0.1187 0.4946
0.3455 0.2465 0.4996
0.2576 0.4275 0.4681
0.1315 0.7258 0.3689
0.2001 0.7465 0.2554
0.3026 0.7050 0.1844
0.5080 0.6131 0.0053
0.6065 0.4916 -0.1051
0.6019 0.4194 -0.1277
0.5077 0.2971 -0.1407
0.3522 0.2633 -0.1108
0.2678 0.2380 -0.0852
0.1538 0.1145 -0.0069
0.1313 -0.0677 0.0401
0.1098 -0.1630 0.0382
0.0807 -0.2478 0.0138
0.0934 -0.2304 -0.0189
0.1875 -0.0206 -0.0869
0.1906 0.1909 -0.1254
0.0837 0.2769 -0.1083
0.0340 0.2904 -0.0955
-0.0048 0.2586 -0.0834
-0.0064 0.2472 -0.0854
0.0270 0.2662 -0.0993
0.0407 0.2688 -0.1081
0.0310 0.2550 -0.1032
0.0634 0.1608 -0.0398
0.1309 -0.0274 0.0543
0.1613 -0.0691 0.1460
0.0832 0.0398 0.3651
-0.3127 0.0377 0.4850
-0.5184 -0.0266 0.5019
-0.6226 -0.1379 0.4854
-0.2319 0.0164 0.5525
0.0597 0.2159 0.6889
0.4169 0.6441 1.1367
0.1975 0.8619 1.6141
-0.0499 0.8469 1.7842
-0.5708 0.4886 1.9218
-0.7668 -0.1409 1.8023
-0.7126 -0.4181 1.6833
-0.4042 -0.8043 1.4202
0.0613 -0.7421 1.3011
0.2356 -0.5346 1.2883
0.3447 -0.0172 1.4082
0.2850 0.2342 1.5565
0.1562 0.5514 1.9977
0.1957 0.6909 2.3987
0.3838 0.7525 2.5735
0.4679 0.7858 2.5868
0.5105 0.8070 2.5181
0.4064 0.7084 2.3400
0.3423 0.6332 2.2009
0.2500 0.4223 1.8329
0.2283 0.2921 1.6207
0.2293 0.1585 1.1571
0.2632 0.1334 0.7198
0.2699 0.1363 0.5453
0.1787 0.1219 0.2758
-0.0149 0.0253 0.1030
-0.0953 -0.0412 0.0255
-0.1755 -0.1527 -0.2130
-0.0920 -0.2766 -0.4603
-0.0183 -0.2728 -0.5344
-0.0492 -0.2845 -0.6359
-0.2582 -0.4537 -0.7492
-0.3562 -0.5646 -0.8719
-0.4228 -0.8183 -1.2072
-0.0897 -0.9976 -1.4693
0.2682 -0.9354 -1.5213
1.0100 -0.7006 -1.4185
1.2104 -0.7421 -1.1646
1.0644 -0.9133 -1.1052
0.4760 -1.4291 -1.2848
0.1537 -1.6705 -1.5198
-0.1387 -1.8211 -2.1796
0.1148 -1.5337 -2.8480
0.4041 -1.0761 -3.1819
0.4468 -0.9062 -3.1830
0.4165 -0.6312 -2.9551
0.3657 -0.5304 -2.7864
0.1815 -0.4285 -2.4230
0.0127 -0.3800 -2.0706
-0.0330 -0.3852 -1.9285
-0.1146 -0.3493 -1.7382
-0.2585 -0.4026 -1.6549
-0.3471 -0.4504 -1.6229
-0.4966 -0.4797 -1.5901
-0.4965 -0.3299 -1.5383
-0.4563 -0.2424 -1.4800
-0.3049 -0.1348 -1.2757
-0.0626 -0.0956 -0.9592
0.0641 -0.0567 -0.7523
0.2200 -0.0021 -0.2724
0.2237 -0.0297 0.1912
0.1759 -0.0796 0.3583
0.0903 -0.1535 0.5216
0.0595 -0.0380 0.5248
0.0473 0.0785 0.4673
-0.0248 0.3264 0.3184
-0.0770 0.4421 0.2694
-0.1580 0.5686 0.2616
-0.0807 0.6188 0.3877
0.1869 0.7578 0.6787
0.3366 0.9053 0.8980
0.4445 1.2352 1.4239
0.3609 1.3331 1.6806
-0.0174 1.3462 2.0946
-0.5042 1.0911 2.2474
-0.7028 0.8505 2.1962
-0.8684 0.1628 1.9350
-0.5672 -0.0955 1.6670
-0.3042 0.0177 1.5842
0.2080 0.4569 1.6578
0.3301 0.9375 2.0497
0.2213 1.0175 2.2523
-0.0128 0.8972 2.5127
0.0723 0.5244 2.5336
0.2318 0.3208 2.4720
0.5241 0.1216 2.2369
0.4522 0.1148 1.8880
0.2633 0.1170 1.6889
-0.1296 0.1841 1.2670
-0.2797 0.1590 0.8127
-0.2445 0.1154 0.5948
-0.0419 0.1841 0.2856
0.0647 0.3589 0.2215
0.0052 0.4038 0.2448
-0.2411 0.3954 0.2679
-0.3584 0.3511 0.2309
-0.4424 0.2051 0.0344
-0.3423 0.1598 -0.2491
-0.3397 0.3678 -0.5381
-0.4460 0.4053 -0.6472
-0.6857 0.2461 -0.8449
-0.7202 -0.1357 -1.2239
-0.6445 -0.3833 -1.4562
-0.2364 -0.7534 -1.8175
0.4716 -0.7258 -1.8272
0.7813 -0.5705 -1.7158
0.9149 -0.3656 -1.4038
0.6909 -0.4148 -1.3084
-0.0737 -0.8008 -1.4531
-0.6411 -1.1359 -2.0463
-0.6448 -1.1609 -2.4646
-0.1901 -1.0269 -3.2106
0.2901 -0.8524 -3.3888
0.3875 -0.7571 -3.2894
0.3169 -0.6134 -2.9102
0.0905 -0.5443 -2.4838
0.0198 -0.5456 -2.3035
0.0501 -0.5265 -2.0311
0.1827 -0.4341 -1.8593
0.2111 -0.3966 -1.8014
0.1587 -0.4235 -1.6907
0.1027 -0.4253 -1.6372
-0.0201 -0.4172 -1.5574
-0.0390 -0.2871 -1.4570
0.0352 -0.1215 -1.2620
0.0728 -0.0683 -1.1159
0.1056 0.0207 -0.7354
0.1156 0.0797 -0.5036
0.1719 0.2311 -0.0006
0.2204 0.2041 0.4498
0.2346 0.1051 0.6360
0.2604 -0.1346 0.8791
0.2274 -0.2820 0.9194
0.2167 -0.2756 0.9037
0.2524 -0.0761 0.9039
0.3120 0.2735 0.9767
0.3503 0.4699 1.0519
0.4887 0.9461 1.3408
0.6120 1.3706 1.8022
0.6091 1.5313 2.0555
0.3703 1.7923 2.5105
-0.1988 1.7644 2.8209
-0.5789 1.4507 2.8718
-1.2662 0.3579 2.7124
-1.2893 -0.6772 2.3288
-0.9986 -0.9206 2.1161
-0.1568 -0.9587 1.7806
0.4069 -0.4621 1.7462
0.4489 -0.0863 1.8851
0.2149 0.6089 2.3903
0.0599 0.8578 2.6936
-0.0672 1.1401 3.1784
0.1383 1.2049 3.3187
0.4312 1.1934 3.2148
0.5238 1.1216 3.1160
0.5412 0.8595 2.8658
0.4954 0.7169 2.7163
0.3811 0.4665 2.2955
0.3326 0.3191 1.7553
0.3183 0.2619 1.4746
0.2559 0.1170 0.9474
0.1702 -0.0749 0.5068
0.1243 -0.1663 0.3294
0.0293 -0.2966 0.0521
0.0175 -0.3145 -0.1413
0.0420 -0.2614 -0.2099
-0.0151 -0.1911 -0.3358
-0.1472 -0.4673 -0.4679
-0.1757 -0.5897 -0.5682
-0.0846 -0.7728 -0.8863
0.3263 -0.8768 -1.1510
0.6457 -0.8223 -1.1826
1.1959 -0.4755 -0.9999
1.2333 -0.0856 -0.6010
1.0252 -0.0193 -0.4264
0.2789 -0.2789 -0.2936
-0.6386 -0.9381 -0.4875
-1.1125 -1.3722 -1.0341
-1.0559 -1.3591 -1.3974
-0.8429 -1.1988 -1.7591
-0.2651 -0.7024 -2.3015
0.0194 -0.2640 -2.4297
-0.1010 0.1800 -2.2285
-0.2326 0.4106 -2.0638
-0.5274 0.7563 -1.7277
-0.6384 0.8989 -1.5618
-0.7620 1.1969 -1.2809
-0.8716 1.3805 -1.1623
-0.9478 1.4832 -1.1498
-1.1620 1.7922 -1.2234
-1.2783 2.0842 -1.4113
-1.2022 2.0948 -1.4888
-0.8129 1.8121 -1.4854
-0.3327 1.2911 -1.2510
-0.1523 1.0102 -1.0609
0.0361 0.4270 -0.5365
0.0796 -0.2080 0.0710
0.0815 -0.5100 0.3325
0.1273 -1.0190 0.6647
0.2114 -1.1987 0.7548
0.5118 -1.1841 0.8357
0.7945 -0.6596 0.8913
0.6706 -0.1232 0.9905
0.4142 0.0317 0.9991
-0.2369 -0.2670 0.7180
-0.3334 -1.1402 -0.0260
0.0301 -1.4468 -0.4991
1.2372 -1.4168 -1.2232
1.7678 -1.0770 -1.3476
2.0256 -0.4121 -1.1474
1.2870 -0.0983 -0.8030
0.3512 -0.3929 -0.7956
0.0443 -0.6628 -0.9358
-0.0723 -1.1731 -1.4463
0.0665 -1.4142 -1.7655
0.4685 -1.7990 -2.2981
0.6810 -2.0342 -2.4966
0.6841 -2.0302 -2.4884
0.6234 -1.7738 -2.2816
0.6431 -1.4052 -1.8647
0.6875 -1.1914 -1.6305
0.7670 -0.8289 -1.2802
0.7219 -0.8144 -1.1990
0.6523 -0.9278 -1.2305
0.4882 -1.2910 -1.4352
0.3623 -1.7750 -1.8187
0.3093 -1.9606 -2.0531
0.1624 -2.2011 -2.5073
-0.0646 -2.3253 -2.8067
-0.1074 -2.3533 -2.8833
-0.0033 -2.2289 -2.9153
0.0474 -1.9667 -2.8863
0.0390 -1.8288 -2.8577
0.0966 -1.6288 -2.7815
0.1715 -1.6104 -2.7270
0.3982 -1.5761 -2.5370
0.5532 -1.3035 -2.2161
0.3155 -0.7429 -1.9279
-0.0119 -0.6972 -1.8891
-0.7176 -1.1716 -2.0965
-0.8188 -1.4047 -2.3179
-0.4149 -1.4493 -2.6911
0.2684 -1.2008 -2.5904
0.5028 -1.0412 -2.3914
0.6298 -0.7759 -1.8991
0.5290 -0.4406 -1.4444
0.4384 -0.3459 -1.2736
0.3115 -0.3804 -1.0010
0.3720 -0.5109 -0.8919
0.4501 -0.6747 -0.8972
0.6256 -1.0869 -0.9710
0.7540 -1.3353 -1.1462
0.7751 -1.3760 -1.2328
0.7198 -1.4126 -1.3382
0.5736 -1.2872 -1.3462
0.5023 -1.1912 -1.3212
0.3792 -1.0788 -1.2091
0.3668 -1.0804 -1.0741
0.4083 -1.0428 -1.0190
0.4338 -0.8516 -0.9600
0.3320 -0.6461 -0.9218
0.2663 -0.5350 -0.9124
0.1925 -0.4348 -0.8777
0.1921 -0.4575 -0.8393
0.2243 -0.4950 -0.7726
0.2477 -0.4779 -0.7347
0.2447 -0.3085 -0.7462
0.2019 -0.2520 -0.7712
0.1249 -0.2920 -0.8115
0.1158 -0.3266 -0.8197
0.1116 -0.3157 -0.7966
0.0971 -0.1038 -0.7500
0.0479 0.2044 -0.7431
-0.0031 0.2974 -0.7448
-0.1113 0.3475 -0.7516
-0.1650 0.2411 -0.7492
-0.2152 -0.0281 -0.6770
-0.1720 -0.1129 -0.5252
-0.1171 -0.0553 -0.4293
0.0099 0.1384 -0.2394
0.0496 0.3235 -0.0261
0.0480 0.3407 0.0828
0.1194 0.3469 0.3257
0.1985 0.3132 0.5019
0.1869 0.2893 0.5342
0.0804 0.3336 0.5136
-0.0027 0.3565 0.4249
-0.1163 0.3435 0.1244
-0.0084 0.3761 -0.1596
0.0789 0.4269 -0.2261
0.1277 0.5074 -0.2082
0.0205 0.1902 -0.0849
0.0206 -0.0166 0.0121
0.1379 -0.3110 0.1845
0.2431 -0.2531 0.2714
0.2608 -0.1374 0.3018
0.2134 0.0793 0.3543
0.1313 0.0583 0.3168
0.0976 -0.0143 0.2576
0.0573 -0.2096 0.1208
0.1118 -0.2768 -0.0431
0.1310 -0.2852 -0.1568
0.1300 -0.2717 -0.3928
0.1153 -0.2174 -0.5234
0.1019 -0.1833 -0.5296
0.0852 -0.1280 -0.4622
0.1232 -0.2095 -0.3888
0.1702 -0.2593 -0.3826
0.2739 -0.2973 -0.4140
0.2604 -0.3390 -0.4388
0.2120 -0.3784 -0.4359
0.0978 -0.5201 -0.4431
0.0552 -0.5613 -0.4677
0.0110 -0.6461 -0.5640
-0.0287 -0.7210 -0.7152
-0.0887 -0.7415 -0.8630
-0.1301 -0.7638 -0.9206
-0.2044 -0.8489 -0.9823
-0.2386 -0.9004 -0.9919
-0.3002 -1.0032 -0.9896
-0.2762 -1.0532 -0.9721
-0.1925 -1.0647 -0.9621
-0.1869 -1.0930 -0.9452
-0.2595 -1.2647 -0.9290
-0.3238 -1.4039 -0.9421
-0.4430 -1.7405 -0.9774
-0.5513 -2.0685 -1.0198
-0.6237 -2.1276 -1.0374
-0.8857 -2.0211 -1.0693
-1.2958 -1.8968 -1.1434
-1.5122 -1.9268 -1.2185
-1.8326 -2.3031 -1.5615
-1.6319 -2.6854 -1.9699
-1.2763 -2.6468 -2.1054
-0.4574 -2.0544 -2.1789
-0.2800 -1.3061 -2.0351
-0.5146 -1.0502 -1.9726
-1.1651 -0.7032 -2.0488
-1.4419 -0.7418 -2.4094
-1.3566 -0.9870 -2.6789
-0.8771 -1.6354 -3.2550
-0.6283 -1.9032 -3.4858
-0.2257 -2.0554 -3.6714
0.1129 -1.8546 -3.4982
0.3053 -1.4994 -3.1159
0.3061 -1.3410 -2.9203
0.0730 -0.9231 -2.6950
-0.1299 -0.6245 -2.6605
-0.4451 -0.1444 -2.6356
-0.4078 -0.1533 -2.6102
-0.1094 -0.5786 -2.5792
0.0372 -0.8895 -2.5362
0.1296 -1.3189 -2.3666
0.0625 -1.3398 -2.2486
-0.1340 -1.0293 -1.9431
-0.2355 -0.4465 -1.6256
-0.2569 -0.2237 -1.4719
-0.2223 -0.0651 -1.1223
-0.0209 -0.2521 -0.8000
0.0853 -0.4030 -0.6698
0.1435 -0.6389 -0.4736
0.0425 -0.6717 -0.3474
-0.0062 -0.6240 -0.3287
-0.0666 -0.3477 -0.3481
-0.1457 0.0384 -0.3452
-0.2277 0.1546 -0.3422
-0.3274 0.2598 -0.3144
-0.2271 0.4147 -0.2599
-0.1336 0.5135 -0.1896
0.0776 0.7379 0.1018
0.1686 0.8579 0.3194
0.2561 1.0261 0.8212
0.1336 1.0800 1.2862
0.0319 1.0598 1.4665
-0.1602 0.9517 1.7077
-0.2624 0.8123 1.8493
-0.2752 0.7642 1.9088
-0.2493 0.7309 1.9906
-0.1374 0.7747 2.0659
-0.0644 0.8413 2.1241
0.0328 1.0874 2.2358
0.0776 1.3644 2.3297
0.0970 1.4377 2.3518
0.1652 1.3748 2.3201
0.2811 1.0468 2.2519
0.3420 0.8693 2.1995
0.4464 0.5978 2.0400
0.4629 0.5099 1.8104
0.3949 0.4615 1.6635
0.2180 0.3003 1.3507
0.1691 0.0826 1.0401
0.2145 -0.0159 0.9015
0.2868 -0.0972 0.6639
0.2346 -0.0633 0.5203
0.1659 -0.0396 0.4767
-0.0389 -0.0793 0.3966
-0.1605 -0.1630 0.3219
-0.3174 -0.4458 0.1135
-0.3008 -0.7477 -0.0624
-0.3447 -0.7520 -0.2269
-0.4983 -0.6918 -0.3133
-1.0371 -0.8369 -0.6393
-1.2561 -1.0242 -0.8951
-1.0387 -1.2251 -1.4332
0.0614 -0.8247 -1.6794
0.6182 -0.5540 -1.5758
1.0701 -0.1672 -1.0525
0.5662 -0.3109 -0.6500
0.1704 -0.5216 -0.6478
-0.3932 -1.0419 -1.0003
-0.2847 -1.1757 -1.6652
-0.0276 -1.0550 -2.0200
0.4442 -0.6727 -2.4812
0.4111 -0.4429 -2.5246
0.2424 -0.3790 -2.4598
-0.0904 -0.3166 -2.2574
-0.2304 -0.2922 -2.0943
-0.2377 -0.2856 -2.0402
-0.3101 -0.2104 -1.9498
-0.9703 0.1670 -1.8904
-1.4831 0.1664 -1.7721
-2.3040 -0.0652 -1.2681
-2.4855 -0.0560 -0.9926
-2.2321 -0.0429 -0.6783
-1.5331 -0.1039 -0.6003
-0.7456 -0.1327 -0.1769
-0.3551 -0.1975 0.1160
0.3513 -0.2640 0.7093
0.8400 -0.2345 1.1693
0.8882 -0.2685 1.3273
0.3914 -0.3338 1.5074
0.1254 -0.1667 1.5237
-0.2136 0.1911 1.3830
-0.3496 0.3979 1.0988
-0.3104 0.5452 0.8473
-0.2288 0.6172 0.7850
-0.0086 0.8481 0.8842
0.2492 1.1220 1.3314
0.3397 1.2481 1.6260
0.3020 1.2423 2.1664
0.1836 1.0899 2.3454
-0.0743 0.6490 2.3504
-0.1653 0.1102 1.9584
-0.1158 -0.0226 1.7101
0.1326 0.1129 1.3856
0.3808 0.5680 1.4879
0.4517 0.7623 1.6678
0.5148 0.9491 2.0632
0.5533 0.7279 2.2681
0.6141 0.5747 2.2680
0.7750 0.3414 2.0934
0.8445 0.3039 1.9620
0.8578 0.3440 1.6718
0.6910 0.3782 1.4084
0.5561 0.3226 1.2924
0.3130 0.1431 1.0671
0.2211 0.0339 0.8133
0.1975 0.0069 0.6856
0.0807 -0.0342 0.4228
-0.0976 0.0270 0.1742
-0.1474 0.0208 0.0915
-0.1796 -0.0889 -0.0371
-0.2469 -0.2901 -0.1603
-0.2796 -0.4132 -0.2444
-0.2348 -0.5023 -0.3890
-0.2804 -0.4175 -0.4670
-0.4675 -0.4382 -0.5354
-0.9228 -0.7368 -0.7780
-0.9565 -1.0512 -1.1593
-0.7172 -1.0546 -1.3387
0.1573 -0.4212 -1.4744
0.8284 0.3055 -1.1450
0.8945 0.4568 -0.8473
0.5568 0.1610 -0.3167
-0.0569 -0.6623 -0.1447
-0.2724 -1.0108 -0.2299
-0.2553 -1.1630 -0.7127
0.2147 -0.8007 -1.3133
0.4401 -0.4918 -1.5042
0.5322 0.0557 -1.6231
0.4251 0.2301 -1.5865
0.1452 0.4177 -1.4067
-0.0123 0.2178 -1.1214
-0.0016 -0.1265 -0.8421
0.0259 -0.2575 -0.7437
0.0153 -0.4736 -0.6253
-0.0376 -0.5025 -0.5924
-0.2316 -0.6117 -0.5955
-0.5076 -0.6928 -0.7308
-0.6417 -0.5722 -0.9776
-0.6052 -0.4834 -1.0977
-0.3687 -0.3338 -1.1861
-0.2127 -0.2415 -1.1235
0.0178 -0.0281 -0.8280
0.0836 0.1604 -0.3495
0.0668 0.1979 -0.1024
0.0085 0.1372 0.2747
0.0988 -0.1088 0.4697
0.1909 -0.2369 0.5362
0.3179 -0.3778 0.6522
0.2508 -0.4648 0.7434
0.1772 -0.4903 0.7912
0.1159 -0.5262 0.9332
0.2705 -0.5488 1.0884
0.4562 -0.4041 1.1481
0.9192 0.2291 1.2819
1.1111 0.6065 1.4216
1.1471 1.2583 1.8393
0.6473 1.5066 2.2116
-0.0407 1.1894 2.2628
-0.2797 0.9176 2.1503
-0.3349 0.3555 1.6627
0.0602 -0.0092 1.0301
0.2940 -0.0656 0.7829
0.6205 0.0274 0.6206
0.7007 0.0416 0.6866
0.7540 0.1175 1.0308
0.7643 0.2961 1.3696
0.7671 0.3740 1.4249
0.7899 0.4707 1.3258
0.8118 0.4744 1.0790
0.8233 0.4101 0.9216
0.8161 0.1995 0.5700
0.7480 0.1288 0.2596
0.6950 0.1857 0.1376
0.5691 0.4405 0.0054
0.4263 0.8135 -0.0087
0.3386 0.9605 0.0411
0.0308 1.1978 0.1657
-0.4630 1.4222 0.2152
-0.6908 1.5368 0.2046
-0.9338 1.5936 0.2441
-0.9383 1.5699 0.3969
-1.0266 1.3332 0.8192
-1.5470 0.2922 0.8441
-1.6961 -0.9944 0.3936
-1.3623 -1.3522 0.0912
-0.0554 -1.1125 -0.2266
0.5932 -0.6244 -0.1219
1.2819 0.3809 0.4914
0.8753 0.6434 1.0805
0.4273 0.3017 1.1493
-0.3153 -0.8230 0.7864
-0.2361 -1.4174 0.0622
0.0920 -1.3481 -0.3016
0.8280 -0.8324 -0.7140
1.0677 -0.4061 -0.5817
0.9002 -0.2690 -0.3989
0.2624 0.0396 0.0047
-0.2592 0.3880 0.3706
-0.3701 0.5056 0.5232
-0.4131 0.7129 0.7306
-0.4789 0.8375 0.8156
-0.5758 0.8451 0.8437
-0.8768 0.7361 0.9040
-1.0338 0.6637 0.9475
-1.0364 0.6484 0.9190
-0.9116 0.7167 0.7908
-0.8257 0.8259 0.7045
-0.6527 0.9648 0.5680
-0.4769 1.0153 0.6999
-0.4073 1.0531 1.0729
-0.3834 1.0865 1.2922
-0.2268 1.2844 1.6981
-0.1567 1.4051 1.8456
-0.1216 1.5316 1.9669
-0.1411 1.3271 1.9185
-0.1963 1.1145 1.8639
-0.2259 1.0914 1.9406
-0.1213 1.2664 2.5699
-0.0536 1.2608 2.8110
-0.0199 1.2266 3.0247
-0.3638 0.9188 2.8517
-0.5970 0.6844 2.6690
-0.8381 0.3350 2.2570
-0.7113 0.1753 2.0768
-0.5825 0.0840 2.0819
-0.2818 0.0642 2.1040
-0.0257 0.1850 1.9841
0.0909 0.2825 1.8898
0.2750 0.4847 1.6802
0.3502 0.5569 1.5052
0.3141 0.6031 1.4053
0.0510 0.7018 1.1794
-0.2885 0.8700 0.9823
-0.4211 0.8917 0.8695
-0.5061 0.7728 0.6280
-0.4750 0.6357 0.5161
-0.3107 0.4345 0.3674
-0.2259 0.3975 0.3327
-0.2623 0.3666 0.3875
-0.3697 0.4319 0.5981
-0.4825 0.5243 0.7545
-0.6193 0.5344 0.7596
-0.6754 0.4667 0.6884
-0.6982 0.2579 0.4643
-0.5405 0.3295 0.2971
-0.5096 0.3691 0.2001
-0.5459 0.2747 -0.1049
-0.4860 0.2549 -0.2594
-0.1877 0.2220 -0.3539
0.2050 0.1933 0.0272
0.4565 0.0074 0.5250
0.4631 -0.1570 0.6797
0.2729 -0.5563 0.6766
0.1564 -0.7302 0.5661
-0.0485 -0.8051 0.2634
-0.0453 -0.5592 0.0891
0.0573 -0.4070 0.0657
0.3387 -0.1997 0.1268
0.5021 -0.1620 0.2826
0.4978 -0.1193 0.3632
0.3891 0.0825 0.4719
0.3194 0.2739 0.4719
0.1995 0.5634 0.4105
0.0785 0.5333 0.3352
0.0338 0.1839 0.2447
0.0541 -0.0252 0.1958
0.1090 -0.2140 0.1716
0.0923 -0.1756 0.2082
0.0376 0.0184 0.3179
0.0521 0.1353 0.4152
0.1194 0.1598 0.4409
0.3227 0.1318 0.4709
0.3895 0.1020 0.4566
0.3528 0.1111 0.4306
0.3117 0.2005 0.3565
0.3480 0.2570 0.3156
0.3591 0.2343 0.3246
0.3656 0.1460 0.3818
0.3880 0.0423 0.3679
0.3926 0.0521 0.3209
0.3479 0.1245 0.2014
0.2470 0.1616 0.1588
0.1874 0.1431 0.1859
0.0958 0.1019 0.2941
0.1341 0.0720 0.3482
0.1834 0.0696 0.3319
0.2694 0.1101 0.2686
0.1165 0.3325 0.1852
-0.0282 0.4825 0.2037
-0.2815 0.8983 0.6317
-0.4067 1.0024 0.8583
-0.3391 1.0865 0.8876
0.0093 1.3540 0.9271
0.4741 1.2045 1.0493
0.6581 1.0746 1.1138
0.7410 0.8143 1.0735
0.6850 0.8351 1.0309
0.7494 0.7033 1.0018
1.0434 0.2361 0.9559
1.3517 0.0179 1.0127
1.8313 -0.1638 0.9356
1.8737 -0.6351 0.7976
1.8488 -0.8103 0.7631
1.5740 -0.6693 0.5938
1.0643 -0.4147 0.3850
0.8817 -0.4046 0.3682
0.8504 -0.8218 0.3363
1.3384 -0.7191 0.0377
1.5681 -0.5242 -0.1897
1.5870 -0.5160 -0.4225
1.2024 -0.6469 -0.1762
0.9102 -0.6390 -0.0262
0.4612 -0.6153 0.1452
0.6210 -0.2470 -0.0021
0.7573 -0.0642 -0.1544
0.8634 0.0568 -0.4279
0.7043 0.1174 -0.2446
0.6022 0.0885 -0.0551
0.4083 -0.0963 0.1953
0.3151 -0.1434 0.2397
0.2621 -0.0113 0.2239
0.3188 0.1182 0.1607
0.3551 0.0997 0.1440
0.2782 -0.0490 0.1669
0.1328 -0.2462 0.2579
0.1189 -0.2917 0.2963
0.3092 -0.2308 0.2550
0.4502 0.1267 0.1343
0.4051 0.2843 0.1343
0.2200 0.3835 0.1932
0.1138 0.3139 0.1627
0.0779 0.2673 0.0987
0.0585 0.2448 -0.0232
0.0471 0.4360 -0.0324
0.0547 0.5003 0.0159
0.2108 0.5600 0.0003
0.3755 0.2853 0.0128
0.3788 0.1857 0.0793
0.2172 0.0355 0.1270
0.1028 -0.0279 0.1389
0.1074 -0.0202 0.1494
0.1582 0.1245 0.1713
0.1440 0.1890 0.1477
0.1159 0.1232 0.1401
0.1157 -0.0151 0.1067
0.2312 -0.0683 0.0683
0.2564 -0.0571 0.0563
0.1672 0.0046 0.0771
0.1343 -0.0103 0.0810
0.1254 -0.0153 0.0646
0.0923 -0.0147 0.0735
0.0699 0.0040 0.0975
0.0284 0.0531 0.1161
0.0571 0.0439 0.1265
0.0964 0.0104 0.1242
0.1528 -0.0699 0.1026
0.1698 -0.0214 0.0765
0.1733 -0.0133 0.0679
0.1669 0.0155 0.0827
0.1050 0.0023 0.0694
0.0897 -0.0303 0.0661
0.1649 -0.0533 0.0601
0.1792 -0.0365 0.0365
0.1574 -0.0488 0.0344
0.1138 -0.0413 0.0378
0.0989 0.0069 0.0232
0.0775 0.0307 0.0112
0.0825 0.0062 0.0184
0.1483 0.0158 0.0346
0.1694 0.0332 0.0401
0.1537 0.0395 0.0404
0.1203 0.0367 0.0392
0.0541 0.0314 0.0276
0.1075 -0.0509 0.0038
0.1739 -0.0635 -0.0054
0.2074 -0.0420 -0.0242
0.1020 -0.0266 -0.0024
0.0673 -0.0305 0.0106
0.0877 -0.0200 -0.0021
0.1111 -0.0116 -0.0016
0.1111 0.0113 0.0123
0.1178 0.0304 0.0227
0.1290 0.0357 0.0199
0.1151 0.0250 0.0187
0.0957 0.0081 0.0358
0.1045 -0.0494 0.0231
0.0998 -0.0955 0.0236
0.0691 -0.1109 0.0400
0.0653 -0.0463 0.0665
0.0952 -0.0130 0.0633
0.1619 0.0415 0.0255
0.1008 0.0980 0.0222
0.0661 0.0877 0.0294
0.0787 0.0444 0.0113
0.1123 -0.0083 -0.0122
0.1050 -0.0384 -0.0127
0.0858 -0.0220 -0.0003
0.1218 0.0186 0.0144
0.1187 0.0330 0.0105
0.0761 0.0556 0.0251
0.1002 0.0709 0.0188
0.1175 0.0569 0.0116
0.0898 0.0192 0.0148
0.0637 0.0072 0.0203
0.0672 0.0147 0.0179
0.1086 0.0200 0.0148
0.0997 0.0510 0.0170
0.0791 0.0520 0.0363
0.0745 0.0137 0.0184
0.0709 -0.0170 0.0115
0.0821 -0.0390 0.0236
0.1024 0.0202 0.0403
0.0932 0.0314 0.0425
0.0532 -0.0290 0.0481
0.0227 -0.0002 0.0403
0.0249 0.0137 0.0406
0.0509 0.0319 0.0300
0.0571 0.0532 -0.0012
0.0525 0.0550 0.0002
0.0381 0.0506 -0.0036
0.0660 0.0366 0.0076
0.0798 0.0429 0.0034
0.0381 0.0094 0.0035
0.0001 0.0045 0.0218
0.0146 0.0050 0.0147
0.0515 0.0275 -0.0161
0.0508 0.0352 -0.0199
0.0177 0.0734 0.0021
0.0045 0.0431 0.0290
0.0222 0.0131 0.0314
0.0657 0.0203 0.0191
0.0209 0.0444 0.0174
-0.0082 0.0337 0.0173
-0.0172 -0.0061 0.0009
0.0294 -0.0206 0.0035
0.0491 -0.0032 -0.0022
0.0356 0.0402 0.0026
0.0162 0.0516 0.0068
0.0078 0.0329 0.0055
0.0146 0.0165 -0.0033
0.0304 0.0293 -0.0063
0.0200 0.0413 -0.0056
-0.0115 0.0435 -0.0296
-0.0070 0.0177 -0.0314
0.0106 0.0230 -0.0267
0.0340 0.0341 -0.0108
0.0116 0.0367 -0.0061
-0.0067 0.0176 0.0019
0.0252 -0.0062 0.0207
0.1518 0.0234 0.0180
0.1433 0.0537 -0.0085
0.0285 -0.0265 -0.0021
-0.0192 -0.0217 0.0169
0.0044 0.0029 0.0112
0.0464 0.0209 -0.0016
0.0508 0.0118 -0.0031
0.0446 0.0471 -0.0178
0.0175 0.0365 -0.0243
0.0156 0.0039 -0.0160
0.0494 -0.0293 -0.0155
0.0942 -0.0354 -0.0248
0.0950 0.0027 -0.0316
0.0590 0.0261 -0.0127
0.0297 0.0129 -0.0099
0.0182 0.0088 -0.0149
0.0266 0.0145 -0.0098
0.0215 -0.0080 -0.0037
0.0360 -0.0385 -0.0025
0.0711 -0.1226 -0.0247
0.0648 -0.0804 -0.0387
0.0281 -0.0134 -0.0459
-0.0071 0.0097 -0.0104
0.0125 0.0144 -0.0012
0.0183 0.0068 -0.0082
0.0167 -0.0408 -0.0059
-0.0176 -0.0009 -0.0072
-0.0551 0.0377 0.0045
-0.0449 0.0253 0.0255
0.0168 -0.0027 0.0183
0.0061 -0.0080 0.0187
-0.0633 0.0100 0.0286
-0.0691 -0.0242 0.0182
-0.0320 -0.0187 0.0151
0.0256 0.0407 -0.0012
0.0305 0.0779 -0.0099
0.0141 0.0873 -0.0083
0.0100 0.0528 -0.0052
0.0134 0.0388 -0.0073
0.0033 0.0178 0.0088
-0.0023 0.0338 -0.0019
-0.0002 0.0355 -0.0030
0.0326 0.0384 0.0137
0.0397 0.0307 0.0172
0.0289 0.0225 0.0128
0.0250 0.0111 -0.0074
0.0404 0.0346 -0.0044
0.0328 0.0503 0.0073
0.0055 0.0538 0.0147
0.0028 0.0073 0.0134
0.0140 -0.0130 0.0119
0.0198 -0.0306 0.0049
0.0160 -0.0363 0.0050
0.0236 -0.0301 0.0083
0.0312 -0.0083 0.0075
0.0248 -0.0145 0.0124
0.0178 -0.0286 0.0133
0.0122 -0.0704 0.0057
0.0193 -0.0699 0.0021
0.0222 -0.0529 -0.0005
0.0203 -0.0070 0.0151
0.0014 0.0408 0.0196
-0.0114 0.0389 0.0251
-0.0209 0.0091 0.0276
-0.0195 0.0088 0.0182
0.0275 0.0014 0.0087
0.0544 0.0005 -0.0096
0.0397 0.0006 -0.0191
0.0064 0.0122 0.0050
-0.0201 0.0142 0.0079
-0.0150 -0.0187 0.0046
0.0092 -0.0587 -0.0061
0.0380 -0.0864 -0.0111
0.0382 -0.0755 -0.0164
0.0536 0.0104 0.0072
0.0337 0.0444 0.0135
0.0259 0.0315 0.0080
0.0183 -0.0055 -0.0002
0.0128 -0.0279 0.0077
0.0067 -0.0231 0.0144
-0.0064 0.0258 0.0115
-0.0468 0.0514 0.0166
-0.0509 0.0583 0.0393
0.1906 0.3560 -0.0714
-0.0300 -0.0550 0.0100
-0.1381 -0.1855 0.1305
-0.1537 -0.1575 0.0909
0.0419 -0.0009 0.0505

