0.0000 0.0000 0.0000
0.0000 0.0000 0.0000
0.0000 0.0000 0.0000
0.0000 0.0000 0.0000
0.0000 0.0000 0.0000
0.0000 0.0000 0.0000
0.0000 0.0000 0.0000
0.0000 0.0000 0.0000
0.0000 0.0000 0.0000
0.0000 0.0000 0.0000
0.0000 0.0000 0.0000
0.0000 0.0000 0.0000
-0.0151 -0.4523 -0.8866
-0.0154 -0.4464 -0.8807
-0.0253 -0.4354 -0.8845
-0.0355 -0.4374 -0.8841
-0.0541 -0.4405 -0.8732
-0.0640 -0.4490 -0.8809
-0.0640 -0.4490 -0.8809
-0.0630 -0.4463 -0.8645
-0.0805 -0.4454 -0.8141
-0.1025 -0.4602 -0.8242
-0.1093 -0.4783 -0.8477
-0.1028 -0.4785 -0.8686
-0.1028 -0.4785 -0.8686
-0.1071 -0.4776 -0.8497
-0.1128 -0.4738 -0.8430
-0.1172 -0.4877 -0.8588
-0.1339 -0.4981 -0.8391
-0.1582 -0.5177 -0.8203
-0.1582 -0.5177 -0.8203
-0.2057 -0.5398 -0.7576
-0.1512 -0.5382 -1.0021
-0.1298 -0.5308 -0.8242
-0.1077 -0.5269 -0.8137
-0.0636 -0.5535 -0.9638
-0.0636 -0.5535 -0.9638
-0.0453 -0.5549 -0.9147
-0.0459 -0.5685 -0.8560
-0.0520 -0.6068 -0.8261
-0.0615 -0.6068 -0.8762
-0.0542 -0.5758 -0.9731
-0.0542 -0.5758 -0.9731
-0.0495 -0.5863 -0.8515
-0.0732 -0.5673 -0.8490
-0.0624 -0.5630 -0.8954
-0.0371 -0.5435 -0.8941
-0.0371 -0.5435 -0.8941
-0.0074 -0.5285 -0.8869
0.0177 -0.5210 -0.8969
0.0421 -0.5454 -0.9764
0.0645 -0.5035 -0.8884
0.0603 -0.5463 -0.8865
0.0603 -0.5463 -0.8865
0.0833 -0.6030 -0.9504
0.0986 -0.5927 -0.9160
0.0874 -0.6234 -0.9889
0.0684 -0.6589 -0.9613
0.0779 -0.6261 -0.9664
0.0779 -0.6261 -0.9664
0.0321 -0.6361 -0.8589
0.0285 -0.6914 -0.8856
0.0708 -0.6380 -0.8893
0.1272 -0.6300 -0.8743
0.1333 -0.5976 -0.8210
0.1333 -0.5976 -0.8210
0.1105 -0.5583 -0.7788
0.0880 -0.5079 -0.7268
0.1478 -0.4718 -0.7209
0.1412 -0.4996 -0.7681
0.1097 -0.4925 -0.7241
0.1097 -0.4925 -0.7241
0.0345 -0.4943 -0.6950
-0.0049 -0.5237 -0.6720
0.0053 -0.5858 -0.6228
-0.0005 -0.6015 -0.5683
-0.0005 -0.6015 -0.5683
0.0295 -0.6299 -0.5794
0.0421 -0.6741 -0.5681
0.0551 -0.7077 -0.6238
0.0609 -0.7165 -0.6062
0.0446 -0.7271 -0.5753
0.0446 -0.7271 -0.5753
0.0383 -0.7053 -0.5714
0.0471 -0.6745 -0.6176
0.0832 -0.6809 -0.6474
0.0963 -0.7124 -0.6736
0.0394 -0.7124 -0.5701
0.0394 -0.7124 -0.5701
-0.0242 -0.7039 -0.4646
-0.0408 -0.7255 -0.4558
-0.0565 -0.7537 -0.4896
-0.0378 -0.7380 -0.5506
-0.0271 -0.7259 -0.5636
-0.0271 -0.7259 -0.5636
-0.0291 -0.6989 -0.6402
-0.0141 -0.7209 -0.6425
-0.0042 -0.7369 -0.6384
0.0016 -0.7368 -0.6078
0.0041 -0.7502 -0.5821
0.0041 -0.7502 -0.5821
-0.0146 -0.7679 -0.5870
-0.0196 -0.7643 -0.6024
-0.0106 -0.7475 -0.6260
-0.0084 -0.7482 -0.6664
-0.0084 -0.7482 -0.6664
-0.0078 -0.7547 -0.6745
-0.0222 -0.7407 -0.6500
-0.0214 -0.7384 -0.6305
-0.0226 -0.7581 -0.6246
-0.0149 -0.7628 -0.6262
-0.0149 -0.7628 -0.6262
-0.0105 -0.7678 -0.6221
-0.0116 -0.7649 -0.6001
-0.0037 -0.7613 -0.6109
-0.0067 -0.7547 -0.6176
-0.0014 -0.7560 -0.6633
-0.0014 -0.7560 -0.6633
-0.0074 -0.7524 -0.6487
-0.0212 -0.7390 -0.6304
-0.0179 -0.7493 -0.6302
-0.0164 -0.7566 -0.6295
-0.0151 -0.7571 -0.6286
-0.0151 -0.7571 -0.6286
-0.0182 -0.7548 -0.6260
-0.0059 -0.7685 -0.6291
-0.0043 -0.7728 -0.6201
-0.0103 -0.7653 -0.6323
-0.0053 -0.7596 -0.6335
-0.0053 -0.7596 -0.6335
-0.0031 -0.7608 -0.6316
-0.0033 -0.7668 -0.6180
-0.0132 -0.7561 -0.6333
-0.0061 -0.7539 -0.6398
-0.0061 -0.7539 -0.6398
-0.0047 -0.7521 -0.6203
-0.0049 -0.7618 -0.6251
-0.0081 -0.7552 -0.6268
-0.0101 -0.7510 -0.6321
-0.0113 -0.7510 -0.6274
-0.0113 -0.7510 -0.6274
-0.0117 -0.7571 -0.6235
-0.0080 -0.7599 -0.6373
0.0030 -0.7643 -0.6431
0.0096 -0.7675 -0.6248
0.0056 -0.7648 -0.6312
0.0056 -0.7648 -0.6312
0.0132 -0.7686 -0.6546
0.0137 -0.7666 -0.6497
0.0149 -0.7655 -0.6488
0.0073 -0.7566 -0.6297
0.0003 -0.7546 -0.6334
0.0003 -0.7546 -0.6334
0.0046 -0.7516 -0.6569
0.0107 -0.7420 -0.6626
0.0025 -0.7153 -0.6507
0.0089 -0.7196 -0.6530
0.0035 -0.7230 -0.6579
0.0035 -0.7230 -0.6579
-0.0021 -0.7292 -0.6588
0.0045 -0.7285 -0.6516
0.0123 -0.7400 -0.6473
0.0037 -0.7368 -0.6342
0.0037 -0.7368 -0.6342
0.0043 -0.7369 -0.6356
0.0120 -0.7407 -0.6413
0.0093 -0.7407 -0.6428
0.0051 -0.7439 -0.6494
0.0135 -0.7484 -0.6621
0.0135 -0.7484 -0.6621
0.0136 -0.7422 -0.6565
0.0121 -0.7390 -0.6423
0.0168 -0.7561 -0.6477
0.0142 -0.7530 -0.6516
0.0165 -0.7466 -0.6538
0.0165 -0.7466 -0.6538
0.0189 -0.7560 -0.6465
0.0129 -0.7606 -0.6333
0.0158 -0.7509 -0.6309
0.0283 -0.7528 -0.6518
0.0279 -0.7697 -0.6546
0.0279 -0.7697 -0.6546
0.0222 -0.7704 -0.6520
0.0195 -0.7629 -0.6463
0.0217 -0.7460 -0.6494
0.0254 -0.7441 -0.6668
0.0229 -0.7598 -0.6910
0.0229 -0.7598 -0.6910
0.0215 -0.7429 -0.6969
0.0272 -0.7337 -0.6757
0.0178 -0.7229 -0.6664
0.0174 -0.7298 -0.6690
0.0174 -0.7298 -0.6690
0.0132 -0.7187 -0.6816
-0.0002 -0.7183 -0.6875
-0.0004 -0.7351 -0.6813
0.0020 -0.7379 -0.6413
0.0000 -0.7374 -0.6282
0.0000 -0.7374 -0.6282
-0.0061 -0.7434 -0.6401
-0.0022 -0.7371 -0.6419
0.0047 -0.7326 -0.6423
0.0056 -0.7329 -0.6278
0.0061 -0.7279 -0.6273
0.0061 -0.7279 -0.6273
0.0086 -0.7514 -0.6433
-0.0018 -0.7441 -0.6388
0.0013 -0.7393 -0.6477
0.0050 -0.7381 -0.6472
-0.0066 -0.7311 -0.6367
-0.0066 -0.7311 -0.6367
-0.0106 -0.7318 -0.6395
-0.0054 -0.7412 -0.6535
-0.0030 -0.7434 -0.6404
-0.0056 -0.7450 -0.6322
-0.0056 -0.7450 -0.6322
-0.0082 -0.7488 -0.6322
0.0008 -0.7434 -0.6412
-0.0071 -0.7418 -0.6404
-0.0054 -0.7483 -0.6441
-0.0023 -0.7470 -0.6470
-0.0023 -0.7470 -0.6470
-0.0030 -0.7446 -0.6481
-0.0070 -0.7459 -0.6538
-0.0135 -0.7441 -0.6651
-0.0103 -0.7345 -0.6513
-0.0048 -0.7304 -0.6432
-0.0048 -0.7304 -0.6432
-0.0039 -0.7393 -0.6501
-0.0014 -0.7461 -0.6552
0.0083 -0.7419 -0.6491
0.0125 -0.7406 -0.6467
0.0063 -0.7451 -0.6423
0.0063 -0.7451 -0.6423
0.0034 -0.7424 -0.6363
0.0001 -0.7491 -0.6322
-0.0025 -0.7578 -0.6376
0.0035 -0.7509 -0.6558
0.0035 -0.7509 -0.6558
0.0049 -0.7421 -0.6606
0.0058 -0.7406 -0.6496
0.0072 -0.7462 -0.6342
0.0135 -0.7425 -0.6393
0.0205 -0.7494 -0.6402
0.0205 -0.7494 -0.6402
0.0231 -0.7496 -0.6424
0.0220 -0.7407 -0.6337
0.0144 -0.7536 -0.6419
0.0179 -0.7607 -0.6443
0.0190 -0.7554 -0.6376
0.0130 -0.7577 -0.6354
0.0130 -0.7577 -0.6354
0.0071 -0.7589 -0.6368
0.0029 -0.7592 -0.6433
0.0034 -0.7498 -0.6430
0.0054 -0.7514 -0.6301
0.0054 -0.7514 -0.6301
0.0088 -0.7497 -0.6286
0.0085 -0.7456 -0.6338
0.0186 -0.7483 -0.6606
0.0222 -0.7591 -0.6652
0.0241 -0.7499 -0.6598
0.0241 -0.7499 -0.6598
0.0287 -0.7598 -0.6575
0.0279 -0.7686 -0.6547
0.0221 -0.7687 -0.6519
0.0179 -0.7606 -0.6602
0.0108 -0.7485 -0.6742
0.0108 -0.7485 -0.6742
0.0051 -0.7413 -0.6774
0.0019 -0.7304 -0.6841
0.0023 -0.7272 -0.6897
0.0074 -0.7099 -0.6898
0.0074 -0.7099 -0.6898
0.0188 -0.7044 -0.6838
0.0350 -0.7143 -0.6653
0.0428 -0.7194 -0.6428
0.0450 -0.7290 -0.6419
0.0465 -0.7279 -0.6396
0.0465 -0.7279 -0.6396
0.0550 -0.7232 -0.6323
0.0590 -0.7276 -0.6389
0.0611 -0.7215 -0.6335
0.0638 -0.7292 -0.6460
0.0618 -0.7246 -0.6589
0.0618 -0.7246 -0.6589
0.0550 -0.7145 -0.6707
0.0564 -0.7077 -0.6745
0.0552 -0.7061 -0.6723
0.0624 -0.6981 -0.6671
0.0628 -0.7033 -0.6804
0.0628 -0.7033 -0.6804
0.0662 -0.7142 -0.6679
0.0756 -0.7208 -0.6464
0.0747 -0.7208 -0.6553
0.0816 -0.7258 -0.6726
0.0816 -0.7258 -0.6726
0.0858 -0.7242 -0.6812
0.0830 -0.7311 -0.6923
0.0897 -0.7242 -0.6911
0.1005 -0.7144 -0.6934
0.1043 -0.7143 -0.7070
0.1043 -0.7143 -0.7070
0.0953 -0.7118 -0.6875
0.0912 -0.7112 -0.6695
0.1083 -0.7083 -0.6585
0.1051 -0.6976 -0.6766
0.0940 -0.7042 -0.6873
0.0940 -0.7042 -0.6873
0.0967 -0.7101 -0.6897
0.1055 -0.7065 -0.6850
0.1023 -0.7079 -0.6956
0.0995 -0.7014 -0.7002
0.1010 -0.7074 -0.7122
0.1010 -0.7074 -0.7122
0.0965 -0.7082 -0.7094
0.0872 -0.7087 -0.7108
0.0716 -0.7210 -0.6968
0.0688 -0.7345 -0.6666
0.0688 -0.7345 -0.6666
0.0678 -0.7144 -0.6611
0.0614 -0.6997 -0.6835
0.0728 -0.6987 -0.7018
0.0839 -0.6774 -0.7001
0.0859 -0.6738 -0.6579
0.0859 -0.6738 -0.6579
0.0791 -0.6817 -0.6767
0.0703 -0.6835 -0.6718
0.0459 -0.6753 -0.6848
0.0295 -0.6807 -0.6799
0.0205 -0.6845 -0.6904
0.0205 -0.6845 -0.6904
0.0102 -0.6977 -0.6893
-0.0033 -0.7032 -0.6839
-0.0090 -0.7043 -0.6963
-0.0142 -0.7032 -0.6967
-0.0107 -0.7085 -0.6871
-0.0107 -0.7085 -0.6871
-0.0016 -0.7028 -0.6943
0.0056 -0.6965 -0.6949
0.0117 -0.6956 -0.6965
0.0129 -0.7070 -0.7177
0.0202 -0.7077 -0.7048
0.0202 -0.7077 -0.7048
0.0191 -0.7149 -0.6842
0.0112 -0.7099 -0.6708
0.0096 -0.7088 -0.6658
0.0075 -0.7103 -0.6608
0.0075 -0.7103 -0.6608
-0.0040 -0.7101 -0.6504
-0.0153 -0.6944 -0.6479
-0.0156 -0.7101 -0.6557
-0.0129 -0.7077 -0.6821
0.0052 -0.7156 -0.6990
0.0052 -0.7156 -0.6990
0.0158 -0.7082 -0.7007
0.0091 -0.7009 -0.6894
-0.0098 -0.6929 -0.6748
-0.0124 -0.7018 -0.6889
-0.0068 -0.7045 -0.7090
-0.0068 -0.7045 -0.7090
0.0160 -0.7115 -0.7306
0.0221 -0.7045 -0.7417
0.0148 -0.7000 -0.7558
0.0122 -0.6952 -0.7663
0.0014 -0.6920 -0.7622
0.0014 -0.6920 -0.7622
-0.0113 -0.6865 -0.7562
-0.0324 -0.6832 -0.7362
-0.0730 -0.6961 -0.7177
-0.1183 -0.7030 -0.6884
-0.1380 -0.7138 -0.6705
-0.1380 -0.7138 -0.6705
-0.0991 -0.7267 -0.6570
-0.0398 -0.7460 -0.6661
0.0168 -0.7428 -0.6469
0.0319 -0.7344 -0.6167
0.0319 -0.7344 -0.6167
0.0441 -0.7100 -0.6144
0.0919 -0.6880 -0.6505
0.1009 -0.6704 -0.7088
0.1157 -0.6564 -0.7208
0.1468 -0.6012 -0.7387
0.1468 -0.6012 -0.7387
0.1553 -0.5980 -0.7476
0.1658 -0.5885 -0.7521
0.1655 -0.6089 -0.7239
0.1574 -0.6369 -0.7302
0.1423 -0.6634 -0.7140
0.1423 -0.6634 -0.7140
0.1143 -0.6793 -0.6684
0.0805 -0.6991 -0.6412
0.0536 -0.7224 -0.6400
0.0433 -0.7350 -0.6327
0.0464 -0.7502 -0.6453
0.0464 -0.7502 -0.6453
0.0452 -0.7521 -0.6588
0.0503 -0.7576 -0.6844
0.0513 -0.7707 -0.7099
0.0507 -0.7831 -0.7237
0.0456 -0.7646 -0.7205
0.0456 -0.7646 -0.7205
0.0334 -0.7476 -0.7128
0.0270 -0.7526 -0.6850
0.0155 -0.7540 -0.6567
0.0241 -0.7537 -0.6337
0.0241 -0.7537 -0.6337
0.0413 -0.7418 -0.6618
0.0591 -0.7275 -0.6368
0.0223 -0.7644 -0.6918
0.0463 -0.6975 -0.6192
0.0687 -0.7144 -0.6288
0.0687 -0.7144 -0.6288
0.0613 -0.6884 -0.6333
0.0663 -0.6749 -0.6466
0.0635 -0.6930 -0.6381
0.0421 -0.7084 -0.6406
0.0396 -0.7090 -0.6456
0.0396 -0.7090 -0.6456
0.0447 -0.7314 -0.6435
0.0440 -0.7259 -0.6264
0.0136 -0.7328 -0.6292
-0.0139 -0.7496 -0.6474
0.0003 -0.7603 -0.6530
0.0003 -0.7603 -0.6530
0.0306 -0.7642 -0.6531
0.0175 -0.7691 -0.6496
-0.0216 -0.7784 -0.6275
-0.0389 -0.7831 -0.6125
-0.0371 -0.7784 -0.6081
-0.0371 -0.7784 -0.6081
-0.0196 -0.7811 -0.6067
-0.0219 -0.7804 -0.6259
-0.0332 -0.7784 -0.6371
-0.0382 -0.7692 -0.6232
-0.0382 -0.7692 -0.6232
-0.0496 -0.7711 -0.6088
-0.0505 -0.7744 -0.6125
-0.0327 -0.7741 -0.6323
-0.0091 -0.7641 -0.6561
0.0100 -0.7645 -0.6713
0.0100 -0.7645 -0.6713
0.0178 -0.7744 -0.6737
0.0229 -0.7817 -0.6685
0.0300 -0.7743 -0.6645
0.0354 -0.7643 -0.6543
0.0408 -0.7638 -0.6382
0.0408 -0.7638 -0.6382
0.0410 -0.7611 -0.6420
0.0330 -0.7597 -0.6363
0.0250 -0.7558 -0.6388
0.0250 -0.7530 -0.6458
0.0147 -0.7552 -0.6450
0.0147 -0.7552 -0.6450
0.0093 -0.7512 -0.6328
0.0082 -0.7511 -0.6363
0.0037 -0.7474 -0.6478
-0.0007 -0.7384 -0.6533
-0.0007 -0.7384 -0.6533
0.0002 -0.7391 -0.6481
0.0084 -0.7428 -0.6441
0.0094 -0.7450 -0.6463
0.0047 -0.7434 -0.6486
0.0055 -0.7522 -0.6441
0.0055 -0.7522 -0.6441
0.0126 -0.7538 -0.6442
0.0161 -0.7473 -0.6353
0.0121 -0.7519 -0.6317
0.0128 -0.7560 -0.6171
0.0141 -0.7557 -0.6150
0.0141 -0.7557 -0.6150
0.0213 -0.7564 -0.6287
0.0191 -0.7548 -0.6393
0.0159 -0.7540 -0.6446
0.0175 -0.7493 -0.6390
0.0186 -0.7432 -0.6330
0.0186 -0.7432 -0.6330
0.0171 -0.7494 -0.6303
0.0056 -0.7507 -0.6366
0.0055 -0.7593 -0.6445
0.0128 -0.7542 -0.6430
0.0145 -0.7615 -0.6410
0.0145 -0.7615 -0.6410
0.0076 -0.7546 -0.6480
0.0154 -0.7588 -0.6472
0.0125 -0.7558 -0.6393
0.0105 -0.7480 -0.6343
0.0105 -0.7480 -0.6343
0.0103 -0.7497 -0.6300
0.0062 -0.7472 -0.6363
0.0111 -0.7421 -0.6297
0.0112 -0.7463 -0.6373
0.0075 -0.7480 -0.6364
0.0075 -0.7480 -0.6364
-0.0005 -0.7433 -0.6417
-0.0022 -0.7455 -0.6454
0.0020 -0.7430 -0.6423
0.0004 -0.7437 -0.6374
0.0024 -0.7453 -0.6386
0.0024 -0.7453 -0.6386
0.0079 -0.7438 -0.6436
0.0044 -0.7441 -0.6465
-0.0039 -0.7454 -0.6448
-0.0026 -0.7467 -0.6359
-0.0025 -0.7462 -0.6399
-0.0025 -0.7462 -0.6399
-0.0024 -0.7491 -0.6514
-0.0042 -0.7465 -0.6614
-0.0077 -0.7484 -0.6694
-0.0080 -0.7415 -0.6645
-0.0036 -0.7482 -0.6667
-0.0036 -0.7482 -0.6667
-0.0030 -0.7470 -0.6611
-0.0062 -0.7428 -0.6613
-0.0080 -0.7417 -0.6628
-0.0045 -0.7403 -0.6516
-0.0045 -0.7403 -0.6516
0.0021 -0.7352 -0.6495
0.0059 -0.7298 -0.6388
0.0045 -0.7271 -0.6341
0.0042 -0.7309 -0.6320
0.0078 -0.7308 -0.6248
0.0078 -0.7308 -0.6248
0.0142 -0.7341 -0.6214
0.0182 -0.7390 -0.6363
0.0114 -0.7262 -0.6509
0.0155 -0.7074 -0.6567
0.0132 -0.7110 -0.6923
0.0132 -0.7110 -0.6923
-0.0043 -0.7285 -0.7153
-0.0155 -0.7161 -0.7260
-0.0181 -0.7133 -0.7300
-0.0190 -0.7113 -0.7097
-0.0219 -0.7079 -0.7000
-0.0219 -0.7079 -0.7000
-0.0202 -0.7085 -0.6921
-0.0218 -0.7039 -0.6821
-0.0191 -0.7009 -0.6696
-0.0211 -0.7023 -0.6596
-0.0197 -0.6980 -0.6711
-0.0197 -0.6980 -0.6711
-0.0226 -0.6991 -0.6738
-0.0287 -0.6922 -0.6818
-0.0308 -0.7011 -0.6974
-0.0292 -0.6959 -0.7099
-0.0292 -0.6959 -0.7099
-0.0298 -0.6997 -0.7248
-0.0296 -0.6989 -0.7458
-0.0246 -0.6903 -0.7382
-0.0290 -0.6850 -0.7233
-0.0289 -0.6841 -0.7009
-0.0289 -0.6841 -0.7009
-0.0308 -0.6783 -0.6991
-0.0309 -0.6774 -0.7011
-0.0286 -0.6730 -0.7047
-0.0304 -0.6747 -0.7052
-0.0311 -0.6768 -0.7092
-0.0311 -0.6768 -0.7092
-0.0296 -0.6811 -0.7078
-0.0291 -0.6819 -0.7157
-0.0227 -0.6889 -0.7183
-0.0128 -0.6912 -0.7227
-0.0009 -0.6875 -0.7416
-0.0009 -0.6875 -0.7416
0.0068 -0.6853 -0.7483
0.0083 -0.6784 -0.7359
0.0061 -0.6737 -0.7172
0.0087 -0.6618 -0.6987
0.0087 -0.6618 -0.6987
0.0122 -0.6538 -0.7017
0.0217 -0.6448 -0.7131
0.0276 -0.6337 -0.7112
0.0260 -0.6374 -0.6906
0.0138 -0.6581 -0.6691
0.0138 -0.6581 -0.6691
0.0037 -0.6751 -0.6430
0.0038 -0.6928 -0.6505
-0.0020 -0.7146 -0.6928
0.0049 -0.7143 -0.7447
0.0089 -0.7130 -0.7702
0.0089 -0.7130 -0.7702
0.0034 -0.7099 -0.7769
0.0015 -0.7123 -0.7695
-0.0072 -0.7045 -0.7618
-0.0078 -0.6983 -0.7602
0.0011 -0.6855 -0.7440
0.0011 -0.6855 -0.7440
0.0056 -0.6717 -0.7104
0.0131 -0.6606 -0.6870
0.0200 -0.6670 -0.6820
0.0270 -0.6665 -0.6883
0.0327 -0.6783 -0.7117
0.0327 -0.6783 -0.7117
0.0294 -0.6890 -0.7195
0.0229 -0.6865 -0.7082
0.0237 -0.6986 -0.7069
0.0290 -0.6975 -0.6974
0.0290 -0.6975 -0.6974
0.0437 -0.6872 -0.6869
0.0451 -0.6916 -0.7039
0.0384 -0.6874 -0.7074
0.0325 -0.6856 -0.7062
0.0296 -0.6896 -0.7061
0.0296 -0.6896 -0.7061
0.0196 -0.6841 -0.7108
-0.0006 -0.6812 -0.7153
-0.0028 -0.6884 -0.7086
0.0133 -0.6868 -0.6929
0.0285 -0.6979 -0.7041
0.0285 -0.6979 -0.7041
0.0376 -0.6937 -0.7078
0.0520 -0.6955 -0.7148
0.0609 -0.6884 -0.7147
0.0617 -0.6827 -0.7019
0.0495 -0.6779 -0.6988
0.0495 -0.6779 -0.6988
0.0328 -0.6841 -0.6889
0.0291 -0.6897 -0.6809
0.0272 -0.7032 -0.6898
0.0312 -0.7046 -0.6913
0.0330 -0.6974 -0.6983
0.0330 -0.6974 -0.6983
0.0328 -0.6907 -0.7175
0.0281 -0.6863 -0.7239
0.0192 -0.6882 -0.7167
0.0167 -0.6907 -0.7110
0.0167 -0.6907 -0.7110
0.0192 -0.6875 -0.6984
0.0195 -0.6904 -0.6971
0.0175 -0.6941 -0.6863
0.0228 -0.6943 -0.6874
0.0201 -0.6888 -0.6993
0.0201 -0.6888 -0.6993
0.0209 -0.6839 -0.7032
0.0195 -0.6887 -0.6920
0.0231 -0.6928 -0.6835
0.0288 -0.6808 -0.6940
0.0402 -0.6866 -0.7061
0.0402 -0.6866 -0.7061
0.0418 -0.6849 -0.7138
0.0397 -0.6779 -0.7126
0.0364 -0.6826 -0.7127
0.0342 -0.6829 -0.7108
0.0284 -0.6794 -0.7024
0.0284 -0.6794 -0.7024
0.0335 -0.6823 -0.7046
0.0360 -0.6805 -0.7170
0.0363 -0.6818 -0.7302
0.0295 -0.6811 -0.7354
0.0295 -0.6811 -0.7354
0.0108 -0.6857 -0.7103
0.0108 -0.6857 -0.7103
0.0127 -0.6847 -0.7133
0.0149 -0.6780 -0.7294
0.0166 -0.6712 -0.7317
0.0166 -0.6712 -0.7317
0.0151 -0.6712 -0.7283
0.0162 -0.6728 -0.7187
0.0107 -0.6775 -0.7097
0.0127 -0.6859 -0.7064
0.0149 -0.6823 -0.7061
0.0149 -0.6823 -0.7061
0.0146 -0.6879 -0.7125
0.0191 -0.6831 -0.7064
0.0210 -0.6833 -0.7016
0.0168 -0.6809 -0.6983
0.0099 -0.6830 -0.7053
0.0099 -0.6830 -0.7053
0.0023 -0.6849 -0.7153
0.0002 -0.6817 -0.7167
0.0034 -0.6822 -0.7189
0.0042 -0.6798 -0.7074
0.0044 -0.6810 -0.7053
0.0044 -0.6810 -0.7053
0.0007 -0.6797 -0.7164
0.0064 -0.6850 -0.7211
0.0095 -0.6836 -0.7166
0.0102 -0.6852 -0.7086
0.0102 -0.6852 -0.7086
0.0072 -0.6879 -0.6982
0.0059 -0.6894 -0.6991
0.0096 -0.6865 -0.6971
0.0104 -0.6862 -0.7032
0.0133 -0.6902 -0.7126
0.0133 -0.6902 -0.7126
0.0088 -0.6887 -0.7138
0.0047 -0.6883 -0.7074
0.0028 -0.6878 -0.7051
-0.0017 -0.6840 -0.7054
-0.0040 -0.6871 -0.7074
-0.0040 -0.6871 -0.7074
-0.0008 -0.6883 -0.7053
0.0026 -0.6871 -0.6919
0.0042 -0.6885 -0.6825
0.0060 -0.6907 -0.6812
0.0148 -0.6907 -0.6878
0.0148 -0.6907 -0.6878
0.0199 -0.6913 -0.7049
0.0130 -0.6875 -0.7104
0.0148 -0.6911 -0.7084
0.0112 -0.6909 -0.7035
0.0084 -0.6875 -0.7008
0.0084 -0.6875 -0.7008
0.0092 -0.6888 -0.7097
0.0092 -0.6875 -0.7022
0.0139 -0.6862 -0.7047
0.0079 -0.6903 -0.7041
0.0079 -0.6903 -0.7041
0.0040 -0.6970 -0.7116
0.0015 -0.7123 -0.7150
-0.0016 -0.7346 -0.7153
0.0104 -0.7677 -0.7218
0.0058 -0.7952 -0.7247
0.0058 -0.7952 -0.7247
-0.0010 -0.8308 -0.7291
0.0206 -0.8655 -0.7179
0.0425 -0.8826 -0.6931
0.0501 -0.8859 -0.6420
0.0518 -0.8824 -0.6033
0.0518 -0.8824 -0.6033
0.0428 -0.8903 -0.5950
0.0415 -0.8928 -0.6165
0.0559 -0.8505 -0.6672
0.0527 -0.8328 -0.7083
0.0353 -0.8326 -0.7446
0.0353 -0.8326 -0.7446
0.0247 -0.7958 -0.7247
0.0211 -0.7376 -0.6782
0.0133 -0.6985 -0.6842
0.0086 -0.6409 -0.7132
-0.0197 -0.5936 -0.6985
-0.0197 -0.5936 -0.6985
-0.0475 -0.5772 -0.6928
-0.0715 -0.5320 -0.6507
-0.0928 -0.4729 -0.7127
-0.0710 -0.5082 -0.7482
-0.0710 -0.5082 -0.7482
-0.0481 -0.4612 -0.7343
-0.0284 -0.5040 -0.7384
-0.0419 -0.5139 -0.7135
-0.0447 -0.5443 -0.7086
-0.0449 -0.5621 -0.7253
-0.0449 -0.5621 -0.7253
-0.0342 -0.5452 -0.7526
-0.0311 -0.5783 -0.7945
-0.0394 -0.5796 -0.7955
-0.0453 -0.5921 -0.7592
-0.0370 -0.6077 -0.7473
-0.0370 -0.6077 -0.7473
-0.0368 -0.6075 -0.7659
-0.0573 -0.6338 -0.7650
-0.0573 -0.6338 -0.7650
-0.0576 -0.6324 -0.7513
-0.0506 -0.6308 -0.7546
-0.0506 -0.6308 -0.7546
-0.0346 -0.6366 -0.7570
-0.0344 -0.6275 -0.7612
-0.0439 -0.6279 -0.7607
-0.0364 -0.6394 -0.7545
-0.0364 -0.6394 -0.7545
-0.0339 -0.6324 -0.7555
-0.0239 -0.6077 -0.7555
-0.0242 -0.6003 -0.7564
-0.0252 -0.5845 -0.7767
-0.0199 -0.5571 -0.7804
-0.0199 -0.5571 -0.7804
-0.0142 -0.5701 -0.7904
-0.0183 -0.5637 -0.7893
-0.0089 -0.5727 -0.8002
-0.0016 -0.5649 -0.7984
0.0062 -0.5504 -0.7575
0.0062 -0.5504 -0.7575
-0.0125 -0.5709 -0.7133
-0.0371 -0.5873 -0.6981
-0.0313 -0.5823 -0.7120
-0.0149 -0.6261 -0.6893
0.0145 -0.6485 -0.6976
0.0145 -0.6485 -0.6976
0.0228 -0.6435 -0.6933
0.0161 -0.6819 -0.6774
0.0256 -0.7266 -0.6818
0.0428 -0.7432 -0.6719
0.0326 -0.7346 -0.6489
0.0326 -0.7346 -0.6489
0.0150 -0.7458 -0.6490
0.0251 -0.7615 -0.6888
0.0323 -0.7507 -0.7135
0.0118 -0.7530 -0.7271
0.0118 -0.7530 -0.7271
0.0026 -0.7618 -0.7141
0.0175 -0.7612 -0.7008
0.0081 -0.7467 -0.7017
-0.0010 -0.7643 -0.6904
-0.0077 -0.7651 -0.6646
-0.0077 -0.7651 -0.6646
-0.0051 -0.7607 -0.6479
-0.0068 -0.7741 -0.6482
-0.0059 -0.7891 -0.6545
0.0113 -0.7886 -0.6564
0.0168 -0.7867 -0.6469
0.0168 -0.7867 -0.6469
0.0203 -0.7824 -0.6443
0.0124 -0.7815 -0.6364
0.0061 -0.7946 -0.6250
0.0126 -0.7998 -0.6102
0.0146 -0.7896 -0.6162
0.0146 -0.7896 -0.6162
0.0068 -0.7864 -0.6130
-0.0106 -0.7871 -0.5994
-0.0107 -0.7897 -0.5925
-0.0068 -0.7813 -0.5952
-0.0187 -0.7835 -0.5971
-0.0187 -0.7835 -0.5971
-0.0251 -0.7920 -0.5981
-0.0219 -0.7872 -0.5952
-0.0250 -0.7863 -0.5839
-0.0189 -0.7993 -0.5808
-0.0189 -0.7993 -0.5808
-0.0116 -0.7904 -0.5720
-0.0044 -0.7834 -0.5801
-0.0118 -0.7920 -0.5977
-0.0114 -0.7891 -0.5868
0.0049 -0.7931 -0.5733
0.0049 -0.7931 -0.5733
0.0021 -0.7994 -0.5758
0.0041 -0.7989 -0.5841
-0.0006 -0.7957 -0.5910
-0.0089 -0.8020 -0.5851
-0.0141 -0.8028 -0.5737
-0.0141 -0.8028 -0.5737
-0.0148 -0.7998 -0.5846
-0.0071 -0.7914 -0.5809
-0.0137 -0.7896 -0.5852
-0.0108 -0.7920 -0.5847
-0.0125 -0.7868 -0.5732
-0.0125 -0.7868 -0.5732
-0.0112 -0.7896 -0.5873
-0.0028 -0.7893 -0.5910
-0.0067 -0.7879 -0.5944
-0.0113 -0.8026 -0.5815
-0.0113 -0.8026 -0.5815
-0.0070 -0.7973 -0.5755
-0.0023 -0.7999 -0.5841
0.0016 -0.8140 -0.5928
-0.0039 -0.8089 -0.6028
0.0014 -0.8054 -0.6007
0.0014 -0.8054 -0.6007
0.0056 -0.7961 -0.5894
0.0006 -0.7903 -0.5888
-0.0064 -0.7901 -0.5829
-0.0038 -0.7903 -0.5891
-0.0032 -0.7944 -0.5923
-0.0032 -0.7944 -0.5923
-0.0014 -0.7997 -0.5892
-0.0046 -0.7974 -0.5698
-0.0059 -0.8020 -0.5687
-0.0006 -0.7975 -0.5590
0.0033 -0.8061 -0.5663
0.0033 -0.8061 -0.5663
-0.0012 -0.8002 -0.5592
-0.0067 -0.7988 -0.5686
-0.0039 -0.8044 -0.5738
0.0059 -0.8096 -0.5571
0.0076 -0.8046 -0.5548
0.0076 -0.8046 -0.5548
0.0000 -0.8005 -0.5555
-0.0010 -0.8027 -0.5488
-0.0004 -0.8026 -0.5422
0.0035 -0.8096 -0.5509
0.0035 -0.8096 -0.5509
0.0108 -0.8088 -0.5645
0.0030 -0.8055 -0.5505
-0.0075 -0.8167 -0.5456
0.0047 -0.8274 -0.5505
0.0116 -0.8195 -0.5585
0.0116 -0.8195 -0.5585
0.0085 -0.8207 -0.5591
-0.0002 -0.8159 -0.5623
-0.0093 -0.8099 -0.5591
-0.0051 -0.8129 -0.5657
-0.0022 -0.8125 -0.5603
-0.0022 -0.8125 -0.5603
-0.0033 -0.8063 -0.5559
-0.0014 -0.8176 -0.5540
0.0071 -0.8204 -0.5438
0.0102 -0.8179 -0.5457
-0.0057 -0.8090 -0.5107
-0.0057 -0.8090 -0.5107
0.0035 -0.8199 -0.5534
0.0096 -0.8291 -0.5658
0.0028 -0.8094 -0.5616
-0.0059 -0.8103 -0.5639
-0.0082 -0.8207 -0.5590

