0.0038 -0.6790 -0.6997
0.0140 -0.6885 -0.7194
0.0241 -0.6874 -0.7115
0.0233 -0.6754 -0.7194
0.0220 -0.6833 -0.7067
0.0220 -0.6833 -0.7067
0.0188 -0.6838 -0.7030
0.0199 -0.6857 -0.7068
0.0199 -0.6806 -0.7152
0.0211 -0.6754 -0.7176
0.0217 -0.6843 -0.7030
0.0217 -0.6843 -0.7030
0.0226 -0.6828 -0.7111
0.0173 -0.6821 -0.7089
0.0107 -0.6790 -0.7149
0.0183 -0.6790 -0.7356
0.0218 -0.6800 -0.7275
0.0218 -0.6800 -0.7275
0.0087 -0.6739 -0.7142
0.0130 -0.6807 -0.7193
0.0205 -0.6817 -0.7100
0.0153 -0.6757 -0.7037
0.0207 -0.6785 -0.7242
0.0207 -0.6785 -0.7242
0.0164 -0.6844 -0.7268
0.0210 -0.6829 -0.7263
0.0145 -0.6741 -0.7189
0.0112 -0.6786 -0.7056
0.0112 -0.6786 -0.7056
0.0120 -0.6847 -0.7003
0.0114 -0.6753 -0.7028
0.0206 -0.6744 -0.7230
0.0193 -0.6794 -0.7362
0.0165 -0.6785 -0.6922
0.0165 -0.6785 -0.6922
-0.0043 -0.6758 -0.6945
-0.0008 -0.7000 -0.7248
0.0069 -0.6952 -0.7223
0.0047 -0.6777 -0.7149
0.0118 -0.6697 -0.7108
0.0118 -0.6697 -0.7108
0.0070 -0.6744 -0.7124
0.0076 -0.6816 -0.7246
0.0017 -0.6759 -0.7103
-0.0005 -0.6857 -0.7078
0.0101 -0.6854 -0.7081
0.0101 -0.6854 -0.7081
0.0127 -0.6811 -0.7190
0.0103 -0.6758 -0.7053
0.0029 -0.6761 -0.7048
0.0024 -0.6865 -0.7156
0.0083 -0.6910 -0.7161
0.0083 -0.6910 -0.7161
0.0076 -0.6772 -0.7211
-0.0012 -0.6766 -0.7058
0.0055 -0.6853 -0.7072
0.0087 -0.6883 -0.7105
0.0053 -0.6812 -0.7193
0.0053 -0.6812 -0.7193
0.0014 -0.6727 -0.7125
0.0027 -0.6775 -0.7057
-0.0018 -0.6832 -0.7136
-0.0031 -0.6862 -0.7077
-0.0031 -0.6862 -0.7077
0.0044 -0.6815 -0.7167
0.0008 -0.6736 -0.7126
-0.0031 -0.6788 -0.7235
0.0021 -0.6826 -0.7218
0.0023 -0.6854 -0.7116
0.0023 -0.6854 -0.7116
-0.0013 -0.6860 -0.6963
0.0073 -0.6892 -0.7048
0.0064 -0.6887 -0.7204
-0.0007 -0.6816 -0.7075
-0.0047 -0.6874 -0.7032
-0.0047 -0.6874 -0.7032
-0.0041 -0.6900 -0.7094
0.0005 -0.6929 -0.7154
0.0068 -0.6831 -0.7240
0.0055 -0.6775 -0.7193
-0.0039 -0.6792 -0.7107
-0.0039 -0.6792 -0.7107
0.0013 -0.6897 -0.7034
0.0031 -0.6854 -0.7036
0.0005 -0.6848 -0.7069
0.0064 -0.6888 -0.6931
0.0148 -0.6973 -0.6999
0.0148 -0.6973 -0.6999
0.0149 -0.6878 -0.7043
0.0092 -0.6805 -0.6973
0.0062 -0.6904 -0.7027
0.0081 -0.6914 -0.7120
0.0081 -0.6914 -0.7120
0.0132 -0.6867 -0.7061
0.0122 -0.6865 -0.6921
0.0105 -0.6893 -0.6958
0.0120 -0.6904 -0.7047
0.0085 -0.6907 -0.7066
0.0085 -0.6907 -0.7066
0.0065 -0.6824 -0.7057
0.0044 -0.6825 -0.7112
0.0066 -0.6952 -0.7043
0.0027 -0.6954 -0.6961
0.0058 -0.6918 -0.7025
0.0058 -0.6918 -0.7025
0.0090 -0.6906 -0.6983
0.0076 -0.6983 -0.6952
0.0102 -0.6943 -0.6974
0.0087 -0.6856 -0.7073
0.0067 -0.6935 -0.7096
0.0067 -0.6935 -0.7096
0.0172 -0.7013 -0.7024
0.0232 -0.6953 -0.7090
0.0162 -0.6867 -0.7048
0.0035 -0.6875 -0.6995
0.0049 -0.6947 -0.7005
0.0049 -0.6947 -0.7005
0.0087 -0.6970 -0.7036
0.0066 -0.6870 -0.7138
0.0053 -0.6816 -0.7111
0.0109 -0.6854 -0.7008
0.0109 -0.6854 -0.7008
0.0137 -0.6834 -0.7127
0.0098 -0.6872 -0.7058
0.0019 -0.6883 -0.6883
0.0039 -0.6995 -0.6928
0.0015 -0.6856 -0.6898
0.0015 -0.6856 -0.6898
0.0260 -0.6940 -0.7242
0.0186 -0.6984 -0.7072
0.0087 -0.6957 -0.7094
0.0149 -0.6995 -0.7231
0.0128 -0.6841 -0.6977
0.0128 -0.6841 -0.6977
0.0046 -0.6838 -0.6937
0.0095 -0.6993 -0.7022
0.0143 -0.6871 -0.7075
0.0161 -0.6941 -0.7228
0.0155 -0.6906 -0.7022
0.0155 -0.6906 -0.7022
0.0042 -0.6869 -0.6843
0.0008 -0.6908 -0.6921
0.0074 -0.6898 -0.7023
0.0206 -0.6880 -0.7097
0.0206 -0.6880 -0.7097
0.0209 -0.6877 -0.7108
0.0213 -0.6880 -0.6973
0.0148 -0.6860 -0.7001
0.0106 -0.6861 -0.7081
0.0160 -0.6907 -0.7012
0.0160 -0.6907 -0.7012
0.0136 -0.6902 -0.6867
0.0140 -0.6877 -0.6986
0.0199 -0.6938 -0.7055
0.0104 -0.6884 -0.7017
0.0074 -0.6868 -0.7231
0.0074 -0.6868 -0.7231
0.0199 -0.6953 -0.7208
0.0084 -0.6847 -0.7061
0.0042 -0.6881 -0.7092
0.0185 -0.6898 -0.7205
0.0156 -0.6838 -0.7185
0.0156 -0.6838 -0.7185
0.0113 -0.6818 -0.7107
0.0120 -0.6856 -0.6911
0.0061 -0.6877 -0.6936
0.0042 -0.6890 -0.7077
0.0042 -0.6890 -0.7077
0.0090 -0.6881 -0.7151
0.0146 -0.6872 -0.7151
0.0178 -0.6871 -0.7013
0.0145 -0.6855 -0.6961
0.0136 -0.6846 -0.6901
0.0136 -0.6846 -0.6901
0.0161 -0.6886 -0.7016
0.0195 -0.6916 -0.7133
0.0150 -0.6865 -0.7081
0.0165 -0.6852 -0.7113
0.0176 -0.6914 -0.7114
0.0176 -0.6914 -0.7114
0.0175 -0.6924 -0.6982
0.0164 -0.6911 -0.7029
0.0158 -0.6902 -0.7187
0.0163 -0.6871 -0.7123
0.0169 -0.6854 -0.6997
0.0122 -0.6862 -0.6758
0.0122 -0.6862 -0.6758
0.0259 -0.6796 -0.7273
0.0078 -0.7056 -0.7261
0.0079 -0.7099 -0.7194
0.0125 -0.6972 -0.7077
0.0125 -0.6972 -0.7077
0.0242 -0.6545 -0.6684
0.0028 -0.7117 -0.6917
0.0098 -0.6891 -0.6815
0.0135 -0.6911 -0.7092
0.0103 -0.6788 -0.7072
0.0123 -0.6845 -0.7067
0.0027 -0.6916 -0.6963
0.0055 -0.6897 -0.6972
0.0055 -0.6897 -0.6972
0.0058 -0.6948 -0.7056
0.0075 -0.6913 -0.6966
0.0089 -0.6879 -0.7065
0.0110 -0.6834 -0.7030
0.0081 -0.6860 -0.7002
0.0081 -0.6860 -0.7002
0.0095 -0.6932 -0.6907
0.0096 -0.6883 -0.6937
0.0114 -0.6888 -0.7053
0.0173 -0.6871 -0.7015
0.0173 -0.6871 -0.7015
0.0229 -0.6883 -0.6965
0.0231 -0.6847 -0.6881
0.0250 -0.6875 -0.6944
0.0283 -0.6866 -0.6875
0.0378 -0.6834 -0.6833
0.0378 -0.6834 -0.6833
0.0480 -0.6836 -0.6809
0.0526 -0.6705 -0.6757
0.0725 -0.6695 -0.6750
0.0893 -0.6631 -0.6705
0.1016 -0.6575 -0.6568
0.1016 -0.6575 -0.6568
0.1190 -0.6608 -0.6639
0.1364 -0.6569 -0.6625
0.1517 -0.6623 -0.6556
0.1694 -0.6688 -0.6412
0.1972 -0.6719 -0.6500
0.1972 -0.6719 -0.6500
0.1954 -0.6864 -0.6512
0.1967 -0.7060 -0.6803
0.1931 -0.7087 -0.6862
0.1869 -0.6981 -0.6975
0.1897 -0.6944 -0.7527
0.1897 -0.6944 -0.7527
0.2029 -0.6883 -0.8104
0.2095 -0.6815 -0.7976
0.1983 -0.6689 -0.7558
0.1969 -0.6675 -0.7296
0.1969 -0.6675 -0.7296
0.1684 -0.6507 -0.7087
0.1817 -0.6457 -0.6748
0.1965 -0.6274 -0.6853
0.1956 -0.6430 -0.7048
0.2063 -0.6193 -0.7037
0.2063 -0.6193 -0.7037
0.2170 -0.6025 -0.7109
0.2335 -0.5864 -0.6843
0.2358 -0.5783 -0.6529
0.2273 -0.5207 -0.6349
0.2324 -0.5069 -0.6578
0.2324 -0.5069 -0.6578
0.2206 -0.5424 -0.6908
0.2128 -0.5675 -0.7043
0.2046 -0.5543 -0.6892
0.2037 -0.5271 -0.7037
0.2023 -0.5030 -0.7545
0.2023 -0.5030 -0.7545
0.1930 -0.4888 -0.7668
0.1200 -0.5009 -0.7620
0.1089 -0.4697 -0.8021
0.0912 -0.4922 -0.8523
-0.0127 -0.4922 -0.9562
-0.0127 -0.4922 -0.9562
0.0166 -0.5005 -0.9055
0.0348 -0.4436 -0.8530
-0.1028 -0.4081 -0.8498
-0.0858 -0.5768 -0.9055
-0.0858 -0.5768 -0.9055
-0.1011 -0.5685 -0.9808
-0.1248 -0.5836 -0.9297
-0.1438 -0.6072 -1.0400
-0.1953 -0.5896 -1.0695
-0.2385 -0.5726 -1.0534
-0.2385 -0.5726 -1.0534
-0.2422 -0.5891 -1.0287
-0.2273 -0.6250 -0.9958
-0.2232 -0.6472 -0.9615
-0.2392 -0.6293 -0.9796
-0.2605 -0.5746 -0.9581
-0.2605 -0.5746 -0.9581
-0.2602 -0.5184 -0.9711
-0.2285 -0.4681 -0.8942
-0.1684 -0.4479 -0.8249
-0.1115 -0.4460 -0.7840
-0.0745 -0.4742 -0.7334
-0.0745 -0.4742 -0.7334
-0.0593 -0.4789 -0.7063
-0.0533 -0.5038 -0.7116
-0.0789 -0.5252 -0.7378
-0.1070 -0.5218 -0.7748
-0.1307 -0.5208 -0.7783
-0.1307 -0.5208 -0.7783
-0.1423 -0.5226 -0.8066
-0.1499 -0.5574 -0.8335
-0.1561 -0.5509 -0.8592
-0.1599 -0.5566 -0.8603
-0.1544 -0.5735 -0.8414
-0.1544 -0.5735 -0.8414
-0.1186 -0.5901 -0.8111
-0.0634 -0.6114 -0.7929
-0.0086 -0.6236 -0.7786
0.0420 -0.6336 -0.7820
0.0711 -0.6555 -0.8034
0.0711 -0.6555 -0.8034
0.0817 -0.6552 -0.8200
0.1237 -0.6999 -0.8047
0.1617 -0.7136 -0.8287
0.1679 -0.7189 -0.9088
0.1679 -0.7189 -0.9088
0.1235 -0.6594 -0.9738
0.0866 -0.5848 -1.0164
0.0941 -0.5300 -1.0286
0.1204 -0.5023 -0.9330
0.1649 -0.5314 -0.8439
0.1649 -0.5314 -0.8439
0.1866 -0.5933 -0.7778
0.1590 -0.6084 -0.7701
0.0931 -0.5688 -0.7663
0.0544 -0.5310 -0.7684
0.0362 -0.4755 -0.7542
0.0362 -0.4755 -0.7542
0.0233 -0.4588 -0.7402
0.0115 -0.4457 -0.6977
0.0001 -0.4558 -0.6533
-0.0060 -0.4905 -0.6231
-0.0197 -0.5170 -0.5874
-0.0197 -0.5170 -0.5874
-0.0240 -0.5529 -0.5990
-0.0271 -0.5807 -0.5826
-0.0310 -0.6140 -0.6226
-0.0410 -0.6369 -0.6587
-0.0410 -0.6369 -0.6587
-0.0417 -0.6335 -0.7085
-0.0433 -0.6305 -0.7285
-0.0359 -0.6413 -0.7630
-0.0200 -0.6393 -0.7830
-0.0342 -0.6391 -0.8429
-0.0342 -0.6391 -0.8429
-0.0701 -0.6061 -0.8900
-0.1130 -0.5907 -0.9907
-0.1467 -0.5815 -1.0296
-0.1775 -0.5495 -1.0426
-0.2054 -0.5613 -1.0890
-0.2054 -0.5613 -1.0890
-0.2463 -0.5340 -1.1013
-0.2982 -0.4370 -1.1238
-0.3192 -0.3544 -1.0718
-0.2901 -0.3305 -0.9413
-0.2004 -0.4155 -0.8203
-0.2004 -0.4155 -0.8203
-0.1723 -0.4977 -0.7680
-0.2213 -0.5695 -0.7684
-0.2459 -0.5460 -0.8263
-0.2182 -0.4493 -0.8690
-0.1542 -0.3585 -0.7706
-0.1542 -0.3585 -0.7706
-0.0455 -0.3753 -0.6873
0.0384 -0.4741 -0.6146
0.0821 -0.5477 -0.5533
0.0922 -0.5923 -0.5368
0.1003 -0.6520 -0.5609
0.1003 -0.6520 -0.5609
0.1148 -0.6635 -0.5970
0.1420 -0.6571 -0.6206
0.1774 -0.6520 -0.7017
0.2142 -0.6166 -0.7379
0.2142 -0.6166 -0.7379
0.2636 -0.5816 -0.7775
0.3229 -0.5824 -0.7956
0.3604 -0.5876 -0.8140
0.3706 -0.6279 -0.8543
0.3283 -0.6647 -0.8901
0.3283 -0.6647 -0.8901
0.2800 -0.7141 -0.9505
0.2370 -0.7655 -0.9947
0.1856 -0.7232 -1.0284
0.1263 -0.6923 -1.0193
0.0828 -0.6412 -0.9704
0.0828 -0.6412 -0.9704
0.0675 -0.5660 -0.8654
0.1176 -0.5539 -0.7443
0.2110 -0.5691 -0.6323
0.2903 -0.6085 -0.5663
0.3240 -0.6458 -0.6301
0.3240 -0.6458 -0.6301
0.3011 -0.6230 -0.7321
0.2522 -0.5457 -0.8902
0.2092 -0.4628 -0.9671
0.1872 -0.3638 -0.9722
0.1694 -0.3495 -0.9085
0.1694 -0.3495 -0.9085
0.1161 -0.3698 -0.8635
0.0585 -0.4091 -0.7754
-0.0022 -0.4082 -0.6943
-0.0378 -0.4533 -0.6019
-0.0378 -0.4533 -0.6019
-0.0647 -0.5009 -0.5502
-0.0971 -0.5385 -0.5274
-0.1144 -0.5593 -0.5430
-0.1275 -0.5707 -0.6383
-0.1488 -0.5612 -0.6909
-0.1488 -0.5612 -0.6909
-0.1583 -0.5453 -0.7303
-0.1360 -0.5588 -0.7620
-0.1068 -0.5934 -0.8258
-0.1225 -0.6027 -0.8719
-0.1594 -0.5975 -0.9910
-0.1594 -0.5975 -0.9910
-0.1923 -0.5890 -1.0311
-0.2390 -0.6069 -1.0714
-0.2730 -0.6555 -1.1630
-0.3188 -0.5812 -1.2611
-0.3875 -0.4540 -1.3558
-0.3875 -0.4540 -1.3558
-0.4299 -0.3471 -1.2932
-0.4092 -0.2974 -1.0589
-0.3114 -0.3877 -0.8493
-0.2390 -0.5024 -0.7094
-0.2265 -0.5734 -0.6845
-0.2265 -0.5734 -0.6845
-0.2404 -0.5764 -0.7389
-0.2257 -0.4974 -0.7880
-0.1566 -0.3676 -0.7747
-0.0586 -0.3244 -0.6842
0.0519 -0.3531 -0.6168
0.0519 -0.3531 -0.6168
0.1666 -0.4023 -0.5764
0.2429 -0.4487 -0.5587
0.2749 -0.5006 -0.5346
0.2792 -0.5605 -0.5411
0.2792 -0.5605 -0.5411
0.2834 -0.6022 -0.5782
0.2989 -0.6021 -0.6261
0.3091 -0.6052 -0.6930
0.3157 -0.5918 -0.7706
0.3235 -0.5800 -0.8537
0.3235 -0.5800 -0.8537
0.3227 -0.5927 -0.9357
0.3168 -0.6097 -0.9660
0.2953 -0.6461 -0.9791
0.2603 -0.7082 -1.0133
0.2277 -0.7446 -1.0825
0.2277 -0.7446 -1.0825
0.1919 -0.7526 -1.1475
0.1596 -0.7325 -1.1814
0.1277 -0.6870 -1.1198
0.1142 -0.6048 -1.0431
0.1517 -0.5173 -0.8697
0.1517 -0.5173 -0.8697
0.2371 -0.4895 -0.6626
0.3393 -0.5233 -0.4947
0.4053 -0.5917 -0.4406
0.4191 -0.6266 -0.4819
0.4191 -0.6266 -0.4819
0.4103 -0.5847 -0.5954
0.4021 -0.5026 -0.7362
0.3720 -0.4130 -0.9049
0.2968 -0.3478 -1.0215
0.1944 -0.2853 -1.0454
0.1944 -0.2853 -1.0454
0.0888 -0.2738 -1.0175
0.0032 -0.3276 -0.9456
-0.0567 -0.3915 -0.8499
-0.1039 -0.4298 -0.7352
-0.1386 -0.4854 -0.6718
-0.1386 -0.4854 -0.6718
-0.1706 -0.5373 -0.6022
-0.1797 -0.5618 -0.5688
-0.1647 -0.5842 -0.5474
-0.1353 -0.5891 -0.5760
-0.1353 -0.5891 -0.5760
-0.1066 -0.5800 -0.6147
-0.0793 -0.5841 -0.6799
-0.0637 -0.6033 -0.7450
-0.0659 -0.6017 -0.8811
-0.0670 -0.6199 -1.0179
-0.0670 -0.6199 -1.0179
-0.0878 -0.6375 -1.0854
-0.1334 -0.6381 -1.1480
-0.2020 -0.6064 -1.1769
-0.2714 -0.5150 -1.2226
-0.3196 -0.4149 -1.1459
-0.3196 -0.4149 -1.1459
-0.3161 -0.3661 -0.9377
-0.2732 -0.4175 -0.7731
-0.2257 -0.5347 -0.6077
-0.1912 -0.6458 -0.5153
-0.2099 -0.7384 -0.5194
-0.2099 -0.7384 -0.5194
-0.2443 -0.7425 -0.6103
-0.2323 -0.6376 -0.7934
-0.1641 -0.4686 -0.8737
-0.0635 -0.3811 -0.8033
0.0429 -0.4137 -0.7033
0.0429 -0.4137 -0.7033
0.1295 -0.4771 -0.6335
0.1873 -0.5265 -0.5940
0.2242 -0.5813 -0.5755
0.2207 -0.6342 -0.6028
0.2207 -0.6342 -0.6028
0.1893 -0.6859 -0.6386
0.1747 -0.7008 -0.6872
0.1977 -0.6907 -0.7410
0.2334 -0.6691 -0.7926
0.2461 -0.6477 -0.8410
0.2461 -0.6477 -0.8410
0.2370 -0.6299 -0.8839
0.2103 -0.6065 -0.9035
0.1715 -0.6155 -0.9147
0.1491 -0.6399 -0.9295
0.1407 -0.6415 -0.9395
0.1407 -0.6415 -0.9395
0.1484 -0.6326 -0.9593
0.1889 -0.6285 -0.9653
0.2273 -0.6167 -0.9473
0.2459 -0.6326 -0.9277
0.2238 -0.5927 -0.9585
0.2238 -0.5927 -0.9585
0.1854 -0.5199 -0.9374
0.1673 -0.4555 -0.8430
0.1804 -0.4346 -0.7004
0.2131 -0.4563 -0.5702
0.2131 -0.4563 -0.5702
0.2680 -0.5149 -0.4908
0.3270 -0.6088 -0.4705
0.3624 -0.6682 -0.5415
0.3635 -0.6653 -0.6721
0.3596 -0.6173 -0.9133
0.3596 -0.6173 -0.9133
0.3583 -0.5419 -1.1806
0.3163 -0.3942 -1.2084
0.2553 -0.2832 -1.1821
0.1757 -0.2650 -1.0728
0.0921 -0.2659 -0.9596
0.0921 -0.2659 -0.9596
0.0347 -0.3023 -0.8443
0.0052 -0.3348 -0.7759
-0.0305 -0.3488 -0.7096
-0.0701 -0.3845 -0.6972
-0.0984 -0.4319 -0.7134
-0.0984 -0.4319 -0.7134
-0.1182 -0.4680 -0.7227
-0.1256 -0.5050 -0.7660
-0.1375 -0.5560 -0.8323
-0.1530 -0.5950 -0.9155
-0.1904 -0.5970 -0.9953
-0.1904 -0.5970 -0.9953
-0.2506 -0.5649 -1.0674
-0.2799 -0.5688 -1.0991
-0.2901 -0.5786 -1.1019
-0.3031 -0.4874 -1.0825
-0.3036 -0.3474 -0.9419
-0.3036 -0.3474 -0.9419
-0.2729 -0.2698 -0.6850
-0.2356 -0.3285 -0.4974
-0.1614 -0.4969 -0.3794
-0.0641 -0.6793 -0.3346
-0.0129 -0.7763 -0.3017
-0.0129 -0.7763 -0.3017
0.0025 -0.8644 -0.3713
0.0038 -0.8849 -0.5434
0.0016 -0.8008 -0.8015
0.0397 -0.6872 -1.0031
0.0397 -0.6872 -1.0031
0.0723 -0.5632 -0.9790
0.0956 -0.4932 -0.9377
0.0981 -0.4611 -0.8612
0.0886 -0.4611 -0.8458
0.0979 -0.4937 -0.8481
0.0979 -0.4937 -0.8481
0.0986 -0.5102 -0.8236
0.1019 -0.5678 -0.7911
0.0791 -0.6232 -0.8140
0.0328 -0.6514 -0.8875
-0.0317 -0.6278 -0.9898
-0.0317 -0.6278 -0.9898
-0.0580 -0.5569 -1.0705
-0.0593 -0.4812 -1.0369
-0.0357 -0.4430 -1.0166
-0.0042 -0.4522 -0.9528
0.0649 -0.4561 -0.9048
0.0649 -0.4561 -0.9048
0.1458 -0.4319 -0.8802
0.2018 -0.4325 -0.9321
0.2296 -0.4249 -0.9613
0.2431 -0.4131 -0.9798
0.2571 -0.4211 -1.0098
0.2571 -0.4211 -1.0098
0.2783 -0.4054 -1.0018
0.3069 -0.3709 -0.9497
0.3489 -0.3697 -0.8744
0.3733 -0.3753 -0.7740
0.3733 -0.3753 -0.7740
0.3711 -0.3943 -0.6803
0.3475 -0.4436 -0.6292
0.2927 -0.4659 -0.6043
0.2165 -0.4966 -0.6355
0.1162 -0.5283 -0.6567
0.1162 -0.5283 -0.6567
0.0175 -0.5831 -0.6629
-0.0503 -0.6602 -0.7321
-0.0627 -0.6785 -0.8175
-0.0679 -0.6719 -0.8677
-0.0659 -0.6768 -0.9025
-0.0659 -0.6768 -0.9025
-0.0437 -0.6810 -0.9364
-0.0125 -0.6645 -0.9023
0.0230 -0.6602 -0.8980
0.0460 -0.6434 -0.8614
0.0809 -0.6228 -0.8586
0.0809 -0.6228 -0.8586
0.0925 -0.6067 -0.8058
0.1376 -0.6088 -0.7448
0.1799 -0.5742 -0.7385
0.1962 -0.5946 -0.6626
0.2401 -0.5281 -0.7137
0.2401 -0.5281 -0.7137
0.1982 -0.5002 -0.8521
0.1673 -0.4014 -1.0100
0.1423 -0.2763 -1.0448
0.1297 -0.2411 -0.9732
0.1297 -0.2411 -0.9732
0.0293 -0.2547 -0.8418
-0.0689 -0.2787 -0.8052
-0.1647 -0.3367 -0.7671
-0.1910 -0.3904 -0.8257
-0.2390 -0.4270 -0.7769
-0.2390 -0.4270 -0.7769
-0.2573 -0.4100 -0.7964
-0.2835 -0.4397 -0.8013
-0.2690 -0.4554 -0.8254
-0.2476 -0.4904 -0.8161
-0.2392 -0.5401 -0.7946
-0.2392 -0.5401 -0.7946
-0.2234 -0.6061 -0.7677
-0.2030 -0.6466 -0.7667
-0.1951 -0.6571 -0.8036
-0.1978 -0.6674 -0.8368
-0.1978 -0.6674 -0.8368
-0.2140 -0.6669 -0.8535
-0.2170 -0.6648 -0.8757
-0.1866 -0.6558 -0.9079
-0.1371 -0.6387 -0.9384
-0.0932 -0.6361 -0.9035
-0.0932 -0.6361 -0.9035
-0.0623 -0.6371 -0.8626
-0.0356 -0.6437 -0.8276
0.0263 -0.6152 -0.8505
0.0957 -0.6107 -0.8613
0.1808 -0.6274 -0.8516
0.1808 -0.6274 -0.8516
0.2663 -0.6319 -0.8431
0.3278 -0.6180 -0.8679
0.3644 -0.6232 -0.9309
0.4162 -0.6444 -0.9980
0.4628 -0.6273 -1.0841
0.4628 -0.6273 -1.0841
0.4898 -0.5684 -1.1895
0.4739 -0.4838 -1.2554
0.4209 -0.3792 -1.2373
0.3781 -0.3440 -1.0810
0.3811 -0.3805 -0.9116
0.3811 -0.3805 -0.9116
0.4024 -0.4224 -0.7711
0.3908 -0.4552 -0.7495
0.3212 -0.4345 -0.8275
0.2361 -0.3717 -0.9275
0.2361 -0.3717 -0.9275
0.1518 -0.3181 -0.9530
0.0761 -0.2874 -0.9129
-0.0138 -0.2897 -0.8649
-0.1001 -0.3163 -0.8045
-0.1841 -0.3528 -0.7357
-0.1841 -0.3528 -0.7357
-0.2311 -0.4254 -0.6442
-0.2694 -0.4920 -0.5982
-0.3020 -0.5388 -0.5640
-0.3033 -0.5504 -0.5464
-0.2915 -0.5524 -0.5791
-0.2915 -0.5524 -0.5791
-0.2700 -0.5804 -0.6002
-0.2543 -0.5974 -0.6156
-0.2417 -0.5961 -0.6322
-0.2137 -0.5991 -0.6398
-0.1706 -0.6106 -0.6709
-0.1706 -0.6106 -0.6709
-0.1398 -0.6167 -0.7004
-0.1282 -0.5974 -0.7712
-0.1332 -0.5514 -0.8768
-0.1536 -0.5411 -1.0085
-0.1536 -0.5411 -1.0085
-0.1983 -0.5337 -1.0440
-0.2522 -0.5257 -1.1008
-0.2945 -0.4959 -1.1414
-0.3233 -0.4453 -1.2005
-0.3225 -0.4198 -1.1281
-0.3225 -0.4198 -1.1281
-0.2788 -0.4582 -1.0132
-0.2194 -0.5111 -0.8914
-0.1944 -0.4978 -0.8521
-0.1834 -0.4622 -0.8846
-0.1358 -0.4037 -0.8732
-0.1358 -0.4037 -0.8732
-0.0335 -0.3890 -0.7841
0.0527 -0.4124 -0.6540
0.0946 -0.4491 -0.5465
0.1193 -0.4883 -0.4861
0.1579 -0.5276 -0.4385
0.1579 -0.5276 -0.4385
0.1982 -0.5765 -0.4147
0.2321 -0.6459 -0.4279
0.2532 -0.6578 -0.4959
0.2609 -0.6553 -0.6132
0.2316 -0.6283 -0.7755
0.2316 -0.6283 -0.7755
0.1939 -0.6263 -0.9454
0.1518 -0.6162 -1.0475
0.1109 -0.6106 -1.0505
0.0840 -0.6550 -1.0125
0.0856 -0.7073 -0.9806
0.0856 -0.7073 -0.9806
0.0757 -0.7350 -0.9685
0.0735 -0.7905 -0.9792
0.0863 -0.8142 -1.0122
0.0754 -0.7589 -1.0655
0.0754 -0.7589 -1.0655
0.0615 -0.6761 -1.1328
0.0500 -0.5599 -1.1069
0.0716 -0.4813 -0.9577
0.1301 -0.5024 -0.7444
0.2274 -0.5640 -0.5902
0.2274 -0.5640 -0.5902
0.3130 -0.6107 -0.5382
0.3545 -0.5912 -0.6217
0.3402 -0.5178 -0.7479
0.2860 -0.4674 -0.8854
0.2298 -0.3970 -0.9347
0.2298 -0.3970 -0.9347
0.1904 -0.3616 -0.8539
0.1059 -0.3459 -0.7986
0.0230 -0.3823 -0.7396
-0.0482 -0.4222 -0.7086
-0.1087 -0.4733 -0.6604
-0.1087 -0.4733 -0.6604
-0.1465 -0.5249 -0.6295
-0.1760 -0.5618 -0.6069
-0.1911 -0.5958 -0.6167
-0.1923 -0.5950 -0.6534
-0.1944 -0.5760 -0.7030
-0.1944 -0.5760 -0.7030
-0.1900 -0.5521 -0.7244
-0.1702 -0.5394 -0.7262
-0.1402 -0.5509 -0.7316
-0.1259 -0.5623 -0.7768
-0.1259 -0.5623 -0.7768
-0.1431 -0.5507 -0.8702
-0.1744 -0.5529 -0.9540
-0.2207 -0.5852 -0.9904
-0.2715 -0.5656 -1.1041
-0.3433 -0.4426 -1.2221
-0.3433 -0.4426 -1.2221
-0.3941 -0.2865 -1.3414
-0.3884 -0.2137 -1.1730
-0.3474 -0.2801 -0.9594
-0.3245 -0.4654 -0.7577
-0.3597 -0.5513 -0.6704
-0.3597 -0.5513 -0.6704
-0.4039 -0.5933 -0.7065
-0.3557 -0.5177 -0.7929
-0.2322 -0.3867 -0.8100
-0.0760 -0.4228 -0.7691
0.0350 -0.5119 -0.7057
0.0350 -0.5119 -0.7057
0.0991 -0.5218 -0.6880
0.1380 -0.5513 -0.6770
0.1530 -0.5775 -0.6996
0.1648 -0.6122 -0.7323
0.1904 -0.6366 -0.7623
0.1904 -0.6366 -0.7623
0.2126 -0.6397 -0.8018
0.2333 -0.6195 -0.8424
0.2353 -0.6082 -0.8900
0.2031 -0.5804 -0.8989
0.2031 -0.5804 -0.8989
0.1766 -0.5682 -0.8743
0.1632 -0.5870 -0.8379
0.1633 -0.6290 -0.8020
0.1501 -0.6580 -0.8259
0.1242 -0.6815 -0.8335
0.1242 -0.6815 -0.8335
0.1198 -0.7217 -0.9164
0.1351 -0.7099 -1.0089
0.1411 -0.6670 -1.0843
0.1131 -0.5427 -1.1337
0.1147 -0.4541 -1.0208
0.1147 -0.4541 -1.0208
0.1592 -0.4497 -0.8185
0.2147 -0.5595 -0.6606
0.2502 -0.6160 -0.5945
0.2155 -0.6257 -0.7084
0.2155 -0.6257 -0.7084
0.1303 -0.5647 -0.8635
0.0739 -0.4662 -1.0148
0.0581 -0.4103 -1.0902
0.0290 -0.3629 -1.0189
-0.0003 -0.3562 -0.9729
-0.0003 -0.3562 -0.9729
-0.0470 -0.3652 -0.9060
-0.0735 -0.3752 -0.8450
-0.0911 -0.3810 -0.7598
-0.1017 -0.4023 -0.6688
-0.1102 -0.4186 -0.6530
-0.1102 -0.4186 -0.6530
-0.1215 -0.4115 -0.6495
-0.1384 -0.3919 -0.6707
-0.1413 -0.3802 -0.6815
-0.1303 -0.3906 -0.6858
-0.0963 -0.4357 -0.7098
-0.0963 -0.4357 -0.7098
-0.0615 -0.4639 -0.7316
-0.0505 -0.4885 -0.7835
-0.0399 -0.5709 -0.8226
-0.0534 -0.6210 -0.9577
-0.0792 -0.5320 -1.1436
-0.0792 -0.5320 -1.1436
-0.1306 -0.3682 -1.2563
-0.1669 -0.2905 -1.1723
-0.1604 -0.3454 -0.9640
-0.1323 -0.5434 -0.8422
-0.1323 -0.5434 -0.8422
-0.1756 -0.6198 -0.7545
-0.2955 -0.6478 -0.7870
-0.3850 -0.6507 -0.9153
-0.3791 -0.5625 -0.9594
-0.3151 -0.4859 -0.8173
-0.3151 -0.4859 -0.8173
-0.1949 -0.5301 -0.6997
-0.1078 -0.5748 -0.6329
-0.0392 -0.5901 -0.6085
-0.0309 -0.6101 -0.6154
-0.0524 -0.6453 -0.6410
-0.0524 -0.6453 -0.6410
-0.0654 -0.6488 -0.6559
-0.0589 -0.6358 -0.6751
-0.0269 -0.6090 -0.7183
0.0137 -0.5722 -0.7511
0.0487 -0.5371 -0.7864
0.0487 -0.5371 -0.7864
0.0614 -0.5193 -0.8225
0.0614 -0.5112 -0.8559
0.0458 -0.4980 -0.8651
0.0418 -0.4959 -0.8417
0.0607 -0.5251 -0.7772
0.0607 -0.5251 -0.7772
0.0905 -0.5845 -0.7411
0.1168 -0.5994 -0.7678
0.1389 -0.5986 -0.8097
0.1514 -0.5941 -0.9046
0.1514 -0.5941 -0.9046
0.1256 -0.5120 -1.0336
0.0932 -0.4306 -1.0771
0.1115 -0.4298 -1.0150
0.1363 -0.4941 -0.9466
0.1543 -0.5288 -0.9786
0.1543 -0.5288 -0.9786
0.1086 -0.4525 -1.0565
0.0389 -0.3687 -1.0609
0.0368 -0.3423 -1.0006
0.0983 -0.3747 -0.9039
0.1411 -0.4195 -0.8458
0.1411 -0.4195 -0.8458
0.1460 -0.4257 -0.8847
0.1049 -0.3805 -0.9487
0.0854 -0.3195 -1.0281
0.0622 -0.2770 -1.0520
0.0531 -0.2388 -1.0197
0.0531 -0.2388 -1.0197
0.0341 -0.2091 -0.9437
0.0007 -0.2138 -0.8546
-0.0137 -0.2281 -0.7825
-0.0079 -0.2431 -0.7551
-0.0125 -0.2699 -0.7590
-0.0125 -0.2699 -0.7590
-0.0321 -0.3028 -0.7707
-0.0485 -0.3324 -0.8092
-0.0439 -0.3575 -0.8590
-0.0288 -0.3896 -0.9187
-0.0206 -0.3898 -1.0008
-0.0206 -0.3898 -1.0008
-0.0431 -0.3741 -1.0768
-0.0840 -0.2976 -1.1252
-0.0969 -0.2531 -1.0808
-0.0785 -0.3006 -1.0181
-0.0785 -0.3006 -1.0181
-0.1056 -0.3834 -0.9429
-0.1631 -0.4516 -0.8915
-0.2335 -0.4711 -0.8563
-0.2725 -0.5071 -0.8812
-0.2804 -0.5299 -0.9086
-0.2804 -0.5299 -0.9086
-0.2364 -0.5202 -0.9127
-0.1641 -0.4970 -0.9174
-0.1260 -0.4763 -0.9037
-0.1008 -0.4672 -0.8747
-0.0794 -0.4700 -0.8372
-0.0794 -0.4700 -0.8372
-0.0453 -0.4789 -0.8082
-0.0003 -0.4707 -0.8441
0.0288 -0.4512 -0.8450
0.0687 -0.4469 -0.8580
0.0909 -0.4483 -0.8994
0.0909 -0.4483 -0.8994
0.0815 -0.4342 -0.9809
0.0296 -0.3757 -1.0600
-0.0310 -0.3088 -1.0839
-0.0421 -0.2849 -1.0478
-0.0162 -0.2905 -0.9968
-0.0162 -0.2905 -0.9968
-0.0227 -0.3297 -0.9358
-0.0464 -0.3741 -0.9025
-0.0847 -0.3951 -0.8871
-0.1147 -0.4081 -0.8739
-0.1147 -0.4081 -0.8739
-0.1056 -0.4184 -0.8281
-0.0500 -0.4369 -0.7707
0.0168 -0.4590 -0.7292
0.0662 -0.4790 -0.7005
0.0970 -0.4925 -0.6987
0.0970 -0.4925 -0.6987
0.1245 -0.5090 -0.6996
0.1628 -0.5343 -0.7366
0.1926 -0.5523 -0.7956
0.1941 -0.5511 -0.8708
0.1978 -0.5413 -0.9830
0.1978 -0.5413 -0.9830
0.1912 -0.5271 -1.1060
0.1735 -0.4869 -1.2304
0.1453 -0.4613 -1.2479
0.1019 -0.4596 -1.2167
0.0423 -0.4967 -1.1333
0.0423 -0.4967 -1.1333
-0.0169 -0.5189 -1.0687
-0.0722 -0.5085 -1.0228
-0.1199 -0.4842 -0.9743
-0.1482 -0.4525 -0.8849
-0.1510 -0.4655 -0.8114
-0.1510 -0.4655 -0.8114
-0.1372 -0.4780 -0.7115
-0.1125 -0.5201 -0.6662
-0.0965 -0.5488 -0.6834
-0.0996 -0.5200 -0.7201
-0.0996 -0.5200 -0.7201
-0.1072 -0.4846 -0.7685
-0.0918 -0.4736 -0.8190
-0.0746 -0.4588 -0.8042
-0.0754 -0.4371 -0.7699
-0.0741 -0.4707 -0.6852
-0.0741 -0.4707 -0.6852
-0.0439 -0.5393 -0.6543
-0.0219 -0.5742 -0.6376
-0.0247 -0.6129 -0.6451
-0.0381 -0.6588 -0.6874
-0.0588 -0.6368 -0.7042
-0.0588 -0.6368 -0.7042
-0.0636 -0.6127 -0.7229
-0.0846 -0.5776 -0.7613
-0.0017 -0.5744 -0.8712
-0.0043 -0.5806 -0.7858
-0.0043 -0.5806 -0.7858
-0.0191 -0.5842 -0.7790
-0.0009 -0.5709 -0.7698
-0.0098 -0.5854 -0.7294
-0.0276 -0.6153 -0.7509
0.0045 -0.6234 -0.7597
0.0045 -0.6234 -0.7597
0.0253 -0.6065 -0.7781
0.0332 -0.6214 -0.8204
0.0402 -0.6159 -0.7879
0.0197 -0.6222 -0.7601
0.0015 -0.6385 -0.7713
0.0015 -0.6385 -0.7713
0.0111 -0.6410 -0.7445
0.0152 -0.6307 -0.7436
0.0071 -0.6320 -0.7689
0.0068 -0.6299 -0.7904
0.0191 -0.6245 -0.7623
0.0191 -0.6245 -0.7623
0.0260 -0.6134 -0.7505
0.0198 -0.6232 -0.7497
0.0063 -0.6158 -0.7745
-0.0004 -0.6131 -0.7911
0.0001 -0.6152 -0.7525
0.0001 -0.6152 -0.7525
0.0023 -0.6226 -0.7375
0.0130 -0.6284 -0.7463
0.0199 -0.6197 -0.7522
0.0250 -0.6348 -0.7539
0.0250 -0.6348 -0.7539
0.0363 -0.6398 -0.7584
0.0369 -0.6379 -0.7809
0.0303 -0.6450 -0.7612
0.0228 -0.6447 -0.7413
0.0261 -0.6487 -0.7346
0.0261 -0.6487 -0.7346
0.0159 -0.6447 -0.7432
0.0110 -0.6505 -0.7483
0.0064 -0.6486 -0.7372
0.0150 -0.6455 -0.7426
0.0179 -0.6407 -0.7390
0.0179 -0.6407 -0.7390
0.0186 -0.6492 -0.7349
0.0203 -0.6604 -0.7338
0.0174 -0.6524 -0.7429
0.0184 -0.6544 -0.7338
0.0247 -0.6613 -0.7232
0.0247 -0.6613 -0.7232
0.0224 -0.6572 -0.7270
0.0155 -0.6570 -0.7272
0.0184 -0.6617 -0.7218
0.0291 -0.6664 -0.7190
0.0291 -0.6664 -0.7190
0.0354 -0.6671 -0.7324
0.0318 -0.6605 -0.7362
0.0274 -0.6590 -0.7261
0.0288 -0.6612 -0.7337
0.0261 -0.6626 -0.7293
0.0261 -0.6626 -0.7293
0.0208 -0.6657 -0.7399
0.0234 -0.6629 -0.7256
0.0234 -0.6598 -0.7128
0.0259 -0.6737 -0.7253
0.0268 -0.6655 -0.7114
0.0268 -0.6655 -0.7114
0.0293 -0.6578 -0.7113
0.0219 -0.6706 -0.7059
0.0185 -0.6721 -0.7115
0.0168 -0.6729 -0.7201
0.0121 -0.6710 -0.7195
0.0121 -0.6710 -0.7195
0.0148 -0.6783 -0.7072
0.0158 -0.6760 -0.7122
0.0176 -0.6774 -0.7275
0.0196 -0.6768 -0.7137
0.0169 -0.6771 -0.7206
0.0169 -0.6771 -0.7206
0.0224 -0.6816 -0.7186
0.0249 -0.6831 -0.7159
0.0282 -0.6801 -0.7159
0.0232 -0.6726 -0.7299
0.0164 -0.6786 -0.7242
0.0164 -0.6786 -0.7242
0.0218 -0.6814 -0.7069
0.0209 -0.6877 -0.6953
0.0252 -0.6810 -0.6918
0.0299 -0.6854 -0.7020
0.0324 -0.6770 -0.7139
0.0324 -0.6770 -0.7139
0.0287 -0.6731 -0.7082
0.0156 -0.6828 -0.6968
0.0195 -0.6920 -0.6862
0.0304 -0.6825 -0.6948
0.0304 -0.6825 -0.6948
0.0267 -0.6824 -0.7030
0.0184 -0.6879 -0.7078
0.0226 -0.6880 -0.7110
0.0234 -0.6832 -0.7144
0.0180 -0.6897 -0.7061
0.0180 -0.6897 -0.7061
0.0215 -0.6916 -0.6943
0.0245 -0.6887 -0.6990
0.0244 -0.6842 -0.6985
0.0230 -0.6862 -0.6916
0.0287 -0.6934 -0.7023
0.0287 -0.6934 -0.7023
0.0260 -0.6891 -0.7096
0.0150 -0.6942 -0.7015
0.0173 -0.7006 -0.6882
0.0219 -0.6980 -0.6981
0.0291 -0.6963 -0.7127
0.0291 -0.6963 -0.7127
0.0273 -0.6897 -0.7123
0.0252 -0.6948 -0.7072
0.0205 -0.6969 -0.6982
0.0201 -0.6937 -0.6994
0.0201 -0.6937 -0.6994
0.0201 -0.6924 -0.7025
0.0261 -0.7050 -0.6948
0.0260 -0.6917 -0.6942
0.0279 -0.6917 -0.6997
0.0291 -0.6958 -0.6978
0.0291 -0.6958 -0.6978
0.0285 -0.6925 -0.6893
0.0188 -0.6868 -0.6960
0.0184 -0.6940 -0.6896
0.0252 -0.6963 -0.6859
0.0237 -0.6911 -0.6917
0.0237 -0.6911 -0.6917
0.0311 -0.6986 -0.6967
0.0217 -0.6933 -0.6996
0.0186 -0.7057 -0.7420
0.0181 -0.6938 -0.7187
0.0131 -0.6988 -0.7007
0.0131 -0.6988 -0.7007
0.0179 -0.6977 -0.6978
0.0237 -0.6928 -0.7037
0.0156 -0.6858 -0.7098
0.0145 -0.6874 -0.6999
0.0159 -0.6908 -0.6991
0.0159 -0.6908 -0.6991
0.0127 -0.6923 -0.7016
0.0109 -0.6928 -0.6908
0.0255 -0.6953 -0.6962
0.0265 -0.6909 -0.6960
0.0265 -0.6909 -0.6960
0.0171 -0.6833 -0.6965
0.0223 -0.6965 -0.7055
0.0220 -0.6940 -0.7083
0.0178 -0.6914 -0.7032
0.0220 -0.6886 -0.6956
0.0220 -0.6886 -0.6956
0.0254 -0.6882 -0.6862
0.0277 -0.6915 -0.7061
0.0274 -0.6836 -0.7113
0.0213 -0.6819 -0.7106
0.0195 -0.6871 -0.7057
0.0195 -0.6871 -0.7057
0.0256 -0.6885 -0.7081
0.0275 -0.6863 -0.7078
0.0277 -0.6878 -0.7132
0.0301 -0.6823 -0.7136
0.0281 -0.6899 -0.7157
0.0281 -0.6899 -0.7157
0.0323 -0.6964 -0.7192
0.0346 -0.6876 -0.7119
0.0331 -0.6805 -0.6983
0.0304 -0.6872 -0.7098
0.0304 -0.6872 -0.7098
0.0339 -0.6872 -0.7084
0.0360 -0.6895 -0.7079
0.0352 -0.6890 -0.7085
0.0275 -0.6795 -0.7113
0.0285 -0.6808 -0.7138
0.0285 -0.6808 -0.7138
0.0220 -0.6952 -0.6990
0.0411 -0.6623 -0.6518
0.0296 -0.7215 -0.7355
0.0148 -0.7096 -0.7594
0.0345 -0.6676 -0.7117
0.0345 -0.6676 -0.7117
0.0361 -0.6722 -0.6965

