-0.0114 0.1279 0.0088
-0.0105 0.1287 0.0086
-0.0098 0.1289 0.0082
-0.0093 0.1289 0.0077
-0.0088 0.1288 0.0071
-0.0082 0.1287 0.0066
-0.0078 0.1286 0.0060
-0.0061 0.1274 0.0063
-0.0052 0.1270 0.0059
-0.0045 0.1268 0.0054
-0.0040 0.1266 0.0047
-0.0035 0.1265 0.0040
-0.0030 0.1263 0.0033
-0.0012 0.1268 0.0022
-0.0002 0.1268 0.0013
0.0004 0.1268 0.0005
0.0009 0.1267 -0.0004
0.0013 0.1265 -0.0012
0.0017 0.1264 -0.0021
0.0024 0.1268 -0.0040
0.0029 0.1270 -0.0053
0.0034 0.1270 -0.0065
0.0039 0.1270 -0.0076
0.0044 0.1270 -0.0086
0.0049 0.1269 -0.0097
-0.0054 0.1262 0.0002
-0.0086 0.1259 0.0028
-0.0095 0.1258 0.0031
-0.0097 0.1258 0.0027
-0.0096 0.1258 0.0020
-0.0104 0.1257 0.0025
-0.0145 0.1250 0.0083
-0.0157 0.1248 0.0098
-0.0161 0.1247 0.0098
-0.0162 0.1246 0.0094
-0.0163 0.1246 0.0088
-0.0162 0.1246 0.0081
-0.0180 0.1244 0.0106
-0.0185 0.1244 0.0109
-0.0186 0.1244 0.0107
-0.0186 0.1244 0.0102
-0.0187 0.1244 0.0096
-0.0187 0.1244 0.0091
-0.0194 0.1241 0.0091
-0.0196 0.1240 0.0087
-0.0196 0.1239 0.0081
-0.0195 0.1240 0.0075
-0.0193 0.1240 0.0068
-0.0192 0.1240 0.0062
-0.0198 0.1244 0.0076
-0.0199 0.1244 0.0077
-0.0198 0.1245 0.0074
-0.0196 0.1245 0.0068
-0.0194 0.1246 0.0062
-0.0192 0.1246 0.0057
-0.0200 0.1249 0.0092
-0.0201 0.1249 0.0100
-0.0201 0.1250 0.0100
-0.0199 0.1251 0.0097
-0.0196 0.1251 0.0094
-0.0194 0.1251 0.0090
-0.0200 0.1256 0.0116
-0.0200 0.1258 0.0122
-0.0199 0.1259 0.0122
-0.0197 0.1259 0.0120
-0.0194 0.1259 0.0118
-0.0192 0.1260 0.0115
-0.0198 0.1260 0.0119
-0.0198 0.1261 0.0119
-0.0196 0.1261 0.0117
-0.0193 0.1261 0.0115
-0.0190 0.1262 0.0112
-0.0186 0.1263 0.0110
-0.0191 0.1263 0.0117
-0.0190 0.1263 0.0118
-0.0188 0.1263 0.0117
-0.0186 0.1264 0.0115
-0.0183 0.1264 0.0114
-0.0181 0.1264 0.0112
-0.0186 0.1264 0.0124
-0.0186 0.1265 0.0127
-0.0184 0.1265 0.0128
-0.0182 0.1266 0.0128
-0.0179 0.1267 0.0126
-0.0176 0.1268 0.0125
-0.0177 0.1273 0.0135
-0.0175 0.1276 0.0138
-0.0172 0.1277 0.0138
-0.0169 0.1278 0.0137
-0.0166 0.1279 0.0137
-0.0164 0.1280 0.0136
-0.0168 0.1282 0.0144
-0.0168 0.1284 0.0146
-0.0167 0.1284 0.0145
-0.0165 0.1285 0.0144
-0.0164 0.1285 0.0142
-0.0162 0.1285 0.0140
-0.0176 0.1284 0.0152
-0.0179 0.1284 0.0155
-0.0180 0.1284 0.0154
-0.0180 0.1284 0.0152
-0.0180 0.1283 0.0150
-0.0180 0.1282 0.0148
-0.0183 0.1281 0.0156
-0.0182 0.1280 0.0157
-0.0181 0.1280 0.0156
-0.0181 0.1280 0.0154
-0.0180 0.1279 0.0152
-0.0179 0.1279 0.0150
-0.0181 0.1279 0.0163
-0.0181 0.1278 0.0166
-0.0181 0.1278 0.0167
-0.0181 0.1277 0.0166
-0.0181 0.1277 0.0165
-0.0180 0.1276 0.0164
-0.0182 0.1280 0.0176
-0.0184 0.1281 0.0178
-0.0184 0.1282 0.0178
-0.0185 0.1282 0.0177
-0.0185 0.1283 0.0176
-0.0185 0.1283 0.0175
-0.0183 0.1286 0.0181
-0.0182 0.1287 0.0182
-0.0182 0.1287 0.0182
-0.0182 0.1288 0.0181
-0.0181 0.1288 0.0180
-0.0180 0.1288 0.0179
-0.0180 0.1290 0.0186
-0.0179 0.1291 0.0187
-0.0178 0.1290 0.0188
-0.0178 0.1290 0.0188
-0.0177 0.1290 0.0188
-0.0176 0.1290 0.0187
-0.0174 0.1295 0.0189
-0.0173 0.1297 0.0188
-0.0173 0.1298 0.0188
-0.0173 0.1299 0.0186
-0.0172 0.1300 0.0185
-0.0172 0.1301 0.0183
-0.0170 0.1300 0.0190
-0.0169 0.1300 0.0192
-0.0169 0.1300 0.0191
-0.0168 0.1301 0.0190
-0.0168 0.1302 0.0189
-0.0167 0.1302 0.0188
-0.0173 0.1299 0.0202
-0.0175 0.1298 0.0206
-0.0176 0.1298 0.0208
-0.0176 0.1297 0.0208
-0.0176 0.1297 0.0208
-0.0177 0.1296 0.0207
-0.0180 0.1300 0.0213
-0.0181 0.1300 0.0214
-0.0181 0.1300 0.0214
-0.0182 0.1300 0.0213
-0.0182 0.1299 0.0213
-0.0183 0.1299 0.0213
-0.0182 0.1302 0.0215
-0.0182 0.1303 0.0216
-0.0182 0.1302 0.0216
-0.0183 0.1302 0.0215
-0.0184 0.1301 0.0215
-0.0184 0.1302 0.0214
-0.0180 0.1307 0.0218
-0.0180 0.1308 0.0217
-0.0179 0.1309 0.0216
-0.0178 0.1310 0.0215
-0.0177 0.1311 0.0214
-0.0175 0.1312 0.0219
-0.0175 0.1312 0.0219
-0.0174 0.1312 0.0220
-0.0173 0.1313 0.0220
-0.0172 0.1313 0.0220
-0.0171 0.1313 0.0219
-0.0170 0.1313 0.0218
-0.0171 0.1315 0.0223
-0.0171 0.1316 0.0224
-0.0171 0.1316 0.0223
-0.0170 0.1315 0.0223
-0.0170 0.1315 0.0221
-0.0170 0.1315 0.0221
-0.0170 0.1317 0.0222
-0.0170 0.1317 0.0222
-0.0170 0.1318 0.0220
-0.0169 0.1318 0.0218
-0.0170 0.1318 0.0216
-0.0170 0.1317 0.0215
-0.0172 0.1315 0.0217
-0.0173 0.1315 0.0216
-0.0173 0.1315 0.0214
-0.0172 0.1315 0.0211
-0.0171 0.1316 0.0208
-0.0172 0.1316 0.0206
-0.0175 0.1315 0.0209
-0.0177 0.1316 0.0206
-0.0176 0.1317 0.0203
-0.0175 0.1318 0.0200
-0.0177 0.1317 0.0199
-0.0186 0.1312 0.0204
-0.0191 0.1308 0.0203
-0.0191 0.1308 0.0201
-0.0191 0.1307 0.0198
-0.0194 0.1304 0.0202
-0.0208 0.1295 0.0222
-0.0212 0.1291 0.0228
-0.0214 0.1289 0.0230
-0.0215 0.1287 0.0230
-0.0215 0.1286 0.0230
-0.0215 0.1284 0.0230
-0.0214 0.1291 0.0240
-0.0213 0.1292 0.0243
-0.0213 0.1291 0.0245
-0.0214 0.1289 0.0246
-0.0215 0.1286 0.0247
-0.0216 0.1284 0.0248
-0.0214 0.1287 0.0249
-0.0214 0.1287 0.0250
-0.0215 0.1285 0.0250
-0.0217 0.1282 0.0250
-0.0219 0.1279 0.0250
-0.0222 0.1275 0.0250
-0.0228 0.1272 0.0253
-0.0233 0.1268 0.0253
-0.0239 0.1262 0.0251
-0.0246 0.1256 0.0247
-0.0254 0.1248 0.0241
-0.0263 0.1239 0.0234
-0.0278 0.1227 0.0231
-0.0293 0.1214 0.0222
-0.0308 0.1200 0.0207
-0.0326 0.1186 0.0189
-0.0346 0.1170 0.0168
-0.0369 0.1152 0.0143
-0.0396 0.1136 0.0119
-0.0426 0.1117 0.0088
-0.0460 0.1097 0.0052
-0.0497 0.1076 0.0012
-0.0537 0.1055 -0.0032
-0.0579 0.1035 -0.0078
-0.0620 0.1021 -0.0126
-0.0665 0.1005 -0.0181
-0.0712 0.0991 -0.0242
-0.0761 0.0978 -0.0309
-0.0811 0.0966 -0.0380
-0.0864 0.0954 -0.0457
-0.0920 0.0947 -0.0536
-0.0978 0.0935 -0.0621
-0.1038 0.0921 -0.0710
-0.1100 0.0905 -0.0804
-0.1165 0.0888 -0.0903
-0.1231 0.0870 -0.1007
-0.1307 0.0840 -0.1114
-0.1378 0.0816 -0.1228
-0.1448 0.0792 -0.1348
-0.1518 0.0767 -0.1474
-0.1588 0.0738 -0.1606
-0.1657 0.0704 -0.1743
-0.1730 0.0670 -0.1886
-0.1803 0.0629 -0.2035
-0.1877 0.0583 -0.2190
-0.1950 0.0533 -0.2349
-0.2020 0.0483 -0.2513
-0.2086 0.0434 -0.2682
-0.2148 0.0389 -0.2857
-0.2209 0.0338 -0.3034
-0.2268 0.0284 -0.3213
-0.2324 0.0229 -0.3395
-0.2376 0.0175 -0.3577
-0.2423 0.0126 -0.3757
-0.2467 0.0078 -0.3938
-0.2506 0.0028 -0.4120
-0.2546 -0.0028 -0.4300
-0.2585 -0.0083 -0.4477
-0.2624 -0.0135 -0.4652
-0.2663 -0.0183 -0.4824
-0.2705 -0.0226 -0.4994
-0.2747 -0.0267 -0.5160
-0.2789 -0.0301 -0.5322
-0.2832 -0.0329 -0.5478
-0.2877 -0.0349 -0.5630
-0.2927 -0.0362 -0.5778
-0.2988 -0.0369 -0.5926
-0.3046 -0.0371 -0.6069
-0.3106 -0.0368 -0.6208
-0.3171 -0.0360 -0.6341
-0.3241 -0.0347 -0.6469
-0.3314 -0.0331 -0.6590
-0.3512 -0.0309 -0.6808
-0.3595 -0.0294 -0.6919
-0.3675 -0.0280 -0.7029
-0.3755 -0.0268 -0.7140
-0.3755 -0.0268 -0.7140
-0.3848 -0.0261 -0.7241
-0.3962 -0.0258 -0.7326
-0.4061 -0.0257 -0.7427
-0.4157 -0.0258 -0.7531
-0.4256 -0.0261 -0.7635
-0.4357 -0.0264 -0.7737
-0.4462 -0.0269 -0.7836
-0.4611 -0.0285 -0.7894
-0.4738 -0.0294 -0.7974
-0.4859 -0.0298 -0.8059
-0.4981 -0.0299 -0.8143
-0.5106 -0.0299 -0.8224
-0.5234 -0.0297 -0.8303
-0.5395 -0.0317 -0.8349
-0.5539 -0.0323 -0.8417
-0.5679 -0.0325 -0.8493
-0.5817 -0.0324 -0.8574
-0.5956 -0.0322 -0.8659
-0.6095 -0.0320 -0.8746
-0.6233 -0.0315 -0.8838
-0.6372 -0.0310 -0.8936
-0.6509 -0.0302 -0.9039
-0.6646 -0.0290 -0.9145
-0.6781 -0.0272 -0.9253
-0.6917 -0.0253 -0.9352
-0.7060 -0.0237 -0.9434
-0.7188 -0.0207 -0.9529
-0.7307 -0.0170 -0.9629
-0.7419 -0.0132 -0.9732
-0.7529 -0.0093 -0.9840
-0.7637 -0.0056 -0.9951
-0.7746 -0.0021 -1.0063
-0.7855 0.0013 -1.0175
-0.7964 0.0044 -1.0286
-0.8072 0.0073 -1.0396
-0.8177 0.0098 -1.0505
-0.8280 0.0120 -1.0613
-0.8409 0.0169 -1.0679
-0.8520 0.0192 -1.0770
-0.8627 0.0203 -1.0871
-0.8734 0.0207 -1.0975
-0.8843 0.0205 -1.1080
-0.8961 0.0201 -1.1183
-0.9098 0.0198 -1.1277
-0.9224 0.0186 -1.1382
-0.9349 0.0170 -1.1492
-0.9476 0.0153 -1.1602
-0.9604 0.0136 -1.1712
-0.9742 0.0113 -1.1820
-0.9897 0.0075 -1.1925
-1.0039 0.0052 -1.2033
-1.0177 0.0034 -1.2141
-1.0316 0.0021 -1.2246
-1.0457 0.0010 -1.2346
-1.0596 -0.0001 -1.2437
-1.0731 -0.0020 -1.2513
-1.0873 -0.0021 -1.2588
-1.1018 -0.0014 -1.2658
-1.1166 0.0000 -1.2717
-1.1317 0.0019 -1.2765
-1.1473 0.0040 -1.2798
-1.1637 0.0057 -1.2820
-1.1790 0.0082 -1.2829
-1.1940 0.0108 -1.2831
-1.2092 0.0131 -1.2828
-1.2249 0.0149 -1.2820
-1.2416 0.0159 -1.2805
-1.2593 0.0160 -1.2779
-1.2763 0.0169 -1.2745
-1.2927 0.0181 -1.2705
-1.3085 0.0190 -1.2662
-1.3240 0.0194 -1.2621
-1.3400 0.0190 -1.2586
-1.3739 0.0160 -1.2537
-1.3903 0.0140 -1.2513
-1.4068 0.0118 -1.2491
-1.4235 0.0091 -1.2474
-1.4403 0.0063 -1.2462
-1.4588 0.0028 -1.2471
-1.4761 -0.0004 -1.2476
-1.4927 -0.0034 -1.2485
-1.5088 -0.0062 -1.2502
-1.5246 -0.0089 -1.2529
-1.5399 -0.0112 -1.2566
-1.5550 -0.0132 -1.2612
-1.5747 -0.0174 -1.2717
-1.5911 -0.0193 -1.2794
-1.6064 -0.0200 -1.2866
-1.6213 -0.0196 -1.2938
-1.6359 -0.0185 -1.3009
-1.6537 -0.0177 -1.3119
-1.6689 -0.0155 -1.3203
-1.6831 -0.0129 -1.3279
-1.6969 -0.0102 -1.3355
-1.7104 -0.0078 -1.3434
-1.7239 -0.0059 -1.3522
-1.7411 -0.0045 -1.3632
-1.7561 -0.0036 -1.3742
-1.7703 -0.0031 -1.3856
-1.7841 -0.0026 -1.3972
-1.7972 -0.0019 -1.4088
-1.8094 -0.0008 -1.4205
-1.8271 0.0000 -1.4330
-1.8394 0.0012 -1.4452
-1.8494 0.0025 -1.4573
-1.8585 0.0036 -1.4695
-1.8670 0.0044 -1.4815
-1.8754 0.0048 -1.4931
-1.8914 0.0042 -1.5047
-1.9027 0.0032 -1.5160
-1.9130 0.0014 -1.5272
-1.9235 -0.0013 -1.5384
-1.9344 -0.0046 -1.5494
-1.9458 -0.0082 -1.5602
-1.9660 -0.0121 -1.5701
-1.9811 -0.0160 -1.5799
-1.9948 -0.0200 -1.5893
-2.0082 -0.0239 -1.5985
-2.0218 -0.0279 -1.6077
-2.0355 -0.0318 -1.6165
-2.0576 -0.0369 -1.6253
-2.0745 -0.0401 -1.6331
-2.0900 -0.0424 -1.6403
-2.1053 -0.0438 -1.6468
-2.1208 -0.0444 -1.6527
-2.1365 -0.0438 -1.6574
-2.1573 -0.0442 -1.6613
-2.1746 -0.0417 -1.6631
-2.1905 -0.0379 -1.6632
-2.2057 -0.0334 -1.6622
-2.2208 -0.0291 -1.6607
-2.2362 -0.0254 -1.6590
-2.2554 -0.0230 -1.6571
-2.2735 -0.0206 -1.6547
-2.2916 -0.0183 -1.6514
-2.3098 -0.0160 -1.6471
-2.3277 -0.0140 -1.6420
-2.3451 -0.0126 -1.6368
-2.3643 -0.0121 -1.6331
-2.3814 -0.0124 -1.6293
-2.3977 -0.0135 -1.6261
-2.4135 -0.0154 -1.6237
-2.4292 -0.0179 -1.6221
-2.4450 -0.0210 -1.6213
-2.4629 -0.0240 -1.6226
-2.4797 -0.0280 -1.6239
-2.4962 -0.0324 -1.6257
-2.5125 -0.0371 -1.6284
-2.5285 -0.0417 -1.6320
-2.5449 -0.0466 -1.6369
-2.5622 -0.0523 -1.6432
-2.5778 -0.0561 -1.6499
-2.5925 -0.0587 -1.6572
-2.6069 -0.0606 -1.6653
-2.6212 -0.0618 -1.6741
-2.6360 -0.0625 -1.6835
-2.6518 -0.0627 -1.6932
-2.6662 -0.0611 -1.7032
-2.6800 -0.0580 -1.7132
-2.6934 -0.0540 -1.7233
-2.7064 -0.0494 -1.7336
-2.7188 -0.0445 -1.7440
-2.7324 -0.0412 -1.7554
-2.7447 -0.0376 -1.7675
-2.7565 -0.0347 -1.7808
-2.7681 -0.0326 -1.7956
-2.7796 -0.0313 -1.8117
-2.7909 -0.0308 -1.8288
-2.8046 -0.0328 -1.8465
-2.8158 -0.0335 -1.8642
-2.8255 -0.0335 -1.8817
-2.8338 -0.0329 -1.8990
-2.8406 -0.0318 -1.9158
-2.8461 -0.0304 -1.9323
-2.8537 -0.0300 -1.9485
-2.8583 -0.0289 -1.9644
-2.8618 -0.0279 -1.9799
-2.8649 -0.0272 -1.9950
-2.8684 -0.0270 -2.0096
-2.8723 -0.0272 -2.0240
-2.8814 -0.0286 -2.0383
-2.8884 -0.0302 -2.0524
-2.8951 -0.0321 -2.0664
-2.9020 -0.0346 -2.0805
-2.9092 -0.0375 -2.0946
-2.9167 -0.0408 -2.1087
-2.9283 -0.0431 -2.1226
-2.9373 -0.0462 -2.1366
-2.9454 -0.0492 -2.1503
-2.9531 -0.0518 -2.1637
-2.9606 -0.0537 -2.1765
-2.9681 -0.0546 -2.1888
-2.9798 -0.0550 -2.2002
-2.9889 -0.0544 -2.2109
-2.9975 -0.0528 -2.2204
-3.0059 -0.0503 -2.2285
-3.0143 -0.0473 -2.2353
-3.0225 -0.0442 -2.2414
-3.0328 -0.0429 -2.2458
-3.0419 -0.0412 -2.2512
-3.0512 -0.0401 -2.2575
-3.0613 -0.0398 -2.2644
-3.0729 -0.0401 -2.2718
-3.0857 -0.0407 -2.2790
-3.1017 -0.0411 -2.2870
-3.1164 -0.0411 -2.2928
-3.1303 -0.0410 -2.2973
-3.1434 -0.0412 -2.3017
-3.1556 -0.0421 -2.3064
-3.1669 -0.0436 -2.3119
-3.1775 -0.0457 -2.3183
-3.1904 -0.0476 -2.3275
-3.2010 -0.0502 -2.3361
-3.2109 -0.0532 -2.3450
-3.2207 -0.0564 -2.3543
-3.2306 -0.0595 -2.3640
-3.2405 -0.0626 -2.3740
-3.2516 -0.0656 -2.3848
-3.2614 -0.0682 -2.3958
-3.2704 -0.0703 -2.4069
-3.2787 -0.0720 -2.4184
-3.2864 -0.0731 -2.4301
-3.2953 -0.0749 -2.4434
-3.3028 -0.0756 -2.4562
-3.3095 -0.0758 -2.4689
-3.3159 -0.0755 -2.4816
-3.3220 -0.0746 -2.4943
-3.3275 -0.0733 -2.5072
-3.3335 -0.0722 -2.5210
-3.3380 -0.0703 -2.5347
-3.3417 -0.0679 -2.5482
-3.3448 -0.0651 -2.5616
-3.3474 -0.0622 -2.5747
-3.3493 -0.0593 -2.5876
-3.3515 -0.0564 -2.6005
-3.3523 -0.0545 -2.6136
-3.3521 -0.0535 -2.6272
-3.3508 -0.0535 -2.6415
-3.3486 -0.0542 -2.6566
-3.3455 -0.0554 -2.6722
-3.3419 -0.0567 -2.6880
-3.3377 -0.0581 -2.7038
-3.3330 -0.0587 -2.7190
-3.3277 -0.0583 -2.7330
-3.3217 -0.0569 -2.7456
-3.3149 -0.0550 -2.7568
-3.3080 -0.0522 -2.7675
-3.2995 -0.0501 -2.7767
-3.2899 -0.0485 -2.7850
-3.2796 -0.0475 -2.7924
-3.2690 -0.0471 -2.7992
-3.2583 -0.0474 -2.8055
-3.2479 -0.0483 -2.8114
-3.2398 -0.0490 -2.8189
-3.2307 -0.0504 -2.8250
-3.2216 -0.0522 -2.8306
-3.2127 -0.0541 -2.8360
-3.2040 -0.0560 -2.8413
-3.1970 -0.0569 -2.8482
-3.1896 -0.0577 -2.8538
-3.1824 -0.0580 -2.8587
-3.1758 -0.0576 -2.8631
-3.1698 -0.0563 -2.8669
-3.1643 -0.0544 -2.8703
-3.1611 -0.0525 -2.8769
-3.1578 -0.0500 -2.8805
-3.1551 -0.0477 -2.8827
-3.1528 -0.0460 -2.8842
-3.1504 -0.0453 -2.8856
-3.1474 -0.0458 -2.8871
-3.1454 -0.0463 -2.8921
-3.1407 -0.0488 -2.8958
-3.1344 -0.0526 -2.8997
-3.1270 -0.0572 -2.9043
-3.1192 -0.0620 -2.9095
-3.1118 -0.0660 -2.9160
-3.1054 -0.0687 -2.9241
-3.0989 -0.0709 -2.9305
-3.0925 -0.0726 -2.9359
-3.0858 -0.0740 -2.9404
-3.0786 -0.0755 -2.9438
-3.0707 -0.0769 -2.9463
-3.0622 -0.0768 -2.9494
-3.0532 -0.0778 -2.9507
-3.0438 -0.0791 -2.9512
-3.0343 -0.0805 -2.9513
-3.0244 -0.0818 -2.9515
-3.0143 -0.0831 -2.9519
-3.0053 -0.0836 -2.9553
-2.9959 -0.0838 -2.9574
-2.9868 -0.0834 -2.9590
-2.9781 -0.0822 -2.9603
-2.9698 -0.0807 -2.9612
-2.9618 -0.0790 -2.9626
-2.9543 -0.0775 -2.9652
-2.9465 -0.0757 -2.9654
-2.9387 -0.0739 -2.9643
-2.9310 -0.0719 -2.9623
-2.9236 -0.0697 -2.9594
-2.9166 -0.0675 -2.9556
-2.9098 -0.0653 -2.9507
-2.9043 -0.0622 -2.9480
-2.8985 -0.0597 -2.9421
-2.8930 -0.0574 -2.9343
-2.8877 -0.0555 -2.9249
-2.8826 -0.0541 -2.9142
-2.8778 -0.0519 -2.9042
-2.8727 -0.0515 -2.8917
-2.8673 -0.0521 -2.8777
-2.8618 -0.0534 -2.8628
-2.8561 -0.0554 -2.8474
-2.8504 -0.0577 -2.8317
-2.8449 -0.0597 -2.8173
-2.8388 -0.0623 -2.8023
-2.8322 -0.0651 -2.7873
-2.8252 -0.0678 -2.7727
-2.8181 -0.0700 -2.7584
-2.8109 -0.0716 -2.7450
-2.8035 -0.0725 -2.7325
-2.7959 -0.0730 -2.7195
-2.7881 -0.0732 -2.7062
-2.7801 -0.0730 -2.6929
-2.7719 -0.0725 -2.6796
-2.7638 -0.0716 -2.6666
-2.7557 -0.0705 -2.6541
-2.7471 -0.0696 -2.6407
-2.7382 -0.0689 -2.6268
-2.7289 -0.0686 -2.6122
-2.7195 -0.0685 -2.5970
-2.7099 -0.0687 -2.5813
-2.7008 -0.0668 -2.5659
-2.6915 -0.0668 -2.5498
-2.6826 -0.0672 -2.5335
-2.6747 -0.0674 -2.5173
-2.6676 -0.0674 -2.5013
-2.6612 -0.0673 -2.4854
-2.6549 -0.0654 -2.4707
-2.6491 -0.0649 -2.4560
-2.6436 -0.0653 -2.4420
-2.6378 -0.0663 -2.4289
-2.6317 -0.0680 -2.4170
-2.6252 -0.0703 -2.4063
-2.6185 -0.0712 -2.3967
-2.6115 -0.0735 -2.3879
-2.6042 -0.0763 -2.3800
-2.5967 -0.0793 -2.3729
-2.5887 -0.0823 -2.3665
-2.5801 -0.0855 -2.3609
-2.5727 -0.0881 -2.3576
-2.5632 -0.0913 -2.3538
-2.5525 -0.0945 -2.3505
-2.5409 -0.0977 -2.3476
-2.5286 -0.1006 -2.3454
-2.5156 -0.1034 -2.3439
-2.5026 -0.1061 -2.3439
-2.4888 -0.1082 -2.3437
-2.4744 -0.1097 -2.3435
-2.4597 -0.1106 -2.3433
-2.4445 -0.1114 -2.3432
-2.4287 -0.1121 -2.3430
-2.4132 -0.1135 -2.3442
-2.3970 -0.1142 -2.3440
-2.3803 -0.1144 -2.3431
-2.3634 -0.1144 -2.3413
-2.3634 -0.1144 -2.3413
-2.3460 -0.1143 -2.3387
-2.3282 -0.1142 -2.3351
-2.3119 -0.1141 -2.3340
-2.2943 -0.1135 -2.3292
-2.2761 -0.1123 -2.3222
-2.2577 -0.1105 -2.3136
-2.2395 -0.1079 -2.3034
-2.2217 -0.1042 -2.2919
-2.2060 -0.0997 -2.2831
-2.1905 -0.0939 -2.2703
-2.1755 -0.0875 -2.2554
-2.1611 -0.0808 -2.2389
-2.1471 -0.0745 -2.2208
-2.1332 -0.0687 -2.2016
-2.1196 -0.0635 -2.1816
-2.1071 -0.0590 -2.1657
-2.0948 -0.0542 -2.1467
-2.0831 -0.0492 -2.1268
-2.0723 -0.0442 -2.1068
-2.0622 -0.0394 -2.0870
-2.0519 -0.0358 -2.0716
-2.0425 -0.0320 -2.0542
-2.0335 -0.0283 -2.0368
-2.0242 -0.0251 -2.0201
-2.0144 -0.0226 -2.0042
-2.0038 -0.0208 -1.9890
-1.9921 -0.0192 -1.9768
-1.9796 -0.0187 -1.9639
-1.9665 -0.0188 -1.9512
-1.9527 -0.0194 -1.9390
-1.9384 -0.0205 -1.9272
-1.9233 -0.0219 -1.9159
-1.9066 -0.0234 -1.9064
-1.8900 -0.0254 -1.8966
-1.8731 -0.0279 -1.8868
-1.8559 -0.0306 -1.8772
-1.8383 -0.0336 -1.8679
-1.8205 -0.0367 -1.8589
-1.8000 -0.0437 -1.8494
-1.7814 -0.0476 -1.8413
-1.7637 -0.0501 -1.8343
-1.7464 -0.0517 -1.8281
-1.7292 -0.0527 -1.8230
-1.7115 -0.0537 -1.8188
-1.6930 -0.0552 -1.8155
-1.6763 -0.0543 -1.8137
-1.6604 -0.0524 -1.8129
-1.6448 -0.0503 -1.8126
-1.6290 -0.0485 -1.8128
-1.6129 -0.0470 -1.8135
-1.5955 -0.0478 -1.8143
-1.5796 -0.0468 -1.8162
-1.5644 -0.0454 -1.8184
-1.5499 -0.0441 -1.8203
-1.5355 -0.0434 -1.8218
-1.5211 -0.0435 -1.8227
-1.5063 -0.0468 -1.8237
-1.4913 -0.0494 -1.8236
-1.4760 -0.0525 -1.8227
-1.4601 -0.0563 -1.8209
-1.4435 -0.0610 -1.8181
-1.4264 -0.0664 -1.8144
-1.4095 -0.0730 -1.8108
-1.3921 -0.0790 -1.8059
-1.3747 -0.0846 -1.8001
-1.3577 -0.0893 -1.7937
-1.3410 -0.0931 -1.7868
-1.3247 -0.0960 -1.7794
-1.3094 -0.0981 -1.7730
-1.2935 -0.0998 -1.7652
-1.2771 -0.1009 -1.7568
-1.2604 -0.1013 -1.7481
-1.2435 -0.1009 -1.7391
-1.2262 -0.0997 -1.7299
-1.2105 -0.1004 -1.7228
-1.1938 -0.0984 -1.7143
-1.1772 -0.0949 -1.7054
-1.1613 -0.0905 -1.6962
-1.1460 -0.0857 -1.6865
-1.1309 -0.0812 -1.6760
-1.1169 -0.0781 -1.6651
-1.1021 -0.0753 -1.6525
-1.0869 -0.0732 -1.6385
-1.0717 -0.0716 -1.6237
-1.0569 -0.0702 -1.6086
-1.0427 -0.0688 -1.5935
-1.0294 -0.0673 -1.5787
-1.0171 -0.0657 -1.5633
-1.0058 -0.0642 -1.5476
-0.9951 -0.0631 -1.5317
-0.9849 -0.0625 -1.5157
-0.9750 -0.0622 -1.5000
-0.9624 -0.0632 -1.4854
-0.9513 -0.0640 -1.4708
-0.9402 -0.0651 -1.4563
-0.9286 -0.0667 -1.4422
-0.9164 -0.0687 -1.4283
-0.9037 -0.0710 -1.4148
-0.8876 -0.0741 -1.4016
-0.8732 -0.0770 -1.3889
-0.8592 -0.0799 -1.3765
-0.8453 -0.0829 -1.3643
-0.8313 -0.0862 -1.3523
-0.8172 -0.0897 -1.3405
-0.8015 -0.0941 -1.3297
-0.7868 -0.0976 -1.3190
-0.7724 -0.1005 -1.3087
-0.7579 -0.1030 -1.2988
-0.7432 -0.1051 -1.2899
-0.7284 -0.1064 -1.2823
-0.7135 -0.1068 -1.2776
-0.6997 -0.1059 -1.2740
-0.6868 -0.1041 -1.2716
-0.6745 -0.1021 -1.2698
-0.6622 -0.1005 -1.2682
-0.6490 -0.0998 -1.2668
-0.6342 -0.0997 -1.2664
-0.6184 -0.1000 -1.2670
-0.6022 -0.1003 -1.2689
-0.5862 -0.1004 -1.2716
-0.5707 -0.1006 -1.2743
-0.5554 -0.1012 -1.2764
-0.5388 -0.1010 -1.2760
-0.5233 -0.1022 -1.2758
-0.5083 -0.1039 -1.2753
-0.4933 -0.1058 -1.2741
-0.4783 -0.1079 -1.2724
-0.4621 -0.1095 -1.2686
-0.4439 -0.1102 -1.2617
-0.4278 -0.1118 -1.2562
-0.4124 -0.1134 -1.2505
-0.3975 -0.1147 -1.2441
-0.3830 -0.1158 -1.2368
-0.3689 -0.1166 -1.2287
-0.3519 -0.1181 -1.2149
-0.3371 -0.1189 -1.2034
-0.3229 -0.1197 -1.1921
-0.3089 -0.1202 -1.1804
-0.2948 -0.1207 -1.1681
-0.2807 -0.1208 -1.1553
-0.2630 -0.1206 -1.1396
-0.2480 -0.1197 -1.1250
-0.2341 -0.1180 -1.1104
-0.2213 -0.1155 -1.0958
-0.2095 -0.1125 -1.0810
-0.1986 -0.1093 -1.0655
-0.1826 -0.1075 -1.0466
-0.1707 -0.1057 -1.0280
-0.1600 -0.1045 -1.0088
-0.1497 -0.1038 -0.9891
-0.1396 -0.1032 -0.9694
-0.1297 -0.1022 -0.9501
-0.1166 -0.1007 -0.9294
-0.1070 -0.0986 -0.9103
-0.0992 -0.0961 -0.8918
-0.0926 -0.0934 -0.8735
-0.0870 -0.0906 -0.8554
-0.0819 -0.0879 -0.8376
-0.0730 -0.0851 -0.8181
-0.0668 -0.0828 -0.8005
-0.0613 -0.0812 -0.7838
-0.0558 -0.0804 -0.7676
-0.0502 -0.0803 -0.7516
-0.0445 -0.0807 -0.7360
-0.0338 -0.0817 -0.7197
-0.0265 -0.0833 -0.7045
-0.0202 -0.0854 -0.6898
-0.0143 -0.0881 -0.6753
-0.0088 -0.0912 -0.6610
-0.0017 -0.0944 -0.6464
0.0079 -0.0974 -0.6314
0.0145 -0.1007 -0.6170
0.0201 -0.1041 -0.6027
0.0254 -0.1071 -0.5890
0.0303 -0.1093 -0.5765
0.0346 -0.1104 -0.5653
0.0437 -0.1101 -0.5547
0.0482 -0.1097 -0.5448
0.0509 -0.1095 -0.5349
0.0532 -0.1097 -0.5245
0.0561 -0.1104 -0.5141
0.0603 -0.1110 -0.5038
0.0697 -0.1119 -0.4943
0.0777 -0.1114 -0.4856
0.0853 -0.1103 -0.4775
0.0928 -0.1093 -0.4694
0.0999 -0.1089 -0.4608
0.1068 -0.1090 -0.4517
0.1149 -0.1090 -0.4412
0.1221 -0.1096 -0.4307
0.1291 -0.1106 -0.4200
0.1365 -0.1118 -0.4090
0.1442 -0.1133 -0.3976
0.1521 -0.1151 -0.3858
0.1608 -0.1141 -0.3740
0.1687 -0.1153 -0.3617
0.1760 -0.1171 -0.3491
0.1829 -0.1192 -0.3363
0.1891 -0.1212 -0.3233
0.1949 -0.1232 -0.3103
0.2010 -0.1244 -0.2989
0.2061 -0.1259 -0.2864
0.2107 -0.1277 -0.2734
0.2149 -0.1298 -0.2599
0.2187 -0.1321 -0.2459
0.2226 -0.1344 -0.2316
0.2267 -0.1363 -0.2172
0.2298 -0.1384 -0.2023
0.2324 -0.1404 -0.1876
0.2344 -0.1418 -0.1732
0.2358 -0.1427 -0.1593
0.2364 -0.1426 -0.1460
0.2363 -0.1416 -0.1333
0.2352 -0.1414 -0.1200
0.2338 -0.1412 -0.1068
0.2323 -0.1407 -0.0941
0.2307 -0.1396 -0.0821
0.2287 -0.1382 -0.0708
0.2269 -0.1368 -0.0600
0.2237 -0.1359 -0.0493
0.2196 -0.1353 -0.0387
0.2152 -0.1347 -0.0285
0.2106 -0.1340 -0.0188
0.2061 -0.1330 -0.0097
0.2025 -0.1322 -0.0003
0.1980 -0.1310 0.0075
0.1930 -0.1297 0.0141
0.1878 -0.1287 0.0199
0.1825 -0.1281 0.0251
0.1771 -0.1282 0.0297
0.1726 -0.1258 0.0364
0.1677 -0.1260 0.0411
0.1626 -0.1274 0.0450
0.1576 -0.1295 0.0486
0.1526 -0.1319 0.0519
0.1477 -0.1346 0.0549
0.1442 -0.1355 0.0616
0.1398 -0.1375 0.0655
0.1354 -0.1396 0.0682
0.1313 -0.1414 0.0703
0.1276 -0.1428 0.0718
0.1243 -0.1437 0.0727
0.1229 -0.1436 0.0785
0.1201 -0.1437 0.0802
0.1170 -0.1439 0.0808
0.1138 -0.1441 0.0811
0.1111 -0.1445 0.0818
0.1090 -0.1447 0.0831
0.1083 -0.1441 0.0914
0.1075 -0.1436 0.0961
0.1068 -0.1431 0.0998
0.1062 -0.1424 0.1034
0.1055 -0.1415 0.1069
0.1054 -0.1403 0.1119
0.1060 -0.1386 0.1193
0.1055 -0.1376 0.1244
0.1046 -0.1369 0.1288
0.1034 -0.1363 0.1328
0.1019 -0.1358 0.1367
0.1002 -0.1353 0.1404
0.0986 -0.1343 0.1453
0.0964 -0.1337 0.1488
0.0941 -0.1329 0.1517
0.0920 -0.1318 0.1540
0.0904 -0.1301 0.1559
0.0892 -0.1281 0.1572
0.0892 -0.1266 0.1589
0.0887 -0.1245 0.1593
0.0882 -0.1224 0.1592
0.0879 -0.1204 0.1590
0.0880 -0.1185 0.1588
0.0884 -0.1167 0.1589
0.0892 -0.1155 0.1607
0.0901 -0.1142 0.1617
0.0909 -0.1133 0.1623
0.0913 -0.1128 0.1627
0.0914 -0.1127 0.1629
0.0910 -0.1131 0.1630
0.0906 -0.1132 0.1637
0.0893 -0.1140 0.1636
0.0873 -0.1153 0.1631
0.0846 -0.1167 0.1622
0.0814 -0.1180 0.1609
0.0778 -0.1190 0.1592
0.0737 -0.1197 0.1589
0.0697 -0.1192 0.1568
0.0657 -0.1175 0.1536
0.0619 -0.1146 0.1496
0.0583 -0.1106 0.1449
0.0547 -0.1059 0.1398
0.0513 -0.1007 0.1362
0.0480 -0.0950 0.1316
0.0451 -0.0890 0.1269
0.0425 -0.0826 0.1223
0.0404 -0.0761 0.1181
0.0385 -0.0698 0.1143
0.0365 -0.0641 0.1111
0.0348 -0.0585 0.1078
0.0331 -0.0533 0.1047
0.0313 -0.0485 0.1020
0.0297 -0.0441 0.0997
0.0284 -0.0400 0.0979
0.0272 -0.0369 0.0971
0.0265 -0.0334 0.0960
0.0264 -0.0300 0.0947
0.0266 -0.0267 0.0934
0.0271 -0.0238 0.0920
0.0275 -0.0213 0.0907
0.0272 -0.0194 0.0899
0.0271 -0.0178 0.0890
0.0269 -0.0165 0.0882
0.0267 -0.0154 0.0878
0.0264 -0.0145 0.0878
0.0261 -0.0137 0.0881
0.0230 -0.0142 0.0876
0.0221 -0.0138 0.0877
0.0219 -0.0129 0.0878
0.0221 -0.0120 0.0880
0.0226 -0.0110 0.0883
0.0231 -0.0102 0.0886
0.0218 -0.0101 0.0892
0.0218 -0.0097 0.0897
0.0221 -0.0092 0.0901
0.0225 -0.0087 0.0905
0.0228 -0.0082 0.0908
0.0233 -0.0076 0.0910
0.0018 0.0703 0.0472
-0.0048 0.0954 0.0334
-0.0066 0.1037 0.0291
-0.0069 0.1069 0.0278
-0.0068 0.1084 0.0275
-0.0066 0.1093 0.0275
-0.0070 0.1101 0.0275
-0.0070 0.1108 0.0277
-0.0068 0.1116 0.0279
-0.0065 0.1124 0.0280
-0.0062 0.1132 0.0282
-0.0060 0.1139 0.0283
-0.0059 0.1146 0.0284
-0.0056 0.1154 0.0284
-0.0052 0.1161 0.0285
-0.0047 0.1169 0.0286
-0.0043 0.1175 0.0288
-0.0038 0.1181 0.0289
-0.0038 0.1180 0.0290
-0.0035 0.1183 0.0290
-0.0031 0.1188 0.0291
-0.0028 0.1193 0.0290
-0.0024 0.1199 0.0289
-0.0020 0.1206 0.0288
-0.0017 0.1211 0.0285
-0.0014 0.1218 0.0284
-0.0011 0.1225 0.0282
-0.0009 0.1231 0.0281
-0.0006 0.1238 0.0280
-0.0004 0.1245 0.0279
0.0000 0.1250 0.0272
0.0002 0.1257 0.0270
0.0005 0.1263 0.0268
0.0008 0.1269 0.0267
0.0010 0.1275 0.0267
0.0013 0.1281 0.0267
0.0010 0.1278 0.0262
0.0011 0.1281 0.0260
0.0012 0.1286 0.0259
0.0014 0.1291 0.0258
0.0015 0.1296 0.0258
0.0016 0.1301 0.0258
0.0013 0.1297 0.0253
0.0012 0.1299 0.0252
0.0011 0.1302 0.0251
0.0011 0.1306 0.0251
0.0012 0.1311 0.0250
0.0012 0.1315 0.0249
0.0003 0.1303 0.0245
0.0001 0.1302 0.0243
0.0000 0.1304 0.0242
0.0000 0.1308 0.0240
0.0000 0.1313 0.0238
-0.0001 0.1313 0.0237
-0.0007 0.1307 0.0235
-0.0009 0.1307 0.0234
-0.0010 0.1309 0.0232
-0.0010 0.1312 0.0230
-0.0011 0.1314 0.0228
-0.0012 0.1316 0.0226
-0.0223 0.0833 0.0636
-0.0290 0.0682 0.0764
-0.0311 0.0636 0.0804
-0.0318 0.0623 0.0816
-0.0320 0.0620 0.0820
-0.0321 0.0620 0.0821
-0.0319 0.0622 0.0821
-0.0318 0.0624 0.0820
-0.0317 0.0626 0.0820
-0.0317 0.0629 0.0820
-0.0316 0.0631 0.0820
-0.0316 0.0634 0.0819
-0.0315 0.0633 0.0821
-0.0314 0.0635 0.0821
-0.0313 0.0637 0.0821
-0.0312 0.0640 0.0820
-0.0311 0.0642 0.0820
-0.0310 0.0644 0.0820
-0.0313 0.0654 0.0815
-0.0313 0.0658 0.0812
-0.0313 0.0661 0.0811
-0.0312 0.0662 0.0810
-0.0312 0.0663 0.0809
-0.0312 0.0664 0.0808
-0.0310 0.0669 0.0806
-0.0309 0.0671 0.0805
-0.0309 0.0672 0.0804
-0.0308 0.0673 0.0803
-0.0308 0.0673 0.0802
-0.0307 0.0674 0.0802
-0.0305 0.0670 0.0803
-0.0304 0.0669 0.0804
-0.0303 0.0669 0.0803
-0.0303 0.0669 0.0803
-0.0302 0.0668 0.0802
-0.0301 0.0670 0.0801
-0.0299 0.0674 0.0800
-0.0298 0.0675 0.0799
-0.0297 0.0676 0.0799
-0.0296 0.0676 0.0799
-0.0295 0.0675 0.0799
-0.0295 0.0675 0.0800
-0.0290 0.0680 0.0797
-0.0288 0.0683 0.0796
-0.0286 0.0684 0.0796
-0.0285 0.0686 0.0795
-0.0284 0.0687 0.0795
-0.0282 0.0689 0.0795
-0.0282 0.0690 0.0791
-0.0282 0.0691 0.0789
-0.0282 0.0692 0.0789
-0.0281 0.0692 0.0788
-0.0281 0.0693 0.0788
-0.0281 0.0693 0.0788
-0.0282 0.0691 0.0785
-0.0282 0.0690 0.0784
-0.0282 0.0689 0.0783
-0.0282 0.0688 0.0783
-0.0282 0.0688 0.0783
-0.0282 0.0686 0.0782
-0.0282 0.0686 0.0782
-0.0283 0.0685 0.0782
-0.0283 0.0684 0.0782
-0.0283 0.0684 0.0781
-0.0283 0.0684 0.0780
-0.0282 0.0685 0.0780
-0.0279 0.0689 0.0779
-0.0278 0.0691 0.0779
-0.0276 0.0693 0.0779
-0.0275 0.0694 0.0779
-0.0273 0.0695 0.0780
-0.0271 0.0696 0.0780
-0.0269 0.0697 0.0781
-0.0267 0.0698 0.0782
-0.0266 0.0698 0.0783
-0.0264 0.0698 0.0784
-0.0263 0.0698 0.0785
-0.0261 0.0698 0.0786
-0.0260 0.0697 0.0787
-0.0258 0.0697 0.0789
-0.0256 0.0697 0.0790
-0.0255 0.0697 0.0791
-0.0254 0.0696 0.0793
-0.0252 0.0696 0.0794
-0.0251 0.0694 0.0798
-0.0251 0.0692 0.0801
-0.0250 0.0692 0.0802
-0.0248 0.0691 0.0804
-0.0247 0.0691 0.0806
-0.0246 0.0690 0.0807
-0.0247 0.0685 0.0812
-0.0246 0.0683 0.0814
-0.0245 0.0683 0.0816
-0.0244 0.0683 0.0817
-0.0242 0.0683 0.0818
-0.0241 0.0683 0.0819
-0.0241 0.0678 0.0825
-0.0240 0.0677 0.0828
-0.0239 0.0677 0.0829
-0.0238 0.0677 0.0830
-0.0238 0.0677 0.0830
-0.0237 0.0678 0.0830
-0.0224 0.0689 0.0825
-0.0219 0.0694 0.0823
-0.0216 0.0697 0.0822
-0.0214 0.0698 0.0821
-0.0212 0.0700 0.0821
-0.0211 0.0700 0.0820
-0.0208 0.0692 0.0825

