0.0157 -0.7075 -0.6865
-0.0019 -0.7095 -0.6854
0.0018 -0.7160 -0.6827
0.0091 -0.7175 -0.6790
0.0113 -0.7103 -0.6843
0.0113 -0.7103 -0.6843
0.0160 -0.7085 -0.6850
0.0175 -0.7086 -0.6926
0.0159 -0.7070 -0.6943
0.0085 -0.7045 -0.6887
0.0085 -0.7045 -0.6887
0.0063 -0.7057 -0.6780
0.0115 -0.7134 -0.6771
0.0105 -0.7086 -0.6868
0.0111 -0.7047 -0.6803
0.0122 -0.7133 -0.6718
0.0087 -0.7147 -0.6756
0.0087 -0.7147 -0.6756
0.0066 -0.7091 -0.6799
0.0062 -0.7125 -0.6823
0.0092 -0.7094 -0.6762
0.0092 -0.7094 -0.6762
0.0101 -0.7062 -0.6848
0.0146 -0.7056 -0.6856
0.0116 -0.7126 -0.6933
0.0110 -0.7035 -0.6996
0.0110 -0.7056 -0.6972
0.0110 -0.7056 -0.6972
0.0087 -0.7054 -0.6888
0.0077 -0.7131 -0.6849
0.0106 -0.7085 -0.6857
0.0103 -0.7096 -0.6864
0.0116 -0.7099 -0.6837
0.0116 -0.7099 -0.6837
0.0110 -0.7092 -0.6877
0.0115 -0.7005 -0.6886
0.0139 -0.7114 -0.6976
0.0115 -0.7045 -0.6853
0.0115 -0.7045 -0.6853
0.0134 -0.7047 -0.6882
0.0174 -0.7083 -0.6901
0.0197 -0.7057 -0.6925
0.0173 -0.7089 -0.7034
0.0287 -0.6652 -0.5892
0.0287 -0.6652 -0.5892
0.0227 -0.7083 -0.6924
0.0069 -0.7586 -0.7395
0.0190 -0.7158 -0.6843
0.0256 -0.7175 -0.7056
0.0305 -0.7011 -0.6518
0.0305 -0.7011 -0.6518
0.0245 -0.6804 -0.6351
0.0213 -0.7015 -0.6860
0.0213 -0.7015 -0.6860
0.0080 -0.7134 -0.6713
0.0080 -0.7134 -0.6713
0.0144 -0.7164 -0.6791
0.0228 -0.7121 -0.6944
0.0207 -0.7097 -0.6835
0.0177 -0.7078 -0.6680
0.0117 -0.7120 -0.6715
0.0117 -0.7120 -0.6715
0.0071 -0.7144 -0.6744
0.0104 -0.7088 -0.6777
0.0182 -0.7095 -0.6808
0.0217 -0.7143 -0.6796
0.0217 -0.7143 -0.6796
0.0242 -0.7074 -0.6737
0.0218 -0.7095 -0.6752
0.0204 -0.7081 -0.6731
0.0194 -0.7063 -0.6796
0.0199 -0.7073 -0.6861
0.0199 -0.7073 -0.6861
0.0226 -0.7022 -0.6830
0.0171 -0.7037 -0.6826
0.0147 -0.7059 -0.6853
0.0098 -0.6997 -0.6789
0.0118 -0.7030 -0.6913
0.0118 -0.7030 -0.6913
0.0137 -0.6960 -0.6920
0.0158 -0.6964 -0.6838
0.0188 -0.6921 -0.6722
0.0229 -0.6882 -0.6679
0.0301 -0.6941 -0.6679
0.0301 -0.6941 -0.6679
0.0321 -0.6932 -0.6657
0.0321 -0.6967 -0.6681
0.0342 -0.7025 -0.6691
0.0360 -0.6952 -0.6675
0.0391 -0.6946 -0.6812
0.0391 -0.6946 -0.6812
0.0469 -0.7016 -0.6997
0.0494 -0.6889 -0.7033
0.0524 -0.6785 -0.7042
0.0441 -0.6653 -0.7006
0.0441 -0.6653 -0.7006
0.0469 -0.6574 -0.7038
0.0462 -0.6461 -0.6877
0.0581 -0.6443 -0.6782
0.0748 -0.6398 -0.6724
0.0924 -0.6312 -0.6655
0.0924 -0.6312 -0.6655
0.1101 -0.6315 -0.6681
0.1223 -0.6321 -0.6588
0.1361 -0.6391 -0.6667
0.1557 -0.6454 -0.6650
0.1694 -0.6566 -0.6711
0.1694 -0.6566 -0.6711
0.1805 -0.6522 -0.6895
0.1945 -0.6595 -0.7383
0.1983 -0.6811 -0.7511
0.2047 -0.7033 -0.7673
0.2237 -0.7086 -0.7876
0.2237 -0.7086 -0.7876
0.2269 -0.7018 -0.8339
0.2310 -0.7031 -0.8790
0.2319 -0.6970 -0.8852
0.2317 -0.6838 -0.8674
0.2258 -0.6721 -0.8282
0.2258 -0.6721 -0.8282
0.2064 -0.6549 -0.7827
0.1833 -0.6395 -0.7348
0.1882 -0.6320 -0.7151
0.1753 -0.6248 -0.7020
0.1753 -0.6248 -0.7020
0.1623 -0.6210 -0.6754
0.1589 -0.6344 -0.6645
0.1526 -0.6328 -0.6673
0.1533 -0.6334 -0.6687
0.1712 -0.6357 -0.6866
0.1712 -0.6357 -0.6866
0.1744 -0.6433 -0.6989
0.1594 -0.6549 -0.6886
0.1403 -0.6461 -0.6874
0.1246 -0.6454 -0.7145
0.1015 -0.6329 -0.7440
0.1015 -0.6329 -0.7440
0.0765 -0.6218 -0.7918
0.0424 -0.6369 -0.8139
-0.0163 -0.6517 -0.7944
-0.0686 -0.6193 -0.7858
-0.0961 -0.6043 -0.7841
-0.0961 -0.6043 -0.7841
-0.1010 -0.6167 -0.8033
-0.0881 -0.6205 -0.8009
-0.0867 -0.6164 -0.7791
-0.0867 -0.6140 -0.8139
-0.0925 -0.5988 -0.8887
-0.0925 -0.5988 -0.8887
-0.0933 -0.5545 -0.9354
-0.0940 -0.5241 -0.9077
-0.0898 -0.5266 -0.8604
-0.0775 -0.5641 -0.8139
-0.0775 -0.5641 -0.8139
-0.0906 -0.5883 -0.7671
-0.0737 -0.6123 -0.7358
-0.0485 -0.5968 -0.7651
-0.0028 -0.5633 -0.8113
0.0522 -0.5219 -0.8419
0.0522 -0.5219 -0.8419
0.0520 -0.5278 -0.8012
0.0480 -0.5387 -0.7098
0.0450 -0.5597 -0.6376
0.0340 -0.5954 -0.5665
0.0366 -0.5978 -0.5156
0.0366 -0.5978 -0.5156
0.0507 -0.5878 -0.5187
0.0601 -0.5103 -0.5571
0.0502 -0.5954 -0.6212
0.0176 -0.5467 -0.7678
0.0102 -0.6129 -0.7242
0.0102 -0.6129 -0.7242
-0.0169 -0.6268 -0.7968
-0.0137 -0.6088 -0.7847
0.0162 -0.6051 -0.8217
0.0035 -0.6260 -0.8302
0.0035 -0.6260 -0.8302
0.0048 -0.6346 -0.8495
0.0331 -0.6522 -0.8654
0.0470 -0.6660 -0.8857
0.0476 -0.6805 -0.8919
0.0776 -0.7426 -0.9356
0.0776 -0.7426 -0.9356
0.1254 -0.7817 -0.9596
0.1383 -0.7570 -1.0109
0.1459 -0.7356 -1.1014
0.1460 -0.6466 -1.1825
0.1366 -0.5397 -1.1436
0.1366 -0.5397 -1.1436
0.1457 -0.4767 -1.0001
0.1881 -0.4934 -0.8527
0.2450 -0.5461 -0.7456
0.2823 -0.5706 -0.6832
0.2709 -0.5531 -0.7138
0.2709 -0.5531 -0.7138
0.2445 -0.5150 -0.7925
0.1961 -0.4576 -0.8518
0.1345 -0.4294 -0.9254
0.0654 -0.4277 -0.9503
0.0654 -0.4277 -0.9503
-0.0173 -0.4156 -0.9048
-0.0886 -0.4018 -0.8174
-0.1222 -0.4261 -0.7376
-0.1271 -0.4606 -0.6453
-0.1350 -0.4831 -0.5543
-0.1350 -0.4831 -0.5543
-0.1327 -0.5150 -0.5218
-0.1358 -0.5662 -0.5192
-0.1366 -0.5903 -0.5324
-0.1166 -0.6006 -0.5864
-0.0885 -0.6120 -0.6516
-0.0885 -0.6120 -0.6516
-0.0659 -0.6108 -0.7585
-0.0630 -0.6061 -0.8263
-0.0660 -0.6124 -0.9422
-0.0926 -0.5876 -1.0448
-0.1386 -0.5630 -1.1174
-0.1386 -0.5630 -1.1174
-0.1799 -0.5740 -1.1275
-0.2301 -0.5723 -1.1158
-0.2669 -0.5978 -1.0986
-0.3181 -0.5615 -1.0997
-0.3899 -0.4712 -1.1226
-0.3899 -0.4712 -1.1226
-0.4378 -0.3638 -1.0313
-0.3991 -0.3189 -0.8574
-0.2978 -0.3986 -0.7350
-0.2461 -0.4603 -0.6416
-0.2529 -0.4802 -0.6887
-0.2529 -0.4802 -0.6887
-0.2592 -0.4856 -0.7693
-0.2475 -0.4029 -0.7934
-0.1979 -0.3091 -0.8055
-0.0984 -0.3052 -0.7480
-0.0984 -0.3052 -0.7480
-0.0135 -0.3536 -0.6814
0.0488 -0.4451 -0.6133
0.0790 -0.5151 -0.5528
0.0872 -0.5743 -0.5401
0.1149 -0.6230 -0.6003
0.1149 -0.6230 -0.6003
0.1457 -0.6390 -0.6775
0.1461 -0.6344 -0.7557
0.1489 -0.6312 -0.8320
0.1461 -0.6283 -0.8577
0.1559 -0.6430 -0.9057
0.1559 -0.6430 -0.9057
0.1614 -0.6607 -0.9078
0.1569 -0.6863 -0.9376
0.1301 -0.7227 -0.9923
0.0829 -0.7503 -1.0369
0.0527 -0.7690 -1.0397
0.0527 -0.7690 -1.0397
0.0182 -0.7619 -1.0677
-0.0080 -0.7366 -1.0549
-0.0285 -0.6705 -1.0428
-0.0426 -0.5714 -0.9482
-0.0111 -0.4963 -0.7826
-0.0111 -0.4963 -0.7826
0.0541 -0.4988 -0.6169
0.1564 -0.5448 -0.5027
0.2380 -0.6100 -0.4611
0.2706 -0.6436 -0.5513
0.2706 -0.6436 -0.5513
0.2524 -0.6151 -0.6890
0.1921 -0.5365 -0.8547
0.1424 -0.4896 -1.0285
0.0876 -0.4276 -1.0327
0.0426 -0.3822 -0.9419
0.0426 -0.3822 -0.9419
0.0085 -0.4353 -0.8270
-0.0082 -0.4714 -0.7109
-0.0305 -0.4912 -0.5808
-0.0504 -0.5378 -0.5141
-0.0702 -0.5863 -0.5160
-0.0702 -0.5863 -0.5160
-0.0928 -0.6054 -0.5228
-0.1111 -0.6072 -0.5662
-0.1131 -0.6067 -0.6575
-0.0981 -0.5942 -0.7127
-0.0820 -0.5840 -0.7670
-0.0820 -0.5840 -0.7670
-0.0596 -0.6025 -0.8193
-0.0570 -0.6118 -0.8584
-0.0690 -0.6152 -0.9080
-0.1089 -0.6105 -0.9665
-0.1089 -0.6105 -0.9665
-0.1552 -0.6386 -0.9959
-0.1981 -0.6392 -1.0283
-0.2351 -0.6375 -1.0603
-0.2753 -0.5925 -1.0768
-0.3255 -0.4752 -1.1545
-0.3255 -0.4752 -1.1545
-0.3324 -0.3873 -1.0685
-0.3004 -0.3590 -0.8645
-0.2293 -0.4459 -0.7152
-0.1944 -0.5506 -0.6015
-0.2076 -0.6349 -0.6037
-0.2076 -0.6349 -0.6037
-0.2197 -0.6649 -0.7059
-0.2066 -0.5687 -0.7405
-0.1895 -0.4375 -0.7316
-0.1169 -0.4106 -0.6930
-0.0384 -0.4405 -0.6275
-0.0384 -0.4405 -0.6275
0.0279 -0.4817 -0.5740
0.0553 -0.5410 -0.5414
0.0586 -0.6004 -0.5369
0.0540 -0.6205 -0.5559
0.0595 -0.6341 -0.6183
0.0595 -0.6341 -0.6183
0.0596 -0.6520 -0.7201
0.0420 -0.6485 -0.8164
0.0327 -0.6269 -0.8620
0.0314 -0.6221 -0.9267
0.0314 -0.6221 -0.9267
0.0219 -0.6291 -0.9483
0.0026 -0.6567 -0.9353
-0.0027 -0.7020 -0.9012
0.0085 -0.7488 -0.8905
0.0153 -0.7860 -0.9035
0.0153 -0.7860 -0.9035
0.0344 -0.8097 -0.9337
0.0512 -0.7923 -0.9946
0.0734 -0.7735 -1.0319
0.0855 -0.7071 -1.0781
0.0771 -0.5895 -1.0521
0.0771 -0.5895 -1.0521
0.0983 -0.4808 -0.8874
0.1348 -0.4365 -0.6964
0.2178 -0.4580 -0.4884
0.3012 -0.4996 -0.3475
0.3586 -0.5725 -0.3768
0.3586 -0.5725 -0.3768
0.3669 -0.6038 -0.5912
0.3578 -0.6009 -0.9128
0.2966 -0.5103 -1.0683
0.1736 -0.3605 -1.1541
0.0559 -0.2943 -1.1408
0.0559 -0.2943 -1.1408
-0.0385 -0.3252 -1.0838
-0.1098 -0.3815 -0.9777
-0.1169 -0.4012 -0.8336
-0.0940 -0.4145 -0.6605
-0.0940 -0.4145 -0.6605
-0.0874 -0.4522 -0.5689
-0.0977 -0.4910 -0.5192
-0.1134 -0.5226 -0.5227
-0.1200 -0.5518 -0.5364
-0.1151 -0.5672 -0.5766
-0.1151 -0.5672 -0.5766
-0.1214 -0.5691 -0.6197
-0.1200 -0.5753 -0.6945
-0.1000 -0.6111 -0.7601
-0.0780 -0.6262 -0.8310
-0.0785 -0.6483 -0.9227
-0.0785 -0.6483 -0.9227
-0.1035 -0.6519 -1.0502
-0.1593 -0.6409 -1.1835
-0.2613 -0.6393 -1.2371
-0.4432 -0.6843 -1.2270
-0.5927 -0.8060 -1.1553
-0.5927 -0.8060 -1.1553
-0.6396 -0.8936 -1.0581
-0.6189 -0.8633 -1.0412
-0.5950 -0.7220 -1.0595
-0.5527 -0.5248 -0.9043
-0.5527 -0.5248 -0.9043
-0.4607 -0.3840 -0.6778
-0.3425 -0.4059 -0.5010
-0.1926 -0.4744 -0.4133
-0.0479 -0.5250 -0.3442
0.0668 -0.5613 -0.3297
0.0668 -0.5613 -0.3297
0.1344 -0.5973 -0.4847
0.1334 -0.5546 -0.6278
0.0982 -0.4559 -0.7623
0.1206 -0.4120 -0.7105
0.2107 -0.4058 -0.6800
0.2107 -0.4058 -0.6800
0.2937 -0.4633 -0.6154
0.3456 -0.5365 -0.5310
0.3543 -0.6152 -0.5110
0.3105 -0.7009 -0.5229
0.2536 -0.7559 -0.5528
0.2536 -0.7559 -0.5528
0.2337 -0.8066 -0.6864
0.2156 -0.7923 -0.7777
0.1802 -0.7531 -0.9319
0.1391 -0.6956 -1.0262
0.1013 -0.6130 -1.0427
0.1013 -0.6130 -1.0427
0.0441 -0.5788 -1.0432
-0.0068 -0.6025 -1.0306
-0.0451 -0.6243 -0.9782
-0.0477 -0.6453 -0.9582
-0.0477 -0.6453 -0.9582
-0.0384 -0.6875 -0.9669
-0.0206 -0.7609 -0.9515
-0.0224 -0.7970 -1.0585
-0.1068 -0.7305 -1.2405
-0.2009 -0.6064 -1.1910
-0.2009 -0.6064 -1.1910
-0.2478 -0.4877 -0.9150
-0.2309 -0.4566 -0.6756
-0.1328 -0.4986 -0.5560
-0.0310 -0.5276 -0.5163
0.0470 -0.5284 -0.5050
0.0470 -0.5284 -0.5050
0.1127 -0.4962 -0.5187
0.1815 -0.4609 -0.5356
0.2326 -0.4647 -0.5471
0.2650 -0.5080 -0.5983
0.2758 -0.5442 -0.7053
0.2758 -0.5442 -0.7053
0.2559 -0.5470 -0.8156
0.2331 -0.5165 -0.9437
0.2164 -0.4953 -1.0772
0.1946 -0.4655 -1.0950
0.1770 -0.4531 -1.0730
0.1770 -0.4531 -1.0730
0.1656 -0.4884 -1.0136
0.1704 -0.5359 -0.9629
0.1842 -0.5536 -0.9323
0.1791 -0.5614 -0.9245
0.1791 -0.5614 -0.9245
0.1620 -0.5707 -0.9183
0.1285 -0.5655 -0.9161
0.1115 -0.5855 -0.9197
0.0900 -0.5828 -0.9135
0.0602 -0.5802 -0.9248
0.0602 -0.5802 -0.9248
0.0321 -0.5944 -0.9194
0.0116 -0.6035 -0.9256
-0.0143 -0.5841 -0.9445
-0.0515 -0.5806 -0.9230
-0.0660 -0.5627 -0.9032
-0.0660 -0.5627 -0.9032
-0.0784 -0.5901 -0.9224
-0.1080 -0.6225 -0.8529
-0.0842 -0.6133 -0.7858
-0.0401 -0.6240 -0.7485
-0.0082 -0.6317 -0.7087
-0.0082 -0.6317 -0.7087
0.0005 -0.6235 -0.6402
0.0113 -0.6267 -0.5831
0.0558 -0.6596 -0.5182
0.0804 -0.6653 -0.4938
0.0357 -0.6072 -0.4784
0.0357 -0.6072 -0.4784
0.0601 -0.5649 -0.6046
0.1369 -0.4697 -0.6858
0.1205 -0.4545 -0.6463
0.2215 -0.4490 -0.5547
0.2215 -0.4490 -0.5547
0.2633 -0.4143 -0.6356
0.3502 -0.4258 -0.7754
0.3697 -0.4618 -0.7934
0.2883 -0.4654 -0.8543
0.1526 -0.4605 -1.0052
0.1526 -0.4605 -1.0052
0.0095 -0.5002 -1.0696
-0.0808 -0.5449 -1.0844
-0.0965 -0.6049 -1.0149
-0.0710 -0.6520 -0.8740
-0.0219 -0.6921 -0.7435
-0.0219 -0.6921 -0.7435
0.0158 -0.7342 -0.6416
0.0248 -0.7334 -0.5664
0.0206 -0.7507 -0.5467
0.0277 -0.7301 -0.5776
0.0226 -0.6886 -0.5973
0.0226 -0.6886 -0.5973
-0.0107 -0.6644 -0.6150
-0.0619 -0.6487 -0.6884
-0.1032 -0.6326 -0.7546
-0.1112 -0.6312 -0.8044
-0.0967 -0.6360 -0.7701
-0.0967 -0.6360 -0.7701
-0.0795 -0.6268 -0.6820
-0.0530 -0.6461 -0.6227
-0.0309 -0.6548 -0.5422
0.0117 -0.6519 -0.4839
0.0117 -0.6519 -0.4839
0.0753 -0.6380 -0.5072
0.2492 -0.6125 -0.6937
0.4422 -0.5651 -0.8442
0.3723 -0.4715 -0.9093
0.0990 -0.5152 -0.9682
0.0990 -0.5152 -0.9682
-0.0121 -0.5850 -1.0538
0.0125 -0.6317 -1.0880
0.0177 -0.7031 -1.1732
-0.0513 -0.7218 -1.2222
-0.2095 -0.6936 -1.2445
-0.2095 -0.6936 -1.2445
-0.3105 -0.6624 -1.2113
-0.3037 -0.6013 -1.0716
-0.2168 -0.5742 -0.9133
-0.1327 -0.5819 -0.8022
-0.0611 -0.6047 -0.7946
-0.0611 -0.6047 -0.7946
-0.0105 -0.5869 -0.8864
-0.0170 -0.5310 -0.9665
-0.0881 -0.4791 -1.0339
-0.1653 -0.4547 -1.0154
-0.1653 -0.4547 -1.0154
-0.2234 -0.4300 -0.9279
-0.2603 -0.4334 -0.8163
-0.2600 -0.4580 -0.7089
-0.2589 -0.4742 -0.5989
-0.2693 -0.4981 -0.5267
-0.2693 -0.4981 -0.5267
-0.2778 -0.5333 -0.4906
-0.2824 -0.5596 -0.4497
-0.2719 -0.5724 -0.4190
-0.2579 -0.5953 -0.4333
-0.2483 -0.6263 -0.4352
-0.2483 -0.6263 -0.4352
-0.2430 -0.6451 -0.4669
-0.2290 -0.6601 -0.5052
-0.2153 -0.6697 -0.5533
-0.2015 -0.6858 -0.6112
-0.2057 -0.6884 -0.6784
-0.2057 -0.6884 -0.6784
-0.2296 -0.6829 -0.7876
-0.2862 -0.6685 -0.9232
-0.3419 -0.6658 -0.9663
-0.3920 -0.6624 -0.9962
-0.4385 -0.6599 -1.0361
-0.4385 -0.6599 -1.0361
-0.4853 -0.6000 -1.1058
-0.5274 -0.4940 -1.1491
-0.5218 -0.3952 -0.9978
-0.4402 -0.3915 -0.7937
-0.4402 -0.3915 -0.7937
-0.3560 -0.4795 -0.6615
-0.3419 -0.5174 -0.5975
-0.3645 -0.5394 -0.6583
-0.3566 -0.5070 -0.7278
-0.3403 -0.4066 -0.7046
-0.3403 -0.4066 -0.7046
-0.2396 -0.3708 -0.6655
-0.0917 -0.4056 -0.6251
0.0362 -0.4620 -0.5732
0.1216 -0.5247 -0.5319
0.1623 -0.5695 -0.5347
0.1623 -0.5695 -0.5347
0.1787 -0.6150 -0.5487
0.1937 -0.6494 -0.5926
0.1926 -0.6717 -0.7141
0.1706 -0.6802 -0.8413
0.1627 -0.6665 -0.9864
0.1627 -0.6665 -0.9864
0.1660 -0.6481 -1.0539
0.1566 -0.6351 -1.0477
0.1493 -0.6660 -1.0327
0.1211 -0.7024 -1.0144
0.1211 -0.7024 -1.0144
0.0686 -0.7318 -1.0077
0.0155 -0.7781 -1.0241
-0.0318 -0.8048 -1.0458
-0.0684 -0.8051 -1.0703
-0.0927 -0.7520 -1.1344
-0.0927 -0.7520 -1.1344
-0.1174 -0.6096 -1.1294
-0.0922 -0.4545 -0.9845
0.0232 -0.3968 -0.7909
0.1613 -0.4173 -0.5715
0.2946 -0.4766 -0.4543
0.2946 -0.4766 -0.4543
0.3646 -0.5499 -0.4683
0.3291 -0.5704 -0.6325
0.2191 -0.5330 -0.8253
0.1062 -0.4790 -1.0920
-0.0195 -0.4128 -1.1538
-0.0195 -0.4128 -1.1538
-0.1185 -0.3678 -1.1003
-0.1634 -0.4425 -0.9931
-0.1926 -0.4686 -0.8368
-0.1902 -0.4769 -0.6900
-0.1750 -0.5073 -0.5850
-0.1750 -0.5073 -0.5850
-0.1764 -0.5322 -0.5401
-0.1875 -0.5391 -0.5212
-0.1948 -0.5533 -0.5336
-0.2059 -0.5467 -0.5432
-0.2059 -0.5467 -0.5432
-0.2034 -0.5267 -0.5770
-0.1902 -0.5275 -0.6297
-0.1892 -0.5372 -0.6886
-0.2098 -0.5347 -0.7471
-0.2546 -0.5163 -0.8382
-0.2546 -0.5163 -0.8382
-0.2917 -0.5456 -0.9413
-0.3236 -0.5939 -0.9604
-0.3468 -0.5982 -1.0643
-0.3730 -0.5649 -1.1584
-0.3975 -0.4628 -1.2006
-0.3975 -0.4628 -1.2006
-0.3770 -0.3988 -1.0246
-0.2886 -0.4554 -0.8286
-0.1885 -0.5650 -0.7004
-0.1912 -0.6290 -0.6740
-0.2845 -0.6678 -0.7566
-0.2845 -0.6678 -0.7566
-0.3379 -0.6278 -0.8074
-0.3284 -0.5002 -0.7913
-0.2130 -0.4525 -0.7167
-0.0677 -0.4821 -0.6436
0.0482 -0.5162 -0.5812
0.0482 -0.5162 -0.5812
0.1096 -0.5493 -0.5067
0.1458 -0.5771 -0.4979
0.1626 -0.6009 -0.5320
0.1637 -0.6037 -0.6130
0.1637 -0.6037 -0.6130
0.1250 -0.5925 -0.7199
0.1023 -0.5828 -0.8646
0.0936 -0.5626 -0.9471
0.0846 -0.5431 -0.9801
0.0664 -0.5728 -0.9936
0.0664 -0.5728 -0.9936
0.0295 -0.6254 -0.9558
0.0040 -0.6807 -0.9321
-0.0392 -0.7085 -0.9561
-0.0845 -0.7200 -0.9825
-0.0969 -0.7334 -0.9607
-0.0969 -0.7334 -0.9607
-0.0761 -0.7055 -0.9538
-0.0223 -0.7121 -0.9306
0.0382 -0.6731 -0.9651
0.0309 -0.5606 -0.9914
0.0357 -0.4768 -0.9094
0.0357 -0.4768 -0.9094
0.0958 -0.4742 -0.7659
0.1899 -0.5262 -0.6230
0.2558 -0.5687 -0.5833
0.2607 -0.6059 -0.7048
0.1752 -0.5655 -0.9258
0.1752 -0.5655 -0.9258
0.0620 -0.5014 -1.1131
-0.0352 -0.4052 -1.1621
-0.0930 -0.3477 -1.0589
-0.1063 -0.3885 -0.9297
-0.1063 -0.3885 -0.9297
-0.1205 -0.4175 -0.7961
-0.1393 -0.4241 -0.6473
-0.1622 -0.4681 -0.5471
-0.1846 -0.5088 -0.4989
-0.1933 -0.5350 -0.4963
-0.1933 -0.5350 -0.4963
-0.1824 -0.5600 -0.5291
-0.1608 -0.5508 -0.6056
-0.1700 -0.5126 -0.6483
-0.1560 -0.5125 -0.6918
-0.1155 -0.5215 -0.7115
-0.1155 -0.5215 -0.7115
-0.0886 -0.5385 -0.7396
-0.0987 -0.5569 -0.7842
-0.1178 -0.5849 -0.8676
-0.1416 -0.6573 -0.9214
-0.1942 -0.7044 -1.0565
-0.1942 -0.7044 -1.0565
-0.2875 -0.6885 -1.1830
-0.4093 -0.5789 -1.2413
-0.4752 -0.4588 -1.1719
-0.4371 -0.4486 -0.9601
-0.3257 -0.5058 -0.6928
-0.3257 -0.5058 -0.6928
-0.2286 -0.5439 -0.5023
-0.1889 -0.6043 -0.4201
-0.1767 -0.6355 -0.5284
-0.1540 -0.6092 -0.7664
-0.1540 -0.6092 -0.7664
-0.1486 -0.4607 -0.7508
-0.1373 -0.3871 -0.8138
-0.0316 -0.4051 -0.8016
0.0594 -0.4413 -0.7394
0.1040 -0.5059 -0.6571
0.1040 -0.5059 -0.6571
0.1034 -0.5673 -0.6157
0.0751 -0.6088 -0.5737
0.0511 -0.6488 -0.5942
0.0407 -0.6791 -0.6561
0.0313 -0.6723 -0.7247
0.0313 -0.6723 -0.7247
0.0299 -0.6324 -0.7770
0.0716 -0.5980 -0.8439
0.1100 -0.5707 -0.9225
0.1118 -0.5626 -0.9636
0.0795 -0.5796 -0.9461
0.0795 -0.5796 -0.9461
0.0487 -0.6079 -0.9219
0.0294 -0.6441 -0.9177
0.0086 -0.6416 -0.9294
0.0096 -0.6361 -0.9588
0.0096 -0.6361 -0.9588
0.0110 -0.6057 -0.9670
0.0194 -0.6167 -0.9177
0.0579 -0.6821 -0.8974
0.0373 -0.6450 -0.9892
-0.0220 -0.5814 -1.0198
-0.0220 -0.5814 -1.0198
-0.0074 -0.4872 -0.9547
0.0540 -0.4629 -0.8488
0.1334 -0.5009 -0.7361
0.2290 -0.5504 -0.6890
0.3201 -0.6068 -0.6799
0.3201 -0.6068 -0.6799
0.3723 -0.6010 -0.7673
0.4149 -0.5979 -0.9714
0.4066 -0.5319 -1.0752
0.3552 -0.4445 -1.0757
0.3142 -0.4141 -1.0603
0.3142 -0.4141 -1.0603
0.2809 -0.3980 -0.9633
0.2453 -0.3778 -0.8159
0.2406 -0.3877 -0.7025
0.2363 -0.3874 -0.6158
0.2345 -0.4024 -0.5696
0.2345 -0.4024 -0.5696
0.2347 -0.4143 -0.5520
0.2287 -0.4136 -0.6080
0.2165 -0.3997 -0.6399
0.2052 -0.3684 -0.7240
0.2052 -0.3684 -0.7240
0.1862 -0.3469 -0.8343
0.1680 -0.3339 -0.9745
0.2033 -0.3293 -1.0132
0.2346 -0.3484 -0.9817
0.2164 -0.3823 -0.9442
0.2164 -0.3823 -0.9442
0.1625 -0.3583 -0.9837
0.0985 -0.3188 -1.0170
0.0909 -0.2870 -1.0427
0.0948 -0.2955 -0.9727
0.0834 -0.3433 -0.8734
0.0834 -0.3433 -0.8734
0.0655 -0.4190 -0.8185
0.0478 -0.4695 -0.8217
0.0020 -0.5139 -0.8438
-0.0234 -0.5155 -0.9000
0.0002 -0.4947 -0.9597
0.0002 -0.4947 -0.9597
0.0616 -0.4786 -0.9900
0.1119 -0.4530 -0.9843
0.1346 -0.4488 -0.9713
0.1239 -0.4355 -0.9394
0.1239 -0.4355 -0.9394
0.0837 -0.4374 -0.9242
0.0605 -0.4544 -0.9230
0.0276 -0.4631 -0.9235
-0.0094 -0.4571 -0.9111
-0.0112 -0.4511 -0.9288
-0.0112 -0.4511 -0.9288
-0.0034 -0.4220 -0.9376
0.0049 -0.3988 -0.9494
0.0113 -0.3956 -0.9595
-0.0181 -0.3985 -0.9514
-0.0349 -0.3984 -0.9177
-0.0455 -0.3946 -0.8862
-0.0455 -0.3946 -0.8862
-0.0413 -0.3907 -0.8351
0.0183 -0.4136 -0.7116
0.0616 -0.4392 -0.7056
0.0616 -0.4392 -0.7056
0.1144 -0.4444 -0.6957
0.1728 -0.4432 -0.7251
0.2260 -0.4488 -0.7698
0.2647 -0.4530 -0.8175
0.3028 -0.4839 -0.8665
0.3028 -0.4839 -0.8665
0.3044 -0.5126 -0.9676
0.2561 -0.5219 -1.0062
0.2032 -0.5249 -1.1009
0.1972 -0.5435 -1.1357
0.1972 -0.5435 -1.1357
0.2017 -0.5379 -1.1286
0.1915 -0.5552 -1.1028
0.1967 -0.5592 -1.0741
0.1990 -0.5638 -1.0890
0.1662 -0.5356 -1.0848
0.1662 -0.5356 -1.0848
0.0975 -0.4900 -1.0662
0.0188 -0.4867 -1.0265
-0.0477 -0.4990 -0.9844
-0.0877 -0.4614 -0.9142
-0.0738 -0.4361 -0.8686
-0.0738 -0.4361 -0.8686
-0.0278 -0.4362 -0.8654
-0.0416 -0.4208 -0.8418
-0.1035 -0.3828 -0.8158
-0.1497 -0.3446 -0.7633
-0.1749 -0.3446 -0.6989
-0.1749 -0.3446 -0.6989
-0.1684 -0.3549 -0.6385
-0.0895 -0.4329 -0.5109
-0.1105 -0.4249 -0.7005
-0.1187 -0.5040 -0.6347
-0.0439 -0.5063 -0.6841
-0.0439 -0.5063 -0.6841
-0.0065 -0.5423 -0.6731
0.0043 -0.5704 -0.6992
-0.0047 -0.6032 -0.7453
0.0190 -0.6134 -0.7136
0.0190 -0.6134 -0.7136
0.0250 -0.6000 -0.7211
0.0247 -0.5755 -0.7927
0.0128 -0.5780 -0.8216
0.0052 -0.6119 -0.7777
-0.0042 -0.6445 -0.7599
-0.0042 -0.6445 -0.7599
-0.0131 -0.6588 -0.7472
-0.0230 -0.6655 -0.7895
-0.0355 -0.6394 -0.7271
-0.0345 -0.5975 -0.7675
-0.0363 -0.5911 -0.8270
-0.0363 -0.5911 -0.8270
-0.0198 -0.5898 -0.8458
-0.0096 -0.6008 -0.8235
-0.0150 -0.5984 -0.7966
-0.0194 -0.6093 -0.7513
-0.0100 -0.6294 -0.7559
-0.0100 -0.6294 -0.7559
0.0013 -0.6437 -0.7556
-0.0021 -0.6236 -0.7656
0.0066 -0.6132 -0.7759
-0.0040 -0.6133 -0.7842
0.0008 -0.6190 -0.7767
0.0008 -0.6190 -0.7767
-0.0192 -0.6302 -0.7819
-0.0078 -0.6248 -0.7587
0.0045 -0.6200 -0.7777
0.0001 -0.6295 -0.7784
0.0001 -0.6295 -0.7784
-0.0032 -0.6329 -0.7578
-0.0079 -0.6239 -0.7472
-0.0035 -0.6241 -0.7321
-0.0075 -0.6230 -0.7544
0.0131 -0.6507 -0.7959
0.0131 -0.6507 -0.7959
0.0275 -0.6505 -0.7661
0.0311 -0.6411 -0.7165
0.0261 -0.6454 -0.7030
0.0211 -0.6385 -0.7115
0.0169 -0.6459 -0.7188
0.0169 -0.6459 -0.7188
0.0008 -0.6420 -0.7112
0.0059 -0.6505 -0.7206
0.0127 -0.6556 -0.7388
0.0087 -0.6660 -0.7418
0.0136 -0.6563 -0.7545
0.0136 -0.6563 -0.7545
0.0152 -0.6505 -0.7486
0.0106 -0.6540 -0.7305
0.0123 -0.6625 -0.7230
0.0063 -0.6548 -0.7200
0.0043 -0.6679 -0.7159
0.0043 -0.6679 -0.7159
0.0062 -0.6742 -0.7062
0.0111 -0.6712 -0.7073
0.0121 -0.6718 -0.7128
0.0088 -0.6758 -0.7121
0.0088 -0.6758 -0.7121
0.0148 -0.6742 -0.7229
0.0172 -0.6769 -0.7201
0.0163 -0.6836 -0.7078
0.0168 -0.6714 -0.6983
0.0165 -0.6788 -0.7186
0.0165 -0.6788 -0.7186
0.0104 -0.6802 -0.7247
0.0044 -0.6863 -0.7189
-0.0004 -0.6799 -0.7052
-0.0022 -0.6731 -0.6972
0.0059 -0.6837 -0.7031
0.0059 -0.6837 -0.7031
0.0119 -0.6824 -0.7005
0.0141 -0.6694 -0.6963
0.0150 -0.6756 -0.7098
0.0178 -0.6830 -0.7100
0.0152 -0.6734 -0.7076
0.0152 -0.6734 -0.7076
0.0178 -0.6849 -0.7015
0.0221 -0.6879 -0.6937
0.0199 -0.6873 -0.6944
0.0129 -0.6918 -0.6956
0.0193 -0.6895 -0.7124
0.0193 -0.6895 -0.7124
0.0113 -0.6806 -0.6991
0.0066 -0.6861 -0.6977
0.0049 -0.6949 -0.6921
-0.0018 -0.6920 -0.6838
-0.0018 -0.6920 -0.6838
0.0035 -0.6967 -0.6912
0.0184 -0.6892 -0.7017
0.0219 -0.6837 -0.7043
0.0165 -0.6845 -0.7085
0.0063 -0.6870 -0.6979
0.0063 -0.6870 -0.6979
0.0042 -0.6924 -0.6967
0.0134 -0.6899 -0.6941
0.0126 -0.6892 -0.6900
0.0115 -0.6964 -0.6936
0.0128 -0.7032 -0.6942
0.0128 -0.7032 -0.6942
0.0114 -0.6914 -0.6916
0.0117 -0.7001 -0.7128
0.0025 -0.7067 -0.7185
0.0074 -0.7087 -0.7335
0.0098 -0.6972 -0.7301
0.0098 -0.6972 -0.7301
0.0084 -0.6964 -0.7290
0.0087 -0.6801 -0.6949
0.0071 -0.6828 -0.6702
-0.0023 -0.6889 -0.6917
-0.0023 -0.6889 -0.6917
0.0011 -0.6903 -0.6868
0.0053 -0.6868 -0.6939
0.0049 -0.6887 -0.7007
0.0132 -0.6903 -0.6993
0.0117 -0.6804 -0.6954
0.0117 -0.6804 -0.6954
0.0046 -0.6867 -0.7060
-0.0016 -0.6858 -0.6991
0.0038 -0.6862 -0.7166
0.0126 -0.6878 -0.7176
0.0127 -0.6854 -0.7185
0.0127 -0.6854 -0.7185
0.0134 -0.6905 -0.7106
0.0142 -0.6847 -0.7028
0.0076 -0.6872 -0.7079
0.0067 -0.6875 -0.7075
0.0069 -0.6865 -0.7089
0.0069 -0.6865 -0.7089
0.0164 -0.6882 -0.7182
0.0115 -0.6810 -0.7112
0.0174 -0.6810 -0.7163
0.0230 -0.6850 -0.7198
0.0240 -0.6765 -0.7261
0.0240 -0.6765 -0.7261
0.0212 -0.6724 -0.7161
0.0160 -0.6801 -0.7168
0.0071 -0.6892 -0.7234
0.0167 -0.6830 -0.7017
0.0167 -0.6830 -0.7017
0.0315 -0.6784 -0.7069
0.0290 -0.6633 -0.6340
0.0362 -0.6835 -0.7828
0.0169 -0.7405 -0.7698
0.0314 -0.6716 -0.7161
0.0314 -0.6716 -0.7161

