0.0000 0.0000 0.0000
0.0000 0.0000 0.0000
0.0000 0.0000 0.0000
0.0000 0.0000 0.0000
0.0000 0.0000 0.0000
0.0000 0.0000 0.0000
0.0000 0.0000 0.0000
0.0000 0.0000 0.0000
0.0000 0.0000 0.0000
0.0000 0.0000 0.0000
0.0000 0.0000 0.0000
0.0000 0.0000 0.0000
0.0000 0.0000 0.0000
0.0153 0.0079 0.0078
0.0153 0.0035 0.0081
0.0134 0.0066 0.0084
0.0129 0.0111 0.0062
0.0161 0.0071 0.0057
0.0162 0.0076 0.0066
0.0141 0.0089 0.0077
0.0145 0.0070 0.0066
0.0147 0.0052 0.0055
0.0159 0.0078 0.0062
0.0119 0.0091 0.0043
0.0148 0.0097 0.0084
0.0140 0.0075 0.0092
0.0163 0.0076 0.0079
0.0129 0.0050 0.0058
0.0149 0.0086 0.0066
0.0132 0.0076 0.0081
0.0158 0.0095 0.0061
0.0140 0.0081 0.0072
0.0163 0.0072 0.0024
0.0128 0.0058 0.0058
0.0142 0.0071 0.0035
0.0145 0.0104 0.0066
0.0145 0.0087 0.0066
0.0130 0.0098 0.0076
0.0165 0.0086 0.0058
0.0125 0.0057 0.0082
0.0140 0.0072 0.0074
0.0139 0.0079 0.0058
0.0161 0.0087 0.0078
0.0134 0.0077 0.0042
0.0178 0.0080 0.0066
0.0134 0.0101 0.0067
0.0123 0.0077 0.0064
0.0135 0.0056 0.0076
0.0157 0.0074 0.0079
0.0141 0.0100 0.0046
0.0146 0.0082 0.0061
0.0147 0.0058 0.0055
0.0146 0.0076 0.0070
0.0129 0.0080 0.0063
0.0151 0.0087 0.0046
0.0130 0.0064 0.0058
0.0152 0.0104 0.0042
0.0144 0.0066 0.0069
0.0127 0.0100 0.0046
0.0136 0.0089 0.0053
0.0160 0.0091 0.0063
0.0135 0.0075 0.0041
0.0110 0.0065 0.0097
0.0113 0.0067 0.0053
0.0126 0.0100 0.0078
0.0132 0.0039 0.0072
0.0139 0.0090 0.0077
0.0134 0.0059 0.0071
0.0139 0.0047 0.0078
0.0143 0.0068 0.0064
0.0127 0.0077 0.0056
0.0140 0.0077 0.0059
0.0146 0.0056 0.0052
0.0123 0.0072 0.0057
0.0116 0.0059 0.0055
0.0124 0.0055 0.0058
0.0135 0.0062 0.0053
0.0144 0.0053 0.0083
0.0137 0.0066 0.0049
0.0149 0.0093 0.0067
0.0118 0.0091 0.0057
0.0139 0.0069 0.0061
0.0152 0.0078 0.0067
0.0118 0.0040 0.0071
0.0124 0.0057 0.0081
0.0142 0.0077 0.0065
0.0147 0.0071 0.0051
0.0124 0.0066 0.0069
0.0150 0.0080 0.0079
0.0139 0.0079 0.0057
0.0138 0.0069 0.0058
0.0137 0.0061 0.0063
0.0134 0.0077 0.0072
0.0140 0.0070 0.0073
0.0142 0.0072 0.0053
0.0137 0.0089 0.0079
0.0134 0.0057 0.0049
0.0136 0.0078 0.0075
0.0123 0.0073 0.0066
0.0133 0.0043 0.0079
0.0143 0.0062 0.0070
0.0132 0.0064 0.0075
0.0143 0.0059 0.0079
0.0126 0.0075 0.0072
0.0150 0.0083 0.0053
0.0120 0.0089 0.0066
0.0147 0.0084 0.0059
0.0148 0.0040 0.0044
0.0143 0.0091 0.0062
0.0145 0.0071 0.0071
0.0123 0.0099 0.0047
0.0132 0.0072 0.0067
0.0135 0.0062 0.0052
0.0150 0.0080 0.0058
0.0130 0.0045 0.0067
0.0134 0.0074 0.0054
0.0144 0.0090 0.0045
0.0123 0.0052 0.0064
0.0171 0.0082 0.0067
0.0137 0.0079 0.0058
0.0148 0.0068 0.0058
0.0151 0.0085 0.0048
0.0152 0.0085 0.0045
0.0150 0.0077 0.0065
0.0138 0.0091 0.0075
0.0157 0.0071 0.0074
0.0143 0.0074 0.0084
0.0139 0.0092 0.0073
0.0141 0.0074 0.0071
0.0138 0.0086 0.0093
0.0132 0.0078 0.0053
0.0130 0.0052 0.0058
0.0144 0.0087 0.0053
0.0158 0.0079 0.0064
0.0139 0.0080 0.0056
0.0127 0.0084 0.0068
0.0135 0.0101 0.0060
0.0141 0.0069 0.0064
0.0133 0.0064 0.0065
0.0135 0.0080 0.0074
0.0121 0.0065 0.0067
0.0123 0.0045 0.0069
0.0143 0.0089 0.0069
0.0139 0.0070 0.0068
0.0123 0.0064 0.0057
0.0131 0.0072 0.0054
0.0141 0.0079 0.0056
0.0112 0.0056 0.0064
0.0144 0.0085 0.0065
0.0137 0.0074 0.0066
0.0139 0.0075 0.0071
0.0124 0.0077 0.0067
0.0142 0.0075 0.0077
0.0143 0.0074 0.0071
0.0123 0.0049 0.0082
0.0141 0.0082 0.0047
0.0117 0.0054 0.0055
0.0113 0.0062 0.0053
0.0118 0.0083 0.0056
0.0123 0.0108 0.0092
0.0125 0.0062 0.0054
0.0143 0.0044 0.0048
0.0123 0.0051 0.0058
0.0133 0.0077 0.0082
0.0137 0.0076 0.0051
0.0168 0.0050 0.0075
0.0127 0.0089 0.0047
0.0134 0.0068 0.0049
0.0169 0.0068 0.0044
0.0135 0.0074 0.0056
0.0105 0.0059 0.0080
0.0096 -0.0184 0.0006
0.0111 -0.0971 -0.5625
-0.0471 -0.7077 -1.0857
-0.2251 -0.9810 -0.9789
-0.5370 -1.0202 -0.9682
-0.7672 -1.0721 -0.4361
-0.8758 -1.3776 0.4883
-1.1766 -3.9255 1.4884
-0.3006 -1.1176 1.0266
-0.9182 1.3353 0.5475
0.4586 1.5703 1.6796
0.8851 1.5443 1.8056
1.0402 0.7710 1.7302
1.6004 0.6170 1.8978
2.0058 0.7611 1.9150
2.5508 1.2495 2.0181
2.5868 1.4952 2.0797
2.4541 1.5606 2.1466
2.1564 1.4675 2.4116
1.8264 1.3156 2.5728
1.6378 1.2481 2.5857
1.3391 1.1853 2.6313
1.0914 0.8752 2.6217
0.9538 0.7754 2.5870
0.8008 0.6791 2.4686
0.6669 0.7232 2.1892
0.9436 1.0913 1.3580
1.0772 1.5811 0.8682
1.4287 1.0636 1.1695
1.0796 0.4997 1.5811
0.7420 -0.5137 2.2109
0.5256 -0.5087 2.1362
0.4531 -0.1643 1.9095
0.3368 0.5746 1.3966
0.3549 0.8595 1.2804
0.3887 0.7750 1.3283
0.4216 0.3986 1.5409
0.4520 -0.0446 1.7518
0.4415 -0.0823 1.7807
0.4268 0.1979 1.6871
0.4086 0.4183 1.5066
0.3939 0.4086 1.4630
0.4250 0.2702 1.4715
0.4313 0.2519 1.5020
0.4308 0.2873 1.5264
0.3504 0.4572 1.4634
-0.1978 0.5304 1.3291
-0.0295 0.6338 1.3068
0.2357 0.7257 1.2851
0.3217 0.6268 1.3420
0.3662 0.4721 1.3641
0.2144 0.4755 1.3939
0.1926 0.5055 1.3627
0.2266 0.6392 1.2641
0.2325 0.6456 1.2251
0.2338 0.5853 1.2281
0.0059 0.3332 1.2267
0.3980 0.5538 1.1331
0.4760 0.6727 1.0445
0.2385 0.6784 0.9704
-0.0263 0.6816 0.9608
-0.0915 0.6393 0.9793
-0.0507 0.6012 0.9549
0.0639 0.6614 0.8147
0.0754 0.6984 0.6877
0.0897 0.7618 0.4495
0.1003 0.6781 0.3955
0.0600 0.6152 0.3876
-0.0282 0.4532 0.3770
-0.0256 0.1337 0.3536
-0.0772 0.0318 0.3107
-0.1108 0.1002 0.1685
-0.1205 0.1687 0.0988
-0.1070 0.0196 -0.1644
-0.0632 -0.3287 -0.3681
-0.1392 -0.3216 -0.3562
-0.3687 -0.0316 -0.0857
-0.5424 0.5394 0.2363
-0.4982 0.6900 0.2295
-0.0276 -0.6843 0.0225
-0.3289 -0.7566 0.5289
-0.3644 -0.4136 0.7246
-0.0094 0.2813 0.5846
-0.3288 0.6046 0.7998
-0.5023 0.6671 0.7477
-1.3000 0.4940 0.3120
-1.8817 0.8439 -0.0182
-2.0319 0.9247 -0.0041
-1.8508 0.5420 0.1199
-0.8768 -0.3253 0.4124
-0.2505 -0.5891 0.4302
0.6912 -0.7727 0.5460
0.7469 -0.1595 0.8181
0.5512 0.2221 0.7245
0.3405 0.8219 0.8749
0.3314 0.9335 1.0104
0.2795 0.8551 1.3283
0.3476 0.7558 1.3933
0.3921 0.7489 1.3744
0.5603 0.4273 1.2869
0.1890 0.0963 1.3569
0.0192 0.2652 1.2940
-0.2788 0.6019 1.0040
-0.5237 1.0960 0.6943
-0.5381 1.0773 0.6398
-0.3847 0.8289 0.5901
-0.2769 0.7009 0.5164
-0.4107 0.6171 0.3559
-0.6781 0.5722 0.1621
-0.6585 0.7303 0.0500
-0.5409 0.6625 0.0101
-0.2930 0.8586 0.0966
0.0022 0.5778 0.2972
0.1568 0.4728 0.3659
0.2763 0.5031 0.3818
0.3485 0.5392 0.4095
0.3894 0.5174 0.4217
0.5163 0.3758 0.3490
0.7511 0.3034 0.2774
1.0726 0.1127 0.3833
1.5764 -0.2979 0.8720
0.9327 0.3507 0.6962
0.3173 0.5439 0.6897
-0.5756 0.5897 0.7817
-0.7437 0.3864 0.9308
-0.7037 -0.0220 1.1782
-0.2158 -0.0509 1.1905
0.1223 -0.1129 1.1597
0.7970 -0.0747 1.1190
0.8423 0.3200 0.8851
0.6157 0.5724 0.6043
0.0149 0.6633 0.7158
-0.4172 0.6761 0.9704
-0.3431 0.5552 0.9243
-0.0393 0.2202 0.7622
0.0662 -0.1480 0.5977
0.0631 -0.2613 0.4757
0.0690 -0.4248 0.1835
0.2218 -0.3820 -0.0698
0.3102 -0.2933 -0.2079
0.4435 -0.1462 -0.4262
0.5141 -0.1151 -0.6609
0.5491 -0.1162 -0.7283
0.5714 -0.3172 -0.8731
0.5810 -0.3475 -0.9574
0.5317 -0.2651 -1.0182
0.3249 -0.3017 -1.2076
0.1484 -0.8151 -1.3897
0.0760 -1.2126 -1.4807
-0.0366 -2.0004 -1.7208
-0.1992 -2.1524 -1.8632
-0.2344 -2.0984 -1.9774
-0.1967 -2.0702 -2.2337
-0.1381 -2.0480 -2.3204
-0.1263 -2.0846 -2.4776
-0.3334 -2.2543 -2.7313
-0.4980 -2.3994 -2.8999
-0.6953 -2.2856 -3.1624
-0.6233 -1.8137 -3.2976
-0.5094 -1.5515 -3.3279
-0.3357 -1.1033 -3.3591
-0.1602 -0.9510 -3.3652
-0.0919 -0.9511 -3.3634
-0.0658 -0.8666 -3.3320
-0.0457 -0.7868 -3.1843
-0.0307 -0.8052 -3.0712
-0.0230 -0.7791 -2.8648
0.0141 -0.7192 -2.6254
0.0358 -0.6812 -2.4891
0.1268 -0.6694 -2.2185
0.1745 -0.8144 -1.9452
0.1538 -0.8978 -1.8141
0.0722 -1.0805 -1.6028
-0.0176 -1.1449 -1.4455
-0.0083 -1.1275 -1.3781
0.1743 -0.9933 -1.2293
0.4203 -0.7913 -1.0969
0.4616 -0.7390 -1.0440
0.4005 -0.8171 -0.9931
0.3225 -0.8249 -0.9660
0.1282 -0.7280 -0.8499
0.0150 -0.5736 -0.6706
-0.0069 -0.4876 -0.5799
-0.0327 -0.2897 -0.4444
-0.0411 -0.2539 -0.3989
-0.0820 -0.2669 -0.4005
-0.2378 -0.3244 -0.4225
-0.3838 -0.2286 -0.4209
-0.3790 -0.1673 -0.4240
-0.2980 -0.0021 -0.4233
-0.2906 0.1515 -0.3921
-0.2889 0.2294 -0.3528
-0.2483 0.1391 -0.2622
-0.2046 -0.1306 -0.2921
-0.2403 -0.1746 -0.3484
-0.3264 -0.1315 -0.4824
-0.1960 -0.0864 -0.5045
-0.1020 -0.0551 -0.4743
0.0153 0.0094 -0.3966
0.1015 -0.0461 -0.3522
0.1143 -0.0438 -0.3275
0.0888 0.0430 -0.2387
0.1340 0.1025 -0.1918
0.1745 0.1842 -0.1644
0.3262 0.3105 -0.1363
0.4091 0.3650 -0.1355
0.4366 0.4991 -0.1236
0.3034 0.7209 -0.0533
0.2669 0.8192 0.0479
0.1680 0.7916 0.3917
-0.0891 0.4101 0.6724
-0.2575 0.1547 0.7138
-0.5750 -0.5923 0.6530
-0.8015 -1.0670 0.3601
-0.9313 -1.0009 0.1720
-1.0201 -0.4607 -0.1555
-0.8460 0.2915 -0.3618
-0.7446 0.5668 -0.4180
-0.5864 0.7277 -0.4863
-0.5423 0.4864 -0.5198
-0.5675 0.3417 -0.5279
-0.5334 0.1350 -0.4681
-0.3416 0.0104 -0.3970
-0.2377 0.0087 -0.3912
-0.1007 0.0479 -0.3792
-0.0249 0.1866 -0.2797
0.0012 0.2576 -0.1996
0.0777 0.2662 -0.0395
0.1433 0.1368 -0.0014
0.1664 0.0913 -0.0266
0.1515 0.0291 -0.0866
0.1029 0.0605 -0.0914
0.0504 0.0636 -0.0021
0.0665 -0.0225 0.0717
0.0508 -0.0175 0.0471
0.0119 -0.0350 -0.0683
0.0265 0.0504 -0.1284
0.0510 0.0639 -0.1367
0.0708 0.1555 -0.1379
0.0758 0.1891 -0.1471
0.0823 0.1702 -0.1286
0.0598 0.0644 -0.0746
0.0093 -0.0012 -0.0845
0.0085 0.0121 -0.1037
0.0815 0.1320 -0.1085
0.1739 0.1999 -0.0465
0.1747 0.1814 -0.0017
0.0934 0.1086 0.0996
0.0328 -0.0369 0.2019
0.0131 -0.0420 0.2485
0.0503 -0.0014 0.3195
0.0775 -0.0176 0.3501
0.0689 -0.0495 0.3330
0.0585 -0.0373 0.3162
0.0877 0.0312 0.4151
0.0715 0.0604 0.4933
0.0062 0.0665 0.6424
0.0017 -0.0453 0.7406
0.0082 -0.1056 0.7542
0.0112 -0.1876 0.7262
0.0085 -0.1810 0.7026
0.0855 -0.1503 0.6756
0.1767 -0.2138 0.6292
0.1809 -0.2114 0.5991
0.1833 -0.1112 0.6015
0.2790 -0.0145 0.7220
0.3229 -0.0061 0.7957
0.3131 -0.1293 0.8994
0.3201 -0.3006 0.8884
0.3688 -0.3347 0.8618
0.4413 -0.2697 0.8546
0.4882 -0.0785 0.9023
0.5123 0.0068 0.9611
0.5201 0.0429 1.1141
0.4908 0.0068 1.2275
0.5058 -0.0393 1.2486
0.5965 0.0073 1.2468
0.7490 0.1255 1.2717
0.7797 0.1867 1.3116
0.7618 0.2819 1.4043
0.7317 0.2865 1.4548
0.6974 0.2501 1.4371
0.5752 0.1278 1.3545
0.4197 0.1047 1.2939
0.3386 0.2353 1.2897
0.1810 0.7493 1.2713
0.1244 0.9826 1.2438
-0.0887 1.4513 1.1830
-0.3489 1.8095 1.2457
-0.4065 1.8646 1.3326
-0.3349 1.4683 1.4936
-0.0964 0.7886 1.4587
-0.0081 0.6251 1.2474
-0.0859 0.7730 0.9531
-0.4119 1.5244 0.9013
-0.5733 1.6782 0.9423
-0.8357 1.6057 1.1163
-0.9951 1.2368 1.4786
-1.0415 1.1572 1.7162
-0.9955 1.1395 2.1610
-0.6869 1.1070 2.2811
-0.4329 1.2083 2.2502
0.2348 1.3307 2.1704
0.7301 1.4537 2.2334
0.6439 1.4945 2.2896
0.0522 1.2892 2.2199
-0.1515 0.8943 1.8616
-0.0581 0.7742 1.7011
0.3492 0.5817 1.5134
0.5134 0.6812 1.3350
0.4648 0.7717 1.2629
0.3106 0.9276 1.2944
0.2821 0.9603 1.3557
0.3534 0.6537 1.3627
0.4115 0.2384 1.1906
0.3938 0.1295 1.0831
0.2548 0.1168 0.9491
0.2392 0.1788 0.9812
0.3220 0.1982 1.0314
0.6037 0.3184 0.9881
0.7777 0.3396 0.8387
0.7641 0.3626 0.7790
0.7485 0.4596 0.6736
0.7093 0.7101 0.6502
0.6674 0.8258 0.6634
0.3984 1.0625 0.7890
0.0227 1.2714 0.9958
-0.1352 1.2857 1.1446
-0.3810 1.1229 1.4649
-0.4592 0.8610 1.5998
-0.4231 0.7623 1.5250
-0.1640 0.4092 1.0777
-0.3768 0.4834 0.5984
-0.3722 0.3447 0.5961
-0.2884 0.6445 0.9377
-0.2651 0.8120 1.2551
-0.3105 0.8046 1.2172
-0.3700 0.7631 0.9156
-0.1693 0.7633 0.9627
-0.0437 0.7498 1.0191
0.0847 0.5841 1.0292
0.0854 0.4741 1.0057
0.0480 0.2919 0.9474
0.0908 0.2690 0.8416
0.0892 0.2956 0.7459
-0.0380 0.2845 0.6015
-0.1303 0.1929 0.5860
-0.1321 0.1555 0.5573
-0.1875 0.1274 0.4352
-0.1615 0.2319 0.3916
-0.0906 0.2648 0.3688
0.0762 0.1941 0.2716
0.1417 0.0767 0.1634
0.1603 0.0538 0.1060
0.1716 0.0626 0.0017
0.1641 0.1113 -0.0965
0.0955 0.0956 -0.1316
-0.0644 -0.0539 -0.1777
-0.0852 -0.2819 -0.2172
-0.0414 -0.3900 -0.2232
-0.0015 -0.5074 -0.2075
-0.0664 -0.4823 -0.2565
-0.0635 -0.4616 -0.2953
0.0252 -0.5534 -0.3224
0.0233 -0.5818 -0.3669
0.0225 -0.5829 -0.4035
0.0650 -0.5302 -0.4554
0.1557 -0.4151 -0.5094
0.1556 -0.3450 -0.5476
0.0084 -0.3140 -0.6156
-0.0759 -0.2912 -0.6388
-0.1705 -0.2529 -0.6538
-0.1641 -0.2554 -0.6124
-0.0869 -0.2934 -0.6145
0.0295 -0.4157 -0.6446
0.0936 -0.4448 -0.6593
0.0836 -0.3682 -0.6802
0.0284 -0.3532 -0.6694
-0.0173 -0.2711 -0.5912
-0.0312 -0.2040 -0.5709
-0.0889 -0.1297 -0.5467
-0.2079 -0.1974 -0.5583
-0.2750 -0.2268 -0.5616
-0.4696 -0.2882 -0.5780
-0.6108 -0.2494 -0.6153
-0.6456 -0.1863 -0.5920
-0.5631 0.0106 -0.4601
-0.2333 0.1074 -0.2869
-0.0431 0.1342 -0.1477
0.0806 0.0862 -0.0382
-0.0458 0.0868 0.0364
-0.0421 0.0510 0.0839
-0.0548 0.0116 0.1708
-0.0438 0.0328 0.2251
-0.0464 0.0179 0.2471
-0.1033 -0.1060 0.2366
-0.1143 -0.1905 0.2303
-0.0044 -0.2331 0.2131
0.0786 -0.1323 0.1966
0.0374 -0.0927 0.1786
-0.0557 0.0295 0.2210
-0.1156 0.0682 0.2419
-0.1420 0.0913 0.2558
-0.1340 0.1540 0.2435
-0.0246 0.2074 0.2461
0.0258 0.2371 0.2646
0.0669 0.1456 0.2574
0.0448 0.0147 0.2424
0.0295 -0.0348 0.2374
0.0390 -0.1045 0.1971
0.0684 -0.1837 0.1491
0.0610 -0.2227 0.1246
-0.0313 -0.1808 0.1301
-0.1145 -0.0677 0.1452
-0.1128 -0.0314 0.1574
-0.0541 0.0447 0.1934
-0.0918 -0.0725 0.2032
-0.0447 -0.1160 0.1932
-0.0067 -0.1546 0.1656
-0.0974 -0.1395 0.1377
-0.1501 -0.1231 0.1213
-0.1375 -0.0773 0.1080
-0.0940 -0.0525 0.1065
-0.0266 0.0169 0.0776
-0.0291 0.0621 0.0375
-0.0677 0.0284 0.0293
-0.1089 -0.0011 0.0264
-0.1310 0.0565 0.0355
-0.1082 0.0926 0.0452
-0.0714 0.1056 0.0589
-0.0600 0.0880 0.0522
-0.0659 0.0752 0.0484
-0.0955 0.0679 0.0400
-0.0947 0.0885 0.0388
-0.0951 0.0903 0.0378
-0.1050 0.0826 0.0554
-0.1332 0.0858 0.0438
-0.1469 0.0857 0.0277
-0.0792 0.0955 0.0221
-0.0104 0.1197 0.0244
-0.0253 0.1094 0.0194
-0.0541 0.0692 0.0012
-0.0510 0.0387 -0.0060
-0.0554 0.0436 -0.0040
-0.0362 0.0640 -0.0046
-0.0412 0.0577 0.0072
-0.0292 0.0342 0.0062
0.0304 -0.0158 -0.0150
0.0428 -0.0095 -0.0111
0.0110 0.0228 0.0014
-0.0244 0.0615 -0.0013
-0.0390 0.0718 -0.0073
-0.0310 0.0516 -0.0294
0.0462 0.0345 -0.0203
0.0709 0.0288 -0.0099
0.0311 0.0044 -0.0018
-0.0558 -0.0355 0.0065
-0.0721 -0.0275 -0.0047
-0.0290 -0.0294 -0.0018
0.0419 -0.0078 -0.0055
0.0523 0.0106 0.0088
0.0132 0.0134 0.0024
-0.0085 -0.0138 -0.0030
0.0056 -0.0068 -0.0041
0.0411 -0.0187 0.0096
0.0194 -0.0204 0.0046
-0.0037 -0.0161 0.0094
-0.0247 -0.0194 0.0108
-0.0126 -0.0469 -0.0057
0.0055 -0.0388 -0.0058
0.0353 -0.0103 -0.0023
-0.0091 0.0173 -0.0004
-0.0348 0.0150 -0.0032
-0.0035 -0.0342 -0.0166
0.0971 -0.0405 -0.0017
0.0897 -0.0403 -0.0052
0.0376 -0.0168 0.0055
0.0119 0.0036 0.0023
0.0017 0.0275 -0.0152
-0.0045 0.0173 -0.0141
0.0029 0.0201 -0.0092
0.0172 0.0255 0.0006
0.0273 0.0150 0.0075
0.0479 -0.0653 0.0153
0.0301 0.0199 0.0226
0.0086 0.0335 0.0108
0.0019 0.0591 0.0108
-0.0152 0.0655 0.0029
0.0335 0.0370 0.0249
0.0478 0.0023 0.0113

