0.0000 0.0000 0.0000
0.0000 0.0000 0.0000
0.0000 0.0000 0.0000
0.0000 0.0000 0.0000
0.0000 0.0000 0.0000
0.0000 0.0000 0.0000
0.0000 0.0000 0.0000
0.0000 0.0000 0.0000
0.0000 0.0000 0.0000
0.0000 0.0000 0.0000
0.0000 0.0000 0.0000
0.0000 0.0000 0.0000
0.0890 -0.4217 -0.8770
0.0657 -0.4208 -0.9011
0.0648 -0.3806 -0.9784
0.0478 -0.3178 -1.0889
0.0478 -0.3178 -1.0889
0.0079 -0.2538 -1.1020
0.0390 -0.2492 -1.0269
0.1569 -0.3559 -0.7745
0.1372 -0.3877 -0.7031
0.1372 -0.3877 -0.7031
0.0625 -0.4309 -0.7401
-0.0473 -0.4449 -0.8613
-0.1404 -0.4301 -1.0225
-0.1906 -0.4208 -1.1167
-0.1835 -0.4164 -1.0986
-0.1835 -0.4164 -1.0986
-0.1209 -0.4559 -1.0236
-0.0797 -0.4928 -0.9457
-0.0618 -0.4892 -0.8888
-0.0579 -0.4714 -0.8887
-0.0519 -0.4430 -0.8930
-0.0519 -0.4430 -0.8930
-0.0146 -0.4202 -0.9155
0.0261 -0.4266 -0.9249
0.0376 -0.4149 -0.9748
0.0017 -0.3936 -0.9774
0.0017 -0.3936 -0.9774
-0.0020 -0.3754 -0.9884
0.0307 -0.4027 -0.9534
0.0428 -0.4178 -0.9465
-0.0090 -0.4397 -0.8828
-0.0109 -0.4326 -0.8575
-0.0109 -0.4326 -0.8575
0.0088 -0.4797 -0.8352
0.0163 -0.4972 -0.8116
0.0045 -0.4986 -0.8321
0.0052 -0.5059 -0.8107
0.0210 -0.5131 -0.8115
0.0210 -0.5131 -0.8115
0.0326 -0.5198 -0.8080
0.0158 -0.5057 -0.8284
-0.0164 -0.4993 -0.8510
-0.0354 -0.4952 -0.8861
-0.0331 -0.5069 -0.8788
-0.0331 -0.5069 -0.8788
0.0187 -0.5049 -0.8587
0.0560 -0.5272 -0.8077
0.0701 -0.5500 -0.7759
0.0615 -0.5866 -0.7255
0.0615 -0.5866 -0.7255
0.0401 -0.6180 -0.7069
0.0270 -0.6348 -0.7010
0.0176 -0.6367 -0.7071
0.0047 -0.6263 -0.7189
-0.0466 -0.5982 -0.7263
-0.0466 -0.5982 -0.7263
-0.0368 -0.6634 -0.9409
0.0015 -0.6829 -0.7545
0.0388 -0.6599 -0.7320
0.0477 -0.6576 -0.8286
0.0523 -0.6598 -0.8064
0.0523 -0.6598 -0.8064
0.0378 -0.6649 -0.7818
0.0404 -0.6609 -0.7404
0.0180 -0.6636 -0.7092
0.0049 -0.6552 -0.7383
0.0170 -0.6424 -0.7478
0.0170 -0.6424 -0.7478
0.0206 -0.6394 -0.7394
0.0037 -0.6408 -0.6984
-0.0123 -0.6476 -0.6633
-0.0288 -0.6783 -0.6267
-0.0302 -0.6601 -0.6727
-0.0302 -0.6601 -0.6727
-0.0076 -0.6522 -0.7095
-0.0040 -0.6923 -0.7135
0.0108 -0.7110 -0.6777
0.0292 -0.7050 -0.7141
0.0292 -0.7050 -0.7141
0.0284 -0.7023 -0.7144
0.0318 -0.6999 -0.6812
0.0364 -0.6992 -0.6619
0.0508 -0.7311 -0.6050
0.0229 -0.7120 -0.6540
0.0229 -0.7120 -0.6540
0.0084 -0.7171 -0.6933
-0.0039 -0.7663 -0.6505
-0.0089 -0.7719 -0.6466
0.0042 -0.7822 -0.6306
0.0188 -0.7881 -0.6183
-0.0302 -0.8159 -0.6346
-0.0507 -0.8699 -0.6884
-0.0377 -0.8934 -0.6693
-0.0201 -0.9445 -0.6301
-0.0090 -0.9400 -0.5970
-0.0090 -0.9400 -0.5970
0.0206 -0.9185 -0.5819
0.0358 -0.8927 -0.5545
0.0300 -0.8407 -0.5386
0.0169 -0.7840 -0.5570
0.0507 -0.7599 -0.6425
0.0507 -0.7599 -0.6425
0.0607 -0.6772 -0.6973
0.0943 -0.6494 -0.6956
0.1006 -0.6719 -0.6474
0.0545 -0.6707 -0.5606
0.0545 -0.6707 -0.5606
0.0276 -0.6809 -0.5435
0.0591 -0.6785 -0.5767
0.0721 -0.6596 -0.6698
0.0726 -0.6672 -0.6667
0.0434 -0.6450 -0.6744
0.0434 -0.6450 -0.6744
0.0397 -0.6492 -0.6396
0.0252 -0.6706 -0.6228
0.0170 -0.6759 -0.6122
0.0145 -0.6679 -0.6525
0.0226 -0.6539 -0.6600
0.0226 -0.6539 -0.6600
0.0440 -0.6512 -0.6511
0.0245 -0.6607 -0.6163
-0.0024 -0.6749 -0.6199
-0.0101 -0.6646 -0.6467
-0.0047 -0.6793 -0.6541
-0.0047 -0.6793 -0.6541
-0.0171 -0.6919 -0.6629
-0.0208 -0.7064 -0.6494
-0.0182 -0.7262 -0.6560
-0.0154 -0.7164 -0.6522
-0.0154 -0.7164 -0.6522
-0.0135 -0.7203 -0.6346
0.0061 -0.7444 -0.6331
0.0314 -0.7377 -0.6399
0.0453 -0.7284 -0.6444
0.0333 -0.7436 -0.6561
0.0333 -0.7436 -0.6561
0.0430 -0.7306 -0.6828
0.0406 -0.7318 -0.6932
0.0435 -0.7222 -0.6760
0.0495 -0.7305 -0.6757
0.0538 -0.7584 -0.6664
0.0542 -0.7563 -0.6707
0.0427 -0.7488 -0.6819
0.0445 -0.7385 -0.6918
0.0521 -0.7356 -0.6838
0.0604 -0.7368 -0.6783
0.0604 -0.7368 -0.6783
0.0566 -0.7401 -0.6599
0.0500 -0.7432 -0.6556
0.0366 -0.7458 -0.6517
0.0378 -0.7441 -0.6581
0.0425 -0.7477 -0.6451
0.0425 -0.7477 -0.6451
0.0271 -0.7717 -0.6240
0.0156 -0.7779 -0.6032
0.0136 -0.7833 -0.5958
0.0045 -0.7848 -0.5800
0.0045 -0.7848 -0.5800
0.0140 -0.7932 -0.5778
0.0137 -0.7991 -0.5829
-0.0026 -0.7901 -0.5764
0.0011 -0.7977 -0.5725
-0.0098 -0.7946 -0.5560
-0.0098 -0.7946 -0.5560
-0.0040 -0.8047 -0.5543
-0.0146 -0.8051 -0.5500
-0.0145 -0.8049 -0.5516
-0.0013 -0.8109 -0.5503
-0.0065 -0.8120 -0.5429
-0.0065 -0.8120 -0.5429
-0.0013 -0.8114 -0.5401
0.0105 -0.8200 -0.5451
0.0115 -0.8142 -0.5555
0.0047 -0.8174 -0.5615
-0.0022 -0.8200 -0.5450
-0.0022 -0.8200 -0.5450
-0.0026 -0.8240 -0.5407
0.0062 -0.8220 -0.5450
0.0089 -0.8238 -0.5542
-0.0038 -0.8236 -0.5497
-0.0066 -0.8214 -0.5457
-0.0066 -0.8214 -0.5457
0.0045 -0.8223 -0.5509
0.0050 -0.8236 -0.5602
-0.0067 -0.8307 -0.5654
0.0017 -0.8284 -0.5585
0.0017 -0.8284 -0.5585
0.0062 -0.8301 -0.5563
0.0123 -0.8314 -0.5445
0.0302 -0.8319 -0.5525
0.0328 -0.8173 -0.5478
0.0215 -0.8191 -0.5451
0.0215 -0.8191 -0.5451
0.0165 -0.8214 -0.5436
0.0202 -0.8154 -0.5351
0.0208 -0.8269 -0.5520
0.0289 -0.8177 -0.5651
0.0269 -0.8117 -0.5571
0.0269 -0.8117 -0.5571
0.0298 -0.8217 -0.5520
0.0212 -0.8127 -0.5457
0.0127 -0.8206 -0.5444
0.0145 -0.8231 -0.5535
0.0264 -0.8221 -0.5612
0.0264 -0.8221 -0.5612
0.0264 -0.8198 -0.5538
0.0245 -0.8212 -0.5469
0.0206 -0.8251 -0.5517
0.0168 -0.8215 -0.5479
0.0214 -0.8195 -0.5468
0.0214 -0.8195 -0.5468
0.0189 -0.8269 -0.5472
0.0185 -0.8255 -0.5491
0.0198 -0.8227 -0.5423
0.0175 -0.8250 -0.5505
0.0175 -0.8250 -0.5505
0.0226 -0.8298 -0.5480
0.0204 -0.8262 -0.5584
0.0181 -0.8345 -0.5467
0.0099 -0.8311 -0.5429
0.0212 -0.8300 -0.5492
0.0212 -0.8300 -0.5492
0.0183 -0.8284 -0.5399
0.0184 -0.8253 -0.5356
0.0305 -0.8182 -0.5333
0.0258 -0.8210 -0.5397
0.0178 -0.8251 -0.5319
0.0178 -0.8251 -0.5319
0.0186 -0.8270 -0.5400
0.0226 -0.8214 -0.5450
0.0209 -0.8244 -0.5454
0.0254 -0.8269 -0.5454
0.0351 -0.8328 -0.5445
0.0351 -0.8328 -0.5445
0.0305 -0.8296 -0.5478
0.0214 -0.8283 -0.5496
0.0308 -0.8210 -0.5523
0.0361 -0.8281 -0.5393
0.0361 -0.8281 -0.5393
0.0262 -0.8233 -0.5351
0.0145 -0.8246 -0.5298
0.0131 -0.8200 -0.5252
0.0235 -0.8286 -0.5340
0.0281 -0.8263 -0.5327
0.0281 -0.8263 -0.5327
0.0228 -0.8181 -0.5414
0.0253 -0.8187 -0.5341
0.0253 -0.8267 -0.5349
0.0313 -0.8263 -0.5464
0.0407 -0.8214 -0.5573
0.0407 -0.8214 -0.5573
0.0405 -0.8251 -0.5564
0.0289 -0.8238 -0.5387
0.0267 -0.8255 -0.5356
0.0252 -0.8296 -0.5336
0.0168 -0.8269 -0.5341
0.0168 -0.8269 -0.5341
0.0121 -0.8309 -0.5338
0.0164 -0.8329 -0.5292
0.0140 -0.8356 -0.5349
0.0178 -0.8267 -0.5367
0.0191 -0.8247 -0.5370
0.0191 -0.8247 -0.5370
0.0390 -0.8258 -0.5283
0.0276 -0.8265 -0.5263
0.0181 -0.8258 -0.5303
0.0309 -0.8170 -0.5354
0.0309 -0.8170 -0.5354
0.0317 -0.8300 -0.5477
0.0208 -0.8194 -0.5441
0.0274 -0.8309 -0.5504
0.0303 -0.8313 -0.5486
0.0276 -0.8280 -0.5504

