0.0596 -0.0196 0.0191
0.0649 0.0196 0.0228
0.0623 0.0576 -0.0004
0.0483 0.0152 0.0013
0.0464 0.0002 0.0093
0.0471 -0.0108 0.0062
0.0375 -0.0010 0.0099
0.0294 0.0049 0.0165
0.0374 -0.0137 0.0344
0.0409 -0.0028 0.0211
0.0315 -0.0204 0.0063
0.0121 -0.0256 -0.0103
0.0112 -0.0235 -0.0042
0.0178 -0.0201 0.0072
0.0228 -0.0156 0.0197
-0.0016 0.0011 0.0010
-0.0058 0.0018 -0.0142
0.0178 -0.0114 -0.0076
0.0388 -0.0098 0.0325
0.0237 0.0024 0.0285
-0.0204 0.0181 0.0074
-0.0215 0.0132 0.0002
0.0220 -0.0223 -0.0036
0.0404 -0.0085 -0.0062
0.0331 0.0149 -0.0030
-0.0025 0.0335 0.0025
0.0022 0.0092 0.0104
0.0183 0.0081 -0.0002
0.0417 0.0253 -0.0080
0.0393 0.0021 0.0014
0.0286 -0.0081 0.0066
0.0032 -0.0106 -0.0190
0.0040 0.0027 -0.0192
0.0099 0.0057 -0.0151
0.0305 -0.0136 0.0072
0.0225 -0.0090 0.0096
-0.0008 0.0028 -0.0062
-0.0506 0.0024 -0.0244
-0.0424 0.0111 -0.0168
-0.0217 0.0009 -0.0174
0.0176 -0.0211 0.0108
0.0015 -0.0352 0.0221
-0.0037 -0.0204 0.0109
-0.0003 -0.0377 -0.0106
0.0272 -0.0096 -0.0030
0.0263 0.0088 -0.0028
0.0158 0.0088 -0.0008
0.0076 -0.0261 -0.0070
0.0002 -0.0368 -0.0099
-0.0013 0.0250 -0.0075
0.0072 0.0406 -0.0003
0.0338 0.0035 0.0210
0.0276 -0.0287 0.0291
0.0088 -0.0128 0.0165
0.0018 0.0268 -0.0215
0.0286 0.0244 -0.0156
0.0344 0.0143 -0.0045
0.0098 -0.0017 0.0074
-0.0167 0.0168 -0.0244
-0.0117 0.0387 -0.0342
0.0304 0.0550 -0.0103
0.0391 0.0102 0.0178
0.0269 0.0232 0.0257
0.0338 0.0199 0.0301
0.0186 -0.0239 -0.0192
0.0014 -0.0195 -0.0198
-0.0122 0.0244 -0.0204
0.0138 0.0182 -0.0067
0.0281 0.0111 0.0005
0.0364 0.0130 -0.0145
0.0393 0.0138 -0.0018
0.0274 0.0149 0.0149
0.0303 0.0141 0.0432
0.0546 -0.0028 0.0197
0.0508 -0.0149 0.0158
0.0244 0.0016 0.0192
0.0273 0.0346 0.0107
0.0358 0.0243 0.0048
0.0365 0.0131 0.0021
0.0254 0.0057 0.0109
-0.0055 -0.0347 0.0321
-0.0115 -0.0339 0.0345
-0.0026 -0.0237 0.0183
0.0262 0.0279 -0.0128
0.0438 0.0272 -0.0275
0.0429 0.0069 -0.0204
0.0336 0.0010 -0.0039
0.0112 0.0085 -0.0022
0.0077 0.0004 -0.0065
0.0089 -0.0092 -0.0234
0.0413 0.0182 -0.0018
0.0482 0.0149 0.0133
0.0259 0.0074 0.0299
0.0100 0.0098 -0.0083
0.0062 0.0140 -0.0257
0.0070 0.0059 -0.0233
-0.0048 0.0015 -0.0074
-0.0177 0.0101 -0.0048
-0.0180 0.0139 -0.0014
-0.0066 0.0013 -0.0218
-0.0001 -0.0061 -0.0243
0.0180 0.0129 -0.0097
0.0276 0.0067 -0.0016
0.0142 -0.0039 -0.0014
-0.0122 -0.0001 -0.0138
-0.0140 0.0152 -0.0130
0.0117 0.0293 -0.0010
0.0303 0.0209 0.0077
0.0356 0.0069 0.0121
0.0299 0.0033 0.0026
0.0356 0.0495 -0.0007
0.0326 0.0602 -0.0018
0.0416 0.0610 0.0044
0.0448 0.0696 0.0034
0.0476 0.0616 -0.0014
0.0601 0.0104 -0.0171
0.0037 -0.0191 0.0075
-0.0254 -0.0057 0.0165
-0.0413 0.0232 0.0088
-0.0299 -0.0021 -0.0001
-0.0242 -0.0198 -0.0041
-0.0094 0.0018 -0.0024
-0.0101 0.0391 0.0370
-0.0108 0.0409 0.0392
0.0100 0.0390 0.0085
0.0378 0.0469 -0.0058
0.0371 0.0345 0.0002
0.0295 0.0152 0.0118
0.0384 0.0027 0.0179
0.0499 -0.0020 0.0264
0.0760 0.0274 0.0243
0.0733 0.0162 0.0173
0.0354 0.0087 -0.0073
0.0101 -0.0159 -0.0140
0.0150 0.0014 -0.0055
0.0308 0.0110 0.0058
0.0283 0.0213 0.0115
0.0238 0.0271 0.0100
0.0129 0.0035 0.0020
0.0162 0.0088 0.0028
0.0208 0.0222 0.0012
0.0278 0.0204 -0.0123
0.0378 0.0060 -0.0080
0.0336 0.0043 -0.0066
0.0096 0.0240 -0.0061
-0.0005 0.0101 0.0107
0.0058 -0.0200 0.0165
0.0194 -0.0157 0.0082
0.0057 0.0026 -0.0044
0.0003 0.0180 -0.0061
0.0042 0.0243 0.0057
0.0244 0.0072 0.0157
0.0307 -0.0035 0.0149
0.0170 -0.0091 -0.0016
-0.0083 0.0104 -0.0053
-0.0149 0.0158 -0.0053
-0.0027 0.0062 -0.0142
0.0170 -0.0076 -0.0221
0.0105 0.0067 -0.0269
0.0054 0.0329 -0.0128
0.0046 0.0490 -0.0153
0.0114 0.0375 -0.0142
0.0156 -0.0061 -0.0047
0.0100 -0.0100 -0.0039
-0.0079 0.0347 0.0014
0.0190 0.0430 0.0133
0.0347 0.0347 0.0087
0.0329 0.0092 -0.0023
0.0294 0.0316 0.0085
0.0214 0.0391 0.0034
0.0091 0.0309 -0.0078
-0.0016 0.0211 -0.0182
-0.0013 0.0373 -0.0204
-0.0012 0.0448 -0.0129
0.0049 0.0201 0.0117
-0.0035 0.0066 0.0163
-0.0340 0.0117 0.0279
-0.0252 0.0292 0.0466
-0.0138 0.0342 0.0484
-0.0025 0.0129 0.0528
-0.0056 0.0132 0.0404
-0.0104 -0.0030 0.0295
-0.0159 -0.0068 0.0180
-0.0178 0.0181 0.0065
-0.0186 0.0335 0.0035
-0.0167 0.0295 -0.0100
-0.0221 0.0172 -0.0222
-0.0208 -0.0103 -0.0095
0.0056 0.0145 0.0096
0.0100 0.0169 0.0192
0.0006 0.0189 0.0049
-0.0053 0.0001 -0.0234
-0.0043 0.0001 -0.0305
-0.0063 0.0003 -0.0134
-0.0016 -0.0043 0.0077
0.0062 0.0203 0.0164
0.0457 0.0614 0.0071
0.0755 0.0111 -0.0188
0.0561 -0.0009 -0.0223
-0.0025 -0.0003 -0.0088
-0.0172 -0.0103 0.0200
-0.0177 0.0048 0.0233
-0.0021 0.0354 0.0021
0.0016 -0.0100 -0.0106
0.0090 -0.0276 -0.0125
0.0643 0.0133 0.0332
0.0622 0.0142 0.0336
0.0357 0.0249 0.0202
0.0158 0.0309 0.0154
0.0228 0.0248 0.0192
0.0524 0.0175 -0.0022
0.0543 0.0174 -0.0109
0.0248 -0.0140 -0.0057
-0.0128 0.0012 -0.0046
-0.0079 0.0245 -0.0045
0.0208 0.0342 0.0016
0.0304 0.0099 -0.0100
0.0237 -0.0102 -0.0129
0.0099 0.0133 -0.0025
0.0192 0.0371 0.0232
0.0248 0.0250 0.0327
0.0112 0.0093 0.0206
0.0063 0.0043 0.0112
0.0094 0.0049 0.0106
0.0290 0.0209 0.0065
0.0160 0.0216 -0.0058
0.0037 0.0118 -0.0188
-0.0101 0.0180 -0.0166
-0.0024 0.0226 0.0001
-0.0067 0.0507 0.0045
0.0653 0.0287 0.0151
0.0729 -0.0491 -0.0061
0.0372 -0.0576 0.0135
-0.0545 -0.0126 0.0146
-0.0772 0.0252 0.0149
-0.0517 0.0383 0.0179
0.0161 0.0014 0.0075
0.0359 -0.0513 0.0095
-0.0070 -0.0342 0.0265
-0.0597 0.0364 0.0272
-0.0228 0.0432 0.0096
0.0647 0.0011 -0.0045
0.0565 -0.0170 0.0368
0.0242 -0.0029 0.0416
-0.0299 0.0154 0.0145
-0.0017 0.0014 0.0096
0.0155 0.0038 0.0052
0.0229 -0.0181 0.0130
0.0182 0.0006 0.0176
0.0272 -0.0005 0.0174
0.0441 -0.0009 0.0273
0.0264 0.0025 0.0337
0.0157 0.0143 0.0270
0.0135 0.0096 -0.0031
0.0348 0.0032 -0.0062
0.0431 0.0025 -0.0043
0.0418 -0.0156 -0.0001
0.0419 -0.0285 0.0109
0.0381 -0.0246 0.0057
0.0133 0.0100 -0.0118
0.0064 0.0317 -0.0100
0.0130 0.0259 0.0023
0.0527 -0.0101 0.0155
0.0580 0.0047 -0.0025
0.0440 0.0100 -0.0091
0.0209 0.0027 0.0057
0.0128 0.0023 0.0093
0.0144 0.0305 0.0132
0.0151 0.0184 0.0097
0.0118 -0.0022 0.0091
-0.0091 -0.0159 0.0064
-0.0305 -0.0118 0.0108
-0.0431 -0.0029 0.0131
-0.0519 0.0505 0.0333
-0.0540 0.0336 0.0504
-0.0567 0.0068 0.0459
-0.0409 -0.0245 0.0379
-0.0077 0.0116 0.0386
0.0028 0.0333 0.0392
-0.0151 0.0351 0.0429
-0.0550 0.0491 0.0139
-0.0777 0.0670 -0.0039
-0.1124 0.0412 -0.0090
-0.1449 -0.0293 -0.0113
-0.1642 -0.0553 -0.0171
-0.2036 -0.1236 -0.0424
-0.2004 -0.1342 -0.0167
-0.1676 -0.0917 0.0206
-0.1170 -0.0327 0.0956
-0.1709 -0.0815 0.1305
-0.2437 -0.0940 0.1270
-0.4137 0.0377 0.1206
-0.5166 0.2374 0.1686
-0.5350 0.3429 0.1906
-0.5465 0.5213 0.1869
-0.5393 0.6136 0.1849
-0.5058 0.6576 0.2213
-0.5027 0.6090 0.2884
-0.5000 0.5864 0.3155
-0.5031 0.5836 0.3412
-0.5082 0.6653 0.3245
-0.4965 0.6716 0.3181
-0.4457 0.5995 0.3136
-0.4255 0.5471 0.3516
-0.4203 0.5528 0.3812
-0.4648 0.5343 0.4132
-0.5955 0.4222 0.4105
-0.6635 0.4009 0.4219
-0.7573 0.4803 0.4688
-0.7253 0.6414 0.5128
-0.6408 0.6791 0.5277
-0.4303 0.6006 0.5739
-0.3167 0.4323 0.6026
-0.3101 0.3743 0.5751
-0.3559 0.3177 0.4340
-0.4313 0.2982 0.3062
-0.4427 0.2802 0.2888
-0.3980 0.2326 0.3050
-0.3544 0.1632 0.2847
-0.3307 0.1375 0.2556
-0.1756 0.0399 0.1602
-0.0650 -0.0373 0.0863
0.0821 -0.1985 -0.0782
0.2187 -0.2754 -0.1103
0.2477 -0.2779 -0.1065
0.2457 -0.1886 -0.1112
0.2078 -0.1889 -0.2042
0.1885 -0.2753 -0.2587
0.2151 -0.5899 -0.2889
0.3886 -0.7428 -0.1897
0.5271 -0.6789 -0.1099
0.7510 -0.4528 0.0446
0.7601 -0.2236 0.1417
0.6869 -0.1579 0.1578
0.4787 -0.2331 0.0782
0.3984 -0.4603 -0.1210
0.4523 -0.5829 -0.2401
0.6230 -0.6828 -0.4343
0.6541 -0.6949 -0.4978
0.6288 -0.6831 -0.4705
0.5239 -0.6807 -0.3565
0.3238 -0.7180 -0.2932
0.2196 -0.6946 -0.2798
0.1222 -0.6053 -0.2847
0.1566 -0.5153 -0.3111
0.1859 -0.4358 -0.3025
0.2172 -0.3651 -0.2572
0.2113 -0.3802 -0.2373
0.1985 -0.3770 -0.2008
0.1814 -0.2955 -0.1754
0.2225 -0.2130 -0.1927
0.2571 -0.2033 -0.2136
0.2628 -0.2173 -0.2195
0.2366 -0.2231 -0.2097
0.1618 -0.2577 -0.2019
0.1374 -0.2250 -0.2300
0.1349 -0.2000 -0.2482
0.1437 -0.1698 -0.2313
0.1312 -0.1293 -0.1450
0.1362 -0.1192 -0.0952
0.1487 -0.0736 -0.0557
0.1247 -0.0063 -0.1024
0.1082 0.0244 -0.1284
0.0857 -0.0444 -0.1455
0.0928 -0.1174 -0.1308
0.1279 -0.1105 -0.1078
0.2110 -0.0902 -0.0645
0.2213 -0.0403 -0.0731
0.2020 -0.0233 -0.0858
0.1869 -0.0447 -0.0893
0.2031 -0.0692 -0.0649
0.1843 -0.0959 -0.0752
0.1340 -0.0404 -0.0803
0.1115 -0.0077 -0.0696
0.0803 0.0935 -0.0473
0.0607 0.1230 -0.0448
0.0493 0.1282 -0.0082
0.0692 0.1113 -0.0029
0.0673 0.1229 -0.0117
0.0768 0.3609 -0.0252
-0.0449 0.0894 -0.0844
-0.0635 0.0448 0.0011
0.0453 0.1255 0.0150
0.2226 0.1247 -0.0463
0.2424 0.0502 -0.0280
0.0645 -0.0891 0.1002
-0.0059 -0.0158 0.0902
0.0272 0.0463 0.0924
0.1181 -0.0014 0.0679
0.1196 0.0102 0.0534
0.0333 -0.0033 0.0634
-0.0386 0.0172 0.0486
-0.0432 0.0556 0.0286
0.0022 0.0838 0.0266
0.0279 0.0594 0.0697
0.0100 0.0502 0.0765
-0.0591 0.0645 0.0704
-0.0962 0.0796 0.0690
-0.0882 0.0854 0.0574
-0.0836 0.0870 0.0280
-0.1147 0.1391 0.0098
-0.1353 0.1489 0.0154
-0.1515 0.1673 0.0409
-0.1644 0.1565 0.0498
-0.1980 0.1511 0.0938
-0.2045 0.1651 0.1473
-0.1932 0.1776 0.1696
-0.1258 0.2127 0.2085
-0.0339 0.2728 0.2373
-0.0243 0.3134 0.2374
-0.0988 0.3922 0.2161
-0.2326 0.4046 0.1618
-0.2925 0.3782 0.1422
-0.3861 0.3501 0.1015
-0.4348 0.3992 0.1240
-0.4405 0.4282 0.1663
-0.4402 0.5019 0.2644
-0.4592 0.5044 0.3559
-0.4603 0.4978 0.3991
-0.4029 0.4376 0.4932
-0.3171 0.3995 0.5749
-0.2917 0.4054 0.5987
-0.2986 0.4528 0.6167
-0.3320 0.4931 0.6229
-0.3401 0.5006 0.6270
-0.3200 0.5099 0.6330
-0.3011 0.5250 0.6238
-0.2547 0.5823 0.6131
-0.2446 0.6345 0.6083
-0.2482 0.6571 0.6166
-0.2628 0.6948 0.6344
-0.2512 0.6902 0.6804
-0.2365 0.6893 0.7029
-0.2238 0.6804 0.7212
-0.2309 0.6801 0.7452
-0.2345 0.6594 0.7734
-0.2359 0.6280 0.8652
-0.2812 0.6026 0.9803
-0.3201 0.5930 1.0456
-0.3726 0.6228 1.1676
-0.3486 0.7429 1.2464
-0.3256 0.8099 1.2623
-0.3087 1.0197 1.3193
-0.4238 1.1507 1.4085
-0.5280 1.1122 1.4610
-0.7418 0.9302 1.5970
-0.9606 0.6802 1.6443
-1.0832 0.5314 1.5967
-1.3162 0.2784 1.3815
-1.4409 0.2162 1.0351
-1.4112 0.2950 0.8459
-1.1502 0.5609 0.5687
-0.6754 0.9829 0.5196
-0.4493 1.1472 0.5630
-0.1904 1.0884 0.6432
-0.1931 0.7320 0.6190
-0.1494 0.4332 0.4959
-0.0959 0.3976 0.4150
-0.0259 0.4707 0.2591
-0.0695 0.6217 0.1800
-0.0946 0.6847 0.1943
-0.1293 0.7009 0.3045
-0.1352 0.5477 0.4907
-0.1264 0.4698 0.5844
-0.1420 0.3546 0.6986
-0.2228 0.2445 0.6925
-0.2654 0.2076 0.6645
-0.3469 0.0849 0.5546
-0.3211 0.0637 0.4273
-0.2985 0.0772 0.3609
-0.2840 0.0867 0.2709
-0.2754 0.1480 0.2339
-0.2667 0.1609 0.2250
-0.2206 0.1491 0.2340
-0.1267 0.1008 0.2702
-0.0616 0.0735 0.2887
0.0788 0.0441 0.3268
0.1717 0.0367 0.3589
0.2041 0.0772 0.3874
0.1989 0.0968 0.4283
0.1820 0.0965 0.4497
0.1765 0.2407 0.5034
0.1458 0.4534 0.6162
0.0872 0.5422 0.6893
-0.0880 0.6412 0.8454
-0.3101 0.4378 0.9319
-0.3575 0.3277 0.9128
-0.1896 0.4639 0.8118
0.2275 1.0647 0.8338
0.4019 1.3961 0.9544
0.4160 1.7738 1.3494
0.0607 1.8898 1.7306
-0.1715 1.8255 1.8611
-0.6218 1.4606 1.9703
-0.6599 1.2547 1.8977
-0.5233 0.4652 1.5288
-0.2538 0.2859 1.3900
-0.0844 0.3377 1.3621
0.2476 0.6385 1.3593
0.4509 0.8931 1.3930
0.4839 0.9102 1.4233
0.5280 0.8085 1.4784
0.5798 0.7004 1.4081
0.5936 0.6505 1.3160
0.5336 0.4924 1.0809
0.3831 0.2369 0.8360
0.3004 0.1170 0.7127
0.1880 -0.0567 0.4668
0.1441 -0.1352 0.3432
0.0978 -0.2203 0.1191
0.1100 -0.1529 -0.0682
0.1017 -0.0963 -0.1447
-0.0153 -0.0624 -0.2815
-0.2795 -0.2174 -0.4407
-0.3833 -0.2943 -0.5344
-0.4149 -0.3369 -0.7129
-0.4278 -0.3874 -0.8636
-0.4697 -0.4641 -0.9015
-0.4966 -0.6153 -0.8639
-0.4718 -0.8585 -0.7850
-0.5129 -1.0721 -0.8064
-0.5239 -1.5716 -0.9863
0.0393 -1.5966 -1.1714
0.5411 -1.3699 -1.2143
1.4354 -0.8688 -1.1152
1.6434 -0.7720 -0.8443
1.4942 -0.9021 -0.7414
0.8441 -1.3583 -0.8111
0.0791 -1.8247 -1.2620
-0.1784 -1.9548 -1.5709
-0.3239 -1.8241 -2.2427
-0.1768 -1.4313 -2.7493
-0.0968 -1.2315 -2.8412
-0.0273 -0.7896 -2.6715
-0.0648 -0.6064 -2.4790
-0.2203 -0.3940 -2.0435
-0.3197 -0.3849 -1.6382
-0.3428 -0.4058 -1.4824
-0.4156 -0.4415 -1.3020
-0.5370 -0.5238 -1.2640
-0.5824 -0.5281 -1.2713
-0.6228 -0.4769 -1.2998
-0.5931 -0.3405 -1.2709
-0.5691 -0.2364 -1.2108
-0.5206 -0.0606 -1.0009
-0.4386 0.0542 -0.7463
-0.3563 0.1196 -0.6138
-0.1523 0.2227 -0.3202
-0.0173 0.1630 -0.0342
-0.0041 0.0329 0.0766
0.0342 -0.2440 0.2071
0.1326 -0.1438 0.2490
0.1587 0.0078 0.2377
0.1600 0.5141 0.1886
0.0850 0.8574 0.2530
0.0231 0.8884 0.3339
-0.0744 0.7132 0.4658
0.1003 0.5406 0.5446
0.3191 0.5594 0.5981
0.8147 0.8937 0.8219
0.9360 1.2337 1.1872
0.3028 1.2126 1.7199
-0.0048 1.0498 1.8184
-0.5215 0.5711 1.8211
-0.7546 0.0332 1.5545
-0.7230 -0.2099 1.3841
-0.2710 -0.2238 1.1728
0.3365 0.4313 1.1316
0.5168 0.7766 1.1915
0.4813 1.0575 1.4385
0.2835 0.9123 1.7137
0.2627 0.8052 1.7777
0.3925 0.6794 1.7107
0.5104 0.6212 1.5096
0.5003 0.5653 1.4054
0.2425 0.4009 1.0499
0.1474 0.3654 0.9063
-0.0219 0.2617 0.4705
-0.0162 0.2940 0.2431
-0.0252 0.3085 0.1658
-0.1349 0.2130 0.0934
-0.2929 0.1214 0.0175
-0.3550 0.0451 -0.0493
-0.3409 -0.1136 -0.1808
-0.2253 -0.2355 -0.2748
-0.2025 -0.3907 -0.3154
-0.1932 -0.7698 -0.4099
-0.1521 -0.9086 -0.4633
-0.1026 -1.0359 -0.6217
-0.0999 -1.2988 -0.9239
0.0355 -1.3633 -1.0891
0.6753 -1.1632 -1.2702
1.3061 -0.9485 -1.1080
1.3952 -0.9559 -0.9549
0.9672 -1.2862 -0.8156
0.0256 -1.8357 -1.1796
-0.3900 -2.0066 -1.5200
-0.6249 -1.9631 -2.2881
-0.1862 -1.7008 -2.8780
0.3312 -1.4291 -2.9678
0.4377 -1.3929 -2.8232
0.3839 -1.3823 -2.3088
0.0336 -1.2589 -1.5655
-0.2764 -1.1843 -1.2733
-0.4214 -1.1852 -1.1922
-0.6406 -1.1991 -1.1786
-0.7159 -1.1640 -1.3273
-0.6776 -1.1115 -1.4032
-0.5118 -0.8087 -1.4184
-0.2869 -0.4256 -1.2240
-0.1741 -0.2635 -1.0624
0.0261 -0.0279 -0.6431
0.1205 0.0635 -0.4055
0.2849 0.1702 0.0619
0.3582 0.1797 0.4063
0.3520 0.1413 0.5079
0.3204 0.1008 0.5684
0.3508 0.2230 0.5076
0.4163 0.3983 0.4421
0.4339 0.5702 0.4610
0.2833 0.8974 0.5529
-0.0888 0.7991 0.6486
0.0903 0.7958 0.6765
0.2965 0.9545 0.7131
0.7066 1.4649 0.9420
0.7819 1.9730 1.3915
0.6542 2.0998 1.6559
0.1503 2.0137 2.0989
-0.4587 1.5238 2.3129
-0.7147 1.2151 2.3080
-0.9673 0.5937 2.1163
-1.0105 0.1682 1.7953
-0.9625 0.0485 1.6513
-0.6044 0.3319 1.4645
-0.2014 1.0130 1.4325
-0.1083 1.3138 1.4859
-0.1372 1.6789 1.7368
-0.1917 1.6784 1.8942
-0.1548 1.4711 2.1261
0.1480 1.1118 2.1450
0.3293 0.9450 2.0794
0.5284 0.5792 1.8580
0.4505 0.2982 1.5868
0.3586 0.1935 1.4452
0.2083 0.0238 1.1461
0.2097 -0.1432 0.8269
0.2545 -0.2134 0.6674
0.2360 -0.1537 0.3646
0.0153 -0.0628 0.0965
-0.1184 -0.0746 -0.0130
-0.3286 -0.2045 -0.1931
-0.4449 -0.2938 -0.3621
-0.4916 -0.3877 -0.4615
-0.5627 -0.6260 -0.6329
-0.6144 -0.6756 -0.7365
-0.6548 -0.6576 -0.7789
-0.7836 -0.9510 -1.0074
-0.6824 -1.1347 -1.1262
0.4418 -0.7534 -1.4057
1.1647 -0.2759 -1.3237
1.2811 -0.1727 -1.2027
1.0601 -0.2601 -0.9906
0.5379 -0.7059 -0.9665
0.2209 -1.0559 -1.0576
-0.4180 -1.7275 -1.4662
-0.6460 -1.8347 -1.7736
-0.7246 -1.4948 -2.4376
-0.4264 -0.8598 -2.8417
-0.2685 -0.5365 -2.8607
-0.1155 -0.1323 -2.6074
-0.1546 -0.0753 -2.1222
-0.2064 -0.0932 -1.8625
-0.3539 -0.1212 -1.4157
-0.4460 -0.1387 -1.1282
-0.4947 -0.1223 -1.0500
-0.6066 -0.1527 -0.9525
-0.6942 -0.3195 -0.8824
-0.7063 -0.4503 -0.8294
-0.6643 -0.6326 -0.7036
-0.5283 -0.5132 -0.5488
-0.4281 -0.3767 -0.4570
-0.2205 -0.0775 -0.2316
-0.0587 0.1731 0.0536
-0.0201 0.2470 0.1889
-0.0580 0.2951 0.4333
-0.1403 0.2346 0.5173
-0.1225 0.1730 0.4900
0.0663 0.1152 0.3965
0.3192 0.3210 0.3529
0.4285 0.5413 0.4038
0.4716 1.0138 0.6807
0.3545 1.0982 0.8513
0.0963 0.8706 1.0835
0.2496 0.6546 1.1349
0.8071 0.8312 1.2432
1.0948 1.0480 1.4012
1.3649 1.4870 1.9056
1.2748 1.6454 2.1750
0.7375 1.6781 2.5909
0.0513 1.3175 2.7862
-0.2104 1.0354 2.7772
-0.4391 0.5504 2.5324
-0.4058 0.2616 2.1501
-0.3567 0.1470 2.0032
-0.1616 0.1203 1.8251
0.2881 0.5597 1.8133
0.5048 0.8736 1.8704
0.6795 1.4002 2.0781
0.5790 1.5341 2.3135
0.5500 1.4680 2.3943
0.6820 1.3620 2.3743
0.8695 1.2688 2.1240
0.9106 1.1621 1.9654
0.9458 0.7365 1.6715
1.0695 0.1085 1.3998
1.1161 -0.1471 1.2153
0.9939 -0.3334 0.7163
0.7513 -0.1464 0.1826
0.6446 0.0415 -0.0353
0.4032 0.3894 -0.3393
0.2679 0.5047 -0.4322
0.0647 0.5240 -0.5577
-0.0251 0.3701 -0.6480
-0.0546 0.2583 -0.6743
-0.1062 -0.0840 -0.6690
-0.0788 -0.5944 -0.5736
-0.0388 -0.7728 -0.5155
-0.0394 -1.0020 -0.4692
-0.1685 -1.3802 -0.5685
-0.1963 -1.5854 -0.6613
0.0702 -1.5450 -0.8821
0.6524 -0.9456 -1.0206
0.8413 -0.6457 -1.0085
0.7546 -0.3172 -0.8766
0.2508 -0.2993 -0.7793
-0.0366 -0.4040 -0.7766
-0.5542 -0.9174 -0.9462
-0.9113 -1.6621 -1.2936
-0.9658 -1.9277 -1.4760
-0.3253 -1.3197 -1.7543
-0.0273 -0.9240 -1.7105
0.2158 0.1390 -1.0831
-0.0464 0.4394 -0.6127
-0.1412 0.4618 -0.4568
-0.0879 0.5080 -0.3736
0.0466 0.4975 -0.4230
0.3613 0.3105 -0.5225
0.5692 0.1637 -0.4696
0.5829 0.1016 -0.4022
0.4809 0.0978 -0.2236
0.4062 0.2846 -0.0392
0.4097 0.4279 0.0577
0.4711 0.6465 0.2903
0.6261 0.6503 0.5633
0.7327 0.6378 0.6887
0.8633 0.7902 0.9537
0.6416 1.0029 1.2318
0.3513 1.0052 1.3017
-0.4259 0.5689 1.1216
-0.5668 0.5347 0.8813
-0.2424 0.9475 0.7893
0.7252 2.3655 0.8170
1.0332 3.2929 1.1450
0.8803 3.4692 1.3956
0.2463 3.3037 1.8735
-0.3953 2.7767 2.2023
-0.5973 2.5501 2.2793
-0.6906 2.2760 2.2522
-0.5157 2.0933 2.1882
-0.4291 1.9964 2.1987
-0.3421 1.7514 2.2678
-0.3072 1.7340 2.2821
-0.2994 1.8550 2.2495
-0.3216 2.2182 2.1899
-0.3689 2.3774 2.1965
-0.5319 2.5715 2.2862
-0.7006 2.6276 2.4359
-0.7556 2.4990 2.5218
-0.7200 2.0626 2.6833
-0.4328 1.6145 2.7682
-0.2179 1.4967 2.8000
0.1718 1.5577 2.8834
0.2827 1.8746 3.0115
0.2119 2.0475 3.0376
-0.0040 2.4473 2.9867
-0.1248 2.7400 2.8124
-0.1074 2.8304 2.6923
-0.0083 2.8628 2.4515
0.0579 2.7093 2.2338
0.0666 2.5863 2.1568
0.0525 2.3462 2.0790
0.0174 2.1905 2.0074
-0.0066 2.1349 1.9630
-0.0608 2.0500 1.8681
-0.1363 2.1121 1.7517
-0.1904 2.1682 1.6905
-0.3736 2.2925 1.5701
-0.6585 2.4858 1.5305
-0.8389 2.5668 1.5339
-1.3156 2.4192 1.5019
-1.5637 2.1680 1.4577
-1.9073 1.4987 1.3295
-1.7012 0.9406 1.1599
-1.3593 0.8508 1.1004
-0.6921 1.3538 1.0847
-0.4142 1.8009 1.4058
-0.4838 1.9604 1.6363
-0.8387 2.0085 2.0027
-1.3449 1.3724 1.9617
-1.5088 1.0247 1.8064
-1.3338 0.6807 1.4533
-0.7582 0.8217 1.2841
-0.4492 0.9834 1.3575
-0.0299 1.0720 1.7746
0.0258 0.7410 2.1976
-0.0001 0.5648 2.3001
-0.0100 0.2085 2.2661
0.0891 -0.1619 2.0085
0.1498 -0.3217 1.8390
0.2533 -0.6377 1.4726
0.4062 -0.8509 1.1284
0.5135 -0.9811 0.9649
0.7894 -1.2615 0.6650
1.0368 -1.4729 0.3793
1.0703 -1.5073 0.2209
0.8932 -1.3041 -0.1346
0.5307 -0.8459 -0.4914
0.3937 -0.6710 -0.6271
0.3730 -0.4882 -0.7673
0.4332 -0.4965 -0.8060
0.7108 -0.7597 -0.8768
1.0802 -1.0921 -0.8430
1.1494 -1.1960 -0.7944
0.9392 -1.1826 -0.6456
0.5502 -0.8152 -0.4997
0.3579 -0.5787 -0.4746
-0.0038 -0.2221 -0.4809
-0.2121 0.0161 -0.4820
-0.2382 0.0929 -0.4495
-0.2252 0.2433 -0.2752
-0.3616 0.1031 -0.0313
-0.4694 -0.1025 0.0511
-0.5905 -0.5949 0.0784
-0.3714 -0.6092 -0.0907
-0.1524 -0.3148 -0.2087
0.2140 0.5445 -0.3234
0.2817 1.3793 -0.0472
0.2714 1.6892 0.2042
0.2632 2.1933 0.7191
0.2049 2.3594 1.1482
0.1463 2.2510 1.3281
0.0167 1.7962 1.5692
-0.0737 1.1976 1.5913
-0.0733 0.8945 1.5398
-0.0103 0.4459 1.3934
0.0185 0.4112 1.3219
0.0662 0.7457 1.2318
0.1050 1.2420 1.2624
0.1045 1.4262 1.3134
0.0727 1.5708 1.4421
0.1018 1.3906 1.5490
0.1593 1.1701 1.5829
0.3217 0.7398 1.5904
0.4529 0.4256 1.5153
0.4585 0.2368 1.3776
0.4191 0.1261 1.2976
0.3972 -0.1929 1.0652
0.3488 -0.1908 0.8994
0.1506 -0.0508 0.6744
0.0455 0.0355 0.5475
-0.1082 0.0770 0.2905
-0.1948 -0.1657 0.0582
-0.2466 -0.3878 -0.0674
-0.3463 -0.9493 -0.3303
-0.2801 -1.1843 -0.5240
-0.2103 -1.1272 -0.5886
-0.1806 -1.0398 -0.7021
-0.2493 -1.0052 -0.7767
-0.2633 -0.9143 -0.8062
-0.2859 -0.9306 -0.9568
-0.2586 -1.0852 -1.0802
0.0705 -1.3255 -1.3157
0.6303 -1.2039 -1.4118
0.8326 -1.0432 -1.3606
0.7787 -0.8161 -1.1424
0.2110 -0.8494 -1.0289
-0.1596 -1.0157 -1.0729
-0.8282 -1.6229 -1.3938
-1.0209 -1.9503 -1.8750
-0.9127 -1.9027 -2.0946
-0.4878 -1.4622 -2.2977
-0.2629 -0.9354 -2.1095
-0.2935 -0.7102 -1.8891
-0.5108 -0.3736 -1.3540
-0.6222 -0.1722 -0.8853
-0.6095 -0.0940 -0.7382
-0.5519 0.0139 -0.6168
-0.5698 -0.0019 -0.6308
-0.6091 -0.0511 -0.6591
-0.6647 -0.1979 -0.7324
-0.6188 -0.2793 -0.7530
-0.5542 -0.2911 -0.7117
-0.4155 -0.2693 -0.5110
-0.2841 -0.1183 -0.2063
-0.2031 -0.0105 -0.0319
0.0269 0.2563 0.3177
0.1128 0.3687 0.4540
0.1481 0.3594 0.6088
0.1608 0.2394 0.6068
0.2152 0.2088 0.5662
0.3877 0.4048 0.5290
0.3695 0.6926 0.5356
0.2904 0.8261 0.5437
0.2052 1.0284 0.5843
0.2405 1.0946 0.5779
0.3011 1.1099 0.5520
0.4998 1.2897 0.5652
0.6731 1.6942 0.7841
0.6617 1.9454 0.9738
0.2830 2.2930 1.3879
-0.3705 2.2186 1.6617
-0.6764 1.9517 1.6877
-0.9547 1.0769 1.6137
-0.6283 0.3814 1.5259
-0.2989 0.3233 1.4910
0.3039 0.5941 1.5317
0.5040 1.0246 1.7643
0.4619 1.1530 1.9036
0.3569 1.1569 2.1357
0.4892 0.9785 2.2316
0.5956 0.8473 2.2058
0.7230 0.5444 1.9851
0.5930 0.3088 1.5503
0.4649 0.2266 1.2976
0.1608 0.1729 0.8335
0.0277 0.1999 0.6515
-0.1347 0.2505 0.4033
-0.1520 0.2397 0.2637
-0.1096 0.2352 0.2478
-0.0338 0.2141 0.2965
-0.2593 0.1628 0.2980
-0.5345 -0.0017 0.0979
-0.5348 -0.1868 -0.1260
-0.4327 -0.2096 -0.1928
-0.3096 -0.2660 -0.2635
-0.2986 -0.3005 -0.2589
-0.2771 -0.2063 -0.2529
-0.2270 -0.0742 -0.3131
-0.0952 -0.1992 -0.4406
0.0637 -0.2715 -0.4811
0.3947 -0.4832 -0.4418
0.4598 -0.7491 -0.3227
0.3091 -0.9176 -0.3233
-0.2678 -1.3143 -0.5521
-0.7158 -1.4096 -1.0280
-0.7237 -1.2480 -1.2965
-0.3991 -0.7778 -1.6711
-0.1209 -0.5115 -1.6381
-0.0836 -0.5246 -1.4954
-0.1342 -0.6195 -1.1488
-0.1700 -0.6558 -1.0067
-0.2192 -0.6045 -0.8385
-0.3110 -0.4908 -0.8150
-0.3840 -0.4121 -0.8345
-0.5529 -0.2489 -0.9202
-0.6866 -0.2922 -1.0331
-0.7217 -0.3545 -1.0811
-0.7254 -0.4592 -1.1334
-0.6630 -0.4307 -1.0607
-0.5978 -0.3183 -0.9673
-0.3981 -0.0072 -0.6675
-0.1833 0.3225 -0.2165
-0.1163 0.4207 0.0408
-0.0853 0.3814 0.4815
-0.0510 0.1364 0.6866
0.0128 0.0657 0.7046
0.2163 0.1409 0.6534
0.2932 0.3387 0.5423
0.2644 0.4959 0.4844
0.1780 0.9133 0.4594
0.0787 1.0169 0.4969
0.0688 0.9550 0.5122
0.2332 0.8245 0.5567
0.5509 0.9419 0.7136
0.6629 1.0771 0.8694
0.5787 1.3183 1.2813
0.3809 1.3055 1.4961
-0.4014 0.6519 1.8036
-0.5988 0.0808 1.6303
-0.2796 -0.1438 1.3793
0.3209 0.2670 1.2065
0.5559 0.5845 1.1920
0.7223 1.0378 1.3798
0.7090 1.0978 1.7214
0.7279 1.0702 1.8536
0.8278 0.8793 1.9447
0.8882 0.5639 1.8196
0.8833 0.4250 1.6904
0.7555 0.2267 1.3334
0.4881 0.0860 0.9453
0.3278 0.0249 0.7625
0.0466 -0.0621 0.4053
-0.1047 -0.0322 0.0750
-0.1380 0.0378 -0.0480
-0.1677 0.2207 -0.1490
-0.2871 0.2364 -0.1440
-0.3640 0.1788 -0.1386
-0.4911 -0.0400 -0.1800
-0.5492 -0.2111 -0.2592
-0.5637 -0.2482 -0.2936
-0.6057 -0.3449 -0.3843
-0.5502 -0.3998 -0.4221
-0.4309 -0.4805 -0.4151
-0.3842 -0.6710 -0.4441
0.1937 -1.0793 -0.6589
0.7891 -0.7074 -0.6495
0.8949 -0.5619 -0.5524
0.6349 -0.5871 -0.3615
0.0201 -0.9994 -0.5380
-0.2324 -1.1288 -0.7907
-0.3692 -0.9995 -1.4855
-0.1997 -0.5903 -2.1339
-0.1187 -0.4375 -2.2991
-0.0693 -0.3522 -2.2913
-0.1045 -0.4456 -2.0366
-0.1167 -0.5593 -1.8912
-0.1181 -0.6927 -1.6726
-0.2032 -0.6409 -1.5903
-0.2961 -0.5661 -1.5891
-0.5647 -0.4257 -1.6300
-0.8980 -0.4665 -1.6901
-1.0229 -0.5289 -1.7028
-0.9386 -0.5558 -1.3748
-0.7935 -0.4062 -1.1794
-0.5351 -0.0669 -0.7060
-0.4291 0.1237 -0.1452
-0.4106 0.1372 0.1397
-0.3462 0.0699 0.6181
-0.2205 -0.0802 0.9080
-0.1389 -0.1092 0.9892
0.0276 0.0105 1.0561
0.0669 0.0393 1.0613
0.1290 0.0514 1.0536
0.2212 0.0414 1.0606
0.2482 -0.0526 1.0424
0.3459 -0.4354 0.9236
0.6814 -0.5580 0.7722
0.9231 -0.3759 0.7421
1.2438 0.3897 0.8704
0.9643 1.1673 1.2167
0.6139 1.3764 1.4194
-0.2172 1.2202 1.7341
-0.8578 0.3808 1.6888
-1.0027 -0.2076 1.4772
-0.7640 -1.0265 0.8496
0.0938 -0.8163 0.2646
0.5062 -0.3957 0.1177
0.7743 0.4867 0.2543
0.5857 0.9631 0.8480
0.4851 1.0699 1.1739
0.4103 1.0611 1.6015
0.4966 0.8546 1.6225
0.5390 0.6991 1.5307
0.5237 0.2899 1.2210
0.4641 0.0510 1.0274
0.3437 -0.3843 0.6481
0.3229 -0.6432 0.3714
0.3355 -0.6670 0.2579
0.3526 -0.4721 0.0486
0.2507 -0.0580 -0.1065
0.1124 0.1249 -0.1726
-0.1638 0.1497 -0.3206
-0.2290 -0.0262 -0.5575
-0.2081 -0.1647 -0.6754
-0.1483 -0.3312 -0.7676
-0.2291 -0.2409 -0.6633
-0.3420 -0.1203 -0.5499
-0.6752 -0.0144 -0.3218
-0.9716 -0.2903 -0.3021
-0.9379 -0.4233 -0.3715
-0.3376 -0.2701 -0.4255
0.5517 0.1845 -0.1514
0.8670 0.3675 0.1228
1.0282 0.5018 0.7363
0.7040 0.2756 1.1057
0.4531 0.0602 1.1390
-0.0340 -0.3712 0.8826
-0.3209 -0.4634 0.3229
-0.3638 -0.3584 0.0112
-0.2780 -0.1091 -0.4084
-0.1041 0.2686 -0.3907
-0.0576 0.4332 -0.2652
-0.0071 0.5556 0.1001
0.0224 0.5851 0.2888
0.0786 0.6092 0.5206
0.1371 0.5717 0.5337
0.1408 0.5287 0.4888
0.0383 0.4037 0.4175
-0.1110 0.2909 0.4056
-0.1468 0.2989 0.4215
-0.1593 0.3046 0.5075
-0.0098 0.3262 0.6890
0.1252 0.3706 0.8010
0.3872 0.4051 1.0043
0.6072 0.4380 1.1970
0.7073 0.4761 1.2599
0.8402 0.6010 1.3044
0.9402 0.7447 1.2878
0.9997 0.8602 1.2738
1.0801 1.2047 1.2720
0.9905 1.5768 1.3897
0.8355 1.6541 1.4893
0.2434 1.5256 1.6231
-0.4412 1.0225 1.6185
-0.6044 0.8533 1.5906
-0.5477 0.6336 1.4496
-0.2225 0.6251 1.2586
-0.0358 0.7947 1.2016
0.2191 1.1551 1.3119
0.2488 1.2872 1.4757
0.0432 1.4196 1.8398
-0.3895 1.2268 1.9652
-0.5682 1.0443 1.9105
-0.6926 0.7352 1.6030
-0.5753 0.5286 1.1234
-0.4928 0.5035 0.9068
-0.4026 0.5370 0.6843
-0.3631 0.6667 0.7472
-0.3215 0.7760 0.8248
-0.2045 0.9914 0.9824
-0.1169 1.0735 1.0742
-0.0949 1.0768 1.0806
-0.1375 0.9884 1.0281
-0.2646 0.7707 0.9360
-0.3231 0.6530 0.8680
-0.3686 0.4764 0.6891
-0.3374 0.3856 0.5229
-0.2894 0.3832 0.4544
-0.0858 0.4442 0.3683
0.0657 0.4553 0.4008
0.0677 0.3349 0.4064
0.1583 0.1079 0.3588
0.5549 0.1911 0.3104
0.7937 0.3253 0.3531
1.0733 0.5531 0.6374
0.9462 0.5304 1.0260
0.7348 0.4103 1.1351
0.1865 0.1780 1.1045
-0.0414 0.1358 0.9926
-0.2423 0.3114 0.7186
-0.1716 0.5095 0.5073
-0.0796 0.5613 0.4648
0.0661 0.4918 0.4908
0.1247 0.3528 0.5932
0.1433 0.3186 0.6361
0.2381 0.3392 0.6743
0.2717 0.3369 0.6793
0.3684 0.2653 0.7085
0.4701 0.1765 0.6915
0.5083 0.1558 0.6579
0.4589 0.2798 0.5619
0.2758 0.4421 0.5074
0.1880 0.4602 0.5094
0.1461 0.4559 0.5292
0.2028 0.5240 0.5563
0.2186 0.6133 0.5781
0.2216 0.8264 0.6393
0.2450 1.0402 0.6850
0.2320 1.1235 0.6882
0.1849 1.2808 0.6966
0.1808 1.3772 0.7053
0.1806 1.4118 0.7494
0.1635 1.4250 0.9284
0.1654 1.3528 1.1280
0.2295 1.2174 1.2395
0.4039 0.8696 1.2897
0.5267 0.7947 1.2682
0.9624 0.7246 1.2259
1.6144 0.6648 1.0164
1.6283 0.4473 0.9336
1.4287 0.1946 0.9430
1.2842 0.2751 1.0293
1.2549 0.3129 1.0125
1.1889 0.2992 0.8834
1.0145 0.2088 0.6415
0.9164 0.1165 0.5452
0.8693 -0.0439 0.4421
0.9158 -0.0780 0.3546
0.8618 -0.0755 0.3057
0.7397 0.0373 0.2622
0.7191 0.0721 0.2570
0.7640 0.0079 0.2771
0.9452 -0.0354 0.3275
1.1614 0.2573 0.2724
1.2154 0.3062 0.1438
1.1344 0.5400 -0.0569
0.6602 0.4447 -0.1043
0.3588 0.2450 -0.0940
-0.1465 -0.1137 -0.0823
-0.2438 -0.1479 -0.0620
-0.1638 -0.0897 0.0257
0.1802 0.0740 0.2332
0.3458 0.2382 0.2804
0.4028 0.4154 0.2349
0.2171 0.2637 0.2025
0.1365 0.1595 0.1997
0.0028 0.0568 0.1317
-0.1281 0.1647 0.1021
-0.1748 0.1977 0.1163
-0.1611 0.2759 0.1243
-0.0727 0.2958 0.0753
-0.0242 0.2852 0.0695
0.0204 0.2180 0.0688
0.0488 0.2117 0.0226
0.0428 0.2273 -0.0143
0.0115 0.2689 -0.0330
-0.0376 0.2652 -0.0097
-0.0530 0.2818 -0.0080
-0.0735 0.2559 -0.0218
-0.0200 0.1876 -0.0238
0.0298 0.1583 -0.0184
0.1088 0.0861 -0.0151
0.1420 0.0616 -0.0261
0.1463 0.0997 -0.0258
0.1269 0.1449 0.0026
0.0890 0.1423 0.0128
0.1053 0.1162 0.0211
0.1701 0.0383 0.0151
0.1887 0.0260 0.0080
0.1810 0.0629 0.0206
0.1433 0.1038 0.0240
0.1347 0.0920 0.0221
0.1551 0.0631 0.0088
0.1700 0.0714 -0.0143
0.1631 0.0659 -0.0202
0.1465 0.0327 -0.0260
0.1504 -0.0104 -0.0320
0.1534 -0.0220 -0.0358
0.1462 -0.0260 -0.0188
0.1475 -0.0170 -0.0109
0.1603 -0.0157 -0.0179
0.1850 -0.0134 -0.0040
0.1768 -0.0200 0.0183
0.1536 -0.0352 0.0131
0.1167 -0.0408 0.0038
0.1086 -0.0145 0.0036
0.1113 0.0053 0.0045
0.1283 0.0016 -0.0025
0.1467 -0.0326 -0.0126
0.1481 -0.0447 -0.0139
0.1121 -0.0485 -0.0045
0.0731 -0.0449 -0.0106
0.0874 -0.0434 -0.0087
0.1206 -0.0317 -0.0148
0.1152 -0.0012 -0.0135
0.1020 0.0094 -0.0136
0.1061 -0.0177 -0.0145
0.1220 -0.0263 -0.0175
0.1255 -0.0156 -0.0009
0.0821 0.0112 0.0132
0.0821 0.0202 0.0203
0.1066 0.0373 0.0201
0.1207 0.0637 0.0326
0.1096 0.0451 0.0324
0.1124 0.0085 0.0337
0.1249 0.0202 0.0391
0.1242 0.0380 0.0338
0.0951 0.0733 0.0145
0.0935 0.0631 0.0112
0.1013 0.0387 0.0026
0.1251 0.0196 -0.0037
0.1352 0.0266 0.0016
0.1292 0.0171 0.0033
0.1005 0.0314 0.0131
0.0750 0.0444 0.0149
0.0750 0.0388 0.0193
0.0687 0.0223 0.0126
0.0753 -0.0064 0.0130
0.0904 -0.0186 0.0156
0.1056 0.0020 0.0047
0.0706 0.0278 0.0010
0.0453 0.0124 -0.0009
0.0355 -0.0179 0.0035
0.0496 -0.0396 -0.0035
0.0825 -0.0490 -0.0189
0.0894 -0.0316 -0.0166
0.0735 -0.0124 -0.0169
0.0340 0.0145 0.0015
0.0433 0.0165 0.0069
0.0635 0.0099 -0.0038
0.0892 0.0010 -0.0035
0.0780 -0.0013 0.0117
0.0660 -0.0073 0.0147
0.0401 -0.0066 0.0095
0.0462 -0.0080 0.0078
0.0525 -0.0052 0.0109
0.0364 0.0131 0.0056
0.0298 0.0213 -0.0185
0.0397 0.0177 -0.0255
0.0607 -0.0247 -0.0285
0.0493 -0.0397 -0.0009
0.0340 -0.0299 -0.0026
0.0153 -0.0022 -0.0040
0.0130 0.0151 0.0120
0.0057 0.0204 0.0171
0.0078 0.0144 0.0178
0.0379 -0.0113 0.0198
0.0382 -0.0095 0.0156
-0.0021 0.0163 0.0203
-0.0209 0.0278 0.0242
-0.0080 0.0390 0.0241
0.0200 0.0332 0.0134
0.0186 0.0323 0.0060
0.0122 0.0233 -0.0014
0.0253 0.0075 -0.0074
0.0313 0.0116 -0.0125
0.0119 0.0256 -0.0104
-0.0134 0.0123 0.0020
-0.0219 0.0059 0.0098
-0.0132 0.0142 0.0238
0.0001 0.0067 0.0275
0.0071 0.0048 0.0320
0.0072 0.0099 0.0455
-0.0083 0.0222 0.0314
-0.0138 0.0135 0.0270
0.0044 -0.0023 0.0181
0.0186 0.0065 0.0079
0.0206 0.0164 0.0067
0.0188 0.0198 0.0115
0.0338 0.0096 0.0091
0.0353 0.0132 0.0127
0.0142 0.0321 0.0234
-0.0046 0.0269 0.0142
0.0014 0.0257 0.0088
0.0337 0.0034 0.0035
0.0402 0.0148 -0.0023
0.0271 0.0262 0.0004
0.0039 0.0353 0.0059
0.0031 0.0260 0.0093
0.0188 0.0131 0.0184
0.0305 0.0191 0.0017
0.0230 0.0296 -0.0036
-0.0048 0.0452 0.0145
-0.0044 0.0361 0.0165
0.0096 0.0172 0.0068
0.0291 -0.0142 -0.0046
0.0204 0.0064 0.0057
0.0032 0.0336 0.0141
-0.0248 0.0451 0.0144
-0.0060 0.0181 0.0008
0.0176 0.0135 -0.0034
0.0137 0.0129 -0.0087
-0.0158 0.0072 -0.0016
-0.0025 -0.0107 0.0009
0.0546 -0.0357 -0.0091
0.0710 -0.0247 -0.0188
0.0647 -0.0190 -0.0148
0.0722 -0.0262 -0.0201
0.0701 -0.0070 -0.0262
0.0517 0.0081 -0.0160
-0.0016 0.0169 0.0076
-0.0053 0.0091 0.0305
-0.0043 0.0138 0.0358
-0.0121 0.0387 0.0481
-0.0126 0.0236 0.0522
-0.0159 -0.0113 0.0429
0.0016 0.0123 0.0143
0.0245 0.0198 0.0051
0.0605 -0.0142 -0.0095
0.0424 -0.0101 -0.0127
0.0167 0.0131 -0.0042
-0.0145 0.0349 0.0221
0.0046 0.0140 0.0241
0.0197 0.0030 0.0228
0.0209 0.0211 0.0233
0.0068 0.0391 0.0398
0.0106 0.0358 0.0441
0.0265 0.0186 0.0345
0.0240 0.0016 0.0317
0.0198 0.0121 0.0293
0.0124 0.0185 0.0111
0.0140 0.0134 0.0080
0.0079 0.0306 0.0089
0.0165 0.0465 0.0127
0.0212 0.0391 0.0144
0.0210 0.0414 0.0136
0.0193 0.0228 0.0127
0.0207 0.0040 -0.0045
0.0231 -0.0017 -0.0102
0.0082 0.0184 -0.0008
-0.0005 0.0148 0.0019
0.0084 0.0008 0.0090
0.0133 -0.0100 -0.0058
0.0152 -0.0149 -0.0096
-0.0029 -0.0026 0.0009
-0.0174 0.0060 0.0086
-0.0110 -0.0008 0.0116
0.0074 -0.0180 0.0095
0.0121 -0.0147 0.0134
0.0090 -0.0163 0.0077
0.0106 -0.0010 -0.0074
0.0052 0.0049 -0.0215
0.0020 0.0096 -0.0197
-0.0049 0.0509 -0.0097
-0.0097 0.0459 0.0007
-0.0093 0.0194 0.0040
-0.0056 -0.0458 -0.0019
0.0007 -0.0628 -0.0063
0.0099 -0.0518 -0.0053
0.0124 -0.0170 -0.0085
-0.0103 -0.0121 -0.0124
-0.0077 -0.0164 -0.0100
0.0362 -0.0298 -0.0114
0.0282 -0.0257 -0.0221
0.0085 -0.0363 -0.0142
-0.0155 -0.0559 -0.0022
0.0166 -0.0721 -0.0077
0.0300 -0.0865 -0.0086
0.0335 -0.0597 -0.0048
0.0197 -0.0475 -0.0068
-0.0391 -0.0444 -0.0021
-0.0463 -0.0552 0.0079
-0.0261 -0.0661 0.0112
0.0131 -0.1081 0.0066
0.0122 -0.0840 -0.0029
0.0002 -0.0553 -0.0078
-0.0001 0.0149 -0.0044
0.0142 0.0079 0.0014
0.0230 0.0022 0.0036
0.0435 0.0143 0.0113
0.0462 0.0023 0.0089
0.0335 -0.0013 0.0065
0.0106 0.0115 0.0144
0.0192 0.0118 0.0180
0.0251 0.0100 0.0173
0.0365 0.0186 0.0156
0.0379 0.0085 0.0092
0.0332 0.0139 0.0078
0.0342 0.0381 0.0109
0.0423 0.0541 0.0126
0.0364 0.0513 0.0100
0.0141 0.0428 0.0192
-0.0079 0.0238 0.0302
-0.0157 0.0226 0.0284
0.0434 0.1660 -0.0139
0.0172 0.0042 -0.0394
-0.0126 -0.0184 0.0626
-0.0314 0.0067 0.0338
-0.0123 0.0253 0.0228

