0.0134 -0.7141 -0.6824
0.0136 -0.7204 -0.6699
0.0117 -0.7252 -0.6637
0.0076 -0.7272 -0.6594
0.0182 -0.7343 -0.6690
0.0182 -0.7343 -0.6690
0.0262 -0.7242 -0.6643
0.0116 -0.7108 -0.6680
0.0122 -0.7332 -0.6688
0.0187 -0.7267 -0.6655
0.0187 -0.7267 -0.6655
0.0184 -0.7191 -0.6608
0.0089 -0.7228 -0.6563
0.0094 -0.7184 -0.6645
0.0183 -0.7258 -0.6915
0.0215 -0.7164 -0.6845
0.0215 -0.7164 -0.6845
0.0199 -0.7204 -0.6639
0.0209 -0.7140 -0.6604
0.0146 -0.7343 -0.6783
0.0115 -0.7083 -0.6616
0.0167 -0.7156 -0.6540
0.0167 -0.7156 -0.6540
0.0241 -0.7302 -0.6508
0.0280 -0.7224 -0.6582
0.0199 -0.7061 -0.6717
0.0175 -0.7126 -0.6964
0.0218 -0.7221 -0.6889
0.0218 -0.7221 -0.6889
0.0188 -0.7159 -0.6714
0.0207 -0.7132 -0.6746
0.0206 -0.7129 -0.6960
0.0218 -0.7100 -0.7089
0.0259 -0.7130 -0.6947
0.0259 -0.7130 -0.6947
0.0146 -0.7136 -0.6839
0.0052 -0.7210 -0.6623
0.0181 -0.7045 -0.5954
0.0430 -0.6944 -0.7362
0.0430 -0.6944 -0.7362
0.0227 -0.7786 -0.7276
0.0242 -0.7163 -0.6812
0.0383 -0.7160 -0.6783
0.0391 -0.6731 -0.6277
0.0212 -0.7263 -0.7002
0.0212 -0.7263 -0.7002
0.0390 -0.6990 -0.6689
0.0332 -0.7100 -0.6573
0.0296 -0.7104 -0.6443
0.0342 -0.7161 -0.6620
0.0342 -0.7161 -0.6620
0.0417 -0.7338 -0.6941
0.0449 -0.7153 -0.6777
0.0520 -0.7171 -0.6660
0.0497 -0.7051 -0.6511
0.0541 -0.7009 -0.6496
0.0541 -0.7009 -0.6496
0.0679 -0.7047 -0.6532
0.0850 -0.7179 -0.6634
0.0955 -0.7126 -0.6377
0.1156 -0.7134 -0.6323
0.1156 -0.7134 -0.6323
0.1277 -0.6909 -0.6153
0.1427 -0.6843 -0.6605
0.1592 -0.6948 -0.6949
0.1751 -0.6472 -0.6502
0.2021 -0.6521 -0.6122
0.2021 -0.6521 -0.6122
0.2342 -0.6814 -0.5966
0.2511 -0.6823 -0.5545
0.2644 -0.6967 -0.5526
0.2591 -0.7033 -0.5897
0.2521 -0.7159 -0.6357
0.2521 -0.7159 -0.6357
0.2359 -0.7091 -0.6681
0.2094 -0.7039 -0.7328
0.1916 -0.7052 -0.7840
0.1704 -0.6947 -0.7762
0.1599 -0.6736 -0.7591
0.1599 -0.6736 -0.7591
0.1611 -0.6662 -0.7314
0.1588 -0.6382 -0.6792
0.1367 -0.6223 -0.6235
0.1178 -0.5922 -0.6004
0.1158 -0.5797 -0.5909
0.1158 -0.5797 -0.5909
0.1176 -0.5567 -0.5435
0.1047 -0.5352 -0.5220
0.1014 -0.5869 -0.5479
0.1021 -0.5986 -0.6203
0.1021 -0.5986 -0.6203
0.1525 -0.5722 -0.7215
0.1325 -0.6621 -0.8219
0.1322 -0.6555 -0.7903
0.1254 -0.5914 -0.8046
0.0789 -0.5791 -0.8290
0.0789 -0.5791 -0.8290
0.0069 -0.5536 -0.8164
-0.0454 -0.5122 -0.8165
-0.0762 -0.5564 -0.7839
-0.1159 -0.5911 -0.7988
-0.0827 -0.6232 -0.8434
-0.0827 -0.6232 -0.8434
-0.0276 -0.6133 -0.9618
0.0026 -0.6460 -0.9981
0.0062 -0.6621 -1.0668
-0.0069 -0.6969 -1.1597
-0.0194 -0.6796 -1.1959
-0.0194 -0.6796 -1.1959
-0.0050 -0.5981 -1.2609
0.0128 -0.5193 -1.2550
0.0072 -0.5392 -1.1255
-0.0114 -0.5121 -1.0073
-0.0291 -0.5025 -0.8971
-0.0291 -0.5025 -0.8971
-0.0360 -0.4795 -0.8225
-0.0321 -0.4510 -0.8033
-0.0115 -0.4356 -0.7620
0.0225 -0.4229 -0.7411
0.0225 -0.4229 -0.7411
0.0548 -0.4192 -0.7084
0.0802 -0.4249 -0.6568
0.0922 -0.3907 -0.6723
0.0898 -0.4538 -0.6826
0.0586 -0.4764 -0.6857
0.0586 -0.4764 -0.6857
0.0308 -0.4720 -0.7252
0.0111 -0.4681 -0.7619
-0.0068 -0.4711 -0.8163
-0.0085 -0.4635 -0.8367
0.0051 -0.4566 -0.8404
0.0051 -0.4566 -0.8404
-0.0099 -0.4497 -0.7899
-0.0096 -0.4499 -0.7426
0.0148 -0.4935 -0.7294
0.0482 -0.5511 -0.7404
0.0814 -0.5716 -0.7953
0.0814 -0.5716 -0.7953
0.1219 -0.6127 -0.8678
0.1630 -0.6125 -0.9051
0.1827 -0.6291 -0.9588
0.2185 -0.7265 -1.0531
0.2185 -0.7265 -1.0531
0.2530 -0.7298 -1.1978
0.2274 -0.6596 -1.2764
0.1504 -0.5211 -1.2389
0.0814 -0.4413 -1.1050
0.0838 -0.4236 -0.8886
0.0838 -0.4236 -0.8886
0.1451 -0.4359 -0.6752
0.2510 -0.5150 -0.5475
0.3402 -0.5507 -0.5299
0.3823 -0.4831 -0.5547
0.3782 -0.5035 -0.6172
0.3782 -0.5035 -0.6172
0.3208 -0.4733 -0.7467
0.2558 -0.4082 -0.7793
0.1764 -0.3754 -0.8533
0.1154 -0.3551 -0.9487
0.0565 -0.3550 -1.0022
0.0565 -0.3550 -1.0022
0.0154 -0.3689 -0.9355
0.0117 -0.3867 -0.8570
0.0124 -0.4295 -0.7892
0.0008 -0.4731 -0.7457
-0.0160 -0.5348 -0.7225
-0.0160 -0.5348 -0.7225
-0.0448 -0.5645 -0.7085
-0.0613 -0.5989 -0.6957
-0.0528 -0.6100 -0.7589
-0.0446 -0.5896 -0.7943
-0.0446 -0.5896 -0.7943
-0.0097 -0.5692 -0.8355
0.0154 -0.5921 -0.9025
0.0004 -0.5794 -0.9607
-0.0348 -0.5680 -1.0439
-0.0684 -0.6026 -1.0979
-0.0684 -0.6026 -1.0979
-0.1173 -0.6188 -1.1055
-0.1749 -0.6223 -1.1307
-0.2334 -0.6077 -1.1273
-0.2843 -0.5192 -1.1830
-0.3251 -0.3788 -1.1089
-0.3251 -0.3788 -1.1089
-0.3004 -0.2962 -0.9258
-0.2291 -0.3481 -0.7648
-0.1597 -0.4376 -0.6720
-0.1552 -0.5074 -0.6673
-0.1905 -0.5404 -0.6627
-0.1905 -0.5404 -0.6627
-0.1944 -0.4500 -0.6585
-0.1774 -0.3608 -0.6712
-0.1188 -0.3427 -0.6360
-0.0445 -0.3786 -0.6361
0.0312 -0.4620 -0.5971
0.0312 -0.4620 -0.5971
0.0790 -0.5287 -0.5587
0.1242 -0.5869 -0.5222
0.1536 -0.6540 -0.5370
0.1648 -0.6756 -0.5941
0.1648 -0.6756 -0.5941
0.1808 -0.6651 -0.6863
0.1944 -0.6454 -0.7708
0.1946 -0.6520 -0.8249
0.1919 -0.6754 -0.8944
0.1855 -0.6921 -0.9127
0.1855 -0.6921 -0.9127
0.1913 -0.6924 -0.9202
0.2224 -0.7141 -0.9240
0.2548 -0.7473 -0.9384
0.2708 -0.7760 -0.9081
0.3075 -0.7793 -0.9189
0.3075 -0.7793 -0.9189
0.3183 -0.6742 -0.9967
0.2680 -0.5610 -0.9880
0.2393 -0.4523 -0.9209
0.2612 -0.4170 -0.7903
0.2612 -0.4170 -0.7903
0.3024 -0.4395 -0.6522
0.3521 -0.4973 -0.5434
0.3580 -0.5660 -0.5675
0.3104 -0.5761 -0.6324
0.3104 -0.5761 -0.6324
0.2684 -0.5508 -0.7156
0.2225 -0.4946 -0.8303
0.1430 -0.4434 -0.8871
0.0726 -0.4036 -0.8587
0.0131 -0.4021 -0.8336
0.0131 -0.4021 -0.8336
-0.0325 -0.4610 -0.8001
-0.0644 -0.5252 -0.8022
-0.1029 -0.5587 -0.7425
-0.1507 -0.5770 -0.6854
-0.1834 -0.6161 -0.6880
-0.1834 -0.6161 -0.6880
-0.1997 -0.6553 -0.6840
-0.2069 -0.6501 -0.6896
-0.1920 -0.6327 -0.6996
-0.1687 -0.6202 -0.6955
-0.1318 -0.6431 -0.7236
-0.1318 -0.6431 -0.7236
-0.1166 -0.6444 -0.8328
-0.1322 -0.6291 -0.9066
-0.1488 -0.6443 -0.9316
-0.1575 -0.6654 -0.9698
-0.1575 -0.6654 -0.9698
-0.1911 -0.6656 -1.0670
-0.2379 -0.6027 -1.2543
-0.3053 -0.4394 -1.2014
-0.3064 -0.2661 -1.0341
-0.3064 -0.2661 -1.0341
-0.2159 -0.2865 -0.8381
-0.1038 -0.4597 -0.7137
-0.0463 -0.6068 -0.6514
-0.1074 -0.6708 -0.6625
-0.1764 -0.6525 -0.6591
-0.1764 -0.6525 -0.6591
-0.1994 -0.5415 -0.6974
-0.1450 -0.4543 -0.7327
-0.0464 -0.4195 -0.6345
0.0695 -0.4556 -0.6359
0.1723 -0.5688 -0.6021
0.1723 -0.5688 -0.6021
0.2131 -0.6166 -0.5962
0.2027 -0.6468 -0.5746
0.1617 -0.6588 -0.5847
0.1417 -0.6932 -0.6707
0.1208 -0.6961 -0.7164
0.1208 -0.6961 -0.7164
0.1232 -0.6811 -0.7440
0.1541 -0.6669 -0.7713
0.1949 -0.6607 -0.7826
0.2400 -0.6613 -0.7814
0.2729 -0.6754 -0.7764
0.2729 -0.6754 -0.7764
0.2797 -0.6939 -0.7784
0.2736 -0.7306 -0.7925
0.2737 -0.7584 -0.8036
0.2694 -0.7674 -0.8625
0.2694 -0.7674 -0.8625
0.2607 -0.7590 -0.9038
0.2307 -0.6792 -0.9513
0.2047 -0.5791 -0.9796
0.2158 -0.5107 -0.8735
0.2755 -0.4926 -0.7314
0.2755 -0.4926 -0.7314
0.3498 -0.5530 -0.6288
0.4028 -0.6271 -0.6174
0.3694 -0.6389 -0.6732
0.2742 -0.6126 -0.7347
0.1946 -0.5747 -0.8487
0.1946 -0.5747 -0.8487
0.1266 -0.5076 -0.9489
0.0569 -0.4328 -0.9661
0.0060 -0.3982 -0.9585
-0.0105 -0.4202 -0.9184
-0.0124 -0.4452 -0.8617
-0.0124 -0.4452 -0.8617
-0.0274 -0.4707 -0.8204
-0.0549 -0.4973 -0.7750
-0.0900 -0.5031 -0.7306
-0.1195 -0.5155 -0.7178
-0.1195 -0.5155 -0.7178
-0.1475 -0.5449 -0.6979
-0.1747 -0.5560 -0.6884
-0.1825 -0.5693 -0.6842
-0.1766 -0.5907 -0.6988
-0.1736 -0.6161 -0.6931
-0.1736 -0.6161 -0.6931
-0.1826 -0.6506 -0.7475
-0.1838 -0.6756 -0.8163
-0.2053 -0.6738 -0.8872
-0.2292 -0.6762 -0.9654
-0.2664 -0.6645 -1.0148
-0.2664 -0.6645 -1.0148
-0.3418 -0.6532 -1.0532
-0.4535 -0.6066 -1.0823
-0.5534 -0.5147 -1.0280
-0.5712 -0.4585 -0.8746
-0.5101 -0.4755 -0.7205
-0.5101 -0.4755 -0.7205
-0.4075 -0.5607 -0.6177
-0.3378 -0.6661 -0.5823
-0.3191 -0.7327 -0.6244
-0.3457 -0.7136 -0.7327
-0.3677 -0.5760 -0.7775
-0.3677 -0.5760 -0.7775
-0.3603 -0.4182 -0.7950
-0.2842 -0.3358 -0.7539
-0.1748 -0.3359 -0.6880
-0.0658 -0.4055 -0.6334
-0.0658 -0.4055 -0.6334
0.0251 -0.4865 -0.5770
0.0995 -0.5477 -0.5231
0.1316 -0.5637 -0.5203
0.1417 -0.5714 -0.5808
0.1546 -0.5536 -0.6756
0.1546 -0.5536 -0.6756
0.1716 -0.5205 -0.7365
0.2070 -0.5337 -0.7823
0.2459 -0.5472 -0.8049
0.2481 -0.5862 -0.8439
0.2103 -0.6504 -0.8634
0.2103 -0.6504 -0.8634
0.1416 -0.7072 -0.8772
0.0683 -0.7343 -0.9005
-0.0074 -0.7447 -0.9365
-0.0635 -0.7138 -0.9672
-0.0756 -0.7165 -0.9271
-0.0756 -0.7165 -0.9271
-0.0624 -0.7190 -0.8476
-0.0401 -0.7260 -0.7381
0.0018 -0.7765 -0.6751
0.0497 -0.8628 -0.6987
0.0321 -0.8654 -0.8005
0.0321 -0.8654 -0.8005
0.0002 -0.7954 -0.9697
-0.0476 -0.6636 -1.0531
-0.0864 -0.5004 -0.9024
-0.0408 -0.4198 -0.7278
-0.0408 -0.4198 -0.7278
0.0627 -0.5047 -0.6184
0.1728 -0.5893 -0.6148
0.2113 -0.6204 -0.6852
0.1656 -0.5875 -0.7822
0.0756 -0.5479 -0.9597
0.0756 -0.5479 -0.9597
-0.0085 -0.4975 -1.0040
-0.0757 -0.3833 -1.0145
-0.1452 -0.3458 -0.9080
-0.2133 -0.3608 -0.7881
-0.2814 -0.4020 -0.7269
-0.2814 -0.4020 -0.7269
-0.3440 -0.4472 -0.6930
-0.3887 -0.4418 -0.6251
-0.3974 -0.4399 -0.5942
-0.3687 -0.4623 -0.5537
-0.3347 -0.5017 -0.5543
-0.3347 -0.5017 -0.5543
-0.2867 -0.5360 -0.5646
-0.2334 -0.5524 -0.5996
-0.1862 -0.5403 -0.6385
-0.1279 -0.5451 -0.7623
-0.1279 -0.5451 -0.7623
-0.0875 -0.5547 -0.8943
-0.0986 -0.5162 -0.9632
-0.1107 -0.4804 -1.0322
-0.0977 -0.4923 -1.0372
-0.0867 -0.5160 -1.0392
-0.0867 -0.5160 -1.0392
-0.0736 -0.5516 -1.0108
-0.0593 -0.5723 -0.9593
-0.0725 -0.5833 -0.9283
-0.0924 -0.5829 -0.8864
-0.1045 -0.5689 -0.8793
-0.1045 -0.5689 -0.8793
-0.1141 -0.5667 -0.8558
-0.1084 -0.5379 -0.8498
-0.1086 -0.4977 -0.8461
-0.1077 -0.4569 -0.8753
-0.1229 -0.4377 -0.9234
-0.1229 -0.4377 -0.9234
-0.1490 -0.4275 -0.9462
-0.2039 -0.4298 -0.9654
-0.2719 -0.4856 -0.9841
-0.3359 -0.5454 -1.0163
-0.4030 -0.5957 -1.0739
-0.4030 -0.5957 -1.0739
-0.4741 -0.6028 -1.1207
-0.5182 -0.5539 -1.1182
-0.5241 -0.4548 -1.0214
-0.4973 -0.4001 -0.8968
-0.4343 -0.3994 -0.8047
-0.4343 -0.3994 -0.8047
-0.3471 -0.3951 -0.7808
-0.2697 -0.3825 -0.7423
-0.2293 -0.3774 -0.7258
-0.2072 -0.3794 -0.7641
-0.2072 -0.3794 -0.7641
-0.2024 -0.3876 -0.7508
-0.2033 -0.3817 -0.6974
-0.1778 -0.4008 -0.6673
-0.1346 -0.4539 -0.6126
-0.1015 -0.5029 -0.5755
-0.1015 -0.5029 -0.5755
-0.0728 -0.5438 -0.5652
-0.0508 -0.5825 -0.5909
-0.0406 -0.5850 -0.6067
-0.0206 -0.5795 -0.6496
0.0045 -0.5879 -0.6889
0.0045 -0.5879 -0.6889
0.0234 -0.6120 -0.7289
0.0394 -0.6522 -0.7517
0.0638 -0.6906 -0.7654
0.0700 -0.7116 -0.8157
0.0672 -0.7209 -0.8915
0.0672 -0.7209 -0.8915
0.0703 -0.6840 -0.8952
0.0787 -0.6385 -0.8690
0.0943 -0.6797 -0.8566
0.0901 -0.7363 -0.8394
0.0901 -0.7363 -0.8394
0.0756 -0.7699 -0.8689
0.0398 -0.7686 -0.9258
-0.0042 -0.7142 -0.9640
-0.0431 -0.6785 -0.9552
-0.0572 -0.6443 -0.8491
-0.0572 -0.6443 -0.8491
-0.0444 -0.6378 -0.7788
-0.0168 -0.6707 -0.7327
0.0213 -0.6759 -0.6768
0.0639 -0.6702 -0.6536
0.0818 -0.6524 -0.6604
0.0818 -0.6524 -0.6604
0.0826 -0.6218 -0.6395
0.0765 -0.5995 -0.5982
0.0755 -0.5822 -0.5566
0.0823 -0.5708 -0.5091
0.0976 -0.5768 -0.5045
0.0976 -0.5768 -0.5045
0.1157 -0.6020 -0.5030
0.1254 -0.6250 -0.5053
0.1284 -0.6517 -0.5257
0.1287 -0.6800 -0.5339
0.1375 -0.7126 -0.5686
0.1375 -0.7126 -0.5686
0.1322 -0.7567 -0.6203
0.1196 -0.7706 -0.6594
0.1085 -0.7732 -0.6819
0.0892 -0.7920 -0.7304
0.0892 -0.7920 -0.7304
0.0605 -0.8060 -0.7399
0.0209 -0.7948 -0.7607
-0.0213 -0.7680 -0.7473
-0.0473 -0.7447 -0.7261
-0.0447 -0.7379 -0.7114
-0.0447 -0.7379 -0.7114
-0.0508 -0.7341 -0.7020
-0.0655 -0.7426 -0.7419
-0.1041 -0.7339 -0.8026
-0.1540 -0.7245 -0.8696
-0.2115 -0.7108 -0.8757
-0.2115 -0.7108 -0.8757
-0.2741 -0.6930 -0.8857
-0.3357 -0.6708 -0.9055
-0.3769 -0.6164 -1.0259
-0.3959 -0.5032 -1.1461
-0.3920 -0.3798 -1.1095
-0.3920 -0.3798 -1.1095
-0.3906 -0.3041 -0.9589
-0.3861 -0.3323 -0.8343
-0.3704 -0.4024 -0.7957
-0.3738 -0.4533 -0.7810
-0.3738 -0.4533 -0.7810
-0.3998 -0.4196 -0.7309
-0.3714 -0.3231 -0.7109
-0.3047 -0.2859 -0.7113
-0.2125 -0.3260 -0.7035
-0.1433 -0.3761 -0.7012
-0.1433 -0.3761 -0.7012
-0.1111 -0.4379 -0.7057
-0.1238 -0.4719 -0.6743
-0.1135 -0.4889 -0.6906
-0.0736 -0.5275 -0.7394
-0.0327 -0.5510 -0.8010
-0.0327 -0.5510 -0.8010
-0.0021 -0.5630 -0.8768
0.0141 -0.5599 -0.8628
0.0338 -0.5562 -0.8815
0.0570 -0.5967 -0.8780
0.0821 -0.6269 -0.9081
0.0821 -0.6269 -0.9081
0.0876 -0.6259 -0.8830
0.0994 -0.6055 -0.8635
0.1277 -0.6182 -0.7790
0.1709 -0.6402 -0.7210
0.2229 -0.6832 -0.7037
0.2229 -0.6832 -0.7037
0.2788 -0.6951 -0.7259
0.3312 -0.6917 -0.7875
0.3625 -0.7052 -0.8188
0.3766 -0.7590 -0.8004
0.3766 -0.7590 -0.8004
0.3588 -0.7723 -0.8523
0.3315 -0.7712 -0.9171
0.2917 -0.7286 -0.9695
0.2759 -0.6642 -1.0040
0.2863 -0.5772 -0.9171
0.2863 -0.5772 -0.9171
0.3485 -0.5105 -0.8452
0.4220 -0.5093 -0.7468
0.4962 -0.5120 -0.6995
0.5397 -0.5201 -0.7275
0.5030 -0.5085 -0.8015
0.5030 -0.5085 -0.8015
0.3773 -0.4640 -0.8677
0.2690 -0.4182 -0.9694
0.1760 -0.3673 -1.0175
0.0942 -0.3336 -1.0053
0.0228 -0.3563 -0.9368
0.0228 -0.3563 -0.9368
-0.0335 -0.3952 -0.8655
-0.0844 -0.4621 -0.7817
-0.1398 -0.5147 -0.6776
-0.1772 -0.5407 -0.5945
-0.1933 -0.5870 -0.5414
-0.1933 -0.5870 -0.5414
-0.2047 -0.6428 -0.5285
-0.2288 -0.6859 -0.5712
-0.2496 -0.6865 -0.5786
-0.2456 -0.6853 -0.6072
-0.2456 -0.6853 -0.6072
-0.2253 -0.7060 -0.6297
-0.2039 -0.7379 -0.6394
-0.1929 -0.7722 -0.6648
-0.1908 -0.7925 -0.7339
-0.2201 -0.7652 -0.8069
-0.2201 -0.7652 -0.8069
-0.2576 -0.7413 -0.9031
-0.2915 -0.7384 -0.9308
-0.3087 -0.7197 -1.0228
-0.3240 -0.6938 -1.1370
-0.3724 -0.5905 -1.2098
-0.3724 -0.5905 -1.2098
-0.4146 -0.4829 -1.1831
-0.4244 -0.3832 -1.0150
-0.3674 -0.3834 -0.8275
-0.2649 -0.4817 -0.7088
-0.2108 -0.5517 -0.6160
-0.2108 -0.5517 -0.6160
-0.1681 -0.5476 -0.5715
-0.0831 -0.4886 -0.5666
0.0086 -0.4176 -0.5556
0.1095 -0.4082 -0.5430
0.2099 -0.4544 -0.5341
0.2099 -0.4544 -0.5341
0.2681 -0.5146 -0.5094
0.2802 -0.5612 -0.4753
0.2895 -0.6290 -0.4628
0.2942 -0.6766 -0.5118
0.2942 -0.6766 -0.5118
0.3161 -0.6920 -0.5775
0.3377 -0.6932 -0.6708
0.3474 -0.7301 -0.7739
0.2948 -0.7382 -0.7982
0.1677 -0.7553 -0.9504
0.1677 -0.7553 -0.9504
0.1608 -0.6342 -1.0865
0.0744 -0.5031 -1.1620
-0.0225 -0.7392 -1.0669
-0.0424 -0.7271 -1.0977
-0.0763 -0.7223 -1.0793
-0.0763 -0.7223 -1.0793
-0.0301 -0.7104 -0.9694
0.1010 -0.6985 -0.9597
0.2534 -0.6479 -0.9289
0.3767 -0.5723 -0.8895
0.4798 -0.5188 -0.8640
0.4798 -0.5188 -0.8640
0.4909 -0.4818 -0.8416
0.4666 -0.4813 -0.8421
0.4457 -0.4997 -0.8309
0.3918 -0.5009 -0.8733
0.3918 -0.5009 -0.8733
0.2912 -0.4727 -1.0057
0.1769 -0.4209 -1.0639
0.0657 -0.3318 -1.0807
-0.0200 -0.3207 -1.0022
-0.0948 -0.3329 -0.9118
-0.0948 -0.3329 -0.9118
-0.2047 -0.3554 -0.8204
-0.2849 -0.4052 -0.7538
-0.3168 -0.4267 -0.6586
-0.3154 -0.4584 -0.5680
-0.3162 -0.5004 -0.5054
-0.3162 -0.5004 -0.5054
-0.3128 -0.5227 -0.4766
-0.2950 -0.5402 -0.4547
-0.2586 -0.5714 -0.4809
-0.2465 -0.5766 -0.5075
-0.2369 -0.5612 -0.5168
-0.2369 -0.5612 -0.5168
-0.2034 -0.5964 -0.5321
-0.1657 -0.6474 -0.5282
-0.1523 -0.6544 -0.6192
-0.1595 -0.6710 -0.7424
-0.1935 -0.7130 -0.8335
-0.1935 -0.7130 -0.8335
-0.2332 -0.7347 -0.9596
-0.2679 -0.7399 -1.1106
-0.3244 -0.6717 -1.2439
-0.3741 -0.5731 -1.2573
-0.3741 -0.5731 -1.2573
-0.3808 -0.5357 -1.1131
-0.3395 -0.5951 -0.9481
-0.2887 -0.6646 -0.8554
-0.3242 -0.6497 -0.8020
-0.3723 -0.6022 -0.8278
-0.3723 -0.6022 -0.8278
-0.3536 -0.4958 -0.8084
-0.2550 -0.4044 -0.7402
-0.1379 -0.4156 -0.6297
-0.0417 -0.4533 -0.5601
0.0023 -0.5046 -0.4938
0.0023 -0.5046 -0.4938
-0.0189 -0.5414 -0.4406
-0.0660 -0.5930 -0.4408
-0.0832 -0.6603 -0.4497
-0.0985 -0.6982 -0.4549
-0.1040 -0.7186 -0.5170
-0.1040 -0.7186 -0.5170
-0.0942 -0.7480 -0.6076
-0.0879 -0.7474 -0.6617
-0.0608 -0.7562 -0.7434
-0.0378 -0.7884 -0.8104
-0.0378 -0.7884 -0.8104
-0.0261 -0.7776 -0.7948
-0.0078 -0.8092 -0.7846
0.0248 -0.8405 -0.7725
0.0346 -0.8358 -0.8429
0.0185 -0.8108 -0.8891
0.0185 -0.8108 -0.8891
0.0288 -0.8046 -0.8690
0.0774 -0.8196 -0.8232
0.1262 -0.8094 -0.7513
0.1961 -0.8205 -0.7189
0.2772 -0.8002 -0.7744
0.2772 -0.8002 -0.7744
0.3347 -0.7163 -0.8687
0.3753 -0.6746 -0.8763
0.3941 -0.6542 -0.7808
0.4173 -0.7055 -0.6836
0.4033 -0.7424 -0.6963
0.4033 -0.7424 -0.6963
0.2922 -0.7061 -0.8056
0.1572 -0.6676 -1.0377
0.0257 -0.5537 -1.1891
-0.0770 -0.4247 -1.0717
-0.0960 -0.3806 -0.9095
-0.0960 -0.3806 -0.9095
-0.0857 -0.4395 -0.7583
-0.1097 -0.4452 -0.6797
-0.1192 -0.4387 -0.7107
-0.1191 -0.4444 -0.6674
-0.1191 -0.4444 -0.6674
-0.1224 -0.4228 -0.6315
-0.1304 -0.4535 -0.6307
-0.1184 -0.4740 -0.6497
-0.0964 -0.4744 -0.6517
-0.0762 -0.4719 -0.6711
-0.0762 -0.4719 -0.6711
-0.0559 -0.4875 -0.7100
-0.0488 -0.5095 -0.6899
-0.0457 -0.5260 -0.7159
-0.0428 -0.5731 -0.7164
-0.0472 -0.6180 -0.7260
-0.0472 -0.6180 -0.7260
-0.0345 -0.7580 -0.7129
-0.0590 -0.8154 -0.7465
-0.1694 -0.7562 -1.0894
-0.2836 -0.6476 -1.2928
-0.3383 -0.5454 -1.1983
-0.3383 -0.5454 -1.1983
-0.3400 -0.5049 -0.9384
-0.2374 -0.6663 -0.7935
-0.1415 -0.7630 -0.6461
-0.1504 -0.7626 -0.6059
-0.1894 -0.7426 -0.6376
-0.1894 -0.7426 -0.6376
-0.1797 -0.6477 -0.6649
-0.1124 -0.5706 -0.6592
-0.0048 -0.5753 -0.6232
0.0801 -0.6054 -0.5758
0.0801 -0.6054 -0.5758
0.1320 -0.6266 -0.5702
0.1471 -0.6420 -0.5547
0.1432 -0.6558 -0.5667
0.1359 -0.6642 -0.6155
0.1270 -0.6620 -0.6902
0.1270 -0.6620 -0.6902
0.1089 -0.6363 -0.8051
0.0933 -0.5998 -0.8764
0.0903 -0.5634 -0.9490
0.0812 -0.5380 -0.9590
0.0516 -0.5307 -0.9481
0.0516 -0.5307 -0.9481
0.0201 -0.5518 -0.9310
-0.0044 -0.5547 -0.9288
-0.0184 -0.5531 -0.9342
-0.0214 -0.5676 -0.9281
-0.0220 -0.5529 -1.0005
-0.0220 -0.5529 -1.0005
-0.0733 -0.4641 -1.0880
-0.1097 -0.3962 -1.0955
-0.0896 -0.3676 -1.0255
-0.0252 -0.3902 -0.9845
0.0074 -0.4237 -0.9188
0.0074 -0.4237 -0.9188
0.0125 -0.4642 -0.9060
-0.0202 -0.4926 -0.9309
-0.0856 -0.4765 -1.0211
-0.1152 -0.4503 -1.0568
-0.1152 -0.4503 -1.0568
-0.1217 -0.3914 -1.0001
-0.0666 -0.3778 -0.8556
-0.0066 -0.3986 -0.7419
0.0338 -0.4253 -0.6468
0.0538 -0.4560 -0.6048
0.0538 -0.4560 -0.6048
0.0430 -0.4905 -0.6289
0.0234 -0.5177 -0.6812
0.0121 -0.5300 -0.7274
0.0017 -0.5322 -0.7657
0.0108 -0.5501 -0.8151
0.0108 -0.5501 -0.8151
0.0301 -0.5403 -0.8551
0.0335 -0.5487 -0.8625
0.0343 -0.5823 -0.8666
0.0168 -0.6152 -0.8950
-0.0119 -0.5980 -0.9376
-0.0119 -0.5980 -0.9376
-0.0516 -0.5108 -1.0156
-0.0704 -0.4798 -1.0160
-0.0758 -0.4809 -0.9667
-0.0736 -0.5032 -0.8773
-0.0736 -0.5032 -0.8773
-0.0679 -0.5371 -0.8241
-0.0921 -0.5562 -0.7905
-0.1364 -0.5789 -0.8010
-0.1939 -0.5826 -0.7889
-0.2126 -0.5835 -0.7901
-0.2126 -0.5835 -0.7901
-0.1969 -0.6067 -0.7749
-0.1741 -0.6307 -0.7645
-0.1754 -0.6451 -0.7240
-0.1521 -0.6401 -0.6744
-0.0962 -0.6478 -0.6260
-0.0962 -0.6478 -0.6260
0.0171 -0.6545 -0.6080
0.1531 -0.6560 -0.6256
0.1911 -0.6380 -0.6638
0.1037 -0.5862 -0.7254
0.0161 -0.6248 -0.8705
0.0161 -0.6248 -0.8705
-0.0235 -0.6322 -1.0407
-0.0308 -0.6368 -1.1035
-0.0116 -0.6248 -1.1201
-0.0178 -0.6594 -1.1113
-0.1053 -0.7048 -1.1088
-0.1053 -0.7048 -1.1088
-0.1654 -0.6687 -1.0555
-0.1855 -0.6259 -0.9990
-0.1833 -0.5950 -0.8595
-0.1566 -0.5839 -0.7026
-0.1566 -0.5839 -0.7026
-0.1227 -0.5722 -0.6138
-0.0907 -0.5889 -0.6611
-0.0859 -0.5530 -0.6130
-0.1325 -0.4938 -0.5594
-0.1325 -0.4938 -0.5594
-0.1058 -0.4883 -0.6183
-0.0571 -0.5341 -0.7002
-0.2655 -0.5844 -0.7245
-0.1716 -0.6175 -1.0011
-0.0435 -0.6274 -0.7264
-0.0435 -0.6274 -0.7264
-0.0019 -0.5804 -0.6049
0.0012 -0.6055 -0.6246
-0.0124 -0.6364 -0.6854
0.0242 -0.6135 -0.7660
0.0401 -0.6146 -0.7690
0.0401 -0.6146 -0.7690
0.0236 -0.6305 -0.7083
0.0150 -0.6459 -0.6623
0.0145 -0.6734 -0.6401
0.0043 -0.6684 -0.6547
-0.0007 -0.6773 -0.7484
-0.0007 -0.6773 -0.7484
0.0252 -0.6562 -0.7446
0.0422 -0.6331 -0.7174
0.0183 -0.6669 -0.7101
0.0089 -0.6640 -0.7047
0.0089 -0.6640 -0.7047
0.0007 -0.6625 -0.7098
-0.0030 -0.6916 -0.7426
0.0005 -0.6885 -0.7344
0.0008 -0.6810 -0.6957
-0.0036 -0.6661 -0.6869
-0.0036 -0.6661 -0.6869
-0.0125 -0.6830 -0.7103
-0.0047 -0.6846 -0.7247
0.0015 -0.6778 -0.7173
0.0009 -0.6886 -0.6825
0.0200 -0.6879 -0.7136
0.0200 -0.6879 -0.7136
0.0226 -0.6817 -0.7249
0.0161 -0.6840 -0.7188
0.0179 -0.6959 -0.7081
0.0309 -0.6776 -0.7315
0.0256 -0.6746 -0.7342
0.0256 -0.6746 -0.7342
0.0248 -0.6696 -0.7260
0.0190 -0.6774 -0.7436
0.0205 -0.6809 -0.7391
0.0175 -0.6770 -0.7181
0.0175 -0.6770 -0.7181
0.0175 -0.6729 -0.6981
0.0073 -0.6741 -0.6931
-0.0002 -0.7040 -0.7178
0.0031 -0.7026 -0.7132
-0.0073 -0.6778 -0.6911
-0.0073 -0.6778 -0.6911
0.0015 -0.6800 -0.6979
0.0063 -0.6945 -0.7091
-0.0074 -0.6935 -0.7230
-0.0050 -0.6864 -0.7161
0.0006 -0.7025 -0.7150
0.0006 -0.7025 -0.7150
-0.0009 -0.7032 -0.7146
-0.0149 -0.7059 -0.7091
-0.0195 -0.7036 -0.6905
-0.0151 -0.6981 -0.6759
-0.0207 -0.6990 -0.6756
-0.0207 -0.6990 -0.6756
-0.0204 -0.7108 -0.6886
-0.0188 -0.6942 -0.6823
-0.0214 -0.6905 -0.6809
-0.0168 -0.6939 -0.6639
-0.0129 -0.6956 -0.6673
-0.0129 -0.6956 -0.6673
-0.0066 -0.7037 -0.6734
-0.0010 -0.6978 -0.6774
-0.0069 -0.6935 -0.6823
-0.0129 -0.6926 -0.6803
-0.0129 -0.6926 -0.6803
-0.0126 -0.6975 -0.6724
-0.0211 -0.7057 -0.6810
-0.0213 -0.7015 -0.6959
-0.0079 -0.7072 -0.6905
-0.0052 -0.7009 -0.6906
-0.0052 -0.7009 -0.6906
-0.0097 -0.7042 -0.6849
-0.0141 -0.7063 -0.6732
-0.0309 -0.7083 -0.6740
-0.0337 -0.7064 -0.6738
-0.0259 -0.7099 -0.6955
-0.0259 -0.7099 -0.6955
-0.0100 -0.7025 -0.7022
-0.0157 -0.7001 -0.6871
-0.0160 -0.7073 -0.6859
-0.0154 -0.7043 -0.6878
-0.0096 -0.7058 -0.7008
-0.0096 -0.7058 -0.7008
-0.0115 -0.7149 -0.7061
-0.0146 -0.7070 -0.6976
-0.0144 -0.7087 -0.6954
-0.0083 -0.7091 -0.6997
-0.0083 -0.7091 -0.6997
-0.0137 -0.7054 -0.7049
-0.0178 -0.7088 -0.6976
-0.0126 -0.7137 -0.6859
-0.0133 -0.7119 -0.6876
-0.0124 -0.7060 -0.6907
-0.0124 -0.7060 -0.6907
-0.0062 -0.7104 -0.6892
-0.0117 -0.7042 -0.6934
-0.0167 -0.7062 -0.6789
-0.0132 -0.7107 -0.6727
-0.0128 -0.7181 -0.6638
-0.0128 -0.7181 -0.6638
-0.0108 -0.7058 -0.6774
-0.0081 -0.7009 -0.6978
-0.0103 -0.7056 -0.6877
-0.0187 -0.7056 -0.6687
-0.0164 -0.7054 -0.6728
-0.0164 -0.7054 -0.6728
-0.0105 -0.7107 -0.6785
-0.0181 -0.7062 -0.6781
-0.0135 -0.7043 -0.6923
-0.0103 -0.7077 -0.6845
-0.0157 -0.7128 -0.6778
-0.0157 -0.7128 -0.6778
-0.0136 -0.7115 -0.6798
-0.0024 -0.7074 -0.6677
-0.0104 -0.7118 -0.6714
-0.0117 -0.7199 -0.6901
-0.0117 -0.7199 -0.6901
-0.0125 -0.7093 -0.6884
-0.0071 -0.7145 -0.6964
-0.0141 -0.7145 -0.6879
-0.0125 -0.7171 -0.6914
-0.0028 -0.7130 -0.6981
-0.0028 -0.7130 -0.6981
-0.0036 -0.7166 -0.7042
-0.0066 -0.7148 -0.6978
-0.0115 -0.7142 -0.6826
-0.0130 -0.7168 -0.6859
-0.0135 -0.7162 -0.6975
-0.0135 -0.7162 -0.6975
-0.0168 -0.7110 -0.6970
-0.0156 -0.7194 -0.6968
-0.0139 -0.7177 -0.6935
-0.0055 -0.7125 -0.6908
-0.0069 -0.7207 -0.6923
-0.0069 -0.7207 -0.6923
-0.0101 -0.7103 -0.6845
-0.0091 -0.7228 -0.6844
-0.0025 -0.7181 -0.6741
-0.0068 -0.7276 -0.6758
-0.0030 -0.7152 -0.6605
-0.0030 -0.7152 -0.6605
-0.0095 -0.7168 -0.6660
-0.0160 -0.7213 -0.6631
-0.0204 -0.7280 -0.6621
-0.0208 -0.7161 -0.6364
-0.0208 -0.7161 -0.6364
-0.0194 -0.7248 -0.6420
-0.0181 -0.7185 -0.6557
-0.0150 -0.7053 -0.6757
-0.0134 -0.7021 -0.6794
-0.0216 -0.7191 -0.6582
-0.0216 -0.7191 -0.6582
-0.0212 -0.7160 -0.6541
-0.0162 -0.7182 -0.6636
-0.0200 -0.7191 -0.6743
-0.0158 -0.7260 -0.6765
-0.0153 -0.7190 -0.6719
-0.0225 -0.7264 -0.6628
-0.0231 -0.7419 -0.6579
-0.0259 -0.7548 -0.6574
-0.0196 -0.7579 -0.6674
-0.0208 -0.7738 -0.6785
-0.0208 -0.7738 -0.6785
-0.0281 -0.7791 -0.6813
-0.0369 -0.7659 -0.6910
-0.0298 -0.7580 -0.6997
-0.0306 -0.7527 -0.7059
-0.0306 -0.7527 -0.7059
-0.0324 -0.7221 -0.6759
-0.0180 -0.7132 -0.6793
-0.0076 -0.6986 -0.7097
-0.0001 -0.6643 -0.7579
-0.0172 -0.6130 -0.7572
-0.0172 -0.6130 -0.7572
-0.0040 -0.6172 -0.7670
-0.0071 -0.6305 -0.8143
-0.0151 -0.6271 -0.8130
-0.0382 -0.6068 -0.7435
-0.0272 -0.6252 -0.7458
-0.0272 -0.6252 -0.7458
-0.0308 -0.6229 -0.7526
-0.0405 -0.6286 -0.7466
-0.0445 -0.6256 -0.7126
-0.0330 -0.6348 -0.7227
-0.0196 -0.6606 -0.7107
-0.0196 -0.6606 -0.7107
-0.0079 -0.6757 -0.7177
-0.0044 -0.7106 -0.7450
-0.0089 -0.7385 -0.7856
-0.0007 -0.7523 -0.8001
0.0059 -0.7521 -0.7946
0.0059 -0.7521 -0.7946
0.0173 -0.7222 -0.7664
0.0054 -0.6730 -0.7120
-0.0153 -0.6286 -0.6826
-0.0008 -0.5764 -0.7630
-0.0008 -0.5764 -0.7630
0.0383 -0.5403 -0.9007
0.0434 -0.5114 -0.8812
0.0356 -0.4787 -0.7309
-0.0085 -0.4922 -0.6638
-0.0412 -0.4721 -0.6664
-0.0412 -0.4721 -0.6664
-0.0131 -0.4834 -0.8092
0.0276 -0.5014 -0.8665
0.0161 -0.5024 -0.8717
0.0194 -0.4871 -0.8555
-0.0008 -0.4727 -0.7766
-0.0008 -0.4727 -0.7766
0.0015 -0.4975 -0.7739
0.0176 -0.5140 -0.8284
0.0314 -0.4901 -0.8773
0.0274 -0.4864 -0.8831
0.0305 -0.4898 -0.8544
0.0305 -0.4898 -0.8544
0.0320 -0.4809 -0.8366
0.0256 -0.5045 -0.8472
0.0166 -0.5045 -0.8283
0.0098 -0.4902 -0.8335
0.0146 -0.4940 -0.8592
0.0146 -0.4940 -0.8592
0.0108 -0.4814 -0.8529
-0.0050 -0.5012 -0.8334
-0.0001 -0.5058 -0.8236
0.0006 -0.4910 -0.8398
0.0006 -0.4910 -0.8398
-0.0067 -0.4912 -0.8565
-0.0120 -0.5019 -0.8415
-0.0228 -0.5054 -0.8413
-0.0341 -0.5127 -0.8241
-0.0268 -0.5162 -0.8368
-0.0268 -0.5162 -0.8368
-0.0015 -0.5200 -0.8007
-0.0032 -0.5780 -0.7860
-0.0354 -0.5797 -0.7703
-0.0302 -0.5729 -0.7379
-0.0035 -0.6229 -0.7260
-0.0035 -0.6229 -0.7260
-0.0049 -0.6248 -0.7458
-0.0076 -0.6102 -0.6682
-0.0184 -0.6266 -0.6686
-0.0119 -0.6758 -0.7487
-0.0169 -0.6663 -0.7318
-0.0169 -0.6663 -0.7318
0.0018 -0.6449 -0.7087
0.0046 -0.6644 -0.7474
0.0001 -0.6786 -0.7667
0.0219 -0.6659 -0.7751
0.0219 -0.6659 -0.7751
0.0328 -0.6760 -0.7458
0.0072 -0.6785 -0.6905
-0.0084 -0.7136 -0.7287
-0.0125 -0.7109 -0.7333
0.0058 -0.7018 -0.7254
0.0058 -0.7018 -0.7254
0.0045 -0.6919 -0.6855
-0.0146 -0.7040 -0.6973
-0.0110 -0.7360 -0.7370
0.0085 -0.7289 -0.7090
0.0112 -0.7043 -0.6814
0.0112 -0.7043 -0.6814
0.0011 -0.7213 -0.7138
-0.0031 -0.7292 -0.7213
0.0100 -0.7083 -0.7074
0.0098 -0.7084 -0.6728
-0.0002 -0.7205 -0.6948
-0.0002 -0.7205 -0.6948
-0.0059 -0.7120 -0.7112
-0.0062 -0.6997 -0.7065
-0.0057 -0.6998 -0.6905
-0.0098 -0.6965 -0.6743
-0.0151 -0.6961 -0.6869
-0.0151 -0.6961 -0.6869
-0.0186 -0.6994 -0.7117
-0.0087 -0.6967 -0.7265
-0.0053 -0.6944 -0.6997
-0.0037 -0.7120 -0.6901
-0.0037 -0.7120 -0.6901
-0.0084 -0.7049 -0.6855
-0.0040 -0.7044 -0.6935
0.0062 -0.6955 -0.7207
0.0022 -0.6944 -0.7111
-0.0071 -0.6992 -0.7066
-0.0071 -0.6992 -0.7066
0.0051 -0.6956 -0.6944
0.0060 -0.6979 -0.6753
-0.0014 -0.6998 -0.6998
-0.0057 -0.7030 -0.7031
0.0019 -0.7005 -0.6973
0.0019 -0.7005 -0.6973
0.0043 -0.7000 -0.6997
0.0010 -0.6963 -0.7072
-0.0036 -0.6909 -0.7077
-0.0020 -0.6898 -0.7047
0.0036 -0.6993 -0.7036
0.0036 -0.6993 -0.7036
0.0054 -0.6959 -0.7075
-0.0007 -0.6924 -0.6884
0.0002 -0.6993 -0.6931
0.0103 -0.7093 -0.6911
0.0044 -0.6966 -0.7009
0.0044 -0.6966 -0.7009
-0.0133 -0.6999 -0.7062
-0.0082 -0.6938 -0.6992
-0.0107 -0.6976 -0.7016
-0.0105 -0.7011 -0.7115
-0.0105 -0.7011 -0.7115
-0.0070 -0.6971 -0.7050
-0.0045 -0.6887 -0.6931
-0.0087 -0.6953 -0.6977
-0.0141 -0.6938 -0.6959
-0.0021 -0.7002 -0.7060
-0.0021 -0.7002 -0.7060
-0.0006 -0.6906 -0.7002
-0.0099 -0.6946 -0.6965
-0.0143 -0.7008 -0.6973
0.0020 -0.6913 -0.6795
-0.0096 -0.6948 -0.6832
-0.0096 -0.6948 -0.6832
-0.0149 -0.7103 -0.7202
-0.0062 -0.6941 -0.7186
-0.0061 -0.6981 -0.7168
-0.0080 -0.6960 -0.7228
-0.0037 -0.6810 -0.6744
-0.0037 -0.6810 -0.6744
-0.0045 -0.7022 -0.6685
-0.0103 -0.6998 -0.6924
-0.0103 -0.6886 -0.6929
-0.0118 -0.6923 -0.6906
-0.0121 -0.6987 -0.6909
-0.0121 -0.6987 -0.6909
-0.0089 -0.7037 -0.6970
-0.0102 -0.6922 -0.7007
-0.0149 -0.6883 -0.6912
-0.0103 -0.6966 -0.7086
-0.0103 -0.6966 -0.7086
-0.0078 -0.6902 -0.7150
-0.0100 -0.6983 -0.7194
-0.0059 -0.6991 -0.7129
-0.0013 -0.6911 -0.7061
-0.0067 -0.6923 -0.7041
-0.0067 -0.6923 -0.7041
-0.0105 -0.6973 -0.7086
-0.0084 -0.6891 -0.7079
-0.0107 -0.6872 -0.7081
-0.0056 -0.6940 -0.7017
-0.0094 -0.6871 -0.7075
-0.0094 -0.6871 -0.7075
-0.0058 -0.6893 -0.7113
-0.0017 -0.6860 -0.7047
-0.0095 -0.6853 -0.6752
-0.0247 -0.6892 -0.6900
-0.0199 -0.7135 -0.7094
-0.0199 -0.7135 -0.7094
-0.0261 -0.6899 -0.7127
-0.0052 -0.6991 -0.7263
-0.0001 -0.6978 -0.6955
-0.0025 -0.6872 -0.6782
-0.0134 -0.6972 -0.6985
-0.0134 -0.6972 -0.6985
-0.0097 -0.6951 -0.6990
-0.0176 -0.6997 -0.7043
-0.0144 -0.6958 -0.6956
-0.0135 -0.6901 -0.6820
-0.0208 -0.6942 -0.6895
-0.0099 -0.6923 -0.6928
-0.0064 -0.6917 -0.6981
-0.0119 -0.6935 -0.7039
-0.0170 -0.6871 -0.7091
-0.0112 -0.6927 -0.7084
-0.0112 -0.6927 -0.7084
-0.0136 -0.6989 -0.7035
-0.0129 -0.7022 -0.7047
-0.0100 -0.6997 -0.6845
-0.0100 -0.6997 -0.6845
-0.0145 -0.6973 -0.6871
-0.0119 -0.6920 -0.6968
-0.0151 -0.6947 -0.6893
-0.0085 -0.7061 -0.7027
-0.0003 -0.6982 -0.7039
-0.0003 -0.6982 -0.7039
-0.0052 -0.6966 -0.6996
-0.0144 -0.6962 -0.7012
-0.0104 -0.7015 -0.7141
-0.0114 -0.6877 -0.7245
-0.0114 -0.6877 -0.7245
-0.0077 -0.6951 -0.7130
-0.0041 -0.6897 -0.7085
0.0012 -0.6792 -0.7066
-0.0027 -0.6819 -0.6976
-0.0086 -0.6857 -0.6894
-0.0086 -0.6857 -0.6894
-0.0117 -0.7030 -0.7011
-0.0079 -0.6958 -0.6799
-0.0001 -0.7003 -0.6720
0.0023 -0.7099 -0.6898
0.0050 -0.6907 -0.6918
0.0050 -0.6907 -0.6918
-0.0041 -0.6866 -0.6998
-0.0155 -0.7014 -0.7224
-0.0064 -0.6986 -0.7217
-0.0023 -0.7004 -0.7230
-0.0096 -0.6966 -0.7080
-0.0096 -0.6966 -0.7080
-0.0019 -0.6820 -0.6863
-0.0117 -0.6917 -0.6987
-0.0174 -0.6966 -0.7035
-0.0140 -0.6990 -0.7081
-0.0151 -0.7018 -0.6925
-0.0151 -0.7018 -0.6925
-0.0121 -0.6998 -0.7047
-0.0093 -0.6896 -0.7054
-0.0184 -0.6958 -0.7076
-0.0157 -0.6987 -0.7015
-0.0157 -0.6987 -0.7015
-0.0078 -0.7000 -0.7093
-0.0056 -0.6974 -0.7085
-0.0139 -0.6902 -0.6990
-0.0096 -0.7016 -0.6960
-0.0118 -0.6993 -0.6947
-0.0118 -0.6993 -0.6947
-0.0128 -0.7021 -0.7020
-0.0072 -0.6920 -0.7095
-0.0094 -0.6810 -0.7039
-0.0147 -0.6947 -0.6989
-0.0235 -0.6890 -0.6899
-0.0235 -0.6890 -0.6899
-0.0195 -0.6946 -0.6798
-0.0090 -0.6994 -0.6907
-0.0005 -0.6895 -0.7049
-0.0047 -0.6889 -0.7059
-0.0127 -0.6907 -0.6935
-0.0127 -0.6907 -0.6935
-0.0154 -0.7052 -0.7024
-0.0112 -0.7044 -0.7138
-0.0030 -0.7003 -0.7098
-0.0114 -0.6973 -0.6824
-0.0114 -0.6973 -0.6824
-0.0086 -0.6955 -0.6945
-0.0101 -0.6975 -0.6972
-0.0145 -0.6907 -0.6991
-0.0090 -0.7005 -0.6956
0.0016 -0.7000 -0.6835
0.0016 -0.7000 -0.6835
0.0049 -0.6938 -0.6797
-0.0031 -0.6919 -0.6898
-0.0058 -0.7212 -0.7232
-0.0067 -0.6885 -0.7088
0.0013 -0.6894 -0.7151
0.0013 -0.6894 -0.7151
0.0095 -0.6905 -0.7133
-0.0057 -0.6928 -0.6913
-0.0113 -0.6906 -0.6758
-0.0196 -0.6984 -0.6755
-0.0110 -0.7012 -0.6915
-0.0110 -0.7012 -0.6915
-0.0069 -0.6952 -0.6940
-0.0084 -0.6873 -0.6864
-0.0081 -0.6822 -0.7016
-0.0040 -0.6908 -0.7113
-0.0041 -0.6836 -0.7064
-0.0041 -0.6836 -0.7064
0.0038 -0.6860 -0.7075
0.0037 -0.6804 -0.6919
0.0024 -0.6834 -0.7026
-0.0002 -0.6797 -0.6908
-0.0002 -0.6797 -0.6908
-0.0005 -0.6751 -0.6997
0.0033 -0.6708 -0.6933
-0.0009 -0.6833 -0.7038
-0.0078 -0.6842 -0.6971
-0.0187 -0.6853 -0.7005
-0.0187 -0.6853 -0.7005
-0.0049 -0.7050 -0.7043
-0.0066 -0.6987 -0.7189
-0.0063 -0.7000 -0.7236
-0.0108 -0.7160 -0.7341
-0.0100 -0.7171 -0.7273
-0.0100 -0.7171 -0.7273
-0.0084 -0.7232 -0.7072
-0.0029 -0.7202 -0.6988
0.0014 -0.7140 -0.7097
-0.0049 -0.7174 -0.7229
0.0036 -0.7235 -0.7121
0.0036 -0.7235 -0.7121
0.0079 -0.7149 -0.6875
0.0031 -0.7152 -0.6643
-0.0009 -0.7261 -0.6576
0.0018 -0.7145 -0.6840
0.0048 -0.7213 -0.6932
0.0048 -0.7213 -0.6932
0.0094 -0.7200 -0.6870
-0.0027 -0.7166 -0.6614
-0.0001 -0.7174 -0.6557
0.0077 -0.6994 -0.5890
0.0077 -0.6994 -0.5890
0.0135 -0.7230 -0.6934
-0.0017 -0.7348 -0.7083
-0.0084 -0.7241 -0.7117
-0.0021 -0.7119 -0.6937
0.0103 -0.6905 -0.6496
0.0103 -0.6905 -0.6496

