0.1453 -0.0761 -0.0929
0.1453 -0.0761 -0.0929
0.1453 -0.0762 -0.0930
0.1453 -0.0762 -0.0932
0.1451 -0.0761 -0.0933
0.1445 -0.0758 -0.0934
0.1443 -0.0757 -0.0936
0.1442 -0.0756 -0.0937
0.1443 -0.0756 -0.0939
0.1444 -0.0755 -0.0940
0.1444 -0.0755 -0.0942
0.1441 -0.0758 -0.0936
0.1440 -0.0759 -0.0935
0.1440 -0.0759 -0.0935
0.1440 -0.0759 -0.0936
0.1441 -0.0760 -0.0936
0.1441 -0.0760 -0.0936
0.1439 -0.0761 -0.0933
0.1438 -0.0762 -0.0933
0.1438 -0.0762 -0.0933
0.1439 -0.0762 -0.0933
0.1439 -0.0763 -0.0934
0.1440 -0.0764 -0.0934
0.1438 -0.0761 -0.0940
0.1437 -0.0760 -0.0942
0.1437 -0.0760 -0.0943
0.1437 -0.0761 -0.0943
0.1438 -0.0763 -0.0942
0.1438 -0.0766 -0.0940
0.1438 -0.0766 -0.0944
0.1437 -0.0768 -0.0945
0.1437 -0.0769 -0.0945
0.1437 -0.0770 -0.0945
0.1436 -0.0771 -0.0944
0.1436 -0.0773 -0.0945
0.1436 -0.0774 -0.0949
0.1435 -0.0775 -0.0951
0.1434 -0.0775 -0.0952
0.1433 -0.0774 -0.0953
0.1433 -0.0774 -0.0954
0.1432 -0.0774 -0.0957
0.1431 -0.0772 -0.0961
0.1431 -0.0773 -0.0963
0.1430 -0.0773 -0.0964
0.1429 -0.0773 -0.0964
0.1428 -0.0774 -0.0963
0.1427 -0.0773 -0.0962
0.1420 -0.0776 -0.0963
0.1418 -0.0777 -0.0963
0.1416 -0.0778 -0.0962
0.1414 -0.0778 -0.0962
0.1411 -0.0781 -0.0963
0.1403 -0.0787 -0.0969
0.1400 -0.0791 -0.0969
0.1396 -0.0793 -0.0968
0.1393 -0.0796 -0.0967
0.1389 -0.0798 -0.0964
0.1382 -0.0800 -0.0964
0.1369 -0.0805 -0.0967
0.1361 -0.0808 -0.0966
0.1353 -0.0812 -0.0962
0.1345 -0.0816 -0.0958
0.1335 -0.0821 -0.0952
0.1324 -0.0827 -0.0945
0.1296 -0.0842 -0.0944
0.1275 -0.0852 -0.0937
0.1255 -0.0862 -0.0927
0.1232 -0.0872 -0.0915
0.1205 -0.0884 -0.0901
0.1175 -0.0895 -0.0888
0.1132 -0.0910 -0.0876
0.1089 -0.0925 -0.0862
0.1042 -0.0942 -0.0845
0.0989 -0.0961 -0.0826
0.0930 -0.0983 -0.0803
0.0866 -0.1007 -0.0776
0.0795 -0.1036 -0.0746
0.0720 -0.1065 -0.0714
0.0639 -0.1094 -0.0680
0.0555 -0.1122 -0.0646
0.0466 -0.1149 -0.0612
0.0372 -0.1172 -0.0580
0.0271 -0.1192 -0.0549
0.0170 -0.1212 -0.0519
0.0067 -0.1232 -0.0490
-0.0039 -0.1252 -0.0461
-0.0149 -0.1275 -0.0431
-0.0261 -0.1302 -0.0400
-0.0376 -0.1325 -0.0368
-0.0493 -0.1357 -0.0335
-0.0613 -0.1395 -0.0301
-0.0735 -0.1442 -0.0265
-0.0861 -0.1497 -0.0226
-0.0991 -0.1557 -0.0184
-0.1122 -0.1619 -0.0142
-0.1259 -0.1684 -0.0101
-0.1402 -0.1747 -0.0061
-0.1551 -0.1807 -0.0023
-0.1706 -0.1867 0.0013
-0.1864 -0.1928 0.0049
-0.2028 -0.1981 0.0074
-0.2192 -0.2039 0.0105
-0.2356 -0.2097 0.0135
-0.2519 -0.2154 0.0165
-0.2682 -0.2210 0.0195
-0.2845 -0.2266 0.0228
-0.3009 -0.2321 0.0262
-0.3173 -0.2373 0.0297
-0.3340 -0.2422 0.0332
-0.3509 -0.2466 0.0366
-0.3678 -0.2501 0.0399
-0.3848 -0.2525 0.0432
-0.4016 -0.2534 0.0470
-0.4183 -0.2535 0.0503
-0.4348 -0.2527 0.0531
-0.4509 -0.2510 0.0558
-0.4667 -0.2485 0.0583
-0.4821 -0.2452 0.0613
-0.4970 -0.2411 0.0652
-0.5118 -0.2374 0.0687
-0.5265 -0.2341 0.0724
-0.5411 -0.2313 0.0763
-0.5554 -0.2289 0.0804
-0.5694 -0.2268 0.0851
-0.5829 -0.2251 0.0906
-0.5967 -0.2237 0.0956
-0.6107 -0.2228 0.1003
-0.6248 -0.2225 0.1049
-0.6391 -0.2227 0.1096
-0.6536 -0.2235 0.1144
-0.6655 -0.2261 0.1241
-0.6789 -0.2283 0.1312
-0.6926 -0.2306 0.1378
-0.7061 -0.2328 0.1444
-0.7194 -0.2349 0.1512
-0.7323 -0.2370 0.1581
-0.7429 -0.2384 0.1686
-0.7547 -0.2405 0.1771
-0.7669 -0.2432 0.1850
-0.7794 -0.2463 0.1929
-0.7922 -0.2497 0.2009
-0.8042 -0.2534 0.2100
-0.8145 -0.2572 0.2209
-0.8269 -0.2606 0.2303
-0.8400 -0.2635 0.2392
-0.8536 -0.2658 0.2479
-0.8675 -0.2672 0.2564
-0.8816 -0.2676 0.2649
-0.8931 -0.2656 0.2750
-0.9059 -0.2631 0.2840
-0.9186 -0.2598 0.2926
-0.9311 -0.2559 0.3011
-0.9434 -0.2518 0.3092
-0.9560 -0.2481 0.3170
-0.9683 -0.2447 0.3251
-0.9822 -0.2422 0.3322
-0.9972 -0.2406 0.3386
-1.0130 -0.2400 0.3445
-1.0296 -0.2401 0.3498
-1.0465 -0.2405 0.3547
-1.0622 -0.2394 0.3602
-1.0786 -0.2395 0.3646
-1.0949 -0.2399 0.3685
-1.1108 -0.2401 0.3721
-1.1263 -0.2400 0.3754
-1.1416 -0.2395 0.3790
-1.1568 -0.2382 0.3834
-1.1715 -0.2378 0.3868
-1.1860 -0.2377 0.3902
-1.2004 -0.2381 0.3937
-1.2150 -0.2387 0.3976
-1.2298 -0.2395 0.4021
-1.2629 -0.2395 0.4166
-1.2787 -0.2407 0.4233
-1.2944 -0.2421 0.4302
-1.3101 -0.2435 0.4374
-1.3258 -0.2446 0.4447
-1.3414 -0.2436 0.4541
-1.3567 -0.2432 0.4625
-1.3715 -0.2427 0.4707
-1.3860 -0.2417 0.4792
-1.3999 -0.2399 0.4881
-1.4134 -0.2374 0.4976
-1.4296 -0.2361 0.5094
-1.4429 -0.2330 0.5211
-1.4546 -0.2290 0.5335
-1.4647 -0.2244 0.5467
-1.4734 -0.2195 0.5604
-1.4810 -0.2146 0.5745
-1.4928 -0.2095 0.5903
-1.5011 -0.2053 0.6054
-1.5084 -0.2022 0.6208
-1.5154 -0.2002 0.6371
-1.5221 -0.1991 0.6544
-1.5281 -0.1987 0.6723
-1.5372 -0.1993 0.6924
-1.5429 -0.2000 0.7111
-1.5474 -0.2011 0.7290
-1.5515 -0.2027 0.7466
-1.5557 -0.2049 0.7639
-1.5619 -0.2075 0.7817
-1.5713 -0.2104 0.8004
-1.5785 -0.2142 0.8181
-1.5855 -0.2186 0.8357
-1.5926 -0.2232 0.8532
-1.5998 -0.2278 0.8705
-1.6090 -0.2322 0.8882
-1.6218 -0.2365 0.9068
-1.6314 -0.2399 0.9237
-1.6402 -0.2426 0.9398
-1.6490 -0.2448 0.9556
-1.6580 -0.2465 0.9711
-1.6674 -0.2475 0.9862
-1.6836 -0.2496 1.0025
-1.6963 -0.2500 1.0175
-1.7083 -0.2495 1.0321
-1.7205 -0.2483 1.0464
-1.7329 -0.2465 1.0602
-1.7462 -0.2440 1.0739
-1.7604 -0.2407 1.0879
-1.7863 -0.2340 1.1113
-1.7996 -0.2309 1.1215
-1.8135 -0.2283 1.1309
-1.8283 -0.2265 1.1398
-1.8440 -0.2254 1.1482
-1.8608 -0.2249 1.1572
-1.8776 -0.2248 1.1653
-1.8942 -0.2249 1.1731
-1.9103 -0.2248 1.1805
-1.9260 -0.2246 1.1874
-1.9418 -0.2244 1.1964
-1.9568 -0.2242 1.2034
-1.9714 -0.2241 1.2096
-1.9857 -0.2241 1.2154
-1.9999 -0.2243 1.2213
-2.0138 -0.2246 1.2277
-2.0285 -0.2255 1.2392
-2.0424 -0.2263 1.2485
-2.0562 -0.2272 1.2576
-2.0698 -0.2283 1.2673
-2.0834 -0.2294 1.2776
-2.0971 -0.2297 1.2899
-2.1110 -0.2284 1.3052
-2.1247 -0.2290 1.3185
-2.1382 -0.2301 1.3313
-2.1516 -0.2313 1.3444
-2.1648 -0.2324 1.3577
-2.1776 -0.2330 1.3717
-2.1900 -0.2327 1.3864
-2.2021 -0.2324 1.4010
-2.2138 -0.2318 1.4159
-2.2247 -0.2307 1.4314
-2.2345 -0.2287 1.4476
-2.2427 -0.2259 1.4643
-2.2487 -0.2232 1.4806
-2.2536 -0.2197 1.4970
-2.2580 -0.2161 1.5130
-2.2625 -0.2129 1.5289
-2.2675 -0.2104 1.5451
-2.2728 -0.2088 1.5621
-2.2770 -0.2081 1.5797
-2.2814 -0.2077 1.5986
-2.2853 -0.2074 1.6182
-2.2884 -0.2071 1.6377
-2.2911 -0.2071 1.6568
-2.2939 -0.2076 1.6754
-2.2959 -0.2088 1.6924
-2.2998 -0.2104 1.7097
-2.3048 -0.2125 1.7267
-2.3105 -0.2149 1.7437
-2.3168 -0.2176 1.7606
-2.3234 -0.2204 1.7775
-2.3302 -0.2242 1.7940
-2.3373 -0.2271 1.8107
-2.3448 -0.2297 1.8273
-2.3527 -0.2321 1.8436
-2.3611 -0.2343 1.8595
-2.3702 -0.2363 1.8748
-2.3823 -0.2401 1.8909
-2.3937 -0.2423 1.9056
-2.4053 -0.2438 1.9195
-2.4175 -0.2450 1.9330
-2.4304 -0.2457 1.9461
-2.4438 -0.2461 1.9589
-2.4580 -0.2461 1.9718
-2.4725 -0.2457 1.9838
-2.4871 -0.2449 1.9951
-2.5019 -0.2437 2.0054
-2.5169 -0.2424 2.0146
-2.5321 -0.2414 2.0229
-2.5480 -0.2412 2.0304
-2.5649 -0.2409 2.0369
-2.5829 -0.2410 2.0427
-2.6017 -0.2415 2.0479
-2.6210 -0.2424 2.0525
-2.6401 -0.2432 2.0567
-2.6587 -0.2451 2.0588
-2.6767 -0.2457 2.0614
-2.6940 -0.2456 2.0637
-2.7106 -0.2452 2.0655
-2.7266 -0.2447 2.0667
-2.7422 -0.2442 2.0675
-2.7574 -0.2438 2.0680
-2.7713 -0.2441 2.0672
-2.7855 -0.2442 2.0672
-2.7995 -0.2444 2.0678
-2.8133 -0.2448 2.0687
-2.8269 -0.2454 2.0701
-2.8387 -0.2461 2.0703
-2.8516 -0.2472 2.0720
-2.8648 -0.2486 2.0746
-2.8782 -0.2503 2.0777
-2.8916 -0.2521 2.0812
-2.9051 -0.2541 2.0852
-2.9179 -0.2563 2.0888
-2.9311 -0.2581 2.0934
-2.9442 -0.2594 2.0985
-2.9571 -0.2601 2.1042
-2.9695 -0.2601 2.1104
-2.9815 -0.2594 2.1173
-2.9922 -0.2592 2.1221
-3.0025 -0.2574 2.1300
-3.0120 -0.2547 2.1396
-3.0205 -0.2516 2.1506
-3.0284 -0.2483 2.1627
-3.0360 -0.2451 2.1755
-3.0436 -0.2417 2.1853
-3.0518 -0.2392 2.1984
-3.0607 -0.2373 2.2131
-3.0698 -0.2359 2.2294
-3.0787 -0.2346 2.2469
-3.0865 -0.2332 2.2640
-3.0929 -0.2318 2.2794
-3.0982 -0.2305 2.2970
-3.1028 -0.2295 2.3149
-3.1070 -0.2291 2.3324
-3.1113 -0.2295 2.3494
-3.1160 -0.2308 2.3660
-3.1220 -0.2333 2.3786
-3.1282 -0.2366 2.3933
-3.1347 -0.2407 2.4084
-3.1413 -0.2452 2.4233
-3.1479 -0.2499 2.4378
-3.1545 -0.2547 2.4515
-3.1613 -0.2601 2.4610
-3.1683 -0.2648 2.4716
-3.1757 -0.2692 2.4819
-3.1835 -0.2733 2.4915
-3.1918 -0.2770 2.5005
-3.2005 -0.2802 2.5091
-3.2099 -0.2841 2.5157
-3.2189 -0.2866 2.5236
-3.2275 -0.2881 2.5322
-3.2358 -0.2887 2.5410
-3.2441 -0.2887 2.5499
-3.2525 -0.2885 2.5588
-3.2611 -0.2875 2.5669
-3.2705 -0.2871 2.5756
-3.2809 -0.2866 2.5846
-3.2919 -0.2860 2.5937
-3.3031 -0.2849 2.6030
-3.3141 -0.2831 2.6123
-3.3246 -0.2813 2.6204
-3.3341 -0.2785 2.6289
-3.3430 -0.2755 2.6371
-3.3520 -0.2730 2.6448
-3.3616 -0.2712 2.6519
-3.3718 -0.2697 2.6581
-3.3821 -0.2682 2.6631
-3.3931 -0.2677 2.6684
-3.4038 -0.2673 2.6734
-3.4136 -0.2666 2.6781
-3.4223 -0.2653 2.6825
-3.4295 -0.2632 2.6865
-3.4353 -0.2604 2.6905
-3.4408 -0.2587 2.6941
-3.4457 -0.2579 2.6978
-3.4502 -0.2578 2.7018
-3.4541 -0.2583 2.7061
-3.4574 -0.2593 2.7111
-3.4593 -0.2587 2.7164
-3.4610 -0.2602 2.7228
-3.4624 -0.2628 2.7301
-3.4635 -0.2661 2.7383
-3.4644 -0.2702 2.7472
-3.4650 -0.2747 2.7565
-3.4650 -0.2785 2.7652
-3.4649 -0.2833 2.7744
-3.4645 -0.2884 2.7835
-3.4637 -0.2933 2.7921
-3.4623 -0.2979 2.8002
-3.4604 -0.3019 2.8075
-3.4571 -0.3050 2.8126
-3.4542 -0.3078 2.8177
-3.4516 -0.3104 2.8223
-3.4490 -0.3127 2.8264
-3.4466 -0.3147 2.8301
-3.4441 -0.3165 2.8335
-3.4423 -0.3175 2.8353
-3.4399 -0.3187 2.8378
-3.4374 -0.3200 2.8405
-3.4348 -0.3213 2.8430
-3.4320 -0.3226 2.8454
-3.4292 -0.3239 2.8475
-3.4264 -0.3233 2.8488
-3.4235 -0.3238 2.8499
-3.4205 -0.3245 2.8504
-3.4174 -0.3249 2.8504
-3.4140 -0.3249 2.8498
-3.4101 -0.3237 2.8482
-3.4051 -0.3207 2.8451
-3.3995 -0.3182 2.8432
-3.3930 -0.3153 2.8414
-3.3853 -0.3115 2.8392
-3.3763 -0.3067 2.8363
-3.3662 -0.3004 2.8317
-3.3551 -0.2924 2.8249
-3.3435 -0.2861 2.8186
-3.3316 -0.2808 2.8122
-3.3193 -0.2763 2.8053
-3.3070 -0.2723 2.7979
-3.2945 -0.2690 2.7898
-3.2825 -0.2642 2.7796
-3.2702 -0.2612 2.7695
-3.2578 -0.2590 2.7590
-3.2453 -0.2574 2.7478
-3.2329 -0.2565 2.7362
-3.2205 -0.2563 2.7242
-3.2094 -0.2552 2.7104
-3.1975 -0.2559 2.6977
-3.1853 -0.2576 2.6855
-3.1729 -0.2600 2.6734
-3.1606 -0.2630 2.6613
-3.1483 -0.2662 2.6491
-3.1377 -0.2679 2.6351
-3.1265 -0.2709 2.6222
-3.1154 -0.2742 2.6096
-3.1045 -0.2776 2.5974
-3.0939 -0.2809 2.5855
-3.0834 -0.2841 2.5737
-3.0736 -0.2859 2.5613
-3.0637 -0.2880 2.5493
-3.0539 -0.2897 2.5373
-3.0443 -0.2910 2.5252
-3.0350 -0.2919 2.5133
-3.0259 -0.2924 2.5017
-3.0182 -0.2921 2.4896
-3.0094 -0.2917 2.4782
-3.0003 -0.2909 2.4668
-2.9913 -0.2894 2.4551
-2.9826 -0.2872 2.4431
-2.9744 -0.2845 2.4307
-2.9669 -0.2817 2.4177
-2.9588 -0.2789 2.4053
-2.9505 -0.2762 2.3933
-2.9420 -0.2739 2.3816
-2.9333 -0.2717 2.3703
-2.9249 -0.2697 2.3590
-2.9171 -0.2677 2.3475
-2.9087 -0.2661 2.3365
-2.9002 -0.2650 2.3258
-2.8916 -0.2645 2.3154
-2.8828 -0.2647 2.3054
-2.8739 -0.2655 2.2957
-2.8655 -0.2670 2.2849
-2.8565 -0.2691 2.2755
-2.8470 -0.2717 2.2668
-2.8372 -0.2747 2.2585
-2.8270 -0.2781 2.2506
-2.8165 -0.2818 2.2431
-2.8088 -0.2852 2.2330
-2.7987 -0.2889 2.2253
-2.7877 -0.2925 2.2184
-2.7762 -0.2960 2.2119
-2.7644 -0.2992 2.2057
-2.7523 -0.3022 2.1997
-2.7436 -0.3048 2.1919
-2.7323 -0.3071 2.1853
-2.7199 -0.3091 2.1788
-2.7071 -0.3109 2.1722
-2.6940 -0.3126 2.1654
-2.6805 -0.3142 2.1585
-2.6689 -0.3150 2.1476
-2.6557 -0.3162 2.1389
-2.6420 -0.3173 2.1307
-2.6281 -0.3180 2.1222
-2.6144 -0.3182 2.1132
-2.6007 -0.3181 2.1035
-2.5904 -0.3160 2.0905
-2.5782 -0.3148 2.0781
-2.5659 -0.3135 2.0652
-2.5545 -0.3116 2.0514
-2.5446 -0.3089 2.0368
-2.5374 -0.3058 2.0217
-2.5333 -0.3027 2.0063
-2.5282 -0.2997 1.9904
-2.5230 -0.2972 1.9740
-2.5180 -0.2954 1.9566
-2.5136 -0.2943 1.9381
-2.5110 -0.2939 1.9188
-2.5110 -0.2941 1.8992
-2.5108 -0.2944 1.8791
-2.5110 -0.2950 1.8592
-2.5116 -0.2961 1.8395
-2.5126 -0.2978 1.8200
-2.5137 -0.3001 1.8006
-2.5177 -0.3025 1.7823
-2.5202 -0.3056 1.7634
-2.5224 -0.3090 1.7445
-2.5245 -0.3126 1.7258
-2.5268 -0.3161 1.7075
-2.5291 -0.3194 1.6896
-2.5347 -0.3230 1.6741
-2.5380 -0.3262 1.6581
-2.5401 -0.3290 1.6421
-2.5416 -0.3315 1.6266
-2.5426 -0.3336 1.6114
-2.5430 -0.3354 1.5967
-2.5460 -0.3367 1.5840
-2.5464 -0.3381 1.5704
-2.5454 -0.3397 1.5564
-2.5433 -0.3415 1.5420
-2.5401 -0.3436 1.5274
-2.5358 -0.3458 1.5126
-2.5353 -0.3479 1.5008
-2.5304 -0.3496 1.4870
-2.5231 -0.3508 1.4724
-2.5141 -0.3516 1.4576
-2.5040 -0.3520 1.4425
-2.4930 -0.3518 1.4272
-2.4856 -0.3493 1.4132
-2.4746 -0.3472 1.3988
-2.4619 -0.3449 1.3847
-2.4481 -0.3426 1.3709
-2.4331 -0.3403 1.3575
-2.4179 -0.3383 1.3448
-2.4030 -0.3364 1.3329
-2.3845 -0.3351 1.3207
-2.3640 -0.3341 1.3087
-2.3424 -0.3333 1.2971
-2.3202 -0.3326 1.2863
-2.2988 -0.3314 1.2763
-2.2792 -0.3295 1.2675
-2.2584 -0.3276 1.2596
-2.2378 -0.3255 1.2524
-2.2175 -0.3234 1.2458
-2.1978 -0.3213 1.2395
-2.1787 -0.3196 1.2330
-2.1632 -0.3176 1.2251
-2.1463 -0.3167 1.2173
-2.1294 -0.3165 1.2091
-2.1128 -0.3170 1.2000
-2.0964 -0.3182 1.1900
-2.0805 -0.3198 1.1789
-2.0677 -0.3209 1.1671
-2.0536 -0.3228 1.1544
-2.0394 -0.3250 1.1410
-2.0253 -0.3274 1.1268
-2.0114 -0.3299 1.1119
-1.9977 -0.3324 1.0962
-1.9857 -0.3336 1.0802
-1.9732 -0.3354 1.0632
-1.9611 -0.3371 1.0456
-1.9497 -0.3382 1.0275
-1.9391 -0.3386 1.0091
-1.9299 -0.3387 0.9906
-1.9225 -0.3385 0.9724
-1.9157 -0.3368 0.9538
-1.9101 -0.3339 0.9355
-1.9060 -0.3302 0.9177
-1.9032 -0.3261 0.9004
-1.9016 -0.3222 0.8833
-1.9008 -0.3191 0.8658
-1.8999 -0.3164 0.8483
-1.8992 -0.3146 0.8302
-1.8988 -0.3137 0.8117
-1.8987 -0.3135 0.7932
-1.8993 -0.3145 0.7751
-1.9007 -0.3168 0.7576
-1.9005 -0.3190 0.7405
-1.8990 -0.3217 0.7237
-1.8964 -0.3252 0.7070
-1.8926 -0.3295 0.6902
-1.8883 -0.3351 0.6734
-1.8840 -0.3423 0.6568
-1.8776 -0.3490 0.6393
-1.8698 -0.3559 0.6213
-1.8608 -0.3628 0.6030
-1.8508 -0.3697 0.5844
-1.8398 -0.3762 0.5658
-1.8311 -0.3836 0.5492
-1.8194 -0.3886 0.5317
-1.8067 -0.3919 0.5144
-1.7935 -0.3940 0.4973
-1.7799 -0.3951 0.4801
-1.7660 -0.3955 0.4627
-1.7562 -0.3970 0.4465
-1.7436 -0.3964 0.4293
-1.7298 -0.3947 0.4117
-1.7152 -0.3924 0.3940
-1.6997 -0.3899 0.3765
-1.6829 -0.3872 0.3593
-1.6672 -0.3855 0.3448
-1.6484 -0.3831 0.3298
-1.6279 -0.3803 0.3153
-1.6060 -0.3774 0.3016
-1.5831 -0.3745 0.2887
-1.5595 -0.3717 0.2765
-1.5378 -0.3689 0.2672
-1.5146 -0.3660 0.2571
-1.4914 -0.3629 0.2475
-1.4685 -0.3593 0.2390
-1.4462 -0.3555 0.2314
-1.4245 -0.3516 0.2246
-1.4068 -0.3476 0.2229
-1.3880 -0.3442 0.2179
-1.3695 -0.3413 0.2115
-1.3517 -0.3389 0.2043
-1.3346 -0.3372 0.1963
-1.3191 -0.3359 0.1887
-1.3056 -0.3349 0.1821
-1.2906 -0.3354 0.1728
-1.2752 -0.3369 0.1620
-1.2598 -0.3393 0.1502
-1.2446 -0.3423 0.1377
-1.2303 -0.3456 0.1256
-1.2173 -0.3490 0.1148
-1.2032 -0.3533 0.1018
-1.1886 -0.3584 0.0877
-1.1738 -0.3639 0.0731
-1.1592 -0.3695 0.0581
-1.1447 -0.3748 0.0431
-1.1310 -0.3793 0.0320
-1.1176 -0.3833 0.0180
-1.1049 -0.3863 0.0030
-1.0934 -0.3880 -0.0122
-1.0832 -0.3883 -0.0273
-1.0743 -0.3872 -0.0420
-1.0638 -0.3854 -0.0527
-1.0553 -0.3831 -0.0657
-1.0475 -0.3808 -0.0799
-1.0403 -0.3787 -0.0951
-1.0337 -0.3766 -0.1111
-1.0282 -0.3743 -0.1276
-1.0222 -0.3721 -0.1420
-1.0178 -0.3701 -0.1574
-1.0139 -0.3687 -0.1728
-1.0097 -0.3680 -0.1881
-1.0052 -0.3683 -0.2032
-1.0005 -0.3696 -0.2172
-0.9958 -0.3715 -0.2298
-0.9904 -0.3742 -0.2444
-0.9846 -0.3774 -0.2601
-0.9786 -0.3812 -0.2764
-0.9723 -0.3853 -0.2933
-0.9658 -0.3897 -0.3106
-0.9593 -0.3946 -0.3255
-0.9522 -0.3990 -0.3422
-0.9448 -0.4030 -0.3593
-0.9369 -0.4065 -0.3762
-0.9284 -0.4095 -0.3930
-0.9198 -0.4121 -0.4090
-0.9110 -0.4147 -0.4240
-0.9009 -0.4166 -0.4400
-0.8899 -0.4181 -0.4562
-0.8785 -0.4191 -0.4722
-0.8665 -0.4194 -0.4879
-0.8542 -0.4188 -0.5022
-0.8416 -0.4173 -0.5149
-0.8275 -0.4164 -0.5291
-0.8120 -0.4159 -0.5437
-0.7951 -0.4154 -0.5583
-0.7771 -0.4148 -0.5721
-0.7578 -0.4137 -0.5849
-0.7379 -0.4111 -0.5942
-0.7165 -0.4089 -0.6038
-0.6936 -0.4071 -0.6131
-0.6692 -0.4056 -0.6220
-0.6439 -0.4045 -0.6304
-0.6180 -0.4034 -0.6384
-0.5934 -0.4002 -0.6432
-0.5687 -0.3970 -0.6483
-0.5449 -0.3933 -0.6524
-0.5218 -0.3893 -0.6557
-0.4992 -0.3856 -0.6583
-0.4768 -0.3825 -0.6605
-0.4562 -0.3788 -0.6608
-0.4349 -0.3767 -0.6623
-0.4139 -0.3753 -0.6640
-0.3935 -0.3745 -0.6656
-0.3736 -0.3743 -0.6672
-0.3540 -0.3747 -0.6688
-0.3367 -0.3737 -0.6663
-0.3184 -0.3748 -0.6664
-0.2999 -0.3768 -0.6671
-0.2818 -0.3795 -0.6678
-0.2639 -0.3825 -0.6682
-0.2463 -0.3860 -0.6683
-0.2301 -0.3880 -0.6664
-0.2133 -0.3915 -0.6655
-0.1965 -0.3955 -0.6647
-0.1796 -0.3996 -0.6637
-0.1623 -0.4036 -0.6626
-0.1448 -0.4068 -0.6616
-0.1277 -0.4087 -0.6609
-0.1121 -0.4103 -0.6607
-0.0982 -0.4106 -0.6606
-0.0859 -0.4098 -0.6603
-0.0745 -0.4082 -0.6597
-0.0630 -0.4062 -0.6590
-0.0508 -0.4042 -0.6584
-0.0379 -0.4034 -0.6584
-0.0244 -0.4033 -0.6592
-0.0110 -0.4034 -0.6607
0.0022 -0.4033 -0.6625
0.0150 -0.4032 -0.6640
0.0277 -0.4014 -0.6620
0.0409 -0.4016 -0.6612
0.0546 -0.4028 -0.6602
0.0689 -0.4048 -0.6586
0.0837 -0.4074 -0.6563
0.0989 -0.4104 -0.6532
0.1144 -0.4124 -0.6461
0.1302 -0.4156 -0.6406
0.1461 -0.4191 -0.6351
0.1620 -0.4226 -0.6290
0.1775 -0.4259 -0.6222
0.1928 -0.4284 -0.6139
0.2079 -0.4300 -0.6034
0.2219 -0.4319 -0.5934
0.2354 -0.4337 -0.5832
0.2484 -0.4353 -0.5727
0.2610 -0.4369 -0.5619
0.2732 -0.4382 -0.5509
0.2868 -0.4376 -0.5383
0.2988 -0.4379 -0.5264
0.3098 -0.4381 -0.5149
0.3198 -0.4380 -0.5036
0.3288 -0.4373 -0.4927
0.3371 -0.4358 -0.4816
0.3452 -0.4335 -0.4703
0.3517 -0.4318 -0.4593
0.3573 -0.4305 -0.4483
0.3625 -0.4293 -0.4375
0.3672 -0.4281 -0.4270
0.3720 -0.4263 -0.4167
0.3769 -0.4238 -0.4065
0.3804 -0.4213 -0.3977
0.3831 -0.4189 -0.3895
0.3851 -0.4168 -0.3816
0.3866 -0.4153 -0.3737
0.3890 -0.4143 -0.3571
0.3909 -0.4144 -0.3477
0.3919 -0.4155 -0.3389
0.3926 -0.4170 -0.3302
0.3930 -0.4188 -0.3217
0.3933 -0.4208 -0.3133
0.3933 -0.4228 -0.3050
0.3930 -0.4248 -0.2968
0.3923 -0.4267 -0.2887
0.3913 -0.4284 -0.2808
0.3900 -0.4300 -0.2729
0.3887 -0.4314 -0.2650
0.3900 -0.4302 -0.2557
0.3895 -0.4303 -0.2479
0.3882 -0.4306 -0.2411
0.3864 -0.4305 -0.2351
0.3841 -0.4299 -0.2296
0.3802 -0.4294 -0.2251
0.3744 -0.4295 -0.2218
0.3707 -0.4291 -0.2177
0.3680 -0.4287 -0.2134
0.3659 -0.4283 -0.2092
0.3643 -0.4279 -0.2054
0.3605 -0.4278 -0.2031
0.3528 -0.4281 -0.2031
0.3500 -0.4278 -0.2011
0.3489 -0.4274 -0.1985
0.3486 -0.4269 -0.1957
0.3488 -0.4266 -0.1927
0.3468 -0.4266 -0.1912
0.3413 -0.4269 -0.1921
0.3396 -0.4274 -0.1896
0.3386 -0.4282 -0.1855
0.3374 -0.4293 -0.1807
0.3360 -0.4308 -0.1754
0.3320 -0.4311 -0.1715
0.3241 -0.4291 -0.1703
0.3195 -0.4284 -0.1666
0.3154 -0.4275 -0.1624
0.3110 -0.4257 -0.1582
0.3061 -0.4231 -0.1543
0.2995 -0.4173 -0.1526
0.2904 -0.4070 -0.1545
0.2845 -0.3998 -0.1534
0.2798 -0.3934 -0.1518
0.2757 -0.3870 -0.1501
0.2721 -0.3809 -0.1483
0.2689 -0.3754 -0.1464
0.2644 -0.3691 -0.1483
0.2614 -0.3641 -0.1475
0.2592 -0.3598 -0.1459
0.2573 -0.3561 -0.1441
0.2559 -0.3530 -0.1423
0.2539 -0.3494 -0.1412
0.2506 -0.3445 -0.1411
0.2491 -0.3419 -0.1402
0.2490 -0.3396 -0.1396
0.2496 -0.3371 -0.1395
0.2501 -0.3346 -0.1396
0.2500 -0.3317 -0.1405
0.2491 -0.3279 -0.1428
0.2490 -0.3261 -0.1432
0.2492 -0.3249 -0.1431
0.2495 -0.3237 -0.1431
0.2497 -0.3225 -0.1434
0.2498 -0.3214 -0.1437
0.2504 -0.3202 -0.1470
0.2507 -0.3194 -0.1481
0.2509 -0.3190 -0.1484
0.2511 -0.3187 -0.1484
0.2515 -0.3185 -0.1483
0.2518 -0.3181 -0.1484
0.2525 -0.3173 -0.1480
0.2528 -0.3169 -0.1480
0.2529 -0.3167 -0.1480
0.2530 -0.3165 -0.1481
0.2530 -0.3164 -0.1481
0.2535 -0.3164 -0.1477
0.2545 -0.3170 -0.1465
0.2549 -0.3171 -0.1461
0.2551 -0.3171 -0.1459
0.2552 -0.3171 -0.1458
0.2554 -0.3171 -0.1457
0.2556 -0.3171 -0.1456
0.2562 -0.3163 -0.1461
0.2566 -0.3160 -0.1462
0.2569 -0.3159 -0.1462
0.2571 -0.3157 -0.1461
0.2573 -0.3156 -0.1460
0.2575 -0.3155 -0.1459
0.2572 -0.3142 -0.1467
0.2572 -0.3137 -0.1468
0.2572 -0.3134 -0.1468
0.2572 -0.3131 -0.1468
0.2571 -0.3128 -0.1468
0.2566 -0.3122 -0.1472
0.2555 -0.3111 -0.1483
0.2549 -0.3104 -0.1488
0.2546 -0.3099 -0.1492
0.2543 -0.3094 -0.1496
0.2540 -0.3089 -0.1500
0.2538 -0.3084 -0.1503
0.2523 -0.3077 -0.1511
0.2517 -0.3072 -0.1515
0.2513 -0.3068 -0.1519
0.2510 -0.3064 -0.1522
0.2507 -0.3061 -0.1526
0.2505 -0.3057 -0.1529
0.2486 -0.3050 -0.1539
0.2479 -0.3044 -0.1545
0.2475 -0.3038 -0.1550
0.2471 -0.3033 -0.1555
0.2468 -0.3026 -0.1560
0.2465 -0.3020 -0.1565
0.2452 -0.3013 -0.1572
0.2446 -0.3007 -0.1578
0.2442 -0.3002 -0.1582
0.2439 -0.2996 -0.1585
0.2437 -0.2991 -0.1589
0.2433 -0.2988 -0.1592
0.2425 -0.2987 -0.1597
0.2422 -0.2984 -0.1601
0.2421 -0.2981 -0.1604
0.2419 -0.2979 -0.1607
0.2418 -0.2977 -0.1609
0.2414 -0.2976 -0.1613
0.2412 -0.2976 -0.1615
0.2410 -0.2975 -0.1618
0.2408 -0.2975 -0.1620
0.2406 -0.2975 -0.1622
0.2402 -0.2969 -0.1628
0.2394 -0.2955 -0.1641
0.2390 -0.2951 -0.1646
0.2388 -0.2950 -0.1649
0.2385 -0.2949 -0.1651
0.2383 -0.2950 -0.1653
0.2382 -0.2951 -0.1654
0.2378 -0.2925 -0.1673
0.2377 -0.2917 -0.1679
0.2376 -0.2915 -0.1682
0.2375 -0.2915 -0.1684
0.2375 -0.2915 -0.1686
0.2374 -0.2915 -0.1687
0.2362 -0.2897 -0.1703
0.2358 -0.2891 -0.1709
0.2356 -0.2889 -0.1713
0.2355 -0.2887 -0.1715
0.2354 -0.2886 -0.1717
0.2353 -0.2884 -0.1719
0.2358 -0.2887 -0.1712
0.2358 -0.2886 -0.1711
0.2357 -0.2884 -0.1713
0.2356 -0.2882 -0.1715
0.2355 -0.2879 -0.1716
0.2354 -0.2877 -0.1718
0.2358 -0.2876 -0.1713
0.2359 -0.2874 -0.1713
0.2359 -0.2871 -0.1714
0.2358 -0.2869 -0.1715
0.2357 -0.2866 -0.1717
0.2355 -0.2862 -0.1719
0.2349 -0.2856 -0.1720
0.2346 -0.2852 -0.1720
0.2345 -0.2850 -0.1721
0.2344 -0.2848 -0.1722
0.2343 -0.2846 -0.1723
0.2341 -0.2848 -0.1722
0.2340 -0.2856 -0.1718
0.2339 -0.2859 -0.1716
0.2338 -0.2859 -0.1716
0.2338 -0.2860 -0.1716
0.2337 -0.2860 -0.1717
0.2337 -0.2860 -0.1718
0.2335 -0.2861 -0.1714
0.2335 -0.2861 -0.1712
0.2334 -0.2861 -0.1712
0.2334 -0.2862 -0.1711
0.2334 -0.2863 -0.1710
0.2333 -0.2863 -0.1709
0.2333 -0.2864 -0.1704
0.2332 -0.2865 -0.1702
0.2332 -0.2865 -0.1701
0.2332 -0.2865 -0.1700
0.2331 -0.2864 -0.1699
0.2331 -0.2863 -0.1698
0.2331 -0.2861 -0.1695
0.2330 -0.2859 -0.1694
0.2330 -0.2857 -0.1694
0.2329 -0.2855 -0.1694
0.2329 -0.2852 -0.1693
0.2327 -0.2850 -0.1693
0.2324 -0.2849 -0.1695
0.2323 -0.2846 -0.1695
0.2323 -0.2843 -0.1696
0.2323 -0.2840 -0.1697
0.2322 -0.2836 -0.1698
0.2322 -0.2832 -0.1699
0.2312 -0.2839 -0.1717
0.2309 -0.2838 -0.1723
0.2308 -0.2834 -0.1726
0.2307 -0.2830 -0.1728
0.2306 -0.2825 -0.1729
0.2304 -0.2822 -0.1732
0.2300 -0.2820 -0.1737
0.2298 -0.2817 -0.1738
0.2296 -0.2814 -0.1739
0.2296 -0.2810 -0.1739
0.2295 -0.2807 -0.1739
0.2295 -0.2804 -0.1736
0.2295 -0.2803 -0.1734
0.2295 -0.2803 -0.1732
0.2295 -0.2802 -0.1731
0.2295 -0.2802 -0.1730
0.2295 -0.2802 -0.1730
0.2296 -0.2804 -0.1727
0.2296 -0.2804 -0.1726
0.2296 -0.2804 -0.1726
0.2296 -0.2805 -0.1724
0.2297 -0.2806 -0.1723
0.2297 -0.2807 -0.1721
0.2298 -0.2808 -0.1720
0.2289 -0.2807 -0.1716
0.2287 -0.2807 -0.1712
0.2287 -0.2807 -0.1708
0.2287 -0.2807 -0.1702
0.2289 -0.2807 -0.1695
0.2290 -0.2805 -0.1687
0.2284 -0.2792 -0.1678
0.2284 -0.2784 -0.1668
0.2286 -0.2778 -0.1657
0.2289 -0.2771 -0.1645
0.2292 -0.2765 -0.1632
0.2296 -0.2760 -0.1618
0.2296 -0.2754 -0.1600
0.2298 -0.2749 -0.1583
0.2300 -0.2744 -0.1567
0.2302 -0.2738 -0.1554
0.2303 -0.2731 -0.1544
0.2305 -0.2725 -0.1534
0.2307 -0.2722 -0.1524
0.2307 -0.2712 -0.1520
0.2308 -0.2701 -0.1517
0.2308 -0.2689 -0.1515
0.2309 -0.2678 -0.1513
0.2310 -0.2669 -0.1510
0.2312 -0.2662 -0.1505
0.2314 -0.2653 -0.1503
0.2316 -0.2644 -0.1502
0.2318 -0.2637 -0.1501
0.2321 -0.2630 -0.1498
0.2325 -0.2614 -0.1488
0.2327 -0.2602 -0.1482
0.2328 -0.2588 -0.1474
0.2328 -0.2571 -0.1464
0.2328 -0.2553 -0.1453
0.2328 -0.2534 -0.1439
0.2324 -0.2520 -0.1432
0.2324 -0.2507 -0.1417
0.2324 -0.2496 -0.1400
0.2324 -0.2484 -0.1385
0.2323 -0.2469 -0.1374
0.2322 -0.2454 -0.1367
0.2323 -0.2444 -0.1361
0.2324 -0.2438 -0.1354
0.2325 -0.2435 -0.1346
0.2327 -0.2434 -0.1341
0.2328 -0.2433 -0.1337
0.2329 -0.2432 -0.1333
0.2330 -0.2432 -0.1330
0.2331 -0.2429 -0.1330
0.2332 -0.2427 -0.1331
0.2334 -0.2429 -0.1332
0.2336 -0.2432 -0.1332
0.2339 -0.2435 -0.1328
0.2341 -0.2438 -0.1318
0.2343 -0.2437 -0.1317
0.2345 -0.2436 -0.1320
0.2346 -0.2435 -0.1325
0.2347 -0.2434 -0.1330
0.2348 -0.2433 -0.1331
0.2349 -0.2430 -0.1326
0.2349 -0.2429 -0.1328
0.2349 -0.2429 -0.1333
0.2350 -0.2429 -0.1339
0.2350 -0.2429 -0.1346
0.2351 -0.2427 -0.1352
0.2350 -0.2424 -0.1357
0.2350 -0.2422 -0.1365
0.2351 -0.2421 -0.1375
0.2353 -0.2419 -0.1386
0.2355 -0.2417 -0.1399
0.2357 -0.2416 -0.1412
0.2360 -0.2416 -0.1425
0.2364 -0.2414 -0.1441
0.2369 -0.2411 -0.1460
0.2374 -0.2408 -0.1480
0.2378 -0.2406 -0.1499
0.2384 -0.2404 -0.1519
0.2381 -0.2401 -0.1540
0.2383 -0.2403 -0.1558
0.2387 -0.2406 -0.1575
0.2391 -0.2411 -0.1592
0.2395 -0.2418 -0.1608
0.2400 -0.2428 -0.1622
0.2398 -0.2430 -0.1637
0.2401 -0.2439 -0.1649
0.2405 -0.2450 -0.1661
0.2410 -0.2462 -0.1672
0.2414 -0.2473 -0.1683
0.2418 -0.2484 -0.1694
0.2427 -0.2502 -0.1698
0.2432 -0.2513 -0.1708
0.2435 -0.2522 -0.1719
0.2437 -0.2531 -0.1730
0.2439 -0.2539 -0.1739
0.2443 -0.2549 -0.1745
0.2450 -0.2562 -0.1746
0.2453 -0.2571 -0.1752
0.2455 -0.2578 -0.1758
0.2456 -0.2584 -0.1764
0.2458 -0.2589 -0.1769
0.2458 -0.2586 -0.1780
0.2456 -0.2570 -0.1800
0.2456 -0.2567 -0.1808
0.2456 -0.2567 -0.1813
0.2456 -0.2568 -0.1816
0.2456 -0.2569 -0.1818
0.2453 -0.2563 -0.1826
0.2446 -0.2548 -0.1840
0.2443 -0.2544 -0.1845
0.2441 -0.2542 -0.1846
0.2440 -0.2542 -0.1847
0.2439 -0.2542 -0.1847
0.2437 -0.2539 -0.1852
0.2435 -0.2529 -0.1864
0.2434 -0.2525 -0.1868
0.2433 -0.2524 -0.1870
0.2433 -0.2522 -0.1872
0.2433 -0.2521 -0.1873
0.2433 -0.2519 -0.1874
0.2430 -0.2521 -0.1874
0.2430 -0.2522 -0.1874
0.2430 -0.2522 -0.1873
0.2430 -0.2522 -0.1872
0.2429 -0.2521 -0.1872
0.2429 -0.2522 -0.1869
0.2430 -0.2526 -0.1862
0.2430 -0.2527 -0.1859
0.2429 -0.2527 -0.1857
0.2429 -0.2527 -0.1855
0.2429 -0.2526 -0.1854
0.2429 -0.2528 -0.1849
0.2429 -0.2534 -0.1840
0.2429 -0.2536 -0.1835
0.2429 -0.2536 -0.1832
0.2428 -0.2536 -0.1830
0.2428 -0.2536 -0.1828
0.2426 -0.2538 -0.1825
0.2423 -0.2546 -0.1819
0.2421 -0.2548 -0.1816
0.2419 -0.2548 -0.1814
0.2418 -0.2548 -0.1813
0.2416 -0.2547 -0.1810
0.2415 -0.2547 -0.1808
0.2415 -0.2547 -0.1809
0.2414 -0.2546 -0.1809
0.2413 -0.2545 -0.1808
0.2412 -0.2544 -0.1807
0.2411 -0.2543 -0.1805
0.2409 -0.2543 -0.1804
0.2405 -0.2545 -0.1804
0.2403 -0.2546 -0.1803
0.2403 -0.2545 -0.1803
0.2402 -0.2545 -0.1802
0.2402 -0.2544 -0.1801
0.2400 -0.2545 -0.1801
0.2396 -0.2550 -0.1801
0.2394 -0.2551 -0.1801
0.2394 -0.2551 -0.1800
0.2393 -0.2551 -0.1800
0.2393 -0.2551 -0.1800
0.2393 -0.2552 -0.1798
0.2393 -0.2555 -0.1794
0.2393 -0.2555 -0.1793
0.2393 -0.2554 -0.1793
0.2392 -0.2552 -0.1793
0.2392 -0.2551 -0.1794
0.2392 -0.2552 -0.1795
0.2393 -0.2558 -0.1797
0.2393 -0.2560 -0.1798
0.2393 -0.2561 -0.1798
0.2393 -0.2561 -0.1798
0.2393 -0.2562 -0.1798
0.2392 -0.2563 -0.1796
0.2389 -0.2565 -0.1792
0.2388 -0.2566 -0.1790
0.2388 -0.2566 -0.1789
0.2389 -0.2567 -0.1789
0.2390 -0.2567 -0.1788
0.2391 -0.2567 -0.1789
0.2383 -0.2564 -0.1791
0.2381 -0.2562 -0.1792
0.2381 -0.2560 -0.1793
0.2381 -0.2559 -0.1793
0.2382 -0.2559 -0.1794
0.2381 -0.2556 -0.1795
0.2378 -0.2551 -0.1799
0.2378 -0.2548 -0.1802
0.2378 -0.2546 -0.1803
0.2378 -0.2545 -0.1805
0.2378 -0.2543 -0.1806
0.2378 -0.2544 -0.1807
0.2378 -0.2547 -0.1806
0.2378 -0.2547 -0.1807
0.2379 -0.2547 -0.1808
0.2380 -0.2547 -0.1809
0.2381 -0.2547 -0.1810
0.2384 -0.2545 -0.1814
0.2385 -0.2544 -0.1816
0.2387 -0.2544 -0.1818
0.2388 -0.2543 -0.1819
0.2390 -0.2543 -0.1821
0.2390 -0.2543 -0.1821
0.2394 -0.2542 -0.1825
0.2397 -0.2541 -0.1827
0.2384 -0.2545 -0.1823
0.2381 -0.2547 -0.1823
0.2381 -0.2548 -0.1823
0.2382 -0.2548 -0.1824
0.2384 -0.2549 -0.1825
0.2384 -0.2549 -0.1825
0.2388 -0.2550 -0.1828
0.2390 -0.2551 -0.1830
0.2392 -0.2551 -0.1832
0.2395 -0.2551 -0.1834
0.2387 -0.2553 -0.1831
0.2386 -0.2553 -0.1831
0.2387 -0.2553 -0.1832
0.2389 -0.2553 -0.1833
0.2391 -0.2553 -0.1834
0.2393 -0.2553 -0.1834
0.2389 -0.2556 -0.1828
0.2389 -0.2557 -0.1826
0.2390 -0.2557 -0.1826
0.2392 -0.2557 -0.1825
0.2394 -0.2557 -0.1825
0.2396 -0.2556 -0.1824
0.2391 -0.2560 -0.1823
0.2390 -0.2560 -0.1823
0.2391 -0.2559 -0.1824
0.2392 -0.2557 -0.1825
0.2392 -0.2556 -0.1826
0.2391 -0.2556 -0.1826
0.2388 -0.2561 -0.1824
0.2387 -0.2562 -0.1825
0.2386 -0.2562 -0.1826
0.2386 -0.2561 -0.1827
0.2385 -0.2561 -0.1827
0.2385 -0.2562 -0.1826
0.2385 -0.2563 -0.1833
0.2384 -0.2564 -0.1834
0.2383 -0.2564 -0.1834
0.2382 -0.2565 -0.1833
0.2381 -0.2565 -0.1833
0.2379 -0.2565 -0.1832
0.2381 -0.2566 -0.1841
0.2380 -0.2566 -0.1844
0.2379 -0.2565 -0.1845
0.2377 -0.2564 -0.1846
0.2375 -0.2564 -0.1847
0.2374 -0.2565 -0.1849
0.2376 -0.2569 -0.1853
0.2376 -0.2569 -0.1855
0.2376 -0.2569 -0.1855
0.2375 -0.2569 -0.1855
0.2375 -0.2568 -0.1856
0.2375 -0.2566 -0.1856
0.2374 -0.2570 -0.1858
0.2374 -0.2571 -0.1858
0.2374 -0.2570 -0.1858
0.2374 -0.2568 -0.1859
0.2375 -0.2566 -0.1859
0.2376 -0.2566 -0.1859
0.2377 -0.2569 -0.1859
0.2378 -0.2569 -0.1859
0.2379 -0.2568 -0.1858
0.2380 -0.2566 -0.1859
0.2381 -0.2565 -0.1859
0.2382 -0.2564 -0.1860
0.2383 -0.2566 -0.1860
0.2384 -0.2566 -0.1861
0.2386 -0.2566 -0.1861
0.2388 -0.2566 -0.1861
0.2390 -0.2565 -0.1861
0.2392 -0.2566 -0.1862
0.2393 -0.2567 -0.1863
0.2394 -0.2568 -0.1864
0.2396 -0.2567 -0.1865
0.2398 -0.2567 -0.1865
0.2400 -0.2565 -0.1866
0.2400 -0.2564 -0.1867
0.2398 -0.2563 -0.1868
0.2399 -0.2562 -0.1869
0.2401 -0.2561 -0.1869
0.2403 -0.2561 -0.1869
0.2405 -0.2560 -0.1870
0.2406 -0.2559 -0.1871
0.2403 -0.2558 -0.1876
0.2403 -0.2558 -0.1877
0.2404 -0.2558 -0.1877
0.2405 -0.2558 -0.1876
0.2406 -0.2558 -0.1875
0.2406 -0.2560 -0.1875
0.2403 -0.2565 -0.1875
0.2401 -0.2565 -0.1876
0.2401 -0.2565 -0.1876
0.2401 -0.2565 -0.1877
0.2402 -0.2565 -0.1877
0.2401 -0.2567 -0.1877
0.2399 -0.2571 -0.1877
0.2399 -0.2573 -0.1876
0.2400 -0.2575 -0.1876
0.2401 -0.2576 -0.1876
0.2402 -0.2578 -0.1877
0.2404 -0.2579 -0.1877
0.2403 -0.2583 -0.1880
0.2404 -0.2585 -0.1881
0.2404 -0.2587 -0.1883
0.2405 -0.2589 -0.1885
0.2405 -0.2592 -0.1886
0.2405 -0.2595 -0.1888
0.2405 -0.2600 -0.1893
0.2405 -0.2604 -0.1897
0.2404 -0.2608 -0.1900
0.2404 -0.2612 -0.1904
0.2404 -0.2616 -0.1907
0.2404 -0.2620 -0.1912
0.2404 -0.2623 -0.1920
0.2404 -0.2626 -0.1925
0.2405 -0.2628 -0.1930
0.2406 -0.2629 -0.1936
0.2408 -0.2628 -0.1942
0.2408 -0.2627 -0.1950
0.2407 -0.2628 -0.1959
0.2408 -0.2627 -0.1965
0.2409 -0.2625 -0.1972
0.2411 -0.2621 -0.1979
0.2413 -0.2617 -0.1985
0.2414 -0.2613 -0.1993
0.2415 -0.2611 -0.2001
0.2416 -0.2607 -0.2007
0.2417 -0.2604 -0.2013
0.2418 -0.2600 -0.2018
0.2419 -0.2596 -0.2023
0.2420 -0.2592 -0.2028
0.2418 -0.2592 -0.2034
0.2418 -0.2590 -0.2040
0.2419 -0.2587 -0.2044
0.2420 -0.2585 -0.2048
0.2421 -0.2583 -0.2052
0.2422 -0.2583 -0.2055

