0.0000 0.0000 0.0000
0.0000 0.0000 0.0000
0.0000 0.0000 0.0000
0.0000 0.0000 0.0000
0.0000 0.0000 0.0000
0.0000 0.0000 0.0000
0.0000 0.0000 0.0000
0.0000 0.0000 0.0000
0.0000 0.0000 0.0000
0.0000 0.0000 0.0000
0.0000 0.0000 0.0000
0.0000 0.0000 0.0000
0.0236 -0.0041 -0.9859
0.0219 -0.0044 -0.9853
0.0228 -0.0073 -0.9855
0.0229 -0.0080 -0.9859
0.0217 -0.0049 -0.9853
0.0217 -0.0049 -0.9853
0.0233 -0.0043 -0.9839
0.0229 -0.0069 -0.9882
0.0221 -0.0083 -0.9873
0.0220 -0.0060 -0.9869
0.0228 -0.0031 -0.9821
0.0228 -0.0031 -0.9821
0.0229 -0.0044 -0.9862
0.0233 -0.0076 -0.9868
0.0209 -0.0084 -0.9879
0.0235 -0.0052 -0.9851
0.0235 -0.0052 -0.9851
0.0222 -0.0038 -0.9825
0.0230 -0.0043 -0.9852
0.0224 -0.0072 -0.9877
0.0223 -0.0050 -0.9872
0.0224 -0.0041 -0.9850
0.0224 -0.0041 -0.9850
0.0223 -0.0052 -0.9841
0.0230 -0.0075 -0.9862
0.0220 -0.0078 -0.9867
0.0229 -0.0047 -0.9850
0.0217 -0.0041 -0.9843
0.0217 -0.0041 -0.9843
0.0240 -0.0052 -0.9853
0.0221 -0.0071 -0.9863
0.0235 -0.0060 -0.9841
0.0212 -0.0054 -0.9803
0.0238 -0.0046 -0.9824
0.0238 -0.0046 -0.9824
0.0225 -0.0064 -0.9842
0.0211 -0.0079 -0.9855
0.0235 -0.0050 -0.9897
0.0206 -0.0052 -0.9872
0.0206 -0.0052 -0.9872
0.0241 -0.0057 -0.9828
0.0212 -0.0061 -0.9834
0.0223 -0.0057 -0.9851
0.0235 -0.0057 -0.9897
0.0204 -0.0051 -0.9872
0.0204 -0.0051 -0.9872
0.0226 -0.0056 -0.9881
0.0233 -0.0057 -0.9800
0.0218 -0.0054 -0.9854
0.0235 -0.0057 -0.9875
0.0193 -0.0064 -0.9881
0.0193 -0.0064 -0.9881
0.0247 -0.0039 -0.9872
0.0220 -0.0042 -0.9832
0.0231 -0.0057 -0.9832
0.0225 -0.0069 -0.9852
0.0215 -0.0064 -0.9876
0.0215 -0.0064 -0.9876
0.0237 -0.0052 -0.9870
0.0209 -0.0049 -0.9856
0.0228 -0.0046 -0.9828
0.0216 -0.0056 -0.9850
0.0230 -0.0067 -0.9852
0.0230 -0.0067 -0.9852
0.0220 -0.0067 -0.9879
0.0238 -0.0062 -0.9872
0.0210 -0.0063 -0.9878
0.0242 -0.0035 -0.9838
0.0242 -0.0035 -0.9838
0.0215 -0.0051 -0.9840
0.0225 -0.0079 -0.9849
0.0228 -0.0083 -0.9876
0.0203 -0.0051 -0.9876
0.0246 -0.0037 -0.9858
0.0246 -0.0037 -0.9858
0.0202 -0.0059 -0.9827
0.0239 -0.0066 -0.9843
0.0218 -0.0062 -0.9859
0.0233 -0.0039 -0.9849
0.0226 -0.0051 -0.9882
0.0226 -0.0051 -0.9882
0.0219 -0.0078 -0.9853
0.0223 -0.0069 -0.9845
0.0230 -0.0051 -0.9856
0.0222 -0.0051 -0.9865
0.0222 -0.0061 -0.9865
0.0222 -0.0061 -0.9865
0.0232 -0.0061 -0.9855
0.0211 -0.0071 -0.9844
0.0243 -0.0053 -0.9850
0.0209 -0.0057 -0.9857
0.0233 -0.0057 -0.9876
0.0233 -0.0057 -0.9876
0.0233 -0.0063 -0.9873
0.0221 -0.0050 -0.9845
0.0232 -0.0056 -0.9847
0.0214 -0.0059 -0.9849
0.0214 -0.0059 -0.9849
0.0234 -0.0061 -0.9866
0.0228 -0.0056 -0.9871
0.0231 -0.0063 -0.9838
0.0229 -0.0060 -0.9853
0.0218 -0.0058 -0.9855
0.0218 -0.0058 -0.9855
0.0226 -0.0058 -0.9864
0.0233 -0.0060 -0.9870
0.0214 -0.0068 -0.9848
0.0231 -0.0054 -0.9845
0.0238 -0.0054 -0.9853
0.0238 -0.0054 -0.9853
0.0219 -0.0062 -0.9869
0.0235 -0.0068 -0.9865
0.0216 -0.0063 -0.9869
0.0234 -0.0049 -0.9851
0.0228 -0.0058 -0.9850
0.0228 -0.0058 -0.9850
0.0224 -0.0058 -0.9858
0.0224 -0.0053 -0.9871
0.0222 -0.0050 -0.9844
0.0221 -0.0053 -0.9853
0.0225 -0.0063 -0.9859
0.0225 -0.0063 -0.9859
0.0222 -0.0080 -0.9870
0.0220 -0.0061 -0.9874
0.0228 -0.0051 -0.9857
0.0227 -0.0048 -0.9847
0.0227 -0.0048 -0.9847
0.0223 -0.0063 -0.9856
0.0209 -0.0070 -0.9841
0.0234 -0.0052 -0.9860
0.0231 -0.0049 -0.9860
0.0215 -0.0064 -0.9839
0.0215 -0.0064 -0.9839
0.0231 -0.0067 -0.9859
0.0223 -0.0064 -0.9849
0.0232 -0.0052 -0.9873
0.0238 -0.0058 -0.9872
0.0217 -0.0070 -0.9858
0.0217 -0.0070 -0.9858
0.0232 -0.0067 -0.9849
0.0223 -0.0050 -0.9839
0.0228 -0.0054 -0.9854
0.0229 -0.0056 -0.9864
0.0216 -0.0069 -0.9875
0.0216 -0.0069 -0.9875
0.0234 -0.0059 -0.9860
0.0222 -0.0049 -0.9835
0.0223 -0.0051 -0.9843
0.0227 -0.0061 -0.9867
0.0227 -0.0061 -0.9867
0.0217 -0.0067 -0.9873
0.0214 -0.0061 -0.9873
0.0224 -0.0052 -0.9835
0.0214 -0.0060 -0.9835
0.0235 -0.0059 -0.9856
0.0235 -0.0059 -0.9856
0.0219 -0.0059 -0.9873
0.0226 -0.0059 -0.9860
0.0220 -0.0058 -0.9863
0.0225 -0.0058 -0.9832
0.0230 -0.0065 -0.9838
0.0230 -0.0065 -0.9838
0.0221 -0.0064 -0.9858
0.0227 -0.0052 -0.9870
0.0224 -0.0061 -0.9869
0.0219 -0.0061 -0.9857
0.0230 -0.0063 -0.9842
0.0230 -0.0063 -0.9842
0.0224 -0.0061 -0.9839
0.0226 -0.0068 -0.9863
0.0228 -0.0061 -0.9883
0.0225 -0.0064 -0.9858
0.0227 -0.0065 -0.9843
0.0227 -0.0065 -0.9843
0.0218 -0.0059 -0.9832
0.0226 -0.0066 -0.9848
0.0228 -0.0064 -0.9873
0.0227 -0.0065 -0.9867
0.0227 -0.0065 -0.9867
0.0236 -0.0061 -0.9864
0.0224 -0.0053 -0.9827
0.0227 -0.0057 -0.9839
0.0223 -0.0071 -0.9861
0.0217 -0.0054 -0.9880
0.0217 -0.0054 -0.9880
0.0230 -0.0052 -0.9868
0.0227 -0.0059 -0.9847
0.0218 -0.0064 -0.9832
0.0237 -0.0065 -0.9860
0.0220 -0.0053 -0.9849
0.0220 -0.0053 -0.9849
0.0224 -0.0057 -0.9877
0.0228 -0.0059 -0.9875
0.0218 -0.0068 -0.9850
0.0232 -0.0065 -0.9844
0.0224 -0.0058 -0.9846
0.0224 -0.0058 -0.9846
0.0226 -0.0057 -0.9875
0.0222 -0.0060 -0.9883
0.0225 -0.0070 -0.9856
0.0231 -0.0057 -0.9838
0.0220 -0.0055 -0.9843
0.0220 -0.0055 -0.9843
0.0224 -0.0054 -0.9856
0.0226 -0.0064 -0.9879
0.0226 -0.0060 -0.9871
0.0230 -0.0051 -0.9847
0.0230 -0.0051 -0.9847
0.0224 -0.0066 -0.9842
0.0221 -0.0069 -0.9858
0.0230 -0.0065 -0.9872
0.0220 -0.0058 -0.9871
0.0230 -0.0057 -0.9849
0.0230 -0.0057 -0.9849
0.0224 -0.0063 -0.9848
0.0235 -0.0059 -0.9834
0.0222 -0.0054 -0.9853
0.0222 -0.0058 -0.9873
0.0222 -0.0069 -0.9876
0.0222 -0.0069 -0.9876
0.0224 -0.0066 -0.9847
0.0225 -0.0053 -0.9836
0.0227 -0.0059 -0.9843
0.0222 -0.0060 -0.9866
0.0226 -0.0059 -0.9882
0.0226 -0.0059 -0.9882
0.0223 -0.0058 -0.9862
0.0219 -0.0058 -0.9832
0.0233 -0.0062 -0.9835
0.0217 -0.0061 -0.9860
0.0222 -0.0069 -0.9872
0.0222 -0.0069 -0.9872
0.0232 -0.0057 -0.9877
0.0229 -0.0062 -0.9853
0.0230 -0.0058 -0.9827
0.0216 -0.0065 -0.9851
0.0216 -0.0065 -0.9851
0.0227 -0.0057 -0.9869
0.0225 -0.0054 -0.9880
0.0226 -0.0055 -0.9856
0.0226 -0.0056 -0.9850
0.0222 -0.0063 -0.9836
0.0222 -0.0063 -0.9836
0.0229 -0.0061 -0.9857
0.0220 -0.0060 -0.9889
0.0217 -0.0054 -0.9852
0.0229 -0.0065 -0.9866
0.0220 -0.0056 -0.9839
0.0220 -0.0056 -0.9839
0.0230 -0.0057 -0.9848
0.0229 -0.0054 -0.9871
0.0221 -0.0063 -0.9869
0.0235 -0.0064 -0.9863
0.0222 -0.0062 -0.9836
0.0222 -0.0062 -0.9836
0.0220 -0.0053 -0.9838
0.0231 -0.0058 -0.9870
0.0220 -0.0062 -0.9870
0.0223 -0.0066 -0.9868
0.0223 -0.0066 -0.9868
0.0225 -0.0068 -0.9844
0.0224 -0.0056 -0.9843
0.0228 -0.0061 -0.9858
0.0219 -0.0061 -0.9865
0.0228 -0.0059 -0.9870
0.0228 -0.0059 -0.9870
0.0222 -0.0059 -0.9859
0.0229 -0.0040 -1.0129
0.0273 -0.0058 -0.9836
0.0162 -0.0117 -0.9724
0.0275 0.0008 -0.9868
0.0275 0.0008 -0.9868
0.0195 -0.0053 -0.9938
0.0248 -0.0089 -0.9855
0.0256 -0.0086 -0.9935
0.0175 -0.0075 -0.9759
0.0243 -0.0028 -0.9815
0.0243 -0.0028 -0.9815
0.0244 -0.0005 -0.9903
0.0192 -0.0096 -0.9961
0.0255 -0.0110 -0.9829
0.0194 -0.0045 -0.9750
0.0242 -0.0019 -0.9851
0.0242 -0.0019 -0.9851
0.0242 -0.0067 -0.9899
0.0171 -0.0095 -0.9890
0.0271 -0.0054 -0.9839
0.0206 -0.0048 -0.9814
0.0206 -0.0048 -0.9814
0.0242 -0.0020 -0.9840
0.0234 -0.0089 -0.9927
0.0197 -0.0097 -0.9825
0.0250 -0.0040 -0.9911
0.0225 -0.0017 -0.9802
0.0225 -0.0017 -0.9802
0.0195 -0.0078 -0.9849
0.0256 -0.0079 -0.9870
0.0188 -0.0073 -0.9862
0.0252 -0.0034 -0.9842
0.0222 -0.0045 -0.9874
0.0222 -0.0045 -0.9874
0.0201 -0.0077 -0.9841
0.0263 -0.0086 -0.9868
0.0209 -0.0062 -0.9844
0.0237 -0.0041 -0.9854
0.0227 -0.0052 -0.9857
0.0227 -0.0052 -0.9857
0.0205 -0.0076 -0.9866
0.0253 -0.0095 -0.9900
0.0207 -0.0044 -0.9783
0.0232 0.0003 -0.9821
0.0242 -0.0043 -0.9840
0.0242 -0.0043 -0.9840
0.0199 -0.0125 -0.9894
0.0253 -0.0094 -0.9909
0.0209 -0.0021 -0.9814
0.0215 0.0001 -0.9784
0.0215 0.0001 -0.9784
0.0247 -0.0070 -0.9888
0.0193 -0.0126 -0.9895
0.0246 -0.0064 -0.9886
0.0225 -0.0006 -0.9794
0.0200 -0.0032 -0.9815
0.0200 -0.0032 -0.9815
0.0252 -0.0093 -0.9905
0.0199 -0.0107 -0.9879
0.0244 -0.0035 -0.9865
0.0228 -0.0011 -0.9796
0.0211 -0.0067 -0.9825
0.0211 -0.0067 -0.9825
0.0239 -0.0106 -0.9898
0.0206 -0.0096 -0.9860
0.0228 -0.0017 -0.9821
0.0229 -0.0026 -0.9848
0.0201 -0.0092 -0.9845
0.0201 -0.0092 -0.9845
0.0245 -0.0107 -0.9905
0.0213 -0.0054 -0.9826
0.0215 -0.0014 -0.9829
0.0242 -0.0041 -0.9858
0.0206 -0.0120 -0.9876
0.0206 -0.0120 -0.9876
0.0253 -0.0086 -0.9872
0.0215 -0.0033 -0.9832
0.0223 -0.0018 -0.9814
0.0238 -0.0073 -0.9891
0.0238 -0.0073 -0.9891
0.0215 -0.0107 -0.9879
0.0232 -0.0070 -0.9855
0.0233 -0.0019 -0.9829
0.0211 -0.0040 -0.9838
0.0238 -0.0095 -0.9905
0.0238 -0.0095 -0.9905
0.0212 -0.0092 -0.9877
0.0231 -0.0051 -0.9839
0.0233 -0.0020 -0.9805
0.0206 -0.0055 -0.9861
0.0241 -0.0106 -0.9897
0.0241 -0.0106 -0.9897
0.0210 -0.0085 -0.9874
0.0231 -0.0028 -0.9816
0.0225 -0.0027 -0.9833
0.0211 -0.0077 -0.9852
0.0237 -0.0093 -0.9894
0.0237 -0.0093 -0.9894
0.0219 -0.0058 -0.9856
0.0217 -0.0011 -0.9827
0.0233 -0.0041 -0.9837
0.0219 -0.0095 -0.9859
0.0233 -0.0081 -0.9885
0.0233 -0.0081 -0.9885
0.0232 -0.0034 -0.9852
0.0210 -0.0025 -0.9837
0.0248 -0.0064 -0.9857
0.0216 -0.0101 -0.9868
0.0216 -0.0101 -0.9868
0.0230 -0.0071 -0.9852
0.0227 -0.0027 -0.9842
0.0222 -0.0038 -0.9836
0.0229 -0.0091 -0.9878
0.0217 -0.0089 -0.9858
0.0217 -0.0089 -0.9858
0.0235 -0.0045 -0.9845
0.0236 -0.0021 -0.9827
0.0209 -0.0065 -0.9868
0.0240 -0.0091 -0.9891
0.0220 -0.0079 -0.9859
0.0220 -0.0079 -0.9859
0.0229 -0.0025 -0.9821
0.0239 -0.0036 -0.9838
0.0215 -0.0080 -0.9861
0.0236 -0.0092 -0.9895
0.0221 -0.0054 -0.9844
0.0221 -0.0054 -0.9844
0.0219 -0.0027 -0.9819
0.0234 -0.0048 -0.9843
0.0211 -0.0090 -0.9872
0.0231 -0.0083 -0.9877
0.0227 -0.0041 -0.9836
0.0227 -0.0041 -0.9836
0.0223 -0.0035 -0.9828
0.0227 -0.0065 -0.9852
0.0222 -0.0098 -0.9865
0.0228 -0.0063 -0.9857
0.0228 -0.0063 -0.9857
0.0231 -0.0025 -0.9837
0.0212 -0.0047 -0.9827
0.0237 -0.0079 -0.9878
0.0221 -0.0082 -0.9854
0.0225 -0.0047 -0.9858
0.0225 -0.0047 -0.9858
0.0229 -0.0034 -0.9839
0.0210 -0.0067 -0.9853
0.0238 -0.0087 -0.9857
0.0223 -0.0071 -0.9852
0.0218 -0.0037 -0.9843
0.0218 -0.0037 -0.9843
0.0231 -0.0046 -0.9865
0.0221 -0.0069 -0.9870
0.0228 -0.0080 -0.9862
0.0238 -0.0052 -0.9822
0.0220 -0.0045 -0.9832
0.0220 -0.0045 -0.9832
0.0231 -0.0049 -0.9863
0.0219 -0.0086 -0.9874
0.0226 -0.0066 -0.9866
0.0232 -0.0048 -0.9825
0.0232 -0.0048 -0.9825
0.0220 -0.0049 -0.9830
0.0228 -0.0066 -0.9870
0.0222 -0.0091 -0.9891
0.0223 -0.0060 -0.9857
0.0230 -0.0039 -0.9838
0.0230 -0.0039 -0.9838
0.0214 -0.0052 -0.9823
0.0229 -0.0071 -0.9857
0.0232 -0.0074 -0.9888
0.0219 -0.0042 -0.9857
0.0231 -0.0039 -0.9843
0.0231 -0.0039 -0.9843
0.0225 -0.0062 -0.9841
0.0224 -0.0073 -0.9854
0.0238 -0.0065 -0.9848
0.0215 -0.0051 -0.9856
0.0234 -0.0044 -0.9856
0.0234 -0.0044 -0.9856
0.0222 -0.0069 -0.9853
0.0232 -0.0075 -0.9845
0.0231 -0.0047 -0.9859
0.0202 -0.0045 -0.9830
0.0242 -0.0064 -0.9901
0.0242 -0.0064 -0.9901
0.0222 -0.0077 -0.9867
0.0229 -0.0065 -0.9826
0.0231 -0.0042 -0.9810
0.0208 -0.0041 -0.9834
0.0208 -0.0041 -0.9834
0.0240 -0.0075 -0.9900
0.0223 -0.0075 -0.9868
0.0212 -0.0044 -0.9847
0.0230 -0.0033 -0.9792
0.0212 -0.0068 -0.9837
0.0212 -0.0068 -0.9837
0.0243 -0.0079 -0.9886
0.0220 -0.0079 -0.9885
0.0220 -0.0047 -0.9826
0.0241 -0.0036 -0.9820
0.0228 -0.0064 -0.9832
0.0228 -0.0064 -0.9832
0.0233 -0.0097 -0.9875
0.0229 -0.0063 -0.9877
0.0218 -0.0034 -0.9842
0.0238 -0.0045 -0.9841
0.0227 -0.0091 -0.9861
0.0227 -0.0091 -0.9861
0.0235 -0.0090 -0.9860
0.0220 -0.0038 -0.9841
0.0225 -0.0024 -0.9863
0.0245 -0.0060 -0.9852
0.0224 -0.0101 -0.9862
0.0224 -0.0101 -0.9862
0.0227 -0.0052 -0.9827
0.0222 -0.0022 -0.9840
0.0225 -0.0041 -0.9848
0.0234 -0.0089 -0.9898
0.0234 -0.0089 -0.9898
0.0218 -0.0084 -0.9846
0.0223 -0.0049 -0.9817
0.0247 -0.0020 -0.9834
0.0206 -0.0063 -0.9878
0.0233 -0.0099 -0.9886
0.0233 -0.0099 -0.9886
0.0210 -0.0067 -0.9849
0.0228 -0.0029 -0.9816
0.0232 -0.0045 -0.9836
0.0211 -0.0074 -0.9859
0.0222 -0.0089 -0.9886
0.0222 -0.0089 -0.9886
0.0230 -0.0046 -0.9847
0.0224 -0.0029 -0.9807
0.0234 -0.0056 -0.9854
0.0223 -0.0090 -0.9846
0.0227 -0.0072 -0.9885
0.0227 -0.0072 -0.9885
0.0243 -0.0029 -0.9852
0.0211 -0.0041 -0.9830
0.0233 -0.0067 -0.9849
0.0210 -0.0085 -0.9863
0.0210 -0.0085 -0.9863
0.0231 -0.0065 -0.9850
0.0237 -0.0040 -0.9861
0.0216 -0.0050 -0.9836
0.0227 -0.0085 -0.9861
0.0235 -0.0072 -0.9858
0.0235 -0.0072 -0.9858
0.0228 -0.0037 -0.9866
0.0235 -0.0045 -0.9848
0.0219 -0.0065 -0.9851
0.0231 -0.0067 -0.9863
0.0234 -0.0060 -0.9821
0.0234 -0.0060 -0.9821
0.0215 -0.0042 -0.9845
0.0232 -0.0054 -0.9865
0.0209 -0.0075 -0.9860
0.0244 -0.0069 -0.9852
0.0233 -0.0058 -0.9850
0.0233 -0.0058 -0.9850
0.0216 -0.0060 -0.9816
0.0225 -0.0065 -0.9876
0.0225 -0.0073 -0.9859
0.0231 -0.0065 -0.9865
0.0230 -0.0051 -0.9832
0.0230 -0.0051 -0.9832
0.0215 -0.0061 -0.9865
0.0240 -0.0065 -0.9837
0.0219 -0.0049 -0.9803
0.0232 -0.0056 -0.9873
0.0225 -0.0063 -0.9863
0.0225 -0.0063 -0.9863
0.0217 -0.0067 -0.9862
0.0240 -0.0058 -0.9873
0.0218 -0.0068 -0.9822
0.0230 -0.0058 -0.9831
0.0232 -0.0055 -0.9860
0.0232 -0.0055 -0.9860
0.0226 -0.0072 -0.9843
0.0228 -0.0067 -0.9886
0.0225 -0.0061 -0.9842
0.0216 -0.0064 -0.9845
0.0216 -0.0064 -0.9845
0.0236 -0.0049 -0.9834
0.0217 -0.0064 -0.9848
0.0231 -0.0067 -0.9854
0.0218 -0.0053 -0.9869
0.0227 -0.0055 -0.9850
0.0227 -0.0055 -0.9850
0.0236 -0.0059 -0.9833
0.0218 -0.0062 -0.9842
0.0220 -0.0064 -0.9864
0.0219 -0.0059 -0.9855
0.0230 -0.0055 -0.9856
0.0230 -0.0055 -0.9856
0.0233 -0.0062 -0.9858
0.0223 -0.0066 -0.9831
0.0218 -0.0070 -0.9856
0.0238 -0.0059 -0.9852
0.0217 -0.0060 -0.9859
0.0217 -0.0060 -0.9859
0.0234 -0.0069 -0.9862
0.0219 -0.0067 -0.9849
0.0229 -0.0056 -0.9821
0.0230 -0.0059 -0.9850
0.0230 -0.0059 -0.9850
0.0221 -0.0062 -0.9857
0.0226 -0.0061 -0.9867
0.0226 -0.0049 -0.9843
0.0226 -0.0061 -0.9847
0.0232 -0.0061 -0.9847
0.0232 -0.0061 -0.9847
0.0221 -0.0068 -0.9856
0.0228 -0.0060 -0.9863
0.0232 -0.0058 -0.9848
0.0221 -0.0062 -0.9848
0.0233 -0.0060 -0.9844
0.0233 -0.0060 -0.9844
0.0212 -0.0067 -0.9842
0.0228 -0.0055 -0.9856
0.0234 -0.0053 -0.9868
0.0223 -0.0069 -0.9843
0.0227 -0.0065 -0.9847
0.0227 -0.0065 -0.9847
0.0223 -0.0059 -0.9836
0.0233 -0.0063 -0.9855
0.0230 -0.0063 -0.9867
0.0219 -0.0063 -0.9865
0.0228 -0.0069 -0.9847
0.0228 -0.0069 -0.9847
0.0229 -0.0057 -0.9835
0.0224 -0.0056 -0.9847
0.0226 -0.0067 -0.9863
0.0222 -0.0064 -0.9861
0.0222 -0.0064 -0.9861
0.0232 -0.0047 -0.9854
0.0225 -0.0058 -0.9837
0.0223 -0.0074 -0.9836
0.0235 -0.0057 -0.9862
0.0226 -0.0065 -0.9856
0.0230 -0.0060 -0.9866
0.0231 -0.0061 -0.9850
0.0223 -0.0070 -0.9828
0.0227 -0.0060 -0.9852
0.0229 -0.0062 -0.9844
0.0229 -0.0062 -0.9844
0.0226 -0.0054 -0.9863
0.0225 -0.0063 -0.9856
0.0221 -0.0061 -0.9846
0.0235 -0.0058 -0.9822
0.0224 -0.0055 -0.9840
0.0224 -0.0055 -0.9840
0.0224 -0.0061 -0.9854
0.0221 -0.0072 -0.9864
0.0228 -0.0070 -0.9839
0.0222 -0.0049 -0.9832
0.0222 -0.0049 -0.9832
0.0227 -0.0055 -0.9827
0.0217 -0.0064 -0.9865
0.0224 -0.0066 -0.9856
0.0219 -0.0059 -0.9865
0.0228 -0.0049 -0.9830
0.0228 -0.0049 -0.9830
0.0225 -0.0059 -0.9828
0.0222 -0.0074 -0.9842
0.0229 -0.0056 -0.9866
0.0232 -0.0058 -0.9866
0.0225 -0.0067 -0.9843
0.0225 -0.0067 -0.9843
0.0226 -0.0067 -0.9844
0.0227 -0.0068 -0.9829
0.0232 -0.0053 -0.9853
0.0222 -0.0047 -0.9859
0.0227 -0.0060 -0.9852
0.0228 -0.0066 -0.9849
0.0225 -0.0059 -0.9839
0.0231 -0.0061 -0.9818
0.0223 -0.0047 -0.9827
0.0223 -0.0047 -0.9827
0.0231 -0.0059 -0.9899
0.0219 -0.0089 -0.9886
0.0222 -0.0070 -0.9821
0.0222 -0.0043 -0.9822
0.0231 -0.0049 -0.9827
0.0231 -0.0049 -0.9827
0.0221 -0.0076 -0.9875
0.0226 -0.0078 -0.9905
0.0231 -0.0062 -0.9845
0.0221 -0.0049 -0.9801
0.0226 -0.0052 -0.9833
0.0226 -0.0052 -0.9833
0.0233 -0.0078 -0.9865
0.0226 -0.0079 -0.9885
0.0225 -0.0058 -0.9867
0.0235 -0.0045 -0.9840
0.0222 -0.0058 -0.9825
0.0222 -0.0058 -0.9825
0.0226 -0.0068 -0.9851
0.0220 -0.0065 -0.9868
0.0224 -0.0053 -0.9861
0.0225 -0.0053 -0.9861
0.0231 -0.0064 -0.9835
0.0231 -0.0064 -0.9835
0.0222 -0.0071 -0.9836
0.0219 -0.0058 -0.9855
0.0226 -0.0047 -0.9860
0.0226 -0.0056 -0.9880
0.0226 -0.0056 -0.9880
0.0226 -0.0071 -0.9858
0.0222 -0.0065 -0.9832
0.0224 -0.0051 -0.9837
0.0232 -0.0049 -0.9861
0.0226 -0.0063 -0.9876
0.0226 -0.0063 -0.9876
0.0222 -0.0072 -0.9859
0.0233 -0.0063 -0.9850
0.0224 -0.0045 -0.9821
0.0229 -0.0056 -0.9841
0.0225 -0.0058 -0.9884
0.0225 -0.0058 -0.9884
0.0226 -0.0071 -0.9872
0.0222 -0.0057 -0.9845
0.0229 -0.0046 -0.9827
0.0225 -0.0064 -0.9833
0.0219 -0.0072 -0.9864
0.0219 -0.0072 -0.9864
0.0231 -0.0061 -0.9881
0.0223 -0.0053 -0.9856
0.0229 -0.0056 -0.9831
0.0223 -0.0069 -0.9841
0.0222 -0.0080 -0.9853
0.0222 -0.0080 -0.9853
0.0226 -0.0059 -0.9857
0.0221 -0.0044 -0.9856
0.0229 -0.0059 -0.9854
0.0227 -0.0071 -0.9840
0.0227 -0.0071 -0.9840
0.0223 -0.0072 -0.9847
0.0221 -0.0049 -0.9842
0.0226 -0.0057 -0.9862
0.0228 -0.0069 -0.9869
0.0227 -0.0069 -0.9865
0.0227 -0.0069 -0.9865
0.0226 -0.0052 -0.9819
0.0235 -0.0055 -0.9829
0.0217 -0.0061 -0.9862
0.0226 -0.0070 -0.9888
0.0229 -0.0067 -0.9849
0.0229 -0.0067 -0.9849
0.0222 -0.0056 -0.9835
0.0228 -0.0060 -0.9823
0.0226 -0.0069 -0.9858
0.0230 -0.0069 -0.9868
0.0219 -0.0061 -0.9859
0.0219 -0.0061 -0.9859
0.0233 -0.0055 -0.9842
0.0222 -0.0065 -0.9842
0.0223 -0.0061 -0.9848
0.0228 -0.0066 -0.9863
0.0228 -0.0059 -0.9865
0.0228 -0.0059 -0.9865
0.0218 -0.0054 -0.9846
0.0229 -0.0064 -0.9837
0.0223 -0.0069 -0.9838
0.0229 -0.0064 -0.9858
0.0229 -0.0064 -0.9858
0.0220 -0.0061 -0.9866
0.0226 -0.0064 -0.9868
0.0226 -0.0068 -0.9843
0.0217 -0.0054 -0.9843
0.0222 -0.0061 -0.9842
0.0225 -0.0061 -0.9855
0.0231 -0.0061 -0.9859
0.0221 -0.0069 -0.9850
0.0235 -0.0061 -0.9831
0.0223 -0.0056 -0.9829
0.0223 -0.0056 -0.9829
0.0229 -0.0058 -0.9852
0.0225 -0.0065 -0.9873
0.0235 -0.0067 -0.9856
0.0220 -0.0061 -0.9839
0.0227 -0.0049 -0.9830
0.0227 -0.0049 -0.9830
0.0226 -0.0054 -0.9849
0.0224 -0.0068 -0.9870
0.0229 -0.0066 -0.9875
0.0220 -0.0066 -0.9837
0.0230 -0.0058 -0.9831
0.0230 -0.0058 -0.9831
0.0231 -0.0061 -0.9852
0.0231 -0.0069 -0.9863
0.0224 -0.0059 -0.9873
0.0234 -0.0055 -0.9846
0.0234 -0.0055 -0.9846
0.0233 -0.0058 -0.9834
0.0227 -0.0069 -0.9832
0.0217 -0.0063 -0.9852
0.0226 -0.0065 -0.9852
0.0229 -0.0043 -0.9864
0.0229 -0.0043 -0.9864
0.0223 -0.0058 -0.9849
0.0227 -0.0071 -0.9841
0.0224 -0.0065 -0.9841
0.0228 -0.0058 -0.9852
0.0229 -0.0052 -0.9860
0.0229 -0.0052 -0.9860
0.0223 -0.0061 -0.9865
0.0224 -0.0071 -0.9854
0.0222 -0.0056 -0.9829
0.0223 -0.0056 -0.9840
0.0226 -0.0062 -0.9861
0.0226 -0.0062 -0.9861
0.0232 -0.0065 -0.9872
0.0223 -0.0074 -0.9851
0.0229 -0.0058 -0.9829
0.0225 -0.0050 -0.9844
0.0225 -0.0050 -0.9844
0.0223 -0.0069 -0.9868
0.0231 -0.0059 -0.9864
0.0225 -0.0066 -0.9847
0.0231 -0.0055 -0.9824
0.0219 -0.0060 -0.9841
0.0219 -0.0060 -0.9841
0.0225 -0.0057 -0.9845
0.0226 -0.0074 -0.9858
0.0228 -0.0049 -0.9873
0.0222 -0.0062 -0.9860
0.0225 -0.0057 -0.9835
0.0225 -0.0057 -0.9835
0.0220 -0.0049 -0.9859
0.0226 -0.0043 -0.9829
0.0209 -0.0047 -0.9818
0.0247 0.0022 -0.9883
0.0177 -0.0187 -0.9904
0.0177 -0.0187 -0.9904
0.0282 -0.0119 -0.9825
0.0229 0.0020 -0.9900
0.0203 -0.0090 -0.9773
0.0256 -0.0129 -0.9962
0.0143 -0.0028 -0.9922
0.0143 -0.0028 -0.9922
0.0299 -0.0068 -0.9818
0.0246 -0.0082 -0.9654
0.0191 0.0002 -0.9924
0.0252 -0.0042 -0.9915
0.0252 -0.0042 -0.9915
0.0166 -0.0112 -0.9825
0.0293 -0.0058 -0.9853
0.0230 -0.0053 -0.9791
0.0186 -0.0057 -0.9826
0.0253 -0.0027 -0.9938
0.0253 -0.0027 -0.9938
0.0212 -0.0089 -0.9865
0.0247 -0.0085 -0.9782
0.0224 -0.0054 -0.9879
0.0188 -0.0052 -0.9813
0.0252 -0.0070 -0.9896
0.0252 -0.0070 -0.9896
0.0242 -0.0074 -0.9837
0.0192 -0.0085 -0.9881
0.0251 -0.0049 -0.9810
0.0179 -0.0049 -0.9844
0.0290 -0.0062 -0.9850
0.0290 -0.0062 -0.9850
0.0209 -0.0108 -0.9885
0.0205 -0.0060 -0.9825
0.0230 -0.0032 -0.9844
0.0228 -0.0052 -0.9808
0.0243 -0.0094 -0.9903
0.0243 -0.0094 -0.9903
0.0223 -0.0111 -0.9886
0.0198 -0.0050 -0.9816
0.0253 -0.0011 -0.9827
0.0232 -0.0062 -0.9817
0.0221 -0.0110 -0.9891
0.0229 -0.0082 -0.9873
0.0193 -0.0030 -0.9821
0.0270 -0.0023 -0.9810
0.0209 -0.0077 -0.9860
0.0209 -0.0077 -0.9860
0.0221 -0.0103 -0.9869
0.0223 -0.0067 -0.9879
0.0230 -0.0031 -0.9804
0.0240 -0.0045 -0.9846
0.0211 -0.0091 -0.9835
0.0211 -0.0091 -0.9835
0.0202 -0.0089 -0.9863
0.0245 -0.0038 -0.9843
0.0227 -0.0036 -0.9841
0.0223 -0.0070 -0.9851
0.0226 -0.0100 -0.9862
0.0226 -0.0100 -0.9862
0.0220 -0.0056 -0.9832
0.0253 -0.0031 -0.9835
0.0215 -0.0065 -0.9838
0.0229 -0.0099 -0.9872
0.0220 -0.0067 -0.9867
0.0220 -0.0067 -0.9867
0.0229 -0.0040 -0.9816
0.0242 -0.0045 -0.9829
0.0222 -0.0078 -0.9848
0.0218 -0.0082 -0.9881
0.0218 -0.0082 -0.9881
0.0233 -0.0062 -0.9848
0.0233 -0.0043 -0.9834
0.0222 -0.0059 -0.9827
0.0225 -0.0075 -0.9862
0.0221 -0.0078 -0.9866
0.0221 -0.0078 -0.9866
0.0236 -0.0055 -0.9860
0.0222 -0.0060 -0.9823
0.0212 -0.0069 -0.9835
0.0225 -0.0078 -0.9866
0.0234 -0.0068 -0.9860
0.0234 -0.0068 -0.9860
0.0235 -0.0059 -0.9843
0.0224 -0.0059 -0.9835
0.0220 -0.0067 -0.9849
0.0238 -0.0067 -0.9841
0.0231 -0.0062 -0.9852
0.0231 -0.0062 -0.9852
0.0220 -0.0067 -0.9856
0.0216 -0.0064 -0.9853
0.0240 -0.0068 -0.9847
0.0235 -0.0059 -0.9864
0.0235 -0.0059 -0.9864
0.0226 -0.0058 -0.9836
0.0226 -0.0058 -0.9859
0.0236 -0.0051 -0.9852
0.0227 -0.0062 -0.9859
0.0233 -0.0062 -0.9848
0.0233 -0.0062 -0.9848
0.0213 -0.0071 -0.9842
0.0226 -0.0066 -0.9851
0.0238 -0.0056 -0.9872
0.0229 -0.0058 -0.9852
0.0218 -0.0087 -0.9844
0.0218 -0.0087 -0.9844
0.0215 -0.0066 -0.9836
0.0234 -0.0055 -0.9848
0.0232 -0.0060 -0.9852
0.0223 -0.0073 -0.9848
0.0222 -0.0079 -0.9855
0.0222 -0.0079 -0.9855
0.0234 -0.0060 -0.9854
0.0237 -0.0053 -0.9845
0.0228 -0.0057 -0.9842
0.0217 -0.0076 -0.9860
0.0231 -0.0076 -0.9845
0.0231 -0.0076 -0.9845
0.0229 -0.0052 -0.9836
0.0228 -0.0062 -0.9827
0.0221 -0.0064 -0.9847
0.0228 -0.0066 -0.9859
0.0228 -0.0066 -0.9859
0.0228 -0.0060 -0.9854
0.0229 -0.0065 -0.9843
0.0220 -0.0061 -0.9843
0.0223 -0.0056 -0.9850
0.0231 -0.0075 -0.9853
0.0231 -0.0075 -0.9853
0.0222 -0.0069 -0.9857
0.0227 -0.0057 -0.9851
0.0222 -0.0054 -0.9838
0.0221 -0.0066 -0.9832
0.0235 -0.0074 -0.9857
0.0235 -0.0074 -0.9857
0.0228 -0.0063 -0.9860
0.0224 -0.0059 -0.9850
0.0229 -0.0057 -0.9835
0.0231 -0.0063 -0.9838
0.0227 -0.0073 -0.9859
0.0227 -0.0073 -0.9859
0.0220 -0.0071 -0.9859
0.0229 -0.0061 -0.9853
0.0222 -0.0047 -0.9840
0.0231 -0.0069 -0.9844
0.0231 -0.0078 -0.9853
0.0231 -0.0078 -0.9853
0.0218 -0.0070 -0.9864
0.0224 -0.0053 -0.9850
0.0236 -0.0071 -0.9842
0.0235 -0.0068 -0.9850
0.0235 -0.0068 -0.9850
0.0227 -0.0067 -0.9862
0.0226 -0.0061 -0.9851
0.0222 -0.0065 -0.9876
0.0231 -0.0059 -0.9847
0.0232 -0.0061 -0.9839
0.0232 -0.0061 -0.9839
0.0223 -0.0048 -0.9835
0.0213 0.0000 -0.9685
0.0237 -0.0070 -0.9721
0.0217 -0.0082 -1.0032
0.0247 -0.0177 -1.0029
0.0247 -0.0177 -1.0029
0.0625 0.0161 -0.9743
0.3777 0.3258 -0.9810
0.2460 0.3132 -1.1065
0.5218 0.5189 -1.6824
0.1743 0.2485 -2.2568
0.1743 0.2485 -2.2568
-0.6012 -0.9722 -1.7353
0.3023 -0.0559 0.2626
0.4760 0.1908 -1.4740
0.2756 0.2547 -1.5048
0.1941 0.2227 -1.8186
0.1941 0.2227 -1.8186
0.3604 0.4217 -1.7343
0.2560 0.4547 -1.5611
0.0571 0.4237 -1.4986
-0.0766 0.3813 -1.4245
-0.0766 0.3813 -1.4245
-0.1868 0.3726 -1.2843
-0.1588 0.3534 -1.0246
-0.3107 0.3319 -0.9016
-0.5121 0.2569 -0.8374
-0.5995 0.2693 -0.7679
-0.5995 0.2693 -0.7679
-0.5365 0.2096 -0.6144
-0.3326 0.1071 -0.5544
-0.5273 0.1615 -0.6372
-0.5277 -0.0487 -0.6496
-0.3362 -0.2693 -0.8095
-0.3362 -0.2693 -0.8095
-0.0055 -0.3375 -0.6470
-0.1059 -0.1898 -0.6908
-0.0913 -0.2547 -0.6314
-0.0210 -0.1779 -0.6819
0.0907 -0.2536 -0.7371
0.0907 -0.2536 -0.7371
0.1381 -0.3448 -0.8053
0.1018 -0.4021 -0.7942
0.1093 -0.4579 -0.7811
0.1381 -0.4894 -0.7730
0.1381 -0.4894 -0.7730
0.1370 -0.4863 -0.7279
0.0900 -0.4783 -0.7518
0.0456 -0.4603 -0.6847
0.0724 -0.4961 -0.7448
0.0364 -0.4625 -0.8311
0.0364 -0.4625 -0.8311
0.0256 -0.4993 -0.8892
0.0399 -0.4371 -0.8195
0.0692 -0.3994 -0.7804
0.0437 -0.3989 -0.8429
0.0446 -0.4239 -0.9168
0.0446 -0.4239 -0.9168
0.0830 -0.4427 -0.9090
0.0206 -0.4057 -0.7129
-0.0246 -0.3796 -0.7658
-0.0750 -0.4830 -0.9480
-0.0320 -0.5083 -0.9914
-0.0320 -0.5083 -0.9914
-0.0425 -0.4482 -0.8726
-0.0022 -0.4033 -0.7679
0.0110 -0.3860 -0.7941
0.0421 -0.4099 -0.9028
0.0763 -0.4158 -0.9544
0.0763 -0.4158 -0.9544
0.1345 -0.4281 -0.8763
0.2206 -0.4391 -0.9017
0.2051 -0.3739 -0.9636
-0.0078 -0.3524 -0.8351
-0.0078 -0.3524 -0.8351
-0.0197 -0.3775 -0.7854
-0.0441 -0.4108 -0.7888
0.1253 -0.2887 -0.8082
0.0047 -0.3140 -0.8275
-0.1811 -0.4017 -0.9398
-0.1811 -0.4017 -0.9398
0.0738 -0.3828 -0.9447
0.1238 -0.3109 -0.7760
0.2740 -0.3792 -0.9588
0.4945 -0.3843 -1.2984
0.4945 -0.3843 -1.2984
0.5206 -0.4032 -1.2609
0.3529 -0.3468 -1.0507
0.1734 -0.2864 -0.8433
0.1490 -0.3223 -0.6188
-0.0550 -0.2445 -1.0794
-0.0550 -0.2445 -1.0794
0.0740 -0.1233 -1.2266
0.1791 -0.0960 -0.7892
0.3004 -0.1699 -1.1496
0.2324 -0.3469 -0.8068
0.1739 -0.2564 -0.8621
0.1739 -0.2564 -0.8621
0.1913 -0.2728 -0.7869
0.1938 -0.2823 -0.8143
0.2161 -0.3324 -0.7959
0.2322 -0.3414 -0.7758
0.2322 -0.3414 -0.7758
0.1988 -0.3631 -0.7926
0.1866 -0.3811 -0.8390
0.1950 -0.4067 -0.9349
0.2018 -0.3941 -0.9176
0.2221 -0.3882 -0.9299
0.2221 -0.3882 -0.9299
0.2451 -0.4208 -0.9076
0.2518 -0.4015 -0.8632
0.2622 -0.4018 -0.8438
0.2776 -0.3980 -0.8364
0.2867 -0.3802 -0.8105
0.2867 -0.3802 -0.8105
0.2955 -0.3745 -0.8020
0.2900 -0.3612 -0.7749
0.2743 -0.3528 -0.7684
0.2701 -0.3450 -0.7847
0.2462 -0.3188 -0.7831
0.2462 -0.3188 -0.7831
0.2263 -0.3123 -0.7976
0.1916 -0.3284 -0.8251
0.1499 -0.3245 -0.8237
0.1085 -0.3339 -0.8445
0.0715 -0.3353 -0.8404
0.0715 -0.3353 -0.8404
0.0444 -0.3356 -0.8152
0.0279 -0.3547 -0.8316
0.0197 -0.3861 -0.8183
0.0239 -0.4016 -0.8273
0.0239 -0.4016 -0.8273
0.0227 -0.4156 -0.8024
0.0173 -0.4385 -0.8389
-0.0044 -0.4592 -0.8593
-0.0210 -0.4566 -0.8858
-0.0077 -0.4468 -0.9336
-0.0077 -0.4468 -0.9336
0.0379 -0.4478 -0.9477
0.0933 -0.4744 -0.9083
0.1342 -0.5310 -0.8863
0.1637 -0.5739 -0.8484
0.1950 -0.5881 -0.8204
0.1950 -0.5881 -0.8204
0.2282 -0.5985 -0.8563
0.2320 -0.6004 -0.9558
0.2098 -0.5776 -1.0356
0.1906 -0.5366 -1.0769
0.1805 -0.5154 -1.0492
0.1805 -0.5154 -1.0492
0.1740 -0.5188 -1.0225
0.1598 -0.5466 -0.9796
0.1396 -0.5260 -0.9059
0.1296 -0.5121 -0.8686
0.1361 -0.4897 -0.8413
0.1361 -0.4897 -0.8413
0.1508 -0.4693 -0.8271
0.1572 -0.4487 -0.8238
0.1455 -0.4261 -0.8129
0.1320 -0.4181 -0.7923
0.1320 -0.4181 -0.7923
0.1300 -0.4195 -0.7826
0.1359 -0.4162 -0.7625
0.1491 -0.4252 -0.7405
0.1564 -0.4426 -0.7341
0.1497 -0.4666 -0.7350
0.1497 -0.4666 -0.7350
0.1359 -0.4910 -0.7601
0.1175 -0.4894 -0.8153
0.0784 -0.4607 -0.8939
0.0704 -0.4278 -0.9435
0.0978 -0.4335 -0.9232
0.0978 -0.4335 -0.9232
0.1255 -0.4680 -0.8790
0.1438 -0.5223 -0.8310
0.1451 -0.5352 -0.7804
0.1216 -0.5325 -0.7698
0.0868 -0.5164 -0.8709
0.0868 -0.5164 -0.8709
0.0697 -0.5053 -0.9591
0.0744 -0.4984 -0.9913
0.0692 -0.5248 -0.8999
0.0692 -0.5248 -0.8999
0.0665 -0.5385 -0.8208
0.0698 -0.5290 -0.7666
0.0960 -0.5229 -0.7487
0.1110 -0.5040 -0.7681
0.1147 -0.4495 -0.8157
0.1147 -0.4495 -0.8157
0.1068 -0.4003 -0.8705
0.1201 -0.3578 -0.8999
0.1492 -0.3624 -0.9012
0.1452 -0.4109 -0.9093
0.0991 -0.4452 -0.8613
0.0991 -0.4452 -0.8613
0.0813 -0.4668 -0.8563
0.0736 -0.4875 -0.8754
0.0703 -0.5268 -0.9290
0.0718 -0.5457 -0.9408
0.0648 -0.5582 -0.9445
0.0648 -0.5582 -0.9445
0.0705 -0.5695 -0.9434
0.0661 -0.5711 -0.9472
0.0483 -0.5854 -0.9178
0.0387 -0.5951 -0.8530
0.0537 -0.6160 -0.8113
0.0537 -0.6160 -0.8113
0.0463 -0.6427 -0.8001
0.0424 -0.6411 -0.7663
0.0309 -0.6244 -0.7578
0.0135 -0.6015 -0.7695
0.0135 -0.6015 -0.7695
-0.0020 -0.5999 -0.7993
-0.1599 -0.6089 -0.8036
-0.1559 -0.6946 -0.7319
-0.0510 -0.7228 -0.7475
0.0018 -0.7299 -0.7498
0.0018 -0.7299 -0.7498
0.0536 -0.7014 -0.7444
0.1407 -0.6859 -0.6958
0.1258 -0.6466 -0.7164
0.0881 -0.6443 -0.7261
0.0993 -0.6346 -0.7388
0.0993 -0.6346 -0.7388
0.1271 -0.6073 -0.6884
0.1189 -0.6448 -0.6478
0.0776 -0.7028 -0.6829
0.0357 -0.7373 -0.6895
0.0060 -0.7110 -0.6119
0.0060 -0.7110 -0.6119
0.0083 -0.7368 -0.6228
-0.0075 -0.7552 -0.6129
-0.0155 -0.7281 -0.6481
-0.0385 -0.7044 -0.6115
-0.0510 -0.7172 -0.5867
-0.0510 -0.7172 -0.5867
-0.0535 -0.6956 -0.5756
-0.0759 -0.6875 -0.5841
-0.0527 -0.6972 -0.6110
-0.0213 -0.6656 -0.6412
-0.0213 -0.6656 -0.6412
-0.0175 -0.6638 -0.6266
-0.0313 -0.6806 -0.6317
-0.0202 -0.6957 -0.6539
-0.0065 -0.6869 -0.6483
-0.0100 -0.6820 -0.6597
-0.0100 -0.6820 -0.6597
-0.0138 -0.7220 -0.6185
0.0069 -0.7179 -0.6369
0.0047 -0.7076 -0.6273
0.0108 -0.7103 -0.6503
0.0194 -0.7226 -0.6695
0.0194 -0.7226 -0.6695
0.0229 -0.7139 -0.6506
0.0197 -0.7219 -0.6437
0.0213 -0.7375 -0.6481
0.0190 -0.7368 -0.6492
0.0247 -0.7355 -0.6590
0.0247 -0.7355 -0.6590
0.0170 -0.7404 -0.6413
0.0189 -0.7475 -0.6278
0.0275 -0.7520 -0.6461
0.0286 -0.7486 -0.6500
0.0298 -0.7452 -0.6413
0.0298 -0.7452 -0.6413
0.0368 -0.7482 -0.6380
0.0342 -0.7539 -0.6292
0.0348 -0.7538 -0.6291
0.0385 -0.7475 -0.6271
0.0385 -0.7475 -0.6271
0.0378 -0.7423 -0.6394
0.0253 -0.7515 -0.6464
0.0345 -0.7531 -0.6324
0.0354 -0.7565 -0.6250
0.0331 -0.7567 -0.6272
0.0331 -0.7567 -0.6272
0.0354 -0.7512 -0.6129
0.0318 -0.7460 -0.6206
0.0325 -0.7531 -0.6421
0.0424 -0.7520 -0.6488
0.0459 -0.7486 -0.6454
0.0473 -0.7472 -0.6362
0.0473 -0.7472 -0.6362
0.0554 -0.7445 -0.6458
0.0589 -0.7487 -0.6512
0.0540 -0.7361 -0.6333
0.0540 -0.7361 -0.6333
0.0574 -0.7477 -0.6470
0.0549 -0.7453 -0.6452
0.0506 -0.7443 -0.6384
0.0535 -0.7511 -0.6379
0.0535 -0.7511 -0.6379
0.0563 -0.7465 -0.6442
0.0583 -0.7473 -0.6427
0.0589 -0.7550 -0.6367
0.0659 -0.7569 -0.6354
0.0705 -0.7480 -0.6325
0.0705 -0.7480 -0.6325
0.0656 -0.7534 -0.6333
0.0654 -0.7607 -0.6398
0.0646 -0.7622 -0.6307
0.0600 -0.7592 -0.6221
0.0574 -0.7602 -0.6164
0.0574 -0.7602 -0.6164
0.0507 -0.7692 -0.6202
0.0479 -0.7756 -0.6138
0.0540 -0.7768 -0.6209
0.0511 -0.7690 -0.6180
0.0475 -0.7674 -0.6265
0.0475 -0.7674 -0.6265
0.0421 -0.7702 -0.6240
0.0466 -0.7664 -0.6208
0.0466 -0.7753 -0.6106
0.0476 -0.7699 -0.6128
0.0518 -0.7647 -0.6256
0.0518 -0.7647 -0.6256
0.0518 -0.7672 -0.6231
0.0524 -0.7688 -0.6149
0.0447 -0.7620 -0.6089
0.0439 -0.7764 -0.6054
0.0439 -0.7764 -0.6054
0.0474 -0.7795 -0.5973
0.0556 -0.7785 -0.6009
0.0558 -0.7757 -0.6133
0.0549 -0.7744 -0.6224
0.0571 -0.7789 -0.6129
0.0571 -0.7789 -0.6129
0.0554 -0.7805 -0.6098
0.0633 -0.7791 -0.6118
0.0599 -0.7738 -0.6127
0.0597 -0.7778 -0.6128
0.0664 -0.7784 -0.6167
0.0664 -0.7784 -0.6167
0.0652 -0.7736 -0.6115
0.0570 -0.7780 -0.5957
0.0548 -0.7779 -0.5907
0.0597 -0.7799 -0.6023
0.0594 -0.7766 -0.6094
0.0594 -0.7766 -0.6094
0.0588 -0.7808 -0.6036
0.0606 -0.7779 -0.5883
0.0588 -0.7817 -0.5853
0.0625 -0.7873 -0.5825
0.0647 -0.7854 -0.5877
0.0647 -0.7854 -0.5877
0.0616 -0.7893 -0.5972
0.0628 -0.7889 -0.5965
0.0634 -0.7887 -0.5957
0.0548 -0.7884 -0.5923
0.0548 -0.7884 -0.5923
0.0573 -0.7979 -0.5852
0.0604 -0.7899 -0.5782
0.0526 -0.7913 -0.5766
0.0585 -0.7896 -0.5698
0.0613 -0.7985 -0.5750
0.0613 -0.7985 -0.5750
0.0523 -0.7947 -0.5835
0.0475 -0.7906 -0.5858
0.0498 -0.7896 -0.5886
0.0448 -0.7944 -0.5821
0.0424 -0.7974 -0.5830
0.0424 -0.7974 -0.5830
0.0425 -0.8064 -0.5881
0.0459 -0.8047 -0.5966
0.0424 -0.7910 -0.5850
0.0405 -0.7968 -0.5822
0.0471 -0.8002 -0.5703
0.0471 -0.8002 -0.5703
0.0470 -0.7948 -0.5735
0.0477 -0.8015 -0.5703
0.0532 -0.8048 -0.5672
0.0502 -0.7943 -0.5594
0.0470 -0.7960 -0.5664
0.0470 -0.7960 -0.5664
0.0424 -0.8019 -0.5609
0.0457 -0.7986 -0.5556
0.0534 -0.7968 -0.5588
0.0546 -0.8021 -0.5661
0.0546 -0.8021 -0.5661
0.0528 -0.8019 -0.5690
0.0472 -0.8073 -0.5674
0.0478 -0.8102 -0.5646
0.0462 -0.8076 -0.5715
0.0458 -0.8069 -0.5714
0.0465 -0.8107 -0.5708
0.0465 -0.8107 -0.5708
0.0510 -0.8087 -0.5781
0.0485 -0.8069 -0.5781
0.0496 -0.8071 -0.5663
0.0540 -0.8149 -0.5661
0.0540 -0.8149 -0.5661
0.0513 -0.8050 -0.5769
0.0510 -0.8045 -0.5701
0.0534 -0.8116 -0.5543
0.0515 -0.8032 -0.5550
0.0477 -0.8044 -0.5597
0.0477 -0.8044 -0.5597
0.0520 -0.8017 -0.5701
0.0477 -0.7991 -0.5748
0.0555 -0.8037 -0.5792
0.0555 -0.8037 -0.5792
0.0545 -0.8081 -0.5698
0.0561 -0.8060 -0.5700
0.0548 -0.8040 -0.5664
0.0546 -0.8080 -0.5653
0.0552 -0.8098 -0.5763
0.0552 -0.8098 -0.5763
0.0522 -0.8031 -0.5745
0.0525 -0.8083 -0.5626
0.0566 -0.8105 -0.5643
0.0498 -0.8071 -0.5708
0.0527 -0.8131 -0.5724
0.0527 -0.8131 -0.5724
0.0529 -0.8075 -0.5732
0.0516 -0.8046 -0.5769
0.0523 -0.8135 -0.5654
0.0555 -0.8151 -0.5596
0.0542 -0.8071 -0.5684
0.0542 -0.8071 -0.5684
0.0452 -0.8016 -0.5643
0.0535 -0.8081 -0.5483
0.0628 -0.8031 -0.5558
0.0622 -0.8046 -0.5637
0.0543 -0.8006 -0.5437
0.0543 -0.8006 -0.5437
0.0519 -0.8063 -0.5456
0.0577 -0.8057 -0.5618
0.0645 -0.8067 -0.5678
0.0569 -0.8019 -0.5609
0.0569 -0.8019 -0.5609
0.0531 -0.7989 -0.5439
0.0522 -0.8062 -0.5392
0.0501 -0.8188 -0.5405
0.0601 -0.8109 -0.5514
0.0640 -0.8064 -0.5646
0.0640 -0.8064 -0.5646
0.0573 -0.8137 -0.5642
0.0549 -0.8157 -0.5584
0.0610 -0.8138 -0.5603
0.0596 -0.8092 -0.5691
0.0614 -0.8103 -0.5599
0.0614 -0.8103 -0.5599
0.0577 -0.8099 -0.5547
0.0653 -0.8127 -0.5524
0.0667 -0.8041 -0.5615
0.0597 -0.8091 -0.5544
0.0624 -0.8062 -0.5560
0.0624 -0.8062 -0.5560
0.0656 -0.8074 -0.5608
0.0631 -0.8094 -0.5556
0.0625 -0.8065 -0.5489
0.0630 -0.8071 -0.5483
0.0689 -0.8070 -0.5564
0.0689 -0.8070 -0.5564
0.0702 -0.8096 -0.5586
0.0656 -0.8160 -0.5513
0.0622 -0.8162 -0.5568
0.0624 -0.8126 -0.5617
0.0624 -0.8126 -0.5617
0.0543 -0.8160 -0.5638
0.0513 -0.8150 -0.5527
0.0593 -0.8166 -0.5548
0.0662 -0.8135 -0.5682
0.0635 -0.8040 -0.5787
0.0635 -0.8040 -0.5787
0.0625 -0.8101 -0.5669
0.0601 -0.8104 -0.5612
0.0563 -0.8153 -0.5579
0.0574 -0.8090 -0.5618
0.0620 -0.8130 -0.5570
0.0620 -0.8130 -0.5570
0.0662 -0.8129 -0.5548
0.0686 -0.8125 -0.5569
0.0651 -0.8143 -0.5561
0.0555 -0.8092 -0.5534
0.0549 -0.8202 -0.5518
0.0549 -0.8202 -0.5518
0.0603 -0.8143 -0.5571
0.0661 -0.8116 -0.5614
0.0617 -0.8071 -0.5650
0.0645 -0.8112 -0.5567
0.0637 -0.8105 -0.5521
0.0637 -0.8105 -0.5521
0.0521 -0.8084 -0.5524
0.0546 -0.8131 -0.5546
0.0618 -0.8114 -0.5559
0.0618 -0.8114 -0.5559
0.0577 -0.8084 -0.5545
0.0506 -0.8178 -0.5543
0.0597 -0.8172 -0.5592
0.0639 -0.8128 -0.5669
0.0571 -0.8120 -0.5525
0.0571 -0.8120 -0.5525
0.0584 -0.8178 -0.5453
0.0705 -0.8161 -0.5591
0.0659 -0.8052 -0.5669
0.0575 -0.8081 -0.5530
0.0583 -0.8169 -0.5453
0.0583 -0.8169 -0.5453
0.0611 -0.8163 -0.5517
0.0642 -0.8119 -0.5542
0.0566 -0.8087 -0.5508
0.0581 -0.8159 -0.5511
0.0624 -0.8130 -0.5568
0.0624 -0.8130 -0.5568
0.0625 -0.8113 -0.5514
0.0591 -0.8143 -0.5503
0.0628 -0.8197 -0.5491
0.0624 -0.8115 -0.5551
0.0626 -0.8073 -0.5658
0.0626 -0.8073 -0.5658
0.0530 -0.8097 -0.5485
0.0477 -0.8166 -0.5489
0.0469 -0.8154 -0.5553
0.0608 -0.8170 -0.5670
0.0608 -0.8170 -0.5670
0.0558 -0.8148 -0.5834

