-0.9855 0.8288 -0.0754
-0.9854 0.8287 -0.0754
-0.9855 0.8287 -0.0752
-0.9859 0.8288 -0.0749
-0.9861 0.8289 -0.0748
-0.9864 0.8290 -0.0748
-0.9866 0.8290 -0.0748
-0.9866 0.8289 -0.0748
-0.9867 0.8289 -0.0747
-0.9868 0.8290 -0.0745
-0.9869 0.8290 -0.0744
-0.9869 0.8289 -0.0743
-0.9868 0.8289 -0.0742
-0.9868 0.8288 -0.0741
-0.9868 0.8288 -0.0740
-0.9870 0.8288 -0.0740
-0.9871 0.8288 -0.0741
-0.9871 0.8287 -0.0741
-0.9871 0.8287 -0.0741
-0.9871 0.8287 -0.0741
-0.9872 0.8287 -0.0741
-0.9872 0.8295 -0.0745
-0.9872 0.8298 -0.0747
-0.9873 0.8299 -0.0747
-0.9873 0.8300 -0.0748
-0.9873 0.8301 -0.0749
-0.9873 0.8301 -0.0750
-0.9880 0.8302 -0.0747
-0.9882 0.8302 -0.0747
-0.9883 0.8303 -0.0748
-0.9884 0.8303 -0.0749
-0.9883 0.8303 -0.0751
-0.9884 0.8305 -0.0751
-0.9884 0.8306 -0.0752
-0.9884 0.8306 -0.0753
-0.9884 0.8307 -0.0755
-0.9884 0.8308 -0.0756
-0.9885 0.8308 -0.0757
-0.9884 0.8308 -0.0755
-0.9884 0.8309 -0.0755
-0.9884 0.8309 -0.0756
-0.9885 0.8310 -0.0756
-0.9885 0.8311 -0.0757
-0.9885 0.8312 -0.0758
-0.9888 0.8316 -0.0760
-0.9889 0.8317 -0.0761
-0.9889 0.8319 -0.0762
-0.9888 0.8320 -0.0764
-0.9888 0.8321 -0.0765
-0.9887 0.8321 -0.0766
-0.9891 0.8322 -0.0768
-0.9892 0.8321 -0.0769
-0.9892 0.8321 -0.0769
-0.9892 0.8321 -0.0769
-0.9892 0.8321 -0.0769
-0.9893 0.8321 -0.0769
-0.9893 0.8323 -0.0770
-0.9894 0.8323 -0.0771
-0.9894 0.8323 -0.0771
-0.9894 0.8323 -0.0772
-0.9894 0.8323 -0.0772
-0.9895 0.8323 -0.0772
-0.9895 0.8323 -0.0771
-0.9895 0.8322 -0.0771
-0.9894 0.8321 -0.0770
-0.9894 0.8321 -0.0769
-0.9893 0.8321 -0.0769
-0.9893 0.8322 -0.0770
-0.9892 0.8322 -0.0771
-0.9891 0.8322 -0.0770
-0.9890 0.8321 -0.0770
-0.9889 0.8320 -0.0770
-0.9888 0.8319 -0.0769
-0.9886 0.8319 -0.0769
-0.9885 0.8319 -0.0769
-0.9883 0.8317 -0.0769
-0.9881 0.8315 -0.0768
-0.9879 0.8313 -0.0768
-0.9877 0.8312 -0.0768
-0.9875 0.8310 -0.0770
-0.9873 0.8306 -0.0769
-0.9871 0.8301 -0.0768
-0.9869 0.8293 -0.0765
-0.9867 0.8282 -0.0762
-0.9866 0.8267 -0.0757
-0.9867 0.8246 -0.0756
-0.9868 0.8219 -0.0750
-0.9869 0.8185 -0.0741
-0.9871 0.8142 -0.0730
-0.9872 0.8091 -0.0718
-0.9872 0.8033 -0.0705
-0.9880 0.7973 -0.0694
-0.9881 0.7903 -0.0680
-0.9881 0.7827 -0.0664
-0.9880 0.7746 -0.0648
-0.9881 0.7661 -0.0632
-0.9883 0.7575 -0.0616
-0.9886 0.7486 -0.0599
-0.9891 0.7398 -0.0583
-0.9897 0.7312 -0.0567
-0.9904 0.7227 -0.0552
-0.9911 0.7144 -0.0539
-0.9916 0.7062 -0.0528
-0.9919 0.6981 -0.0520
-0.9924 0.6906 -0.0512
-0.9930 0.6834 -0.0504
-0.9936 0.6765 -0.0498
-0.9940 0.6699 -0.0491
-0.9943 0.6636 -0.0485
-0.9945 0.6577 -0.0478
-0.9949 0.6526 -0.0472
-0.9952 0.6479 -0.0467
-0.9955 0.6436 -0.0461
-0.9958 0.6396 -0.0453
-0.9956 0.6360 -0.0448
-0.9951 0.6328 -0.0446
-0.9952 0.6301 -0.0437
-0.9958 0.6277 -0.0426
-0.9965 0.6256 -0.0412
-0.9974 0.6236 -0.0396
-0.9982 0.6218 -0.0378
-0.9991 0.6203 -0.0360
-1.0000 0.6188 -0.0339
-1.0011 0.6175 -0.0318
-1.0020 0.6165 -0.0299
-1.0029 0.6157 -0.0281
-1.0037 0.6151 -0.0265
-1.0040 0.6150 -0.0251
-1.0043 0.6146 -0.0239
-1.0047 0.6141 -0.0227
-1.0049 0.6135 -0.0214
-1.0052 0.6128 -0.0199
-1.0055 0.6118 -0.0181
-1.0055 0.6122 -0.0165
-1.0063 0.6113 -0.0140
-1.0076 0.6098 -0.0110
-1.0092 0.6078 -0.0074
-1.0113 0.6052 -0.0034
-1.0137 0.6021 0.0012
-1.0161 0.5992 0.0062
-1.0192 0.5955 0.0116
-1.0227 0.5915 0.0173
-1.0267 0.5875 0.0233
-1.0310 0.5837 0.0294
-1.0352 0.5807 0.0355
-1.0392 0.5786 0.0415
-1.0440 0.5769 0.0473
-1.0490 0.5757 0.0531
-1.0541 0.5749 0.0588
-1.0590 0.5743 0.0647
-1.0632 0.5739 0.0711
-1.0666 0.5736 0.0781
-1.0705 0.5730 0.0854
-1.0745 0.5721 0.0931
-1.0784 0.5714 0.1013
-1.0823 0.5709 0.1100
-1.0857 0.5709 0.1188
-1.0884 0.5716 0.1276
-1.0920 0.5722 0.1370
-1.0960 0.5729 0.1469
-1.1001 0.5739 0.1569
-1.1043 0.5750 0.1673
-1.1084 0.5766 0.1776
-1.1121 0.5785 0.1877
-1.1165 0.5795 0.1988
-1.1212 0.5800 0.2105
-1.1261 0.5801 0.2227
-1.1311 0.5798 0.2354
-1.1364 0.5791 0.2486
-1.1403 0.5791 0.2614
-1.1454 0.5784 0.2753
-1.1512 0.5775 0.2898
-1.1572 0.5766 0.3048
-1.1635 0.5759 0.3201
-1.1700 0.5757 0.3357
-1.1745 0.5748 0.3511
-1.1805 0.5751 0.3670
-1.1869 0.5760 0.3829
-1.1934 0.5773 0.3989
-1.1998 0.5790 0.4148
-1.2062 0.5812 0.4306
-1.2104 0.5824 0.4456
-1.2159 0.5851 0.4605
-1.2215 0.5884 0.4751
-1.2269 0.5922 0.4894
-1.2319 0.5963 0.5031
-1.2366 0.6004 0.5164
-1.2385 0.6033 0.5288
-1.2415 0.6061 0.5414
-1.2443 0.6082 0.5540
-1.2468 0.6093 0.5667
-1.2490 0.6097 0.5794
-1.2510 0.6095 0.5919
-1.2497 0.6075 0.6028
-1.2504 0.6062 0.6146
-1.2517 0.6048 0.6266
-1.2532 0.6032 0.6387
-1.2547 0.6013 0.6509
-1.2551 0.5992 0.6628
-1.2538 0.5971 0.6741
-1.2538 0.5944 0.6865
-1.2540 0.5914 0.6992
-1.2540 0.5885 0.7119
-1.2535 0.5859 0.7247
-1.2526 0.5833 0.7376
-1.2493 0.5786 0.7495
-1.2466 0.5756 0.7622
-1.2438 0.5734 0.7753
-1.2406 0.5714 0.7886
-1.2371 0.5695 0.8022
-1.2333 0.5678 0.8160
-1.2292 0.5644 0.8308
-1.2248 0.5621 0.8454
-1.2204 0.5603 0.8602
-1.2158 0.5586 0.8754
-1.2112 0.5573 0.8907
-1.2066 0.5564 0.9062
-1.2030 0.5542 0.9247
-1.1990 0.5538 0.9414
-1.1952 0.5542 0.9577
-1.1920 0.5552 0.9743
-1.1894 0.5563 0.9912
-1.1876 0.5578 1.0086
-1.1864 0.5580 1.0293
-1.1859 0.5598 1.0476
-1.1859 0.5624 1.0648
-1.1862 0.5653 1.0814
-1.1868 0.5684 1.0974
-1.1874 0.5713 1.1131
-1.1878 0.5752 1.1302
-1.1886 0.5773 1.1463
-1.1897 0.5783 1.1622
-1.1909 0.5790 1.1780
-1.1922 0.5797 1.1934
-1.1936 0.5808 1.2086
-1.1941 0.5835 1.2240
-1.1949 0.5854 1.2387
-1.1956 0.5867 1.2533
-1.1959 0.5875 1.2678
-1.1959 0.5878 1.2824
-1.1955 0.5880 1.2970
-1.1947 0.5884 1.3114
-1.1937 0.5874 1.3266
-1.1925 0.5857 1.3422
-1.1912 0.5837 1.3581
-1.1897 0.5815 1.3743
-1.1882 0.5796 1.3902
-1.1866 0.5781 1.4058
-1.1851 0.5761 1.4222
-1.1839 0.5740 1.4390
-1.1826 0.5719 1.4560
-1.1813 0.5701 1.4732
-1.1799 0.5685 1.4906
-1.1789 0.5671 1.5076
-1.1771 0.5659 1.5250
-1.1747 0.5650 1.5426
-1.1717 0.5646 1.5602
-1.1680 0.5649 1.5776
-1.1636 0.5656 1.5948
-1.1584 0.5669 1.6117
-1.1522 0.5676 1.6274
-1.1453 0.5698 1.6427
-1.1379 0.5730 1.6572
-1.1299 0.5770 1.6709
-1.1214 0.5813 1.6841
-1.1122 0.5841 1.6964
-1.1023 0.5864 1.7094
-1.0915 0.5874 1.7231
-1.0799 0.5868 1.7373
-1.0681 0.5853 1.7516
-1.0561 0.5836 1.7654
-1.0448 0.5839 1.7771
-1.0339 0.5847 1.7886
-1.0236 0.5863 1.7995
-1.0139 0.5881 1.8101
-1.0048 0.5897 1.8206
-0.9962 0.5908 1.8313
-0.9881 0.5906 1.8425
-0.9804 0.5897 1.8544
-0.9730 0.5881 1.8670
-0.9660 0.5857 1.8804
-0.9592 0.5829 1.8944
-0.9526 0.5797 1.9089
-0.9470 0.5757 1.9254
-0.9412 0.5723 1.9412
-0.9355 0.5694 1.9568
-0.9299 0.5668 1.9726
-0.9245 0.5645 1.9885
-0.9192 0.5623 2.0048
-0.9141 0.5599 2.0218
-0.9088 0.5579 2.0387
-0.9035 0.5562 2.0559
-0.8984 0.5549 2.0732
-0.8935 0.5543 2.0906
-0.8889 0.5544 2.1080
-0.8837 0.5548 2.1268
-0.8796 0.5565 2.1444
-0.8761 0.5590 2.1615
-0.8732 0.5622 2.1783
-0.8708 0.5659 2.1947
-0.8690 0.5698 2.2109
-0.8655 0.5735 2.2291
-0.8640 0.5766 2.2462
-0.8634 0.5788 2.2632
-0.8636 0.5802 2.2803
-0.8644 0.5809 2.2973
-0.8657 0.5817 2.3140
-0.8649 0.5825 2.3339
-0.8659 0.5847 2.3504
-0.8675 0.5874 2.3655
-0.8691 0.5901 2.3798
-0.8704 0.5921 2.3941
-0.8713 0.5930 2.4086
-0.8706 0.5932 2.4233
-0.8701 0.5920 2.4385
-0.8695 0.5900 2.4541
-0.8685 0.5873 2.4701
-0.8673 0.5842 2.4863
-0.8659 0.5809 2.5027
-0.8627 0.5798 2.5193
-0.8605 0.5773 2.5359
-0.8586 0.5743 2.5525
-0.8568 0.5714 2.5691
-0.8550 0.5685 2.5858
-0.8527 0.5657 2.6022
-0.8495 0.5632 2.6182
-0.8470 0.5607 2.6348
-0.8446 0.5585 2.6517
-0.8419 0.5565 2.6686
-0.8388 0.5550 2.6857
-0.8352 0.5534 2.7028
-0.8312 0.5515 2.7202
-0.8266 0.5505 2.7374
-0.8214 0.5500 2.7542
-0.8158 0.5498 2.7705
-0.8098 0.5500 2.7859
-0.8033 0.5506 2.8006
-0.7971 0.5512 2.8155
-0.7898 0.5521 2.8295
-0.7817 0.5526 2.8430
-0.7729 0.5521 2.8565
-0.7638 0.5510 2.8698
-0.7547 0.5501 2.8826
-0.7461 0.5484 2.8975
-0.7378 0.5489 2.9097
-0.7298 0.5502 2.9209
-0.7223 0.5512 2.9319
-0.7152 0.5514 2.9431
-0.7085 0.5506 2.9548
-0.7023 0.5484 2.9670
-0.6966 0.5461 2.9797
-0.6914 0.5434 2.9929
-0.6865 0.5403 3.0067
-0.6819 0.5367 3.0209
-0.6776 0.5328 3.0356
-0.6733 0.5275 3.0509
-0.6694 0.5232 3.0662
-0.6658 0.5195 3.0816
-0.6625 0.5166 3.0970
-0.6595 0.5142 3.1125
-0.6567 0.5124 3.1282
-0.6528 0.5102 3.1452
-0.6498 0.5084 3.1618
-0.6472 0.5070 3.1783
-0.6449 0.5059 3.1949
-0.6429 0.5052 3.2117
-0.6412 0.5051 3.2284
-0.6389 0.5034 3.2455
-0.6376 0.5035 3.2625
-0.6370 0.5047 3.2795
-0.6371 0.5069 3.2962
-0.6379 0.5102 3.3124
-0.6394 0.5147 3.3276
-0.6418 0.5198 3.3416
-0.6442 0.5241 3.3563
-0.6469 0.5270 3.3715
-0.6502 0.5283 3.3873
-0.6543 0.5278 3.4038
-0.6590 0.5262 3.4204
-0.6642 0.5256 3.4359
-0.6699 0.5254 3.4507
-0.6757 0.5269 3.4646
-0.6813 0.5298 3.4774
-0.6867 0.5332 3.4894
-0.6916 0.5362 3.5012
-0.6955 0.5393 3.5132
-0.6994 0.5406 3.5254
-0.7029 0.5405 3.5379
-0.7061 0.5393 3.5507
-0.7091 0.5372 3.5638
-0.7118 0.5345 3.5773
-0.7146 0.5343 3.5887
-0.7171 0.5319 3.6019
-0.7194 0.5289 3.6156
-0.7216 0.5259 3.6294
-0.7235 0.5232 3.6433
-0.7252 0.5208 3.6571
-0.7261 0.5207 3.6686
-0.7270 0.5193 3.6818
-0.7279 0.5176 3.6959
-0.7285 0.5161 3.7103
-0.7288 0.5151 3.7248
-0.7286 0.5149 3.7392
-0.7281 0.5113 3.7522
-0.7272 0.5120 3.7655
-0.7260 0.5149 3.7782
-0.7245 0.5194 3.7903
-0.7227 0.5248 3.8017
-0.7207 0.5301 3.8129
-0.7190 0.5333 3.8237
-0.7165 0.5361 3.8352
-0.7133 0.5375 3.8476
-0.7094 0.5374 3.8606
-0.7050 0.5359 3.8736
-0.7001 0.5338 3.8859
-0.6952 0.5322 3.8965
-0.6901 0.5331 3.9062
-0.6852 0.5358 3.9148
-0.6805 0.5388 3.9228
-0.6762 0.5412 3.9308
-0.6724 0.5422 3.9393
-0.6692 0.5412 3.9468
-0.6664 0.5396 3.9558
-0.6640 0.5374 3.9656
-0.6620 0.5349 3.9757
-0.6603 0.5323 3.9860
-0.6589 0.5296 3.9964
-0.6584 0.5255 4.0072
-0.6577 0.5226 4.0179
-0.6568 0.5202 4.0285
-0.6558 0.5183 4.0390
-0.6548 0.5167 4.0495
-0.6535 0.5155 4.0598
-0.6539 0.5110 4.0692
-0.6527 0.5090 4.0793
-0.6509 0.5081 4.0896
-0.6487 0.5078 4.1000
-0.6462 0.5083 4.1101
-0.6435 0.5097 4.1198
-0.6416 0.5109 4.1290
-0.6389 0.5140 4.1376
-0.6358 0.5182 4.1458
-0.6324 0.5227 4.1536
-0.6288 0.5271 4.1612
-0.6249 0.5312 4.1684
-0.6222 0.5330 4.1755
-0.6182 0.5353 4.1824
-0.6136 0.5368 4.1893
-0.6087 0.5374 4.1965
-0.6037 0.5369 4.2038
-0.5985 0.5355 4.2111
-0.5942 0.5329 4.2184
-0.5888 0.5307 4.2244
-0.5824 0.5293 4.2288
-0.5753 0.5287 4.2316
-0.5673 0.5287 4.2330
-0.5587 0.5284 4.2338
-0.5497 0.5272 4.2349
-0.5398 0.5251 4.2348
-0.5292 0.5218 4.2342
-0.5180 0.5176 4.2331
-0.5064 0.5128 4.2313
-0.4947 0.5080 4.2285
-0.4831 0.5029 4.2273
-0.4716 0.4991 4.2229
-0.4605 0.4962 4.2166
-0.4499 0.4940 4.2088
-0.4398 0.4924 4.1999
-0.4300 0.4910 4.1911
-0.4207 0.4897 4.1832
-0.4125 0.4887 4.1723
-0.4054 0.4878 4.1599
-0.3994 0.4869 4.1464
-0.3942 0.4858 4.1320
-0.3899 0.4839 4.1186
-0.3863 0.4805 4.1072
-0.3834 0.4776 4.0931
-0.3816 0.4744 4.0781
-0.3810 0.4711 4.0632
-0.3817 0.4680 4.0485
-0.3838 0.4652 4.0344
-0.3845 0.4644 4.0257
-0.3875 0.4617 4.0143
-0.3912 0.4577 4.0025
-0.3953 0.4526 3.9905
-0.3995 0.4468 3.9786
-0.4039 0.4407 3.9667
-0.4074 0.4353 3.9586
-0.4121 0.4299 3.9479
-0.4173 0.4250 3.9363
-0.4227 0.4208 3.9242
-0.4284 0.4175 3.9119
-0.4328 0.4158 3.9001
-0.4351 0.4161 3.8893
-0.4400 0.4161 3.8766
-0.4459 0.4162 3.8630
-0.4521 0.4165 3.8487
-0.4584 0.4169 3.8337
-0.4635 0.4177 3.8192
-0.4666 0.4192 3.8055
-0.4727 0.4202 3.7897
-0.4800 0.4212 3.7732
-0.4881 0.4223 3.7562
-0.4966 0.4235 3.7391
-0.5053 0.4247 3.7220
-0.5115 0.4276 3.7072
-0.5194 0.4295 3.6913
-0.5281 0.4316 3.6754
-0.5372 0.4343 3.6599
-0.5466 0.4374 3.6449
-0.5561 0.4409 3.6303
-0.5643 0.4461 3.6168
-0.5733 0.4499 3.6032
-0.5824 0.4529 3.5899
-0.5911 0.4552 3.5768
-0.5994 0.4568 3.5641
-0.6071 0.4577 3.5516
-0.6135 0.4589 3.5391
-0.6197 0.4587 3.5270
-0.6254 0.4579 3.5154
-0.6309 0.4568 3.5042
-0.6361 0.4557 3.4934
-0.6409 0.4544 3.4829
-0.6461 0.4537 3.4716
-0.6503 0.4515 3.4606
-0.6539 0.4484 3.4496
-0.6569 0.4446 3.4382
-0.6593 0.4403 3.4265
-0.6612 0.4358 3.4142
-0.6654 0.4319 3.3991
-0.6676 0.4279 3.3851
-0.6690 0.4242 3.3710
-0.6702 0.4212 3.3566
-0.6715 0.4191 3.3418
-0.6741 0.4180 3.3254
-0.6790 0.4178 3.3066
-0.6823 0.4176 3.2894
-0.6854 0.4174 3.2723
-0.6887 0.4172 3.2549
-0.6924 0.4171 3.2372
-0.6965 0.4172 3.2191
-0.7056 0.4180 3.1956
-0.7123 0.4190 3.1753
-0.7187 0.4203 3.1562
-0.7255 0.4221 3.1378
-0.7328 0.4249 3.1204
-0.7406 0.4294 3.1042
-0.7513 0.4339 3.0860
-0.7609 0.4402 3.0712
-0.7706 0.4463 3.0579
-0.7810 0.4510 3.0450
-0.7923 0.4536 3.0323
-0.8044 0.4545 3.0198
-0.8168 0.4547 3.0080
-0.8310 0.4535 2.9945
-0.8435 0.4543 2.9837
-0.8550 0.4561 2.9743
-0.8657 0.4580 2.9653
-0.8757 0.4593 2.9563
-0.8863 0.4589 2.9461
-0.8957 0.4578 2.9359
-0.9045 0.4558 2.9251
-0.9129 0.4527 2.9139
-0.9212 0.4489 2.9020
-0.9292 0.4444 2.8896
-0.9383 0.4383 2.8759
-0.9466 0.4327 2.8622
-0.9545 0.4273 2.8480
-0.9620 0.4223 2.8335
-0.9691 0.4179 2.8184
-0.9760 0.4143 2.8030
-0.9831 0.4113 2.7873
-0.9891 0.4090 2.7707
-0.9945 0.4071 2.7531
-0.9995 0.4054 2.7346
-1.0042 0.4038 2.7152
-1.0096 0.4021 2.6949
-1.0161 0.4000 2.6737
-1.0205 0.4004 2.6531
-1.0239 0.4029 2.6330
-1.0264 0.4071 2.6135
-1.0283 0.4128 2.5945
-1.0303 0.4191 2.5757
-1.0331 0.4251 2.5565
-1.0341 0.4299 2.5374
-1.0344 0.4328 2.5178
-1.0340 0.4341 2.4978
-1.0330 0.4344 2.4777
-1.0314 0.4347 2.4581
-1.0320 0.4354 2.4382
-1.0308 0.4373 2.4200
-1.0291 0.4398 2.4028
-1.0273 0.4419 2.3862
-1.0260 0.4433 2.3697
-1.0251 0.4434 2.3532
-1.0264 0.4431 2.3360
-1.0273 0.4409 2.3187
-1.0286 0.4374 2.3013
-1.0303 0.4331 2.2835
-1.0324 0.4283 2.2655
-1.0349 0.4233 2.2472
-1.0389 0.4206 2.2284
-1.0423 0.4167 2.2097
-1.0455 0.4129 2.1910
-1.0488 0.4097 2.1723
-1.0522 0.4075 2.1536
-1.0559 0.4060 2.1347
-1.0617 0.4048 2.1153
-1.0669 0.4043 2.0962
-1.0725 0.4043 2.0770
-1.0788 0.4046 2.0578
-1.0859 0.4054 2.0389
-1.0938 0.4070 2.0208
-1.1032 0.4085 2.0047
-1.1126 0.4126 1.9895
-1.1222 0.4182 1.9755
-1.1324 0.4241 1.9624
-1.1431 0.4290 1.9496
-1.1548 0.4317 1.9370
-1.1678 0.4320 1.9247
-1.1807 0.4307 1.9118
-1.1936 0.4291 1.8994
-1.2061 0.4284 1.8880
-1.2180 0.4292 1.8775
-1.2293 0.4309 1.8678
-1.2401 0.4326 1.8582
-1.2504 0.4342 1.8486
-1.2603 0.4350 1.8384
-1.2699 0.4348 1.8275
-1.2791 0.4337 1.8159
-1.2880 0.4319 1.8037
-1.2967 0.4285 1.7890
-1.3050 0.4257 1.7749
-1.3130 0.4231 1.7606
-1.3207 0.4204 1.7459
-1.3280 0.4177 1.7307
-1.3349 0.4152 1.7151
-1.3414 0.4131 1.6990
-1.3476 0.4105 1.6829
-1.3532 0.4087 1.6662
-1.3585 0.4071 1.6490
-1.3634 0.4057 1.6314
-1.3679 0.4044 1.6133
-1.3738 0.4015 1.5935
-1.3778 0.4006 1.5746
-1.3808 0.4011 1.5561
-1.3831 0.4026 1.5380
-1.3847 0.4053 1.5202
-1.3857 0.4087 1.5028
-1.3868 0.4131 1.4846
-1.3868 0.4169 1.4669
-1.3862 0.4198 1.4490
-1.3849 0.4215 1.4305
-1.3829 0.4218 1.4113
-1.3800 0.4211 1.3919
-1.3764 0.4213 1.3725
-1.3718 0.4218 1.3541
-1.3665 0.4237 1.3370
-1.3608 0.4268 1.3209
-1.3551 0.4302 1.3056
-1.3495 0.4339 1.2909
-1.3445 0.4374 1.2766
-1.3396 0.4385 1.2616
-1.3353 0.4379 1.2461
-1.3314 0.4361 1.2302
-1.3281 0.4336 1.2141
-1.3252 0.4313 1.1985
-1.3226 0.4297 1.1838
-1.3207 0.4273 1.1678
-1.3192 0.4248 1.1515
-1.3181 0.4226 1.1351
-1.3174 0.4207 1.1187
-1.3171 0.4193 1.1024
-1.3171 0.4179 1.0871
-1.3174 0.4168 1.0709
-1.3179 0.4159 1.0542
-1.3188 0.4152 1.0373
-1.3201 0.4148 1.0203
-1.3219 0.4148 1.0033
-1.3240 0.4141 0.9862
-1.3268 0.4147 0.9696
-1.3302 0.4162 0.9535
-1.3341 0.4187 0.9384
-1.3384 0.4219 0.9240
-1.3430 0.4251 0.9098
-1.3479 0.4274 0.8952
-1.3535 0.4297 0.8813
-1.3597 0.4310 0.8676
-1.3663 0.4312 0.8538
-1.3733 0.4307 0.8404
-1.3804 0.4306 0.8277
-1.3869 0.4300 0.8130
-1.3935 0.4310 0.8012
-1.3999 0.4323 0.7904
-1.4061 0.4329 0.7798
-1.4120 0.4325 0.7689
-1.4175 0.4309 0.7577
-1.4232 0.4275 0.7436
-1.4280 0.4239 0.7306
-1.4322 0.4197 0.7176
-1.4359 0.4149 0.7042
-1.4390 0.4096 0.6903
-1.4419 0.4037 0.6759
-1.4446 0.3972 0.6608
-1.4462 0.3918 0.6458
-1.4469 0.3870 0.6308
-1.4468 0.3829 0.6156
-1.4460 0.3795 0.6003
-1.4446 0.3765 0.5846
-1.4439 0.3713 0.5687
-1.4420 0.3676 0.5525
-1.4394 0.3644 0.5362
-1.4363 0.3615 0.5197
-1.4327 0.3590 0.5030
-1.4287 0.3568 0.4864
-1.4252 0.3554 0.4699
-1.4208 0.3544 0.4533
-1.4159 0.3545 0.4371
-1.4106 0.3558 0.4215
-1.4050 0.3586 0.4066
-1.3991 0.3626 0.3926
-1.3933 0.3672 0.3801
-1.3870 0.3719 0.3673
-1.3801 0.3756 0.3542
-1.3727 0.3777 0.3407
-1.3648 0.3780 0.3269
-1.3563 0.3768 0.3131
-1.3474 0.3757 0.3005
-1.3382 0.3744 0.2884
-1.3288 0.3743 0.2773
-1.3194 0.3758 0.2673
-1.3098 0.3782 0.2582
-1.3001 0.3807 0.2496
-1.2905 0.3845 0.2416
-1.2805 0.3861 0.2333
-1.2705 0.3866 0.2248
-1.2604 0.3861 0.2161
-1.2503 0.3849 0.2072
-1.2405 0.3837 0.1978
-1.2310 0.3827 0.1879
-1.2212 0.3814 0.1786
-1.2113 0.3802 0.1695
-1.2014 0.3793 0.1607
-1.1914 0.3788 0.1520
-1.1820 0.3792 0.1427
-1.1735 0.3806 0.1320
-1.1641 0.3821 0.1230
-1.1544 0.3838 0.1144
-1.1445 0.3857 0.1058
-1.1347 0.3879 0.0973
-1.1163 0.3940 0.0809
-1.1084 0.3988 0.0728
-1.1007 0.4042 0.0658
-1.0933 0.4099 0.0593
-1.0865 0.4152 0.0528
-1.0799 0.4196 0.0462
-1.0734 0.4228 0.0396
-1.0670 0.4252 0.0332
-1.0607 0.4272 0.0273
-1.0545 0.4292 0.0221
-1.0484 0.4313 0.0178
-1.0424 0.4333 0.0140
-1.0364 0.4350 0.0074
-1.0305 0.4360 0.0033
-1.0247 0.4363 -0.0001
-1.0190 0.4360 -0.0030
-1.0135 0.4352 -0.0058
-1.0081 0.4341 -0.0085
-1.0020 0.4334 -0.0121
-0.9965 0.4317 -0.0149
-0.9912 0.4296 -0.0172
-0.9860 0.4271 -0.0191
-0.9811 0.4245 -0.0206
-0.9764 0.4219 -0.0218
-0.9709 0.4192 -0.0265
-0.9665 0.4169 -0.0281
-0.9628 0.4148 -0.0286
-0.9595 0.4128 -0.0284
-0.9567 0.4108 -0.0277
-0.9544 0.4089 -0.0267
-0.9490 0.4086 -0.0320
-0.9465 0.4075 -0.0326
-0.9455 0.4061 -0.0317
-0.9452 0.4045 -0.0301
-0.9454 0.4028 -0.0284
-0.9451 0.4008 -0.0283
-0.9437 0.3984 -0.0306
-0.9444 0.3960 -0.0300
-0.9464 0.3938 -0.0286
-0.9492 0.3921 -0.0270
-0.9526 0.3910 -0.0257
-0.9558 0.3909 -0.0259
-0.9582 0.3915 -0.0284
-0.9617 0.3911 -0.0290
-0.9653 0.3901 -0.0289
-0.9690 0.3889 -0.0285
-0.9728 0.3877 -0.0278
-0.9766 0.3867 -0.0269
-0.9786 0.3854 -0.0290
-0.9818 0.3847 -0.0287
-0.9854 0.3845 -0.0276
-0.9890 0.3844 -0.0263
-0.9925 0.3843 -0.0250
-0.9957 0.3842 -0.0238
-0.9964 0.3831 -0.0261
-0.9985 0.3827 -0.0263
-1.0010 0.3827 -0.0258
-1.0036 0.3831 -0.0252
-1.0060 0.3839 -0.0246
-1.0084 0.3848 -0.0242
-1.0092 0.3853 -0.0262
-1.0112 0.3865 -0.0270
-1.0135 0.3885 -0.0274
-1.0159 0.3913 -0.0278
-1.0181 0.3946 -0.0284
-1.0197 0.3977 -0.0299
-1.0203 0.4005 -0.0324
-1.0213 0.4026 -0.0334
-1.0225 0.4044 -0.0337
-1.0240 0.4067 -0.0337
-1.0258 0.4098 -0.0337
-1.0279 0.4139 -0.0338
-1.0296 0.4182 -0.0349
-1.0317 0.4229 -0.0355
-1.0338 0.4277 -0.0361
-1.0359 0.4325 -0.0368
-1.0378 0.4373 -0.0378
-1.0392 0.4423 -0.0391
-1.0398 0.4476 -0.0407
-1.0408 0.4524 -0.0422
-1.0419 0.4572 -0.0436
-1.0430 0.4621 -0.0450
-1.0441 0.4670 -0.0465
-1.0449 0.4717 -0.0482
-1.0453 0.4764 -0.0501
-1.0461 0.4812 -0.0523
-1.0471 0.4862 -0.0547
-1.0481 0.4912 -0.0573
-1.0490 0.4963 -0.0601
-1.0497 0.5013 -0.0630
-1.0496 0.5062 -0.0660
-1.0499 0.5111 -0.0688
-1.0503 0.5160 -0.0715
-1.0507 0.5209 -0.0739
-1.0511 0.5258 -0.0762
-1.0516 0.5308 -0.0783
-1.0513 0.5357 -0.0806
-1.0516 0.5410 -0.0827
-1.0524 0.5464 -0.0847
-1.0533 0.5520 -0.0865
-1.0543 0.5574 -0.0882
-1.0552 0.5625 -0.0897
-1.0021 0.6870 -0.0825
-0.9856 0.7294 -0.0810
-0.9806 0.7457 -0.0813
-0.9791 0.7536 -0.0821
-0.9785 0.7585 -0.0830
-0.9780 0.7623 -0.0840
-0.9778 0.7670 -0.0851
-0.9775 0.7704 -0.0861
-0.9775 0.7732 -0.0871
-0.9778 0.7757 -0.0880
-0.9784 0.7780 -0.0888
-0.9790 0.7800 -0.0894
-0.9794 0.7820 -0.0896
-0.9799 0.7836 -0.0901
-0.9803 0.7849 -0.0906
-0.9802 0.7858 -0.0911
-0.9797 0.7861 -0.0915
-0.9786 0.7861 -0.0914
-0.9769 0.7858 -0.0907
-0.9762 0.7857 -0.0907
-0.9762 0.7859 -0.0908
-0.9765 0.7864 -0.0909
-0.9770 0.7869 -0.0909
-0.9775 0.7874 -0.0906
-0.9776 0.7881 -0.0902
-0.9777 0.7885 -0.0896
-0.9777 0.7888 -0.0889
-0.9778 0.7890 -0.0881
-0.9779 0.7892 -0.0874
-0.9780 0.7894 -0.0867
-0.9769 0.7887 -0.0856
-0.9767 0.7887 -0.0849
-0.9767 0.7889 -0.0843
-0.9768 0.7891 -0.0838
-0.9769 0.7894 -0.0833
-0.9770 0.7898 -0.0828
-0.9763 0.7895 -0.0817
-0.9761 0.7898 -0.0811
-0.9762 0.7901 -0.0807
-0.9763 0.7905 -0.0804
-0.9764 0.7909 -0.0803
-0.9764 0.7913 -0.0801
-0.9763 0.7915 -0.0797
-0.9764 0.7919 -0.0796
-0.9766 0.7923 -0.0796
-0.9767 0.7927 -0.0798
-0.9767 0.7931 -0.0800
-0.9766 0.7935 -0.0800
-0.9767 0.7938 -0.0799
-0.9769 0.7944 -0.0801
-0.9773 0.7952 -0.0805
-0.9776 0.7960 -0.0808
-0.9779 0.7968 -0.0812
-0.9781 0.7974 -0.0816
-0.9786 0.7979 -0.0817
-0.9789 0.7985 -0.0820
-0.9791 0.7992 -0.0825
-0.9792 0.7998 -0.0831
-0.9793 0.8004 -0.0836
-0.9794 0.8011 -0.0843
-0.9804 0.8020 -0.0842
-0.9810 0.8029 -0.0846
-0.9814 0.8037 -0.0852
-0.9819 0.8046 -0.0858
-0.9823 0.8055 -0.0864
-0.9832 0.8067 -0.0870
-0.9844 0.8083 -0.0876
-0.9850 0.8093 -0.0880
-0.9854 0.8101 -0.0884
-0.9856 0.8108 -0.0886
-0.9860 0.8115 -0.0889
-0.9865 0.8122 -0.0893
-0.9873 0.8130 -0.0899
-0.9880 0.8136 -0.0904
-0.9886 0.8142 -0.0908
-0.9891 0.8146 -0.0911
-0.9896 0.8150 -0.0915
-0.9900 0.8153 -0.0918
-0.9898 0.8144 -0.0910
-0.9900 0.8142 -0.0910
-0.9904 0.8143 -0.0913
-0.9908 0.8145 -0.0916
-0.9913 0.8147 -0.0920
-0.9918 0.8149 -0.0924
-0.9930 0.8154 -0.0918
-0.9936 0.8157 -0.0918
-0.9940 0.8159 -0.0919
-0.9943 0.8162 -0.0921
-0.9946 0.8165 -0.0924
-0.9949 0.8168 -0.0927
-0.9948 0.8167 -0.0922
-0.9950 0.8169 -0.0922
-0.9953 0.8173 -0.0924
-0.9957 0.8178 -0.0926
-0.9960 0.8183 -0.0928
-0.9964 0.8189 -0.0930
-0.9969 0.8192 -0.0929
-0.9974 0.8197 -0.0931
-0.9978 0.8203 -0.0933
-0.9981 0.8209 -0.0935
-0.9984 0.8214 -0.0938
-0.9987 0.8218 -0.0940
-0.9984 0.8215 -0.0935
-0.9985 0.8217 -0.0935
-0.9987 0.8220 -0.0937
-0.9991 0.8223 -0.0940
-0.9994 0.8227 -0.0942
-0.9997 0.8230 -0.0943
-1.0000 0.8231 -0.0942
-1.0004 0.8234 -0.0942
-1.0007 0.8238 -0.0944
-1.0010 0.8242 -0.0947
-1.0013 0.8247 -0.0949
-1.0016 0.8252 -0.0951
-1.0016 0.8251 -0.0944
-1.0017 0.8253 -0.0943
-1.0018 0.8257 -0.0943
-1.0020 0.8262 -0.0944
-1.0023 0.8267 -0.0946
-1.0024 0.8272 -0.0948
-1.0040 0.8287 -0.0953
-1.0046 0.8295 -0.0955
-1.0049 0.8300 -0.0957
-1.0051 0.8305 -0.0960
-1.0053 0.8310 -0.0962
-1.0054 0.8314 -0.0964
-1.0050 0.8308 -0.0963
-1.0050 0.8308 -0.0964
-1.0050 0.8310 -0.0966
-1.0051 0.8313 -0.0968
-1.0052 0.8316 -0.0969
-1.0052 0.8318 -0.0971
-1.0066 0.8333 -0.0980
-1.0072 0.8340 -0.0984
-1.0074 0.8345 -0.0987
-1.0076 0.8350 -0.0989
-1.0077 0.8354 -0.0991
-1.0078 0.8358 -0.0993
-1.0078 0.8359 -0.0993
-1.0078 0.8362 -0.0995
-1.0079 0.8366 -0.0997
-1.0080 0.8370 -0.0999
-1.0082 0.8374 -0.1002
-1.0083 0.8378 -0.1004
-1.0084 0.8378 -0.1008
-1.0085 0.8380 -0.1011
-1.0087 0.8383 -0.1013
-1.0088 0.8385 -0.1016
-1.0089 0.8388 -0.1018
-1.0089 0.8390 -0.1020
-1.0098 0.8400 -0.1033
-1.0101 0.8404 -0.1039
-1.0103 0.8407 -0.1042
-1.0104 0.8409 -0.1045
-1.0104 0.8410 -0.1048
-1.0105 0.8411 -0.1050
-1.0098 0.8396 -0.1038
-1.0096 0.8391 -0.1035
-1.0095 0.8390 -0.1036
-1.0095 0.8391 -0.1037
-1.0096 0.8391 -0.1039
-1.0097 0.8392 -0.1041
-1.0093 0.8388 -0.1037
-1.0092 0.8387 -0.1037
-1.0092 0.8387 -0.1038
-1.0092 0.8387 -0.1039
-1.0092 0.8386 -0.1041
-1.0092 0.8386 -0.1043
-1.0100 0.8394 -0.1045
-1.0104 0.8397 -0.1047
-1.0105 0.8398 -0.1049
-1.0106 0.8398 -0.1050
-1.0107 0.8398 -0.1052
-1.0108 0.8399 -0.1053
-1.0110 0.8400 -0.1051
-1.0111 0.8401 -0.1051
-1.0113 0.8401 -0.1051
-1.0114 0.8402 -0.1051
-1.0116 0.8403 -0.1052
-1.0117 0.8403 -0.1051
-1.0118 0.8404 -0.1050
-1.0119 0.8405 -0.1049
-1.0120 0.8405 -0.1048
-1.0122 0.8405 -0.1048
-1.0123 0.8406 -0.1048
-1.0125 0.8407 -0.1048
-1.0130 0.8407 -0.1050
-1.0132 0.8407 -0.1050
-1.0134 0.8408 -0.1050
-1.0135 0.8408 -0.1050
-1.0137 0.8409 -0.1050
-1.0139 0.8409 -0.1050
-1.0141 0.8407 -0.1051
-1.0142 0.8407 -0.1051
-1.0143 0.8407 -0.1050
-1.0144 0.8406 -0.1050
-1.0144 0.8406 -0.1049
-1.0145 0.8406 -0.1049
-1.0146 0.8406 -0.1050
-1.0147 0.8407 -0.1050
-1.0147 0.8407 -0.1050
-1.0148 0.8408 -0.1050
-1.0148 0.8408 -0.1050
-1.0148 0.8408 -0.1050
-1.0148 0.8409 -0.1052
-1.0148 0.8409 -0.1053
-1.0147 0.8409 -0.1053
-1.0146 0.8409 -0.1053
-1.0145 0.8409 -0.1053
-1.0143 0.8408 -0.1053
-1.0144 0.8410 -0.1052
-1.0143 0.8410 -0.1051
-1.0143 0.8410 -0.1051
-1.0142 0.8411 -0.1050
-1.0141 0.8411 -0.1050
-1.0140 0.8412 -0.1049
-1.0149 0.8416 -0.1053
-1.0151 0.8417 -0.1054
-1.0151 0.8418 -0.1053
-1.0150 0.8419 -0.1052
-1.0150 0.8420 -0.1051
-1.0149 0.8421 -0.1050
-1.0153 0.8422 -0.1049
-1.0154 0.8423 -0.1048
-1.0153 0.8423 -0.1047
-1.0152 0.8424 -0.1046
-1.0151 0.8424 -0.1044
-1.0151 0.8423 -0.1044
-1.0155 0.8421 -0.1047
-1.0156 0.8420 -0.1047
-1.0155 0.8420 -0.1047
-1.0155 0.8421 -0.1047
-1.0153 0.8421 -0.1047
-1.0153 0.8420 -0.1048
-1.0156 0.8416 -0.1053
-1.0156 0.8415 -0.1055
-1.0156 0.8415 -0.1056
-1.0155 0.8415 -0.1056
-1.0154 0.8416 -0.1056
-1.0153 0.8416 -0.1056
-1.0151 0.8415 -0.1052
-1.0150 0.8415 -0.1050
-1.0149 0.8415 -0.1050
-1.0147 0.8415 -0.1050
-1.0146 0.8415 -0.1050
-1.0144 0.8415 -0.1051
-1.0146 0.8414 -0.1052
-1.0146 0.8413 -0.1053
-1.0146 0.8413 -0.1054
-1.0145 0.8413 -0.1056
-1.0144 0.8413 -0.1057
-1.0144 0.8412 -0.1058
-1.0146 0.8410 -0.1056
-1.0146 0.8409 -0.1057
-1.0145 0.8409 -0.1057
-1.0145 0.8409 -0.1058
-1.0144 0.8408 -0.1059
-1.0143 0.8408 -0.1059
-1.0138 0.8405 -0.1053
-1.0136 0.8404 -0.1052
-1.0135 0.8403 -0.1051
-1.0135 0.8404 -0.1051
-1.0135 0.8405 -0.1051
-1.0137 0.8407 -0.1052
-1.0135 0.8406 -0.1050
-1.0135 0.8407 -0.1049
-1.0135 0.8407 -0.1048
-1.0135 0.8408 -0.1048
-1.0136 0.8408 -0.1047
-1.0135 0.8408 -0.1046
-1.0132 0.8407 -0.1044
-1.0130 0.8408 -0.1043
-1.0130 0.8408 -0.1043
-1.0130 0.8408 -0.1043
-1.0129 0.8408 -0.1043
-1.0128 0.8408 -0.1043
-1.0128 0.8408 -0.1043
-1.0128 0.8408 -0.1043
-1.0123 0.8407 -0.1043
-1.0121 0.8407 -0.1043
-1.0120 0.8407 -0.1043
-1.0119 0.8408 -0.1044
-1.0119 0.8408 -0.1044
-1.0118 0.8408 -0.1045
-1.0118 0.8409 -0.1046
-1.0118 0.8409 -0.1047
-1.0117 0.8409 -0.1048
-1.0114 0.8402 -0.1044
-1.0113 0.8399 -0.1043
-1.0112 0.8398 -0.1043
-1.0111 0.8397 -0.1044
-1.0111 0.8396 -0.1044
-1.0110 0.8395 -0.1045
-1.0108 0.8394 -0.1043
-1.0108 0.8393 -0.1043
-1.0107 0.8392 -0.1043
-1.0108 0.8392 -0.1044
-1.0108 0.8393 -0.1045
-1.0109 0.8393 -0.1046
-1.0107 0.8393 -0.1045
-1.0107 0.8393 -0.1045
-1.0107 0.8394 -0.1045
-1.0108 0.8394 -0.1046
-1.0108 0.8394 -0.1047
-1.0109 0.8395 -0.1047
-1.0108 0.8396 -0.1047
-1.0108 0.8396 -0.1048
-1.0108 0.8397 -0.1048
-1.0109 0.8397 -0.1048
-1.0109 0.8398 -0.1049
-1.0109 0.8399 -0.1050
-1.0110 0.8400 -0.1052
-1.0110 0.8400 -0.1054
-1.0110 0.8401 -0.1055
-1.0110 0.8401 -0.1056
-1.0111 0.8402 -0.1056
-1.0112 0.8403 -0.1059
-1.0112 0.8404 -0.1060
-1.0111 0.8404 -0.1062
-1.0112 0.8405 -0.1063
-1.0112 0.8406 -0.1065
-1.0112 0.8406 -0.1065
-1.0111 0.8407 -0.1067
-1.0112 0.8408 -0.1069
-1.0112 0.8408 -0.1069
-1.0107 0.8404 -0.1066
-1.0106 0.8403 -0.1066
-1.0105 0.8403 -0.1066
-1.0105 0.8403 -0.1067
-1.0105 0.8403 -0.1068
-1.0105 0.8403 -0.1069
-1.0105 0.8403 -0.1070
-1.0105 0.8403 -0.1070
-1.0105 0.8404 -0.1071
-1.0106 0.8404 -0.1072
-1.0105 0.8403 -0.1073
-1.0107 0.8404 -0.1072
-1.0107 0.8404 -0.1072
-1.0107 0.8404 -0.1072
-1.0107 0.8404 -0.1072
-1.0107 0.8404 -0.1072
-1.0105 0.8405 -0.1070
-1.0105 0.8405 -0.1069
-1.0105 0.8406 -0.1069
-1.0105 0.8406 -0.1069
-1.0105 0.8407 -0.1070
-1.0105 0.8407 -0.1070
-1.0105 0.8406 -0.1070
-1.0105 0.8406 -0.1070
-1.0105 0.8406 -0.1070
-1.0106 0.8406 -0.1070
-1.0105 0.8406 -0.1071
-1.0105 0.8406 -0.1072
-1.0104 0.8406 -0.1074
-1.0104 0.8406 -0.1075
-1.0103 0.8405 -0.1075
-1.0103 0.8405 -0.1075
-1.0103 0.8405 -0.1075
-1.0103 0.8406 -0.1076
-1.0103 0.8407 -0.1076
-1.0103 0.8408 -0.1077
-1.0104 0.8410 -0.1077
-1.0104 0.8411 -0.1077
-1.0104 0.8413 -0.1077
-1.0106 0.8413 -0.1079
-1.0107 0.8414 -0.1079
-1.0107 0.8414 -0.1079
-1.0107 0.8414 -0.1079
-1.0106 0.8414 -0.1078
-1.0105 0.8414 -0.1077
-1.0104 0.8413 -0.1076
-1.0103 0.8413 -0.1074
-1.0102 0.8412 -0.1073
-1.0101 0.8412 -0.1071
-1.0101 0.8411 -0.1069
-1.0100 0.8411 -0.1068
-1.0106 0.8412 -0.1076
-1.0108 0.8413 -0.1078
-1.0108 0.8413 -0.1078
-1.0109 0.8413 -0.1078
-1.0109 0.8413 -0.1077
-1.0109 0.8413 -0.1076
-1.0107 0.8412 -0.1078
-1.0107 0.8411 -0.1079
-1.0107 0.8411 -0.1079
-1.0107 0.8411 -0.1078
-1.0107 0.8411 -0.1077
-1.0106 0.8411 -0.1076
-1.0106 0.8410 -0.1079
-1.0105 0.8410 -0.1080
-1.0105 0.8409 -0.1079
-1.0104 0.8408 -0.1079
-1.0104 0.8408 -0.1078
-1.0104 0.8407 -0.1078
-1.0103 0.8406 -0.1078
-1.0103 0.8406 -0.1078
-1.0103 0.8405 -0.1078
-1.0103 0.8406 -0.1078
-1.0102 0.8406 -0.1079
-1.0102 0.8406 -0.1079
-1.0103 0.8407 -0.1079
-1.0103 0.8408 -0.1080
-1.0102 0.8408 -0.1080
-1.0102 0.8409 -0.1080
-1.0102 0.8409 -0.1080
-1.0101 0.8409 -0.1080
-1.0101 0.8409 -0.1080
-1.0101 0.8409 -0.1080
-1.0101 0.8409 -0.1080
-1.0101 0.8409 -0.1079
-1.0100 0.8409 -0.1079
-1.0101 0.8409 -0.1079
-1.0101 0.8410 -0.1079
-1.0101 0.8410 -0.1078
-1.0101 0.8411 -0.1078
-1.0101 0.8412 -0.1077
-1.0101 0.8412 -0.1076
-1.0100 0.8411 -0.1076
-1.0100 0.8412 -0.1075
-1.0100 0.8412 -0.1074
-1.0100 0.8413 -0.1073
-1.0099 0.8413 -0.1073
-1.0099 0.8413 -0.1072
-1.0099 0.8412 -0.1073
-1.0098 0.8412 -0.1072
-1.0098 0.8411 -0.1072
-1.0097 0.8411 -0.1071
-1.0096 0.8410 -0.1071
-1.0095 0.8410 -0.1071
-1.0094 0.8409 -0.1072
-1.0094 0.8408 -0.1072
-1.0094 0.8408 -0.1073
-1.0094 0.8408 -0.1073
-1.0093 0.8408 -0.1073
-1.0092 0.8408 -0.1072
-1.0091 0.8407 -0.1072
-1.0090 0.8408 -0.1072
-1.0089 0.8408 -0.1072
-1.0089 0.8408 -0.1073
-1.0089 0.8409 -0.1074
-1.0089 0.8409 -0.1074
-1.0088 0.8409 -0.1074
-1.0087 0.8408 -0.1074
-1.0086 0.8408 -0.1075
-1.0085 0.8408 -0.1075
-1.0084 0.8407 -0.1076
-1.0083 0.8406 -0.1076
-1.0083 0.8406 -0.1077
-1.0082 0.8406 -0.1078
-1.0081 0.8406 -0.1079
-1.0080 0.8406 -0.1080
-1.0080 0.8405 -0.1081
-1.0080 0.8406 -0.1081
-1.0078 0.8405 -0.1081
-1.0077 0.8405 -0.1081
-1.0077 0.8405 -0.1082
-1.0076 0.8405 -0.1082
-1.0076 0.8405 -0.1082
-1.0076 0.8405 -0.1082
-1.0079 0.8407 -0.1082
-1.0079 0.8407 -0.1082
-1.0080 0.8408 -0.1082
-1.0081 0.8409 -0.1082
-1.0082 0.8410 -0.1081
-1.0083 0.8411 -0.1081
-1.0080 0.8410 -0.1083
-1.0080 0.8410 -0.1083
-1.0081 0.8410 -0.1083
-1.0082 0.8410 -0.1083
-1.0084 0.8410 -0.1083
-1.0085 0.8411 -0.1083
-1.0082 0.8409 -0.1084
-1.0081 0.8408 -0.1084
-1.0082 0.8408 -0.1084
-1.0083 0.8408 -0.1083

