0.0000 0.0000 0.0000
0.0000 0.0000 0.0000
0.0000 0.0000 0.0000
0.0000 0.0000 0.0000
0.0000 0.0000 0.0000
0.0000 0.0000 0.0000
0.0000 0.0000 0.0000
0.0000 0.0000 0.0000
0.0000 0.0000 0.0000
0.0000 0.0000 0.0000
0.0000 0.0000 0.0000
0.0000 0.0000 0.0000
-0.0050 -0.3207 -0.9187
-0.0158 -0.3167 -0.9218
-0.0213 -0.3157 -0.9324
-0.0145 -0.3077 -0.9294
-0.0145 -0.3077 -0.9294
-0.0121 -0.3133 -0.9285
-0.0122 -0.3117 -0.9208
-0.0230 -0.3197 -0.9094
-0.0389 -0.3363 -0.9236
-0.0520 -0.3459 -0.9352
-0.0520 -0.3459 -0.9352
-0.0542 -0.3536 -0.9323
-0.0638 -0.3638 -0.9249
-0.0707 -0.3627 -0.9300
-0.0880 -0.3670 -0.9350
-0.0943 -0.3739 -0.9160
-0.0943 -0.3739 -0.9160
-0.1055 -0.3939 -0.9182
-0.1213 -0.3954 -0.9214
-0.1237 -0.4012 -0.9107
-0.1263 -0.4076 -0.8885
-0.1332 -0.4227 -0.8736
-0.1332 -0.4227 -0.8736
-0.1407 -0.4234 -0.8491
-0.1651 -0.4299 -0.8385
-0.2185 -0.4755 -0.7580
-0.1935 -0.4235 -0.9383
-0.1982 -0.4303 -0.9356
-0.1982 -0.4303 -0.9356
-0.2021 -0.4575 -0.9158
-0.2043 -0.4676 -0.8709
-0.1909 -0.4668 -0.8260
-0.1796 -0.4597 -0.8264
-0.1796 -0.4597 -0.8264
-0.1628 -0.4436 -0.8381
-0.1538 -0.4523 -0.8399
-0.1687 -0.4597 -0.8237
-0.1868 -0.4572 -0.8425
-0.1802 -0.4358 -0.9022
-0.1802 -0.4358 -0.9022
-0.1813 -0.4430 -0.8808
-0.2042 -0.4651 -0.8562
-0.1909 -0.4565 -0.8722
-0.1866 -0.4420 -0.8743
-0.1741 -0.4323 -0.8720
-0.1741 -0.4323 -0.8720
-0.1591 -0.4174 -0.8715
-0.1184 -0.3875 -0.8939
-0.0906 -0.3674 -0.9031
-0.0621 -0.3474 -0.9171
-0.0277 -0.3390 -0.9156
-0.0277 -0.3390 -0.9156
-0.0133 -0.3230 -0.9256
0.0179 -0.3073 -0.9486
0.0182 -0.2876 -0.9385
0.0348 -0.3039 -0.8995
0.0443 -0.2929 -0.9387
0.0443 -0.2929 -0.9387
0.0444 -0.2928 -0.9280
0.0496 -0.2939 -0.9210
0.0505 -0.2965 -0.9182
0.0529 -0.3050 -0.9160
0.0529 -0.3050 -0.9160
0.0484 -0.3142 -0.9369
0.0336 -0.3222 -0.9591
0.0306 -0.3149 -0.9754
0.0478 -0.3127 -0.9760
0.0775 -0.2940 -0.9723
0.0775 -0.2940 -0.9723
0.0646 -0.2926 -0.9573
0.0585 -0.2962 -0.9862
0.0669 -0.2862 -0.9812
0.0093 -0.2894 -0.9677
0.0711 -0.3316 -0.9041
0.0711 -0.3316 -0.9041
0.0887 -0.2518 -0.9405
0.1017 -0.2522 -0.9079
0.1018 -0.2471 -0.9047
0.1120 -0.2379 -0.8921
0.1145 -0.2247 -0.9001
0.1145 -0.2247 -0.9001
0.1152 -0.2414 -0.9056
0.1229 -0.2490 -0.9090
0.1345 -0.2423 -0.9301
0.1329 -0.2460 -0.9580
0.1329 -0.2460 -0.9580
0.1123 -0.2426 -0.9628
0.1088 -0.2376 -0.9678
0.1200 -0.2435 -0.9621
0.1174 -0.2518 -0.9626
0.1044 -0.2516 -0.9694
0.1044 -0.2516 -0.9694
0.1005 -0.2486 -0.9709
0.1048 -0.2452 -0.9735
0.1018 -0.2446 -0.9694
0.0913 -0.2440 -0.9556
0.0842 -0.2516 -0.9490
0.0842 -0.2516 -0.9490
0.0864 -0.2453 -0.9367
0.0867 -0.2475 -0.9406
0.0847 -0.2479 -0.9390
0.0865 -0.2455 -0.9403
0.0896 -0.2478 -0.9383
0.0896 -0.2478 -0.9383
0.0893 -0.2536 -0.9362
0.0892 -0.2562 -0.9369
0.0918 -0.2557 -0.9376
0.0949 -0.2562 -0.9551
0.0936 -0.2532 -0.9561
0.0936 -0.2532 -0.9561
0.0952 -0.2555 -0.9563
0.0981 -0.2560 -0.9567
0.0928 -0.2571 -0.9614
0.0833 -0.2626 -0.9661
0.0833 -0.2626 -0.9661
0.0847 -0.2620 -0.9758
0.0920 -0.2607 -0.9800
0.0845 -0.2651 -0.9827
0.0848 -0.2712 -0.9818
0.0842 -0.2766 -0.9628
0.0842 -0.2766 -0.9628
0.0808 -0.2768 -0.9353
0.0723 -0.2896 -0.9277
0.0694 -0.2956 -0.9254
0.0719 -0.3110 -0.9196
0.0680 -0.3152 -0.9122
0.0680 -0.3152 -0.9122
0.0644 -0.3241 -0.9073
0.0654 -0.3361 -0.9069
0.0662 -0.3381 -0.9062
0.0529 -0.3407 -0.8980
0.0517 -0.3470 -0.9096
0.0517 -0.3470 -0.9096
0.0533 -0.3482 -0.9144
0.0567 -0.3553 -0.9146
0.0542 -0.3587 -0.9100
0.0527 -0.3675 -0.9031
0.0527 -0.3675 -0.9031
0.0571 -0.3695 -0.9095
0.0625 -0.3685 -0.9171
0.0593 -0.3644 -0.9142
0.0534 -0.3618 -0.9101
0.0505 -0.3616 -0.8969
0.0505 -0.3616 -0.8969
0.0473 -0.3669 -0.8997
0.0508 -0.3671 -0.9029
0.0544 -0.3672 -0.9158
0.0549 -0.3609 -0.9166
0.0542 -0.3616 -0.9155
0.0542 -0.3616 -0.9155
0.0556 -0.3626 -0.9159
0.0536 -0.3616 -0.9173
0.0484 -0.3581 -0.9149
0.0478 -0.3636 -0.9117
0.0530 -0.3667 -0.9121
0.0530 -0.3667 -0.9121
0.0557 -0.3676 -0.9141
0.0560 -0.3676 -0.9163
0.0544 -0.3685 -0.9229
0.0505 -0.3675 -0.9202
0.0555 -0.3695 -0.9114
0.0555 -0.3695 -0.9114
0.0541 -0.3729 -0.9062
0.0591 -0.3704 -0.9150
0.0609 -0.3685 -0.9142
0.0582 -0.3698 -0.9155
0.0582 -0.3698 -0.9155
0.0559 -0.3664 -0.9166
0.0551 -0.3676 -0.9163
0.0558 -0.3660 -0.9131
0.0522 -0.3703 -0.9088
0.0533 -0.3704 -0.9075
0.0533 -0.3704 -0.9075
0.0546 -0.3738 -0.9055
0.0551 -0.3736 -0.9059
0.0541 -0.3744 -0.9094
0.0583 -0.3740 -0.9199
0.0599 -0.3733 -0.9208
0.0599 -0.3733 -0.9208
0.0632 -0.3717 -0.9248
0.0601 -0.3734 -0.9190
0.0576 -0.3736 -0.9092
0.0595 -0.3734 -0.9041
0.0558 -0.3739 -0.9044
0.0558 -0.3739 -0.9044
0.0584 -0.3744 -0.9106
0.0580 -0.3737 -0.9096
0.0593 -0.3723 -0.9067
0.0538 -0.3764 -0.9049
0.0573 -0.3785 -0.9051
0.0573 -0.3785 -0.9051
0.0609 -0.3802 -0.9068
0.0555 -0.3784 -0.9013
0.0565 -0.3813 -0.9014
0.0560 -0.3773 -0.9057
0.0560 -0.3773 -0.9057
0.0595 -0.3795 -0.9050
0.0618 -0.3825 -0.9010
0.0644 -0.3835 -0.9126
0.0620 -0.3763 -0.9187
0.0592 -0.3723 -0.9181
0.0592 -0.3723 -0.9181
0.0495 -0.3761 -0.8999
0.0469 -0.3801 -0.8907
0.0568 -0.3818 -0.9030
0.0610 -0.3809 -0.9176
0.0642 -0.3743 -0.9203
0.0642 -0.3743 -0.9203
0.0603 -0.3762 -0.9063
0.0597 -0.3779 -0.8981
0.0608 -0.3786 -0.9023
0.0582 -0.3813 -0.9028
0.0585 -0.3806 -0.9035
0.0585 -0.3806 -0.9035
0.0601 -0.3789 -0.9019
0.0590 -0.3809 -0.9051
0.0612 -0.3811 -0.9150
0.0572 -0.3802 -0.9176
0.0588 -0.3794 -0.9128
0.0588 -0.3794 -0.9128
0.0581 -0.3803 -0.9151
0.0605 -0.3804 -0.9131
0.0658 -0.3822 -0.9046
0.0623 -0.3852 -0.8997
0.0623 -0.3852 -0.8997
0.0645 -0.3831 -0.8955
0.0648 -0.3818 -0.8947
0.0598 -0.3809 -0.9026
0.0595 -0.3805 -0.9117
0.0637 -0.3784 -0.9145
0.0637 -0.3784 -0.9145
0.0612 -0.3814 -0.9136
0.0583 -0.3807 -0.9164
0.0572 -0.3810 -0.9128
0.0571 -0.3815 -0.9075
0.0568 -0.3840 -0.9115
0.0568 -0.3840 -0.9115
0.0564 -0.3815 -0.9024
0.0565 -0.3794 -0.9007
0.0557 -0.3804 -0.9024
0.0545 -0.3790 -0.9051
0.0596 -0.3800 -0.9070
0.0596 -0.3800 -0.9070
0.0596 -0.3785 -0.9012
0.0576 -0.3771 -0.9021
0.0589 -0.3773 -0.9003
0.0567 -0.3826 -0.9014
0.0598 -0.3848 -0.9093
0.0598 -0.3848 -0.9093
0.0625 -0.3876 -0.9201
0.0614 -0.3876 -0.9197
0.0617 -0.3862 -0.9289

