0.0029 0.0166 0.0190
0.0029 0.0166 0.0190
0.0028 0.0167 0.0191
0.0029 0.0168 0.0192
0.0028 0.0169 0.0192
0.0027 0.0169 0.0192
0.0026 0.0169 0.0192
0.0026 0.0169 0.0192
0.0026 0.0169 0.0192
0.0028 0.0170 0.0190
0.0028 0.0169 0.0190
0.0028 0.0169 0.0189
0.0029 0.0169 0.0189
0.0028 0.0168 0.0189
0.0028 0.0167 0.0187
0.0025 0.0168 0.0189
0.0024 0.0168 0.0189
0.0024 0.0168 0.0189
0.0024 0.0168 0.0188
0.0024 0.0167 0.0188
0.0024 0.0166 0.0188
0.0024 0.0166 0.0187
0.0024 0.0165 0.0187
0.0024 0.0164 0.0186
0.0024 0.0164 0.0185
0.0024 0.0164 0.0184
0.0024 0.0163 0.0183
0.0024 0.0163 0.0181
0.0029 0.0167 0.0179
0.0031 0.0168 0.0178
0.0031 0.0169 0.0177
0.0032 0.0170 0.0175
0.0033 0.0173 0.0172
0.0034 0.0176 0.0169
0.0036 0.0184 0.0168
0.0037 0.0187 0.0167
0.0037 0.0189 0.0166
0.0038 0.0191 0.0164
0.0038 0.0193 0.0162
0.0038 0.0193 0.0160
0.0039 0.0193 0.0159
0.0039 0.0193 0.0157
0.0041 0.0192 0.0156
0.0042 0.0192 0.0155
0.0043 0.0192 0.0153
0.0042 0.0187 0.0151
0.0043 0.0184 0.0150
0.0044 0.0183 0.0148
0.0045 0.0181 0.0146
0.0047 0.0180 0.0144
0.0049 0.0179 0.0142
0.0051 0.0177 0.0141
0.0052 0.0175 0.0139
0.0054 0.0173 0.0137
0.0055 0.0171 0.0135
0.0056 0.0169 0.0132
0.0056 0.0163 0.0127
0.0064 0.0166 0.0122
0.0064 0.0166 0.0122
0.0066 0.0163 0.0119
0.0066 0.0159 0.0117
0.0065 0.0153 0.0115
0.0061 0.0148 0.0113
0.0055 0.0142 0.0112
0.0046 0.0136 0.0110
0.0033 0.0130 0.0108
0.0015 0.0123 0.0106
-0.0007 0.0116 0.0104
-0.0035 0.0107 0.0100
-0.0069 0.0096 0.0097
-0.0116 0.0089 0.0086
-0.0164 0.0076 0.0076
-0.0216 0.0061 0.0067
-0.0274 0.0044 0.0057
-0.0338 0.0027 0.0046
-0.0416 0.0010 0.0030
-0.0496 -0.0006 0.0017
-0.0580 -0.0020 0.0004
-0.0668 -0.0030 -0.0011
-0.0759 -0.0035 -0.0029
-0.0850 -0.0036 -0.0049
-0.0940 -0.0033 -0.0074
-0.1030 -0.0025 -0.0099
-0.1118 -0.0014 -0.0126
-0.1204 -0.0001 -0.0153
-0.1287 0.0012 -0.0181
-0.1369 0.0025 -0.0208
-0.1449 0.0037 -0.0237
-0.1530 0.0048 -0.0264
-0.1613 0.0058 -0.0291
-0.1700 0.0066 -0.0318
-0.1790 0.0072 -0.0346
-0.1883 0.0078 -0.0377
-0.1981 0.0084 -0.0410
-0.2086 0.0087 -0.0445
-0.2198 0.0088 -0.0483
-0.2316 0.0088 -0.0524
-0.2439 0.0086 -0.0568
-0.2569 0.0083 -0.0615
-0.2695 0.0090 -0.0670
-0.2833 0.0090 -0.0725
-0.2981 0.0088 -0.0784
-0.3135 0.0085 -0.0845
-0.3297 0.0081 -0.0908
-0.3464 0.0077 -0.0974
-0.3634 0.0080 -0.1047
-0.3807 0.0085 -0.1124
-0.3980 0.0094 -0.1207
-0.4155 0.0106 -0.1294
-0.4330 0.0116 -0.1384
-0.4508 0.0120 -0.1474
-0.4687 0.0116 -0.1564
-0.4867 0.0109 -0.1655
-0.5044 0.0102 -0.1748
-0.5219 0.0095 -0.1844
-0.5390 0.0090 -0.1941
-0.5556 0.0087 -0.2041
-0.5716 0.0088 -0.2143
-0.5870 0.0091 -0.2245
-0.6018 0.0094 -0.2347
-0.6162 0.0097 -0.2447
-0.6302 0.0097 -0.2545
-0.6439 0.0093 -0.2641
-0.6570 0.0087 -0.2734
-0.6700 0.0075 -0.2823
-0.6828 0.0061 -0.2909
-0.6953 0.0044 -0.2991
-0.7075 0.0027 -0.3069
-0.7189 0.0011 -0.3141
-0.7297 -0.0005 -0.3207
-0.7408 -0.0022 -0.3270
-0.7519 -0.0037 -0.3328
-0.7630 -0.0052 -0.3383
-0.7740 -0.0065 -0.3433
-0.7854 -0.0072 -0.3474
-0.7972 -0.0076 -0.3507
-0.8087 -0.0086 -0.3540
-0.8202 -0.0099 -0.3571
-0.8317 -0.0113 -0.3597
-0.8434 -0.0128 -0.3619
-0.8671 -0.0157 -0.3649
-0.8791 -0.0171 -0.3657
-0.8914 -0.0183 -0.3661
-0.9038 -0.0196 -0.3661
-0.9038 -0.0196 -0.3661
-0.9165 -0.0207 -0.3658
-0.9295 -0.0218 -0.3650
-0.9421 -0.0233 -0.3588
-0.9554 -0.0241 -0.3555
-0.9690 -0.0244 -0.3530
-0.9830 -0.0244 -0.3505
-0.9972 -0.0239 -0.3479
-1.0117 -0.0231 -0.3451
-1.0265 -0.0219 -0.3420
-1.0411 -0.0224 -0.3366
-1.0564 -0.0212 -0.3323
-1.0718 -0.0187 -0.3279
-1.0873 -0.0153 -0.3233
-1.1025 -0.0110 -0.3178
-1.1189 -0.0076 -0.3106
-1.1336 -0.0022 -0.3032
-1.1473 0.0036 -0.2955
-1.1605 0.0090 -0.2876
-1.1738 0.0137 -0.2793
-1.1871 0.0175 -0.2707
-1.2024 0.0189 -0.2609
-1.2159 0.0207 -0.2508
-1.2286 0.0225 -0.2402
-1.2404 0.0239 -0.2292
-1.2515 0.0250 -0.2178
-1.2620 0.0257 -0.2063
-1.2740 0.0249 -0.1941
-1.2842 0.0243 -0.1817
-1.2937 0.0236 -0.1690
-1.3025 0.0226 -0.1557
-1.3110 0.0213 -0.1420
-1.3200 0.0195 -0.1276
-1.3298 0.0170 -0.1126
-1.3385 0.0148 -0.0973
-1.3469 0.0125 -0.0817
-1.3553 0.0099 -0.0656
-1.3639 0.0070 -0.0492
-1.3639 0.0070 -0.0492
-1.3729 0.0038 -0.0327
-1.3887 -0.0016 -0.0165
-1.4008 -0.0060 -0.0004
-1.4121 -0.0101 0.0154
-1.4234 -0.0140 0.0305
-1.4352 -0.0177 0.0450
-1.4477 -0.0212 0.0585
-1.4654 -0.0263 0.0699
-1.4810 -0.0297 0.0807
-1.4963 -0.0321 0.0901
-1.5120 -0.0335 0.0979
-1.5283 -0.0336 0.1040
-1.5467 -0.0333 0.1084
-1.5670 -0.0327 0.1115
-1.5850 -0.0302 0.1138
-1.6016 -0.0266 0.1157
-1.6169 -0.0223 0.1174
-1.6309 -0.0176 0.1190
-1.6446 -0.0131 0.1207
-1.6586 -0.0094 0.1225
-1.6708 -0.0065 0.1246
-1.6823 -0.0047 0.1276
-1.6931 -0.0041 0.1318
-1.7035 -0.0042 0.1375
-1.7135 -0.0044 0.1442
-1.7234 -0.0043 0.1515
-1.7327 -0.0049 0.1596
-1.7419 -0.0058 0.1683
-1.7513 -0.0068 0.1774
-1.7608 -0.0078 0.1870
-1.7705 -0.0080 0.1974
-1.7806 -0.0076 0.2085
-1.7906 -0.0080 0.2203
-1.8006 -0.0089 0.2328
-1.8108 -0.0104 0.2459
-1.8214 -0.0124 0.2597
-1.8321 -0.0147 0.2739
-1.8427 -0.0172 0.2885
-1.8541 -0.0206 0.3037
-1.8660 -0.0244 0.3193
-1.8781 -0.0282 0.3352
-1.8904 -0.0320 0.3513
-1.9022 -0.0351 0.3673
-1.9137 -0.0375 0.3829
-1.9266 -0.0398 0.3984
-1.9406 -0.0417 0.4133
-1.9557 -0.0430 0.4275
-1.9716 -0.0432 0.4409
-1.9872 -0.0420 0.4533
-2.0019 -0.0394 0.4645
-2.0170 -0.0352 0.4751
-2.0323 -0.0304 0.4847
-2.0481 -0.0260 0.4933
-2.0650 -0.0226 0.5010
-2.0827 -0.0205 0.5074
-2.1012 -0.0197 0.5127
-2.1211 -0.0199 0.5181
-2.1412 -0.0205 0.5235
-2.1607 -0.0205 0.5289
-2.1791 -0.0192 0.5342
-2.1963 -0.0167 0.5393
-2.2109 -0.0128 0.5435
-2.2262 -0.0090 0.5473
-2.2419 -0.0055 0.5504
-2.2576 -0.0026 0.5530
-2.2732 -0.0002 0.5555
-2.2880 0.0015 0.5582
-2.3019 0.0023 0.5612
-2.3167 0.0026 0.5651
-2.3318 0.0021 0.5698
-2.3471 0.0008 0.5751
-2.3625 -0.0013 0.5810
-2.3774 -0.0040 0.5874
-2.3916 -0.0072 0.5942
-2.4066 -0.0111 0.6016
-2.4217 -0.0153 0.6093
-2.4368 -0.0196 0.6174
-2.4518 -0.0237 0.6258
-2.4804 -0.0301 0.6439
-2.4940 -0.0318 0.6534
-2.5073 -0.0323 0.6632
-2.5202 -0.0318 0.6736
-2.5323 -0.0300 0.6847
-2.5323 -0.0300 0.6847
-2.5530 -0.0233 0.7081
-2.5612 -0.0195 0.7194
-2.5695 -0.0154 0.7316
-2.5776 -0.0119 0.7442
-2.5858 -0.0092 0.7574
-2.5938 -0.0073 0.7712
-2.6014 -0.0062 0.7860
-2.6085 -0.0054 0.8016
-2.6151 -0.0050 0.8178
-2.6212 -0.0050 0.8343
-2.6273 -0.0056 0.8506
-2.6334 -0.0066 0.8666
-2.6399 -0.0081 0.8819
-2.6443 -0.0111 0.8956
-2.6510 -0.0136 0.9092
-2.6588 -0.0161 0.9221
-2.6676 -0.0188 0.9345
-2.6772 -0.0217 0.9463
-2.6841 -0.0265 0.9568
-2.6944 -0.0306 0.9673
-2.7066 -0.0348 0.9776
-2.7199 -0.0392 0.9874
-2.7340 -0.0434 0.9967
-2.7489 -0.0476 1.0056
-2.7570 -0.0501 1.0145
-2.7706 -0.0532 1.0227
-2.7863 -0.0563 1.0304
-2.8031 -0.0589 1.0378
-2.8205 -0.0610 1.0448
-2.8386 -0.0622 1.0517
-2.8543 -0.0620 1.0591
-2.8719 -0.0608 1.0657
-2.8895 -0.0583 1.0717
-2.9066 -0.0544 1.0771
-2.9233 -0.0498 1.0817
-2.9397 -0.0451 1.0856
-2.9561 -0.0411 1.0890
-2.9739 -0.0383 1.0920
-2.9923 -0.0361 1.0950
-3.0105 -0.0340 1.0985
-3.0279 -0.0313 1.1025
-3.0442 -0.0278 1.1067
-3.0586 -0.0237 1.1107
-3.0731 -0.0192 1.1142
-3.0875 -0.0148 1.1169
-3.1018 -0.0107 1.1190
-3.1157 -0.0071 1.1207
-3.1293 -0.0043 1.1223
-3.1417 -0.0022 1.1241
-3.1546 -0.0013 1.1265
-3.1677 -0.0016 1.1296
-3.1810 -0.0033 1.1335
-3.1946 -0.0062 1.1381
-3.2084 -0.0102 1.1433
-3.2208 -0.0138 1.1482
-3.2343 -0.0190 1.1538
-3.2482 -0.0248 1.1597
-3.2621 -0.0308 1.1657
-3.2758 -0.0365 1.1717
-3.2890 -0.0415 1.1776
-3.3008 -0.0473 1.1835
-3.3128 -0.0509 1.1889
-3.3247 -0.0530 1.1939
-3.3365 -0.0538 1.1984
-3.3485 -0.0536 1.2027
-3.3604 -0.0521 1.2069
-3.3683 -0.0532 1.2101
-3.3782 -0.0506 1.2146
-3.3884 -0.0463 1.2198
-3.3984 -0.0414 1.2255
-3.4083 -0.0367 1.2315
-3.4184 -0.0326 1.2378
-3.4250 -0.0300 1.2427
-3.4340 -0.0277 1.2495
-3.4437 -0.0260 1.2576
-3.4533 -0.0246 1.2668
-3.4626 -0.0236 1.2770
-3.4708 -0.0236 1.2873
-3.4781 -0.0248 1.2973
-3.4865 -0.0264 1.3078
-3.4956 -0.0287 1.3180
-3.5053 -0.0317 1.3273
-3.5157 -0.0353 1.3356
-3.5268 -0.0395 1.3426
-3.5379 -0.0447 1.3475
-3.5501 -0.0495 1.3515
-3.5630 -0.0538 1.3545
-3.5763 -0.0576 1.3567
-3.5899 -0.0610 1.3584
-3.6036 -0.0638 1.3600
-3.6172 -0.0679 1.3627
-3.6312 -0.0703 1.3650
-3.6455 -0.0718 1.3674
-3.6599 -0.0727 1.3702
-3.6746 -0.0732 1.3735
-3.6897 -0.0735 1.3773
-3.7062 -0.0723 1.3821
-3.7225 -0.0720 1.3868
-3.7391 -0.0719 1.3915
-3.7561 -0.0719 1.3961
-3.7735 -0.0720 1.4005
-3.7913 -0.0720 1.4045
-3.8118 -0.0709 1.4092
-3.8310 -0.0705 1.4125
-3.8501 -0.0704 1.4148
-3.8695 -0.0704 1.4161
-3.8894 -0.0703 1.4164
-3.9095 -0.0699 1.4159
-3.9325 -0.0687 1.4169
-3.9527 -0.0662 1.4162
-3.9709 -0.0623 1.4150
-3.9876 -0.0575 1.4135
-4.0031 -0.0527 1.4114
-4.0181 -0.0485 1.4084
-4.0348 -0.0444 1.4067
-4.0496 -0.0420 1.4022
-4.0633 -0.0408 1.3960
-4.0760 -0.0401 1.3886
-4.0876 -0.0399 1.3801
-4.0989 -0.0394 1.3715
-4.1099 -0.0386 1.3629
-4.1184 -0.0384 1.3525
-4.1249 -0.0381 1.3410
-4.1295 -0.0375 1.3287
-4.1322 -0.0366 1.3157
-4.1331 -0.0354 1.3022
-4.1351 -0.0338 1.2899
-4.1334 -0.0322 1.2766
-4.1293 -0.0309 1.2630
-4.1236 -0.0300 1.2493
-4.1165 -0.0294 1.2357
-4.1080 -0.0292 1.2223
-4.1008 -0.0276 1.2108
-4.0908 -0.0277 1.1986
-4.0791 -0.0285 1.1865
-4.0662 -0.0298 1.1748
-4.0524 -0.0315 1.1636
-4.0377 -0.0334 1.1530
-4.0264 -0.0347 1.1440
-4.0115 -0.0367 1.1351
-3.9950 -0.0390 1.1267
-3.9775 -0.0414 1.1188
-3.9593 -0.0440 1.1115
-3.9405 -0.0467 1.1048
-3.9258 -0.0482 1.0977
-3.9079 -0.0507 1.0916
-3.8888 -0.0534 1.0862
-3.8692 -0.0561 1.0812
-3.8495 -0.0588 1.0765
-3.8297 -0.0612 1.0722
-3.8118 -0.0630 1.0694
-3.7927 -0.0647 1.0661
-3.7731 -0.0662 1.0630
-3.7534 -0.0675 1.0599
-3.7336 -0.0685 1.0570
-3.7142 -0.0691 1.0549
-3.6954 -0.0692 1.0536
-3.6758 -0.0697 1.0514
-3.6560 -0.0705 1.0488
-3.6362 -0.0713 1.0460
-3.6163 -0.0722 1.0431
-3.5968 -0.0725 1.0409
-3.5780 -0.0721 1.0397
-3.5585 -0.0726 1.0370
-3.5391 -0.0732 1.0340
-3.5200 -0.0736 1.0310
-3.5012 -0.0739 1.0282
-3.4825 -0.0744 1.0256
-3.4641 -0.0723 1.0245
-3.4451 -0.0724 1.0226
-3.4258 -0.0732 1.0205
-3.4065 -0.0741 1.0185
-3.3877 -0.0748 1.0166
-3.3696 -0.0750 1.0150
-3.3521 -0.0747 1.0136
-3.3360 -0.0722 1.0134
-3.3204 -0.0711 1.0124
-3.3054 -0.0707 1.0109
-3.2910 -0.0711 1.0088
-3.2774 -0.0724 1.0059
-3.2643 -0.0722 1.0029
-3.2517 -0.0746 0.9983
-3.2396 -0.0782 0.9925
-3.2279 -0.0829 0.9857
-3.2165 -0.0881 0.9781
-3.2053 -0.0937 0.9696
-3.1923 -0.0936 0.9625
-3.1809 -0.0975 0.9535
-3.1700 -0.1024 0.9437
-3.1593 -0.1073 0.9334
-3.1485 -0.1118 0.9228
-3.1376 -0.1158 0.9119
-3.1289 -0.1172 0.9019
-3.1182 -0.1193 0.8909
-3.1066 -0.1211 0.8794
-3.0946 -0.1225 0.8677
-3.0821 -0.1233 0.8558
-3.0692 -0.1233 0.8439
-3.0618 -0.1233 0.8325
-3.0500 -0.1223 0.8207
-3.0364 -0.1205 0.8086
-3.0220 -0.1180 0.7962
-3.0075 -0.1142 0.7837
-2.9946 -0.1093 0.7711
-2.9840 -0.1034 0.7586
-2.9721 -0.0958 0.7465
-2.9600 -0.0879 0.7348
-2.9477 -0.0805 0.7236
-2.9349 -0.0741 0.7127
-2.9215 -0.0690 0.7021
-2.9106 -0.0648 0.6920
-2.8972 -0.0615 0.6819
-2.8829 -0.0588 0.6719
-2.8684 -0.0563 0.6620
-2.8542 -0.0535 0.6526
-2.8405 -0.0503 0.6437
-2.8271 -0.0469 0.6353
-2.8161 -0.0435 0.6284
-2.8038 -0.0401 0.6214
-2.7911 -0.0370 0.6146
-2.7783 -0.0342 0.6080
-2.7656 -0.0318 0.6016
-2.7528 -0.0299 0.5954
-2.7418 -0.0290 0.5902
-2.7295 -0.0282 0.5842
-2.7166 -0.0279 0.5778
-2.7034 -0.0279 0.5711
-2.6900 -0.0285 0.5640
-2.6782 -0.0281 0.5583
-2.6651 -0.0290 0.5509
-2.6515 -0.0306 0.5426
-2.6378 -0.0324 0.5339
-2.6242 -0.0344 0.5248
-2.6110 -0.0362 0.5153
-2.5982 -0.0378 0.5055
-2.5872 -0.0400 0.4961
-2.5758 -0.0414 0.4861
-2.5647 -0.0424 0.4756
-2.5539 -0.0434 0.4649
-2.5437 -0.0454 0.4542
-2.5342 -0.0487 0.4435
-2.5246 -0.0505 0.4321
-2.5151 -0.0518 0.4202
-2.5059 -0.0530 0.4082
-2.4970 -0.0542 0.3962
-2.4871 -0.0567 0.3844
-2.4757 -0.0610 0.3727
-2.4659 -0.0640 0.3613
-2.4564 -0.0669 0.3499
-2.4471 -0.0701 0.3385
-2.4378 -0.0732 0.3271
-2.4288 -0.0762 0.3158
-2.4176 -0.0807 0.3057
-2.4078 -0.0842 0.2953
-2.3980 -0.0877 0.2850
-2.3877 -0.0916 0.2750
-2.3767 -0.0961 0.2653
-2.3651 -0.1008 0.2559
-2.3508 -0.1060 0.2475
-2.3373 -0.1109 0.2387
-2.3236 -0.1156 0.2299
-2.3096 -0.1200 0.2212
-2.2952 -0.1241 0.2123
-2.2804 -0.1275 0.2034
-2.2634 -0.1301 0.1936
-2.2477 -0.1320 0.1840
-2.2323 -0.1333 0.1742
-2.2170 -0.1343 0.1642
-2.2016 -0.1349 0.1540
-2.1862 -0.1354 0.1433
-2.1684 -0.1373 0.1305
-2.1521 -0.1381 0.1183
-2.1360 -0.1386 0.1060
-2.1198 -0.1388 0.0933
-2.1032 -0.1389 0.0803
-2.0863 -0.1386 0.0670
-2.0695 -0.1385 0.0553
-2.0530 -0.1362 0.0428
-2.0370 -0.1324 0.0304
-2.0214 -0.1277 0.0185
-2.0055 -0.1229 0.0074
-1.9891 -0.1184 -0.0028
-1.9724 -0.1141 -0.0105
-1.9548 -0.1106 -0.0187
-1.9369 -0.1075 -0.0269
-1.9189 -0.1046 -0.0350
-1.9011 -0.1014 -0.0431
-1.8838 -0.0973 -0.0509
-1.8671 -0.0920 -0.0581
-1.8503 -0.0873 -0.0652
-1.8337 -0.0826 -0.0719
-1.8174 -0.0778 -0.0781
-1.8013 -0.0731 -0.0839
-1.7855 -0.0685 -0.0895
-1.7706 -0.0635 -0.0939
-1.7553 -0.0597 -0.0990
-1.7399 -0.0566 -0.1043
-1.7246 -0.0542 -0.1099
-1.7095 -0.0524 -0.1157
-1.6945 -0.0514 -0.1218
-1.6799 -0.0511 -0.1281
-1.6672 -0.0498 -0.1333
-1.6536 -0.0505 -0.1397
-1.6397 -0.0525 -0.1466
-1.6257 -0.0554 -0.1537
-1.6119 -0.0592 -0.1611
-1.5995 -0.0625 -0.1681
-1.5864 -0.0671 -0.1757
-1.5733 -0.0722 -0.1837
-1.5605 -0.0773 -0.1918
-1.5480 -0.0818 -0.2003
-1.5360 -0.0852 -0.2092
-1.5252 -0.0875 -0.2184
-1.5150 -0.0881 -0.2291
-1.5058 -0.0872 -0.2409
-1.4973 -0.0856 -0.2534
-1.4891 -0.0836 -0.2661
-1.4808 -0.0816 -0.2787
-1.4715 -0.0788 -0.2909
-1.4624 -0.0768 -0.3032
-1.4533 -0.0753 -0.3156
-1.4443 -0.0740 -0.3284
-1.4356 -0.0729 -0.3417
-1.4270 -0.0722 -0.3550
-1.4181 -0.0708 -0.3682
-1.4091 -0.0708 -0.3809
-1.3997 -0.0715 -0.3928
-1.3897 -0.0728 -0.4040
-1.3792 -0.0745 -0.4144
-1.3672 -0.0763 -0.4244
-1.3536 -0.0783 -0.4343
-1.3406 -0.0808 -0.4438
-1.3274 -0.0837 -0.4533
-1.3138 -0.0866 -0.4629
-1.2999 -0.0894 -0.4726
-1.2857 -0.0919 -0.4826
-1.2704 -0.0956 -0.4925
-1.2555 -0.0978 -0.5026
-1.2405 -0.0993 -0.5127
-1.2251 -0.1003 -0.5226
-1.2092 -0.1011 -0.5324
-1.1928 -0.1019 -0.5422
-1.1759 -0.1026 -0.5519
-1.1579 -0.1044 -0.5597
-1.1402 -0.1044 -0.5681
-1.1224 -0.1029 -0.5760
-1.1047 -0.1002 -0.5831
-1.0870 -0.0966 -0.5893
-1.0690 -0.0945 -0.5926
-1.0508 -0.0914 -0.5965
-1.0319 -0.0884 -0.6002
-1.0120 -0.0862 -0.6033
-0.9911 -0.0846 -0.6056
-0.9695 -0.0836 -0.6068
-0.9474 -0.0830 -0.6050
-0.9256 -0.0818 -0.6030
-0.9045 -0.0798 -0.5998
-0.8842 -0.0770 -0.5950
-0.8649 -0.0738 -0.5887
-0.8464 -0.0707 -0.5810
-0.8270 -0.0681 -0.5735
-0.8093 -0.0660 -0.5642
-0.7928 -0.0646 -0.5538
-0.7771 -0.0639 -0.5429
-0.7622 -0.0639 -0.5320
-0.7471 -0.0646 -0.5220
-0.7314 -0.0658 -0.5134
-0.7172 -0.0676 -0.5047
-0.7038 -0.0698 -0.4965
-0.6907 -0.0724 -0.4890
-0.6778 -0.0753 -0.4822
-0.6641 -0.0787 -0.4766
-0.6493 -0.0826 -0.4721
-0.6359 -0.0872 -0.4671
-0.6232 -0.0923 -0.4620
-0.6108 -0.0978 -0.4571
-0.5988 -0.1035 -0.4523
-0.5870 -0.1092 -0.4476
-0.5716 -0.1138 -0.4459
-0.5591 -0.1182 -0.4427
-0.5477 -0.1219 -0.4394
-0.5370 -0.1245 -0.4367
-0.5269 -0.1260 -0.4349
-0.5173 -0.1265 -0.4339
-0.5081 -0.1266 -0.4336
-0.4932 -0.1255 -0.4365
-0.4815 -0.1255 -0.4378
-0.4703 -0.1261 -0.4386
-0.4590 -0.1270 -0.4395
-0.4473 -0.1279 -0.4410
-0.4312 -0.1272 -0.4482
-0.4173 -0.1273 -0.4531
-0.4036 -0.1279 -0.4580
-0.3897 -0.1288 -0.4630
-0.3754 -0.1300 -0.4680
-0.3607 -0.1312 -0.4725
-0.3433 -0.1324 -0.4820
-0.3273 -0.1335 -0.4868
-0.3115 -0.1344 -0.4893
-0.2957 -0.1352 -0.4905
-0.2797 -0.1361 -0.4905
-0.2636 -0.1371 -0.4895
-0.2442 -0.1387 -0.4912
-0.2270 -0.1398 -0.4893
-0.2106 -0.1406 -0.4856
-0.1947 -0.1413 -0.4808
-0.1792 -0.1418 -0.4750
-0.1641 -0.1422 -0.4686
-0.1460 -0.1434 -0.4645
-0.1303 -0.1442 -0.4582
-0.1154 -0.1450 -0.4510
-0.1008 -0.1461 -0.4432
-0.0865 -0.1475 -0.4348
-0.0722 -0.1490 -0.4264
-0.0582 -0.1507 -0.4179
-0.0448 -0.1522 -0.4078
-0.0323 -0.1532 -0.3969
-0.0208 -0.1535 -0.3856
-0.0106 -0.1529 -0.3742
-0.0015 -0.1518 -0.3628
0.0069 -0.1501 -0.3527
0.0139 -0.1487 -0.3416
0.0199 -0.1478 -0.3303
0.0251 -0.1473 -0.3190
0.0296 -0.1473 -0.3075
0.0335 -0.1478 -0.2961
0.0369 -0.1486 -0.2848
0.0381 -0.1486 -0.2743
0.0401 -0.1486 -0.2639
0.0423 -0.1482 -0.2539
0.0444 -0.1474 -0.2444
0.0462 -0.1462 -0.2353
0.0442 -0.1433 -0.2255
0.0445 -0.1415 -0.2166
0.0456 -0.1402 -0.2082
0.0471 -0.1392 -0.1999
0.0488 -0.1385 -0.1917
0.0509 -0.1380 -0.1835
0.0492 -0.1368 -0.1748
0.0503 -0.1362 -0.1665
0.0523 -0.1357 -0.1584
0.0546 -0.1351 -0.1505
0.0571 -0.1345 -0.1428
0.0595 -0.1337 -0.1353
0.0598 -0.1321 -0.1266
0.0616 -0.1313 -0.1187
0.0640 -0.1309 -0.1111
0.0667 -0.1306 -0.1035
0.0699 -0.1302 -0.0963
0.0731 -0.1295 -0.0895
0.0757 -0.1283 -0.0832
0.0788 -0.1269 -0.0778
0.0817 -0.1255 -0.0728
0.0843 -0.1243 -0.0682
0.0868 -0.1233 -0.0638
0.0891 -0.1221 -0.0590
0.0912 -0.1210 -0.0533
0.0936 -0.1208 -0.0477
0.0963 -0.1214 -0.0417
0.0991 -0.1226 -0.0355
0.1020 -0.1241 -0.0291
0.1049 -0.1255 -0.0230
0.1058 -0.1244 -0.0187
0.1073 -0.1241 -0.0138
0.1085 -0.1236 -0.0087
0.1093 -0.1226 -0.0037
0.1098 -0.1212 0.0014
0.1100 -0.1198 0.0065
0.1101 -0.1185 0.0118
0.0212 -0.0435 -0.0270
-0.0067 -0.0192 -0.0354
-0.0152 -0.0110 -0.0342
-0.0177 -0.0078 -0.0300
-0.0183 -0.0061 -0.0251
-0.0197 -0.0055 -0.0217
-0.0200 -0.0046 -0.0174
-0.0199 -0.0036 -0.0128
-0.0197 -0.0025 -0.0081
-0.0195 -0.0015 -0.0035
-0.0191 -0.0005 0.0009
-0.0198 0.0008 0.0037
-0.0198 0.0021 0.0070
-0.0195 0.0035 0.0104
-0.0192 0.0050 0.0134
-0.0187 0.0065 0.0162
-0.0182 0.0080 0.0188
-0.0179 0.0094 0.0191
-0.0173 0.0106 0.0207
-0.0165 0.0115 0.0226
-0.0155 0.0121 0.0246
-0.0145 0.0125 0.0267
-0.0133 0.0128 0.0287
-0.0116 0.0134 0.0289
-0.0100 0.0138 0.0301
-0.0084 0.0142 0.0315
-0.0068 0.0147 0.0328
-0.0052 0.0152 0.0339
-0.0035 0.0154 0.0344
-0.0016 0.0152 0.0342
0.0002 0.0155 0.0345
0.0021 0.0159 0.0349
0.0040 0.0163 0.0354
0.0060 0.0165 0.0359
0.0079 0.0168 0.0364
0.0095 0.0165 0.0359
0.0112 0.0165 0.0362
0.0128 0.0165 0.0366
0.0142 0.0164 0.0371
0.0155 0.0164 0.0375
0.0167 0.0163 0.0378
0.0178 0.0161 0.0381
0.0186 0.0143 0.0374
0.0195 0.0135 0.0375
0.0202 0.0129 0.0378
0.0208 0.0125 0.0382
0.0213 0.0121 0.0386
0.0217 0.0116 0.0386
0.0219 0.0115 0.0387
0.0221 0.0116 0.0388
0.0223 0.0119 0.0389
0.0225 0.0121 0.0389
0.0227 0.0124 0.0389
0.0231 0.0121 0.0386
0.0235 0.0121 0.0385
0.0238 0.0122 0.0384
0.0241 0.0122 0.0384
0.0242 0.0122 0.0385
0.0243 0.0122 0.0385
0.0241 0.0120 0.0384
0.0240 0.0120 0.0384
0.0238 0.0119 0.0384
0.0235 0.0119 0.0384
0.0232 0.0119 0.0383
0.0228 0.0119 0.0382
0.0225 0.0120 0.0380
0.0221 0.0121 0.0379
0.0216 0.0122 0.0377
0.0211 0.0123 0.0375
0.0205 0.0124 0.0374
0.0198 0.0125 0.0372
0.0192 0.0126 0.0368
0.0185 0.0126 0.0366
0.0179 0.0126 0.0365
0.0172 0.0126 0.0365
0.0164 0.0125 0.0364
0.0156 0.0125 0.0364
0.0149 0.0127 0.0361
0.0141 0.0128 0.0360
0.0133 0.0129 0.0360
0.0125 0.0129 0.0360
0.0117 0.0130 0.0361
0.0108 0.0130 0.0362
0.0100 0.0132 0.0360
0.0092 0.0134 0.0360
0.0085 0.0135 0.0360
0.0077 0.0136 0.0361
0.0071 0.0137 0.0361
0.0064 0.0139 0.0361
0.0057 0.0135 0.0361
0.0051 0.0136 0.0361
0.0045 0.0137 0.0361
0.0040 0.0139 0.0361
0.0034 0.0141 0.0362
0.0029 0.0143 0.0362
0.0024 0.0145 0.0363
0.0020 0.0147 0.0361
0.0015 0.0149 0.0360
0.0011 0.0150 0.0361
0.0006 0.0151 0.0361
0.0001 0.0152 0.0362
-0.0003 0.0154 0.0361
-0.0008 0.0155 0.0361
-0.0013 0.0156 0.0361
-0.0017 0.0157 0.0362
-0.0022 0.0158 0.0363
-0.0026 0.0159 0.0363
-0.0035 0.0155 0.0361
-0.0040 0.0155 0.0361
-0.0045 0.0155 0.0360
-0.0049 0.0155 0.0360
-0.0054 0.0155 0.0360
-0.0058 0.0156 0.0359
-0.0061 0.0159 0.0355
-0.0065 0.0160 0.0353
-0.0070 0.0160 0.0352
-0.0075 0.0160 0.0352
-0.0080 0.0159 0.0351
-0.0090 0.0159 0.0349
-0.0092 0.0160 0.0347
-0.0096 0.0159 0.0345
-0.0100 0.0159 0.0345
-0.0104 0.0158 0.0344
-0.0104 0.0158 0.0344
-0.0107 0.0158 0.0343
-0.0111 0.0158 0.0342
-0.0114 0.0158 0.0341
-0.0117 0.0157 0.0341
-0.0120 0.0155 0.0340
-0.0122 0.0155 0.0339
-0.0125 0.0154 0.0338
-0.0127 0.0154 0.0336
-0.0131 0.0153 0.0336
-0.0133 0.0152 0.0335
-0.0135 0.0152 0.0333
-0.0136 0.0151 0.0332
-0.0137 0.0151 0.0330
-0.0139 0.0149 0.0326
-0.0140 0.0150 0.0324
-0.0141 0.0152 0.0322
-0.0142 0.0155 0.0320
-0.0143 0.0157 0.0318
-0.0144 0.0160 0.0317
-0.0145 0.0161 0.0316
-0.0145 0.0161 0.0312
-0.0146 0.0162 0.0310
-0.0146 0.0162 0.0310
-0.0147 0.0163 0.0309
-0.0148 0.0163 0.0308
-0.0147 0.0163 0.0307
-0.0147 0.0163 0.0306
-0.0147 0.0163 0.0305
-0.0147 0.0163 0.0304
-0.0148 0.0163 0.0304
-0.0148 0.0163 0.0303
-0.0148 0.0161 0.0301
-0.0148 0.0160 0.0300
-0.0149 0.0159 0.0299
-0.0149 0.0159 0.0299
-0.0149 0.0159 0.0299
-0.0150 0.0160 0.0298
-0.0148 0.0160 0.0297
-0.0148 0.0161 0.0296
-0.0148 0.0163 0.0295
-0.0148 0.0164 0.0294
-0.0148 0.0165 0.0293
-0.0148 0.0166 0.0293
-0.0148 0.0166 0.0292
-0.0144 0.0168 0.0289
-0.0143 0.0169 0.0288
-0.0142 0.0170 0.0287
-0.0141 0.0170 0.0286
-0.0141 0.0171 0.0286
-0.0140 0.0171 0.0285
-0.0139 0.0170 0.0285
-0.0138 0.0170 0.0285
-0.0138 0.0171 0.0285
-0.0138 0.0171 0.0285
-0.0137 0.0172 0.0284
-0.0137 0.0174 0.0284
-0.0135 0.0174 0.0285
-0.0134 0.0175 0.0285
-0.0133 0.0176 0.0285
-0.0132 0.0176 0.0286
-0.0131 0.0176 0.0286
-0.0130 0.0176 0.0286
-0.0128 0.0173 0.0287
-0.0128 0.0171 0.0287
-0.0127 0.0171 0.0287
-0.0126 0.0171 0.0287
-0.0126 0.0171 0.0287
-0.0122 0.0172 0.0288
-0.0121 0.0172 0.0288
-0.0121 0.0173 0.0288
-0.0121 0.0174 0.0288
-0.0122 0.0174 0.0288
-0.0122 0.0175 0.0287
-0.0122 0.0175 0.0286
-0.0123 0.0176 0.0285
-0.0124 0.0178 0.0285
-0.0125 0.0178 0.0286
-0.0125 0.0179 0.0286
-0.0127 0.0180 0.0288
-0.0127 0.0181 0.0288
-0.0127 0.0182 0.0288
-0.0128 0.0184 0.0289
-0.0128 0.0185 0.0289
-0.0128 0.0185 0.0289
-0.0128 0.0186 0.0289
-0.0124 0.0187 0.0286
-0.0122 0.0188 0.0285
-0.0121 0.0188 0.0284
-0.0119 0.0189 0.0284
-0.0118 0.0189 0.0284
-0.0117 0.0189 0.0284
-0.0116 0.0189 0.0284
-0.0113 0.0188 0.0281
-0.0111 0.0188 0.0280
-0.0109 0.0189 0.0279
-0.0108 0.0189 0.0279
-0.0106 0.0190 0.0278
-0.0106 0.0190 0.0277
-0.0105 0.0190 0.0277
-0.0104 0.0190 0.0277
-0.0102 0.0190 0.0276
-0.0101 0.0190 0.0276
-0.0100 0.0190 0.0276
-0.0099 0.0190 0.0277
-0.0098 0.0189 0.0277
-0.0097 0.0189 0.0277
-0.0097 0.0189 0.0277
-0.0096 0.0188 0.0277
-0.0095 0.0188 0.0277
-0.0095 0.0188 0.0277
-0.0092 0.0186 0.0275
-0.0091 0.0185 0.0274
-0.0090 0.0184 0.0274
-0.0089 0.0183 0.0274
-0.0089 0.0182 0.0275
-0.0088 0.0181 0.0275
-0.0087 0.0181 0.0275
-0.0087 0.0181 0.0275
-0.0087 0.0180 0.0275
-0.0087 0.0180 0.0275
-0.0087 0.0177 0.0277
-0.0087 0.0176 0.0278
-0.0085 0.0178 0.0277
-0.0084 0.0178 0.0278
-0.0084 0.0178 0.0278
-0.0084 0.0178 0.0278
-0.0085 0.0179 0.0278
-0.0085 0.0180 0.0278
-0.0085 0.0180 0.0278
-0.0086 0.0181 0.0278
-0.0086 0.0181 0.0279
-0.0086 0.0181 0.0279
-0.0086 0.0181 0.0279
-0.0086 0.0181 0.0280
-0.0092 0.0183 0.0273
-0.0095 0.0185 0.0271
-0.0096 0.0185 0.0271
-0.0097 0.0186 0.0271
-0.0098 0.0187 0.0271
-0.0098 0.0187 0.0271
-0.0095 0.0182 0.0273
-0.0095 0.0181 0.0274
-0.0094 0.0181 0.0274
-0.0094 0.0181 0.0274
-0.0094 0.0182 0.0274
-0.0094 0.0183 0.0275
-0.0094 0.0180 0.0273
-0.0094 0.0179 0.0272
-0.0093 0.0179 0.0272
-0.0093 0.0179 0.0273
-0.0093 0.0178 0.0273
-0.0093 0.0178 0.0272
-0.0093 0.0177 0.0272
-0.0093 0.0177 0.0273
-0.0093 0.0177 0.0273
-0.0093 0.0177 0.0273
-0.0093 0.0177 0.0274
-0.0092 0.0177 0.0272
-0.0091 0.0178 0.0271
-0.0091 0.0178 0.0271
-0.0091 0.0179 0.0271
-0.0092 0.0179 0.0272
-0.0092 0.0180 0.0272
-0.0092 0.0179 0.0271
-0.0092 0.0179 0.0271
-0.0092 0.0178 0.0271
-0.0093 0.0179 0.0271
-0.0093 0.0179 0.0271
-0.0094 0.0179 0.0271
-0.0094 0.0181 0.0269
-0.0094 0.0182 0.0269
-0.0095 0.0182 0.0269
-0.0095 0.0183 0.0269
-0.0095 0.0183 0.0270
-0.0095 0.0183 0.0270
-0.0095 0.0184 0.0271
-0.0094 0.0184 0.0270
-0.0094 0.0184 0.0270
-0.0094 0.0185 0.0271
-0.0094 0.0185 0.0272
-0.0094 0.0186 0.0272
-0.0096 0.0187 0.0267
-0.0096 0.0188 0.0265
-0.0096 0.0189 0.0264
-0.0095 0.0190 0.0264
-0.0094 0.0191 0.0264
-0.0094 0.0191 0.0264
-0.0094 0.0191 0.0264
-0.0094 0.0191 0.0263
-0.0093 0.0191 0.0263
-0.0093 0.0190 0.0264
-0.0092 0.0190 0.0264
-0.0092 0.0190 0.0264
-0.0092 0.0188 0.0263
-0.0093 0.0187 0.0263
-0.0093 0.0187 0.0263
-0.0093 0.0186 0.0263
-0.0094 0.0186 0.0263
-0.0094 0.0187 0.0262
-0.0094 0.0189 0.0261
-0.0094 0.0190 0.0261
-0.0094 0.0190 0.0262
-0.0094 0.0190 0.0262
-0.0094 0.0191 0.0263
-0.0094 0.0191 0.0263
-0.0094 0.0192 0.0261
-0.0093 0.0192 0.0260
-0.0093 0.0193 0.0260
-0.0093 0.0194 0.0259
-0.0093 0.0195 0.0259
-0.0092 0.0195 0.0259
-0.0091 0.0196 0.0256
-0.0091 0.0197 0.0255
-0.0090 0.0197 0.0254
-0.0089 0.0198 0.0254
-0.0088 0.0198 0.0254
-0.0088 0.0198 0.0255
-0.0086 0.0201 0.0252
-0.0085 0.0202 0.0252
-0.0084 0.0202 0.0252
-0.0084 0.0203 0.0252
-0.0083 0.0204 0.0253
-0.0083 0.0205 0.0253
-0.0082 0.0207 0.0249
-0.0081 0.0208 0.0248
-0.0081 0.0208 0.0247
-0.0080 0.0209 0.0247
-0.0080 0.0210 0.0248
-0.0080 0.0210 0.0248
-0.0078 0.0211 0.0241
-0.0078 0.0211 0.0239

