0.0000 0.0000 0.0000
0.0000 0.0000 0.0000
0.0000 0.0000 0.0000
0.0000 0.0000 0.0000
0.0000 0.0000 0.0000
0.0000 0.0000 0.0000
0.0000 0.0000 0.0000
0.0000 0.0000 0.0000
0.0000 0.0000 0.0000
0.0000 0.0000 0.0000
0.0000 0.0000 0.0000
0.0000 0.0000 0.0000
0.0141 -0.1863 0.0505
0.0301 -0.1274 0.0484
0.0653 -0.1124 0.0332
0.0676 -0.1387 0.0385
0.1000 -0.2223 0.0700
0.1582 -0.2908 0.0788
0.2209 -0.3471 0.0672
0.2527 -0.3825 0.0641
0.3120 -0.4344 0.0382
0.3416 -0.4389 0.0181
0.3694 -0.4626 0.0187
0.3575 -0.5066 0.0505
0.3600 -0.5250 0.0485
0.4016 -0.5318 0.0420
0.4517 -0.5002 0.0328
0.4457 -0.4883 0.0238
0.4174 -0.4773 -0.0088
0.4283 -0.4567 -0.0391
0.4669 -0.4442 -0.0381
0.4911 -0.4730 0.0075
0.4935 -0.4934 0.0180
0.4937 -0.5253 0.0285
0.4539 -0.5214 0.0327
0.4114 -0.5127 0.0372
-0.0663 -0.5972 -0.0728
0.0395 -0.1525 -0.0705
0.1822 -0.1118 -0.0397
0.3891 -0.0433 -0.0506
0.3884 -0.0632 -0.0190
0.2950 -0.0528 -0.0041
0.0675 0.0181 0.0487
-0.0357 0.0948 0.0247
-0.0318 0.1026 0.0158
0.0178 0.1219 0.0242
-0.0010 0.0639 0.0350
-0.0631 0.0112 0.0335
-0.2302 0.0507 0.0366
-0.1581 0.2047 0.0123
-0.0703 0.2132 -0.0075
-0.0364 0.2241 -0.0295
-0.2248 0.3231 -0.0646
-0.3226 0.4009 -0.0545
-0.4703 0.5563 -0.0825
-0.5696 0.7258 -0.1195
-0.6427 0.8024 -0.1448
-0.7829 0.9412 -0.1933
-0.8204 0.9441 -0.2090
-0.7875 0.8933 -0.2110
-0.7020 0.8966 -0.2086
-0.6551 0.9010 -0.1899
-0.6405 0.8671 -0.1380
-0.6369 0.8483 -0.0852
-0.5725 0.7893 -0.0592
-0.3995 0.6996 -0.0176
-0.3229 0.4996 -0.0625
-0.2903 0.5000 -0.0323
-0.2526 0.3953 -0.0036
-0.2098 0.3535 0.0004
-0.1902 0.3263 -0.0134
-0.1593 0.2941 -0.0379
-0.1631 0.2464 -0.0573
-0.1766 0.2358 -0.0633
-0.2206 0.2166 -0.0710
-0.2011 0.1961 -0.0600
-0.1723 0.2064 -0.0577
-0.1288 0.2038 -0.0421
-0.1422 0.1560 -0.0283
-0.1496 0.0737 -0.0368
-0.0619 -0.0259 -0.1268
0.1215 -0.0663 -0.2299
0.1894 -0.0812 -0.2506
0.2119 -0.0851 -0.2312
0.1577 -0.1131 -0.2795
0.0550 0.1899 -0.2640
-0.0691 0.1751 -0.1582
-0.1293 0.1954 -0.0757
-0.2054 0.1621 0.0417
-0.2075 0.1636 0.0582
-0.1952 0.1852 0.0408
-0.1742 0.1937 0.0452
-0.1497 0.1673 0.0775
-0.1328 0.1424 0.0763
-0.1090 0.1393 0.0560
-0.1305 0.0878 0.0683
-0.1430 0.0647 0.0737
-0.1195 0.0656 0.0724
-0.0445 0.0740 0.0547
-0.0129 0.0659 0.0480
0.0220 0.0559 0.0429
0.0065 0.0428 0.0434
-0.0040 0.0375 0.0434
0.0162 0.0252 0.0645
0.0540 -0.0079 0.0677
0.0775 -0.0228 0.0660
0.1105 -0.0214 0.0768
0.1014 -0.0150 0.0770
0.0928 -0.0146 0.0744
0.0801 -0.0032 0.0645
0.0758 0.0002 0.0584
0.0566 0.0091 0.0587
0.0528 0.0070 0.0491
0.0650 0.0065 0.0436
0.0684 -0.0049 0.0293
0.0550 -0.0044 0.0290
0.0469 0.0028 0.0255
0.0341 0.0064 0.0268
0.0337 0.0011 0.0225
0.0373 -0.0015 0.0217
0.0442 -0.0085 0.0301
0.0498 -0.0157 0.0291
0.0476 -0.0282 0.0278
0.0597 -0.0525 0.0233
0.0904 -0.0442 0.0213
0.1082 -0.0344 0.0333
0.1447 -0.0433 0.0501
0.2009 -0.0888 0.0673
0.2401 -0.1032 0.0791
0.3036 -0.1107 0.0826
0.3410 -0.1447 0.0937
0.3582 -0.1488 0.1043
0.4009 -0.1198 0.1071
0.4590 -0.0908 0.0895
0.4681 -0.0776 0.0830
0.4398 -0.0653 0.0542
0.4217 -0.0728 0.0522
0.4037 -0.0904 0.0455
0.3825 -0.0725 0.0316
0.3498 -0.0685 0.0262
0.2805 -0.0979 0.0263
0.2310 -0.0925 0.0235
0.2180 -0.0738 0.0194
0.2220 -0.0443 0.0232
0.2304 -0.0254 0.0221
0.2180 -0.0255 0.0152
0.1692 -0.0377 0.0182
0.1152 -0.0128 0.0221
0.1010 0.0066 0.0237
0.0742 0.0280 0.0414
0.0591 0.0138 0.0440
0.0468 0.0004 0.0423
0.0233 -0.0188 0.0359
0.0239 -0.0249 0.0207
0.0296 -0.0134 0.0129
0.0329 0.0036 0.0085
0.0082 0.0208 0.0040
-0.0077 0.0188 0.0076
-0.0176 0.0040 0.0120
0.0000 -0.0008 0.0120
0.0024 -0.0033 0.0097
-0.0092 0.0082 0.0054
-0.0080 -0.0067 0.0046
-0.0026 -0.0099 0.0029
0.0175 0.0093 -0.0023
0.0163 0.0218 0.0002
0.0076 0.0384 0.0026
0.0048 0.0345 0.0107
0.0059 0.0280 0.0089
0.0116 0.0103 0.0007
0.0339 0.0108 0.0011
0.0493 0.0169 -0.0004
0.0568 0.0272 0.0071
0.0404 0.0370 0.0059
0.0370 0.0388 0.0027
0.0448 0.0274 -0.0026
0.0371 0.0180 -0.0022
0.0286 0.0080 -0.0036
0.0210 0.0054 -0.0015
0.0313 0.0159 0.0027
0.0377 0.0114 0.0035
0.0394 0.0036 0.0011
0.0340 0.0132 0.0008
0.0282 0.0084 -0.0010
0.0270 0.0088 -0.0010
0.0294 0.0105 -0.0006
0.0346 0.0186 0.0037
0.0422 0.0305 0.0050
0.0484 0.0202 0.0108
0.0523 0.0209 0.0130
0.0441 0.0102 0.0141
0.0380 0.0058 0.0129
0.0423 0.0061 0.0143
0.0579 0.0150 0.0168
0.0624 0.0155 0.0156
0.0492 0.0204 0.0132
0.0239 0.0078 0.0098
0.0203 -0.0023 0.0137
0.0336 -0.0046 0.0052
0.0389 0.0063 0.0073
0.0453 0.0166 0.0082
0.0448 0.0325 0.0081
0.0277 0.0102 0.0081
0.0246 0.0047 0.0118
0.0264 0.0104 0.0048
0.0274 0.0219 0.0004
0.0245 0.0255 0.0009
0.0243 0.0285 0.0027
0.0252 0.0263 0.0088
0.0231 0.0248 0.0148
0.0155 0.0143 0.0258
0.0153 -0.0183 0.0187
0.0145 -0.0357 0.0147
0.0279 -0.0180 0.0026
0.0428 0.0367 0.0033
0.0420 0.0513 -0.0015
0.0147 0.0364 0.0102
0.0084 0.0036 0.0221
0.0143 -0.0099 0.0193
0.0235 -0.0148 0.0201
0.0243 -0.0048 0.0139
0.0103 0.0185 0.0106
-0.0009 0.0141 0.0090
-0.0034 0.0103 0.0098
0.0108 -0.0086 0.0079
0.0101 -0.0024 0.0007
0.0098 0.0083 -0.0034
0.0011 0.0123 0.0011
0.0129 0.0134 0.0018
0.0177 0.0091 0.0007
0.0202 -0.0084 0.0017
0.0260 0.0163 -0.0017
0.0353 0.0260 0.0035
0.0463 0.0215 0.0141
0.0397 0.0162 0.0168
0.0324 0.0207 0.0161
0.0276 0.0150 0.0118
0.0188 -0.0044 0.0115
0.0060 -0.0089 0.0076
-0.0130 -0.0008 0.0117
0.0057 0.0082 0.0104
0.0184 0.0035 0.0093
0.0215 -0.0022 0.0105
0.0154 0.0020 0.0104
0.0190 0.0042 0.0091
0.0390 0.0116 0.0086
0.0343 0.0169 0.0109
0.0250 0.0142 0.0109
0.0295 0.0057 0.0151
0.0339 0.0027 0.0101
0.0287 0.0111 0.0078
0.0212 0.0161 0.0065
0.0179 0.0171 0.0058
0.0109 0.0035 0.0076
0.0092 -0.0041 0.0059
0.0054 -0.0064 0.0027
0.0238 -0.0138 0.0043
0.0404 0.0091 -0.0016
0.0436 0.0198 0.0007
0.0266 0.0281 0.0059
0.0046 0.0192 0.0143
0.0081 0.0225 0.0208
0.0216 0.0265 0.0333
0.0653 -0.0142 0.0548

