0.0419 -0.0012 0.0276
0.0171 -0.0042 0.0210
-0.0001 -0.0132 0.0071
0.0342 0.0082 0.0021
0.0354 0.0113 -0.0026
0.0104 0.0124 0.0095
-0.0193 -0.0034 0.0025
-0.0196 -0.0100 -0.0029
-0.0033 -0.0088 -0.0134
-0.0071 0.0031 -0.0078
-0.0025 0.0111 -0.0021
0.0151 0.0026 -0.0001
0.0125 0.0058 -0.0008
0.0065 -0.0155 -0.0077
0.0358 -0.0122 -0.0134
0.0404 -0.0049 -0.0160
0.0440 0.0003 -0.0052
0.0306 0.0165 -0.0012
0.0255 0.0201 0.0031
0.0245 0.0097 -0.0055
0.0299 0.0137 -0.0071
0.0350 0.0112 -0.0031
0.0316 0.0144 -0.0068
0.0318 0.0203 0.0029
0.0271 0.0230 0.0018
0.0210 0.0154 0.0102
0.0316 -0.0025 0.0048
0.0371 -0.0039 0.0041
0.0285 0.0016 -0.0047
0.0156 0.0084 0.0015
0.0143 0.0127 0.0038
0.0291 0.0201 0.0106
0.0324 0.0048 0.0084
0.0263 -0.0012 0.0064
0.0086 0.0254 -0.0007
0.0579 0.0083 -0.0329
0.0119 -0.0042 0.0147
-0.0285 0.0041 0.0270
-0.0176 0.0183 0.0413
0.0451 0.0428 0.0082
0.0840 0.0086 -0.0043
0.0275 -0.0072 -0.0006
0.0482 -0.0077 0.0015
0.0301 -0.0092 0.0077
0.0058 0.0128 0.0114
0.0061 0.0280 0.0126
0.0169 0.0341 0.0202
0.0174 0.0452 0.0211
0.0108 0.0496 0.0289
-0.0076 0.0569 0.0265
-0.0255 0.0676 0.0241
-0.0396 0.0826 0.0164
-0.0698 0.0871 0.0143
-0.0672 0.0896 0.0127
-0.0545 0.1009 -0.0056
-0.0649 0.1068 -0.0223
-0.0800 0.1165 -0.0217
-0.1182 0.1377 -0.0166
-0.1445 0.1371 0.0174
-0.1392 0.1480 0.0265
-0.1198 0.1556 0.0471
-0.1276 0.2000 0.0748
-0.1441 0.2301 0.1016
-0.1711 0.2818 0.1568
-0.1892 0.3413 0.1997
-0.1954 0.3560 0.2109
-0.1826 0.3876 0.2298
-0.1524 0.4291 0.2381
-0.1387 0.4470 0.2456
-0.1562 0.4953 0.2575
-0.2181 0.5400 0.2755
-0.2566 0.5538 0.2772
-0.3415 0.5495 0.2761
-0.4225 0.5728 0.2812
-0.4503 0.5892 0.2817
-0.4843 0.6295 0.3059
-0.4827 0.6322 0.3640
-0.4619 0.6192 0.4111
-0.3863 0.5835 0.5396
-0.3598 0.5480 0.6516
-0.3778 0.5339 0.6955
-0.4304 0.4966 0.7593
-0.4558 0.4670 0.7859
-0.4819 0.3960 0.8202
-0.4996 0.2943 0.8278
-0.5034 0.2616 0.8289
-0.4864 0.2245 0.8126
-0.4573 0.2306 0.8061
-0.4387 0.2493 0.8065
-0.3801 0.3092 0.8284
-0.2863 0.3381 0.8510
-0.2608 0.3329 0.8689
-0.2695 0.3376 0.9261
-0.2889 0.3425 0.9614
-0.2779 0.3439 0.9734
-0.2235 0.3806 0.9884
-0.1716 0.4403 0.9795
-0.1319 0.4843 0.9828
-0.0496 0.5299 0.9714
-0.0344 0.5386 0.9586
-0.0320 0.5440 0.9617
-0.0239 0.5474 0.9610
0.0199 0.5545 0.9528
0.0417 0.5506 0.9429
0.0580 0.5438 0.9270
0.0635 0.6063 0.8800
0.0730 0.6360 0.8425
0.0450 0.6655 0.7820
-0.0715 0.6501 0.6931
-0.1444 0.6289 0.6437
-0.2131 0.5820 0.5770
-0.1503 0.5676 0.5212
-0.1020 0.5827 0.5051
-0.1768 0.6226 0.4745
-0.3673 0.6653 0.4567
-0.9564 0.7219 0.4356
-1.5247 0.6248 0.4849
-1.6358 0.5319 0.5258
-1.3842 0.3526 0.6019
-0.7309 0.3166 0.6279
-0.4225 0.3227 0.6104
-0.0670 0.2619 0.5058
-0.0719 0.2871 0.3743
-0.2014 0.3778 0.3388
-0.5860 0.4503 0.3026
-0.8826 0.4327 0.3022
-0.9876 0.4222 0.3254
-1.0548 0.3137 0.4556
-0.8332 0.2229 0.6086
-0.6833 0.1641 0.6627
-0.4072 0.0946 0.7453
-0.3066 0.1957 0.7573
-0.2907 0.2073 0.7651
-0.3083 0.1119 0.7826
-0.3776 -0.0207 0.7566
-0.4157 -0.0500 0.7525
-0.4907 -0.0366 0.7588
-0.5223 0.0611 0.7470
-0.5343 0.1202 0.7398
-0.5439 0.1855 0.7299
-0.5344 0.2143 0.7273
-0.5087 0.2750 0.7030
-0.4760 0.3349 0.6738
-0.4604 0.3762 0.6570
-0.4337 0.4075 0.6178
-0.3702 0.4515 0.5843
-0.3309 0.4727 0.5627
-0.2238 0.5264 0.5295
-0.1173 0.5932 0.4878
-0.0715 0.6203 0.4666
0.0220 0.6984 0.4258
0.0919 0.7384 0.3845
0.1191 0.7492 0.3680
0.1482 0.7260 0.3437
0.1537 0.6776 0.3392
0.1666 0.6535 0.3481
0.1988 0.6261 0.3958
0.1867 0.6114 0.4967
0.1507 0.6146 0.5540
-0.0484 0.6147 0.6758
-0.4876 0.4240 0.7772
-0.7339 0.2973 0.8345
-0.8786 0.1106 0.9741
-0.3407 0.0374 1.0651
0.0727 0.0190 1.0636
0.8003 0.0979 0.9940
1.0072 0.1681 0.9654
1.0454 0.2833 0.9637
0.6771 0.2980 0.9350
0.4227 0.2485 0.9065
-0.0889 0.0132 0.8425
-0.4926 -0.2371 0.7782
-0.6365 -0.3180 0.7339
-0.7752 -0.4496 0.6447
-0.6153 -0.4517 0.6375
-0.4202 -0.4367 0.6361
0.0238 -0.4097 0.6165
0.2349 -0.3807 0.5633
0.2182 -0.3823 0.5318
0.0669 -0.3764 0.4596
-0.0177 -0.3274 0.3502
-0.0165 -0.3209 0.2777
0.0176 -0.3077 0.1390
0.0204 -0.2310 0.0217
0.0001 -0.1701 -0.0243
-0.0489 -0.1212 -0.0755
-0.0383 -0.1140 -0.0844
-0.0193 -0.0891 -0.0758
0.0173 -0.0593 -0.0743
0.1314 -0.0986 -0.0990
0.2204 -0.1730 -0.1320
0.4103 -0.3228 -0.2445
0.5456 -0.4813 -0.3997
0.5936 -0.5618 -0.4771
0.6518 -0.6706 -0.6276
0.6811 -0.7133 -0.6941
0.7297 -0.7193 -0.7772
0.7349 -0.7818 -0.8653
0.6593 -0.8321 -0.9251
0.3132 -0.9204 -1.0424
-0.0542 -0.8582 -1.1359
-0.1550 -0.7863 -1.1669
-0.2372 -0.6149 -1.2280
-0.3211 -0.6608 -1.2836
-0.3260 -0.7414 -1.2860
0.0079 -0.9052 -1.2660
0.6727 -1.0115 -1.3290
0.9803 -0.9668 -1.4385
1.2851 -0.9295 -1.7226
1.0286 -0.7990 -1.8967
0.7348 -0.6998 -1.9285
0.0478 -0.3169 -1.9148
-0.5195 0.2436 -1.8122
-0.6465 0.4988 -1.7376
-0.5957 0.9252 -1.5727
-0.3590 1.1003 -1.4125
-0.2424 1.1364 -1.3582
-0.1238 1.0997 -1.2917
-0.1378 0.9760 -1.2308
-0.1757 0.8555 -1.2084
-0.2404 0.7356 -1.1566
-0.2382 0.6011 -1.0496
-0.2471 0.5132 -0.9855
-0.2766 0.2874 -0.8351
-0.2835 0.1668 -0.7411
-0.2521 -0.0271 -0.5367
-0.2426 -0.1527 -0.2760
-0.2585 -0.2120 -0.1442
-0.3143 -0.2530 0.0772
-0.3463 -0.1525 0.2407
-0.3113 0.1348 0.3980
-0.1735 0.4924 0.5652
-0.0329 0.7885 0.7427
0.0638 0.8091 0.9261
0.1666 0.7231 1.0641
0.2200 0.6212 1.1674
0.0892 0.5132 1.2228
-0.0502 0.3304 1.2680
-0.1636 0.0020 1.2448
-0.2072 -0.0441 1.2825
0.0803 0.0702 1.3570
0.3823 0.1939 1.3828
0.8663 0.3832 1.3738
1.0785 0.4786 1.4214
1.5374 0.7326 1.5520
1.6319 0.7879 1.6013
1.4673 0.7069 1.5673
0.5955 0.3987 1.3435
0.0420 0.1160 1.2184
-0.9165 -0.5733 0.9898
-1.3383 -0.9564 0.8189
-1.2972 -1.0325 0.7330
-0.9465 -1.0612 0.5721
-0.7913 -1.0474 0.4575
-0.2409 -1.0052 0.5214
0.3188 -0.7423 0.5287
0.6286 -0.3837 0.4574
0.6793 -0.2454 0.4286
0.4274 0.1262 0.2838
0.2538 0.2214 0.2339
-0.1023 0.3699 0.1697
-0.3626 0.4752 0.1328
-0.4469 0.4703 0.1103
-0.5770 0.3854 0.0505
-0.6673 0.1688 -0.0591
-0.6609 0.0095 -0.1268
-0.4755 -0.3587 -0.2829
-0.1397 -0.7395 -0.4850
0.1665 -0.8889 -0.6993
0.2773 -0.8629 -0.7723
0.4335 -0.6704 -0.8376
0.5011 -0.5596 -0.8234
0.5849 -0.4280 -0.7946
0.4875 -0.4986 -0.8354
0.3286 -0.5987 -0.8780
-0.0534 -0.7272 -0.9552
-0.3876 -0.7204 -1.0899
-0.5446 -0.7207 -1.1576
-0.7882 -0.8792 -1.2362
-0.6894 -1.0775 -1.2244
-0.4387 -1.1221 -1.2258
0.2049 -1.1083 -1.4158
0.9596 -1.0010 -1.4006
1.2510 -0.8753 -1.3760
1.4312 -0.4730 -1.2973
0.8932 0.1048 -1.1802
0.2067 0.2623 -1.1553
-1.0608 0.3698 -0.9884
-1.4351 0.3100 -0.9373
-1.5214 0.2549 -0.8968
-1.1014 0.4520 -0.8490
-0.6003 0.6489 -0.8079
-0.3810 0.7084 -0.7958
-0.0595 0.6636 -0.7688
0.0216 0.5690 -0.7433
0.0537 0.4329 -0.6339
-0.0148 0.2917 -0.4475
-0.0522 0.2250 -0.3342
-0.0930 0.1141 -0.1194
-0.1123 -0.0124 0.0760
-0.1245 -0.0656 0.1691
-0.1279 -0.1868 0.3107
-0.0740 -0.3032 0.3997
-0.0147 -0.3176 0.4514
0.1366 -0.1874 0.5604
0.2652 0.0882 0.6699
0.2911 0.2141 0.7183
0.2664 0.4533 0.8230
0.2409 0.5358 0.8718
0.1847 0.5981 0.9567
0.1328 0.5687 1.0074
0.0821 0.5773 1.0374
0.0455 0.6067 1.0477
-0.1112 0.5977 1.0743
-0.2120 0.5489 1.0979
-0.3484 0.4315 1.1635
-0.3494 0.4354 1.2380
-0.1814 0.3917 1.2761
0.0084 0.3977 1.3131
0.5148 0.5270 1.3634
0.7504 0.6423 1.3929
0.9814 0.9080 1.4571
0.7239 0.8147 1.5443
0.4113 0.6309 1.5672
-0.3920 0.0986 1.5188
-0.9514 -0.1647 1.4976
-0.9678 -0.2151 1.4940
-0.4968 -0.1985 1.4339
0.2671 -0.1258 1.2580
0.5675 -0.0853 1.1445
0.8044 -0.0935 0.9683
0.6187 -0.1204 0.8725
0.4438 -0.0783 0.8237
0.1356 0.0815 0.7143
0.0165 0.2579 0.6052
0.0068 0.2863 0.5449
0.0260 0.2524 0.4218
0.0184 0.2226 0.3456
-0.0858 0.1980 0.1874
-0.1692 0.1469 0.0713
-0.1480 0.1603 -0.0430
-0.0938 0.1757 -0.1083
0.0486 0.1855 -0.2369
0.0902 0.1510 -0.3118
0.1037 0.0328 -0.4655
0.0070 -0.1863 -0.6362
-0.0963 -0.5104 -0.8290
-0.1399 -0.6689 -0.9276
-0.3030 -0.7143 -1.1369
-0.3860 -0.5348 -1.2236
-0.4250 -0.1301 -1.3233
-0.2496 0.0538 -1.2944
-0.0885 0.0461 -1.2194
0.3796 -0.0646 -1.0706
0.9080 -0.2963 -0.9984
1.0915 -0.4266 -0.9976
1.1024 -0.6160 -1.0697
0.4479 -0.6134 -1.0970
-0.0678 -0.5162 -1.0455
-1.1586 -0.1791 -0.9067
-1.7444 0.4732 -0.7293
-1.6942 0.7466 -0.5932
-0.9103 0.9470 -0.2544
0.0994 0.8820 -0.0066
0.3872 0.7580 0.1201
0.3991 0.4786 0.4234
0.2556 0.3575 0.5690
-0.0325 0.1644 0.8533
-0.2033 0.1609 1.1219
-0.2583 0.2165 1.2379
-0.2962 0.3193 1.5031
-0.2622 0.4233 1.8089
-0.2069 0.5163 2.1272
-0.1719 0.5425 2.2877
-0.0809 0.6537 2.6107
0.0108 0.6648 2.7107
0.1022 0.7499 3.0472
0.1239 1.0485 3.3327
0.1319 1.1683 3.4516
0.1394 1.2867 3.6712
0.2013 1.3051 3.8444
0.2499 1.3419 3.8913
0.3452 1.4180 3.9137
0.3765 1.5906 3.8806
0.3613 1.6857 3.8482
0.2745 1.8713 3.7629
0.0963 2.0465 3.7007
-0.0137 2.1257 3.6948
-0.2295 2.2292 3.7316
-0.4279 2.2805 3.7892
-0.4745 2.2805 3.7935
-0.4952 2.0506 3.7792
-0.4987 1.8601 3.7509
-0.5198 1.4241 3.6153
-0.5878 1.0035 3.3966
-0.6555 0.7579 3.0922
-0.6401 0.6798 2.9061
-0.5089 0.6697 2.4397
-0.4159 0.7094 2.1568
-0.2282 0.8453 1.6345
-0.0634 0.9365 1.3026
0.0303 0.9237 1.1673
0.0643 0.8797 1.1533
0.1163 0.7163 1.1905
0.1367 0.6331 1.2343
0.1831 0.4095 1.3342
0.2231 0.2184 1.3925
0.2318 0.1726 1.3932
0.2404 0.1345 1.3962
0.2956 0.2145 1.3899
0.3338 0.2310 1.4094
0.4157 0.3694 1.4705
0.4387 0.5908 1.5310
0.4091 0.7155 1.5577
0.3231 0.9712 1.5913
0.2569 1.1601 1.5402
0.2101 1.2064 1.4832
0.0640 1.1287 1.3206
-0.0815 0.9692 1.1426
-0.1263 0.8820 1.0581
-0.1669 0.7229 0.9016
-0.1574 0.6347 0.7672
-0.1258 0.6022 0.7235
-0.0169 0.5279 0.6333
0.0425 0.4727 0.5760
0.0991 0.3575 0.4166
0.0510 0.2411 0.2245
0.0049 0.2093 0.1327
-0.1397 0.2263 -0.0781
-0.3187 0.3027 -0.2251
-0.3953 0.3484 -0.2511
-0.3655 0.4394 -0.2485
-0.1667 0.5918 -0.1657
-0.0365 0.6651 -0.0777
0.2018 0.6976 0.0029
0.2171 0.6867 0.0567
0.0868 0.6727 0.0811
-0.4114 0.6186 0.1346
-1.0904 0.4356 0.1588
-1.3688 0.3637 0.1509
-1.5274 0.2218 0.1656
-1.0133 0.1346 0.1872
-0.6090 0.1546 0.1892
0.1039 0.1446 0.2259
0.3461 0.0282 0.2717
0.2914 -0.0458 0.2857
0.0490 -0.1485 0.3020
-0.0991 -0.1493 0.3394
-0.0969 -0.1138 0.3724
-0.0332 -0.0831 0.4599
-0.0365 -0.0413 0.5510
-0.0939 -0.0171 0.5841
-0.2222 0.0335 0.6190
-0.2200 0.1189 0.6540
-0.1629 0.1794 0.6660
0.0046 0.3282 0.6768
0.0745 0.3739 0.6800
0.1288 0.4568 0.7124
0.1370 0.5234 0.7664
0.1412 0.5609 0.7953
0.1226 0.6115 0.8447
0.0866 0.6701 0.9075
0.0814 0.7087 0.9596
0.1556 0.7826 1.0743
0.2584 0.7992 1.1795
0.2691 0.7905 1.2291
0.1578 0.6971 1.2913
-0.1261 0.2770 1.2944
-0.2487 0.0587 1.2895
-0.2336 -0.2051 1.2737
0.1599 -0.1255 1.2682
0.4537 0.0629 1.2813
1.0457 0.5320 1.3673
1.3371 0.8134 1.4790
1.2780 0.8379 1.5267
0.7444 0.5976 1.5803
-0.0085 0.1578 1.6388
-0.3115 -0.1178 1.6443
-0.5984 -0.3623 1.6641
-0.3837 -0.2465 1.6500
-0.1478 -0.1162 1.6266
0.3389 0.1358 1.5544
0.5951 0.1888 1.4692
0.6201 0.1863 1.4240
0.5556 0.2373 1.3077
0.5267 0.2749 1.2445
0.5053 0.3751 1.0883
0.4447 0.4418 0.9264
0.3798 0.4230 0.8540
0.2604 0.3467 0.7073
0.2248 0.2595 0.5592
0.2336 0.1892 0.4877
0.3059 0.1236 0.3394
0.4512 0.1248 0.1736
0.5242 0.1063 0.0921
0.6123 -0.0375 -0.1023
0.5634 -0.3233 -0.3616
0.4770 -0.4911 -0.4999
0.1974 -0.8247 -0.7883
-0.0988 -1.0882 -1.0888
-0.2238 -1.1571 -1.2263
-0.4246 -1.1404 -1.4147
-0.4469 -0.8600 -1.5161
-0.3744 -0.6982 -1.5495
-0.1756 -0.5596 -1.5590
-0.1367 -0.5666 -1.5224
-0.2103 -0.5792 -1.4916
-0.3782 -0.6106 -1.4333
-0.3966 -0.6785 -1.4271
-0.2932 -0.9121 -1.4471
-0.1205 -1.0203 -1.4841
-0.0647 -0.9695 -1.4918
-0.0433 -0.7136 -1.4419
-0.0141 -0.4186 -1.3704
0.0097 -0.3006 -1.3174
0.0397 -0.1762 -1.1852
-0.0232 -0.0931 -1.0915
-0.0985 0.0009 -1.0468
-0.2773 0.3460 -0.9746
-0.3959 0.6303 -0.8940
-0.4176 0.7134 -0.8475
-0.3849 0.6036 -0.7813
-0.3205 0.4636 -0.7319
-0.2820 0.4212 -0.7264
-0.1766 0.3266 -0.6855
-0.0340 0.1288 -0.5407
0.0309 0.0007 -0.4501
0.1185 -0.3013 -0.2584
0.1746 -0.5291 -0.0605
0.2014 -0.5591 0.0355
0.2172 -0.4182 0.2339
0.1437 -0.0036 0.4622
0.0691 0.2527 0.5863
-0.1483 0.6945 0.8262
-0.2697 0.8391 0.9414
-0.4812 0.9017 1.1460
-0.7323 0.6460 1.3025
-1.0448 0.2773 1.4112
-1.1687 0.1652 1.4505
-1.2265 0.0455 1.5074
-0.8581 0.0452 1.5511
-0.5107 0.1087 1.5569
0.2927 0.4182 1.5522
0.8128 0.7074 1.5392
0.8448 0.8197 1.5475
0.4327 0.9196 1.6286
0.0708 0.9004 1.6937
-0.6485 0.7331 1.8112
-1.0598 0.5178 1.8755
-1.0809 0.3570 1.8883
-0.7158 0.0765 1.8905
-0.0586 -0.0899 1.7738
0.2616 -0.1345 1.6852
0.6770 -0.1290 1.4961
0.7547 0.0096 1.3426
0.7227 0.1274 1.2834
0.6302 0.3500 1.1702
0.4779 0.5073 0.9245
0.4012 0.5299 0.7566
0.3725 0.4799 0.6724
0.3163 0.3653 0.4946
0.3062 0.2546 0.2687
0.3803 0.1962 0.0845
0.4515 0.1308 -0.0067
0.5926 -0.0280 -0.2020
0.6332 -0.1386 -0.3127
0.6034 -0.4132 -0.5471
0.4444 -0.6951 -0.7832
0.1949 -1.0232 -1.0186
0.0504 -1.1918 -1.1075
-0.1961 -1.4798 -1.2271
-0.2662 -1.6297 -1.2721
-0.3764 -2.1594 -1.3401
-0.6973 -2.5380 -1.4198
-0.9179 -2.4722 -1.4396
-1.2436 -1.9424 -1.4288
-1.1167 -1.3424 -1.3993
-0.8424 -1.1766 -1.3806
-0.1056 -0.9552 -1.3929
0.3046 -0.7664 -1.3482
0.2973 -0.5825 -1.2544
-0.0488 -0.1814 -0.9983
-0.5872 0.2974 -0.7004
-0.8318 0.5251 -0.5436
-1.2060 0.8219 -0.2173
-1.5044 0.9360 0.0510
-1.6215 0.8796 0.0978
-1.6501 0.8822 0.1053
-1.2700 0.9151 0.0389
-0.9578 0.9162 0.0125
-0.2817 0.7594 -0.0022
-0.0341 0.6515 0.0081
0.1689 0.3954 0.0227
0.1447 0.1398 0.1172
0.1238 0.0079 0.1814
0.0806 -0.1716 0.3297
0.0771 -0.1259 0.4873
0.0793 -0.0164 0.5589
0.0954 0.3222 0.7227
0.1094 0.6969 0.9335
0.1105 0.8504 1.0492
0.0682 1.0864 1.2586
-0.0456 1.3142 1.4476
-0.1247 1.4265 1.5589
-0.3492 1.6165 1.8567
-0.5869 1.6285 2.1681
-0.6657 1.5266 2.2488
-0.8079 1.1309 2.2548
-0.8551 0.6910 2.1240
-0.8550 0.5235 2.0728
-0.8508 0.3479 2.0409
-0.7930 0.3626 2.0626
-0.7244 0.4005 2.0933
-0.4455 0.5677 2.2129
-0.2387 0.6383 2.2946
0.0776 0.7602 2.4646
0.0765 0.6971 2.6599
-0.5123 0.7680 2.6674
-0.8487 0.8956 2.6147
-1.1806 1.0818 2.5275
-0.9499 0.9959 2.3633
-0.7155 0.9266 2.2677
-0.2855 0.7580 2.0594
-0.0306 0.6282 1.8471
0.0173 0.5301 1.7282
0.0099 0.2005 1.5259
-0.0217 0.0360 1.4235
-0.1200 -0.1974 1.2636
-0.2507 -0.2362 1.1497
-0.2796 -0.1802 1.0552
-0.2356 -0.3064 0.8993
-0.1289 -0.3813 0.7160
-0.0606 -0.3504 0.6138
-0.0454 -0.3147 0.4761
0.0079 -0.2064 0.3406
0.0779 -0.1574 0.2586
0.2531 -0.1396 0.1026
0.3540 -0.2600 -0.0762
0.3508 -0.3637 -0.1655
0.3391 -0.6240 -0.3464
0.3759 -0.8203 -0.5556
0.3900 -0.8765 -0.6320
0.3602 -0.9451 -0.7459
0.3192 -0.9302 -0.8195
0.1795 -0.8778 -0.8654
-0.0161 -0.8215 -0.8260
-0.0940 -0.6893 -0.8320
-0.0068 -0.6504 -0.8252
0.3838 -0.7852 -0.7811
0.6259 -0.8959 -0.7477
0.9782 -1.0402 -0.7097
0.9556 -0.8916 -0.6882
0.7798 -0.6768 -0.5922
0.1403 0.0410 -0.2494
-0.4418 0.7721 0.2047
-0.5717 1.0598 0.6429
-0.5237 1.1008 0.7910
-0.4251 1.0417 1.0167
-0.4180 0.9962 1.1265
-0.4465 0.9426 1.3736
-0.4633 0.9132 1.6871
-0.4743 0.8578 1.8372
-0.5135 0.7167 2.0881
-0.5999 0.4513 2.2409
-0.6781 0.2668 2.2908
-0.8051 -0.0635 2.4041
-0.7478 -0.2250 2.4793
-0.6592 -0.2396 2.4930
-0.3603 -0.2002 2.4896
-0.0595 -0.0300 2.4456
0.0097 0.0245 2.4214
-0.0384 0.0150 2.3798
-0.1579 0.0389 2.3409
-0.1736 0.1141 2.3122
-0.0870 0.3238 2.2838
-0.0077 0.4536 2.2758
0.0951 0.6180 2.2587
0.1359 0.7219 2.2553
0.1648 0.7582 2.2531
0.2025 0.8137 2.2138
0.1094 0.8401 2.1255
0.0189 0.8110 2.0714
-0.2341 0.6873 1.9588
-0.6420 0.5543 1.8708
-0.8206 0.4596 1.8514
-0.8238 0.1719 1.8266
-0.3041 -0.0828 1.7530
0.0224 -0.1470 1.6867
0.5924 -0.1931 1.5703
0.8000 -0.1450 1.4490
0.7524 -0.1303 1.3750
0.5622 -0.2576 1.1679
0.6061 -0.2468 0.8903
0.7626 -0.1859 0.7536
1.0948 -0.0636 0.4922
1.3328 0.0638 0.3076
1.3557 0.1466 0.2482
1.2427 0.2852 0.2889
1.1013 0.3178 0.4952
1.1086 0.3641 0.5338
1.3124 0.5168 0.4517
1.4779 0.5869 0.3885
1.8514 0.6603 0.3102
2.1491 0.5736 0.2417
2.1098 0.4381 0.2170
2.0162 0.4342 0.2044
1.6049 0.6260 0.1353
1.3409 0.6407 0.1753
1.0058 0.6515 0.2209
1.1269 0.5787 0.4246
1.2164 0.4838 0.4675
1.2021 0.2330 0.1451
0.9195 0.1998 -0.1616
0.7399 0.2038 -0.2464
0.4795 0.0477 -0.3105
0.3161 -0.1707 -0.3025
0.2539 -0.1491 -0.2570
0.1353 -0.0351 -0.1767
0.1009 0.0165 -0.1189
0.1307 0.0108 -0.1021
0.1575 -0.1043 -0.0737
0.0631 -0.1807 -0.0281
-0.0029 -0.1646 -0.0111
-0.0344 -0.1161 0.0056
0.1037 -0.1253 0.0369
0.1983 -0.1286 0.0520
0.3014 -0.0680 0.0752
0.2947 -0.0237 0.0876
0.2085 0.0550 0.0974
0.1670 0.1020 0.1111
0.2501 0.1051 0.1392
0.3041 0.1293 0.1494
0.3634 0.2035 0.1752
0.3596 0.2281 0.1777
0.3104 0.2629 0.1626
0.2615 0.2278 0.1491
0.2293 0.2134 0.1415
0.2070 0.2198 0.1397
0.1740 0.2216 0.1254
0.1580 0.2200 0.1007
0.1291 0.2033 0.0632
0.0587 0.1275 0.0214
0.0031 0.0842 0.0109
-0.0619 0.0298 -0.0133
-0.0340 -0.0074 -0.0236
-0.0099 0.0012 -0.0232
0.0161 0.0448 -0.0158
0.0221 0.0640 -0.0051
0.0299 0.0484 -0.0083
0.0223 0.0015 -0.0144
0.0014 -0.0158 -0.0059
0.0150 -0.0162 -0.0013
0.0819 -0.0113 0.0147
0.1044 -0.0248 0.0266
0.0887 -0.0428 0.0314
0.0508 -0.0637 0.0384
0.0348 -0.0552 0.0277
0.0349 -0.0518 0.0230
0.0528 -0.0558 0.0225
0.0691 -0.0521 0.0245
0.0875 -0.0497 0.0173
0.0690 -0.0347 0.0017
0.0425 -0.0253 -0.0123
0.0421 -0.0184 -0.0144
0.0618 -0.0213 -0.0224
0.0798 -0.0155 -0.0239
0.1364 0.0027 -0.0134
0.1514 0.0101 -0.0237
0.1343 0.0107 -0.0255
0.0955 -0.0219 -0.0303
0.0878 -0.0508 -0.0253
0.1055 -0.0590 -0.0206
0.1575 -0.0386 -0.0121
0.1458 -0.0031 -0.0019
0.1277 0.0040 0.0055
0.0889 0.0022 0.0104
0.0943 -0.0206 0.0090
0.0963 -0.0396 0.0038
0.0949 -0.0470 -0.0050
0.0824 -0.0429 -0.0069
0.0775 -0.0482 -0.0116
0.0930 -0.0614 -0.0214
0.1086 -0.0696 -0.0260
0.1102 -0.0605 -0.0333
0.1151 -0.0631 -0.0266
0.1161 -0.0799 -0.0178
0.1108 -0.0789 -0.0181
0.1201 -0.0582 -0.0172
0.1416 -0.0501 -0.0145
0.1624 -0.0177 -0.0053
0.1435 -0.0080 -0.0058
0.1269 -0.0152 -0.0078
0.1146 -0.0467 -0.0038
0.1193 -0.0845 -0.0002
0.1254 -0.0856 -0.0020
0.1174 -0.0412 -0.0002
0.0932 0.0269 0.0003
0.0766 0.0480 -0.0005
0.0550 0.0445 -0.0060
0.0510 -0.0079 -0.0057
0.0602 -0.0240 -0.0026
0.0887 -0.0278 0.0027
0.1093 0.0035 0.0080
0.1078 0.0272 0.0155
0.0865 0.0485 0.0335
0.0886 0.0384 0.0376
0.0930 0.0285 0.0377
0.0796 0.0077 0.0440
0.0713 -0.0120 0.0376
0.0786 -0.0192 0.0341
0.0981 -0.0017 0.0458
0.1150 0.0207 0.0527
0.1144 0.0562 0.0497
0.0859 0.0446 0.0461
0.0655 0.0179 0.0433
0.0685 0.0005 0.0362
0.0826 -0.0064 0.0304
0.0797 0.0074 0.0310
0.0666 0.0428 0.0326
0.0790 0.0607 0.0298
0.0861 0.0577 0.0223
0.0722 0.0301 0.0190
0.0501 0.0006 0.0162
0.0367 -0.0113 0.0163
0.0290 -0.0091 0.0140
0.0362 0.0216 0.0219
0.0390 0.0257 0.0281
0.0308 0.0285 0.0316
0.0231 0.0277 0.0314
0.0183 0.0221 0.0264
0.0274 -0.0281 0.0269
0.0446 -0.0288 0.0114
0.0400 -0.0112 0.0138
0.0190 0.0099 0.0123
0.0205 0.0172 0.0161
0.0244 0.0158 0.0150
0.0119 -0.0006 0.0001
0.0077 -0.0053 0.0001
0.0087 -0.0155 0.0025
0.0062 -0.0028 0.0074
0.0076 0.0133 0.0142
0.0116 0.0139 0.0149
0.0324 0.0031 0.0122
0.0413 -0.0066 0.0116
0.0297 -0.0059 0.0017
0.0125 0.0016 0.0076
0.0113 -0.0041 0.0072
0.0233 -0.0079 0.0125
0.0227 0.0229 0.0078
0.0124 0.0241 0.0090
0.0207 0.0136 0.0069
0.0334 0.0171 0.0030
0.0247 0.0250 0.0041
0.0042 0.0332 0.0048
-0.0002 0.0098 0.0067
0.0036 -0.0078 0.0024
0.0116 -0.0278 -0.0065
0.0094 -0.0256 -0.0179
0.0034 -0.0204 -0.0178
0.0077 0.0213 -0.0158
0.0218 0.0228 -0.0144
0.0197 0.0088 -0.0144
0.0091 -0.0589 -0.0105
0.0119 -0.0361 -0.0038
0.0002 -0.0068 0.0023
-0.0150 0.0273 0.0030
-0.0148 0.0441 0.0116
-0.0126 0.1210 0.0150
0.0510 0.0992 0.0324
0.0601 -0.0108 0.0369
0.0183 -0.0278 0.0162
-0.0479 0.0236 -0.0125
-0.0337 0.0325 -0.0180
0.0250 0.0544 -0.0232
0.0039 0.0361 -0.0255
-0.0184 0.0256 -0.0269
-0.0264 0.0117 -0.0329
0.0046 -0.0111 -0.0265
0.0158 -0.0198 -0.0257
0.0194 -0.0003 -0.0213
0.0010 0.0179 -0.0112
-0.0136 0.0311 -0.0073
-0.0313 0.0332 0.0002
-0.0139 0.0186 0.0003
-0.0003 0.0097 -0.0028
0.0095 -0.0159 -0.0166
0.0193 -0.0164 -0.0153
0.0234 -0.0088 -0.0192
0.0024 0.0007 -0.0227
-0.0101 0.0039 -0.0072
-0.0067 0.0083 -0.0026
0.0011 0.0032 0.0084
-0.0034 -0.0054 0.0013
-0.0037 -0.0006 -0.0018
-0.0005 0.0019 -0.0088
0.0005 -0.0009 -0.0060
-0.0022 0.0121 -0.0005
0.0095 0.0266 0.0062
0.0060 0.0232 0.0074
-0.0025 0.0103 0.0073
-0.0251 -0.0112 -0.0001
-0.0359 -0.0141 -0.0007
-0.0333 -0.0086 0.0098
-0.0202 0.0022 0.0147
-0.0296 0.0000 0.0142
-0.0358 -0.0024 0.0134
-0.0291 0.0021 0.0126
-0.0186 0.0004 0.0134
-0.0122 0.0133 0.0164
-0.0141 -0.0031 0.0225
-0.0138 -0.0048 0.0233
-0.0238 0.0147 0.0192
-0.0458 0.0194 0.0208
-0.0522 0.0202 0.0229
-0.0382 0.0175 0.0257
-0.0442 -0.0079 0.0206
-0.0517 -0.0258 0.0175
-0.0318 -0.0369 0.0072
0.0139 0.0084 -0.0005
0.0391 0.0264 0.0033
0.0525 0.0377 -0.0070
0.0417 0.0253 -0.0111
0.0411 0.0234 -0.0088
0.0288 0.0103 -0.0082
0.0165 -0.0018 -0.0088
0.0110 -0.0078 -0.0005
0.0124 -0.0014 0.0007
0.0202 0.0195 0.0011
0.0317 0.0550 0.0201
0.0334 0.0527 0.0224
0.0232 0.0411 0.0168
0.0110 0.0130 0.0093
0.0410 0.0356 0.0003
0.0667 0.1102 -0.0068
0.1095 0.0173 -0.0627
-0.0157 -0.0480 0.0312
-0.0163 -0.0231 0.0224
0.0762 -0.0196 0.0243
0.1394 0.0669 -0.0203

