0.0000 0.0000 0.0000
0.0000 0.0000 0.0000
0.0000 0.0000 0.0000
0.0000 0.0000 0.0000
0.0000 0.0000 0.0000
0.0000 0.0000 0.0000
0.0000 0.0000 0.0000
0.0000 0.0000 0.0000
0.0000 0.0000 0.0000
0.0000 0.0000 0.0000
0.0000 0.0000 0.0000
0.0061 0.0688 0.0190
0.0046 0.0572 0.0167
-0.0014 0.0375 0.0083
-0.0042 0.0020 0.0065
0.0018 -0.0043 0.0089
0.0099 0.0023 0.0143
0.0273 0.0149 0.0110
0.0337 0.0219 0.0116
0.0347 0.0096 0.0118
0.0082 0.0058 0.0112
0.0036 0.0053 0.0146
0.0189 0.0141 0.0200
0.0306 0.0423 0.0201
0.0250 0.0531 0.0190
0.0308 0.0412 0.0163
0.0260 0.0199 0.0212
0.0175 0.0043 0.0202
0.0110 -0.0044 0.0128
0.0102 -0.0123 -0.0010
0.0150 -0.0050 -0.0111
0.0167 0.0106 -0.0296
-0.0014 0.0637 -0.0288
-0.0067 0.0798 -0.0263
-0.0020 0.0743 -0.0136
0.0002 0.0254 -0.0152
0.0007 -0.0006 -0.0275
0.0088 -0.0165 -0.0476
0.0180 -0.0124 -0.0496
0.0126 0.0118 -0.0401
0.0272 0.0065 -0.0324
0.0376 0.0001 -0.0348
0.0472 -0.0115 -0.0476
0.0401 -0.0102 -0.0560
0.0382 -0.0161 -0.0489
0.0424 -0.0357 -0.0413
0.0383 -0.0106 -0.0456
0.0347 0.0156 -0.0487
0.0351 0.0587 -0.0437
0.0498 0.0671 -0.0249
0.0497 0.0650 -0.0144
0.0329 0.0419 -0.0044
0.0413 0.0211 -0.0035
0.0515 0.0074 0.0004
0.0570 0.0056 0.0079
0.0430 0.0170 0.0288
0.0328 0.0189 0.0416
0.0130 0.0226 0.0514
0.0022 0.0314 0.0341
0.0110 0.0354 0.0220
0.0297 0.0349 -0.0026
0.0211 0.0422 -0.0221
0.0167 0.0296 -0.0272
0.0244 0.0071 -0.0289
0.0212 0.0008 -0.0214
0.0108 0.0023 -0.0312
0.0179 0.0206 -0.0441
0.0292 0.0157 -0.0487
0.0449 0.0084 -0.0609
0.0508 -0.0155 -0.0630
0.0522 -0.0242 -0.0559
0.0492 -0.0287 -0.0414
0.0340 -0.0116 -0.0248
0.0266 -0.0001 -0.0143
-0.0020 0.0212 0.0074
-0.0181 0.0282 0.0113
-0.0121 0.0304 0.0107
0.0041 0.0458 0.0089
0.0112 0.0484 0.0008
0.0135 0.0432 0.0017
-0.0015 0.0260 0.0092
-0.0012 -0.0076 0.0081
0.0040 -0.0234 0.0058
0.0143 -0.0209 -0.0050
0.0151 0.0288 -0.0075
0.0212 0.0582 0.0008
0.0284 0.0653 0.0262
0.0365 -0.0010 0.0281
0.0321 -0.0316 0.0251
0.0156 -0.0505 0.0183
0.0094 -0.0131 0.0247
0.0156 0.0133 0.0342
0.0230 0.0374 0.0491
0.0205 0.0213 0.0422
0.0179 -0.0008 0.0285
0.0042 -0.0150 0.0159
-0.0021 -0.0108 0.0103
-0.0076 0.0140 0.0181
0.0049 0.0042 0.0182
0.0036 0.0066 0.0194
-0.0143 0.0184 0.0114
-0.0302 0.0273 0.0113
-0.0264 0.0253 0.0164
-0.0240 0.0235 0.0167
-0.0107 0.0228 0.0010
0.0011 0.0209 -0.0105
0.0072 0.0199 -0.0080
-0.0065 -0.0042 0.0048
-0.0097 -0.0128 0.0110
-0.0102 -0.0146 0.0189
0.0018 -0.0012 0.0165
0.0108 0.0071 0.0098
0.0119 0.0131 0.0103
-0.0180 0.0132 0.0194
-0.0313 0.0066 0.0193
-0.0258 0.0005 0.0074
-0.0101 0.0225 -0.0056
-0.0043 0.0294 -0.0166
0.0091 0.0243 -0.0258
0.0083 0.0089 -0.0215
0.0056 0.0000 -0.0199
-0.0084 -0.0088 -0.0232
-0.0082 -0.0145 -0.0266
0.0039 -0.0034 -0.0326
0.0088 0.0233 -0.0188
0.0046 0.0372 -0.0104
-0.0018 0.0332 0.0003
-0.0128 -0.0061 0.0143
-0.0153 -0.0286 0.0164
-0.0149 -0.0307 0.0079
-0.0032 0.0006 0.0133
0.0098 0.0102 0.0106
0.0163 0.0007 0.0133
-0.0152 -0.0060 0.0133
-0.0303 -0.0005 0.0096
-0.0154 0.0193 0.0200
0.0188 0.0203 0.0270
0.0254 0.0071 0.0299
0.0187 -0.0283 0.0150
0.0159 -0.0370 0.0151
0.0161 -0.0257 0.0204
0.0219 0.0045 0.0411
0.0302 -0.0070 0.0437
0.0314 -0.0126 0.0383
0.0212 -0.0161 0.0285
0.0165 0.0164 0.0379
0.0205 0.0258 0.0523
0.0170 0.0251 0.0733
0.0004 0.0003 0.0690
-0.0035 -0.0036 0.0585
0.0016 0.0084 0.0480
0.0047 0.0160 0.0523
0.0081 0.0262 0.0618
-0.0088 0.0189 0.0825
-0.0142 0.0120 0.0820
-0.0185 0.0116 0.0647
-0.0143 0.0408 0.0411
-0.0001 0.0508 0.0362
0.0270 0.0363 0.0317
-0.0014 -0.0140 0.0254
-0.0190 -0.0270 0.0197
-0.0283 -0.0214 0.0209
-0.0007 0.0041 0.0282
0.0088 0.0159 0.0284
0.0053 0.0252 0.0175
-0.0021 -0.0028 0.0071
-0.0004 -0.0201 0.0011
0.0051 -0.0256 -0.0035
0.0100 -0.0039 0.0007
0.0105 0.0140 0.0060
0.0080 0.0212 0.0200
-0.0089 0.0152 0.0292
-0.0045 0.0049 0.0200
0.0163 -0.0051 -0.0021
0.0229 -0.0059 -0.0054
0.0258 -0.0119 -0.0034
0.0093 -0.0138 0.0234
-0.0176 -0.0067 0.0401
-0.0317 0.0184 0.0413
-0.0255 0.0441 0.0395
-0.0078 0.0454 0.0335
0.0127 0.0328 0.0259
0.0065 0.0250 0.0125
-0.0009 0.0129 0.0146
0.0080 -0.0457 0.0146
0.0130 -0.0541 0.0110
0.0077 -0.0401 0.0065
-0.0046 0.0318 0.0146
-0.0062 0.0619 0.0334
0.0038 0.0490 0.0344
0.0173 -0.0055 0.0193
0.0139 -0.0445 -0.0116
0.0176 -0.0462 -0.0195
0.0271 -0.0124 -0.0078
0.0250 0.0282 0.0130
0.0257 0.0366 0.0154
0.0325 0.0120 0.0019
0.0246 -0.0088 -0.0167
0.0243 -0.0126 -0.0215
0.0381 -0.0133 -0.0204
0.0522 -0.0124 -0.0090
0.0469 -0.0063 -0.0042
0.0190 0.0077 0.0061
-0.0025 0.0177 0.0251
-0.0075 0.0204 0.0309
-0.0013 0.0308 0.0268
0.0163 0.0375 0.0174
0.0258 0.0390 0.0127
0.0208 0.0317 0.0036
0.0067 0.0297 0.0086
0.0009 0.0163 0.0198
0.0145 0.0096 0.0265
0.0177 0.0136 0.0158
0.0157 0.0060 -0.0080
0.0070 -0.0025 -0.0121
0.0043 -0.0023 -0.0071
0.0143 0.0115 -0.0085
0.0177 0.0287 -0.0112
0.0273 0.0296 -0.0182
0.0364 0.0156 -0.0262
0.0282 0.0068 -0.0211
0.0202 0.0036 -0.0165
0.0206 -0.0047 -0.0151
0.0323 0.0046 -0.0194
0.0347 0.0177 -0.0181
0.0398 0.0344 -0.0162
0.0368 0.0362 -0.0075
0.0301 0.0274 -0.0074
0.0198 0.0202 -0.0041
0.0266 0.0336 0.0016
0.0321 0.0310 0.0041
0.0421 0.0253 0.0012
0.0327 0.0111 0.0086
0.0222 0.0046 0.0065
0.0182 0.0008 0.0080
0.0250 0.0121 0.0167
0.0366 0.0163 0.0251
0.0455 -0.0031 0.0169
0.0434 -0.0108 0.0108
0.0257 0.0068 -0.0011
0.0166 0.0467 0.0080
0.0241 0.0531 0.0161
0.0246 0.0322 0.0435
0.0125 -0.0157 0.0303
0.0090 -0.0197 0.0232
0.0170 -0.0055 0.0050
0.0345 0.0166 0.0035
0.0398 0.0156 0.0044
0.0492 -0.0076 -0.0062
0.0428 -0.0219 -0.0092
0.0392 -0.0243 -0.0099
0.0332 -0.0202 -0.0090
0.0227 -0.0012 0.0088
0.0224 0.0069 0.0153
0.0100 0.0203 0.0189
0.0017 0.0387 0.0200
0.0043 0.0486 0.0168
0.0167 0.0329 0.0123
0.0214 0.0020 0.0151
0.0158 -0.0005 0.0123
0.0152 0.0040 0.0189
0.0253 0.0184 0.0209
0.0308 0.0206 0.0182
0.0233 0.0059 0.0178
0.0167 0.0003 0.0124
0.0191 -0.0056 0.0070
0.0388 -0.0101 0.0020
0.0455 -0.0080 -0.0011
0.0557 -0.0085 -0.0105
0.0433 -0.0334 -0.0043
0.0307 -0.0408 0.0073
0.0109 -0.0376 0.0208
0.0122 0.0012 0.0181
0.0215 0.0196 0.0147
0.0415 0.0298 -0.0002
0.0287 0.0208 0.0028
0.0187 0.0136 0.0026
0.0171 0.0144 -0.0007
0.0271 0.0121 -0.0088
0.0279 0.0116 -0.0080
0.0194 0.0145 0.0071
0.0045 0.0020 0.0186
-0.0021 -0.0047 0.0167
-0.0136 -0.0151 0.0118
-0.0121 -0.0062 0.0035
-0.0193 0.0010 0.0063
-0.0303 0.0168 -0.0054
-0.0265 0.0274 -0.0133
-0.0159 0.0228 -0.0207
-0.0098 0.0113 -0.0398
-0.0098 -0.0040 -0.0550
-0.0098 -0.0057 -0.0510
-0.0051 0.0108 -0.0387
-0.0036 0.0247 -0.0308
0.0007 0.0212 -0.0212
0.0061 0.0075 -0.0277
0.0118 0.0074 -0.0335
0.0190 0.0105 -0.0398
0.0242 0.0178 -0.0206
0.0247 0.0064 -0.0097
0.0186 -0.0140 0.0062
0.0080 -0.0133 0.0121
0.0041 -0.0007 0.0154
0.0100 0.0176 0.0224
0.0181 0.0187 0.0214
0.0226 0.0165 0.0133
0.0259 0.0198 -0.0037
0.0115 0.0306 0.0036
0.0039 0.0314 0.0133
0.0154 0.0321 0.0297
0.0237 0.0392 0.0411
0.0262 0.0351 0.0387
0.0255 0.0197 0.0355
0.0186 0.0053 0.0494
0.0136 0.0032 0.0562
0.0049 0.0120 0.0558
0.0030 0.0299 0.0492
0.0132 0.0342 0.0414
0.0145 0.0364 0.0390
0.0144 0.0256 0.0386
0.0048 0.0001 0.0370
-0.0004 -0.0123 0.0296
-0.0014 -0.0039 0.0239
0.0122 0.0097 0.0134
0.0119 0.0216 0.0072
0.0064 0.0173 0.0082
-0.0113 0.0042 0.0170
-0.0082 -0.0077 0.0144
-0.0022 -0.0115 0.0120
0.0188 -0.0122 0.0011
0.0303 -0.0273 0.0012
0.0200 -0.0298 0.0108
-0.0021 -0.0214 0.0262
-0.0090 0.0010 0.0251
-0.0036 0.0152 0.0257
0.0111 0.0306 0.0204
0.0190 0.0268 0.0143
0.0151 0.0151 0.0106
0.0098 -0.0198 0.0065
0.0245 -0.0527 -0.0043
0.0282 -0.0490 -0.0052
0.0241 -0.0134 -0.0016
0.0077 0.0309 0.0192
-0.0001 0.0351 0.0295
-0.0014 0.0124 0.0341
-0.0127 -0.0008 0.0158
-0.0124 0.0003 0.0021
0.0018 0.0240 0.0008
0.0156 0.0312 0.0055
0.0188 0.0264 0.0086
0.0032 -0.0061 0.0032
-0.0039 -0.0180 -0.0034
-0.0214 -0.0066 -0.0005
-0.0177 0.0035 -0.0025
-0.0021 0.0026 -0.0061
0.0023 -0.0107 -0.0203
-0.0251 0.0027 -0.0375
-0.0303 0.0178 -0.0368
-0.0243 0.0419 -0.0173
-0.0194 0.0385 -0.0109
-0.0226 0.0370 -0.0114
-0.0155 0.0278 -0.0222
-0.0043 0.0212 -0.0241
-0.0005 0.0258 -0.0222
-0.0052 0.0623 -0.0010
-0.0017 0.0697 0.0245
0.0027 0.0674 0.0376
0.0101 0.0499 0.0547
0.0228 0.0102 0.0706
0.0234 -0.0018 0.0839
0.0260 0.0156 0.1041
0.0300 0.0779 0.1481
0.0376 0.1069 0.1733
0.0383 0.1080 0.2181
0.0337 0.0918 0.2268
0.0051 0.0340 0.2374
-0.0034 0.0024 0.2450
0.0012 -0.0312 0.2458
0.0046 -0.0547 0.2534
0.0106 -0.0359 0.2434
0.0181 0.0070 0.2296
0.0034 0.1322 0.2312
-0.0193 0.1873 0.2746
-0.0140 0.2066 0.3240
0.0178 0.1568 0.4501
0.0129 0.0838 0.5420
0.0044 0.0773 0.5735
0.0099 0.1295 0.6187
0.0644 0.1621 0.6567
0.0986 0.1507 0.6898
0.1456 0.1131 0.7677
0.1609 0.0908 0.8524
0.1695 0.0681 0.8956
0.1971 0.0508 0.9677
0.1994 0.0559 1.0344
0.1848 0.0698 1.0729
0.1474 0.1481 1.1596
0.1614 0.2508 1.2618
0.1802 0.2713 1.3072
0.1840 0.2879 1.3697
0.1424 0.3283 1.4027
0.1216 0.3597 1.4256
0.1414 0.4259 1.4962
0.1679 0.4469 1.5403
0.2387 0.4679 1.6286
0.2859 0.4548 1.7138
0.2990 0.4453 1.7529
0.3308 0.4514 1.8791
0.3871 0.4374 2.1328
0.3867 0.4217 2.2718
0.2783 0.4811 2.4651
0.1691 0.6925 2.4876
0.1399 0.7924 2.4629
0.1331 0.9206 2.3740
0.1596 0.9414 2.2961
0.1754 0.9360 2.2859
0.1927 0.9896 2.3353
0.0653 0.9805 2.3737
0.0097 0.8988 2.3212
0.0424 0.6111 2.0746
-0.1058 0.2199 2.0619
-0.1320 0.0078 2.0729
0.1852 0.1328 1.8235
0.0048 0.4153 1.7263
-0.1184 0.5301 1.7978
-0.0476 0.8556 1.9086
0.1155 1.2155 1.8398
0.1189 1.3838 1.7460
0.1312 1.6185 1.5445
0.1566 1.6817 1.4488
0.1238 1.7030 1.3713
0.0734 1.3667 1.3113
0.0583 1.2598 1.4791
-0.2964 0.6340 1.4908
-0.2261 0.5502 1.6670
-0.0932 0.6058 1.6077
0.2731 0.4209 1.5432
0.5465 -0.0015 1.1551
0.7774 -0.0389 1.2586
1.1294 0.2523 1.5743
1.4038 -0.2380 1.4622
1.5257 -0.4717 1.2711
1.4289 -0.9578 0.9907
0.8565 -0.9261 1.0370
0.4644 -0.5782 1.1340
-0.1109 0.0628 1.3007
-0.2424 0.2438 1.3461
-0.1508 0.2241 1.3889
0.2709 0.1077 1.5676
0.7415 -0.0963 1.7666
0.8967 -0.2149 1.7994
0.9681 -0.2977 1.7849
0.7660 -0.2549 1.7694
0.6391 -0.2269 1.7432
-0.1435 -0.2410 1.5325
-0.0028 0.2831 1.4664
0.4901 0.3711 1.4083
0.7826 0.4553 1.4032
0.7795 0.4637 1.3905
0.5435 0.5279 1.3607
0.3900 0.5789 1.3345
0.2074 0.5739 1.3989
0.2939 0.3996 1.4319
0.3553 0.3582 1.3732
0.1888 0.4493 1.2511
0.0278 0.6201 1.1610
0.0918 0.6413 1.1365
0.3300 0.5586 1.0773
0.4027 0.6750 1.0603
0.3480 0.7349 1.0210
0.2368 1.0361 0.8618
0.1525 1.1341 0.8144
0.1091 1.2270 0.8330
0.0909 1.2892 0.8312
0.0892 1.3568 0.8102
0.0580 1.4235 0.8019
-0.0871 1.6920 0.8001
-0.3191 1.8490 0.8903
-0.4276 1.9016 0.9261
-0.5653 1.9803 1.0683
-0.6361 1.6155 1.0609
-0.5943 1.6387 1.0213
-0.4030 1.7253 0.9470
-0.2495 1.5847 1.0067
-0.2010 1.4943 1.0487
-0.1516 1.3215 0.9964
-0.1516 1.1795 0.9190
-0.2361 0.8271 0.8307
-0.4075 0.5869 0.8478
-0.4670 0.5633 0.8466
-0.4132 0.2547 0.8481
-0.2666 -0.4163 0.7902
-0.2131 -0.6772 0.7419
-0.1983 -0.9991 0.6444
-0.2237 -0.9879 0.5669
-0.2261 -0.5724 0.5205
-0.0710 -0.2300 0.4317
0.1183 -0.1238 0.3037
0.2117 -0.0980 0.2396
0.3507 -0.1063 0.1227
0.4041 -0.0776 0.0784
0.4339 -0.0656 0.0643
0.5348 -0.1312 0.0522
0.6332 -0.2208 0.0392
0.7100 -0.1942 0.0521
0.8326 -0.3202 0.0016
0.7885 -0.5423 -0.0614
0.6633 -0.5931 -0.0640
0.3423 -0.5703 -0.0100
0.1931 -0.6561 -0.0077
0.2242 -0.7571 -0.0751
0.3294 -0.9037 -0.2391
0.3524 -0.8553 -0.3073
0.3399 -0.8561 -0.2908
0.2619 -0.9686 -0.2108
0.2341 -1.0275 -0.1855
0.2540 -1.1060 -0.1769
0.3667 -1.2108 -0.1440
0.4324 -1.2513 -0.1337
0.4919 -1.3358 -0.1154
0.4396 -1.3129 -0.1231
0.4185 -1.2264 -0.1326
0.3597 -1.1224 -0.1530
0.3592 -0.9706 -0.1218
0.3437 -0.9854 -0.0976
0.2364 -1.0077 -0.1191
-0.5797 -0.9796 -0.2760
-0.6920 -0.3566 -0.3188
-0.6706 -0.3740 -0.3255
-0.4011 -0.2130 -0.3660
-0.3173 -0.2047 -0.4154
-0.3411 0.0302 -0.5389
-0.4972 0.1358 -0.4529
-0.5631 0.1856 -0.4816
-0.4152 0.4024 -0.4855
-0.4071 0.4010 -0.4715
-0.5503 0.4500 -0.4772
-0.7261 0.5900 -0.5215
-0.7462 0.6559 -0.5394
-0.6584 0.6200 -0.5304
-0.5821 0.5705 -0.5028
-0.4303 0.5582 -0.4302
-0.3116 0.6488 -0.3762
-0.2404 0.7446 -0.3482
-0.1607 0.8095 -0.2768
-0.2241 0.7962 -0.2122
-0.2871 0.8005 -0.1756
-0.3930 0.8394 -0.0890
-0.4149 0.8259 -0.0012
-0.4233 0.8121 0.0552
-0.3013 0.7633 -0.0538
-0.0052 1.0570 -0.2915
0.0691 1.1516 -0.2183
0.0223 0.5823 0.2528
0.0419 0.4582 0.2848
0.0163 0.2771 0.2733
-0.1620 0.1622 0.2567
-0.1666 0.3947 0.3189
-0.1460 0.7135 0.3910
-0.1606 0.3696 0.3903
-0.1548 0.2255 0.4166
-0.1897 -0.1301 0.4196
-0.2342 -0.3389 0.3809
-0.2489 -0.3387 0.3665
-0.2805 -0.2294 0.2837
-0.2868 -0.0962 0.2101
-0.2739 -0.0344 0.1744
-0.2529 0.0762 0.1178
-0.2525 0.0749 0.0924
-0.2399 0.0719 0.0196
-0.2059 0.0185 -0.0279
-0.1892 -0.0127 -0.0263
-0.1302 -0.0138 0.0214
-0.0600 0.0380 -0.0326
-0.0271 0.0534 -0.0247
0.0250 0.0369 -0.0113
0.0407 0.0264 -0.0049
0.0470 0.0500 -0.0081
0.0149 0.0747 -0.0260
-0.0052 0.0450 -0.0256
0.0159 0.0376 -0.0331
0.0766 0.0040 -0.0764
0.0762 -0.0019 -0.0944
0.0443 0.0024 -0.1033
-0.0031 0.0564 -0.1130
-0.0262 0.0507 -0.1106
-0.0116 0.0375 -0.0888
0.0190 0.0519 -0.0618
0.0462 0.0941 -0.0434
0.0569 0.0993 -0.0216
0.0627 0.1029 0.0208
0.0282 0.1284 0.0589
0.0063 0.1393 0.0787
0.0094 0.1571 0.1053
0.0387 0.1245 0.1018
0.0516 0.1046 0.0910
0.0550 0.0787 0.0653
0.0558 0.0738 0.0574
0.0814 0.0695 0.0522
0.1004 0.0783 0.0483
0.0887 0.0941 0.0402
0.0609 0.0854 0.0316
0.0539 0.0257 0.0272
0.0527 -0.0009 0.0241
0.0356 -0.0060 0.0162
0.0262 0.0163 0.0057
0.0325 0.0248 -0.0009
0.0149 0.0064 -0.0129
0.0076 -0.0181 0.0011
0.0184 -0.0245 -0.0031
0.0346 -0.0339 -0.0337
0.0207 -0.0230 -0.0452
0.0206 -0.0099 -0.0400
0.0509 -0.0126 -0.0465
0.0598 -0.0193 -0.0499
0.0466 -0.0197 -0.0446
0.0282 0.0020 -0.0222
0.0269 0.0155 -0.0139
0.0371 0.0153 -0.0021
0.0545 -0.0074 -0.0050
0.0455 -0.0385 -0.0079
0.0422 -0.0368 -0.0030
0.0481 -0.0214 -0.0142
0.0491 -0.0064 -0.0163
0.0381 0.0026 -0.0175
0.0339 0.0180 -0.0090
0.0382 0.0222 -0.0015
0.0405 0.0216 0.0154
0.0174 -0.0006 0.0273
0.0036 -0.0201 0.0260
0.0067 -0.0338 0.0208
0.0233 0.0053 0.0255
0.0310 0.0305 0.0293
0.0269 0.0364 0.0347
-0.0042 -0.0005 0.0439
-0.0275 -0.0221 0.0434
-0.0309 -0.0400 0.0491
0.0111 -0.0317 0.0416
0.0416 -0.0194 0.0441
0.0787 -0.0002 0.0281
0.0604 -0.0096 0.0201
0.0379 -0.0211 0.0250
0.0079 -0.0256 0.0310
0.0238 0.0307 0.0292
0.0232 0.0416 0.0252
0.0076 0.0156 0.0331
-0.0074 -0.0120 0.0283
-0.0054 -0.0146 0.0200
-0.0098 -0.0172 0.0097
-0.0030 -0.0090 0.0027
0.0594 0.0065 0.0005
0.0899 0.0174 -0.0101
0.0848 0.0015 -0.0158
0.0597 -0.0033 -0.0154
0.0107 0.0000 -0.0065
0.0188 0.0353 -0.0048
0.0348 0.0569 0.0017
0.0552 0.0546 0.0175
0.0257 0.0289 0.0277
0.0047 0.0234 0.0379
0.0060 0.0115 0.0380

