0.0000 0.0000 0.0000
0.0000 0.0000 0.0000
0.0000 0.0000 0.0000
0.0000 0.0000 0.0000
0.0000 0.0000 0.0000
0.0000 0.0000 0.0000
0.0000 0.0000 0.0000
0.0000 0.0000 0.0000
0.0000 0.0000 0.0000
0.0000 0.0000 0.0000
0.0000 0.0000 0.0000
0.0000 0.0000 0.0000
-0.0560 -0.2879 -0.9182
-0.1074 -0.3094 -0.8758
-0.1467 -0.3017 -0.8278
-0.1844 -0.2854 -0.8177
-0.1972 -0.2780 -0.8627
-0.1972 -0.2780 -0.8627
-0.1887 -0.2695 -0.9074
-0.1737 -0.2779 -0.9098
-0.1362 -0.2983 -0.8976
-0.0917 -0.3127 -0.9294
-0.0917 -0.3127 -0.9294
-0.0616 -0.3091 -0.9590
-0.0405 -0.2915 -0.9733
-0.0205 -0.2896 -0.9847
0.0018 -0.2961 -0.9867
0.0180 -0.3059 -0.9614
0.0180 -0.3059 -0.9614
0.0338 -0.3128 -0.9551
0.0600 -0.3222 -0.9583
0.0741 -0.3392 -0.9466
0.0868 -0.3409 -0.9498
0.0912 -0.3254 -0.9558
0.0912 -0.3254 -0.9558
0.0799 -0.3045 -0.9490
0.0750 -0.2980 -0.9678
0.0708 -0.2845 -0.9830
0.0667 -0.2711 -0.9658
0.0618 -0.2858 -0.9194
0.0618 -0.2858 -0.9194
0.0608 -0.2954 -0.8860
0.0633 -0.2930 -0.8781
0.0741 -0.2865 -0.8854
0.0926 -0.2968 -0.9128
0.1172 -0.3186 -0.9384
0.1172 -0.3186 -0.9384
0.1327 -0.3315 -0.9421
0.1453 -0.3309 -0.9781
0.1539 -0.3241 -1.0249
0.1543 -0.3084 -1.0500
0.1543 -0.3084 -1.0500
0.1463 -0.3067 -1.0322
0.1542 -0.3393 -0.9905
0.1776 -0.3698 -0.9898
0.1984 -0.4011 -0.9843
0.1984 -0.4011 -0.9843
0.2137 -0.4283 -0.9767
0.2298 -0.4417 -0.9724
0.2382 -0.4421 -1.0108
0.2328 -0.4190 -1.0435
0.2192 -0.3871 -1.0103
0.2192 -0.3871 -1.0103
0.2035 -0.3957 -0.9440
0.2219 -0.4307 -0.9339
0.2256 -0.4386 -0.9520
0.2138 -0.4213 -0.9366
0.2139 -0.4218 -0.9194
0.2139 -0.4218 -0.9194
0.2120 -0.4382 -0.9024
0.2159 -0.4258 -0.8859
0.2097 -0.4178 -0.8699
0.1960 -0.4004 -0.8715
0.1743 -0.3726 -0.8628
0.1743 -0.3726 -0.8628
0.1470 -0.3700 -0.8640
0.1268 -0.3593 -0.8819
0.1282 -0.3369 -0.9086
0.1103 -0.3165 -0.9341
0.1103 -0.3165 -0.9341
0.0822 -0.3082 -0.8907
0.0531 -0.3269 -0.8338
0.0273 -0.3556 -0.7685
0.0225 -0.3805 -0.7420
0.0253 -0.4239 -0.7647
0.0253 -0.4239 -0.7647
0.0220 -0.4515 -0.8062
0.0180 -0.4435 -0.8311
-0.0096 -0.4352 -0.7899
-0.0181 -0.4478 -0.7660
-0.0280 -0.4630 -0.7417
-0.0280 -0.4630 -0.7417
-0.0324 -0.4868 -0.7214
-0.0367 -0.4905 -0.6991
-0.0472 -0.4815 -0.6872
-0.0525 -0.4820 -0.6843
-0.0765 -0.4600 -0.6695
-0.0765 -0.4600 -0.6695
-0.1100 -0.4535 -0.6557
-0.1375 -0.4633 -0.6720
-0.1506 -0.4675 -0.6792
-0.1720 -0.4801 -0.6488
-0.1720 -0.4801 -0.6488
-0.1517 -0.4935 -0.6160
-0.0883 -0.5352 -0.7030
-0.0252 -0.5476 -0.9097
0.0237 -0.5226 -1.0264
0.0500 -0.5419 -1.0728
0.0500 -0.5419 -1.0728
0.1029 -0.5678 -1.1285
0.1177 -0.5325 -1.1165
0.1179 -0.5264 -1.1335
0.0816 -0.4900 -1.1286
0.0331 -0.4486 -1.0754
0.0331 -0.4486 -1.0754
-0.0249 -0.4393 -0.9702
-0.0572 -0.4409 -0.8528
-0.0647 -0.4427 -0.7863
-0.0381 -0.4409 -0.8091
0.0062 -0.4332 -0.8590
0.0062 -0.4332 -0.8590
0.0465 -0.4303 -0.8891
0.0645 -0.4377 -0.8647
0.0628 -0.4456 -0.8324
0.0653 -0.4350 -0.8342
0.0530 -0.4248 -0.8311
0.0530 -0.4248 -0.8311
0.0398 -0.4121 -0.8063
0.0283 -0.4194 -0.7771
0.0224 -0.4277 -0.7658
0.0309 -0.4458 -0.7780
0.0309 -0.4458 -0.7780
0.0485 -0.4636 -0.7956
0.0626 -0.4553 -0.8262
0.0669 -0.4379 -0.8509
0.0577 -0.4560 -0.8661
0.0501 -0.4697 -0.8961
0.0501 -0.4697 -0.8961
0.0286 -0.4517 -0.9215
-0.0122 -0.4504 -0.9198
-0.0238 -0.4847 -0.9398
-0.0175 -0.5242 -0.9628
-0.0202 -0.5572 -0.9659
-0.0202 -0.5572 -0.9659
0.0035 -0.5698 -0.9652
0.0431 -0.6009 -0.9840
0.0668 -0.6098 -1.0116
0.0562 -0.5478 -1.0415
0.0150 -0.4807 -1.0006
0.0150 -0.4807 -1.0006
-0.0384 -0.4576 -0.9007
-0.0585 -0.4658 -0.8157
-0.0625 -0.4805 -0.7896
-0.0783 -0.4683 -0.8123
-0.0948 -0.4305 -0.8214
-0.0948 -0.4305 -0.8214
-0.1042 -0.4206 -0.8113
-0.0907 -0.4355 -0.8131
-0.0521 -0.4496 -0.8907
-0.0172 -0.4375 -0.9453
-0.0172 -0.4375 -0.9453
0.0114 -0.4342 -0.9605
0.0263 -0.4579 -0.9398
0.0522 -0.4800 -0.9173
0.0871 -0.4958 -0.8888
0.0935 -0.5267 -0.8423
0.0935 -0.5267 -0.8423
0.0988 -0.5507 -0.8238
0.1084 -0.5674 -0.8223
0.1053 -0.5741 -0.8301
0.0975 -0.5540 -0.8528
0.1097 -0.5166 -0.9083
0.1097 -0.5166 -0.9083
0.1442 -0.4948 -0.9693
0.1669 -0.4884 -0.9826
0.1705 -0.4476 -0.8694
0.1704 -0.3921 -0.7689
0.1768 -0.4014 -0.7699
0.1768 -0.4014 -0.7699
0.2024 -0.4185 -0.9128
0.1708 -0.3316 -0.9373
0.1435 -0.2651 -0.8122
0.1825 -0.3223 -0.7557
0.2464 -0.3650 -0.7658
0.2464 -0.3650 -0.7658
0.2610 -0.4032 -0.7603
0.2485 -0.4208 -0.7510
0.2343 -0.4359 -0.8353
0.2042 -0.4520 -0.9319
0.2042 -0.4520 -0.9319
0.2051 -0.4104 -0.9182
0.1906 -0.5127 -0.9273
0.1679 -0.5301 -0.9560
0.2006 -0.5210 -1.0011
0.1548 -0.5244 -0.9605
0.1548 -0.5244 -0.9605
0.1191 -0.5270 -0.8994
0.0835 -0.5034 -0.8927
0.0451 -0.5012 -0.8456
-0.0056 -0.5221 -0.8331
-0.0153 -0.4802 -0.9056
-0.0153 -0.4802 -0.9056
-0.0128 -0.4128 -0.9519
-0.0287 -0.4019 -0.9251
-0.0256 -0.4313 -0.9337
-0.0276 -0.4499 -0.9458
-0.0337 -0.4529 -0.9447
-0.0337 -0.4529 -0.9447
-0.0689 -0.4610 -0.9172
-0.0853 -0.4544 -0.9156
-0.0987 -0.4603 -0.9105
-0.1084 -0.4606 -0.8743
-0.1084 -0.4606 -0.8743
-0.1174 -0.4295 -0.8102
-0.0830 -0.4341 -0.8400
-0.0536 -0.4530 -0.9353
-0.0196 -0.4719 -0.9942
-0.0320 -0.4815 -1.0265
-0.0320 -0.4815 -1.0265
-0.0573 -0.4434 -1.0736
-0.0704 -0.3954 -1.0611
-0.0705 -0.4121 -0.9570
-0.0783 -0.4810 -0.8368
-0.0678 -0.5234 -0.7903
-0.0678 -0.5234 -0.7903
-0.0390 -0.5232 -0.8297
-0.0121 -0.5024 -0.8835
0.0104 -0.4561 -0.9440
0.0050 -0.4261 -0.9090
0.0085 -0.4375 -0.7947
0.0085 -0.4375 -0.7947
-0.0057 -0.4770 -0.6726
0.1449 -0.4040 -1.0186
0.0898 -0.9362 -0.8966
0.0932 -0.7881 -0.6333
0.0022 -0.4326 -0.4215
0.0022 -0.4326 -0.4215
0.0109 -0.3222 -0.4190
0.0432 -0.5053 -0.6288
0.0342 -0.7018 -0.9278
-0.0677 -0.5942 -1.3106
-0.0677 -0.5942 -1.3106
-0.0462 -0.2953 -1.2147
-0.1697 -0.1918 -0.9216
-0.0657 -0.5333 -0.6970
0.0641 -0.6280 -0.8496
0.0419 -0.5832 -0.7726
0.0419 -0.5832 -0.7726
-0.0511 -0.4257 -0.7212
-0.0040 -0.4808 -0.8492
0.0390 -0.5104 -0.8909
0.0463 -0.4868 -0.7503
0.0680 -0.4729 -0.9512
0.0680 -0.4729 -0.9512
0.0781 -0.5752 -0.8819
-0.0108 -0.5543 -0.7494
0.0137 -0.5843 -0.7345
0.0203 -0.6055 -0.7567
0.0180 -0.5657 -0.7134
0.0180 -0.5657 -0.7134
0.0268 -0.5558 -0.7160
0.0493 -0.5677 -0.7469
0.0523 -0.5674 -0.7689
0.0351 -0.5490 -0.7409
0.0213 -0.5661 -0.7206
0.0213 -0.5661 -0.7206
0.0135 -0.6031 -0.7332
-0.0150 -0.6199 -0.7183
-0.0236 -0.6286 -0.7134
-0.0059 -0.6395 -0.7340
-0.0059 -0.6395 -0.7340
-0.0142 -0.6359 -0.7350
-0.0125 -0.6449 -0.7294
-0.0019 -0.6440 -0.7041
-0.0040 -0.6420 -0.7027
-0.0152 -0.6556 -0.7141
-0.0152 -0.6556 -0.7141
-0.0248 -0.6562 -0.7118
-0.0568 -0.7198 -0.5997
-0.0571 -0.6649 -0.7998
-0.0381 -0.6776 -0.7065
-0.0488 -0.6906 -0.6854
-0.0488 -0.6906 -0.6854
-0.0468 -0.6826 -0.7713
-0.0302 -0.6735 -0.7561
-0.0272 -0.7114 -0.7265
-0.0402 -0.7307 -0.6887
-0.0626 -0.7035 -0.7200
-0.0626 -0.7035 -0.7200
-0.0577 -0.7113 -0.7348
-0.0758 -0.7343 -0.6853
-0.1050 -0.7258 -0.7275
-0.0920 -0.7210 -0.7094
-0.0805 -0.7135 -0.7346
-0.0805 -0.7135 -0.7346
-0.0242 -0.7184 -0.7466
0.0097 -0.6714 -0.6865
0.0092 -0.6813 -0.6658
0.0270 -0.7267 -0.7052
0.0270 -0.7267 -0.7052
0.0078 -0.6272 -0.7107
0.0442 -0.6716 -0.7038
0.0645 -0.6711 -0.6931
0.0618 -0.6545 -0.6556
0.0633 -0.6653 -0.6745
0.0633 -0.6653 -0.6745
0.0482 -0.6636 -0.6954
0.0480 -0.6744 -0.6859
0.0246 -0.6736 -0.6896
0.0226 -0.6706 -0.6835
0.0549 -0.6574 -0.7008
0.0549 -0.6574 -0.7008
0.0410 -0.6602 -0.7383
0.0455 -0.6750 -0.7279
0.0369 -0.6934 -0.7051
0.0023 -0.6911 -0.7018
0.0001 -0.6848 -0.6777
0.0001 -0.6848 -0.6777
-0.0012 -0.6959 -0.6672
-0.0022 -0.6943 -0.6871
-0.0077 -0.7026 -0.6926
-0.0130 -0.6988 -0.6974
-0.0056 -0.6924 -0.6781
-0.0056 -0.6924 -0.6781
0.0146 -0.6812 -0.6840
0.0146 -0.6855 -0.6989
0.0070 -0.6920 -0.7125
0.0034 -0.6859 -0.6925
0.0034 -0.6859 -0.6925
0.0097 -0.6843 -0.6965
0.0140 -0.6928 -0.7097
0.0070 -0.6886 -0.7210
0.0099 -0.6860 -0.7059
-0.0050 -0.6874 -0.6823
-0.0050 -0.6874 -0.6823
0.0076 -0.6945 -0.7034
0.0175 -0.6955 -0.7098
0.0180 -0.6876 -0.7178
0.0112 -0.6936 -0.7116
0.0112 -0.6965 -0.7102
0.0112 -0.6965 -0.7102
0.0212 -0.6849 -0.7125
0.0043 -0.6824 -0.6938
0.0034 -0.6975 -0.6943
0.0178 -0.6961 -0.7041
0.0169 -0.6884 -0.7155
0.0169 -0.6884 -0.7155
0.0085 -0.6810 -0.7078
0.0068 -0.6902 -0.6901
0.0126 -0.6881 -0.6917
0.0165 -0.6932 -0.7031
0.0165 -0.6932 -0.7031
0.0221 -0.6848 -0.7136
0.0224 -0.6813 -0.6974
0.0240 -0.6914 -0.7066
0.0111 -0.6920 -0.7049
0.0092 -0.6915 -0.6952
0.0092 -0.6915 -0.6952
0.0197 -0.7003 -0.6909
0.0199 -0.6942 -0.6961
0.0048 -0.6955 -0.7060
0.0154 -0.7000 -0.7112
0.0129 -0.6941 -0.7025
0.0129 -0.6941 -0.7025
0.0188 -0.6984 -0.6961
0.0243 -0.6980 -0.6955
0.0122 -0.6954 -0.6964
0.0189 -0.6937 -0.6923
0.0288 -0.6910 -0.7088
0.0288 -0.6910 -0.7088
0.0143 -0.6900 -0.7013
0.0092 -0.6946 -0.6917
0.0232 -0.6985 -0.6802
0.0270 -0.6902 -0.6843
0.0140 -0.6848 -0.6869
0.0140 -0.6848 -0.6869
0.0220 -0.7046 -0.6927
0.0230 -0.7028 -0.6904
0.0172 -0.7005 -0.6952
0.0160 -0.7016 -0.6966
0.0160 -0.7016 -0.6966
0.0249 -0.7010 -0.7070
0.0159 -0.6992 -0.7005
0.0020 -0.6959 -0.6854
-0.0017 -0.7106 -0.6933
0.0164 -0.7145 -0.7043
0.0164 -0.7145 -0.7043
0.0143 -0.6992 -0.7001
0.0004 -0.7078 -0.7152

