0.0120 0.0933 0.1132
0.0116 0.0931 0.1131
0.0115 0.0928 0.1131
0.0115 0.0925 0.1132
0.0115 0.0923 0.1133
0.0117 0.0921 0.1133
0.0119 0.0920 0.1133
0.0109 0.0922 0.1134
0.0108 0.0922 0.1135
0.0110 0.0922 0.1135
0.0113 0.0922 0.1134
0.0117 0.0922 0.1134
0.0121 0.0922 0.1134
0.0114 0.0921 0.1131
0.0115 0.0921 0.1130
0.0117 0.0920 0.1129
0.0120 0.0918 0.1129
0.0123 0.0916 0.1129
0.0125 0.0914 0.1130
0.0112 0.0909 0.1133
0.0108 0.0906 0.1134
0.0108 0.0904 0.1134
0.0108 0.0902 0.1135
0.0107 0.0899 0.1135
0.0107 0.0897 0.1136
0.0094 0.0888 0.1133
0.0089 0.0884 0.1131
0.0087 0.0882 0.1131
0.0086 0.0879 0.1130
0.0084 0.0877 0.1130
0.0083 0.0875 0.1129
0.0074 0.0868 0.1129
0.0071 0.0865 0.1128
0.0069 0.0863 0.1126
0.0066 0.0861 0.1123
0.0063 0.0858 0.1120
0.0059 0.0856 0.1118
0.0056 0.0858 0.1110
0.0052 0.0855 0.1104
0.0045 0.0851 0.1098
0.0025 0.0842 0.1084
0.0014 0.0839 0.1074
0.0004 0.0838 0.1062
-0.0008 0.0834 0.1047
-0.0022 0.0829 0.1029
-0.0038 0.0823 0.1010
-0.0056 0.0815 0.0989
-0.0077 0.0806 0.0964
-0.0099 0.0795 0.0933
-0.0124 0.0785 0.0904
-0.0151 0.0775 0.0874
-0.0181 0.0764 0.0842
-0.0215 0.0751 0.0808
-0.0253 0.0738 0.0772
-0.0295 0.0719 0.0743
-0.0342 0.0702 0.0704
-0.0393 0.0685 0.0661
-0.0448 0.0666 0.0614
-0.0507 0.0645 0.0565
-0.0570 0.0623 0.0513
-0.0637 0.0594 0.0455
-0.0708 0.0565 0.0398
-0.0785 0.0534 0.0341
-0.0866 0.0500 0.0282
-0.0950 0.0463 0.0220
-0.1039 0.0423 0.0155
-0.1131 0.0375 0.0084
-0.1229 0.0326 0.0010
-0.1334 0.0272 -0.0066
-0.1446 0.0214 -0.0145
-0.1563 0.0150 -0.0225
-0.1685 0.0083 -0.0309
-0.1813 0.0015 -0.0396
-0.1943 -0.0059 -0.0487
-0.2078 -0.0139 -0.0585
-0.2216 -0.0224 -0.0689
-0.2353 -0.0312 -0.0798
-0.2485 -0.0403 -0.0909
-0.2617 -0.0494 -0.1023
-0.2750 -0.0588 -0.1140
-0.2889 -0.0688 -0.1263
-0.3031 -0.0794 -0.1389
-0.3172 -0.0907 -0.1518
-0.3308 -0.1024 -0.1649
-0.3436 -0.1141 -0.1778
-0.3564 -0.1260 -0.1912
-0.3693 -0.1383 -0.2046
-0.3819 -0.1510 -0.2177
-0.3943 -0.1638 -0.2303
-0.4065 -0.1765 -0.2426
-0.4186 -0.1889 -0.2547
-0.4302 -0.2009 -0.2663
-0.4414 -0.2121 -0.2776
-0.4522 -0.2223 -0.2886
-0.4628 -0.2315 -0.2994
-0.4733 -0.2396 -0.3101
-0.4839 -0.2466 -0.3203
-0.4946 -0.2527 -0.3303
-0.5055 -0.2577 -0.3400
-0.5166 -0.2615 -0.3493
-0.5279 -0.2643 -0.3584
-0.5396 -0.2661 -0.3671
-0.5538 -0.2658 -0.3737
-0.5670 -0.2658 -0.3813
-0.5802 -0.2656 -0.3890
-0.5937 -0.2654 -0.3967
-0.6075 -0.2652 -0.4042
-0.6216 -0.2650 -0.4115
-0.6368 -0.2637 -0.4167
-0.6515 -0.2633 -0.4229
-0.6662 -0.2632 -0.4292
-0.6807 -0.2633 -0.4353
-0.6951 -0.2634 -0.4410
-0.7095 -0.2637 -0.4464
-0.7233 -0.2613 -0.4484
-0.7374 -0.2611 -0.4522
-0.7516 -0.2617 -0.4562
-0.7659 -0.2627 -0.4601
-0.7804 -0.2641 -0.4637
-0.7951 -0.2659 -0.4670
-0.8090 -0.2653 -0.4682
-0.8240 -0.2667 -0.4706
-0.8394 -0.2687 -0.4734
-0.8551 -0.2707 -0.4764
-0.8708 -0.2725 -0.4797
-0.8866 -0.2742 -0.4835
-0.9010 -0.2734 -0.4850
-0.9165 -0.2743 -0.4894
-0.9324 -0.2754 -0.4953
-0.9482 -0.2759 -0.5019
-0.9635 -0.2751 -0.5089
-0.9782 -0.2727 -0.5163
-0.9916 -0.2684 -0.5223
-1.0051 -0.2641 -0.5304
-1.0185 -0.2599 -0.5399
-1.0319 -0.2560 -0.5502
-1.0451 -0.2522 -0.5609
-1.0583 -0.2482 -0.5717
-1.0713 -0.2438 -0.5825
-1.0860 -0.2392 -0.5918
-1.0992 -0.2345 -0.6016
-1.1117 -0.2299 -0.6116
-1.1238 -0.2256 -0.6215
-1.1357 -0.2217 -0.6312
-1.1497 -0.2177 -0.6407
-1.1620 -0.2146 -0.6497
-1.1740 -0.2120 -0.6584
-1.1862 -0.2101 -0.6666
-1.1989 -0.2088 -0.6743
-1.2121 -0.2082 -0.6815
-1.2284 -0.2074 -0.6888
-1.2438 -0.2079 -0.6954
-1.2595 -0.2092 -0.7015
-1.2757 -0.2112 -0.7072
-1.2927 -0.2139 -0.7125
-1.3103 -0.2172 -0.7175
-1.3307 -0.2209 -0.7217
-1.3501 -0.2249 -0.7257
-1.3694 -0.2289 -0.7292
-1.3888 -0.2327 -0.7320
-1.4084 -0.2362 -0.7342
-1.4286 -0.2394 -0.7358
-1.4503 -0.2425 -0.7370
-1.4710 -0.2450 -0.7369
-1.4917 -0.2467 -0.7354
-1.5123 -0.2471 -0.7323
-1.5325 -0.2459 -0.7275
-1.5531 -0.2436 -0.7220
-1.5746 -0.2407 -0.7167
-1.5939 -0.2379 -0.7098
-1.6126 -0.2357 -0.7022
-1.6313 -0.2343 -0.6936
-1.6504 -0.2335 -0.6840
-1.6697 -0.2330 -0.6730
-1.6904 -0.2330 -0.6611
-1.7097 -0.2325 -0.6479
-1.7281 -0.2323 -0.6341
-1.7460 -0.2329 -0.6202
-1.7636 -0.2347 -0.6065
-1.7811 -0.2376 -0.5930
-1.7994 -0.2411 -0.5799
-1.8166 -0.2452 -0.5673
-1.8335 -0.2497 -0.5553
-1.8503 -0.2547 -0.5441
-1.8672 -0.2601 -0.5336
-1.8841 -0.2658 -0.5238
-1.9020 -0.2706 -0.5147
-1.9192 -0.2753 -0.5066
-1.9362 -0.2795 -0.4997
-1.9533 -0.2831 -0.4940
-1.9707 -0.2862 -0.4897
-1.9885 -0.2890 -0.4867
-2.0062 -0.2918 -0.4834
-2.0246 -0.2938 -0.4821
-2.0434 -0.2950 -0.4820
-2.0623 -0.2953 -0.4829
-2.0813 -0.2946 -0.4847
-2.1002 -0.2931 -0.4876
-2.1186 -0.2911 -0.4902
-2.1371 -0.2887 -0.4949
-2.1555 -0.2860 -0.5011
-2.1737 -0.2835 -0.5086
-2.1918 -0.2812 -0.5174
-2.2099 -0.2795 -0.5266
-2.2285 -0.2785 -0.5356
-2.2469 -0.2787 -0.5471
-2.2653 -0.2800 -0.5598
-2.2834 -0.2818 -0.5730
-2.3010 -0.2835 -0.5863
-2.3177 -0.2842 -0.5993
-2.3326 -0.2837 -0.6105
-2.3469 -0.2824 -0.6225
-2.3608 -0.2810 -0.6348
-2.3741 -0.2797 -0.6473
-2.3870 -0.2785 -0.6597
-2.3996 -0.2774 -0.6718
-2.4161 -0.2757 -0.6794
-2.4300 -0.2743 -0.6883
-2.4434 -0.2734 -0.6969
-2.4572 -0.2732 -0.7048
-2.4718 -0.2738 -0.7117
-2.4870 -0.2753 -0.7179
-2.5029 -0.2773 -0.7235
-2.5207 -0.2786 -0.7260
-2.5379 -0.2812 -0.7297
-2.5552 -0.2847 -0.7336
-2.5728 -0.2888 -0.7375
-2.5905 -0.2935 -0.7413
-2.6091 -0.2950 -0.7431
-2.6272 -0.2988 -0.7457
-2.6451 -0.3033 -0.7482
-2.6629 -0.3077 -0.7502
-2.6805 -0.3117 -0.7516
-2.6979 -0.3150 -0.7520
-2.7156 -0.3152 -0.7503
-2.7324 -0.3155 -0.7481
-2.7484 -0.3149 -0.7450
-2.7638 -0.3134 -0.7412
-2.7789 -0.3118 -0.7369
-2.7943 -0.3105 -0.7319
-2.8110 -0.3070 -0.7264
-2.8280 -0.3061 -0.7196
-2.8453 -0.3059 -0.7115
-2.8628 -0.3057 -0.7022
-2.8802 -0.3053 -0.6920
-2.8972 -0.3042 -0.6809
-2.9139 -0.3025 -0.6693
-2.9307 -0.3034 -0.6582
-2.9477 -0.3060 -0.6474
-2.9647 -0.3099 -0.6369
-2.9817 -0.3147 -0.6269
-2.9996 -0.3194 -0.6178
-3.0188 -0.3234 -0.6097
-3.0366 -0.3290 -0.6020
-3.0540 -0.3352 -0.5951
-3.0712 -0.3416 -0.5890
-3.0884 -0.3477 -0.5840
-3.1056 -0.3533 -0.5802
-3.1241 -0.3565 -0.5780
-3.1419 -0.3601 -0.5766
-3.1597 -0.3633 -0.5762
-3.1776 -0.3659 -0.5767
-3.1958 -0.3678 -0.5780
-3.2142 -0.3689 -0.5800
-3.2328 -0.3646 -0.5816
-3.2516 -0.3624 -0.5845
-3.2704 -0.3601 -0.5882
-3.2889 -0.3569 -0.5926
-3.3070 -0.3528 -0.5976
-3.3245 -0.3480 -0.6032
-3.3415 -0.3395 -0.6096
-3.3581 -0.3334 -0.6165
-3.3745 -0.3284 -0.6241
-3.3907 -0.3246 -0.6324
-3.4070 -0.3220 -0.6415
-3.4233 -0.3205 -0.6514
-3.4408 -0.3165 -0.6617
-3.4569 -0.3154 -0.6728
-3.4720 -0.3152 -0.6845
-3.4861 -0.3153 -0.6967
-3.4990 -0.3151 -0.7092
-3.5107 -0.3146 -0.7220
-3.5231 -0.3112 -0.7343
-3.5335 -0.3100 -0.7470
-3.5429 -0.3099 -0.7596
-3.5516 -0.3107 -0.7721
-3.5602 -0.3123 -0.7843
-3.5693 -0.3140 -0.7957
-3.5797 -0.3154 -0.8062
-3.5892 -0.3186 -0.8169
-3.5988 -0.3228 -0.8275
-3.6087 -0.3275 -0.8378
-3.6191 -0.3325 -0.8478
-3.6305 -0.3366 -0.8571
-3.6431 -0.3391 -0.8654
-3.6548 -0.3432 -0.8744
-3.6663 -0.3474 -0.8834
-3.6778 -0.3514 -0.8922
-3.6893 -0.3549 -0.9008
-3.6893 -0.3549 -0.9008
-3.7011 -0.3568 -0.9086
-3.7133 -0.3566 -0.9150
-3.7254 -0.3565 -0.9214
-3.7378 -0.3559 -0.9270
-3.7506 -0.3543 -0.9315
-3.7639 -0.3516 -0.9345
-3.7777 -0.3479 -0.9361
-3.7894 -0.3404 -0.9373
-3.8032 -0.3347 -0.9367
-3.8183 -0.3301 -0.9350
-3.8346 -0.3268 -0.9327
-3.8520 -0.3247 -0.9298
-3.8701 -0.3229 -0.9266
-3.8882 -0.3207 -0.9228
-3.9083 -0.3196 -0.9175
-3.9291 -0.3187 -0.9108
-3.9497 -0.3176 -0.9031
-3.9698 -0.3166 -0.8947
-3.9887 -0.3156 -0.8864
-4.0066 -0.3145 -0.8790
-4.0245 -0.3149 -0.8710
-4.0422 -0.3164 -0.8631
-4.0596 -0.3187 -0.8553
-4.0769 -0.3217 -0.8479
-4.0940 -0.3248 -0.8411
-4.1109 -0.3278 -0.8355
-4.1455 -0.3365 -0.8237
-4.1627 -0.3410 -0.8183
-4.1798 -0.3453 -0.8135
-4.1966 -0.3491 -0.8095
-4.2131 -0.3525 -0.8062
-4.2299 -0.3544 -0.8060
-4.2462 -0.3565 -0.8054
-4.2623 -0.3583 -0.8052
-4.2780 -0.3593 -0.8055
-4.2934 -0.3588 -0.8070
-4.3083 -0.3565 -0.8097
-4.3229 -0.3544 -0.8119
-4.3374 -0.3521 -0.8146
-4.3517 -0.3499 -0.8181
-4.3659 -0.3478 -0.8224
-4.3798 -0.3454 -0.8276
-4.3921 -0.3409 -0.8346
-4.4042 -0.3369 -0.8413
-4.4154 -0.3330 -0.8483
-4.4260 -0.3296 -0.8559
-4.4362 -0.3272 -0.8644
-4.4461 -0.3262 -0.8739
-4.4552 -0.3257 -0.8849
-4.4645 -0.3267 -0.8964
-4.4736 -0.3284 -0.9083
-4.4822 -0.3301 -0.9202
-4.4899 -0.3312 -0.9320
-4.4967 -0.3314 -0.9433
-4.5033 -0.3290 -0.9546
-4.5082 -0.3272 -0.9652
-4.5120 -0.3257 -0.9753
-4.5148 -0.3243 -0.9850
-4.5168 -0.3231 -0.9943
-4.5183 -0.3221 -1.0030
-4.5205 -0.3199 -1.0114
-4.5219 -0.3191 -1.0190
-4.5232 -0.3193 -1.0260
-4.5248 -0.3204 -1.0327
-4.5268 -0.3221 -1.0390
-4.5293 -0.3245 -1.0450
-4.5312 -0.3262 -1.0506
-4.5347 -0.3291 -1.0561
-4.5394 -0.3325 -1.0614
-4.5452 -0.3360 -1.0665
-4.5520 -0.3395 -1.0711
-4.5593 -0.3427 -1.0754
-4.5670 -0.3454 -1.0792
-4.5761 -0.3483 -1.0824
-4.5862 -0.3511 -1.0851
-4.5970 -0.3539 -1.0873
-4.6084 -0.3564 -1.0890
-4.6197 -0.3582 -1.0906
-4.6307 -0.3592 -1.0923
-4.6439 -0.3609 -1.0932
-4.6584 -0.3631 -1.0937
-4.6740 -0.3655 -1.0939
-4.6904 -0.3677 -1.0935
-4.7072 -0.3692 -1.0921
-4.7219 -0.3676 -1.0890
-4.7371 -0.3659 -1.0844
-4.7515 -0.3635 -1.0784
-4.7649 -0.3607 -1.0716
-4.7771 -0.3577 -1.0644
-4.7884 -0.3548 -1.0569
-4.7974 -0.3512 -1.0491
-4.8065 -0.3485 -1.0407
-4.8152 -0.3462 -1.0318
-4.8235 -0.3444 -1.0222
-4.8315 -0.3430 -1.0119
-4.8391 -0.3421 -1.0009
-4.8452 -0.3412 -0.9894
-4.8516 -0.3410 -0.9771
-4.8576 -0.3411 -0.9642
-4.8629 -0.3415 -0.9509
-4.8674 -0.3421 -0.9375
-4.8708 -0.3426 -0.9240
-4.8720 -0.3426 -0.9105
-4.8729 -0.3425 -0.8971
-4.8728 -0.3421 -0.8838
-4.8717 -0.3413 -0.8707
-4.8695 -0.3401 -0.8579
-4.8663 -0.3385 -0.8454
-4.8615 -0.3364 -0.8337
-4.8564 -0.3344 -0.8221
-4.8508 -0.3325 -0.8107
-4.8447 -0.3307 -0.7997
-4.8380 -0.3290 -0.7890
-4.8311 -0.3274 -0.7785
-4.8245 -0.3259 -0.7683
-4.8166 -0.3245 -0.7587
-4.8082 -0.3231 -0.7497
-4.7993 -0.3218 -0.7412
-4.7901 -0.3206 -0.7333
-4.7704 -0.3181 -0.7194
-4.7599 -0.3168 -0.7133
-4.7491 -0.3156 -0.7078
-4.7379 -0.3144 -0.7028
-4.7264 -0.3133 -0.6982
-4.7264 -0.3133 -0.6982
-4.7145 -0.3124 -0.6941
-4.7032 -0.3098 -0.6883
-4.6911 -0.3086 -0.6842
-4.6787 -0.3080 -0.6807
-4.6660 -0.3078 -0.6775
-4.6532 -0.3079 -0.6744
-4.6404 -0.3082 -0.6713
-4.6297 -0.3073 -0.6663
-4.6174 -0.3074 -0.6627
-4.6047 -0.3078 -0.6597
-4.5918 -0.3085 -0.6569
-4.5791 -0.3093 -0.6542
-4.5665 -0.3104 -0.6515
-4.5563 -0.3071 -0.6520
-4.5447 -0.3069 -0.6504
-4.5327 -0.3077 -0.6481
-4.5207 -0.3087 -0.6455
-4.5088 -0.3097 -0.6430
-4.4969 -0.3108 -0.6405
-4.4850 -0.3006 -0.6418
-4.4732 -0.2979 -0.6408
-4.4615 -0.2977 -0.6392
-4.4497 -0.2983 -0.6373
-4.4378 -0.2993 -0.6354
-4.4258 -0.3005 -0.6335
-4.4139 -0.2892 -0.6356
-4.4018 -0.2865 -0.6350
-4.3894 -0.2866 -0.6335
-4.3767 -0.2878 -0.6316
-4.3638 -0.2892 -0.6297
-4.3506 -0.2875 -0.6289
-4.3369 -0.2806 -0.6299
-4.3233 -0.2797 -0.6291
-4.3096 -0.2807 -0.6277
-4.2956 -0.2823 -0.6260
-4.2814 -0.2842 -0.6242
-4.2672 -0.2844 -0.6230
-4.2531 -0.2820 -0.6230
-4.2383 -0.2825 -0.6215
-4.2230 -0.2837 -0.6193
-4.2073 -0.2850 -0.6171
-4.1913 -0.2861 -0.6149
-4.1750 -0.2871 -0.6128
-4.1591 -0.2845 -0.6136
-4.1427 -0.2842 -0.6127
-4.1258 -0.2846 -0.6112
-4.1087 -0.2853 -0.6095
-4.0912 -0.2862 -0.6078
-4.0735 -0.2872 -0.6060
-4.0554 -0.2883 -0.6042
-4.0374 -0.2869 -0.6055
-4.0189 -0.2874 -0.6048
-4.0003 -0.2885 -0.6035
-3.9814 -0.2898 -0.6022
-3.9623 -0.2913 -0.6009
-3.9439 -0.2908 -0.6029
-3.9247 -0.2917 -0.6029
-3.9053 -0.2932 -0.6025
-3.8857 -0.2948 -0.6019
-3.8660 -0.2966 -0.6014
-3.8463 -0.2985 -0.6011
-3.8256 -0.3001 -0.6024
-3.8054 -0.3020 -0.6030
-3.7852 -0.3039 -0.6036
-3.7650 -0.3059 -0.6044
-3.7447 -0.3079 -0.6055
-3.7244 -0.3099 -0.6071
-3.7036 -0.3111 -0.6104
-3.6836 -0.3119 -0.6139
-3.6644 -0.3119 -0.6183
-3.6460 -0.3108 -0.6241
-3.6286 -0.3088 -0.6311
-3.6121 -0.3064 -0.6397
-3.5963 -0.3041 -0.6500
-3.5807 -0.3021 -0.6600
-3.5652 -0.3005 -0.6707
-3.5500 -0.2990 -0.6825
-3.5352 -0.2975 -0.6955
-3.5211 -0.2960 -0.7101
-3.5077 -0.2947 -0.7261
-3.4947 -0.2944 -0.7418
-3.4819 -0.2950 -0.7575
-3.4695 -0.2964 -0.7733
-3.4574 -0.2984 -0.7892
-3.4456 -0.3008 -0.8052
-3.4379 -0.3039 -0.8230
-3.4278 -0.3071 -0.8396
-3.4169 -0.3106 -0.8557
-3.4058 -0.3143 -0.8711
-3.3947 -0.3182 -0.8860
-3.3834 -0.3220 -0.9000
-3.3772 -0.3251 -0.9152
-3.3674 -0.3285 -0.9280
-3.3562 -0.3317 -0.9392
-3.3443 -0.3347 -0.9490
-3.3320 -0.3373 -0.9574
-3.3192 -0.3395 -0.9643
-3.3093 -0.3406 -0.9707
-3.2961 -0.3421 -0.9751
-3.2813 -0.3437 -0.9780
-3.2653 -0.3453 -0.9796
-3.2484 -0.3465 -0.9797
-3.2307 -0.3472 -0.9784
-3.2144 -0.3460 -0.9769
-3.1965 -0.3448 -0.9733
-3.1782 -0.3430 -0.9685
-3.1599 -0.3406 -0.9626
-3.1418 -0.3377 -0.9558
-3.1238 -0.3346 -0.9479
-3.1076 -0.3305 -0.9412
-3.0899 -0.3278 -0.9323
-3.0715 -0.3259 -0.9224
-3.0526 -0.3248 -0.9122
-3.0334 -0.3241 -0.9017
-3.0155 -0.3227 -0.8912
-2.9999 -0.3197 -0.8806
-2.9829 -0.3175 -0.8700
-2.9659 -0.3153 -0.8594
-2.9492 -0.3131 -0.8487
-2.9330 -0.3110 -0.8380
-2.9013 -0.3071 -0.8171
-2.8875 -0.3035 -0.8078
-2.8726 -0.3012 -0.7987
-2.8572 -0.2997 -0.7900
-2.8415 -0.2987 -0.7819
-2.8415 -0.2987 -0.7819
-2.8254 -0.2981 -0.7745
-2.8090 -0.2980 -0.7677
-2.7922 -0.2982 -0.7616
-2.7750 -0.2987 -0.7562
-2.7575 -0.2997 -0.7514
-2.7395 -0.3009 -0.7472
-2.7212 -0.3023 -0.7437
-2.7041 -0.3018 -0.7408
-2.6857 -0.3030 -0.7383
-2.6667 -0.3046 -0.7364
-2.6475 -0.3062 -0.7351
-2.6282 -0.3077 -0.7344
-2.6087 -0.3093 -0.7344
-2.5906 -0.3088 -0.7350
-2.5713 -0.3096 -0.7363
-2.5517 -0.3105 -0.7385
-2.5326 -0.3106 -0.7416
-2.5145 -0.3098 -0.7455
-2.4974 -0.3079 -0.7501
-2.4833 -0.3037 -0.7499
-2.4682 -0.3008 -0.7535
-2.4526 -0.2987 -0.7588
-2.4369 -0.2970 -0.7651
-2.4213 -0.2953 -0.7726
-2.4062 -0.2934 -0.7813
-2.3924 -0.2911 -0.7881
-2.3781 -0.2896 -0.7972
-2.3634 -0.2892 -0.8072
-2.3484 -0.2899 -0.8176
-2.3333 -0.2916 -0.8281
-2.3179 -0.2943 -0.8386
-2.3031 -0.2971 -0.8476
-2.2874 -0.3011 -0.8572
-2.2711 -0.3061 -0.8668
-2.2542 -0.3118 -0.8762
-2.2367 -0.3180 -0.8850
-2.2189 -0.3244 -0.8933
-2.2025 -0.3314 -0.8995
-2.1846 -0.3376 -0.9058
-2.1661 -0.3431 -0.9114
-2.1473 -0.3476 -0.9161
-2.1282 -0.3513 -0.9199
-2.1087 -0.3543 -0.9228
-2.0911 -0.3586 -0.9235
-2.0719 -0.3603 -0.9245
-2.0521 -0.3603 -0.9252
-2.0321 -0.3589 -0.9257
-2.0119 -0.3565 -0.9259
-1.9914 -0.3533 -0.9259
-1.9732 -0.3502 -0.9238
-1.9532 -0.3463 -0.9225
-1.9326 -0.3421 -0.9209
-1.9116 -0.3380 -0.9186
-1.8903 -0.3342 -0.9151
-1.8685 -0.3312 -0.9102
-1.8475 -0.3286 -0.9022
-1.8250 -0.3271 -0.8933
-1.8018 -0.3265 -0.8831
-1.7786 -0.3263 -0.8716
-1.7559 -0.3260 -0.8593
-1.7340 -0.3252 -0.8465
-1.7155 -0.3236 -0.8324
-1.6968 -0.3211 -0.8194
-1.6784 -0.3181 -0.8071
-1.6604 -0.3150 -0.7955
-1.6426 -0.3122 -0.7846
-1.6249 -0.3096 -0.7745
-1.6115 -0.3065 -0.7643
-1.5950 -0.3042 -0.7555
-1.5773 -0.3025 -0.7479
-1.5589 -0.3012 -0.7412
-1.5400 -0.3006 -0.7353
-1.5220 -0.2997 -0.7298
-1.5060 -0.2982 -0.7246
-1.4872 -0.2983 -0.7206
-1.4673 -0.2992 -0.7174
-1.4470 -0.3006 -0.7149
-1.4262 -0.3025 -0.7127
-1.4064 -0.3041 -0.7110
-1.3884 -0.3047 -0.7096
-1.3684 -0.3067 -0.7088
-1.3479 -0.3091 -0.7087
-1.3272 -0.3116 -0.7091
-1.3067 -0.3139 -0.7103
-1.2869 -0.3157 -0.7122
-1.2689 -0.3158 -0.7124
-1.2520 -0.3154 -0.7148
-1.2363 -0.3144 -0.7178
-1.2217 -0.3132 -0.7206
-1.2076 -0.3122 -0.7232
-1.1936 -0.3118 -0.7258
-1.1793 -0.3120 -0.7291
-1.1662 -0.3115 -0.7311
-1.1523 -0.3115 -0.7360
-1.1383 -0.3114 -0.7425
-1.1244 -0.3116 -0.7497
-1.1104 -0.3126 -0.7571
-1.0988 -0.3134 -0.7624
-1.0849 -0.3161 -0.7688
-1.0700 -0.3200 -0.7754
-1.0543 -0.3246 -0.7819
-1.0380 -0.3297 -0.7885
-1.0210 -0.3353 -0.7949
-1.0037 -0.3410 -0.7991
-0.9857 -0.3470 -0.8046
-0.9672 -0.3529 -0.8101
-0.9485 -0.3584 -0.8151
-0.9299 -0.3633 -0.8192
-0.9113 -0.3675 -0.8222
-0.8956 -0.3714 -0.8213
-0.8779 -0.3745 -0.8207
-0.8595 -0.3772 -0.8196
-0.8407 -0.3795 -0.8176
-0.8217 -0.3812 -0.8149
-0.8030 -0.3822 -0.8109
-0.7849 -0.3822 -0.8054
-0.7659 -0.3821 -0.7995
-0.7468 -0.3817 -0.7929
-0.7279 -0.3808 -0.7856
-0.7095 -0.3793 -0.7775
-0.6917 -0.3774 -0.7686
-0.6725 -0.3746 -0.7587
-0.6548 -0.3726 -0.7481
-0.6375 -0.3713 -0.7367
-0.6202 -0.3707 -0.7248
-0.6028 -0.3706 -0.7125
-0.5856 -0.3705 -0.7002
-0.5665 -0.3692 -0.6882
-0.5493 -0.3679 -0.6766
-0.5331 -0.3662 -0.6655
-0.5177 -0.3642 -0.6547
-0.5029 -0.3619 -0.6443
-0.4885 -0.3596 -0.6341
-0.4746 -0.3574 -0.6242
-0.4601 -0.3545 -0.6147
-0.4462 -0.3527 -0.6056
-0.4321 -0.3517 -0.5969
-0.4178 -0.3515 -0.5886
-0.4032 -0.3523 -0.5806
-0.3868 -0.3533 -0.5728
-0.3710 -0.3553 -0.5653
-0.3556 -0.3578 -0.5582
-0.3403 -0.3606 -0.5512
-0.3251 -0.3638 -0.5444
-0.3099 -0.3675 -0.5376
-0.2943 -0.3708 -0.5302
-0.2790 -0.3745 -0.5234
-0.2637 -0.3779 -0.5172
-0.2483 -0.3805 -0.5117
-0.2329 -0.3821 -0.5069
-0.2173 -0.3826 -0.5029
-0.2019 -0.3820 -0.4987
-0.1863 -0.3801 -0.4966
-0.1709 -0.3769 -0.4963
-0.1559 -0.3727 -0.4975
-0.1411 -0.3682 -0.4996
-0.1266 -0.3637 -0.5016
-0.1122 -0.3597 -0.5028
-0.0965 -0.3571 -0.5055
-0.0798 -0.3554 -0.5093
-0.0623 -0.3542 -0.5141
-0.0446 -0.3531 -0.5199
-0.0271 -0.3517 -0.5261
-0.0104 -0.3497 -0.5316
0.0067 -0.3494 -0.5380
0.0237 -0.3501 -0.5441
0.0405 -0.3514 -0.5496
0.0571 -0.3531 -0.5543
0.0734 -0.3552 -0.5582
0.0896 -0.3558 -0.5600
0.1060 -0.3579 -0.5617
0.1228 -0.3605 -0.5628
0.1398 -0.3632 -0.5631
0.1568 -0.3659 -0.5626
0.1738 -0.3682 -0.5611
0.1893 -0.3694 -0.5583
0.2054 -0.3706 -0.5549
0.2212 -0.3715 -0.5508
0.2368 -0.3719 -0.5460
0.2521 -0.3721 -0.5405
0.2673 -0.3720 -0.5343
0.2798 -0.3693 -0.5292
0.2939 -0.3682 -0.5223
0.3083 -0.3676 -0.5145
0.3226 -0.3670 -0.5059
0.3366 -0.3665 -0.4967
0.3501 -0.3660 -0.4870
0.3591 -0.3635 -0.4778
0.3701 -0.3624 -0.4675
0.3817 -0.3621 -0.4565
0.3933 -0.3624 -0.4450
0.4049 -0.3627 -0.4336
0.4162 -0.3628 -0.4225
0.4222 -0.3622 -0.4123
0.4305 -0.3620 -0.4019
0.4389 -0.3625 -0.3911
0.4468 -0.3640 -0.3794
0.4543 -0.3666 -0.3669
0.4603 -0.3697 -0.3538
0.4646 -0.3725 -0.3407
0.4702 -0.3755 -0.3273
0.4759 -0.3779 -0.3142
0.4808 -0.3795 -0.3013
0.4847 -0.3804 -0.2888
0.4868 -0.3801 -0.2769
0.4867 -0.3786 -0.2658
0.4869 -0.3783 -0.2546
0.4867 -0.3787 -0.2434
0.4863 -0.3796 -0.2323
0.4858 -0.3810 -0.2213
0.4853 -0.3829 -0.2105
0.4819 -0.3838 -0.2006
0.4806 -0.3859 -0.1902
0.4799 -0.3884 -0.1800
0.4792 -0.3910 -0.1700
0.4783 -0.3936 -0.1603
0.4770 -0.3963 -0.1510
0.4699 -0.3956 -0.1434
0.4659 -0.3972 -0.1350
0.4630 -0.3995 -0.1265
0.4604 -0.4019 -0.1182
0.4580 -0.4040 -0.1105
0.4555 -0.4057 -0.1034
0.4479 -0.4070 -0.0979
0.4429 -0.4084 -0.0922
0.4386 -0.4104 -0.0864
0.4345 -0.4134 -0.0804
0.4307 -0.4172 -0.0741
0.4274 -0.4213 -0.0677
0.4226 -0.4233 -0.0627
0.4194 -0.4265 -0.0568
0.4164 -0.4298 -0.0506
0.4133 -0.4328 -0.0446
0.4096 -0.4355 -0.0387
0.4056 -0.4378 -0.0330
0.4002 -0.4369 -0.0276
0.3955 -0.4378 -0.0219
0.3912 -0.4392 -0.0162
0.3871 -0.4408 -0.0103
0.3832 -0.4423 -0.0044
0.3792 -0.4429 0.0010
0.3751 -0.4417 0.0056
0.3711 -0.4421 0.0108
0.3672 -0.4428 0.0161
0.3633 -0.4434 0.0212
0.3595 -0.4440 0.0262
0.3556 -0.4429 0.0309
0.3514 -0.4394 0.0353
0.3477 -0.4384 0.0397
0.3445 -0.4381 0.0441
0.3415 -0.4382 0.0485
0.3387 -0.4384 0.0527
0.3362 -0.4386 0.0569
0.3343 -0.4350 0.0594
0.3324 -0.4339 0.0626
0.3308 -0.4334 0.0657
0.3296 -0.4329 0.0687
0.3288 -0.4321 0.0715
0.3286 -0.4311 0.0741
0.3300 -0.4261 0.0726
0.3314 -0.4236 0.0737
0.3330 -0.4219 0.0756
0.3347 -0.4206 0.0777
0.3366 -0.4197 0.0800
0.3386 -0.4191 0.0825
0.3427 -0.4172 0.0793
0.3456 -0.4169 0.0802
0.3480 -0.4174 0.0826
0.3500 -0.4183 0.0854
0.3515 -0.4196 0.0884
0.3527 -0.4211 0.0913
0.3540 -0.4202 0.0918
0.3547 -0.4206 0.0936
0.3550 -0.4212 0.0955
0.3549 -0.4216 0.0971
0.3543 -0.4216 0.0982
0.3531 -0.4213 0.0987
0.3521 -0.4180 0.0978
0.3503 -0.4164 0.0973
0.3480 -0.4154 0.0967
0.3455 -0.4144 0.0961
0.3426 -0.4135 0.0953
0.3395 -0.4126 0.0945
0.3379 -0.4090 0.0939
0.3349 -0.4074 0.0932
0.3311 -0.4065 0.0928
0.3271 -0.4060 0.0924
0.3228 -0.4055 0.0920
0.3185 -0.4046 0.0911
0.3138 -0.4032 0.0894
0.3088 -0.4017 0.0871
0.3033 -0.4004 0.0843
0.2973 -0.3996 0.0812
0.2907 -0.3991 0.0779
0.2841 -0.3985 0.0747
0.2779 -0.3976 0.0716
0.2716 -0.3968 0.0686
0.2651 -0.3959 0.0654
0.2587 -0.3948 0.0621
0.2526 -0.3929 0.0586
0.2470 -0.3900 0.0552
0.2422 -0.3866 0.0516
0.2378 -0.3820 0.0487
0.2337 -0.3768 0.0462
0.2301 -0.3711 0.0440
0.2271 -0.3646 0.0419
0.2246 -0.3577 0.0400
0.2228 -0.3506 0.0380
0.2212 -0.3436 0.0367
0.2196 -0.3366 0.0359
0.2179 -0.3298 0.0355
0.2162 -0.3227 0.0352
0.2144 -0.3154 0.0350
0.2135 -0.3075 0.0345
0.2116 -0.2995 0.0341
0.2091 -0.2915 0.0337
0.2062 -0.2834 0.0333
0.2031 -0.2752 0.0330
0.2003 -0.2663 0.0326
0.1981 -0.2567 0.0321
0.1950 -0.2476 0.0316
0.1916 -0.2390 0.0312
0.1882 -0.2308 0.0311
0.1850 -0.2227 0.0310
0.1831 -0.2145 0.0312
0.1830 -0.2063 0.0320
0.1816 -0.1989 0.0320
0.1798 -0.1923 0.0319
0.1780 -0.1865 0.0318
0.1766 -0.1811 0.0319
0.1766 -0.1764 0.0321
0.1788 -0.1724 0.0323
0.1791 -0.1684 0.0322
0.1788 -0.1649 0.0320
0.1783 -0.1620 0.0317
0.1778 -0.1595 0.0316
0.1774 -0.1574 0.0315
0.1825 -0.1556 0.0314
0.1843 -0.1538 0.0310
0.1852 -0.1522 0.0305
0.1857 -0.1508 0.0300
0.1860 -0.1496 0.0294
0.1864 -0.1485 0.0288
0.1918 -0.1456 0.0291
0.1940 -0.1441 0.0289
0.1950 -0.1433 0.0286
0.1956 -0.1427 0.0282
0.1961 -0.1424 0.0278
0.1967 -0.1421 0.0274
0.1993 -0.1390 0.0267
0.2005 -0.1379 0.0261
0.2011 -0.1375 0.0256
0.2016 -0.1373 0.0252
0.2019 -0.1372 0.0247
0.2023 -0.1372 0.0243
0.2042 -0.1330 0.0239
0.2050 -0.1317 0.0236
0.2055 -0.1313 0.0232
0.2061 -0.1312 0.0228
0.2067 -0.1312 0.0224
0.2074 -0.1313 0.0219
0.2094 -0.1280 0.0215
0.2106 -0.1272 0.0211
0.2114 -0.1273 0.0208
0.2122 -0.1277 0.0206
0.2130 -0.1282 0.0202
0.2143 -0.1275 0.0198
0.2165 -0.1247 0.0193
0.2178 -0.1239 0.0187
0.2188 -0.1238 0.0181
0.2198 -0.1238 0.0175
0.2207 -0.1238 0.0170
0.2216 -0.1230 0.0165
0.2223 -0.1212 0.0163
0.2230 -0.1206 0.0158
0.2236 -0.1202 0.0154
0.2243 -0.1199 0.0149
0.2250 -0.1195 0.0142
0.2258 -0.1190 0.0135
0.2262 -0.1176 0.0135
0.2268 -0.1168 0.0131
0.2275 -0.1163 0.0125
0.2283 -0.1158 0.0119
0.2291 -0.1153 0.0112
0.2301 -0.1149 0.0106
0.2314 -0.1136 0.0096
0.2325 -0.1128 0.0087
0.2336 -0.1123 0.0079
0.2347 -0.1118 0.0072
0.2357 -0.1113 0.0065
0.2367 -0.1107 0.0058
0.2372 -0.1095 0.0038
0.2379 -0.1088 0.0027
0.2387 -0.1083 0.0019
0.2395 -0.1078 0.0013
0.2401 -0.1075 0.0009
0.2407 -0.1072 0.0005
0.2407 -0.1068 -0.0007
0.2411 -0.1066 -0.0012
0.2415 -0.1063 -0.0016
0.2420 -0.1060 -0.0019
0.2425 -0.1056 -0.0021
0.2429 -0.1053 -0.0023
0.2426 -0.1050 -0.0023
0.2428 -0.1046 -0.0025
0.2431 -0.1042 -0.0027
0.2435 -0.1038 -0.0029
0.2439 -0.1034 -0.0031
0.2442 -0.1031 -0.0033
0.2438 -0.1031 -0.0037
0.2438 -0.1029 -0.0040
0.2441 -0.1025 -0.0043
0.2445 -0.1022 -0.0046
0.2448 -0.1019 -0.0048
0.2450 -0.1016 -0.0051
0.2457 -0.1012 -0.0061
0.2460 -0.1010 -0.0064
0.2462 -0.1009 -0.0066
0.2465 -0.1008 -0.0068
0.2469 -0.1006 -0.0070
0.2470 -0.1007 -0.0071
0.2469 -0.1012 -0.0070
0.2470 -0.1014 -0.0070
0.2472 -0.1015 -0.0070
0.2474 -0.1014 -0.0070
0.2476 -0.1014 -0.0071
0.2479 -0.1013 -0.0071
0.2476 -0.1016 -0.0070
0.2477 -0.1015 -0.0070
0.2478 -0.1014 -0.0071
0.2480 -0.1013 -0.0073
0.2483 -0.1011 -0.0074
0.2485 -0.1009 -0.0075
0.2473 -0.1015 -0.0067
0.2470 -0.1016 -0.0064
0.2469 -0.1016 -0.0063
0.2470 -0.1015 -0.0063
0.2471 -0.1014 -0.0063
0.2472 -0.1013 -0.0063
0.2484 -0.1004 -0.0070
0.2488 -0.1000 -0.0073
0.2490 -0.0998 -0.0074
0.2492 -0.0996 -0.0074
0.2493 -0.0994 -0.0074
0.2495 -0.0992 -0.0075
0.2502 -0.0989 -0.0080
0.2505 -0.0987 -0.0082
0.2506 -0.0986 -0.0082
0.2506 -0.0985 -0.0082
0.2506 -0.0984 -0.0082
0.2505 -0.0983 -0.0082
0.2503 -0.0983 -0.0082
0.2502 -0.0982 -0.0081
0.2501 -0.0982 -0.0081
0.2500 -0.0982 -0.0081
0.2498 -0.0982 -0.0080
0.2495 -0.0982 -0.0080
0.2489 -0.0983 -0.0079
0.2486 -0.0983 -0.0078
0.2484 -0.0983 -0.0079
0.2483 -0.0983 -0.0079
0.2482 -0.0983 -0.0080
0.2480 -0.0984 -0.0080
0.2480 -0.0986 -0.0081
0.2479 -0.0987 -0.0081
0.2476 -0.0989 -0.0081
0.2474 -0.0990 -0.0080
0.2471 -0.0990 -0.0080
0.2469 -0.0991 -0.0080
0.2481 -0.1002 -0.0080
0.2484 -0.1006 -0.0080
0.2485 -0.1007 -0.0080
0.2484 -0.1007 -0.0079
0.2484 -0.1007 -0.0079
0.2483 -0.1007 -0.0078
0.2484 -0.1008 -0.0073
0.2485 -0.1007 -0.0072
0.2485 -0.1006 -0.0071
0.2485 -0.1005 -0.0071
0.2487 -0.1004 -0.0070
0.2488 -0.1004 -0.0070
0.2488 -0.1007 -0.0073
0.2489 -0.1008 -0.0073
0.2490 -0.1008 -0.0073
0.2491 -0.1007 -0.0073
0.2492 -0.1007 -0.0072
0.2493 -0.1007 -0.0072
0.2492 -0.1011 -0.0070
0.2493 -0.1012 -0.0070
0.2494 -0.1012 -0.0069
0.2495 -0.1013 -0.0069
0.2496 -0.1013 -0.0068
0.2495 -0.1014 -0.0067
0.2492 -0.1015 -0.0066
0.2491 -0.1016 -0.0066
0.2490 -0.1016 -0.0065
0.2490 -0.1016 -0.0065
0.2490 -0.1016 -0.0064
0.2489 -0.1016 -0.0063
0.2488 -0.1017 -0.0061
0.2488 -0.1017 -0.0060
0.2488 -0.1016 -0.0060
0.2488 -0.1016 -0.0060
0.2489 -0.1016 -0.0060
0.2490 -0.1015 -0.0060
0.2492 -0.1017 -0.0059
0.2492 -0.1017 -0.0059
0.2493 -0.1017 -0.0060
0.2493 -0.1017 -0.0060
0.2494 -0.1017 -0.0060
0.2493 -0.1017 -0.0060
0.2495 -0.1019 -0.0060
0.2496 -0.1020 -0.0060
0.2495 -0.1020 -0.0059
0.2495 -0.1020 -0.0059
0.2495 -0.1020 -0.0059
0.2495 -0.1020 -0.0060
0.2494 -0.1020 -0.0062
0.2494 -0.1020 -0.0063
0.2494 -0.1020 -0.0063
0.2494 -0.1020 -0.0064
0.2494 -0.1019 -0.0064
0.2494 -0.1019 -0.0064
0.2497 -0.1017 -0.0064
0.2498 -0.1016 -0.0065
0.2499 -0.1015 -0.0065
0.2499 -0.1014 -0.0066
0.2500 -0.1013 -0.0066
0.2501 -0.1012 -0.0067
0.2501 -0.1014 -0.0068
0.2501 -0.1013 -0.0068
0.2502 -0.1012 -0.0069
0.2503 -0.1010 -0.0070
0.2504 -0.1008 -0.0071
0.2505 -0.1008 -0.0071
0.2507 -0.1009 -0.0072
0.2508 -0.1009 -0.0073
0.2508 -0.1008 -0.0073
0.2508 -0.1007 -0.0073
0.2509 -0.1006 -0.0073
0.2510 -0.1006 -0.0074
0.2513 -0.1007 -0.0076
0.2515 -0.1007 -0.0076
0.2515 -0.1006 -0.0076
0.2516 -0.1005 -0.0076
0.2516 -0.1004 -0.0076
0.2517 -0.1003 -0.0075
0.2517 -0.1010 -0.0074
0.2518 -0.1011 -0.0073
0.2519 -0.1011 -0.0073
0.2521 -0.1010 -0.0073
0.2523 -0.1009 -0.0074
0.2524 -0.1007 -0.0074
0.2528 -0.1004 -0.0078
0.2530 -0.1002 -0.0080
0.2532 -0.1001 -0.0080
0.2533 -0.1000 -0.0081
0.2535 -0.1000 -0.0081
0.2536 -0.1000 -0.0081
0.2537 -0.0999 -0.0085

