0.0000 0.0000 0.0000
0.0000 0.0000 0.0000
0.0000 0.0000 0.0000
0.0000 0.0000 0.0000
0.0000 0.0000 0.0000
0.0000 0.0000 0.0000
0.0000 0.0000 0.0000
0.0000 0.0000 0.0000
0.0000 0.0000 0.0000
0.0000 0.0000 0.0000
0.0000 0.0000 0.0000
0.0000 0.0000 0.0000
-0.1077 -0.4217 -0.9004
-0.0893 -0.4131 -0.8900
-0.0661 -0.3976 -0.8796
-0.0381 -0.4009 -0.8830
-0.0381 -0.4009 -0.8830
-0.0086 -0.3943 -0.8977
0.0032 -0.3893 -0.8867
-0.0048 -0.3906 -0.8722
-0.0150 -0.4031 -0.8604
-0.0339 -0.4092 -0.8451
-0.0504 -0.4141 -0.8372
-0.0504 -0.4141 -0.8372
-0.0747 -0.4215 -0.8344
-0.0999 -0.4290 -0.8581
-0.1227 -0.4400 -0.8689
-0.1227 -0.4400 -0.8689
-0.1345 -0.4353 -0.8915
-0.1581 -0.4256 -0.8654
-0.1714 -0.4368 -0.8695
-0.1357 -0.4497 -0.9014
-0.1398 -0.4411 -0.8466
-0.1398 -0.4411 -0.8466
-0.1391 -0.4509 -0.8679
-0.1306 -0.4397 -0.9138
-0.1185 -0.4301 -0.8897
-0.1218 -0.4387 -0.8835
-0.1275 -0.4594 -0.8875
-0.1275 -0.4594 -0.8875
-0.1469 -0.4757 -0.8628
-0.1636 -0.4580 -0.8780
-0.1552 -0.4811 -0.8571
-0.1674 -0.4885 -0.8405
-0.1716 -0.5011 -0.8565
-0.1716 -0.5011 -0.8565
-0.1870 -0.4710 -0.8900
-0.1668 -0.4623 -0.8979
-0.1391 -0.4590 -0.9145
-0.1481 -0.4075 -0.9221
-0.1406 -0.4216 -0.9320
-0.1406 -0.4216 -0.9320
-0.1337 -0.4395 -0.9419
-0.1463 -0.4436 -0.9516
-0.1503 -0.4524 -0.9228
-0.1682 -0.4635 -0.9204
-0.1682 -0.4635 -0.9204
-0.1570 -0.4680 -0.9283
-0.1472 -0.4567 -0.9531
-0.1415 -0.4656 -0.9648
-0.1191 -0.4827 -0.9516
-0.0904 -0.4598 -0.9436
-0.0904 -0.4598 -0.9436
-0.1224 -0.4008 -0.9298
-0.0636 -0.4226 -0.9381
-0.0003 -0.3959 -0.9259
0.0340 -0.3470 -0.8794
0.0666 -0.3115 -0.8530
0.0666 -0.3115 -0.8530
0.0940 -0.2962 -0.8281
0.0954 -0.2921 -0.8260
0.0945 -0.2586 -0.8246
0.0845 -0.2538 -0.8207
0.0841 -0.2883 -0.8343
0.0841 -0.2883 -0.8343
0.0612 -0.3422 -0.8317
0.0490 -0.3333 -0.8758
0.0556 -0.2719 -0.9104
0.0585 -0.2694 -0.9725
0.0585 -0.2694 -0.9725
0.0626 -0.2853 -0.9564
0.0641 -0.2935 -0.9126
0.0826 -0.3286 -0.8758
0.0954 -0.3546 -0.8824
0.1158 -0.3387 -0.9232
0.1158 -0.3387 -0.9232
0.1187 -0.3498 -0.9783
0.1117 -0.3617 -1.0303
0.0928 -0.3493 -1.0211
0.0889 -0.3624 -1.0173
0.0950 -0.3672 -0.9887
0.0950 -0.3672 -0.9887
0.1016 -0.3701 -0.9508
0.1094 -0.3700 -0.9268
0.1282 -0.3631 -0.9308
0.1364 -0.3293 -0.9196
0.1305 -0.3466 -0.9088
0.1305 -0.3466 -0.9088
0.1062 -0.3113 -0.9129
0.0457 -0.2590 -0.8889
-0.0052 -0.1692 -0.8646
-0.0405 -0.1279 -0.7612
-0.0551 -0.2316 -0.7942
-0.0551 -0.2316 -0.7942
0.0043 -0.3419 -0.8721
0.0224 -0.3313 -0.8688
-0.0046 -0.4021 -0.9705
0.1247 -0.5928 -1.1857
0.1247 -0.5928 -1.1857
0.2152 -0.5890 -1.2143
0.2360 -0.5665 -1.3189
0.2154 -0.5848 -1.4121
0.1913 -0.5990 -1.3180
0.1700 -0.5800 -1.2062
0.1700 -0.5800 -1.2062
0.1850 -0.5514 -1.1518
0.1973 -0.5358 -1.1494
0.1698 -0.5653 -1.1960
0.1411 -0.5327 -1.0517
0.1182 -0.4818 -0.9349
0.1182 -0.4818 -0.9349
0.1013 -0.4715 -0.7984
0.0964 -0.4474 -0.7665
0.0821 -0.4568 -0.7995
0.1150 -0.4139 -0.7601
0.1029 -0.3666 -0.6471
0.1029 -0.3666 -0.6471
0.0924 -0.3499 -0.5184
0.0554 -0.3644 -0.4949
0.0226 -0.4177 -0.4858
-0.0019 -0.4813 -0.5569
-0.0141 -0.5253 -0.6099
-0.0141 -0.5253 -0.6099
-0.0101 -0.5298 -0.5646
-0.0186 -0.5635 -0.5782
-0.0085 -0.6410 -0.6148
0.0225 -0.6654 -0.5705
0.0225 -0.6654 -0.5705
0.0109 -0.6389 -0.6165
0.0113 -0.6516 -0.6086
0.0082 -0.6959 -0.5965
0.0078 -0.7113 -0.6091
-0.0061 -0.7094 -0.6372
-0.0061 -0.7094 -0.6372
-0.0195 -0.6957 -0.5980
-0.0217 -0.7359 -0.5906
-0.0215 -0.7625 -0.5835
-0.0267 -0.7396 -0.6124
-0.0213 -0.7463 -0.6116
-0.0213 -0.7463 -0.6116
-0.0052 -0.7578 -0.6155
0.0257 -0.7687 -0.6078
0.0384 -0.7682 -0.5799
0.0286 -0.7664 -0.5890
0.0436 -0.7606 -0.6236
0.0436 -0.7606 -0.6236
0.0334 -0.7630 -0.6277
0.0351 -0.7564 -0.6317
0.0388 -0.7631 -0.6132
0.0184 -0.7557 -0.6125
0.0184 -0.7557 -0.6125
0.0239 -0.7709 -0.6290
0.0324 -0.7645 -0.6122
0.0220 -0.7517 -0.6128
0.0201 -0.7530 -0.6167
0.0279 -0.7566 -0.6062
0.0279 -0.7566 -0.6062
0.0197 -0.7597 -0.6055
0.0091 -0.7568 -0.5867
0.0039 -0.7655 -0.5900
0.0166 -0.7764 -0.5840
0.0271 -0.7677 -0.6272
0.0271 -0.7677 -0.6272
0.0336 -0.7563 -0.6530
0.0221 -0.7532 -0.6568
0.0180 -0.7577 -0.6698
0.0114 -0.7612 -0.6669
0.0185 -0.7571 -0.6479
0.0185 -0.7571 -0.6479
0.0190 -0.7620 -0.6196
0.0188 -0.7562 -0.6195
0.0159 -0.7582 -0.6148
0.0216 -0.7670 -0.6106
0.0257 -0.7714 -0.6177
0.0257 -0.7714 -0.6177
0.0265 -0.7651 -0.6228
0.0293 -0.7596 -0.6180
0.0297 -0.7591 -0.6135
0.0239 -0.7638 -0.6278
0.0239 -0.7638 -0.6278
0.0202 -0.7637 -0.6394
0.0190 -0.7565 -0.6535
0.0207 -0.7546 -0.6500
0.0158 -0.7558 -0.6369
0.0201 -0.7694 -0.6245
0.0201 -0.7694 -0.6245
0.0229 -0.7807 -0.6272
0.0173 -0.7686 -0.6259
0.0123 -0.7643 -0.6225
0.0121 -0.7727 -0.6306
0.0086 -0.7664 -0.6393
0.0086 -0.7664 -0.6393
0.0153 -0.7554 -0.6459
0.0107 -0.7539 -0.6500
0.0104 -0.7585 -0.6488
0.0118 -0.7449 -0.6312
0.0036 -0.7425 -0.6250
0.0036 -0.7425 -0.6250
0.0074 -0.7544 -0.6358
0.0146 -0.7490 -0.6267
0.0139 -0.7491 -0.6222
0.0047 -0.7633 -0.5983
-0.0007 -0.7561 -0.6022
-0.0007 -0.7561 -0.6022
-0.0043 -0.7436 -0.6189
0.0053 -0.7515 -0.6476
0.0103 -0.7515 -0.6522
-0.0017 -0.7564 -0.6450
-0.0017 -0.7564 -0.6450
-0.0033 -0.7629 -0.6324
0.0006 -0.7684 -0.6250
0.0038 -0.7703 -0.6316
0.0105 -0.7601 -0.6389
0.0192 -0.7544 -0.6383
0.0192 -0.7544 -0.6383
0.0166 -0.7522 -0.6246
0.0184 -0.7507 -0.6389
0.0152 -0.7386 -0.6478
0.0036 -0.7238 -0.6437
0.0052 -0.7361 -0.6391
0.0052 -0.7361 -0.6391
0.0083 -0.7477 -0.6428
0.0087 -0.7584 -0.6407
0.0000 -0.7474 -0.6614
0.0075 -0.7628 -0.6613
0.0022 -0.7501 -0.6523
0.0022 -0.7501 -0.6523
0.0062 -0.7605 -0.6401
0.0076 -0.7713 -0.6328
0.0080 -0.7750 -0.6400
0.0110 -0.7725 -0.6540
0.0110 -0.7725 -0.6540
0.0127 -0.7856 -0.6545
0.0074 -0.7850 -0.6373
0.0053 -0.7795 -0.6226
0.0074 -0.7850 -0.6291
0.0132 -0.7955 -0.6250
0.0132 -0.7955 -0.6250
0.0075 -0.7811 -0.6019
0.0002 -0.7870 -0.5739
0.0037 -0.7834 -0.5453
-0.0072 -0.7702 -0.5855
0.0151 -0.7735 -0.5862
0.0151 -0.7735 -0.5862
0.0164 -0.7718 -0.6137
0.0111 -0.7694 -0.6243
0.0228 -0.7842 -0.6374
0.0103 -0.7773 -0.6402
-0.0002 -0.7779 -0.6166
-0.0002 -0.7779 -0.6166
-0.0100 -0.7695 -0.6472
-0.0220 -0.7642 -0.6785
-0.0160 -0.7585 -0.6806
-0.0016 -0.7416 -0.6929
0.0041 -0.7501 -0.6818
0.0041 -0.7501 -0.6818
-0.0068 -0.7417 -0.6375
-0.0307 -0.7348 -0.6257
-0.0409 -0.7324 -0.6470
-0.0302 -0.7340 -0.6577
-0.0302 -0.7340 -0.6577
-0.0269 -0.7379 -0.6601
-0.0293 -0.7416 -0.6476
-0.0404 -0.7308 -0.6187
-0.0421 -0.7232 -0.6138
-0.0276 -0.7236 -0.6514
-0.0276 -0.7236 -0.6514
-0.0310 -0.7189 -0.6920
-0.0432 -0.7127 -0.7002
-0.0364 -0.7127 -0.7207
-0.0009 -0.7076 -0.7204
0.0076 -0.6858 -0.6988
0.0076 -0.6858 -0.6988
0.0018 -0.6873 -0.7056
-0.0008 -0.6871 -0.6916
0.0019 -0.6759 -0.6940
-0.0080 -0.6748 -0.6888
-0.0001 -0.6699 -0.7066
-0.0001 -0.6699 -0.7066
0.0202 -0.6767 -0.7259
0.0226 -0.6546 -0.7419
-0.0051 -0.6558 -0.7269
-0.0115 -0.6668 -0.7216
-0.0064 -0.6685 -0.7281
-0.0064 -0.6685 -0.7281
-0.0009 -0.6677 -0.7049
-0.0003 -0.6704 -0.6803
-0.0037 -0.6667 -0.6675
-0.0092 -0.6618 -0.6740
-0.0092 -0.6618 -0.6740
-0.0027 -0.6614 -0.6913
-0.0005 -0.6595 -0.6978
0.0077 -0.6458 -0.6942
0.0169 -0.6457 -0.6947
0.0030 -0.6474 -0.7090
0.0030 -0.6474 -0.7090
0.0051 -0.6542 -0.6806
0.0076 -0.6691 -0.6706
0.0075 -0.6847 -0.6870
0.0044 -0.6646 -0.6992
0.0011 -0.6703 -0.6866
0.0011 -0.6703 -0.6866
0.0169 -0.7010 -0.6834
0.0206 -0.6913 -0.6711
-0.0003 -0.6824 -0.6406
-0.0099 -0.7017 -0.6235
-0.0044 -0.7242 -0.6279
-0.0044 -0.7242 -0.6279
-0.0059 -0.7338 -0.6324
0.0126 -0.7524 -0.6265
0.0299 -0.7569 -0.6344
0.0234 -0.7643 -0.6285
0.0234 -0.7643 -0.6285
0.0157 -0.7611 -0.6290
0.0143 -0.7833 -0.6232
0.0126 -0.7942 -0.6111
-0.0057 -0.7899 -0.6234
-0.0198 -0.8080 -0.6314
-0.0198 -0.8080 -0.6314
-0.0140 -0.8155 -0.6266
-0.0174 -0.8297 -0.6223
-0.0173 -0.8290 -0.6237
-0.0045 -0.8219 -0.6091
0.0028 -0.8205 -0.6103
0.0028 -0.8205 -0.6103
0.0043 -0.8269 -0.6185
0.0076 -0.8269 -0.6098
0.0032 -0.8171 -0.6177
-0.0009 -0.8217 -0.6270
0.0067 -0.8214 -0.6154
0.0067 -0.8214 -0.6154
0.0035 -0.8239 -0.6241
-0.0002 -0.8168 -0.6258
0.0025 -0.8184 -0.6105
0.0094 -0.8189 -0.5711
0.0237 -0.8057 -0.5536
0.0237 -0.8057 -0.5536
0.0286 -0.8163 -0.5607
0.0049 -0.8180 -0.5425
-0.0100 -0.8216 -0.5571
0.0037 -0.8108 -0.5545
0.0043 -0.7933 -0.5371
0.0043 -0.7933 -0.5371
-0.0061 -0.8073 -0.5380
-0.0030 -0.8116 -0.5375
0.0015 -0.8107 -0.5410
0.0056 -0.8088 -0.5561
0.0056 -0.8088 -0.5561
0.0090 -0.8017 -0.5507
0.0097 -0.8173 -0.5460
0.0150 -0.8184 -0.5334
0.0080 -0.8040 -0.5355
-0.0012 -0.8194 -0.5428
-0.0012 -0.8194 -0.5428
-0.0020 -0.8194 -0.5515
0.0096 -0.8189 -0.5621
0.0114 -0.8123 -0.5451
0.0117 -0.8077 -0.5424
0.0046 -0.8181 -0.5413
0.0046 -0.8181 -0.5413
0.0020 -0.8219 -0.5507
0.0109 -0.8235 -0.5547
0.0180 -0.8094 -0.5361
0.0153 -0.8125 -0.5413
0.0059 -0.8182 -0.5556
0.0059 -0.8182 -0.5556
0.0076 -0.8259 -0.5577
0.0120 -0.8255 -0.5599
0.0030 -0.8152 -0.5565
0.0019 -0.8179 -0.5560
0.0019 -0.8179 -0.5560
0.0130 -0.8226 -0.5523
0.0106 -0.8237 -0.5628
0.0066 -0.8234 -0.5639
0.0087 -0.8236 -0.5552
0.0097 -0.8249 -0.5512
0.0097 -0.8249 -0.5512
0.0121 -0.8131 -0.5472
0.0107 -0.8144 -0.5426
0.0139 -0.8265 -0.5250
0.0111 -0.8179 -0.5676
0.0106 -0.8256 -0.5508
0.0106 -0.8256 -0.5508
-0.0060 -0.8259 -0.5553
0.0002 -0.8224 -0.5540

