-0.0349 0.1578 0.0314
-0.0349 0.1578 0.0315
-0.0349 0.1578 0.0317
-0.0351 0.1581 0.0320
-0.0352 0.1582 0.0320
-0.0352 0.1582 0.0318
-0.0355 0.1586 0.0320
-0.0356 0.1587 0.0318
-0.0356 0.1588 0.0316
-0.0358 0.1591 0.0317
-0.0358 0.1592 0.0314
-0.0359 0.1593 0.0311
-0.0362 0.1594 0.0310
-0.0363 0.1594 0.0308
-0.0364 0.1594 0.0305
-0.0369 0.1594 0.0305
-0.0371 0.1595 0.0302
-0.0373 0.1596 0.0300
-0.0379 0.1595 0.0302
-0.0381 0.1596 0.0300
-0.0382 0.1596 0.0299
-0.0385 0.1593 0.0298
-0.0387 0.1593 0.0296
-0.0389 0.1593 0.0293
-0.0397 0.1596 0.0290
-0.0401 0.1598 0.0287
-0.0403 0.1600 0.0285
-0.0410 0.1608 0.0285
-0.0413 0.1611 0.0283
-0.0416 0.1614 0.0281
-0.0420 0.1616 0.0280
-0.0423 0.1617 0.0276
-0.0425 0.1618 0.0271
-0.0430 0.1616 0.0263
-0.0433 0.1616 0.0257
-0.0435 0.1616 0.0251
-0.0436 0.1617 0.0250
-0.0438 0.1617 0.0245
-0.0442 0.1617 0.0241
-0.0448 0.1616 0.0237
-0.0455 0.1614 0.0235
-0.0464 0.1609 0.0237
-0.0477 0.1604 0.0245
-0.0492 0.1596 0.0256
-0.0510 0.1583 0.0276
-0.0540 0.1573 0.0304
-0.0570 0.1553 0.0346
-0.0610 0.1528 0.0400
-0.0659 0.1507 0.0467
-0.0720 0.1477 0.0543
-0.0789 0.1445 0.0633
-0.0863 0.1417 0.0743
-0.0949 0.1402 0.0866
-0.1051 0.1416 0.0985
-0.1162 0.1451 0.1100
-0.1277 0.1489 0.1213
-0.1392 0.1519 0.1333
-0.1504 0.1540 0.1469
-0.1634 0.1562 0.1613
-0.1782 0.1575 0.1774
-0.1946 0.1592 0.1953
-0.2133 0.1585 0.2153
-0.2337 0.1569 0.2370
-0.2555 0.1562 0.2606
-0.2790 0.1544 0.2847
-0.3038 0.1532 0.3094
-0.3292 0.1532 0.3353
-0.3552 0.1529 0.3607
-0.3814 0.1540 0.3848
-0.4068 0.1564 0.4080
-0.4324 0.1586 0.4292
-0.4584 0.1611 0.4489
-0.4839 0.1637 0.4678
-0.5094 0.1648 0.4852
-0.5342 0.1632 0.5027
-0.5576 0.1598 0.5203
-0.5795 0.1555 0.5373
-0.5993 0.1515 0.5536
-0.6173 0.1497 0.5703
-0.6328 0.1472 0.5865
-0.6460 0.1444 0.6036
-0.6573 0.1414 0.6221
-0.6624 0.1409 0.6525
-0.6695 0.1387 0.6762
-0.6702 0.1317 0.7087
-0.6730 0.1299 0.7360
-0.6745 0.1302 0.7641
-0.6762 0.1324 0.7972
-0.6767 0.1372 0.8282
-0.6772 0.1441 0.8595
-0.6775 0.1525 0.8902
-0.6775 0.1646 0.9173
-0.6789 0.1751 0.9432
-0.6823 0.1814 0.9692
-0.6888 0.1837 0.9948
-0.6959 0.1842 1.0186
-0.7023 0.1834 1.0409
-0.7073 0.1827 1.0620
-0.7118 0.1796 1.0836
-0.7165 0.1731 1.1064
-0.7211 0.1649 1.1321
-0.7255 0.1564 1.1594
-0.7325 0.1502 1.1867
-0.7369 0.1447 1.2160
-0.7405 0.1407 1.2458
-0.7434 0.1373 1.2751
-0.7438 0.1366 1.3084
-0.7421 0.1378 1.3428
-0.7380 0.1399 1.3769
-0.7285 0.1465 1.4126
-0.7136 0.1553 1.4454
-0.6934 0.1656 1.4751
-0.6670 0.1778 1.5023
-0.6358 0.1855 1.5294
-0.6018 0.1878 1.5542
-0.5670 0.1901 1.5730
-0.5357 0.1919 1.5887
-0.5083 0.1907 1.6044
-0.4832 0.1865 1.6219
-0.4618 0.1791 1.6426
-0.4452 0.1689 1.6670
-0.4308 0.1625 1.6912
-0.4207 0.1570 1.7196
-0.4156 0.1518 1.7559
-0.4130 0.1487 1.7907
-0.4136 0.1476 1.8275
-0.4169 0.1449 1.8669
-0.4230 0.1494 1.9050
-0.4308 0.1565 1.9414
-0.4387 0.1633 1.9772
-0.4506 0.1695 2.0100
-0.4624 0.1715 2.0440
-0.4709 0.1701 2.0787
-0.4793 0.1695 2.1082
-0.4853 0.1695 2.1353
-0.4871 0.1691 2.1630
-0.4900 0.1677 2.1873
-0.4876 0.1652 2.2131
-0.4767 0.1616 2.2435
-0.4672 0.1559 2.2728
-0.4536 0.1498 2.3043
-0.4350 0.1448 2.3391
-0.4176 0.1406 2.3706
-0.3982 0.1380 2.4022
-0.3763 0.1379 2.4353
-0.3531 0.1411 2.4630
-0.3264 0.1460 2.4886
-0.2970 0.1516 2.5129
-0.2678 0.1580 2.5315
-0.2382 0.1625 2.5485
-0.2066 0.1630 2.5671
-0.1772 0.1616 2.5810
-0.1511 0.1579 2.5953
-0.1283 0.1518 2.6142
-0.1084 0.1438 2.6345
-0.0898 0.1338 2.6591
-0.0717 0.1223 2.6882
-0.0545 0.1139 2.7173
-0.0395 0.1082 2.7472
-0.0261 0.1029 2.7779
-0.0124 0.1027 2.8111
0.0017 0.1043 2.8452
0.0159 0.1023 2.8765
0.0280 0.1071 2.9132
0.0381 0.1148 2.9494
0.0458 0.1242 2.9825
0.0497 0.1339 3.0189
0.0517 0.1406 3.0575
0.0534 0.1441 3.0955
0.0540 0.1484 3.1329
0.0529 0.1548 3.1648
0.0495 0.1612 3.1913
0.0469 0.1647 3.2213
0.0456 0.1649 3.2525
0.0432 0.1654 3.2765
0.0456 0.1620 3.3072
0.0488 0.1585 3.3360
0.0508 0.1568 3.3597
0.0566 0.1527 3.3899
0.0634 0.1485 3.4182
0.0700 0.1443 3.4411
0.0793 0.1453 3.4677
0.0899 0.1476 3.4918
0.1008 0.1495 3.5096
0.1146 0.1536 3.5289
0.1283 0.1566 3.5466
0.1417 0.1564 3.5609
0.1577 0.1554 3.5790
0.1717 0.1542 3.5954
0.1826 0.1521 3.6094
0.1938 0.1496 3.6290
0.2041 0.1462 3.6503
0.2135 0.1417 3.6709
0.2245 0.1374 3.6957
0.2347 0.1353 3.7200
0.2432 0.1378 3.7425
0.2532 0.1373 3.7672
0.2636 0.1375 3.7915
0.2739 0.1396 3.8140
0.2849 0.1405 3.8391
0.2951 0.1430 3.8646
0.3046 0.1489 3.8886
0.3146 0.1544 3.9127
0.3234 0.1614 3.9330
0.3300 0.1689 3.9500
0.3376 0.1727 3.9699
0.3473 0.1739 3.9893
0.3597 0.1742 4.0038
0.3744 0.1731 4.0133
0.3873 0.1719 4.0177
0.3989 0.1697 4.0188
0.4139 0.1637 4.0210
0.4317 0.1549 4.0205
0.4496 0.1455 4.0133
0.4661 0.1385 4.0009
0.4776 0.1337 3.9831
0.4842 0.1296 3.9606
0.4878 0.1251 3.9347
0.4863 0.1197 3.9052
0.4776 0.1134 3.8719
0.4641 0.1066 3.8383
0.4454 0.0978 3.8053
0.4232 0.0870 3.7743
0.4015 0.0746 3.7465
0.3779 0.0644 3.7212
0.3501 0.0602 3.6984
0.3220 0.0618 3.6797
0.2942 0.0663 3.6634
0.2668 0.0708 3.6482
0.2407 0.0731 3.6321
0.2153 0.0728 3.6152
0.1903 0.0704 3.5977
0.1677 0.0675 3.5805
0.1469 0.0642 3.5629
0.1268 0.0619 3.5438
0.1082 0.0595 3.5248
0.0912 0.0584 3.5050
0.0762 0.0584 3.4830
0.0619 0.0600 3.4602
0.0470 0.0630 3.4365
0.0328 0.0667 3.4120
0.0215 0.0708 3.3879
0.0109 0.0741 3.3627
-0.0014 0.0770 3.3357
-0.0115 0.0794 3.3092
-0.0225 0.0818 3.2829
-0.0386 0.0864 3.2554
-0.0504 0.0877 3.2289
-0.0627 0.0869 3.2011
-0.0776 0.0851 3.1716
-0.0895 0.0797 3.1410
-0.1013 0.0734 3.1094
-0.1138 0.0673 3.0771
-0.1242 0.0602 3.0438
-0.1348 0.0545 3.0109
-0.1471 0.0524 2.9806
-0.1623 0.0546 2.9498
-0.1815 0.0597 2.9203
-0.2037 0.0677 2.8975
-0.2261 0.0792 2.8770
-0.2496 0.0920 2.8604
-0.2755 0.1028 2.8473
-0.3019 0.1093 2.8332
-0.3271 0.1119 2.8200
-0.3503 0.1107 2.8091
-0.3726 0.1054 2.7919
-0.3929 0.0971 2.7724
-0.4106 0.0868 2.7520
-0.4271 0.0762 2.7261
-0.4415 0.0665 2.6971
-0.4539 0.0586 2.6686
-0.4660 0.0548 2.6357
-0.4791 0.0544 2.6007
-0.4946 0.0560 2.5638
-0.5066 0.0617 2.5277
-0.5148 0.0692 2.4911
-0.5193 0.0760 2.4520
-0.5212 0.0802 2.4104
-0.5233 0.0821 2.3679
-0.5266 0.0847 2.3277
-0.5260 0.0914 2.2933
-0.5260 0.0973 2.2599
-0.5306 0.0987 2.2246
-0.5352 0.0975 2.1913
-0.5443 0.0923 2.1565
-0.5587 0.0841 2.1197
-0.5723 0.0765 2.0852
-0.5880 0.0683 2.0501
-0.6072 0.0600 2.0143
-0.6272 0.0576 1.9828
-0.6503 0.0586 1.9549
-0.6760 0.0612 1.9306
-0.6998 0.0703 1.9120
-0.7266 0.0785 1.8951
-0.7594 0.0814 1.8787
-0.7917 0.0815 1.8652
-0.8216 0.0786 1.8503
-0.8495 0.0725 1.8317
-0.8735 0.0644 1.8115
-0.8958 0.0536 1.7870
-0.9163 0.0413 1.7573
-0.9326 0.0318 1.7261
-0.9459 0.0242 1.6906
-0.9572 0.0179 1.6489
-0.9670 0.0159 1.6082
-0.9756 0.0173 1.5661
-0.9831 0.0215 1.5179
-0.9862 0.0279 1.4725
-0.9850 0.0347 1.4257
-0.9804 0.0389 1.3738
-0.9720 0.0408 1.3229
-0.9613 0.0430 1.2744
-0.9481 0.0488 1.2305
-0.9324 0.0567 1.1933
-0.9166 0.0626 1.1579
-0.9027 0.0646 1.1212
-0.8900 0.0621 1.0859
-0.8786 0.0567 1.0502
-0.8680 0.0496 1.0134
-0.8574 0.0406 0.9790
-0.8487 0.0313 0.9445
-0.8436 0.0236 0.9091
-0.8421 0.0219 0.8758
-0.8463 0.0253 0.8448
-0.8535 0.0330 0.8166
-0.8615 0.0436 0.7900
-0.8719 0.0527 0.7617
-0.8859 0.0590 0.7310
-0.9015 0.0623 0.7016
-0.9146 0.0625 0.6728
-0.9226 0.0591 0.6429
-0.9257 0.0528 0.6123
-0.9245 0.0428 0.5790
-0.9193 0.0301 0.5436
-0.9099 0.0185 0.5077
-0.8953 0.0090 0.4728
-0.8744 0.0021 0.4397
-0.8537 -0.0006 0.4069
-0.8308 -0.0012 0.3742
-0.8041 0.0001 0.3418
-0.7760 0.0050 0.3133
-0.7481 0.0126 0.2908
-0.7193 0.0192 0.2738
-0.6883 0.0216 0.2588
-0.6546 0.0188 0.2438
-0.6215 0.0141 0.2301
-0.5929 0.0113 0.2187
-0.5667 0.0110 0.2115
-0.5411 0.0119 0.2073
-0.5172 0.0126 0.2035
-0.4945 0.0131 0.1994
-0.4725 0.0134 0.1954
-0.4518 0.0135 0.1913
-0.4321 0.0142 0.1870
-0.4130 0.0160 0.1818
-0.3948 0.0188 0.1753
-0.3787 0.0236 0.1688
-0.3664 0.0304 0.1639
-0.3577 0.0383 0.1586
-0.3496 0.0443 0.1544
-0.3392 0.0473 0.1516
-0.3264 0.0448 0.1433
-0.3131 0.0398 0.1324
-0.3011 0.0344 0.1213
-0.2908 0.0305 0.1103
-0.2792 0.0268 0.0992
-0.2644 0.0239 0.0871
-0.2494 0.0206 0.0739
-0.2325 0.0185 0.0615
-0.2135 0.0186 0.0507
-0.1958 0.0183 0.0420
-0.1785 0.0191 0.0363
-0.1618 0.0211 0.0337
-0.1474 0.0217 0.0339
-0.1349 0.0225 0.0371
-0.1240 0.0249 0.0418
-0.1169 0.0257 0.0469
-0.1112 0.0262 0.0498
-0.1008 0.0276 0.0484
-0.0953 0.0263 0.0488
-0.0916 0.0254 0.0496
-0.0890 0.0261 0.0497
-0.0867 0.0240 0.0494
-0.0850 0.0227 0.0487
-0.0839 0.0236 0.0476
-0.0823 0.0228 0.0462
-0.0813 0.0227 0.0444
-0.0816 0.0241 0.0424
-0.0811 0.0239 0.0411
-0.0809 0.0238 0.0403
-0.0808 0.0244 0.0400
-0.0803 0.0232 0.0396
-0.0798 0.0222 0.0393
-0.0794 0.0216 0.0391
-0.0796 0.0211 0.0379
-0.0793 0.0200 0.0370
-0.0787 0.0189 0.0367
-0.0785 0.0183 0.0363
-0.0783 0.0178 0.0361
-0.0781 0.0173 0.0360
-0.0779 0.0172 0.0356
-0.0776 0.0172 0.0350
-0.0773 0.0176 0.0342
-0.0769 0.0179 0.0337
-0.0765 0.0184 0.0332
-0.0761 0.0189 0.0326
-0.0760 0.0194 0.0327
-0.0763 0.0198 0.0333
-0.0768 0.0200 0.0345
-0.0767 0.0200 0.0356
-0.0766 0.0200 0.0367
-0.0767 0.0203 0.0378
-0.0768 0.0204 0.0388
-0.0769 0.0206 0.0399
-0.0767 0.0207 0.0412
-0.0768 0.0208 0.0425
-0.0767 0.0208 0.0436
-0.0762 0.0207 0.0447
-0.0761 0.0206 0.0456
-0.0760 0.0205 0.0465
-0.0754 0.0199 0.0472
-0.0753 0.0199 0.0480
-0.0753 0.0195 0.0488
-0.0751 0.0182 0.0496
-0.0751 0.0177 0.0505
-0.0750 0.0174 0.0513
-0.0750 0.0172 0.0522
-0.0750 0.0169 0.0529
-0.0750 0.0168 0.0535
-0.0751 0.0169 0.0539
-0.0751 0.0169 0.0544
-0.0751 0.0166 0.0550
-0.0749 0.0162 0.0556
-0.0748 0.0160 0.0561
-0.0746 0.0156 0.0567
-0.0745 0.0152 0.0575
-0.0743 0.0152 0.0578
-0.0739 0.0150 0.0582
-0.0740 0.0152 0.0582
-0.0738 0.0152 0.0584
-0.0736 0.0153 0.0584
-0.0736 0.0154 0.0582
-0.0735 0.0155 0.0582
-0.0735 0.0155 0.0585
-0.0735 0.0153 0.0591
-0.0734 0.0153 0.0594
-0.0732 0.0152 0.0598
-0.0731 0.0152 0.0605
-0.0728 0.0151 0.0606
-0.0725 0.0150 0.0607
-0.0722 0.0151 0.0608
-0.0721 0.0152 0.0609
-0.0720 0.0152 0.0609
-0.0721 0.0153 0.0610
-0.0720 0.0152 0.0610
-0.0718 0.0150 0.0611
-0.0716 0.0146 0.0612
-0.0714 0.0145 0.0613
-0.0714 0.0145 0.0614
-0.0716 0.0143 0.0614
-0.0716 0.0141 0.0616
-0.0716 0.0140 0.0618
-0.0717 0.0139 0.0619
-0.0717 0.0138 0.0620
-0.0718 0.0138 0.0620
-0.0720 0.0138 0.0618
-0.0722 0.0141 0.0617
-0.0723 0.0141 0.0617
-0.0726 0.0143 0.0618
-0.0727 0.0146 0.0618
-0.0729 0.0149 0.0619
-0.0730 0.0151 0.0620
-0.0731 0.0154 0.0621
-0.0733 0.0159 0.0621
-0.0737 0.0168 0.0621
-0.0740 0.0176 0.0623
-0.0743 0.0183 0.0628
-0.0746 0.0188 0.0636
-0.0748 0.0192 0.0641
-0.0748 0.0193 0.0647
-0.0746 0.0187 0.0653
-0.0747 0.0188 0.0658
-0.0748 0.0187 0.0662
-0.0746 0.0179 0.0662
-0.0746 0.0178 0.0665
-0.0748 0.0181 0.0667
-0.0754 0.0189 0.0668
-0.0757 0.0192 0.0669
-0.0758 0.0194 0.0671
-0.0763 0.0199 0.0673
-0.0765 0.0202 0.0673
-0.0767 0.0203 0.0673
-0.0767 0.0204 0.0677
-0.0768 0.0206 0.0678
-0.0769 0.0208 0.0679
-0.0771 0.0211 0.0685
-0.0772 0.0215 0.0688
-0.0773 0.0218 0.0692
-0.0778 0.0220 0.0700
-0.0781 0.0222 0.0704
-0.0783 0.0220 0.0711
-0.0786 0.0213 0.0724
-0.0788 0.0213 0.0730
-0.0791 0.0215 0.0733
-0.0792 0.0216 0.0735
-0.0794 0.0218 0.0738
-0.0796 0.0223 0.0742
-0.0800 0.0234 0.0747
-0.0801 0.0237 0.0750
-0.0803 0.0240 0.0752
-0.0806 0.0243 0.0752
-0.0808 0.0246 0.0754
-0.0810 0.0249 0.0756
-0.0811 0.0249 0.0759
-0.0814 0.0251 0.0761
-0.0818 0.0253 0.0765
-0.0824 0.0254 0.0775
-0.0827 0.0257 0.0778
-0.0830 0.0259 0.0779
-0.0833 0.0256 0.0777
-0.0834 0.0256 0.0776
-0.0835 0.0256 0.0773
-0.0834 0.0252 0.0770
-0.0834 0.0251 0.0767
-0.0834 0.0251 0.0765
-0.0834 0.0249 0.0762
-0.0835 0.0249 0.0759
-0.0836 0.0248 0.0757
-0.0838 0.0246 0.0755
-0.0839 0.0245 0.0753
-0.0840 0.0244 0.0751
-0.0841 0.0242 0.0751
-0.0842 0.0241 0.0751
-0.0844 0.0241 0.0750
-0.0845 0.0240 0.0747
-0.0846 0.0241 0.0745
-0.0847 0.0242 0.0743
-0.0849 0.0242 0.0741
-0.0850 0.0243 0.0740

