0.0000 0.0000 0.0000
0.0000 0.0000 0.0000
0.0000 0.0000 0.0000
0.0000 0.0000 0.0000
0.0000 0.0000 0.0000
0.0000 0.0000 0.0000
0.0000 0.0000 0.0000
0.0000 0.0000 0.0000
0.0000 0.0000 0.0000
0.0000 0.0000 0.0000
0.0000 0.0000 0.0000
0.0000 0.0000 0.0000
0.0876 -0.3792 -0.9112
0.0876 -0.3792 -0.9112
0.0604 -0.3942 -0.9171
0.0507 -0.3981 -0.9051
0.0507 -0.3981 -0.9051
0.0421 -0.4025 -0.9189
0.0591 -0.3978 -0.9125
0.1085 -0.3701 -0.8670
0.1071 -0.3768 -0.9081
0.1034 -0.3799 -0.8980
0.0630 -0.3978 -0.9055
-0.0326 -0.4055 -0.9302
-0.0987 -0.3940 -0.9234
-0.0987 -0.3940 -0.9234
-0.1322 -0.3781 -0.9118
-0.1388 -0.3437 -0.8942
-0.1281 -0.3494 -0.8872
-0.1129 -0.3619 -0.8882
-0.0983 -0.3564 -0.8568
-0.0983 -0.3564 -0.8568
-0.0732 -0.3481 -0.8497
-0.0565 -0.3360 -0.8731
-0.0566 -0.3483 -0.9035
-0.0735 -0.3557 -0.8988
-0.1103 -0.3475 -0.9006
-0.1103 -0.3475 -0.9006
-0.1282 -0.3451 -0.9398
-0.1569 -0.3389 -0.9476
-0.1977 -0.3343 -0.9391
-0.2346 -0.3460 -0.9187
-0.3022 -0.3865 -0.8186
-0.3022 -0.3865 -0.8186
-0.3212 -0.3461 -0.8940
-0.2682 -0.3778 -0.8870
-0.2552 -0.3809 -0.8536
-0.2518 -0.3886 -0.8780
-0.2203 -0.3818 -0.9039
-0.2203 -0.3818 -0.9039
-0.1945 -0.3785 -0.9367
-0.2084 -0.3862 -0.9249
-0.2319 -0.3884 -0.8923
-0.2876 -0.4124 -0.8158
-0.2876 -0.4124 -0.8158
-0.3152 -0.3571 -0.9312
-0.2815 -0.3749 -0.9003
-0.2816 -0.3891 -0.8867
-0.2970 -0.3853 -0.8770
-0.2903 -0.3646 -0.9098
-0.3096 -0.3843 -0.9643
-0.3096 -0.3843 -0.9643
-0.3075 -0.3639 -0.9694
-0.2565 -0.3169 -0.9805
-0.2467 -0.3076 -1.0058
-0.2124 -0.2994 -0.9719
-0.2124 -0.2994 -0.9719
-0.2366 -0.2989 -0.9699
-0.1797 -0.3083 -0.9800
-0.1151 -0.3059 -0.9939
-0.1032 -0.3191 -0.9583
-0.0848 -0.3579 -0.9029
-0.0848 -0.3579 -0.9029
-0.0206 -0.3292 -0.8566
0.0541 -0.3012 -0.8262
0.0263 -0.2904 -0.9111
0.0933 -0.2759 -0.7561
0.0910 -0.2656 -0.8588
0.0910 -0.2656 -0.8588
0.0718 -0.3265 -0.8787
0.0889 -0.3350 -0.8319
0.0406 -0.3482 -0.8942
0.0000 -0.3483 -0.9441
-0.0110 -0.3391 -0.9657
-0.0110 -0.3391 -0.9657
0.0257 -0.3271 -0.9706
0.0601 -0.3267 -0.9517
0.0712 -0.3393 -0.9223
0.0769 -0.3508 -0.9024
0.0769 -0.3508 -0.9024
0.0826 -0.3517 -0.9079
0.0912 -0.3577 -0.9129
0.0826 -0.3418 -0.8840
0.0688 -0.3338 -0.8826
0.0459 -0.3259 -0.8858
0.0459 -0.3259 -0.8858
0.0172 -0.3185 -0.9221
0.0177 -0.3105 -0.9409
0.0174 -0.3074 -0.9492
0.0144 -0.3185 -0.9436
0.0225 -0.3223 -0.9324
0.0225 -0.3223 -0.9324
0.0324 -0.3326 -0.9299
0.0312 -0.3301 -0.9266
0.0367 -0.3329 -0.9233
0.0409 -0.3328 -0.9312
0.0360 -0.3279 -0.9265
0.0360 -0.3279 -0.9265
0.0378 -0.3207 -0.9256
0.0367 -0.3221 -0.9368
0.0271 -0.3186 -0.9458
0.0339 -0.3193 -0.9554
0.0353 -0.3145 -0.9520
0.0353 -0.3145 -0.9520
0.0328 -0.3195 -0.9502
0.0327 -0.3155 -0.9412
0.0261 -0.3132 -0.9294
0.0364 -0.3152 -0.9285
0.0364 -0.3152 -0.9285
0.0383 -0.3141 -0.9405
0.0326 -0.3179 -0.9389
0.0387 -0.3114 -0.9330
0.0347 -0.3137 -0.9312
0.0258 -0.3175 -0.9216
0.0258 -0.3175 -0.9216
0.0228 -0.3126 -0.9255
0.0318 -0.3136 -0.9349
0.0236 -0.3165 -0.9200
0.0337 -0.3183 -0.9292
0.0282 -0.3201 -0.9384
0.0282 -0.3201 -0.9384
0.0332 -0.3252 -0.9406
0.0371 -0.3237 -0.9467
0.0324 -0.3219 -0.9495
0.0255 -0.3228 -0.9312
0.0267 -0.3253 -0.9274
0.0267 -0.3253 -0.9274
0.0205 -0.3293 -0.9165
0.0159 -0.3324 -0.9114
0.0255 -0.3389 -0.9092
0.0322 -0.3323 -0.9248
0.0300 -0.3258 -0.9390
0.0300 -0.3258 -0.9390
0.0242 -0.3250 -0.9362
0.0224 -0.3275 -0.9284
0.0229 -0.3313 -0.9239
0.0248 -0.3318 -0.9283
0.0248 -0.3318 -0.9283
0.0218 -0.3386 -0.9330
0.0233 -0.3356 -0.9253
0.0200 -0.3388 -0.9249
0.0237 -0.3362 -0.9303
0.0235 -0.3389 -0.9282
0.0235 -0.3389 -0.9282
0.0241 -0.3406 -0.9279
0.0244 -0.3438 -0.9247
0.0238 -0.3364 -0.9214
0.0266 -0.3429 -0.9218
0.0305 -0.3371 -0.9275
0.0305 -0.3371 -0.9275
0.0293 -0.3398 -0.9279
0.0222 -0.3351 -0.9231
0.0196 -0.3339 -0.9220
0.0234 -0.3354 -0.9245
0.0207 -0.3393 -0.9249
0.0207 -0.3393 -0.9249
0.0190 -0.3415 -0.9209
0.0210 -0.3405 -0.9236
0.0212 -0.3391 -0.9176
0.0192 -0.3350 -0.9271
0.0200 -0.3408 -0.9240
0.0200 -0.3408 -0.9240
0.0218 -0.3395 -0.9265
0.0172 -0.3435 -0.9261
0.0190 -0.3393 -0.9181
0.0197 -0.3463 -0.9193
0.0197 -0.3463 -0.9193
0.0215 -0.3360 -0.9283
0.0204 -0.3375 -0.9326
0.0189 -0.3428 -0.9215
0.0221 -0.3441 -0.9178
0.0247 -0.3422 -0.9238
0.0247 -0.3422 -0.9238
0.0251 -0.3368 -0.9282
0.0232 -0.3373 -0.9208
0.0245 -0.3443 -0.9198
0.0232 -0.3390 -0.9266
0.0279 -0.3417 -0.9241
0.0279 -0.3417 -0.9241
0.0245 -0.3432 -0.9250
0.0241 -0.3450 -0.9239
0.0269 -0.3425 -0.9296
0.0287 -0.3449 -0.9314
0.0246 -0.3424 -0.9222
0.0246 -0.3424 -0.9222
0.0230 -0.3398 -0.9194
0.0215 -0.3387 -0.9196
0.0223 -0.3418 -0.9273
0.0212 -0.3400 -0.9226
0.0209 -0.3406 -0.9194
0.0209 -0.3406 -0.9194
0.0180 -0.3365 -0.9213
0.0220 -0.3392 -0.9161
0.0204 -0.3456 -0.9135
0.0224 -0.3495 -0.9169
0.0224 -0.3495 -0.9169
0.0334 -0.3456 -0.9235
0.0317 -0.3431 -0.9285
0.0154 -0.3392 -0.9248
0.0188 -0.3358 -0.9274
0.0150 -0.3385 -0.9174
0.0150 -0.3385 -0.9174
0.0162 -0.3361 -0.9138
0.0224 -0.3298 -0.9214
0.0206 -0.3181 -0.9157
0.0090 -0.3156 -0.9117
0.0099 -0.3169 -0.9046
0.0099 -0.3169 -0.9046
0.0118 -0.3117 -0.9095
0.0065 -0.3042 -0.9087
0.0157 -0.3053 -0.9207
0.0228 -0.3024 -0.9294
0.0354 -0.3143 -0.9292
0.0354 -0.3143 -0.9292
0.0329 -0.3167 -0.9178
0.0202 -0.3244 -0.9244
0.0139 -0.3210 -0.9303
0.0157 -0.3187 -0.9385
0.0147 -0.3143 -0.9425
0.0147 -0.3143 -0.9425
0.0095 -0.3210 -0.9467
0.0154 -0.3215 -0.9542
0.0214 -0.3174 -0.9483
0.0169 -0.3147 -0.9440
0.0169 -0.3147 -0.9440
0.0144 -0.3172 -0.9456
0.0136 -0.3099 -0.9342
0.0152 -0.3044 -0.9330
0.0148 -0.3051 -0.9301
0.0116 -0.3024 -0.9219
0.0116 -0.3024 -0.9219
0.0174 -0.3036 -0.9200
0.0189 -0.3015 -0.9187
0.0169 -0.3065 -0.9025
0.0177 -0.3109 -0.9075
0.0171 -0.3132 -0.9262
0.0171 -0.3132 -0.9262
0.0230 -0.3217 -0.9275
0.0208 -0.3374 -0.9323
0.0201 -0.3503 -0.9427
0.0236 -0.3528 -0.9517
0.0343 -0.3520 -0.9535
0.0343 -0.3520 -0.9535
0.0448 -0.3489 -0.9659
0.0447 -0.3436 -0.9650
0.0287 -0.3432 -0.9511
0.0178 -0.3306 -0.9339
0.0178 -0.3306 -0.9339
0.0129 -0.3262 -0.9352
0.0011 -0.3151 -0.9394
0.0021 -0.3135 -0.9499
0.0082 -0.2996 -0.9593
-0.0001 -0.3003 -0.9373
-0.0001 -0.3003 -0.9373
-0.0019 -0.3112 -0.9241
0.0011 -0.3188 -0.9169
0.0091 -0.3352 -0.9207
0.0103 -0.3400 -0.9188
0.0134 -0.3499 -0.9280
0.0134 -0.3499 -0.9280
0.0169 -0.3501 -0.9577
0.0075 -0.3504 -0.9586
0.0066 -0.3586 -0.9516
0.0074 -0.3730 -0.9346
0.0013 -0.3824 -0.9184
0.0013 -0.3824 -0.9184
0.0022 -0.3677 -0.9205
0.0074 -0.3731 -0.9235
0.0044 -0.3695 -0.9119
0.0025 -0.3759 -0.9028
-0.0029 -0.3716 -0.9071
-0.0029 -0.3716 -0.9071
-0.0001 -0.3687 -0.9176
0.0018 -0.3712 -0.9109
0.0043 -0.3781 -0.9012
0.0070 -0.3829 -0.9022
0.0087 -0.3905 -0.9076
0.0087 -0.3905 -0.9076
0.0142 -0.3865 -0.9113
0.0116 -0.3863 -0.8997
0.0087 -0.3954 -0.8985
0.0102 -0.4040 -0.9018
0.0102 -0.4040 -0.9018
0.0229 -0.4065 -0.9020
0.0226 -0.4114 -0.8907
0.0181 -0.4101 -0.8888
0.0139 -0.4027 -0.9000
0.0110 -0.3910 -0.8969
0.0110 -0.3910 -0.8969
0.0087 -0.3920 -0.8992
0.0023 -0.3935 -0.9037
0.0031 -0.3881 -0.9086
0.0027 -0.3871 -0.8948
0.0016 -0.3891 -0.8925
0.0016 -0.3891 -0.8925
-0.0032 -0.3900 -0.8886
0.0018 -0.3814 -0.9043
0.0062 -0.3819 -0.9067
0.0069 -0.3834 -0.9002
0.0030 -0.3900 -0.8949
0.0030 -0.3900 -0.8949
-0.0012 -0.3895 -0.8984
0.0057 -0.3882 -0.9032
0.0073 -0.3887 -0.9090
0.0062 -0.3927 -0.9113
0.0062 -0.3927 -0.9113
0.0097 -0.3914 -0.9095
0.0078 -0.3927 -0.9093
0.0023 -0.3920 -0.9101
-0.0016 -0.3937 -0.9058
-0.0034 -0.3936 -0.9047
-0.0034 -0.3936 -0.9047
-0.0022 -0.3900 -0.9020
0.0028 -0.3897 -0.9071
0.0058 -0.3949 -0.8948
0.0078 -0.4004 -0.8879
0.0129 -0.3984 -0.8991
0.0129 -0.3984 -0.8991
0.0074 -0.3916 -0.9096
0.0014 -0.3829 -0.9132
0.0034 -0.3843 -0.9111
0.0048 -0.3907 -0.9177
-0.0041 -0.3950 -0.9338
-0.0041 -0.3950 -0.9338
0.0053 -0.3828 -0.9504
0.0108 -0.3847 -0.9511
-0.0038 -0.3834 -0.9265
-0.0064 -0.3781 -0.9233
-0.0017 -0.3738 -0.9414
-0.0017 -0.3738 -0.9414
0.0109 -0.3665 -0.9648
0.0190 -0.3505 -0.9666
0.0255 -0.3620 -0.9764
0.0228 -0.3522 -0.9462
0.0228 -0.3522 -0.9462
0.0316 -0.3571 -0.9389
0.0296 -0.3570 -0.9458
0.0218 -0.3557 -0.9470
0.0134 -0.3465 -0.9254
0.0053 -0.3393 -0.9112
0.0153 -0.3374 -0.8907
0.0153 -0.3374 -0.8907
0.0297 -0.3342 -0.8851
0.0302 -0.3368 -0.9044
0.0248 -0.3194 -0.9174
0.0291 -0.3023 -0.9234
0.0291 -0.3023 -0.9234
0.0261 -0.3075 -0.8986
0.0186 -0.3095 -0.8868
0.0226 -0.3219 -0.9054
0.0239 -0.3223 -0.9243
0.0268 -0.3203 -0.9103
0.0268 -0.3203 -0.9103
0.0275 -0.3338 -0.8944
0.0214 -0.3460 -0.8825
0.0249 -0.3578 -0.8722
0.0223 -0.3714 -0.8777
0.0183 -0.3718 -0.8802
0.0183 -0.3718 -0.8802
0.0218 -0.3755 -0.8884
0.0122 -0.3775 -0.8918
0.0115 -0.3888 -0.8952
0.0125 -0.3881 -0.9051
0.0125 -0.3881 -0.9051
0.0106 -0.3923 -0.9149
0.0100 -0.3931 -0.9062
0.0075 -0.3970 -0.8963
0.0142 -0.3981 -0.9005
0.0103 -0.3925 -0.8919
0.0103 -0.3925 -0.8919
0.0137 -0.4021 -0.8807
0.0186 -0.4043 -0.8797
0.0216 -0.4041 -0.8920
0.0146 -0.4022 -0.9046
0.0059 -0.3921 -0.9028
0.0059 -0.3921 -0.9028
0.0121 -0.3927 -0.9025
0.0147 -0.3949 -0.9035
0.0120 -0.3998 -0.9105
0.0127 -0.3934 -0.9119
0.0145 -0.3891 -0.9052
0.0145 -0.3891 -0.9052
0.0119 -0.3872 -0.8958
0.0091 -0.3922 -0.8931
0.0146 -0.3859 -0.9000
0.0139 -0.3897 -0.8941
0.0105 -0.3890 -0.8913
0.0105 -0.3890 -0.8913
0.0155 -0.3868 -0.9023
0.0195 -0.3832 -0.9004
0.0200 -0.3846 -0.9111
0.0176 -0.3781 -0.9118
0.0176 -0.3781 -0.9118
0.0167 -0.3794 -0.9167
0.0177 -0.3712 -0.9163
0.0164 -0.3762 -0.9101
0.0162 -0.3764 -0.9124
0.0186 -0.3843 -0.9152
0.0186 -0.3843 -0.9152
0.0198 -0.3721 -0.9088
0.0193 -0.3751 -0.9136
0.0201 -0.3752 -0.9108
0.0166 -0.3750 -0.9158
0.0206 -0.3752 -0.9240
0.0206 -0.3752 -0.9240
0.0191 -0.3745 -0.9179
0.0197 -0.3769 -0.9172
0.0200 -0.3765 -0.9207
0.0216 -0.3801 -0.9125
0.0212 -0.3846 -0.9088
0.0212 -0.3846 -0.9088
0.0204 -0.3833 -0.9091
0.0251 -0.3810 -0.9133
0.0219 -0.3818 -0.9165
0.0224 -0.3834 -0.9102
0.0224 -0.3834 -0.9102
0.0253 -0.3804 -0.8967
0.0246 -0.3867 -0.8966
0.0229 -0.3813 -0.8987
0.0279 -0.3818 -0.9048
0.0319 -0.3794 -0.9106
0.0319 -0.3794 -0.9106
0.0230 -0.3790 -0.9063
0.0234 -0.3816 -0.8986
0.0264 -0.3866 -0.8995
0.0190 -0.3848 -0.8952
0.0225 -0.3920 -0.8950
0.0225 -0.3920 -0.8950
0.0262 -0.3938 -0.8977
0.0285 -0.3971 -0.9051
0.0324 -0.3961 -0.9127
0.0321 -0.3939 -0.9117
0.0232 -0.3923 -0.9081
0.0232 -0.3923 -0.9081
0.0173 -0.3915 -0.9016
0.0195 -0.3898 -0.9045
0.0273 -0.3919 -0.9113
0.0239 -0.3904 -0.9160
0.0216 -0.3817 -0.9115
0.0216 -0.3817 -0.9115
0.0319 -0.3853 -0.9095
0.0277 -0.3860 -0.9072
0.0269 -0.3887 -0.9106
0.0240 -0.3847 -0.9083
0.0271 -0.3870 -0.9043
0.0271 -0.3870 -0.9043
0.0256 -0.3852 -0.8941
0.0302 -0.3917 -0.9006
0.0306 -0.3894 -0.9052
0.0282 -0.3864 -0.9023
0.0282 -0.3864 -0.9023
0.0244 -0.3881 -0.9005
0.0242 -0.3869 -0.9083
0.0244 -0.3874 -0.9108
0.0299 -0.3903 -0.9134
0.0280 -0.3900 -0.9064
0.0280 -0.3900 -0.9064
0.0302 -0.3922 -0.9050
0.0255 -0.3886 -0.8997
0.0236 -0.3884 -0.9015
0.0215 -0.3872 -0.9046
0.0276 -0.3896 -0.9049
0.0276 -0.3896 -0.9049
0.0243 -0.3859 -0.9049
0.0300 -0.3904 -0.9070
0.0271 -0.3913 -0.8981
0.0280 -0.3976 -0.8984
0.0319 -0.3916 -0.9110
0.0319 -0.3916 -0.9110
0.0248 -0.3868 -0.9127
0.0201 -0.3880 -0.9093
0.0197 -0.3886 -0.9048
0.0198 -0.3885 -0.8991
0.0175 -0.3912 -0.8966
0.0175 -0.3912 -0.8966
0.0220 -0.3926 -0.8959
0.0204 -0.3940 -0.9025
0.0204 -0.3913 -0.9094
0.0185 -0.3867 -0.9076
0.0185 -0.3867 -0.9076
0.0209 -0.3943 -0.9059
0.0249 -0.3906 -0.9111
0.0287 -0.3916 -0.9084
0.0231 -0.3900 -0.8901
0.0230 -0.3909 -0.8924
0.0230 -0.3909 -0.8924
0.0208 -0.3880 -0.9020
0.0152 -0.3916 -0.8958
0.0186 -0.4000 -0.9167
0.0221 -0.3968 -0.9171
0.0389 -0.3915 -0.8922
0.0389 -0.3915 -0.8922
0.0269 -0.3986 -0.8835
0.0213 -0.3920 -0.8903

