0.0000 0.0000 0.0000
0.0000 0.0000 0.0000
0.0000 0.0000 0.0000
0.0000 0.0000 0.0000
0.0000 0.0000 0.0000
0.0000 0.0000 0.0000
0.0000 0.0000 0.0000
0.0000 0.0000 0.0000
0.0000 0.0000 0.0000
0.0000 0.0000 0.0000
0.0000 0.0000 0.0000
0.0000 0.0000 0.0000
0.0966 -0.3802 -0.8722
0.1031 -0.3692 -0.8667
0.1031 -0.3692 -0.8667
0.1256 -0.3766 -0.8779
0.1317 -0.3849 -0.9015
0.1271 -0.3631 -0.9066
0.1275 -0.3522 -0.8910
0.1141 -0.3488 -0.8986
0.1141 -0.3488 -0.8986
0.0927 -0.3603 -0.9353
0.0785 -0.3567 -0.9758
0.0962 -0.3738 -0.9746
0.1059 -0.3669 -0.9695
0.1160 -0.3717 -0.9577
0.1160 -0.3717 -0.9577
0.1387 -0.3750 -0.9390
0.1474 -0.3612 -0.9307
0.1360 -0.3403 -0.9162
0.1315 -0.3409 -0.9206
0.1371 -0.3362 -0.8945
0.1371 -0.3362 -0.8945
0.1303 -0.3321 -0.8802
0.1151 -0.3333 -0.9008
0.1149 -0.3395 -0.9101
0.1337 -0.3525 -0.9228
0.1590 -0.3822 -0.9382
0.1590 -0.3822 -0.9382
0.1877 -0.3932 -0.9655
0.2121 -0.4349 -0.9965
0.1991 -0.4536 -1.0239
0.1881 -0.4651 -1.0245
0.1881 -0.4651 -1.0245
0.1890 -0.4636 -0.9864
0.2073 -0.4829 -0.9654
0.2037 -0.5170 -1.0202
0.2089 -0.5592 -1.0937
0.2513 -0.5820 -1.1308
0.2513 -0.5820 -1.1308
0.3338 -0.6206 -1.1398
0.3928 -0.6306 -1.1451
0.4223 -0.6095 -1.1355
0.4586 -0.5872 -1.1007
0.4776 -0.5226 -1.0059
0.4776 -0.5226 -1.0059
0.4895 -0.4660 -0.8862
0.4465 -0.4057 -0.7695
0.3716 -0.3314 -0.6886
0.3103 -0.3131 -0.6331
0.2572 -0.2988 -0.5773
0.2572 -0.2988 -0.5773
0.1547 -0.2790 -0.5970
0.1137 -0.2798 -0.5731
0.2084 -0.3170 -0.4852
0.1977 -0.2913 -0.4134
0.1977 -0.2913 -0.4134
0.1894 -0.2920 -0.3992
-0.2662 -0.3100 -1.1353
0.3665 -0.6137 -0.7334
0.1417 -0.4372 -0.7012
0.1787 -0.3273 -0.7430
0.1787 -0.3273 -0.7430
0.0389 -0.4254 -0.8475
-0.0361 -0.4418 -0.9512
-0.0285 -0.4375 -0.9341
-0.0251 -0.4333 -0.7979
-0.0862 -0.4172 -0.7536
-0.0862 -0.4172 -0.7536
-0.1707 -0.4561 -0.7814
-0.1617 -0.5168 -0.8212
-0.1217 -0.5549 -0.8318
-0.1654 -0.5337 -0.8422
-0.1756 -0.5111 -0.8182
-0.1756 -0.5111 -0.8182
-0.1595 -0.4977 -0.8232
-0.1503 -0.5048 -0.8594
-0.1121 -0.5204 -0.9225
-0.1323 -0.5097 -0.8865
-0.1496 -0.4849 -0.8321
-0.1496 -0.4849 -0.8321
-0.1441 -0.4973 -0.8074
-0.2022 -0.4956 -0.7326
-0.1940 -0.5014 -0.7709
-0.1905 -0.4525 -0.7482
-0.1905 -0.4525 -0.7482
-0.1863 -0.4964 -0.7472
-0.1630 -0.4878 -0.7884
-0.1297 -0.4720 -0.8423
-0.1017 -0.4949 -0.8796
-0.1082 -0.5222 -0.8690
-0.1082 -0.5222 -0.8690
-0.1558 -0.4998 -0.7244
-0.1758 -0.5048 -0.8402
-0.1469 -0.5415 -0.8775
-0.1449 -0.5636 -1.0893
-0.1412 -0.5927 -1.0510
-0.1412 -0.5927 -1.0510
-0.1098 -0.5760 -0.8825
0.2324 -0.1329 -0.5854
0.3475 -0.6714 -0.7420
0.2329 -0.8962 -1.3302
0.2108 -0.7511 -1.0974
0.2108 -0.7511 -1.0974
0.0421 -0.4715 -0.8602
0.0959 -0.2030 -0.9996
0.1903 -0.4259 -0.9723
0.3040 -0.6256 -0.9370
0.2559 -0.5766 -0.9218
0.2559 -0.5766 -0.9218
0.1948 -0.5343 -0.8604
0.2714 -0.4399 -0.9183
0.4482 -0.4996 -1.5712
0.3937 -0.5780 -0.8914
0.1442 -0.5416 -1.0192
0.1442 -0.5416 -1.0192
0.0490 -0.4611 -0.9936
0.0489 -0.3887 -1.0324
-0.0078 -0.3961 -0.9717
-0.0325 -0.4037 -0.7796
-0.0399 -0.4027 -0.9586
-0.0399 -0.4027 -0.9586
0.0177 -0.4003 -0.8762
0.0953 -0.2782 -0.7981
0.1329 -0.3112 -0.8791
0.0914 -0.4164 -0.8479
0.0914 -0.4164 -0.8479
0.0179 -0.3801 -0.7027
-0.0211 -0.3809 -0.8769
-0.0073 -0.4463 -0.7516
0.0009 -0.4286 -0.6347
0.0065 -0.4613 -0.6513
0.0065 -0.4613 -0.6513
-0.0438 -0.5156 -0.6778
-0.1093 -0.5370 -0.6304
-0.1200 -0.4879 -0.5516
-0.1101 -0.5082 -0.5662
-0.0703 -0.5762 -0.7503
-0.0703 -0.5762 -0.7503
-0.0594 -0.5670 -0.7734
-0.0693 -0.5540 -0.7110
-0.0543 -0.6025 -0.6879
-0.0590 -0.6042 -0.6979
-0.0572 -0.5848 -0.6967
-0.0572 -0.5848 -0.6967
-0.0676 -0.5724 -0.7280
-0.0711 -0.5688 -0.7565
-0.0806 -0.5795 -0.6851
-0.1012 -0.6337 -0.6909
-0.1012 -0.6337 -0.6909
-0.0808 -0.6415 -0.6763
-0.0531 -0.6740 -0.7043
-0.0573 -0.6519 -0.7143
-0.0677 -0.6456 -0.6843
-0.0887 -0.7168 -0.6801
-0.0887 -0.7168 -0.6801
-0.0317 -0.6981 -0.7233
0.0020 -0.6862 -0.7786
0.0184 -0.6385 -0.8178
0.0044 -0.6238 -0.8184
-0.0119 -0.6247 -0.8030
-0.0119 -0.6247 -0.8030
-0.0059 -0.6501 -0.7752
0.0051 -0.6408 -0.7620
0.0422 -0.6544 -0.7305
0.0101 -0.6779 -0.6988
-0.0068 -0.6244 -0.7652
-0.0068 -0.6244 -0.7652
-0.0054 -0.5238 -0.7969
0.0170 -0.4771 -0.8009
0.0147 -0.5286 -0.7079
-0.0158 -0.5732 -0.5694
-0.0270 -0.6313 -0.5655
-0.0270 -0.6313 -0.5655
-0.0059 -0.6624 -0.6539
0.0317 -0.6591 -0.7269
0.0609 -0.6424 -0.7750
0.0823 -0.6399 -0.8411
0.0823 -0.6399 -0.8411
0.0800 -0.6059 -0.9067
0.0748 -0.5878 -0.9281
0.0502 -0.5824 -0.8727
0.0224 -0.5913 -0.8187
0.0206 -0.5981 -0.7808
0.0206 -0.5981 -0.7808
-0.0045 -0.6088 -0.7958
-0.0063 -0.6020 -0.8246
0.0150 -0.5942 -0.8072
0.0184 -0.6161 -0.7889
0.0276 -0.6271 -0.7954
0.0276 -0.6271 -0.7954
0.0308 -0.6237 -0.7764
0.0489 -0.6194 -0.7924
0.0585 -0.5851 -0.7951
0.0338 -0.5647 -0.8071
0.0269 -0.5790 -0.7967
0.0269 -0.5790 -0.7967
0.0300 -0.5869 -0.7785
0.0288 -0.5840 -0.7590
0.0330 -0.6019 -0.7664
0.0336 -0.6133 -0.7963
0.0393 -0.6191 -0.8298
0.0393 -0.6191 -0.8298
0.0466 -0.6143 -0.7947
0.0517 -0.6200 -0.7687
0.0579 -0.6215 -0.7578
0.0556 -0.6283 -0.7560
0.0556 -0.6283 -0.7560
0.0590 -0.6210 -0.7337
0.0537 -0.6069 -0.7383
0.0650 -0.5823 -0.7548
0.0837 -0.5675 -0.7999
0.0846 -0.5625 -0.8020
0.0846 -0.5625 -0.8020
0.0867 -0.6018 -0.7479
0.0911 -0.6416 -0.7074
0.1035 -0.6564 -0.6923
0.0767 -0.6317 -0.7014
0.0540 -0.5907 -0.7500
0.0540 -0.5907 -0.7500
0.0574 -0.5970 -0.8061
0.0575 -0.5623 -0.8047
0.0540 -0.6086 -0.8963
0.0421 -0.6778 -0.9147
0.0264 -0.6745 -0.8124
0.0264 -0.6745 -0.8124
0.0118 -0.7192 -0.7353
-0.0028 -0.7276 -0.6637
0.0108 -0.6859 -0.6914
0.0394 -0.6050 -0.7672
0.0390 -0.5792 -0.8192
0.0390 -0.5792 -0.8192
0.0217 -0.5939 -0.8055
0.0156 -0.6145 -0.7289
0.0091 -0.6572 -0.7110
-0.0061 -0.6564 -0.7259
-0.0061 -0.6564 -0.7259
-0.0157 -0.6131 -0.7283
-0.0193 -0.6233 -0.7830
-0.0158 -0.6245 -0.7504
-0.0111 -0.6315 -0.7616
0.0074 -0.6631 -0.7657
0.0074 -0.6631 -0.7657
0.0080 -0.6284 -0.7611
-0.0090 -0.6470 -0.7941
-0.0256 -0.6421 -0.7838
-0.0321 -0.6375 -0.7777
-0.0225 -0.6291 -0.7585
-0.0225 -0.6291 -0.7585
-0.0170 -0.6365 -0.8151
-0.0229 -0.6345 -0.8206
0.0008 -0.6588 -0.8276
0.0434 -0.6829 -0.7821
0.0591 -0.6874 -0.7391
0.0591 -0.6874 -0.7391
0.0424 -0.6680 -0.7556
0.0318 -0.6210 -0.7851
-0.0014 -0.5738 -0.8209
-0.0230 -0.5686 -0.8014
-0.0230 -0.5686 -0.8014
-0.0360 -0.5767 -0.7375
-0.0319 -0.5955 -0.7097
0.0206 -0.6096 -0.7408
0.0428 -0.5935 -0.7379
0.0564 -0.5838 -0.7552
0.0564 -0.5838 -0.7552
0.0567 -0.5895 -0.7149
0.0363 -0.6107 -0.7069
0.0273 -0.6004 -0.7368
0.0241 -0.6091 -0.7984
0.0333 -0.6033 -0.7999
0.0333 -0.6033 -0.7999
0.0175 -0.6122 -0.7516
-0.0080 -0.6355 -0.7109
-0.0043 -0.6450 -0.7352
0.0204 -0.6473 -0.7492
0.0222 -0.6442 -0.7535
0.0222 -0.6442 -0.7535
0.0186 -0.6444 -0.7213
0.0184 -0.6527 -0.7439
0.0251 -0.6460 -0.7708
0.0259 -0.6386 -0.7532
0.0196 -0.6397 -0.7242
0.0196 -0.6397 -0.7242
0.0126 -0.6389 -0.7201
0.0154 -0.6311 -0.7237
0.0231 -0.6452 -0.7265
0.0263 -0.6447 -0.7301
0.0263 -0.6447 -0.7301
0.0226 -0.6454 -0.7197
0.0259 -0.6374 -0.7365
0.0202 -0.6332 -0.7449
0.0058 -0.6592 -0.7361
0.0035 -0.6566 -0.7251
0.0035 -0.6566 -0.7251
-0.0086 -0.6470 -0.7571
-0.0209 -0.6341 -0.7642
-0.0285 -0.6338 -0.7650
-0.0322 -0.6487 -0.7653
-0.0368 -0.6455 -0.7578
-0.0368 -0.6455 -0.7578
-0.0432 -0.6459 -0.7563
-0.0532 -0.6443 -0.7500
-0.0554 -0.6569 -0.7487
-0.0528 -0.6396 -0.7525
-0.0563 -0.6398 -0.7692
-0.0563 -0.6398 -0.7692
-0.0533 -0.6463 -0.7600
-0.0496 -0.6423 -0.7454
-0.0354 -0.6528 -0.7365
-0.0280 -0.6443 -0.7298
-0.0248 -0.6492 -0.7123
-0.0248 -0.6492 -0.7123
-0.0130 -0.6543 -0.7106
0.0042 -0.6474 -0.7206
0.0204 -0.6640 -0.7291
0.0300 -0.6623 -0.7054
0.0300 -0.6623 -0.7054
0.0398 -0.6614 -0.6817
0.0494 -0.6857 -0.7090
0.0571 -0.6724 -0.7176
0.0711 -0.6935 -0.7011
0.0794 -0.6888 -0.6847
0.0794 -0.6888 -0.6847
0.0839 -0.6911 -0.7154
0.0919 -0.6929 -0.7245
0.0957 -0.6909 -0.7107
0.0950 -0.7024 -0.7187
0.1059 -0.6812 -0.7116
0.1059 -0.6812 -0.7116
0.1166 -0.6700 -0.7032
0.1171 -0.6791 -0.6938
0.1192 -0.6754 -0.6952
0.1188 -0.6733 -0.6766
0.1193 -0.6652 -0.6647
0.1193 -0.6652 -0.6647
0.1119 -0.6611 -0.6537
0.1116 -0.6545 -0.6280
0.1049 -0.6710 -0.6255
0.0775 -0.6718 -0.6902
0.0775 -0.6718 -0.6902
0.0756 -0.6589 -0.7767
0.0954 -0.6415 -0.7792
0.0993 -0.6518 -0.8149
0.0808 -0.6441 -0.8038
0.0766 -0.6283 -0.7850
0.0766 -0.6283 -0.7850
0.0429 -0.6365 -0.8169
0.0318 -0.6222 -0.7974
0.0169 -0.6127 -0.7984
0.0090 -0.6090 -0.8314
0.0146 -0.6050 -0.8366
0.0146 -0.6050 -0.8366
0.0130 -0.6051 -0.8117
0.0134 -0.6073 -0.7702
-0.0054 -0.6178 -0.7735
-0.0062 -0.6141 -0.7894
0.0007 -0.6165 -0.7868
0.0007 -0.6165 -0.7868
-0.0052 -0.6133 -0.7607
-0.0170 -0.6202 -0.7503
-0.0125 -0.6244 -0.7516
0.0076 -0.6195 -0.7374
0.0060 -0.6182 -0.7463
0.0060 -0.6182 -0.7463
0.0069 -0.6266 -0.7543
0.0079 -0.6121 -0.7561
-0.0022 -0.6135 -0.7436
-0.0054 -0.6295 -0.7365
-0.0054 -0.6295 -0.7365
0.0055 -0.6337 -0.7447
0.0088 -0.6283 -0.7518
0.0115 -0.6387 -0.7574
0.0137 -0.6413 -0.7563
0.0039 -0.6371 -0.7495
0.0039 -0.6371 -0.7495
0.0099 -0.6317 -0.7473
0.0241 -0.6317 -0.7523
0.0286 -0.6296 -0.7613
0.0211 -0.6193 -0.7435
0.0269 -0.6259 -0.7518
0.0269 -0.6259 -0.7518
0.0318 -0.6180 -0.7689
0.0319 -0.6094 -0.7703
0.0240 -0.6172 -0.7783
0.0285 -0.6253 -0.7786
0.0368 -0.6240 -0.7772
0.0368 -0.6240 -0.7772
0.0418 -0.6344 -0.7736
0.0467 -0.6280 -0.7651
0.0553 -0.6279 -0.7708
0.0616 -0.6363 -0.7637
0.0615 -0.6320 -0.7443
0.0615 -0.6320 -0.7443
0.0635 -0.6358 -0.7487
0.0663 -0.6293 -0.7565
0.0719 -0.6255 -0.7662
0.0693 -0.6241 -0.7636
0.0693 -0.6241 -0.7636
0.0647 -0.6255 -0.7520
0.0571 -0.6208 -0.7560
0.0548 -0.6252 -0.7586
0.0586 -0.6312 -0.7471
0.0641 -0.6216 -0.7532
0.0641 -0.6216 -0.7532
0.0589 -0.6162 -0.7726
0.0621 -0.6209 -0.7652
0.0677 -0.6263 -0.7543
0.0612 -0.6216 -0.7468
0.0644 -0.6308 -0.7600
0.0644 -0.6308 -0.7600
0.0757 -0.6222 -0.7500
0.0706 -0.6249 -0.7638
0.0538 -0.6203 -0.7604
0.0483 -0.6202 -0.7612
0.0475 -0.6245 -0.7515
0.0475 -0.6245 -0.7515
0.0488 -0.6251 -0.7607
0.0482 -0.6229 -0.7695
0.0509 -0.6200 -0.7682
0.0513 -0.6205 -0.7670
0.0513 -0.6205 -0.7670
0.0431 -0.6099 -0.7538
0.0359 -0.6219 -0.7649
0.0321 -0.6231 -0.7543
0.0263 -0.6209 -0.7361
0.0307 -0.6204 -0.7435
0.0307 -0.6204 -0.7435
0.0327 -0.6158 -0.7300
0.0282 -0.6119 -0.7522
0.0208 -0.6108 -0.7761
0.0267 -0.6074 -0.7581
0.0330 -0.6080 -0.7568
0.0330 -0.6080 -0.7568
0.0336 -0.6240 -0.7712
0.0408 -0.6238 -0.7657
0.0481 -0.6203 -0.7609
0.0512 -0.6168 -0.7670
0.0593 -0.6245 -0.7840
0.0593 -0.6245 -0.7840
0.0606 -0.6088 -0.7841
0.0643 -0.6167 -0.7944
0.0618 -0.6160 -0.7921
0.0594 -0.6236 -0.7855
0.0518 -0.6229 -0.7690
0.0518 -0.6229 -0.7690
0.0468 -0.6219 -0.7705
0.0364 -0.6074 -0.7782
0.0262 -0.6079 -0.7761
0.0255 -0.6152 -0.7529
0.0255 -0.6152 -0.7529
0.0303 -0.6073 -0.7501
0.0416 -0.6182 -0.7410
0.0473 -0.6212 -0.7345
0.0643 -0.6227 -0.7374
0.0687 -0.6144 -0.7579
0.0687 -0.6144 -0.7579
0.0553 -0.6107 -0.7610
0.0486 -0.5993 -0.7548
0.0496 -0.6037 -0.7529
0.0564 -0.6017 -0.7654
0.0581 -0.5797 -0.7616
0.0581 -0.5797 -0.7616
0.0596 -0.5926 -0.7905
0.0641 -0.5901 -0.7935
0.0685 -0.5887 -0.7955
0.0641 -0.5896 -0.7868
0.0615 -0.6060 -0.7754
0.0615 -0.6060 -0.7754
0.0645 -0.6024 -0.7718
0.0637 -0.5912 -0.7683
0.0537 -0.5921 -0.7684
0.0563 -0.5948 -0.7873
0.0560 -0.5897 -0.7727
0.0560 -0.5897 -0.7727
0.0537 -0.5862 -0.7809
0.0605 -0.5921 -0.8012
0.0638 -0.5737 -0.7908
0.0570 -0.5767 -0.8091
0.0570 -0.5767 -0.8091
0.0546 -0.5694 -0.8133
0.0582 -0.5691 -0.8196
0.0601 -0.5687 -0.8132
0.0536 -0.5596 -0.8117
0.0466 -0.5674 -0.8207
0.0466 -0.5674 -0.8207
0.0528 -0.5681 -0.8346
0.0680 -0.5577 -0.8164
0.0710 -0.5590 -0.8146
0.0700 -0.5547 -0.8333
0.0755 -0.5581 -0.8400
0.0755 -0.5581 -0.8400
0.0708 -0.5623 -0.8197
0.0716 -0.5612 -0.8074
0.0766 -0.5598 -0.8197
0.0799 -0.5571 -0.8189
0.0680 -0.5562 -0.8091
0.0680 -0.5562 -0.8091
0.0630 -0.5695 -0.8173
0.0699 -0.5639 -0.8113
0.0754 -0.5594 -0.8106
0.0607 -0.5594 -0.8057
0.0607 -0.5594 -0.8057
0.0492 -0.5635 -0.8119
0.0523 -0.5615 -0.8135
0.0524 -0.5522 -0.8185
0.0497 -0.5593 -0.8259
0.0471 -0.5541 -0.8277
0.0471 -0.5541 -0.8277
0.0498 -0.5674 -0.8214
0.0493 -0.5665 -0.8096
0.0471 -0.5611 -0.8148
0.0440 -0.5701 -0.8104
0.0389 -0.5663 -0.8007
0.0389 -0.5663 -0.8007
0.0449 -0.5622 -0.8084
0.0425 -0.5587 -0.8035
0.0397 -0.5650 -0.7987
0.0425 -0.5592 -0.8068
0.0410 -0.5579 -0.8018
0.0410 -0.5579 -0.8018
0.0416 -0.5632 -0.8088
0.0338 -0.5598 -0.8023
0.0341 -0.5644 -0.8093
0.0383 -0.5636 -0.8093
0.0367 -0.5582 -0.8080
0.0367 -0.5582 -0.8080
0.0369 -0.5596 -0.8160
0.0352 -0.5580 -0.8251
0.0333 -0.5477 -0.8121
0.0309 -0.5548 -0.8074
0.0309 -0.5548 -0.8074
0.0273 -0.5632 -0.8116
0.0288 -0.5611 -0.8116
0.0389 -0.5609 -0.8082
0.0481 -0.5613 -0.8123
0.0505 -0.5643 -0.8177
0.0505 -0.5643 -0.8177
0.0478 -0.5579 -0.8099
0.0400 -0.5642 -0.8151
0.0328 -0.5627 -0.8060
0.0351 -0.5608 -0.8110
0.0407 -0.5594 -0.8195
0.0407 -0.5594 -0.8195
0.0453 -0.5521 -0.8092
0.0421 -0.5581 -0.8067
0.0308 -0.5627 -0.8052
0.0292 -0.5667 -0.7819
0.0360 -0.5616 -0.7845
0.0360 -0.5616 -0.7845
0.0319 -0.5567 -0.8063
0.0289 -0.5590 -0.8274
0.0345 -0.5534 -0.8204
0.0319 -0.5600 -0.8138
0.0269 -0.5707 -0.8047
0.0269 -0.5707 -0.8047
0.0259 -0.5668 -0.7937
0.0332 -0.5651 -0.7928
0.0442 -0.5612 -0.8133
0.0506 -0.5567 -0.8079
0.0506 -0.5567 -0.8079
0.0459 -0.5577 -0.8114
0.0435 -0.5639 -0.8172
0.0365 -0.5497 -0.8079
0.0403 -0.5613 -0.8199
0.0381 -0.5631 -0.8171
0.0381 -0.5631 -0.8171
0.0392 -0.5531 -0.8128
0.0405 -0.5609 -0.8150
0.0352 -0.5675 -0.8107
0.0349 -0.5683 -0.7957
0.0367 -0.5580 -0.7930
0.0367 -0.5580 -0.7930
0.0329 -0.5618 -0.8078
0.0263 -0.5527 -0.8171
0.0337 -0.5598 -0.8219
0.0337 -0.5580 -0.8105
0.0282 -0.5642 -0.8002
0.0282 -0.5642 -0.8002
0.0329 -0.5617 -0.7996
0.0379 -0.5630 -0.8132
0.0338 -0.5618 -0.8021
0.0355 -0.5576 -0.8025
0.0407 -0.5524 -0.8142
0.0407 -0.5524 -0.8142
0.0388 -0.5499 -0.8203
0.0384 -0.5581 -0.8181
0.0497 -0.5651 -0.8199
0.0551 -0.5547 -0.8114
0.0551 -0.5547 -0.8114
0.0486 -0.5623 -0.8151
0.0384 -0.5546 -0.8207
0.0282 -0.5494 -0.8131
0.0263 -0.5647 -0.8029
0.0328 -0.5628 -0.8060
0.0328 -0.5628 -0.8060
0.0313 -0.5489 -0.8200
0.0305 -0.5427 -0.8363
0.0332 -0.5451 -0.8289
0.0342 -0.5485 -0.8035
0.0399 -0.5584 -0.8003
0.0399 -0.5584 -0.8003
0.0372 -0.5604 -0.8077
0.0332 -0.5568 -0.8108
0.0345 -0.5556 -0.8120
0.0362 -0.5536 -0.8056
0.0389 -0.5568 -0.8127
0.0389 -0.5568 -0.8127
0.0401 -0.5536 -0.8109
0.0362 -0.5564 -0.8196
0.0327 -0.5493 -0.8179
0.0313 -0.5538 -0.8200
0.0342 -0.5609 -0.8192
0.0342 -0.5609 -0.8192
0.0381 -0.5584 -0.8271
0.0425 -0.5550 -0.8307
0.0438 -0.5590 -0.8226
0.0360 -0.5511 -0.8195
0.0360 -0.5511 -0.8195
0.0301 -0.5481 -0.8258
0.0293 -0.5464 -0.8272
0.0321 -0.5513 -0.8129
0.0380 -0.5493 -0.8215
0.0361 -0.5437 -0.8237
0.0361 -0.5437 -0.8237
0.0348 -0.5428 -0.8093
0.0280 -0.5534 -0.8016
0.0304 -0.5534 -0.8086
0.0363 -0.5457 -0.8255
0.0377 -0.5572 -0.8256
0.0377 -0.5572 -0.8256
0.0309 -0.5517 -0.8176
0.0281 -0.5577 -0.8102
0.0339 -0.5576 -0.8077
0.0294 -0.5641 -0.8006
0.0295 -0.5553 -0.8002
0.0295 -0.5553 -0.8002
0.0341 -0.5631 -0.8070
0.0309 -0.5586 -0.8030
0.0211 -0.5556 -0.8157
0.0174 -0.5521 -0.8237
0.0174 -0.5521 -0.8237
0.0195 -0.5548 -0.8212
0.0203 -0.5575 -0.8230
0.0199 -0.5540 -0.8307
0.0267 -0.5497 -0.8283
0.0287 -0.5504 -0.8279
0.0287 -0.5504 -0.8279
0.0211 -0.5634 -0.8075
0.0187 -0.5735 -0.7821
0.0235 -0.5802 -0.7919
0.0340 -0.5705 -0.7959
0.0359 -0.5596 -0.8206
0.0359 -0.5596 -0.8206
0.0281 -0.5470 -0.7997
0.0256 -0.5615 -0.7902
0.0244 -0.5801 -0.7559
0.0222 -0.5871 -0.7394
0.0342 -0.5891 -0.7515
0.0342 -0.5891 -0.7515
0.0466 -0.5800 -0.7879
0.0480 -0.5870 -0.8001
0.0426 -0.5825 -0.7876
0.0488 -0.5872 -0.7953
0.0518 -0.5954 -0.8161
0.0518 -0.5954 -0.8161
0.0612 -0.6009 -0.8095
0.0821 -0.6168 -0.8096
0.0948 -0.6122 -0.7985
0.1053 -0.6045 -0.7915
0.1053 -0.6045 -0.7915
0.1178 -0.5938 -0.8080
0.1301 -0.5899 -0.8182
0.1366 -0.5793 -0.8091
0.1416 -0.5901 -0.7957
0.1365 -0.5923 -0.7657
0.1365 -0.5923 -0.7657
0.1417 -0.5982 -0.7345
0.1463 -0.5996 -0.7148
0.1620 -0.6112 -0.6979
0.1790 -0.6429 -0.6629
0.1950 -0.6721 -0.6323
0.1950 -0.6721 -0.6323
0.2136 -0.6300 -0.6803
0.2262 -0.6398 -0.7649
0.2354 -0.6159 -0.8265
0.2224 -0.5812 -0.7706
0.1935 -0.5872 -0.7446
0.1935 -0.5872 -0.7446
0.1772 -0.5566 -0.7367
0.1555 -0.5372 -0.7871
0.1396 -0.5042 -0.8463
0.1528 -0.4808 -0.9025
0.1340 -0.4636 -0.9124
0.1340 -0.4636 -0.9124
0.1059 -0.4639 -0.8582
0.0793 -0.4229 -0.8709
0.0735 -0.4392 -1.0037
0.0508 -0.4521 -0.9878
0.0508 -0.4521 -0.9878
0.0310 -0.4257 -0.9544
0.0267 -0.4742 -0.9452
0.0075 -0.5019 -0.9098
0.0018 -0.5072 -0.8537
0.0047 -0.5155 -0.8147
0.0047 -0.5155 -0.8147
-0.0117 -0.5310 -0.8064
-0.0110 -0.5556 -0.7747
0.0034 -0.5562 -0.7740
0.0138 -0.5747 -0.7678
0.0332 -0.5920 -0.7462
0.0332 -0.5920 -0.7462
0.0637 -0.5931 -0.7313
0.0914 -0.5962 -0.7683
0.1140 -0.5945 -0.8103
0.1213 -0.5785 -0.8207
0.1264 -0.5806 -0.8311
0.1264 -0.5806 -0.8311
0.1291 -0.5922 -0.8130
0.1284 -0.5791 -0.8104
0.1168 -0.5718 -0.8063
0.0941 -0.5588 -0.7945
0.0941 -0.5588 -0.7945
0.0753 -0.5683 -0.8027
0.0813 -0.5708 -0.8257
0.0795 -0.5642 -0.8423
0.0619 -0.5517 -0.8292
0.0377 -0.5478 -0.8267
0.0377 -0.5478 -0.8267
0.0152 -0.5402 -0.8208
-0.0273 -0.5351 -0.8302
-0.0631 -0.5387 -0.8578
-0.0833 -0.5293 -0.8553
-0.0908 -0.5342 -0.8470
-0.0908 -0.5342 -0.8470
-0.0964 -0.5447 -0.8580
-0.0977 -0.5170 -0.8287
-0.0844 -0.5363 -0.7997
-0.0613 -0.5478 -0.8266
-0.0539 -0.5504 -0.8237
-0.0539 -0.5504 -0.8237
-0.0463 -0.5332 -0.7958
-0.0226 -0.6034 -0.8099
0.0069 -0.6275 -0.8070
0.0267 -0.5898 -0.7865
0.0200 -0.5648 -0.7920
0.0200 -0.5648 -0.7920
0.0365 -0.6199 -0.8014
0.0755 -0.6398 -0.7896
0.0847 -0.6222 -0.7679
0.0620 -0.6180 -0.7674
0.0620 -0.6180 -0.7674
0.0680 -0.6222 -0.7756
0.0842 -0.6104 -0.7764
0.1009 -0.6492 -0.7857
0.1050 -0.6391 -0.7700
0.1018 -0.6260 -0.7334
0.1018 -0.6260 -0.7334
0.0863 -0.6245 -0.7223
0.0853 -0.6304 -0.7485
0.0844 -0.6337 -0.7617
0.0864 -0.6352 -0.7338
0.0856 -0.6306 -0.7447
0.0856 -0.6306 -0.7447
0.0748 -0.6376 -0.7464
0.0730 -0.6400 -0.7546
0.0653 -0.6402 -0.7482
0.0679 -0.6532 -0.7486
0.0788 -0.6404 -0.7357
0.0788 -0.6404 -0.7357
0.0881 -0.6333 -0.7279
0.0878 -0.6356 -0.7291
0.0782 -0.6352 -0.7312
0.0572 -0.6580 -0.7452
0.0572 -0.6580 -0.7452
0.0487 -0.6384 -0.7551
0.0632 -0.6391 -0.7350
0.0506 -0.6508 -0.7325
0.0499 -0.6522 -0.7356
0.0402 -0.6382 -0.7297
0.0402 -0.6382 -0.7297
0.0302 -0.6479 -0.7263
0.0217 -0.6625 -0.7359
0.0194 -0.6548 -0.7433
0.0232 -0.6446 -0.7520
0.0292 -0.6365 -0.7601
0.0292 -0.6365 -0.7601
0.0205 -0.6520 -0.7596
0.0256 -0.6580 -0.7584
0.0272 -0.6532 -0.7423
0.0278 -0.6548 -0.7476
0.0371 -0.6520 -0.7566
0.0371 -0.6520 -0.7566
0.0362 -0.6488 -0.7464
0.0256 -0.6361 -0.7397
0.0129 -0.6428 -0.7469
0.0245 -0.6459 -0.7321
0.0323 -0.6532 -0.7271
0.0323 -0.6532 -0.7271
0.0362 -0.6478 -0.7364
0.0416 -0.6425 -0.7360
0.0335 -0.6493 -0.7424
0.0260 -0.6571 -0.7470
0.0407 -0.6488 -0.7477
0.0460 -0.6546 -0.7454
0.0357 -0.6428 -0.7620
0.0354 -0.6508 -0.7536
0.0425 -0.6488 -0.7428
0.0425 -0.6488 -0.7428
0.0343 -0.6497 -0.7342
0.0257 -0.6429 -0.7330
0.0322 -0.6514 -0.7238
0.0313 -0.6520 -0.7444
0.0283 -0.6494 -0.7375
0.0283 -0.6494 -0.7375
0.0425 -0.6456 -0.7348
0.0356 -0.6537 -0.7421
0.0313 -0.6510 -0.7486
0.0394 -0.6480 -0.7546
0.0432 -0.6541 -0.7378
0.0432 -0.6541 -0.7378
0.0381 -0.6479 -0.7369
0.0291 -0.6564 -0.7391
0.0295 -0.6529 -0.7303
0.0358 -0.6518 -0.7246
0.0358 -0.6518 -0.7246
0.0387 -0.6540 -0.7324
0.0402 -0.6539 -0.7344
0.0444 -0.6505 -0.7425
0.0487 -0.6471 -0.7542
0.0385 -0.6497 -0.7428
0.0385 -0.6497 -0.7428
0.0248 -0.6526 -0.7249
0.0243 -0.6657 -0.7156
0.0295 -0.6629 -0.7160
0.0416 -0.6581 -0.7267
0.0373 -0.6508 -0.7471
0.0373 -0.6508 -0.7471
0.0357 -0.6585 -0.7397
0.0443 -0.6629 -0.7394
0.0384 -0.6504 -0.7290
0.0425 -0.6563 -0.7359
0.0392 -0.6557 -0.7458
0.0392 -0.6557 -0.7458
0.0309 -0.6595 -0.7346
0.0343 -0.6554 -0.7287
0.0309 -0.6536 -0.7276
0.0245 -0.6514 -0.7229
0.0245 -0.6514 -0.7229
0.0243 -0.6538 -0.7307
0.0280 -0.6536 -0.7299
0.0387 -0.6582 -0.7302
0.0347 -0.6557 -0.7226
0.0339 -0.6646 -0.7263
0.0339 -0.6646 -0.7263
0.0207 -0.6606 -0.7329
0.0225 -0.6620 -0.7386
0.0380 -0.6702 -0.7530
0.0312 -0.6508 -0.7471
0.0294 -0.6611 -0.7401
0.0294 -0.6611 -0.7401
0.0321 -0.6584 -0.7321
0.0332 -0.6548 -0.7283
0.0294 -0.6466 -0.7277
0.0251 -0.6550 -0.7257
0.0240 -0.6546 -0.7243
0.0240 -0.6546 -0.7243
0.0300 -0.6533 -0.7269
0.0278 -0.6512 -0.7295
0.0257 -0.6595 -0.7180
0.0284 -0.6669 -0.7155
0.0364 -0.6595 -0.7345
0.0364 -0.6595 -0.7345
0.0384 -0.6629 -0.7446
0.0427 -0.6658 -0.7482
0.0344 -0.6567 -0.7343
0.0138 -0.6580 -0.7315
0.0138 -0.6580 -0.7315
0.0122 -0.6747 -0.7436
0.0313 -0.6642 -0.7327
0.0367 -0.6480 -0.7487
0.0237 -0.6468 -0.7430
0.0236 -0.6537 -0.7200
0.0236 -0.6537 -0.7200
0.0289 -0.6502 -0.6956
0.0366 -0.6667 -0.7178
0.0398 -0.6679 -0.7453
0.0389 -0.6573 -0.7494
0.0270 -0.6559 -0.7580
0.0270 -0.6559 -0.7580

