0.0949 -0.3583 -0.9125
0.0981 -0.3583 -0.9232
0.0929 -0.3588 -0.8977
0.0907 -0.3540 -0.9120
0.0949 -0.3503 -0.9110
0.0898 -0.3447 -0.9126
0.0956 -0.3518 -0.9212
0.0937 -0.3540 -0.9083
0.0937 -0.3540 -0.9083
0.0905 -0.3560 -0.9176
0.0916 -0.3567 -0.9160
0.0938 -0.3541 -0.9193
0.0905 -0.3518 -0.9180
0.0873 -0.3468 -0.9103
0.0873 -0.3468 -0.9103
0.0895 -0.3515 -0.9007
0.0883 -0.3491 -0.9026
0.0833 -0.3561 -0.9067
0.0871 -0.3607 -0.9127
0.0871 -0.3607 -0.9127
0.0879 -0.3592 -0.9119
0.0832 -0.3578 -0.9098
0.0863 -0.3555 -0.9183
0.0872 -0.3569 -0.9215
0.0886 -0.3571 -0.9233
0.0886 -0.3571 -0.9233
0.0880 -0.3544 -0.9229
0.0854 -0.3544 -0.9143
0.0823 -0.3556 -0.9007
0.0858 -0.3577 -0.9107
0.0847 -0.3565 -0.9028
0.0847 -0.3565 -0.9028
0.0892 -0.3575 -0.9056
0.0891 -0.3587 -0.8911
0.0955 -0.3557 -0.9087
0.0995 -0.3560 -0.9210
0.0922 -0.3548 -0.9218
0.0922 -0.3548 -0.9218
0.0849 -0.3533 -0.9080
0.0793 -0.3502 -0.8911
0.0904 -0.3644 -0.9137
0.0945 -0.3653 -0.9238
0.0960 -0.3622 -0.9237
0.0960 -0.3622 -0.9237
0.0965 -0.3578 -0.9098
0.0916 -0.3500 -0.9169
0.0885 -0.3516 -0.9160
0.0859 -0.3569 -0.9130
0.0859 -0.3569 -0.9130
0.0822 -0.3591 -0.9059
0.0912 -0.3560 -0.9073
0.0933 -0.3565 -0.9071
0.0852 -0.3543 -0.9116
0.0882 -0.3524 -0.9116
0.0882 -0.3524 -0.9116
0.0908 -0.3533 -0.9113
0.0926 -0.3590 -0.9043
0.0957 -0.3624 -0.9119
0.0957 -0.3562 -0.9175
0.0920 -0.3556 -0.9169
0.0920 -0.3556 -0.9169
0.0905 -0.3489 -0.9126
0.1021 -0.3461 -0.9035
0.0959 -0.3662 -0.9074
0.0937 -0.3598 -0.9153
0.0939 -0.3577 -0.9341
0.0939 -0.3577 -0.9341
0.0932 -0.3530 -0.9265
0.0976 -0.3492 -0.9151
0.0977 -0.3637 -0.9199
0.0977 -0.3514 -0.9099
0.0963 -0.3687 -0.9137
0.0963 -0.3687 -0.9137
0.0958 -0.3633 -0.9140
0.0944 -0.3560 -0.9019
0.0945 -0.3484 -0.8974
0.0968 -0.3486 -0.9032
0.0946 -0.3473 -0.8903
0.0946 -0.3473 -0.8903
0.0938 -0.3508 -0.9136
0.0900 -0.3504 -0.9026
0.0943 -0.3489 -0.9119
0.0924 -0.3533 -0.9092
0.0924 -0.3533 -0.9092
0.1016 -0.3592 -0.9100
0.0989 -0.3629 -0.9180
0.1006 -0.3575 -0.9288
0.0961 -0.3488 -0.9182
0.0874 -0.3522 -0.8998
0.0874 -0.3522 -0.8998
0.0847 -0.3552 -0.9065
0.0938 -0.3610 -0.9161
0.1048 -0.3589 -0.9254
0.1074 -0.3565 -0.9313
0.1038 -0.3488 -0.9167
0.1038 -0.3488 -0.9167
0.0911 -0.3404 -0.9012
0.0872 -0.3481 -0.9088
0.0835 -0.3546 -0.9037
0.0917 -0.3534 -0.9129
0.0973 -0.3519 -0.9119
0.0973 -0.3519 -0.9119
0.0968 -0.3496 -0.9113
0.0950 -0.3494 -0.9188
0.0907 -0.3521 -0.9209
0.0902 -0.3508 -0.9046
0.0930 -0.3539 -0.9144
0.0930 -0.3539 -0.9144
0.0931 -0.3533 -0.9121
0.0950 -0.3504 -0.9145
0.0950 -0.3491 -0.9092
0.0957 -0.3436 -0.9095
0.0948 -0.3475 -0.9046
0.0948 -0.3475 -0.9046
0.0962 -0.3467 -0.9078
0.0945 -0.3501 -0.9057
0.0979 -0.3479 -0.9144
0.0989 -0.3452 -0.9164
0.0989 -0.3452 -0.9164
0.0965 -0.3396 -0.9117
0.0920 -0.3390 -0.9193
0.0911 -0.3312 -0.9043
0.0908 -0.3252 -0.9094
0.0890 -0.3214 -0.8984
0.0890 -0.3214 -0.8984
0.0901 -0.3217 -0.9016
0.0914 -0.3195 -0.9050
0.0848 -0.3179 -0.9220
0.0867 -0.3191 -0.9193
0.0925 -0.3155 -0.9148
0.0925 -0.3155 -0.9148
0.0965 -0.3144 -0.9119
0.1006 -0.3138 -0.9075
0.1057 -0.3143 -0.9187
0.1299 -0.3001 -0.9310
0.1391 -0.3073 -0.9253
0.1391 -0.3073 -0.9253
0.1456 -0.2848 -0.9258
0.1685 -0.2642 -0.9350
0.1600 -0.2800 -0.9117
0.1332 -0.2662 -0.9063
0.1288 -0.2493 -0.9246
0.1288 -0.2493 -0.9246
0.1245 -0.2437 -0.9265
0.1238 -0.2305 -0.9203
0.1618 -0.2283 -0.9179
0.1986 -0.2199 -0.9417
0.1986 -0.2199 -0.9417
0.2208 -0.2034 -0.9774
0.2650 -0.1775 -0.9864
0.2971 -0.1631 -0.9852
0.3130 -0.1434 -0.9483
0.3267 -0.0921 -0.9177
0.3267 -0.0921 -0.9177
0.3398 -0.0662 -0.9303
0.3373 -0.0298 -0.9390
0.3339 -0.0305 -0.8816
0.2953 -0.0287 -0.8674
0.2648 -0.0188 -0.8857
0.2648 -0.0188 -0.8857
0.2439 -0.0237 -0.9910
0.2379 -0.0392 -1.0573
0.2531 -0.0970 -1.0461
0.3039 -0.1456 -1.0489
0.3528 -0.1566 -1.0621
0.3528 -0.1566 -1.0621
0.3848 -0.1524 -1.0960
0.3796 -0.1180 -1.0845
0.3423 -0.0954 -1.0843
0.2753 -0.0998 -1.0460
0.2113 -0.0877 -1.0056
0.2113 -0.0877 -1.0056
0.1460 -0.0898 -0.9606
0.0951 -0.0984 -0.9078
0.0457 -0.1165 -0.8730
0.0240 -0.1340 -0.8578
0.0425 -0.1246 -0.8637
0.0425 -0.1246 -0.8637
0.0729 -0.1197 -0.9003
0.0835 -0.1331 -0.9318
0.0916 -0.1318 -0.9086
0.1174 -0.1351 -0.9504
0.1174 -0.1351 -0.9504
0.1151 -0.1735 -0.9815
0.1054 -0.1846 -0.9647
0.1047 -0.1782 -0.9492
0.1078 -0.2164 -0.9295
0.0971 -0.2460 -0.9174
0.0971 -0.2460 -0.9174
0.1252 -0.2798 -0.9496
0.1252 -0.2798 -0.9496
0.1355 -0.2635 -1.0201
0.1078 -0.2006 -1.0811
0.1078 -0.2006 -1.0811
0.0788 -0.1556 -1.1136
0.0490 -0.1343 -1.1057
-0.0064 -0.1180 -1.0275
-0.0555 -0.1046 -0.9878
-0.0796 -0.0823 -0.9821
-0.0796 -0.0823 -0.9821
-0.0977 -0.0674 -0.9899
-0.0921 -0.0813 -1.0011
-0.0714 -0.0607 -1.0437
-0.0613 -0.0449 -1.0371
-0.0159 -0.0625 -1.0052
-0.0159 -0.0625 -1.0052
0.0220 -0.1048 -0.9128
0.0285 -0.1233 -0.8167
0.0608 -0.1403 -0.8056
0.0827 -0.1138 -0.8469
0.0942 -0.1193 -0.9218
0.0942 -0.1193 -0.9218
0.0757 -0.1140 -0.9903
0.0473 -0.1094 -1.0483
0.0421 -0.1089 -1.0698
0.0258 -0.1337 -1.0101
0.0041 -0.1724 -0.9274
0.0041 -0.1724 -0.9274
-0.0065 -0.2030 -0.8741
0.0014 -0.2124 -0.8802
0.0087 -0.2146 -0.8948
0.0172 -0.2075 -0.9159
0.0172 -0.2075 -0.9159
0.0154 -0.2057 -0.9462
0.0259 -0.2084 -0.9632
0.0333 -0.2073 -0.9654
0.0314 -0.2167 -0.9834
0.0231 -0.2256 -0.9871
0.0209 -0.2324 -0.9941
0.0209 -0.2324 -0.9941
0.0095 -0.2381 -0.9646
0.0102 -0.2415 -0.9504
0.0150 -0.2492 -0.9475
0.0192 -0.2478 -0.9534
0.0200 -0.2582 -0.9756
0.0200 -0.2582 -0.9756
0.0249 -0.2604 -1.0133
0.0270 -0.2438 -0.9897
0.0329 -0.2486 -1.0033
0.0260 -0.2671 -1.0025
0.0260 -0.2671 -1.0025
0.0169 -0.2668 -0.9943
0.0144 -0.2988 -1.0387
0.0239 -0.3553 -1.0908
0.0287 -0.3442 -0.9739
0.0542 -0.3305 -0.9599
0.0542 -0.3305 -0.9599
0.0831 -0.3128 -1.0462
0.1298 -0.2838 -1.1462
0.1747 -0.2109 -1.2004
0.1795 -0.0834 -1.2446
0.1795 -0.0834 -1.2446
0.1538 0.0179 -1.2485
0.1137 0.0324 -1.1140
0.0977 0.0027 -0.8584
0.0984 -0.0534 -0.6439
0.1151 -0.1428 -0.5427
0.1151 -0.1428 -0.5427
0.1594 -0.1734 -0.5702
0.2018 -0.1719 -0.7208
0.2016 -0.1350 -0.8764
0.1738 -0.0710 -1.0112
0.1453 -0.0578 -1.1466
0.1453 -0.0578 -1.1466
0.1221 -0.1236 -1.1040
0.1036 -0.1494 -0.9358
0.0535 -0.1705 -0.8285
-0.0058 -0.2206 -0.7789
-0.0431 -0.2775 -0.7766
-0.0431 -0.2775 -0.7766
-0.0535 -0.3294 -0.8009
-0.0546 -0.3665 -0.8471
-0.0340 -0.3719 -0.8999
0.0241 -0.3578 -0.9670
0.0776 -0.3362 -0.9921
0.0776 -0.3362 -0.9921
0.1121 -0.3105 -1.0063
0.1308 -0.3017 -1.0195
0.1339 -0.3002 -1.0098
0.1176 -0.2919 -0.9814
0.1043 -0.2776 -0.9586
0.1043 -0.2776 -0.9586
0.0527 -0.3097 -0.9378
-0.0012 -0.2982 -0.9464
-0.0464 -0.2858 -0.9851
-0.0707 -0.2812 -1.0060
-0.0839 -0.2822 -1.0175
-0.0839 -0.2822 -1.0175
-0.0909 -0.3186 -0.9919
-0.0876 -0.2999 -1.0075
-0.0795 -0.2512 -1.1113
-0.0491 -0.1945 -1.2593
-0.0491 -0.1945 -1.2593
-0.0384 -0.0780 -1.3648
-0.0199 0.0168 -1.3437
-0.0136 -0.0116 -1.0731
-0.0300 -0.0869 -0.7956
-0.0867 -0.1265 -0.5938
-0.0867 -0.1265 -0.5938
-0.1468 -0.1552 -0.5430
-0.1030 -0.1173 -0.7939
-0.0023 -0.0776 -1.0145
0.0790 -0.0663 -1.1280
0.1219 -0.1098 -1.0577
0.1219 -0.1098 -1.0577
0.1319 -0.1877 -0.8578
0.1356 -0.2395 -0.7098
0.1213 -0.2989 -0.6681
0.0898 -0.3510 -0.7024
0.0577 -0.3566 -0.7651
0.0577 -0.3566 -0.7651
0.0282 -0.3261 -0.8576
0.0137 -0.2939 -0.9361
-0.0014 -0.2612 -1.0054
-0.0335 -0.2420 -1.0559
-0.0573 -0.2480 -1.0813
-0.0573 -0.2480 -1.0813
-0.0743 -0.2540 -1.0447
-0.0891 -0.2720 -0.9603
-0.0798 -0.2762 -0.9075
-0.0526 -0.2803 -0.9026
-0.0526 -0.2803 -0.9026
-0.0237 -0.2890 -0.9283
0.0013 -0.2823 -0.9950
0.0160 -0.2650 -1.0596
0.0339 -0.2740 -1.1282
0.0358 -0.3139 -1.1329
0.0358 -0.3139 -1.1329
0.0546 -0.2867 -1.1512
0.0905 -0.2563 -1.1878
0.1321 -0.2296 -1.1992
0.1665 -0.1618 -1.2111
0.1665 -0.1618 -1.2111
0.1832 -0.0768 -1.2219
0.1799 -0.0511 -1.1095
0.1681 -0.0884 -0.8422
0.1490 -0.1494 -0.6249
0.1719 -0.2112 -0.5438
0.1719 -0.2112 -0.5438
0.1961 -0.2222 -0.6113
0.1620 -0.1777 -0.8339
0.1226 -0.0908 -1.0484
0.0988 -0.0182 -1.2706
0.0629 -0.0341 -1.1905
0.0629 -0.0341 -1.1905
0.0308 -0.0637 -0.9613
-0.0272 -0.1093 -0.7849
-0.0636 -0.1640 -0.6865
-0.0880 -0.2360 -0.6438
-0.0867 -0.3053 -0.6827
-0.0484 -0.3191 -0.7943
-0.0484 -0.3191 -0.7943
0.0058 -0.3129 -0.8827
0.0509 -0.3067 -0.9305
0.0978 -0.2955 -0.9918
0.1272 -0.2899 -1.0137
0.1272 -0.2899 -1.0137
0.1499 -0.2812 -1.0345
0.1614 -0.2833 -1.0549
0.1492 -0.2904 -1.0204
0.1115 -0.2883 -0.9862
0.1115 -0.2883 -0.9862
0.0813 -0.2944 -0.9742
0.0579 -0.2966 -0.9940
0.0425 -0.3045 -1.0014
0.0479 -0.3089 -1.0170
0.0617 -0.3114 -1.0230
0.0617 -0.3114 -1.0230
0.0596 -0.3443 -0.9869
0.0494 -0.3497 -0.9417
0.0400 -0.2932 -1.0128
0.0384 -0.2479 -1.1403
0.0159 -0.1951 -1.2160
0.0159 -0.1951 -1.2160
-0.0028 -0.0845 -1.2632
-0.0016 0.0208 -1.3416
-0.0238 0.0059 -1.1825
-0.0778 -0.0818 -0.8349
-0.1289 -0.1586 -0.5467
-0.1289 -0.1586 -0.5467
-0.1763 -0.1861 -0.4392
-0.1769 -0.1700 -0.5809
-0.0861 -0.0854 -0.8766
0.0410 -0.0275 -1.1618
0.1469 -0.0413 -1.2632
0.1469 -0.0413 -1.2632
0.1674 -0.1190 -1.1259
0.1394 -0.2154 -0.8690
0.1149 -0.2581 -0.6875
0.1076 -0.3137 -0.6257
0.1076 -0.3137 -0.6257
0.0985 -0.3414 -0.6243
0.0936 -0.3451 -0.7203
0.0761 -0.3287 -0.8330
0.0616 -0.3046 -0.9372
0.0399 -0.2685 -1.0129
0.0240 -0.2654 -1.0996
0.0240 -0.2654 -1.0996
0.0114 -0.2945 -1.1219
-0.0030 -0.3202 -1.0460
-0.0132 -0.3297 -0.9438
-0.0011 -0.3247 -0.9085
-0.0011 -0.3247 -0.9085
0.0113 -0.3179 -0.8976
0.0218 -0.3306 -0.9094
0.0338 -0.3426 -0.9317
0.0420 -0.3278 -0.9816
0.0549 -0.3048 -1.0700
0.0587 -0.2829 -1.1230
0.0587 -0.2829 -1.1230
0.0901 -0.3391 -1.1269
0.1374 -0.3165 -1.1223
0.1381 -0.2884 -1.1391
0.1333 -0.2490 -1.2000
0.1333 -0.2490 -1.2000
0.1692 -0.1411 -1.3069
0.2016 -0.0375 -1.3402
0.2001 -0.0202 -1.1461
0.1921 -0.1042 -0.8338
0.1921 -0.1042 -0.8338
0.2247 -0.1434 -0.6031
0.2722 -0.1828 -0.5672
0.2695 -0.1626 -0.7290
0.2282 -0.1446 -0.9387
0.1586 -0.1157 -1.0748
0.1586 -0.1157 -1.0748
0.0903 -0.1230 -1.0856
0.0506 -0.1519 -0.9593
0.0220 -0.1683 -0.8271
-0.0077 -0.1837 -0.7328
-0.0399 -0.2092 -0.7034
-0.0399 -0.2092 -0.7034
-0.0466 -0.2516 -0.7442
-0.0340 -0.2848 -0.7946
-0.0209 -0.3135 -0.8223
0.0059 -0.3278 -0.8660
0.0464 -0.3282 -0.9391
0.0464 -0.3282 -0.9391
0.1019 -0.3230 -1.0124
0.1540 -0.3181 -1.0763
0.1777 -0.3117 -1.0966
0.1592 -0.3214 -1.0511
0.1129 -0.3117 -0.9566
0.1129 -0.3117 -0.9566
0.0950 -0.3135 -0.8920
0.1143 -0.3220 -0.8723
0.1266 -0.3293 -0.8490
0.1058 -0.3422 -0.8475
0.0956 -0.3405 -0.8971
0.0956 -0.3405 -0.8971
0.0761 -0.3088 -0.9794
0.0470 -0.3214 -1.0236
0.0287 -0.2989 -1.0406
0.0128 -0.2409 -1.1674
0.0128 -0.2409 -1.1674
0.0213 -0.2201 -1.2955
0.0046 -0.1496 -1.3652
-0.0257 -0.0515 -1.3929
-0.0376 -0.0368 -1.2742
-0.0528 -0.0940 -0.9407
-0.0528 -0.0940 -0.9407
-0.0797 -0.1582 -0.6344
-0.0823 -0.2391 -0.4185
-0.0654 -0.2742 -0.4413
-0.0053 -0.2953 -0.6933
0.0518 -0.1135 -1.0762
0.0518 -0.1135 -1.0762
0.1620 -0.0533 -1.3600
0.1979 -0.0497 -1.3647
0.1635 -0.1071 -1.0888
0.1037 -0.2233 -0.8328
0.0598 -0.2651 -0.6577
0.0598 -0.2651 -0.6577
0.0182 -0.3234 -0.6003
0.0009 -0.3372 -0.6129
-0.0121 -0.3420 -0.7021
-0.0327 -0.3186 -0.7683
-0.0178 -0.2905 -0.8749
-0.0178 -0.2905 -0.8749
0.0013 -0.2621 -0.9705
-0.0059 -0.2486 -1.0363
-0.0184 -0.2579 -1.0945
-0.0292 -0.2706 -1.1011
-0.0292 -0.2706 -1.1011
-0.0340 -0.2845 -1.0391
-0.0325 -0.2991 -0.9493
-0.0158 -0.3118 -0.9062
-0.0014 -0.3116 -0.8875
0.0173 -0.3234 -0.9271
0.0173 -0.3234 -0.9271
0.0463 -0.3124 -0.9988
0.0771 -0.2930 -1.0649
0.0998 -0.3045 -1.0971
0.0908 -0.3217 -1.0895
0.0861 -0.3290 -1.1231
0.0861 -0.3290 -1.1231
0.1025 -0.3477 -1.1575
0.1145 -0.2684 -1.2129
0.1329 -0.1699 -1.3238
0.1434 -0.0980 -1.3847
0.1143 -0.0689 -1.1785
0.1143 -0.0689 -1.1785
0.0915 -0.1026 -0.8760
0.0893 -0.1495 -0.6252
0.1428 -0.2174 -0.4901
0.1940 -0.2704 -0.4791
0.2282 -0.2806 -0.5908
0.2282 -0.2806 -0.5908
0.2510 -0.2824 -0.7595
0.2548 -0.1959 -0.9320
0.2535 -0.1140 -1.0964
0.2418 -0.1184 -1.1534
0.2006 -0.1051 -1.0562
0.2006 -0.1051 -1.0562
0.1224 -0.1652 -0.8625
0.0588 -0.2284 -0.7616
0.0293 -0.2973 -0.7219
0.0225 -0.3639 -0.7471
0.0225 -0.3639 -0.7471
0.0397 -0.3964 -0.8139
0.0760 -0.4023 -0.8897
0.1196 -0.3896 -0.9412
0.1543 -0.3579 -0.9860
0.1754 -0.3334 -1.0242
0.1754 -0.3334 -1.0242
0.1940 -0.3170 -1.0221
0.2019 -0.3110 -0.9652
0.1855 -0.3222 -0.8935
0.1427 -0.3401 -0.8556
0.1028 -0.3589 -0.8372
0.1028 -0.3589 -0.8372
0.0901 -0.3771 -0.8556
0.0821 -0.3710 -0.9187
0.0798 -0.3519 -0.9802
0.0953 -0.3266 -1.0238
0.0953 -0.3266 -1.0238
0.1122 -0.3478 -1.0340
0.1144 -0.3513 -1.0490
0.1090 -0.3403 -1.1062
0.0889 -0.3560 -1.1458
0.0586 -0.3071 -1.1807
0.0586 -0.3071 -1.1807
0.0427 -0.2008 -1.2613
0.0462 -0.1310 -1.2637
0.0444 -0.1135 -1.0844
0.0406 -0.1612 -0.8216
0.0400 -0.2163 -0.6570
0.0400 -0.2163 -0.6570
0.0312 -0.2648 -0.5512
0.0356 -0.2967 -0.5526
0.0764 -0.2393 -0.6494
0.1449 -0.1643 -0.8761
0.2178 -0.0867 -1.1051
0.2178 -0.0867 -1.1051
0.2797 -0.0559 -1.2726
0.2626 -0.1249 -1.1873
0.2006 -0.2131 -0.9427
0.1640 -0.2629 -0.7938
0.1640 -0.2629 -0.7938
0.1353 -0.3065 -0.7056
0.1181 -0.3034 -0.6987
0.1198 -0.2739 -0.7553
0.1438 -0.2227 -0.8607
0.1622 -0.1878 -0.9746
0.1622 -0.1878 -0.9746
0.1746 -0.1499 -1.0325
0.1798 -0.1378 -1.0678
0.1799 -0.1543 -1.0941
0.1672 -0.1597 -1.0780
0.1453 -0.1531 -1.0385
0.1453 -0.1531 -1.0385
0.1536 -0.1509 -0.9935
0.1699 -0.1170 -0.9631
0.1761 -0.0921 -0.9526
0.1774 -0.1014 -0.9231
0.1767 -0.0813 -0.9007
0.1767 -0.0813 -0.9007
0.1698 -0.0240 -0.9607
0.1763 -0.0050 -1.0407
0.1925 -0.0089 -1.0040
0.2108 -0.0413 -0.9465
0.2471 -0.0557 -0.9550
0.2471 -0.0557 -0.9550
0.2745 -0.0042 -0.9984
0.2831 0.0471 -1.0256
0.2717 0.0545 -1.0243
0.2386 0.0029 -0.9400
0.2386 0.0029 -0.9400
0.2216 -0.0772 -0.8934
0.2438 -0.1318 -0.8956
0.2813 -0.1568 -0.9436
0.3155 -0.1589 -1.0248
0.3296 -0.1180 -1.0804
0.3296 -0.1180 -1.0804
0.3398 -0.0817 -1.1451
0.3233 -0.0658 -1.1586
0.2826 -0.0770 -1.0754
0.2280 -0.1028 -0.9704
0.1833 -0.1084 -0.9445
0.1833 -0.1084 -0.9445
0.1394 -0.0976 -0.9492
0.0989 -0.0795 -0.9631
0.0814 -0.0788 -0.9856
0.0738 -0.0926 -0.9709
0.0762 -0.1098 -0.9350
0.0762 -0.1098 -0.9350
0.0810 -0.1364 -0.9008
0.0752 -0.1705 -0.8924
0.0551 -0.2067 -0.8907
0.0376 -0.2175 -0.9177
0.0348 -0.2172 -0.9154
0.0348 -0.2172 -0.9154
0.0344 -0.2090 -0.9222
0.0276 -0.2152 -0.9334
0.0186 -0.1933 -0.9751
0.0005 -0.1547 -1.0323
-0.0297 -0.1153 -1.0872
-0.0297 -0.1153 -1.0872
-0.0719 -0.0908 -1.0769
-0.1122 -0.0921 -1.0265
-0.1650 -0.1343 -0.9685
-0.2041 -0.1685 -0.9367
-0.2041 -0.1685 -0.9367
-0.2211 -0.2084 -0.9773
-0.1910 -0.2474 -1.0631
-0.1243 -0.2182 -1.1490
-0.0413 -0.1472 -1.2796
0.0245 -0.1124 -1.3438
0.0245 -0.1124 -1.3438
0.0524 -0.1325 -1.1720
0.0407 -0.1534 -0.9164
0.0487 -0.1613 -0.7745
0.0760 -0.1674 -0.7681
0.0919 -0.1359 -0.8568
0.0919 -0.1359 -0.8568
0.1015 -0.1055 -0.8943
0.1007 -0.0967 -0.8362
0.0951 -0.0982 -0.7990
0.1263 -0.1312 -0.7421
0.0938 -0.1233 -0.7021
0.0938 -0.1233 -0.7021
0.0599 -0.1893 -0.7276
0.0415 -0.2280 -0.7800
0.0540 -0.2609 -0.8466
0.0518 -0.2576 -0.9288
0.0825 -0.2751 -1.0343
0.0825 -0.2751 -1.0343
0.0901 -0.2753 -1.1107
0.0696 -0.2912 -1.1046
0.0341 -0.3067 -1.0495
0.0082 -0.3119 -0.9990
0.0082 -0.3119 -0.9990
0.0067 -0.3101 -0.9918
0.0041 -0.2982 -1.0062
-0.0057 -0.3096 -0.9882
-0.0014 -0.3095 -0.9697
0.0121 -0.3093 -0.9631
0.0121 -0.3093 -0.9631
0.0252 -0.3117 -0.9610
0.0409 -0.3087 -0.9996
0.0390 -0.3081 -1.0116
0.0534 -0.3014 -1.0249
0.0768 -0.3321 -1.0416
0.0768 -0.3321 -1.0416
0.1016 -0.3689 -1.0027
0.1458 -0.3012 -1.0192
0.1893 -0.2523 -1.2290
0.2178 -0.2253 -1.3686
0.2453 -0.1346 -1.3217
0.2453 -0.1346 -1.3217
0.2616 -0.0768 -1.2077
0.2751 -0.0697 -1.0517
0.2534 -0.0993 -0.7766
0.2619 -0.1351 -0.5891
0.2737 -0.1595 -0.5253
0.2737 -0.1595 -0.5253
0.2741 -0.1758 -0.6165
0.2477 -0.1723 -0.8101
0.2183 -0.1061 -0.9516
0.1848 -0.0970 -1.0843
0.1848 -0.0970 -1.0843
0.1625 -0.1147 -1.0660
0.1205 -0.1311 -0.9371
0.0691 -0.1600 -0.8075
0.0403 -0.2199 -0.7370
0.0284 -0.2810 -0.7178
0.0284 -0.2810 -0.7178
0.0476 -0.3229 -0.7291
0.0752 -0.3503 -0.7883
0.1005 -0.3698 -0.8412
0.1145 -0.3672 -0.8843
0.1361 -0.3644 -0.9069
0.1361 -0.3644 -0.9069
0.1529 -0.3636 -0.9429
0.1601 -0.3659 -0.9639
0.1597 -0.3645 -0.9745
0.1547 -0.3738 -0.9620
0.1539 -0.3860 -0.9376
0.1539 -0.3860 -0.9376
0.1436 -0.3969 -0.9172
0.1348 -0.4092 -0.9386
0.1345 -0.4077 -0.9682
0.1237 -0.3832 -0.9811
0.1237 -0.3832 -0.9811
0.0972 -0.3596 -0.9935
0.0709 -0.3771 -0.9791
0.0427 -0.3330 -1.0179
0.0166 -0.2768 -1.2021
-0.0097 -0.2577 -1.3253
-0.0097 -0.2577 -1.3253
-0.0254 -0.1700 -1.3357
-0.0455 -0.0433 -1.3353
-0.0609 -0.0116 -1.2633
-0.0960 -0.0602 -0.9458
-0.1165 -0.1487 -0.6602
-0.1165 -0.1487 -0.6602
-0.1208 -0.1710 -0.5386
-0.0716 -0.1722 -0.6395
0.0515 -0.1175 -0.9608
0.1725 -0.0850 -1.1599
0.2342 -0.1271 -1.0734
0.2342 -0.1271 -1.0734
0.2482 -0.1922 -0.8678
0.2635 -0.2498 -0.7033
0.2596 -0.2684 -0.6036
0.2309 -0.3189 -0.5869
0.1970 -0.3538 -0.6309
0.1970 -0.3538 -0.6309
0.1775 -0.3652 -0.6809
0.1584 -0.3662 -0.7504
0.1426 -0.3561 -0.8390
0.1136 -0.3444 -0.9140
0.0827 -0.3375 -0.9996
0.0827 -0.3375 -0.9996
0.0696 -0.3531 -1.0747
0.0640 -0.3716 -1.0821
0.0545 -0.3867 -1.0240
0.0512 -0.3885 -0.9648
0.0588 -0.3885 -0.9290
0.0588 -0.3885 -0.9290
0.0746 -0.3966 -0.9199
0.0965 -0.4005 -0.9335
0.1178 -0.3823 -0.9819
0.1467 -0.3568 -1.0566
0.1467 -0.3568 -1.0566
0.1876 -0.3691 -1.0834
0.2206 -0.3947 -1.0463
0.2590 -0.3841 -1.0895
0.3254 -0.3677 -1.1818
0.3880 -0.3207 -1.2688
0.3880 -0.3207 -1.2688
0.4209 -0.2109 -1.2860
0.3989 -0.1295 -1.2370
0.3330 -0.0897 -0.9865
0.2840 -0.1449 -0.6951
0.2840 -0.1449 -0.6951
0.2732 -0.1864 -0.4959
0.2831 -0.1889 -0.5051
0.2750 -0.1695 -0.6957
0.2200 -0.1160 -0.9143
0.1627 -0.0990 -1.1279
0.1627 -0.0990 -1.1279
0.1100 -0.1264 -1.0838
0.0639 -0.1512 -0.9110
0.0060 -0.1835 -0.7858
-0.0311 -0.2128 -0.7168
-0.0421 -0.2467 -0.6912
-0.0421 -0.2467 -0.6912
-0.0409 -0.2911 -0.6918
-0.0449 -0.3267 -0.7325
-0.0196 -0.3506 -0.8004
0.0223 -0.3573 -0.8543
0.0646 -0.3562 -0.9053
0.0646 -0.3562 -0.9053
0.1025 -0.3605 -0.9602
0.1222 -0.3564 -0.9922
0.1415 -0.3726 -1.0150
0.1515 -0.3939 -0.9831
0.1478 -0.4109 -0.9620
0.1478 -0.4109 -0.9620
0.1321 -0.4329 -0.9745
0.1185 -0.4329 -1.0253
0.0948 -0.4162 -1.0695
0.0695 -0.3968 -1.1006
0.0515 -0.4141 -1.1047
0.0515 -0.4141 -1.1047
0.0342 -0.3992 -1.0931
0.0140 -0.3657 -1.1733
-0.0178 -0.3450 -1.2519
-0.0321 -0.2709 -1.2913
-0.0321 -0.2709 -1.2913
-0.0381 -0.1526 -1.2747
-0.0382 -0.0805 -1.1893
-0.0698 -0.0960 -0.9326
-0.0870 -0.1523 -0.7010
-0.0958 -0.1623 -0.5631
-0.0958 -0.1623 -0.5631
-0.0755 -0.1592 -0.6559
0.0420 -0.1443 -0.8846
0.1656 -0.1165 -1.0226
0.2114 -0.1152 -0.9758
0.2316 -0.1974 -0.8258
0.2316 -0.1974 -0.8258
0.2528 -0.2747 -0.6889
0.2654 -0.3112 -0.6017
0.2420 -0.3504 -0.5647
0.2214 -0.3886 -0.6017
0.2205 -0.4182 -0.6810
0.2205 -0.4182 -0.6810
0.2275 -0.4162 -0.7501
0.2041 -0.4057 -0.8427
0.1783 -0.4114 -0.9394
0.1659 -0.4042 -1.0279
0.1488 -0.4007 -1.0757
0.1488 -0.4007 -1.0757
0.1100 -0.4056 -1.0315
0.0598 -0.4248 -0.9671
0.0383 -0.4413 -0.8970
0.0325 -0.4598 -0.8554
0.0559 -0.4688 -0.8545
0.0559 -0.4688 -0.8545
0.1115 -0.4373 -0.9404
0.1628 -0.4143 -1.0458
0.1991 -0.4315 -1.0987
0.2371 -0.4027 -1.1632
0.2371 -0.4027 -1.1632
0.2729 -0.3790 -1.2298
0.2976 -0.3621 -1.2474
0.3121 -0.2639 -1.2678
0.3025 -0.1579 -1.2707
0.2520 -0.0727 -1.1232
0.2520 -0.0727 -1.1232
0.2095 -0.1078 -0.7751
0.2050 -0.1808 -0.5475
0.2368 -0.2247 -0.3876
0.2678 -0.2521 -0.4358
0.2762 -0.2268 -0.7032
0.2762 -0.2268 -0.7032
0.2470 -0.1901 -0.9840
0.2063 -0.1304 -1.2483
0.1851 -0.1529 -1.2847
0.1640 -0.1459 -1.0845
0.0894 -0.1566 -0.8770
0.0894 -0.1566 -0.8770
0.0125 -0.1936 -0.7308
-0.0369 -0.2579 -0.6498
-0.0741 -0.3413 -0.6214
-0.0780 -0.4163 -0.6381
-0.0780 -0.4163 -0.6381
-0.0461 -0.4504 -0.7155
0.0110 -0.4343 -0.8043
0.0611 -0.4077 -0.9082
0.0984 -0.3824 -1.0052
0.1495 -0.3572 -1.0809
0.1495 -0.3572 -1.0809
0.1682 -0.3423 -1.1171
0.1495 -0.3336 -1.0707
0.0962 -0.3319 -1.0068
0.0268 -0.3436 -0.9751
-0.0021 -0.3396 -1.0062
-0.0021 -0.3396 -1.0062
-0.0267 -0.3617 -1.0522
-0.0368 -0.3908 -1.0825
-0.0209 -0.3316 -1.1829
0.0176 -0.2547 -1.2987
0.0492 -0.1345 -1.3550
0.0492 -0.1345 -1.3550
0.0533 -0.0219 -1.4158
0.0486 -0.0345 -1.2347
-0.0124 -0.1250 -0.8506
-0.0703 -0.2185 -0.5300
-0.0703 -0.2185 -0.5300
-0.1066 -0.2724 -0.3679
-0.0835 -0.2590 -0.4296
0.0677 -0.2000 -0.7377
0.2391 -0.0905 -1.1124
0.3491 -0.0513 -1.3331
0.3491 -0.0513 -1.3331
0.3491 -0.1523 -1.0868
0.2852 -0.3074 -0.8273
0.2069 -0.3631 -0.6500
0.1755 -0.3924 -0.5886
0.1775 -0.4327 -0.5917
0.1775 -0.4327 -0.5917
0.2007 -0.4271 -0.6644
0.2325 -0.4172 -0.7625
0.2596 -0.3965 -0.8898
0.2797 -0.3648 -1.0171
0.2924 -0.3352 -1.1143
0.2924 -0.3352 -1.1143
0.2636 -0.3311 -1.1002
0.1885 -0.3441 -1.0193
0.1313 -0.3565 -0.9444
0.1007 -0.3505 -0.9021
0.1007 -0.3505 -0.9021
0.0789 -0.3550 -0.8739
0.0716 -0.3642 -0.8456
0.0732 -0.3713 -0.8295
0.1014 -0.3810 -0.8831
0.1542 -0.3584 -0.9922
0.1542 -0.3584 -0.9922
0.2167 -0.3512 -1.1115
0.2550 -0.3670 -1.2141
0.2619 -0.3427 -1.2616
0.2653 -0.3534 -1.2719
0.2651 -0.2300 -1.3398
0.2651 -0.2300 -1.3398
0.2392 -0.1191 -1.3475
0.2046 -0.0771 -1.1816
0.1987 -0.1040 -0.8470
0.2139 -0.1334 -0.5769
0.2532 -0.1696 -0.4204
0.2532 -0.1696 -0.4204
0.3197 -0.2142 -0.3825
0.3763 -0.1725 -0.4920
0.4218 -0.1370 -0.7786
0.3937 -0.0453 -1.0897
0.3663 -0.0392 -1.3616
0.3663 -0.0392 -1.3616
0.3570 -0.0599 -1.2445
0.3076 -0.0736 -1.0537
0.1817 -0.1031 -0.9051
0.0751 -0.1571 -0.8119
0.0751 -0.1571 -0.8119
0.0163 -0.2000 -0.7747
-0.0102 -0.2558 -0.7849
-0.0272 -0.2992 -0.8532
-0.0342 -0.3279 -0.9065
-0.0135 -0.3284 -0.9513
-0.0135 -0.3284 -0.9513
0.0144 -0.3157 -1.0063
0.0324 -0.3097 -1.0655
0.0310 -0.2887 -1.0847
0.0148 -0.2692 -1.0572
-0.0170 -0.2573 -1.0003
-0.0170 -0.2573 -1.0003
-0.0517 -0.2593 -0.9814
-0.0838 -0.2554 -0.9588
-0.1072 -0.2599 -1.0080
-0.1237 -0.2861 -1.0234
-0.1462 -0.3179 -1.0287
-0.1462 -0.3179 -1.0287
-0.1553 -0.3074 -1.0888
-0.1385 -0.2772 -1.1366
-0.0819 -0.2121 -1.1950
0.0137 -0.1416 -1.2364
0.0818 -0.1214 -1.1955
0.0818 -0.1214 -1.1955
0.1266 -0.1349 -1.0660
0.1270 -0.2139 -0.8207
0.1322 -0.2363 -0.6481
0.1512 -0.2895 -0.5814
0.1489 -0.2975 -0.6331
0.1489 -0.2975 -0.6331
0.1358 -0.2664 -0.8087
0.1380 -0.2084 -0.9761
0.1321 -0.1893 -1.0765
0.1088 -0.2211 -1.0750
0.0988 -0.2287 -0.9884
0.0988 -0.2287 -0.9884
0.0650 -0.2215 -0.8723
0.0352 -0.2694 -0.8453
0.0061 -0.2967 -0.8612
-0.0033 -0.3122 -0.8756
-0.0033 -0.3122 -0.8756
-0.0190 -0.2965 -0.9432
-0.0202 -0.2891 -1.0090
-0.0121 -0.2784 -1.0195
-0.0129 -0.2769 -1.0287
-0.0178 -0.3031 -1.0099
-0.0178 -0.3031 -1.0099
-0.0242 -0.3078 -0.9618
-0.0153 -0.3295 -0.9569
-0.0196 -0.3394 -0.9540
-0.0083 -0.3405 -0.9518
0.0033 -0.3487 -0.9521
0.0033 -0.3487 -0.9521
0.0092 -0.3469 -0.9270
-0.0079 -0.3443 -0.9292
-0.0137 -0.3452 -0.9345
-0.0207 -0.3565 -0.9404
0.0000 -0.3524 -0.9262
0.0000 -0.3524 -0.9262
0.0355 -0.3276 -0.9063
0.0521 -0.3204 -0.8946
0.0669 -0.3199 -0.9132
0.0767 -0.3199 -0.8923
0.0767 -0.3199 -0.8923
0.0728 -0.3241 -0.8697
0.0545 -0.3251 -0.8372
0.0483 -0.3272 -0.8307
0.0593 -0.3436 -0.8644
0.0869 -0.3510 -0.8875
0.0869 -0.3510 -0.8875
0.0927 -0.3440 -0.8890
0.1085 -0.3469 -0.8897
0.1332 -0.3450 -0.9135
0.1605 -0.3489 -0.9062
0.1531 -0.3374 -0.8767
0.1531 -0.3374 -0.8767
0.1319 -0.3401 -0.8671
0.1146 -0.3503 -0.8681
0.1228 -0.3435 -0.8745
0.1226 -0.3494 -0.8877
0.1305 -0.3524 -0.8916
0.1305 -0.3524 -0.8916
0.1490 -0.3631 -0.9114
0.1653 -0.3623 -0.9189
0.1775 -0.3515 -0.9221
0.1685 -0.3613 -0.9184
0.1685 -0.3613 -0.9184
0.1332 -0.3771 -0.9081
0.1163 -0.4066 -0.8911
0.1023 -0.4204 -0.8696
0.1086 -0.4294 -0.8712
0.1124 -0.4203 -0.9017
0.1124 -0.4203 -0.9017
0.1205 -0.4119 -0.9422
0.1238 -0.4050 -0.9289
0.1212 -0.3953 -0.8975
0.1214 -0.3893 -0.8889
0.1271 -0.3792 -0.8895
0.1271 -0.3792 -0.8895
0.1340 -0.3707 -0.8931
0.1322 -0.3793 -0.8915
0.1302 -0.3879 -0.8953
0.1218 -0.3980 -0.8883
0.1165 -0.3944 -0.8838
0.1165 -0.3944 -0.8838
0.1161 -0.3911 -0.8956
0.1004 -0.3825 -0.9016
0.0967 -0.3763 -0.8939
0.0989 -0.3740 -0.8950
0.0989 -0.3740 -0.8950
0.0967 -0.3808 -0.8886
0.1087 -0.3845 -0.8840
0.1321 -0.3905 -0.8916
0.1284 -0.3811 -0.9039
0.1216 -0.3776 -0.9252
0.1216 -0.3776 -0.9252
0.1193 -0.3660 -0.9199
0.1156 -0.3606 -0.9081
0.1077 -0.3687 -0.9064
0.0917 -0.3733 -0.9028
0.0913 -0.3702 -0.8977
0.0913 -0.3702 -0.8977
0.0979 -0.3636 -0.8992
0.0978 -0.3595 -0.8987
0.0967 -0.3504 -0.9038
0.1068 -0.3491 -0.9212
0.1077 -0.3439 -0.9180
0.1077 -0.3439 -0.9180
0.1045 -0.3383 -0.9217
0.0986 -0.3355 -0.9263
0.1034 -0.3347 -0.9236
0.1126 -0.3300 -0.9333
0.1124 -0.3309 -0.9214
0.1124 -0.3309 -0.9214
0.0972 -0.3255 -0.9107
0.0945 -0.3361 -0.9238
0.0980 -0.3259 -0.9266
0.0993 -0.3270 -0.9295
0.0993 -0.3270 -0.9295
0.1006 -0.3189 -0.9268
0.0937 -0.3192 -0.9184
0.0949 -0.3173 -0.9130
0.0951 -0.3164 -0.9221
0.0979 -0.3135 -0.9490
0.0979 -0.3135 -0.9490
0.1049 -0.3154 -0.9488
0.0949 -0.3126 -0.9372
0.0880 -0.3229 -0.9383
0.0854 -0.3211 -0.9312
0.0801 -0.3163 -0.9252
0.0801 -0.3163 -0.9252
0.0843 -0.3128 -0.9180
0.0854 -0.3117 -0.9127
0.0906 -0.3121 -0.9349
0.0873 -0.3111 -0.9485
0.0891 -0.3114 -0.9465
0.0891 -0.3114 -0.9465
0.0878 -0.3067 -0.9280
0.0898 -0.3107 -0.9266
0.0920 -0.3100 -0.9346
0.0971 -0.3127 -0.9347
0.0934 -0.3175 -0.9324
0.0934 -0.3175 -0.9324
0.0979 -0.3133 -0.9298
0.1044 -0.3121 -0.9375
0.1031 -0.3137 -0.9356
0.0995 -0.3100 -0.9316
0.0995 -0.3100 -0.9316
0.0961 -0.3159 -0.9290
0.0964 -0.3127 -0.9250
0.1004 -0.3185 -0.9277
0.0963 -0.3080 -0.9299
0.0914 -0.3139 -0.9339
0.0914 -0.3139 -0.9339
0.0898 -0.3094 -0.9197
0.0905 -0.3125 -0.9176
0.0899 -0.3136 -0.9218
0.0917 -0.3182 -0.9315
0.0877 -0.3164 -0.9362
0.0877 -0.3164 -0.9362
0.0888 -0.3087 -0.9281
0.0891 -0.3136 -0.9232
0.0793 -0.3196 -0.9425
0.0581 -0.3305 -0.9499
0.0549 -0.3270 -0.9594
0.0393 -0.3288 -0.9661
0.0393 -0.3288 -0.9661
0.0193 -0.3330 -0.9769
-0.0060 -0.3219 -0.9779
-0.0180 -0.3471 -0.9846
-0.0455 -0.3466 -0.9248
-0.0455 -0.3466 -0.9248
-0.0921 -0.3655 -0.8942
-0.1292 -0.3867 -0.8571
-0.1492 -0.4047 -0.8916
-0.1380 -0.3929 -0.8758
-0.2184 -0.5335 -0.8791
-0.2184 -0.5335 -0.8791
-0.3082 -0.4569 -0.8858
-0.3778 -0.5278 -0.7805
-0.3894 -0.5779 -0.7360
-0.3805 -0.5872 -0.7668
-0.3805 -0.5872 -0.7668
-0.3634 -0.4855 -0.7791
-0.3727 -0.4251 -0.7950
-0.3345 -0.4605 -0.7160
-0.3051 -0.5079 -0.6723
-0.3176 -0.5738 -0.5984
-0.3176 -0.5738 -0.5984
-0.3839 -0.6333 -0.6393
-0.4397 -0.6416 -0.5853
-0.5053 -0.5615 -0.6031
-0.5079 -0.4996 -0.5854
-0.5269 -0.5554 -0.5821
-0.5269 -0.5554 -0.5821
-0.5605 -0.6061 -0.5989
-0.6058 -0.5484 -0.6102
-0.6150 -0.4725 -0.5801
-0.6281 -0.4671 -0.6006
-0.5800 -0.4918 -0.6301
-0.5800 -0.4918 -0.6301
-0.5869 -0.5264 -0.5659
-0.5985 -0.5175 -0.5658
-0.5934 -0.5242 -0.5483
-0.6261 -0.5136 -0.5208
-0.6351 -0.5101 -0.5137
-0.6351 -0.5101 -0.5137
-0.6468 -0.5078 -0.4849
-0.6688 -0.5009 -0.4427
-0.6519 -0.4978 -0.4661
-0.6455 -0.5193 -0.4675
-0.6455 -0.5193 -0.4675
-0.6517 -0.5188 -0.5244
-0.6313 -0.5011 -0.5087
-0.6177 -0.4583 -0.4518
-0.5951 -0.4180 -0.4313
-0.5732 -0.4184 -0.5122
-0.5732 -0.4184 -0.5122
-0.5340 -0.4686 -0.6226
-0.4555 -0.4762 -0.7084
-0.3798 -0.5445 -0.8101
-0.2707 -0.4830 -0.7539
-0.1762 -0.4774 -1.0175
-0.1762 -0.4774 -1.0175
-0.0823 -0.3616 -1.1555
-0.1007 -0.3816 -1.1134
-0.0597 -0.3328 -1.0207
-0.0425 -0.3371 -0.9872
-0.0237 -0.3237 -0.9835
-0.0237 -0.3237 -0.9835
-0.0458 -0.3646 -0.9557
-0.0500 -0.4058 -0.9493
-0.0721 -0.4066 -0.9083
-0.0706 -0.4418 -0.8892
-0.0449 -0.4590 -0.9215
-0.0449 -0.4590 -0.9215
-0.0184 -0.4285 -0.9044
-0.0098 -0.4051 -0.9052
-0.0070 -0.4065 -0.9138
0.0003 -0.4078 -0.9140
0.0293 -0.3923 -0.8997
0.0293 -0.3923 -0.8997
0.0485 -0.3864 -0.8977
0.0549 -0.3824 -0.9025
0.0600 -0.3871 -0.9042
0.0648 -0.3980 -0.8949
0.0648 -0.3980 -0.8949
0.0555 -0.3873 -0.8865
0.0571 -0.4009 -0.8855
0.0618 -0.4027 -0.8691
0.0886 -0.3963 -0.8690
0.1056 -0.3967 -0.8857
0.1056 -0.3967 -0.8857
0.0986 -0.3941 -0.8846
0.0914 -0.3931 -0.8944
0.0883 -0.3959 -0.8873
0.0840 -0.3994 -0.8781
0.0840 -0.3994 -0.8781
0.0840 -0.4057 -0.8819
0.0818 -0.4046 -0.8867
0.0728 -0.3968 -0.8903
0.0706 -0.3926 -0.8923
0.0712 -0.3907 -0.8941
0.0790 -0.3840 -0.8951
0.0790 -0.3840 -0.8951
0.0912 -0.3906 -0.9082
0.0869 -0.3911 -0.9026
0.0908 -0.3918 -0.9001
0.0921 -0.3857 -0.8909
0.0921 -0.3857 -0.8909
0.0925 -0.3853 -0.8878
0.0946 -0.3807 -0.8929
0.1004 -0.3788 -0.9045
0.1006 -0.3779 -0.9012
0.0974 -0.3692 -0.8937
0.0974 -0.3692 -0.8937
0.1002 -0.3724 -0.9036
0.1006 -0.3732 -0.9060
0.1002 -0.3707 -0.9066
0.1085 -0.3740 -0.9146
0.1038 -0.3740 -0.8937
0.1038 -0.3740 -0.8937
0.1038 -0.3762 -0.8895
0.1182 -0.3816 -0.8970
0.1261 -0.3811 -0.9075
0.1266 -0.3801 -0.9080
0.1219 -0.3755 -0.8949
0.1219 -0.3755 -0.8949
0.1229 -0.3705 -0.8887
0.1200 -0.3730 -0.8907
0.1250 -0.3782 -0.8992
0.1311 -0.3804 -0.9142
0.1311 -0.3804 -0.9142
0.1363 -0.3784 -0.9269
0.1335 -0.3739 -0.9231
0.1301 -0.3766 -0.9124
0.1256 -0.3764 -0.9064
0.1189 -0.3814 -0.9075
0.1189 -0.3814 -0.9075
0.1157 -0.3815 -0.9002
0.1207 -0.3847 -0.9003
0.1228 -0.3803 -0.9025
0.1239 -0.3795 -0.9101
0.1165 -0.3775 -0.9044
0.1165 -0.3775 -0.9044
0.1159 -0.3772 -0.9056
0.1127 -0.3771 -0.8912
0.1160 -0.3752 -0.8963
0.1191 -0.3806 -0.9028
0.1207 -0.3758 -0.8975
0.1207 -0.3758 -0.8975
0.1256 -0.3755 -0.8905
0.1244 -0.3707 -0.8929
0.1259 -0.3746 -0.8947
0.1267 -0.3737 -0.9018
0.1267 -0.3737 -0.9018
0.1273 -0.3764 -0.9003
0.1276 -0.3716 -0.8981
0.1253 -0.3745 -0.9005
0.1255 -0.3738 -0.8995
0.1293 -0.3723 -0.9024
0.1293 -0.3723 -0.9024
0.1259 -0.3743 -0.9018
0.1268 -0.3743 -0.9042
0.1336 -0.3705 -0.9075
0.1315 -0.3676 -0.9058
0.1250 -0.3727 -0.9065
0.1250 -0.3727 -0.9065
0.1282 -0.3730 -0.9091
0.1248 -0.3713 -0.9098
0.1292 -0.3678 -0.9065
0.1271 -0.3688 -0.9008
0.1270 -0.3724 -0.8990
0.1270 -0.3724 -0.8990
0.1247 -0.3708 -0.9041
0.1257 -0.3642 -0.9015
0.1389 -0.3714 -0.9092
0.1419 -0.3719 -0.9114
0.1300 -0.3669 -0.9191
0.1300 -0.3669 -0.9191
0.1211 -0.3641 -0.9091
0.1195 -0.3595 -0.9034
0.1212 -0.3671 -0.8960
0.1233 -0.3634 -0.9026
0.1233 -0.3634 -0.9026
0.1297 -0.3724 -0.9065
0.1321 -0.3668 -0.9024
0.1315 -0.3645 -0.9042
0.1346 -0.3624 -0.9035
0.1363 -0.3599 -0.9056
0.1363 -0.3599 -0.9056
0.1306 -0.3621 -0.9001
0.1317 -0.3638 -0.9035
0.1326 -0.3646 -0.9068
0.1343 -0.3604 -0.9010
0.1371 -0.3644 -0.9112
0.1371 -0.3644 -0.9112
0.1338 -0.3637 -0.9124
0.1300 -0.3683 -0.9090
0.1296 -0.3712 -0.9037
0.1347 -0.3663 -0.9022
0.1375 -0.3640 -0.9016
0.1375 -0.3640 -0.9016
0.1346 -0.3675 -0.9174
0.1355 -0.3670 -0.9081
0.1304 -0.3616 -0.9039
0.1304 -0.3612 -0.9046
0.1322 -0.3592 -0.9030
0.1322 -0.3592 -0.9030
0.1309 -0.3686 -0.9027
0.1322 -0.3657 -0.8973
0.1360 -0.3691 -0.8932
0.1373 -0.3676 -0.8994
0.1381 -0.3701 -0.9118
0.1381 -0.3701 -0.9118
0.1405 -0.3697 -0.9094
0.1362 -0.3688 -0.9061
0.1331 -0.3676 -0.9125
0.1311 -0.3698 -0.9066
0.1311 -0.3698 -0.9066
0.1302 -0.3627 -0.9039
0.1302 -0.3659 -0.9056
0.1315 -0.3618 -0.9016
0.1321 -0.3641 -0.8987
0.1302 -0.3622 -0.9052
0.1302 -0.3622 -0.9052
0.1278 -0.3651 -0.9033
0.1281 -0.3644 -0.9043
0.1322 -0.3659 -0.9073
0.1320 -0.3628 -0.9039
0.1287 -0.3612 -0.8939
0.1287 -0.3612 -0.8939
0.1351 -0.3670 -0.8905
0.1425 -0.3663 -0.9036
0.1377 -0.3672 -0.9161
0.1299 -0.3609 -0.9093
0.1253 -0.3561 -0.8981
0.1253 -0.3561 -0.8981
0.1314 -0.3621 -0.9007
0.1307 -0.3663 -0.8975
0.1337 -0.3710 -0.9060
0.1370 -0.3679 -0.9119
0.1370 -0.3679 -0.9119
0.1323 -0.3635 -0.9146
0.1346 -0.3622 -0.9200
0.1331 -0.3596 -0.9163
0.1235 -0.3634 -0.9118
0.1255 -0.3681 -0.8994
0.1255 -0.3681 -0.8994
0.1309 -0.3664 -0.9005
0.1319 -0.3646 -0.9041
0.1315 -0.3620 -0.9084
0.1327 -0.3619 -0.9069
0.1279 -0.3648 -0.9016
0.1279 -0.3648 -0.9016
0.1313 -0.3661 -0.9039
0.1316 -0.3661 -0.9032
0.1344 -0.3643 -0.9147
0.1342 -0.3651 -0.9128
0.1315 -0.3588 -0.9124
0.1315 -0.3588 -0.9124
0.1302 -0.3597 -0.9071
0.1286 -0.3615 -0.8909
0.1285 -0.3621 -0.8892
0.1278 -0.3645 -0.9095
0.1271 -0.3652 -0.9167
0.1271 -0.3652 -0.9167
0.1294 -0.3635 -0.9059
0.1355 -0.3657 -0.9070
0.1346 -0.3623 -0.9002
0.1346 -0.3623 -0.9002
0.1337 -0.3637 -0.9019
0.1360 -0.3616 -0.9047
0.1371 -0.3596 -0.9050
0.1391 -0.3607 -0.8970
0.1384 -0.3636 -0.8923
0.1384 -0.3636 -0.8923
0.1390 -0.3633 -0.9052
0.1341 -0.3645 -0.9062
0.1330 -0.3659 -0.9019
0.1348 -0.3653 -0.9071
0.1388 -0.3650 -0.9044
0.1388 -0.3650 -0.9044
0.1363 -0.3627 -0.9069
0.1383 -0.3694 -0.9036
0.1424 -0.3718 -0.9027
0.1455 -0.3690 -0.9070
0.1455 -0.3690 -0.9070
0.1404 -0.3591 -0.9072
0.1341 -0.3557 -0.9024
0.1322 -0.3581 -0.8925
0.1301 -0.3622 -0.8956
0.1320 -0.3692 -0.9082
0.1320 -0.3692 -0.9082
0.1426 -0.3616 -0.9161
0.1403 -0.3584 -0.9196
0.1340 -0.3593 -0.9113
0.1344 -0.3595 -0.9068
0.1291 -0.3614 -0.9168
0.1291 -0.3614 -0.9168
0.1310 -0.3648 -0.9135
0.1390 -0.3631 -0.8996
0.1357 -0.3618 -0.9034
0.1375 -0.3580 -0.9097
0.1349 -0.3560 -0.9039
0.1349 -0.3560 -0.9039
0.1317 -0.3577 -0.9066
0.1314 -0.3584 -0.9052
0.1352 -0.3568 -0.9078
0.1407 -0.3593 -0.9149
0.1385 -0.3626 -0.9104
0.1385 -0.3626 -0.9104
0.1306 -0.3620 -0.9070
0.1317 -0.3613 -0.9085
0.1360 -0.3558 -0.9115
0.1364 -0.3582 -0.9122
0.1364 -0.3582 -0.9122
0.1333 -0.3635 -0.9112
0.1332 -0.3617 -0.9012
0.1320 -0.3635 -0.8980
0.1328 -0.3614 -0.9060
0.1339 -0.3625 -0.9126
0.1339 -0.3625 -0.9126
0.1388 -0.3549 -0.9114
0.1351 -0.3634 -0.8972
0.1354 -0.3621 -0.8982
0.1375 -0.3598 -0.9063
0.1359 -0.3629 -0.9054
0.1359 -0.3629 -0.9054
0.1345 -0.3611 -0.9055
0.1390 -0.3551 -0.9083
0.1399 -0.3543 -0.8942
0.1351 -0.3577 -0.8992
0.1398 -0.3574 -0.9046
0.1398 -0.3574 -0.9046
0.1362 -0.3717 -0.9167
0.1318 -0.3566 -0.9088
0.1397 -0.3582 -0.9107
0.1296 -0.3573 -0.9088
0.1306 -0.3626 -0.9002
0.1306 -0.3626 -0.9002
0.1469 -0.3641 -0.9126
0.1422 -0.3640 -0.9219
0.1299 -0.3550 -0.9085
0.1314 -0.3489 -0.9025
0.1314 -0.3489 -0.9025
0.1257 -0.3466 -0.8993
0.1301 -0.3575 -0.9047
0.1385 -0.3647 -0.9065
0.1414 -0.3601 -0.9064
0.1379 -0.3561 -0.9125
0.1379 -0.3561 -0.9125
0.1369 -0.3589 -0.9151
0.1369 -0.3542 -0.9137
0.1336 -0.3537 -0.9081
0.1297 -0.3588 -0.9051
0.1306 -0.3624 -0.8953
0.1306 -0.3624 -0.8953
0.1348 -0.3606 -0.8968
0.1356 -0.3603 -0.9047
0.1346 -0.3604 -0.9027
0.1347 -0.3568 -0.9071
0.1326 -0.3587 -0.9131
0.1326 -0.3587 -0.9131
0.1354 -0.3584 -0.9187
0.1421 -0.3599 -0.9138
0.1367 -0.3585 -0.9058
0.1324 -0.3644 -0.9094
0.1273 -0.3595 -0.9032
0.1273 -0.3595 -0.9032
0.1293 -0.3587 -0.9002
0.1319 -0.3576 -0.9089
0.1291 -0.3574 -0.9041
0.1366 -0.3615 -0.9111
0.1366 -0.3615 -0.9111
0.1357 -0.3567 -0.9118
0.1342 -0.3627 -0.9126
0.1333 -0.3628 -0.8997
0.1340 -0.3606 -0.9005
0.1353 -0.3608 -0.9087
0.1353 -0.3608 -0.9087
0.1350 -0.3575 -0.9108
0.1342 -0.3618 -0.9158
0.1331 -0.3594 -0.9032
0.1354 -0.3583 -0.8992
0.1347 -0.3577 -0.9094
0.1347 -0.3577 -0.9094
0.1346 -0.3605 -0.9113
0.1348 -0.3569 -0.9086
0.1311 -0.3577 -0.9016
0.1352 -0.3623 -0.9072
0.1372 -0.3608 -0.8980
0.1372 -0.3608 -0.8980
0.1352 -0.3623 -0.9019
0.1328 -0.3589 -0.9171
0.1360 -0.3586 -0.9072
0.1375 -0.3621 -0.8994
0.1375 -0.3621 -0.8994
0.1339 -0.3632 -0.9005
0.1402 -0.3682 -0.8981
0.1444 -0.3625 -0.9058
0.1400 -0.3620 -0.9225
0.1326 -0.3586 -0.9148
0.1326 -0.3586 -0.9148
0.1272 -0.3566 -0.8932
0.1261 -0.3605 -0.8977
0.1319 -0.3661 -0.9045
0.1394 -0.3692 -0.9133
0.1416 -0.3635 -0.9165
0.1416 -0.3635 -0.9165
0.1354 -0.3587 -0.9072
0.1359 -0.3593 -0.9052
0.1345 -0.3609 -0.9087
0.1303 -0.3651 -0.8975
0.1339 -0.3636 -0.9002
0.1339 -0.3636 -0.9002
0.1336 -0.3588 -0.9015
0.1353 -0.3607 -0.9016
0.1389 -0.3549 -0.9063
0.1323 -0.3602 -0.9048
0.1293 -0.3600 -0.9053
0.1293 -0.3600 -0.9053
0.1409 -0.3465 -0.8358
0.1551 -0.3742 -0.9309
0.1288 -0.3786 -0.9156
0.1337 -0.3530 -0.9154
0.1337 -0.3530 -0.9154
0.1337 -0.3732 -0.9297
0.1297 -0.3602 -0.9259
0.1386 -0.3623 -0.8992
0.1488 -0.3605 -0.8981

