0.0000 0.0000 0.0000
0.0000 0.0000 0.0000
0.0000 0.0000 0.0000
0.0000 0.0000 0.0000
0.0000 0.0000 0.0000
0.0000 0.0000 0.0000
0.0000 0.0000 0.0000
0.0000 0.0000 0.0000
0.0000 0.0000 0.0000
0.0000 0.0000 0.0000
0.0000 0.0000 0.0000
0.0000 0.0000 0.0000
0.0000 0.0000 0.0000
0.0378 -0.5565 -0.8499
0.0486 -0.5468 -0.8636
0.0503 -0.4809 -0.9980
0.0669 -0.2575 -0.8275
0.0643 -0.3793 -0.7378
0.0643 -0.3793 -0.7378
0.0689 -0.4708 -0.7516
0.0750 -0.4883 -0.8188
0.0634 -0.4409 -0.9055
0.0501 -0.3916 -0.9534
0.0401 -0.3800 -0.9862
0.0401 -0.3800 -0.9862
0.0011 -0.3860 -1.0365
-0.0482 -0.3752 -0.9910
-0.0844 -0.3734 -0.8779
-0.0850 -0.4042 -0.7864
-0.0849 -0.4080 -0.7280
-0.0849 -0.4080 -0.7280
-0.0823 -0.4150 -0.7437
-0.0812 -0.4360 -0.7420
-0.1197 -0.4855 -0.6481
-0.1240 -0.4629 -0.9198
-0.0989 -0.4905 -0.8011
-0.0989 -0.4905 -0.8011
-0.0620 -0.5118 -0.8239
-0.0624 -0.4697 -0.9379
-0.0671 -0.4932 -0.8837
-0.0827 -0.5394 -0.7722
-0.1024 -0.5154 -0.9171
-0.1024 -0.5154 -0.9171
-0.1085 -0.5304 -0.8497
-0.1372 -0.5521 -0.7760
-0.1496 -0.5665 -0.7604
-0.1461 -0.5638 -0.8230
-0.1461 -0.5638 -0.8230
-0.1305 -0.5634 -0.8593
-0.0712 -0.5709 -0.9359
-0.1029 -0.4762 -0.9333
-0.0663 -0.4884 -0.9734
-0.0016 -0.5388 -0.8929
-0.0016 -0.5388 -0.8929
0.0780 -0.5618 -0.8806
-0.0023 -0.4644 -0.8486
-0.0616 -0.4211 -0.8879
-0.0800 -0.3615 -0.9211
-0.0862 -0.2933 -0.8971
-0.0862 -0.2933 -0.8971
-0.0679 -0.2673 -0.8721
0.0114 -0.3008 -0.8296
0.0731 -0.3396 -0.8193
0.0671 -0.4149 -0.7446
0.0239 -0.4288 -0.7369
0.0239 -0.4288 -0.7369
-0.0626 -0.4406 -0.8178
-0.0915 -0.3848 -0.9224
-0.0320 -0.3322 -1.1162
0.0253 -0.3232 -1.1694
0.0539 -0.3650 -0.9959
0.0539 -0.3650 -0.9959
0.0301 -0.3980 -0.9046
0.0128 -0.3824 -0.8461
0.0331 -0.3774 -0.8616
0.0390 -0.3676 -0.8678
0.0390 -0.3676 -0.8678
0.0358 -0.3649 -0.8485
0.0497 -0.3515 -0.8884
0.0638 -0.3427 -0.9254
0.0381 -0.3276 -0.9583
-0.0138 -0.3349 -0.9357
-0.0138 -0.3349 -0.9357
-0.0332 -0.3433 -0.9436
-0.0460 -0.3289 -0.9538
-0.0477 -0.3655 -0.9554
-0.0318 -0.3481 -0.9955
-0.0255 -0.3305 -0.9867
-0.0255 -0.3305 -0.9867
-0.0194 -0.3345 -0.9752
-0.0193 -0.3269 -0.9693
-0.0057 -0.3273 -0.9734
0.0125 -0.3196 -0.9502
0.0144 -0.3013 -0.9401
0.0144 -0.3013 -0.9401
0.0128 -0.3175 -0.9207
0.0253 -0.3377 -0.8904
0.0131 -0.3472 -0.8524
-0.0051 -0.3368 -0.8066
-0.0051 -0.3368 -0.8066
-0.0258 -0.3570 -0.8256
-0.0326 -0.3357 -0.8397
-0.0164 -0.3138 -0.9061
-0.0027 -0.3072 -0.9263
0.0068 -0.3009 -0.9299
0.0068 -0.3009 -0.9299
0.0183 -0.3167 -0.9507
0.0237 -0.3258 -0.9480
0.0394 -0.3371 -0.9318
0.0448 -0.3417 -0.9189
0.0425 -0.3436 -0.9142
0.0425 -0.3436 -0.9142
0.0469 -0.3478 -0.9100
0.0511 -0.3486 -0.9323
0.0487 -0.3469 -0.9338
0.0462 -0.3338 -0.9180
0.0482 -0.3432 -0.9095
0.0482 -0.3432 -0.9095
0.0450 -0.3483 -0.9065
0.0372 -0.3495 -0.9026
0.0376 -0.3489 -0.9145
0.0432 -0.3485 -0.9269
0.0536 -0.3436 -0.9497
0.0536 -0.3436 -0.9497
0.0466 -0.3354 -0.9552
0.0331 -0.3365 -0.9487
0.0276 -0.3355 -0.9638
0.0257 -0.3330 -0.9750
0.0202 -0.3321 -0.9553
0.0202 -0.3321 -0.9553
0.0160 -0.3409 -0.9472
0.0160 -0.3409 -0.9472
0.0221 -0.3284 -0.9379
0.0229 -0.3122 -0.9365
0.0229 -0.3122 -0.9365
0.0236 -0.3237 -0.9223
0.0333 -0.3269 -0.9162
0.0437 -0.3272 -0.9211
0.0423 -0.3294 -0.9097
0.0341 -0.3211 -0.9055
0.0341 -0.3211 -0.9055
0.0385 -0.3252 -0.9062
0.0480 -0.3235 -0.9079
0.0486 -0.3386 -0.9187
0.0457 -0.3488 -0.9243
0.0409 -0.3365 -0.9289
0.0409 -0.3365 -0.9289
0.0426 -0.3245 -0.9385
0.0313 -0.3171 -0.9413
0.0229 -0.3159 -0.9278
0.0258 -0.3174 -0.9416
0.0273 -0.3263 -0.9455
0.0273 -0.3263 -0.9455
0.0280 -0.3287 -0.9224
0.0256 -0.3208 -0.9276
0.0210 -0.3313 -0.9195
0.0207 -0.3263 -0.9203
0.0207 -0.3263 -0.9203
0.0212 -0.3318 -0.9309
0.0282 -0.3358 -0.9299
0.0323 -0.3327 -0.9252
0.0332 -0.3350 -0.9153
0.0390 -0.3382 -0.9437
0.0390 -0.3382 -0.9437
0.0381 -0.3281 -0.9560
0.0409 -0.3259 -0.9394
0.0410 -0.3231 -0.9367
0.0444 -0.3268 -0.9278
0.0406 -0.3142 -0.9218
0.0406 -0.3142 -0.9218
0.0338 -0.3206 -0.9245
0.0318 -0.3259 -0.9319
0.0328 -0.3230 -0.9082
0.0416 -0.3295 -0.8996
0.0473 -0.3406 -0.9062
0.0473 -0.3406 -0.9062
0.0466 -0.3409 -0.9256
0.0396 -0.3472 -0.9461
0.0391 -0.3310 -0.9441
0.0309 -0.3324 -0.9406
0.0342 -0.3403 -0.9361
0.0342 -0.3403 -0.9361
0.0406 -0.3446 -0.9361
0.0389 -0.3376 -0.9355
0.0341 -0.3435 -0.9259
0.0287 -0.3440 -0.9257
0.0287 -0.3440 -0.9257
0.0295 -0.3420 -0.9288
0.0384 -0.3423 -0.9203
0.0346 -0.3384 -0.9172
0.0338 -0.3467 -0.9140
0.0315 -0.3469 -0.9131
0.0315 -0.3469 -0.9131
0.0339 -0.3453 -0.9091
0.0359 -0.3457 -0.9134
0.0320 -0.3529 -0.9127
0.0311 -0.3483 -0.9209
0.0352 -0.3528 -0.9316
0.0352 -0.3528 -0.9316
0.0341 -0.3491 -0.9244
0.0302 -0.3490 -0.9129
0.0366 -0.3521 -0.9310
0.0421 -0.3571 -0.9394
0.0450 -0.3535 -0.9140
0.0450 -0.3535 -0.9140
0.0325 -0.3497 -0.9103
0.0358 -0.3537 -0.9235
0.0362 -0.3503 -0.9173
0.0312 -0.3544 -0.9190
0.0341 -0.3532 -0.9156
0.0341 -0.3532 -0.9156
0.0361 -0.3508 -0.9137
0.0362 -0.3507 -0.9073
0.0374 -0.3556 -0.9048
0.0419 -0.3630 -0.9033
0.0419 -0.3630 -0.9033
0.0467 -0.3619 -0.9223
0.0482 -0.3546 -0.9396
0.0397 -0.3402 -0.9262
0.0293 -0.3448 -0.9285
0.0332 -0.3593 -0.9082
0.0332 -0.3593 -0.9082
0.0357 -0.3579 -0.9053
0.0359 -0.3596 -0.9285
0.0399 -0.3530 -0.9446

