0.0000 0.0000 0.0000
0.0000 0.0000 0.0000
0.0000 0.0000 0.0000
0.0000 0.0000 0.0000
0.0000 0.0000 0.0000
0.0000 0.0000 0.0000
0.0000 0.0000 0.0000
0.0000 0.0000 0.0000
0.0000 0.0000 0.0000
0.0000 0.0000 0.0000
0.0000 0.0000 0.0000
0.0000 0.0000 0.0000
0.0000 0.0000 0.0000
0.6210 0.5306 1.0057
0.5964 0.4103 1.0061
0.5093 0.0996 0.9615
0.0815 -0.4248 0.6099
0.1510 -0.1753 0.5322
0.1191 0.0756 0.5276
0.1046 0.1612 0.5097
0.0420 0.3334 0.4760
-0.0779 0.5046 0.4701
-0.0345 0.5409 0.4543
-0.0110 0.3867 0.4449
-0.0235 0.3063 0.4541
-0.0343 0.2424 0.4622
-0.0723 0.1664 0.4728
-0.1975 0.0705 0.5190
-0.3140 0.0268 0.5859
-0.3724 -0.0052 0.6280
-0.4705 -0.0533 0.7218
-0.4753 -0.1389 0.7827
-0.4433 -0.2111 0.7947
-0.3796 -0.3650 0.8073
-0.3094 -0.3512 0.7969
-0.2650 -0.2787 0.7529
-0.1636 -0.0768 0.6911
-0.1083 0.0888 0.6060
-0.1062 0.1333 0.5506
-0.1089 0.1910 0.4578
-0.0905 0.1956 0.4085
-0.0254 0.2023 0.3076
-0.0398 0.2128 0.2132
-0.0637 0.2581 0.1781
-0.1259 0.3608 0.1276
-0.1448 0.4376 0.0957
-0.1138 0.4478 0.0821
0.0145 0.4392 0.0607
0.1286 0.4542 0.0717
0.1575 0.4597 0.0779
0.1574 0.4311 0.0988
0.1242 0.3832 0.0768
0.1160 0.3334 0.0689
0.1225 0.1809 0.0352
0.0997 0.0435 -0.0008
0.0798 0.0148 -0.0108
0.0988 -0.0137 -0.0362
0.1277 -0.0268 -0.0602
0.1236 -0.0379 -0.0698
0.1341 -0.0139 -0.0913
0.1974 0.1504 -0.1159
0.2483 0.2510 -0.1342
0.4068 0.3861 -0.1667
0.6098 0.4426 -0.1920
0.6927 0.3831 -0.1902
0.7584 0.1684 -0.1615
0.7780 -0.0992 -0.1234
0.7648 -0.2523 -0.0833
0.7145 -0.5357 -0.0003
0.7158 -0.6189 0.0348
0.7353 -0.5219 0.0842
0.6921 -0.2813 0.0749
0.6494 -0.1555 0.0122
0.5443 0.0832 -0.2331
0.4463 0.0765 -0.4398
0.3788 0.0327 -0.4945
0.1879 -0.0988 -0.5125
-0.0400 -0.2733 -0.4343
-0.1080 -0.3222 -0.4020
-0.0638 -0.3466 -0.3636
0.0672 -0.4216 -0.3105
0.1466 -0.4297 -0.2870
0.3189 -0.4818 -0.2234
0.4833 -0.5266 -0.1857
0.5368 -0.5201 -0.1607
0.5230 -0.5129 -0.1151
0.5226 -0.3610 -0.1106
0.5756 -0.2642 -0.0969
0.7165 -0.2187 0.0078
0.7336 -0.2484 0.1579
0.6956 -0.2649 0.1997
0.5397 -0.3664 0.1562
0.3774 -0.4195 0.1239
0.2997 -0.3905 0.1096
0.2023 -0.2384 0.0688
0.1869 -0.0788 0.0501
0.1580 -0.0894 0.0542
-0.1583 -0.1323 -0.0708
0.2068 0.1518 -0.0481
0.1686 0.0665 -0.0761
0.1532 0.3245 0.0125
0.2708 0.2750 0.0561
0.3191 0.2147 0.0424
0.2848 0.0854 0.0629
0.1045 -0.0165 0.1114
-0.0392 -0.1005 0.1124
0.0796 0.1193 -0.0338
0.1135 0.0104 -0.0604
0.0840 0.0523 -0.0422
0.0567 0.1289 -0.0209
0.2130 0.2314 -0.0239
0.3329 0.2446 -0.0269
0.5335 0.3040 -0.1019
0.4349 0.4548 -0.2144
0.3127 0.5485 -0.2110
0.0973 0.5873 -0.1268
0.1258 0.4351 -0.0974
0.2863 0.2852 -0.2541
0.7749 0.1115 -0.5626
1.1357 -0.0248 -0.6973
1.1832 -0.0651 -0.7224
1.0122 0.0291 -0.6811
0.8865 0.1569 -0.5867
0.6027 0.3212 -0.3586
0.2394 0.3011 -0.1987
0.1224 0.3259 -0.1537
0.1155 0.4699 -0.1063
0.2648 0.5011 0.0346
0.3222 0.4418 0.1534
0.2715 0.3267 0.2962
0.1743 0.0681 0.1841
0.2305 0.0314 0.1260
0.3973 0.1439 0.0331
0.4888 0.2191 0.0560
0.5296 0.1357 0.0916
0.4907 -0.1720 0.0957
0.5008 -0.2156 0.0919
0.5103 -0.1780 0.0917
0.4414 -0.0569 0.0805
0.2194 0.0755 0.0944
0.0756 -0.0296 0.1155
-0.0823 -0.3401 0.1399
-0.0014 -0.1169 0.1552
0.1152 -0.0434 0.1326
0.4028 -0.0124 0.0646
0.5989 -0.0055 0.0037
0.5414 0.0175 -0.0347
0.1156 0.0707 -0.0402
-0.2126 0.1248 0.0222
-0.2192 0.0746 0.0593
-0.0493 0.1151 0.1106
0.0471 0.1694 0.1072
0.1203 0.1070 0.0959
0.0357 0.0818 0.1149
-0.0317 0.0740 0.0988
-0.1357 0.0637 0.0517
-0.1648 0.0319 0.0293
-0.1639 0.0520 0.0106
-0.0882 0.0333 0.0073
-0.0124 0.0430 0.0209
-0.0009 0.0843 0.0346
-0.0355 0.0957 0.0491
-0.1093 0.0757 0.0877
-0.1285 0.0569 0.0925
-0.0976 0.0555 0.0787
-0.0775 0.0623 0.0555
-0.0712 0.0574 0.0585
-0.0598 0.0197 0.0571
-0.0417 0.0003 0.0587
-0.0101 0.0012 0.0612
0.0529 0.0412 0.0337
0.0433 0.1052 0.0216
0.0227 0.1024 0.0302
0.0035 0.0912 0.0456
0.0064 0.0688 0.0345
0.0200 0.0648 0.0357
0.0406 0.0744 0.0562
0.0244 0.0736 0.0391
0.0075 0.0709 0.0405
-0.0452 0.0221 0.0395
-0.0472 0.0083 0.0403
0.0000 0.0287 0.0252
0.0104 0.0201 0.0246
0.0134 0.0136 0.0331
0.0493 -0.0135 0.0481
0.0417 -0.0044 0.0473
0.0003 0.0202 0.0497
-0.0602 0.0283 0.0525
-0.0435 0.0385 0.0542
-0.0401 0.0366 0.0522
-0.0108 0.0141 0.0722
0.0317 -0.0293 0.0767
0.0303 -0.0297 0.0744
0.0284 0.0148 0.0780
0.0346 0.0359 0.0449
0.0522 0.0287 0.0405
0.0564 -0.0178 0.0256
0.0168 -0.0074 0.0309
0.0031 0.0208 0.0222
0.0081 0.0609 0.0106
0.0317 0.0534 0.0142
0.0280 0.0510 0.0132
-0.0346 0.0474 0.0244
-0.0811 0.0427 0.0368
-0.0738 -0.0281 0.0249
-0.0047 0.0088 -0.0012
0.0133 0.0459 -0.0039
-0.0216 0.0267 0.0121
-0.0847 0.0410 0.0078
-0.1415 -0.0082 -0.0167
-0.1615 -0.0241 -0.0300
-0.1757 0.0078 -0.0159
-0.1606 0.0234 0.0071
-0.1236 0.0571 0.0220
-0.0958 0.0450 0.0076
-0.0883 0.0394 0.0107
-0.0713 -0.0032 0.0078
-0.0701 0.0056 0.0115
-0.0647 0.0008 0.0107
-0.0541 -0.0105 -0.0026
-0.0821 -0.0050 -0.0021
-0.1042 -0.0126 -0.0055
-0.1553 -0.0195 -0.0117
-0.1281 -0.0507 -0.0055
-0.0943 -0.0817 -0.0131
0.0037 -0.1738 -0.0068
0.0470 -0.2871 0.0080
0.0273 -0.2482 0.0492
-0.1393 -0.0043 0.1142
-0.2289 0.1288 0.1304
-0.2289 0.2384 0.1528
-0.2527 0.2116 0.1127
-0.3062 0.1779 0.1131
-0.3506 0.0673 0.1212
-0.4317 0.0383 0.0994
-0.4450 0.0717 0.1431
-0.2331 0.1673 0.2129
0.1176 0.2433 0.1382
0.2209 0.2049 0.1090
0.2226 -0.0061 0.0492
0.0544 -0.2238 -0.0254
-0.0760 -0.2941 -0.0551
-0.1678 -0.2774 -0.0985
-0.0193 -0.1997 -0.1516
0.1041 -0.1953 -0.1803
0.3317 -0.1140 -0.1750
0.3752 0.0278 -0.1393
0.3217 0.0716 -0.1268
0.1370 0.1517 -0.0737
-0.0527 0.0992 -0.0949
0.1423 -0.0977 -0.1836
0.2311 -0.1440 -0.2049
0.2567 -0.1294 -0.2061
0.2246 -0.0930 -0.1793
0.0410 -0.0049 -0.0950
-0.1105 0.1119 -0.0554
-0.0766 0.1107 -0.0582
0.1462 0.0563 -0.0647
0.2595 0.0401 -0.0713
0.3491 0.0625 -0.0697
0.3133 0.0446 0.0116
0.2386 0.0526 0.0135
0.0992 0.1093 0.0067
0.0544 0.0577 0.0134
0.0730 0.0147 0.0160
0.1451 0.0256 -0.0089
0.2509 0.0288 -0.0042
0.2918 0.0623 0.0046
0.2992 0.1497 0.0360
0.2382 0.1907 0.0315
0.2167 0.1995 0.0473
0.2284 0.1284 0.1013
0.3455 0.0787 0.1163
0.4192 0.0471 0.1035
0.4691 -0.0054 0.0929
0.4452 -0.0134 0.1205
0.4563 0.0314 0.1296
0.5025 0.1456 0.1281
0.4356 0.1785 0.1409
0.3844 0.1861 0.1652
0.2766 0.2039 0.1782
0.2552 0.1406 0.1530
0.2520 0.1146 0.1194
0.2298 0.1011 0.1011
0.1974 0.1083 0.0726
0.2132 0.0747 0.0580
0.2539 -0.0394 0.0315
0.2467 -0.0941 0.0124
0.1501 -0.1447 -0.0139
-0.0117 -0.1062 -0.0422
-0.0302 -0.1174 -0.0483
0.0402 -0.2011 -0.0497
0.1073 -0.1905 -0.0491
0.1154 -0.1531 -0.0370
0.1217 -0.1102 -0.0389
0.1084 -0.1027 -0.0483
0.0783 -0.1155 -0.0565
-0.0169 -0.1500 -0.0377
-0.0522 -0.1391 -0.0388
-0.0166 -0.1163 -0.0464
0.0829 -0.1039 -0.0536
0.1106 -0.1030 -0.0595
0.0731 -0.1076 -0.0714
0.0035 -0.0637 -0.0651
0.0114 -0.0209 -0.0585
0.0241 -0.0222 -0.0427
0.0445 -0.0530 -0.0117
0.0989 -0.0719 -0.0227
0.1242 -0.0545 -0.0414
0.1166 -0.0120 -0.0446
0.0904 0.0082 -0.0090
0.0923 0.0168 -0.0060
0.1233 0.0406 -0.0189
0.0936 0.0591 -0.0377
0.0408 0.0645 -0.0236
-0.0437 0.0523 -0.0095
-0.0487 0.0370 -0.0145
-0.0009 -0.0246 -0.0233
0.0731 -0.0316 -0.0193
0.0802 -0.0150 -0.0203
0.0107 0.0153 -0.0146
-0.0791 0.0434 0.0020
-0.0770 0.0294 0.0138
-0.0243 -0.0176 0.0088
0.0289 -0.0388 0.0007
0.0301 -0.0301 -0.0072
0.0203 0.0108 0.0032
-0.0216 0.0432 -0.0051
-0.0381 0.0295 0.0015
-0.0155 -0.0102 0.0191
0.0135 -0.0111 0.0002
-0.0014 0.0088 -0.0069
-0.0305 0.0221 -0.0047
-0.0084 0.0535 0.0083
-0.0010 0.0636 0.0106
-0.0129 0.0439 0.0057
-0.0370 0.0265 0.0103
-0.0260 0.0250 0.0044
0.0027 0.0077 -0.0164
0.0171 0.0239 -0.0122
0.0171 0.0274 -0.0157
0.0247 0.0136 -0.0132
0.0198 0.0146 -0.0181
0.0023 0.0581 -0.0125
-0.0303 0.0614 0.0018
-0.0271 0.0527 0.0076
0.0101 0.0254 0.0030
0.0193 -0.0104 0.0070
-0.0047 0.0046 0.0174
-0.0408 0.0302 0.0116
-0.0101 0.0367 -0.0009
0.0127 0.0308 0.0013
0.0265 0.0640 0.0064
0.0092 0.0301 0.0027
-0.0012 0.0109 -0.0024
-0.0062 -0.0336 -0.0050
0.0173 -0.0273 0.0046
0.0389 0.0043 -0.0002
0.0615 0.0053 -0.0274
0.0572 -0.1319 -0.0482
0.0344 -0.0722 -0.0495
-0.0874 0.0254 -0.0337
-0.0913 0.0838 0.0180
-0.0427 0.0372 0.0152
0.0122 -0.0166 0.0085
-0.0151 -0.0437 0.0222

