-0.5614 -0.5459 0.1432
-0.6173 -1.2244 -0.0683
-0.5500 -0.5150 0.2883
-0.5672 -1.1163 -0.0357
-0.2870 -1.1659 -0.4154
-0.6329 -0.5073 0.3430
0.0902 -0.0261 0.1437
0.0550 -1.0836 -0.0032
-0.0672 -1.1566 -0.0962
-0.5384 -0.4885 0.2204
-0.0680 -1.2780 0.3834
-0.6053 -0.5109 0.1986
-0.2820 -0.1255 0.2834
-0.4766 -0.7449 0.0653
-0.0751 -0.2703 0.1720
-0.4706 -1.0355 -0.0100
-0.4891 -0.4742 0.1447
-0.0641 -0.0122 0.2464
-0.9314 -0.5062 0.2362
-0.6000 -0.4993 0.3005
-0.9168 -0.5471 0.4030
-0.8404 -0.4579 0.3057
-1.0481 -0.5038 0.2489
-0.2448 -0.0694 0.2675
-0.0485 -0.0076 0.2156
-0.0652 -0.1550 0.1743
0.0208 0.0672 0.2016
0.0348 0.0319 0.1978
0.0286 0.0568 0.1939
0.0063 0.0096 0.2095
-0.8765 -0.4326 0.2513
-1.0244 -0.4862 0.2719
-0.7963 -0.4481 0.4154
-0.8868 -0.5181 0.3312
-0.8506 -0.4112 0.2892
-0.5637 -0.5029 0.3261
-0.5487 -0.5541 0.4857
-0.7691 -0.5356 0.1894
-0.7810 -0.4801 0.1934
-0.6611 -0.5196 0.2691
-0.0678 -0.5806 0.4924
-0.6887 -0.4919 0.4552
0.0292 0.0125 0.2491
0.0131 -0.0164 0.2611
0.0255 -0.0443 0.2456
0.0254 -0.1391 0.1552
-0.1787 -1.3485 0.8150
-0.7767 -0.5267 0.5374
-0.2093 -0.8169 -0.1298
-0.6721 -0.5149 0.2052
-0.6574 -0.5234 0.1644
-0.5129 -0.4996 0.1414
-0.6593 -0.4816 0.1670
-0.5367 -0.5482 0.1388
-0.2301 -0.4084 -0.0038
-0.6298 -0.5174 0.4080
-0.7060 -0.4962 0.2729
-0.0373 0.0269 0.2485
-0.2244 -1.0844 0.0285
-0.5094 -1.0784 -0.0733
-0.1934 -1.3497 0.8524
-1.0575 -0.5396 0.2433
-0.5057 -0.3628 0.2402
-0.4875 -0.4559 0.1341
-0.6302 -0.5532 0.4408
-0.6387 -0.5477 0.3763
-0.6756 -0.5458 0.3402
-0.5618 -0.5236 0.2890
-0.6575 -0.3379 0.5173
-0.2978 -0.8689 0.5427
-0.5139 -0.5495 0.3895
-0.5843 -0.5682 0.3628
-0.9735 -0.4413 0.2788
-0.8800 -0.5723 0.5208
-1.0410 -0.6546 0.2100
-0.6798 -0.3394 0.6664
-0.7357 -0.4117 0.6722
-0.6022 -0.4990 0.6293
-0.1295 -0.9164 0.6580
-0.8020 -0.5119 0.6465
-0.6067 -0.4230 0.5574
-0.8469 -0.4467 0.5811
-0.6236 -0.4556 0.5371
-0.7442 -0.4985 0.5363
-0.9169 -0.4996 0.5360
-0.6066 -0.5027 0.4687
-0.5465 -0.5361 0.4278
-0.8551 -0.4832 0.4372
-0.7692 -0.5115 0.4186
-0.8841 -0.5197 0.4050
-0.8436 -0.5141 0.3991
-0.7823 -0.4917 0.3901
-0.9378 -0.5233 0.3492
-0.5934 -0.4963 0.3372
-0.8960 -0.4867 0.2873
-0.7952 -0.5102 0.2870
-0.9136 -0.5206 0.2771
-0.7646 -0.4840 0.2568
-0.4335 -0.4806 0.6796
-0.5053 -0.5122 0.6674
-0.6839 -0.5076 0.6860
-0.5863 -0.4606 0.5871
-0.4540 -0.4625 0.5251
-0.6464 -0.4996 0.5457
-0.9769 -0.4606 0.5500
-0.5891 -0.4774 0.4093
-0.7090 -0.5175 0.4090
-0.6515 -0.5068 0.2778
-0.8921 -0.5402 0.3540
-0.8019 -0.5053 0.2028
-0.9549 -0.5534 0.3264
-0.7712 -0.5071 0.7848
-0.7056 -0.5872 0.8751
-0.8802 -0.5199 0.6882
-0.7627 -0.5226 0.5946
-0.4739 -0.6055 0.7583
-0.5010 -0.5628 0.7159
-0.8988 -0.5547 0.9849
-0.8532 -0.5300 0.7635
-0.9290 -0.5263 0.6648
-0.9200 -0.5808 0.5550
-0.5734 -0.6088 0.5578
-0.0623 0.0657 0.4410
0.0058 0.1980 0.3844
0.0030 0.1279 0.4188
0.0231 0.1944 0.4075
-0.0308 0.1942 0.4025
0.0278 0.2266 0.3945
-0.0291 0.1709 0.4355
-0.0122 0.1815 0.4346
-0.0043 0.0999 0.4391
-0.0099 0.1575 0.4042
0.0160 0.2251 0.3975
0.0319 0.1726 0.4216

