0.0000 0.0000 0.0000
0.0000 0.0000 0.0000
0.0000 0.0000 0.0000
0.0000 0.0000 0.0000
0.0000 0.0000 0.0000
0.0000 0.0000 0.0000
0.0000 0.0000 0.0000
0.0000 0.0000 0.0000
0.0000 0.0000 0.0000
0.0000 0.0000 0.0000
0.1562 -0.4764 -0.9469
0.2248 -0.4998 -1.0028
0.2248 -0.4998 -1.0028
0.2570 -0.5660 -0.9726
0.2638 -0.5668 -0.9713
0.2601 -0.5538 -1.0141
0.2467 -0.5357 -1.0848
0.2467 -0.5357 -1.0848
0.2064 -0.5123 -1.1134
0.1257 -0.4579 -1.0604
0.0279 -0.4228 -0.9812
-0.0252 -0.3837 -0.9184
-0.0378 -0.3537 -0.8851
-0.0378 -0.3537 -0.8851
-0.0764 -0.3233 -0.8953
-0.0783 -0.3795 -0.8494
-0.0968 -0.3462 -0.8404
-0.1174 -0.3257 -0.8605
-0.1320 -0.3353 -0.8625
-0.1320 -0.3353 -0.8625
-0.1604 -0.3256 -0.8766
-0.1764 -0.3070 -0.8482
-0.1697 -0.2764 -0.8598
-0.1525 -0.2610 -0.8516
-0.1525 -0.2610 -0.8516
-0.1237 -0.2615 -0.8867
-0.0555 -0.2842 -0.9177
-0.0410 -0.3192 -0.9934
-0.0327 -0.3385 -0.9994
-0.0328 -0.3526 -1.0001
-0.0328 -0.3526 -1.0001
-0.0477 -0.3404 -1.1228
-0.0510 -0.3815 -1.1871
-0.0505 -0.4779 -1.0977
-0.0778 -0.5572 -0.9523
-0.1183 -0.5974 -0.8380
-0.1183 -0.5974 -0.8380
-0.1643 -0.5713 -0.8854
-0.1793 -0.4902 -1.0110
-0.1998 -0.3914 -1.0881
-0.2091 -0.3236 -1.0054
-0.2106 -0.3044 -0.8987
-0.2106 -0.3044 -0.8987
-0.2330 -0.2938 -0.8138
-0.2288 -0.2882 -0.7713
-0.2315 -0.2670 -0.7585
-0.2265 -0.2436 -0.7620
-0.2265 -0.2436 -0.7620
-0.2231 -0.2509 -0.7588
-0.2232 -0.2687 -0.7632
-0.2059 -0.2885 -0.7961
-0.1998 -0.3166 -0.7954
-0.1698 -0.3289 -0.8046
-0.1698 -0.3289 -0.8046
-0.1107 -0.3399 -0.8483
-0.0626 -0.3223 -0.8923
-0.0463 -0.3335 -0.8911
-0.0347 -0.3389 -0.8908
-0.0104 -0.3390 -0.9153
-0.0104 -0.3390 -0.9153
0.0101 -0.3459 -0.9287
0.0220 -0.3045 -0.9807
0.0163 -0.2703 -1.0403
-0.0078 -0.2421 -1.0832
-0.0300 -0.2365 -1.0217
-0.0300 -0.2365 -1.0217
-0.0765 -0.2856 -0.8798
-0.0884 -0.3204 -0.7459
-0.0754 -0.3782 -0.7149
-0.0506 -0.3970 -0.7461
-0.0019 -0.3039 -0.9446
-0.0019 -0.3039 -0.9446
-0.0258 -0.2616 -1.0123
-0.0420 -0.2152 -1.1875
-0.0564 -0.1924 -1.2245
-0.0677 -0.2315 -1.1339
-0.0677 -0.2315 -1.1339
-0.0826 -0.2675 -1.0131
-0.0859 -0.3129 -0.9111
-0.0719 -0.3406 -0.8670
-0.0469 -0.3508 -0.8915
-0.0490 -0.3402 -0.9087
-0.0490 -0.3402 -0.9087
-0.0614 -0.3194 -0.9234
-0.0751 -0.2986 -0.9361
-0.0916 -0.2937 -0.9545
-0.0899 -0.2922 -0.9922
-0.0728 -0.2509 -1.0086
-0.0728 -0.2509 -1.0086
-0.0467 -0.2405 -0.9975
-0.0258 -0.2400 -0.9966
-0.0171 -0.2479 -0.9994
-0.0018 -0.2601 -1.0054
0.0133 -0.2707 -1.0074
0.0133 -0.2707 -1.0074
0.0316 -0.2756 -0.9979
0.0388 -0.2739 -0.9906
0.0403 -0.2728 -0.9986
0.0251 -0.2669 -0.9734
0.0114 -0.2715 -0.9525
0.0114 -0.2715 -0.9525
-0.0012 -0.2848 -0.9419
-0.0184 -0.3018 -0.9176
-0.0316 -0.3104 -0.8731
-0.0457 -0.3221 -0.8284
-0.0457 -0.3221 -0.8284
-0.0526 -0.3294 -0.8138
-0.0606 -0.3510 -0.7908
-0.0795 -0.3707 -0.7798
-0.0773 -0.3671 -0.8129
-0.0672 -0.3556 -0.8749
-0.0672 -0.3556 -0.8749
-0.0446 -0.3271 -0.9616
-0.0341 -0.2966 -1.0434
-0.0344 -0.3109 -1.0287
-0.0189 -0.3361 -0.9715
-0.0290 -0.3703 -0.9016
-0.0290 -0.3703 -0.9016
-0.0491 -0.3881 -0.8778
-0.0625 -0.3754 -0.8831
-0.0628 -0.3540 -0.8916
-0.0643 -0.3526 -0.9046
-0.0598 -0.3627 -0.9162
-0.0598 -0.3627 -0.9162
-0.0456 -0.3717 -0.8981
-0.0424 -0.3737 -0.8712
-0.0340 -0.3776 -0.8605
-0.0268 -0.3722 -0.8704
-0.0203 -0.3750 -0.8770
-0.0203 -0.3750 -0.8770
-0.0191 -0.3754 -0.8707
-0.0065 -0.3777 -0.8639
0.0030 -0.3603 -0.8821
0.0042 -0.3407 -0.9080
0.0042 -0.3407 -0.9080
-0.0031 -0.3275 -0.9280
-0.0158 -0.3380 -0.9279
-0.0198 -0.3361 -0.9061
-0.0341 -0.3300 -0.8792
-0.0331 -0.3297 -0.8948
-0.0331 -0.3297 -0.8948
-0.0205 -0.3395 -0.9026
-0.0164 -0.3661 -0.8796
-0.0044 -0.3892 -0.8527
0.0028 -0.3907 -0.8619
0.0082 -0.3634 -0.9250
0.0082 -0.3634 -0.9250
-0.0049 -0.3299 -0.9992
-0.0197 -0.2982 -1.0673
-0.0289 -0.3089 -1.0596
-0.0461 -0.3453 -0.9971
-0.0566 -0.3765 -0.9365
-0.0566 -0.3765 -0.9365
-0.0346 -0.3904 -0.9239
-0.0184 -0.4038 -0.9324
0.0050 -0.4049 -0.9334
0.0308 -0.4163 -0.9273
0.0308 -0.4163 -0.9273
0.0405 -0.4132 -0.9041
0.0479 -0.3962 -0.8999
0.0641 -0.3848 -0.9047
0.0788 -0.3731 -0.9184
0.0766 -0.3663 -0.9373
0.0766 -0.3663 -0.9373
0.0835 -0.3524 -0.9424
0.0826 -0.3322 -0.9387
0.0723 -0.3283 -0.9399
0.0678 -0.3398 -0.9317
0.0600 -0.3436 -0.9139
0.0600 -0.3436 -0.9139
0.0667 -0.3516 -0.8969
0.0793 -0.3481 -0.9001
0.0803 -0.3522 -0.8884
0.0777 -0.3466 -0.8974
0.0684 -0.3416 -0.9094
0.0684 -0.3416 -0.9094
0.0563 -0.3428 -0.9091
0.0631 -0.3416 -0.9053
0.0601 -0.3342 -0.9042
0.0554 -0.3316 -0.8971
0.0588 -0.3350 -0.8777
0.0588 -0.3350 -0.8777
0.0589 -0.3506 -0.8432
0.0573 -0.3796 -0.8312
0.0489 -0.3963 -0.8414
0.0297 -0.3860 -0.8880
0.0297 -0.3860 -0.8880
0.0205 -0.3611 -0.9678
0.0011 -0.3441 -1.0336
-0.0220 -0.3457 -1.0380
-0.0532 -0.3564 -0.9792
-0.0762 -0.3793 -0.9124
-0.0762 -0.3793 -0.9124
-0.1020 -0.3906 -0.8652
-0.1119 -0.3955 -0.8559
-0.1198 -0.3884 -0.8691
-0.1298 -0.3771 -0.9128
-0.1382 -0.3577 -0.9489
-0.1382 -0.3577 -0.9489
-0.1343 -0.3392 -0.9766
-0.1199 -0.3220 -1.0065
-0.0993 -0.3212 -1.0229
-0.0726 -0.3203 -0.9931
-0.0514 -0.3138 -0.9743
-0.0514 -0.3138 -0.9743
-0.0262 -0.3315 -0.9475
-0.0051 -0.3439 -0.9178
0.0019 -0.3584 -0.9230
0.0070 -0.3665 -0.9753
0.0090 -0.3651 -1.0008
0.0090 -0.3651 -1.0008
0.0077 -0.3727 -0.9668
0.0140 -0.4087 -0.9257
-0.0015 -0.4541 -0.9185
-0.0046 -0.5045 -0.9618
-0.0046 -0.5045 -0.9618
-0.0376 -0.5194 -0.9104
-0.0356 -0.5350 -0.9042
-0.0227 -0.5241 -0.8606
-0.0262 -0.5312 -0.9053
-0.0288 -0.5168 -0.9275
-0.0288 -0.5168 -0.9275
-0.0654 -0.5046 -0.8833
-0.0415 -0.5154 -0.8744
-0.0379 -0.5412 -0.8123
-0.0230 -0.5908 -0.7865
0.0039 -0.5693 -0.9177
0.0039 -0.5693 -0.9177
0.0393 -0.6005 -0.8306
0.0384 -0.5976 -0.8072
0.0361 -0.5690 -0.8321
0.0136 -0.5600 -0.8592
0.0086 -0.5320 -0.8582
0.0086 -0.5320 -0.8582
0.0423 -0.4984 -0.8761
0.0542 -0.5033 -0.8336
0.0399 -0.5191 -0.7078
-0.0258 -0.5413 -0.6806
-0.0415 -0.5927 -0.6670
-0.0415 -0.5927 -0.6670
-0.0540 -0.5828 -0.6510
-0.0343 -0.5992 -0.6784
-0.0167 -0.5857 -0.6753
-0.0095 -0.5721 -0.7215
-0.0095 -0.5721 -0.7215
0.0264 -0.5595 -0.7862
0.0464 -0.5352 -0.7698
0.0360 -0.5617 -0.7876
0.0217 -0.5764 -0.7859
0.0058 -0.5793 -0.7573
0.0058 -0.5793 -0.7573
-0.0087 -0.5969 -0.7118
-0.0231 -0.6177 -0.7000
-0.0240 -0.6332 -0.6949
-0.0090 -0.6446 -0.7079
0.0060 -0.6541 -0.7063
0.0060 -0.6541 -0.7063
0.0233 -0.6574 -0.6921
0.0404 -0.6616 -0.7162
0.0423 -0.6601 -0.7273
0.0367 -0.6578 -0.7303
0.0427 -0.6552 -0.7147
0.0427 -0.6552 -0.7147
0.0232 -0.6596 -0.7144
0.0083 -0.6626 -0.7296
-0.0078 -0.6618 -0.7258
-0.0095 -0.6658 -0.7228
-0.0095 -0.6658 -0.7228
-0.0125 -0.6617 -0.7353
0.0034 -0.6601 -0.7426
0.0106 -0.6627 -0.7449
0.0249 -0.6573 -0.7281
0.0279 -0.6618 -0.7121
0.0279 -0.6618 -0.7121
0.0276 -0.6633 -0.7035
0.0260 -0.6624 -0.7133
0.0258 -0.6678 -0.7129
0.0156 -0.6692 -0.7090
0.0137 -0.6703 -0.7127
0.0137 -0.6703 -0.7127
0.0036 -0.6689 -0.7104
0.0060 -0.6696 -0.7181
0.0160 -0.6631 -0.7252
0.0146 -0.6595 -0.7200
0.0048 -0.6733 -0.7172
0.0048 -0.6733 -0.7172
0.0047 -0.6722 -0.7134
0.0085 -0.6747 -0.6988
0.0028 -0.6791 -0.6879
-0.0113 -0.6916 -0.6744
-0.0141 -0.6887 -0.6737
-0.0141 -0.6887 -0.6737
-0.0148 -0.7009 -0.6725
-0.0349 -0.7047 -0.6622
-0.0747 -0.7190 -0.6731
-0.0821 -0.7194 -0.6989
-0.0821 -0.7194 -0.6989
-0.0617 -0.7102 -0.7016
-0.0626 -0.7252 -0.7167
-0.0455 -0.7106 -0.7198
-0.0361 -0.7157 -0.7027
-0.0551 -0.7205 -0.6821
-0.0551 -0.7205 -0.6821
-0.0530 -0.7189 -0.6747
-0.0478 -0.7166 -0.6887
-0.0546 -0.7050 -0.6826
-0.0559 -0.7148 -0.6800
-0.0688 -0.7066 -0.6867
-0.0688 -0.7066 -0.6867
-0.0536 -0.7057 -0.6890
-0.0716 -0.7150 -0.6797
-0.0604 -0.7174 -0.6937
-0.0707 -0.7264 -0.6368
-0.0653 -0.7110 -0.6539
-0.0653 -0.7110 -0.6539
-0.0330 -0.6886 -0.6752
-0.0139 -0.6853 -0.7172
-0.0206 -0.6959 -0.7363
-0.0339 -0.7008 -0.7612
0.0332 -0.6455 -0.7119
0.0332 -0.6455 -0.7119
0.0748 -0.6397 -0.6903
0.0153 -0.6621 -0.7258
-0.0396 -0.6739 -0.7605
-0.0517 -0.6849 -0.8182
-0.0517 -0.6849 -0.8182
-0.0299 -0.6880 -0.8201
0.0360 -0.6605 -0.7965
-0.0276 -0.7121 -0.7368
0.0242 -0.6806 -0.7217
0.0171 -0.6455 -0.7172
0.0171 -0.6455 -0.7172
0.0565 -0.6155 -0.7153
0.1102 -0.5934 -0.7734
0.0973 -0.5782 -0.7669
0.1218 -0.6311 -0.7385
-0.0319 -0.6399 -0.7167
-0.0319 -0.6399 -0.7167
0.0720 -0.6407 -0.6010
0.0180 -0.6779 -0.7614
0.0165 -0.6700 -0.7025
0.0186 -0.6525 -0.7287
0.0168 -0.6492 -0.7166
0.0168 -0.6492 -0.7166
0.0148 -0.6515 -0.7425
0.0240 -0.6692 -0.7562
0.0286 -0.6635 -0.7316
0.0408 -0.6743 -0.7268
0.0386 -0.6708 -0.7297
0.0386 -0.6708 -0.7297
0.0424 -0.6766 -0.7461
0.0436 -0.6765 -0.7388
0.0520 -0.6777 -0.7314
0.0488 -0.6737 -0.7215
0.0488 -0.6737 -0.7215
0.0406 -0.6733 -0.7246
0.0326 -0.6712 -0.7336
0.0355 -0.6775 -0.7353
0.0345 -0.6831 -0.7186
0.0364 -0.6906 -0.7005
0.0364 -0.6906 -0.7005
0.0344 -0.6916 -0.7015
0.0311 -0.6855 -0.7139
0.0326 -0.6906 -0.7151
0.0339 -0.6910 -0.7071
0.0383 -0.6895 -0.6977
0.0383 -0.6895 -0.6977
0.0338 -0.6923 -0.7043
0.0373 -0.6939 -0.6951
0.0296 -0.6943 -0.6902
0.0262 -0.6963 -0.6884
0.0243 -0.7013 -0.6866
0.0243 -0.7013 -0.6866
0.0240 -0.7035 -0.6985
0.0201 -0.6950 -0.6911
0.0233 -0.6969 -0.6893
0.0181 -0.6998 -0.6915
0.0181 -0.6998 -0.6915
0.0218 -0.7004 -0.7045
0.0234 -0.6994 -0.6920
0.0211 -0.6985 -0.6799
0.0199 -0.6985 -0.6901
0.0139 -0.6939 -0.6955
0.0139 -0.6939 -0.6955
0.0130 -0.6968 -0.6983
0.0119 -0.6984 -0.6928
0.0156 -0.6951 -0.6867
0.0111 -0.6975 -0.6877
0.0113 -0.7014 -0.6890
0.0113 -0.7014 -0.6890
0.0113 -0.7024 -0.6780
0.0098 -0.7035 -0.6845
0.0071 -0.7012 -0.6848
0.0126 -0.6986 -0.6921
0.0123 -0.7014 -0.6931
0.0123 -0.7014 -0.6931
0.0029 -0.6982 -0.6834
0.0099 -0.7089 -0.6756
0.0091 -0.7128 -0.6811
0.0096 -0.7116 -0.6908
0.0125 -0.6991 -0.6981
0.0125 -0.6991 -0.6981
0.0037 -0.7018 -0.6953
-0.0026 -0.7052 -0.6953
-0.0058 -0.7065 -0.6895
-0.0006 -0.7116 -0.6800
-0.0006 -0.7116 -0.6800
-0.0015 -0.7103 -0.6920
0.0070 -0.7082 -0.6975
0.0052 -0.7084 -0.6945
-0.0030 -0.7153 -0.6850
-0.0008 -0.7119 -0.6760
-0.0008 -0.7119 -0.6760
0.0022 -0.7180 -0.6837
0.0008 -0.7097 -0.6838
0.0101 -0.7104 -0.6856
0.0067 -0.7136 -0.6823
0.0109 -0.7127 -0.6737
0.0109 -0.7127 -0.6737
0.0089 -0.7150 -0.6676
0.0084 -0.7105 -0.6672
0.0083 -0.7131 -0.6699
0.0136 -0.7084 -0.6814
0.0143 -0.7085 -0.6874
0.0143 -0.7085 -0.6874
0.0119 -0.7077 -0.6829
0.0119 -0.7140 -0.6776
0.0116 -0.7220 -0.6701
0.0128 -0.7241 -0.6715
0.0152 -0.7249 -0.6708
0.0152 -0.7249 -0.6708
0.0179 -0.7238 -0.6739
0.0114 -0.7249 -0.6714
0.0152 -0.7218 -0.6808
0.0171 -0.7200 -0.6803
0.0171 -0.7200 -0.6803
0.0181 -0.7231 -0.6697
0.0147 -0.7226 -0.6663
0.0093 -0.7177 -0.6680
0.0138 -0.7189 -0.6737
0.0109 -0.7236 -0.6731
0.0109 -0.7236 -0.6731
0.0106 -0.7202 -0.6623
0.0118 -0.7229 -0.6551
0.0120 -0.7217 -0.6632
0.0121 -0.7220 -0.6703
0.0147 -0.7249 -0.6718
0.0147 -0.7249 -0.6718
0.0172 -0.7228 -0.6703
0.0141 -0.7259 -0.6671
0.0119 -0.7263 -0.6660
0.0145 -0.7234 -0.6678
0.0208 -0.7238 -0.6653
0.0208 -0.7238 -0.6653
0.0179 -0.7186 -0.6622
0.0197 -0.7245 -0.6619
0.0225 -0.7218 -0.6625
0.0223 -0.7213 -0.6591
0.0122 -0.7205 -0.6596
0.0122 -0.7205 -0.6596
0.0121 -0.7214 -0.6648
0.0099 -0.7212 -0.6633
0.0101 -0.7275 -0.6626
0.0132 -0.7313 -0.6657
0.0132 -0.7313 -0.6657
0.0177 -0.7243 -0.6764
0.0148 -0.7193 -0.6856
0.0099 -0.7254 -0.6888
0.0108 -0.7236 -0.6773
0.0128 -0.7233 -0.6759
0.0128 -0.7233 -0.6759
0.0128 -0.7225 -0.6695
0.0067 -0.7233 -0.6680
0.0090 -0.7214 -0.6628
0.0141 -0.7201 -0.6664
0.0153 -0.7204 -0.6703
0.0153 -0.7204 -0.6703
0.0127 -0.7220 -0.6713
0.0087 -0.7188 -0.6562
0.0132 -0.7266 -0.6632
0.0087 -0.7280 -0.6807
0.0101 -0.7242 -0.6804
0.0101 -0.7242 -0.6804
0.0098 -0.7215 -0.6978
0.0141 -0.7188 -0.7029
0.0075 -0.7225 -0.6776

