0.0000 0.0000 0.0000
0.0000 0.0000 0.0000
0.0000 0.0000 0.0000
0.0000 0.0000 0.0000
0.0000 0.0000 0.0000
0.0000 0.0000 0.0000
0.0000 0.0000 0.0000
0.0000 0.0000 0.0000
0.0000 0.0000 0.0000
0.0000 0.0000 0.0000
0.0000 0.0000 0.0000
0.0000 0.0000 0.0000
-0.1600 -0.1218 0.1817
-0.0767 -0.2856 0.3514
0.1917 -0.3599 0.1629
0.5021 -0.4489 -0.1981
0.2801 -0.3755 -0.1366
0.2145 -0.6210 0.1041
0.2656 -0.4533 0.1557
0.5547 -0.6863 0.1119
1.0408 -0.6785 -0.0938
1.0361 -0.8331 -0.0548
0.9722 -0.9315 -0.0242
0.9814 -1.0697 -0.0166
1.0033 -1.0340 0.0111
0.9951 -0.9581 -0.0120
1.3965 -0.9746 -0.1314
1.7400 -1.0110 -0.2989
1.8171 -1.0357 -0.3528
1.9364 -1.2541 -0.4092
1.9017 -1.4939 -0.4208
1.8735 -1.4883 -0.4267
2.0004 -1.3204 -0.4457
2.3396 -1.1134 -0.5200
2.4567 -1.0828 -0.6071
2.2646 -0.9639 -0.7720
2.1411 -0.7845 -0.8786
2.0680 -0.6611 -0.8801
1.7585 -0.4778 -0.7330
1.5564 -0.3343 -0.6139
1.4956 -0.1934 -0.5750
1.4092 0.0084 -0.4733
1.2953 0.0632 -0.4154
0.9790 0.2749 -0.2933
0.7537 0.3661 -0.1312
0.6792 0.3580 -0.0830
0.5361 0.1623 -0.0731
0.1031 0.0264 -0.0190
0.1056 -0.1435 0.0044
0.1314 -0.0861 -0.1267
0.1469 0.0364 -0.1691
0.1408 0.0855 -0.1149
0.1393 0.1089 -0.0278
0.0952 -0.0185 -0.0562
-0.0329 -0.0229 -0.0668
-0.0279 -0.0398 -0.0406
0.1115 -0.0042 -0.0812
0.1523 0.0311 -0.1340
0.1483 0.0137 -0.2186
0.0605 -0.0730 -0.1851
-0.0034 -0.1212 -0.1553
-0.0782 -0.1911 -0.1527
-0.1170 -0.0129 -0.1331
-0.1253 0.1890 -0.1070
0.0420 0.4339 -0.0932
-0.0212 0.5253 -0.0551
-0.0505 0.5027 -0.0457
-0.0864 0.4449 -0.0177
0.0994 0.3000 -0.0235
0.2084 0.1439 -0.0859
0.1779 -0.0964 -0.2198
0.1041 -0.1739 -0.2278
0.1422 -0.2005 -0.1369
0.1679 -0.0404 -0.0773
0.1700 0.0357 -0.0558
0.2840 0.0714 -0.0648
0.4269 0.0044 -0.1338
0.4002 0.0163 -0.1476
0.2454 0.0784 -0.1094
0.1436 0.1222 -0.0502
0.0515 0.1414 -0.0245
-0.0934 0.1556 0.0057
-0.1395 0.1980 0.0094
-0.1255 0.2198 0.0043
-0.1368 0.3140 0.0220
-0.1581 0.3966 0.0759
-0.2082 0.3897 0.1093
-0.4261 0.4825 0.1875
-0.4960 0.6510 0.3085
-0.4327 0.7511 0.3355
-0.3430 1.0133 0.3496
-0.4173 1.0951 0.4459
-0.4879 1.0806 0.4823
-0.6168 0.9937 0.4659
-0.8573 1.0069 0.4963
-0.9659 1.0291 0.5540
-1.0512 1.0673 0.6139
-1.0519 1.0359 0.5821
-0.9984 0.8904 0.4763
-1.1756 0.8208 0.4508
-1.3469 0.9709 0.5038
-1.7114 1.8141 0.7196
-2.1204 2.8388 1.2641
-2.2265 3.2001 1.5947
-2.0529 3.1745 2.0276
-1.9648 2.7968 1.9898
-2.1446 2.8100 1.8058
-2.4739 2.7723 1.6837
-2.2534 2.6003 1.5741
-2.1572 2.2925 1.5024
-1.8700 1.4073 1.2677
-1.4182 0.4633 0.9882
-1.2527 0.2031 0.8966
-1.0823 -0.0440 0.9291
-0.8363 -0.2386 1.0013
-0.5476 -0.2741 0.9537
-0.1595 -0.2656 0.6792
-0.0504 -0.1977 0.5107
-0.0229 -0.1214 0.4893
-0.0194 -0.0179 0.6024
-0.0178 0.0060 0.7411
-0.0089 -0.0378 0.7958
-0.0463 -0.0481 0.8554
-0.0596 0.0661 0.9087
-0.0367 0.1317 0.9511
-0.0161 0.1491 1.0219
-0.0306 0.0947 1.0265
-0.1260 -0.1004 1.0007
-0.1489 -0.1678 1.0251
-0.1222 -0.1566 1.0492
-0.0849 -0.0349 1.0456
-0.0689 0.0807 0.9722
-0.0374 0.1336 0.9405
-0.0269 0.1327 0.9091
-0.0876 0.0958 0.8459
-0.0891 0.0675 0.8200
-0.0114 0.0406 0.7977
0.1087 -0.0010 0.7601
0.1242 -0.0213 0.7285
0.0872 -0.0846 0.7094
0.0209 -0.0903 0.7712
0.0183 -0.0860 0.8112
0.0014 -0.0705 0.8573
-0.0173 -0.1009 0.8472
-0.0378 -0.0693 0.8404
-0.1037 0.1760 0.8787
-0.1097 0.4716 0.9999
-0.0641 0.5589 1.0615
-0.0248 0.5729 1.0935
-0.0711 0.5026 1.0625
-0.1624 0.3165 0.9692
-0.2496 0.3284 0.9498
-0.3109 0.3914 0.9962
-0.3538 0.5762 1.1355
-0.2935 0.6788 1.2456
-0.2748 0.6828 1.2746
-0.2870 0.5600 1.3582
-0.2836 0.2963 1.4862
-0.2681 0.2105 1.5262
-0.2125 0.1725 1.5257
-0.1612 0.2260 1.5827
-0.0907 0.2340 1.6526
0.0669 0.4184 1.7613
0.0067 0.6547 1.8672
-0.0669 0.6736 1.9465
-0.0479 0.2992 2.0422
-0.3343 -0.1603 1.8509
-0.3612 -0.3734 1.8468
-0.3833 -0.2636 1.8609
-0.2063 -0.1001 1.8477
-0.0484 0.0594 1.7909
0.2362 0.3414 1.6784
0.4213 0.5296 1.6119
0.4879 0.5604 1.5645
0.4747 0.5269 1.4250
0.2579 0.3734 1.3219
0.2076 0.2915 1.2658
0.2242 0.2084 1.1552
0.2207 0.2509 1.1140
0.2915 0.5065 1.0361
0.4535 0.7451 0.9730
0.5325 0.8216 0.9278
0.5496 0.8546 0.8578
0.4203 0.9271 0.8338
0.4131 0.9510 0.8398
0.5575 0.8461 0.8738
0.7682 0.8652 0.8547
0.8352 0.9110 0.7925
0.7863 1.2042 0.5979
0.2443 1.0495 0.6245
-0.4224 1.4207 0.1664
-0.2311 0.7442 0.8520
-0.5895 0.5593 1.3285
-0.5320 -0.3572 1.9352
0.2719 -1.8108 2.0268
0.4504 -1.8200 0.9404
0.4475 -1.6273 0.6640
0.0414 -1.9738 0.2319
-0.2781 -2.1579 -0.0279
-0.2534 -1.6079 0.0007
0.5118 0.7499 0.5120
0.9400 1.0588 1.0136
0.8259 0.8661 1.1120
0.4062 1.1748 1.3011
0.2053 0.9896 1.3503
-0.0467 0.3950 1.2413
0.0018 0.1279 0.9100
0.1092 0.0039 0.7098
0.2978 -0.2544 0.4717
0.4023 -0.3954 0.3784
0.3943 -0.3579 0.3310
0.1622 -0.3847 0.2881
-0.0042 -0.2997 0.2658
-0.0558 -0.2348 0.2213
-0.0493 -0.0828 0.1090
0.1565 -0.0905 0.0123
0.2631 -0.1909 -0.0281
0.3167 -0.3424 -0.0766
0.2553 -0.3602 -0.1091
0.2432 -0.3803 -0.1518
0.2471 -0.4285 -0.1577
0.2884 -0.5282 -0.0930
0.3522 -0.5624 -0.1021
0.4287 -0.6097 -0.1926
0.1095 -0.3555 -0.3572
0.0343 -0.1674 -0.4164
-0.2514 -0.2583 -0.4356
-0.6143 0.0457 -0.3940
-0.7083 0.1614 -0.3551
-0.5299 0.2019 -0.2644
-0.1424 0.1517 -0.3127
0.0558 0.0743 -0.3423
0.2424 -0.2520 -0.2936
0.1505 -0.3882 -0.2992
0.1249 -0.1351 -0.3380
-0.2598 -0.1933 -0.3474
-0.5221 -0.0159 -0.3359
-0.8155 0.3454 -0.3144
-0.6758 0.5815 -0.3941
-0.5235 0.5805 -0.4243
-0.2206 0.4377 -0.4333
-0.0614 0.2089 -0.3872
-0.1196 -0.0945 -0.5684
-0.1759 -0.0724 -0.6842
-0.2901 0.0181 -0.5882
-0.3035 0.1982 -0.6089
-0.3521 0.5933 -0.6052
-0.3682 0.7772 -0.3334
-0.3182 0.8773 -0.1531
-0.2208 1.0766 0.0409
-0.2291 1.2100 0.1117
-0.2368 1.1255 0.0948
-0.0678 1.0565 -0.0223
-0.0056 0.9228 -0.1181
-0.0718 0.6952 0.0261
-0.0214 0.5000 0.1699
-0.0659 0.4336 0.2128
-0.1447 0.4490 0.3114
-0.4521 0.0586 0.5506
-0.7516 -0.8591 0.7513
-0.8607 -1.1028 0.7760
-1.0462 -0.9322 0.7788
-1.0618 -0.7401 0.7733
-0.8080 -0.2356 0.5907
-0.5604 -0.8964 0.3905
-0.4597 -0.8481 0.3651
-0.2942 -0.6413 0.2508
-0.1324 -0.4241 0.2026
-0.0062 -0.2336 0.1586
0.1431 0.0675 0.1182
0.1576 0.2273 0.1178
0.1275 0.3255 0.1153
0.1417 0.4151 0.1187
0.1120 0.3323 0.0360
-0.0001 0.2731 -0.0052
-0.2793 0.1915 -0.0100
-0.3310 0.1761 -0.0173
-0.2522 0.1945 -0.0052
0.0052 0.2443 0.0208
0.1015 0.2685 -0.0250
0.0376 0.2572 -0.0137
-0.1355 0.2620 0.0271
-0.1083 0.2858 0.0271
-0.0743 0.2878 0.0284
-0.0624 0.3404 0.0803
-0.0655 0.3503 0.0868
-0.0399 0.3860 0.0936
-0.0187 0.3276 0.0530
-0.0456 0.2480 0.0115
-0.1372 0.1521 0.0328
-0.0920 0.1412 0.0689
-0.0584 0.1400 0.0576
-0.0263 0.1775 0.0534
-0.0282 0.1523 0.0501
-0.0358 0.1321 0.0362
-0.0759 0.0754 0.0015
-0.0885 -0.0530 0.0041
-0.0478 -0.0475 0.0218
0.0790 0.0737 0.0587
0.1949 0.1470 0.0633
0.2137 0.1146 0.0522
0.1095 -0.0032 0.0093
0.0073 -0.0758 -0.0019
-0.0188 -0.0955 -0.0257
-0.0311 -0.0138 -0.0327
0.0537 0.0656 -0.0056
0.1001 0.0750 -0.0050
0.1301 0.0095 -0.0072
0.0686 -0.0447 -0.0152
0.0245 -0.0480 -0.0087
-0.0382 0.0139 -0.0114
-0.0198 0.0531 -0.0019
0.0035 0.0165 -0.0071
0.0178 -0.0241 0.0067
0.0189 0.0032 0.0129
0.0247 -0.0110 -0.0221
0.0253 -0.0377 -0.0147
0.0361 -0.0288 -0.0084
0.0583 -0.0042 -0.0235
0.0411 0.0221 -0.0273
0.0249 0.0266 -0.0226
-0.0125 0.0203 -0.0157
-0.0322 -0.0326 0.0058
-0.0215 -0.0697 0.0227
0.0411 -0.0351 0.0273
0.0848 0.0164 -0.0072
0.0770 0.0280 -0.0190
-0.0044 0.0337 -0.0194
-0.0311 0.0046 0.0125
0.0194 -0.0264 0.0251
0.0990 -0.0579 0.0232
0.1023 -0.0549 0.0397
0.0898 -0.0452 0.0332
0.0756 -0.0257 0.0233
0.0888 0.0124 0.0153
0.0993 0.0131 0.0126
0.0813 -0.0014 0.0065
0.0295 -0.0154 0.0106
0.0089 -0.0267 0.0100
0.0112 -0.0600 0.0087
0.1066 -0.0299 -0.0004
0.1471 -0.0146 -0.0143
0.1588 0.0039 -0.0062
0.1369 0.0149 0.0132
0.0741 0.0003 0.0110
0.0359 -0.0436 0.0165
0.0526 -0.0562 0.0205
0.0932 -0.0506 0.0109
0.1046 0.0114 0.0149
0.1173 0.0122 0.0132
0.1539 -0.0296 -0.0025
0.1354 -0.0651 -0.0119
0.1136 -0.0362 -0.0065
0.0383 0.0214 0.0023
-0.0139 0.0493 0.0175
-0.0163 0.0472 0.0290
0.0299 0.0123 0.0270
0.0836 0.0009 0.0119
0.0775 0.0039 0.0026
0.0126 0.0300 0.0078
-0.0095 0.0391 0.0061
0.0296 0.0259 0.0140
0.1079 0.0134 0.0153
0.0805 -0.0268 0.0164
0.0373 -0.0370 0.0256
-0.0084 -0.0984 0.0358
0.0377 -0.1281 0.0088
0.0650 -0.0872 -0.0070
0.0922 -0.0115 -0.0228
0.0644 0.0095 -0.0309
-0.0390 0.0759 -0.0065
-0.0895 0.0484 0.0253
-0.0697 0.0171 0.0424
0.0237 -0.0495 0.0388
0.0426 -0.0003 0.0092
0.0119 0.0106 -0.0079
-0.0049 0.0292 -0.0098
0.0308 0.0383 -0.0034
0.0578 0.0241 0.0035
0.0588 0.0241 0.0219
-0.0492 0.0011 0.0387
-0.0768 0.0236 0.0310
-0.0376 0.0772 -0.0037
0.0246 0.0375 -0.0060
0.0489 0.0189 0.0053
0.0517 0.0000 -0.0042
0.0277 -0.0325 0.0160
0.0413 -0.0433 0.0183
0.1117 0.0093 -0.0020
0.1307 0.0482 -0.0268
0.1341 0.0811 -0.0243
0.1048 0.1030 -0.0095
0.1093 0.0515 -0.0096
0.1070 0.0326 -0.0115
0.0490 0.0332 -0.0135
0.0443 0.0639 -0.0056
0.0742 0.0652 -0.0043
0.1095 0.0312 -0.0107
0.1099 0.0336 -0.0142
0.0883 0.0416 -0.0176
0.0110 0.0539 -0.0285
-0.0097 0.0576 -0.0060
0.0921 0.0670 0.0267
0.2160 0.1273 0.0248
0.2273 0.1441 0.0442
0.1653 0.1838 0.1239
0.1781 0.2703 0.2009
0.1728 0.3324 0.2073
0.1223 0.6332 0.2607
0.1062 1.0269 0.3937
0.1176 1.2348 0.4507
0.1080 1.5198 0.5516
0.3326 1.5152 0.6708
0.5692 1.3913 0.6962
0.9251 1.1297 0.5895
0.5716 0.9499 0.5282
0.3373 0.9472 0.5902
0.1077 1.1235 0.6220
0.1583 1.0145 0.5726
0.1977 0.8842 0.5742
0.1774 0.7554 0.6109
0.2093 0.7233 0.6297
0.2897 0.8109 0.6338
0.4962 1.0584 0.6126
0.4902 1.0867 0.5729
0.2462 0.8943 0.5451
0.0571 0.5670 0.5397
0.0212 0.4104 0.5011
0.0108 0.1982 0.3995
-0.0177 0.0030 0.3811
-0.0445 -0.0426 0.3742
-0.1046 -0.0560 0.3632
-0.1493 -0.0140 0.3547
-0.1346 0.0217 0.3596
-0.1276 0.0560 0.3210
-0.1566 0.0928 0.2936
-0.1607 0.0703 0.2787
-0.1188 -0.0104 0.2248
-0.0010 -0.0583 0.1827
0.0511 -0.0788 0.1597
0.1106 -0.0866 0.1138
0.1627 -0.0664 0.0873
0.1565 -0.0729 0.0733
0.0423 -0.0891 0.0730
-0.0598 -0.0064 0.0988
-0.0331 0.0242 0.1069
0.1164 0.0315 0.1227
0.2460 0.0510 0.1070
0.2757 0.0675 0.0956
0.2597 0.0755 0.0978
0.2068 0.0842 0.0861
0.1459 0.1270 0.0910
0.1681 0.0743 0.0637
0.1755 0.0481 0.0553
0.2016 0.0108 0.0367
0.2019 -0.0153 0.0342
0.1765 -0.0163 0.0339
0.1248 -0.0074 0.0462
0.0738 0.0587 0.0474
0.0455 0.0665 0.0495
0.0325 0.0481 0.0544
0.0329 0.0209 0.0421
0.0260 0.0104 0.0383
0.0108 0.0157 0.0238
0.0080 0.0612 0.0221
0.0077 0.0761 0.0257
0.0318 0.0837 0.0399
0.0817 0.0718 0.0394
0.0856 0.0528 0.0432
0.0335 0.0413 0.0486
0.0015 0.0315 0.0395
0.0008 0.0271 0.0311
0.0358 0.0440 0.0380
0.0661 0.0348 0.0407
0.0644 0.0293 0.0335
0.0299 0.0389 0.0217
0.0255 0.0501 0.0117
0.0271 0.0470 0.0132
0.0544 0.0672 0.0061
0.0672 0.0451 -0.0078
0.0419 -0.0018 -0.0102
-0.0225 -0.0402 -0.0080
-0.0327 -0.0595 -0.0026
-0.0351 -0.0813 -0.0039
-0.0281 -0.1229 -0.0124
-0.0232 -0.1533 -0.0213
0.0226 -0.1556 -0.0216
0.0900 -0.1540 -0.0230
0.1158 -0.1254 -0.0139
0.1301 -0.0496 -0.0081
0.0509 0.0162 0.0103
0.0013 0.0339 0.0150
-0.0539 -0.0051 0.0219
-0.0328 -0.0518 0.0220
-0.0123 -0.0402 0.0169
0.0359 0.0214 0.0001
0.0355 0.0269 -0.0144
0.0043 0.0157 -0.0218
-0.0903 -0.0230 -0.0358
-0.1340 -0.1179 -0.0328
-0.1249 -0.1551 -0.0327
-0.0672 -0.1990 -0.0304
0.0020 -0.1635 -0.0680
0.0293 -0.1682 -0.0787
0.0390 -0.2616 -0.1188
0.0044 -0.3548 -0.1561
-0.1014 -0.5348 -0.2104
-0.1701 -0.7372 -0.2654
-0.2037 -0.7662 -0.3154
-0.1805 -0.7965 -0.3102
-0.0506 -0.8769 -0.3107
0.0095 -0.9395 -0.3292
0.0447 -1.1243 -0.3491
-0.0538 -1.2359 -0.3626
-0.1450 -1.2233 -0.3697
-0.3438 -1.1625 -0.3869
-0.4414 -1.0932 -0.4283
-0.4295 -1.0278 -0.4543
-0.3363 -0.9706 -0.5293
-0.2462 -0.8690 -0.5752
-0.2407 -0.8138 -0.5914
-0.2454 -0.6828 -0.6021
-0.2176 -0.5627 -0.6041
-0.1585 -0.5081 -0.6013
0.0186 -0.4552 -0.5749
0.0576 -0.3589 -0.5170
-0.0150 -0.2957 -0.4873
-0.0912 -0.4129 -0.4507
-0.1057 -0.3801 -0.4226
-0.1111 -0.3661 -0.4256
-0.0946 -0.3041 -0.3926
-0.1137 -0.2158 -0.3635
-0.1881 -0.1085 -0.3072
-0.3056 -0.0821 -0.2860
-0.3823 -0.0497 -0.2894
-0.4693 0.0900 -0.2529
-0.3918 0.1312 -0.2167
-0.2706 0.1178 -0.1857
0.0324 0.0955 -0.1539
0.1867 0.0701 -0.1522
0.1696 0.0596 -0.1470
0.0272 0.0549 -0.1544
-0.1266 0.0145 -0.1631
-0.1458 -0.0133 -0.1469
-0.0875 -0.0499 -0.1111
-0.0271 -0.0520 -0.1088
-0.0087 -0.0272 -0.1121
0.0224 0.0461 -0.1145
0.0030 0.0514 -0.1155
-0.0108 0.0259 -0.1118
-0.0122 -0.0212 -0.0907
-0.0201 -0.0371 -0.0858
-0.0246 -0.0250 -0.0793
-0.0303 -0.0382 -0.0706
-0.0132 -0.0239 -0.0792
-0.0020 -0.0170 -0.0747
0.0104 0.0166 -0.0589
-0.0149 0.0293 -0.0443
-0.0126 0.0340 -0.0268
0.0295 0.0511 -0.0151
0.0514 0.0835 -0.0062
0.0760 0.2855 0.0271
0.0918 0.5275 0.1082
0.1177 0.6922 0.1682
0.2447 1.0156 0.3410
0.3994 1.2768 0.5224
0.3998 1.3724 0.5945
0.2774 1.6077 0.7873
0.1519 1.5428 0.9088
0.0825 1.5340 0.9423
0.0152 1.5429 1.0266
0.0319 1.5189 1.1630
0.0261 1.4635 1.2028
-0.1308 1.3154 1.2242
-0.2847 1.0842 1.3624
-0.3251 0.9452 1.4334
-0.3162 0.7444 1.4917
-0.2787 0.6414 1.5396
-0.3007 0.5778 1.5681
-0.3809 0.6091 1.6538
-0.4093 0.8202 1.7337
-0.3921 0.9306 1.7627
-0.3564 1.1289 1.7546
-0.4187 1.2984 1.7021
-0.5026 1.2978 1.6904
-0.6461 1.2085 1.6555
-0.6479 1.1631 1.6216
-0.5095 1.0710 1.5057
-0.3620 0.9031 1.3667
-0.3243 0.8262 1.2978
-0.3056 0.6158 1.1202
-0.3604 0.3718 0.9717
-0.3748 0.2854 0.9120
-0.2868 0.1924 0.8194
-0.0799 0.2040 0.7476
-0.0040 0.2342 0.7143
0.0204 0.2511 0.6456
-0.0322 0.1906 0.5900
-0.0497 0.1510 0.5577
-0.0763 0.1168 0.4772
-0.0747 0.1152 0.4359
-0.0443 0.1310 0.4164
0.0436 0.2419 0.3621
0.0837 0.2806 0.3177
0.0661 0.2725 0.2966
-0.0165 0.1942 0.2576
-0.0788 0.0852 0.2553
-0.0557 0.0782 0.2570
0.0721 0.1211 0.2202
0.0922 0.2035 0.1842
0.0464 0.2364 0.1704
-0.0633 0.2116 0.1361
-0.1230 0.1224 0.1272
-0.0979 0.0929 0.1261
-0.0131 0.0443 0.0934
0.0012 0.0621 0.0879
-0.0293 0.1044 0.0690
-0.0500 0.1349 0.0583
-0.0365 0.1374 0.0442
-0.0029 0.1199 0.0033
0.0216 0.0886 -0.0211
0.0124 0.0822 -0.0304
-0.0200 0.0525 -0.0419
0.0304 0.0525 -0.0234
0.0881 0.0753 -0.0213
0.1413 0.1487 -0.0363
0.1158 0.1865 -0.0467
0.1037 0.1645 -0.0577
0.0923 0.1046 -0.0700
0.0816 0.1289 -0.0910
0.0876 0.1767 -0.1073
0.1174 0.2557 -0.0972
0.1659 0.2439 -0.0706
0.1710 0.2071 -0.0688
0.0906 0.1429 -0.0711
0.0201 0.1139 -0.0524
0.0218 0.1009 -0.0607
0.0589 0.0360 -0.0904
0.0624 -0.0306 -0.0845
0.0637 -0.0455 -0.0809
0.0111 -0.0851 -0.0963
-0.1132 -0.1281 -0.1156
-0.1699 -0.1381 -0.1229
-0.1931 -0.1428 -0.1391
-0.1676 -0.1825 -0.1426
-0.0716 -0.2552 -0.1191
-0.0075 -0.2376 -0.1146
-0.0229 -0.2256 -0.1009
-0.1109 -0.2021 -0.0711
-0.1005 -0.1520 -0.0493
-0.0406 -0.1557 -0.0435
0.1034 -0.2151 -0.0424
0.1638 -0.2868 -0.0404
0.1691 -0.2897 -0.0404
0.1685 -0.2630 -0.0440
0.1347 -0.2592 -0.0280
0.1196 -0.2559 -0.0100
0.1516 -0.3108 -0.0120
0.2613 -0.4179 -0.0441
0.3156 -0.4538 -0.0756
0.3492 -0.5046 -0.1440
0.2904 -0.5231 -0.2102
0.2464 -0.4928 -0.2508
0.2013 -0.4216 -0.3239
0.2701 -0.4656 -0.3901
0.3182 -0.5185 -0.4353
0.3699 -0.6601 -0.4928
0.4014 -0.7245 -0.5169
0.4806 -0.8163 -0.6017
0.4906 -0.8666 -0.6817
0.4594 -0.8575 -0.7112
0.4006 -0.8876 -0.7843
0.3753 -0.9170 -0.8367
0.3772 -0.9275 -0.8521
0.4231 -0.9498 -0.8704
0.4584 -0.9533 -0.8995
0.4502 -0.9859 -0.9161
0.3913 -0.9870 -0.9327
0.3159 -0.9262 -0.9519
0.2774 -0.8976 -0.9628
0.2358 -0.9150 -0.9623
0.3040 -0.9565 -0.9522
0.3672 -1.0419 -0.9717
0.4600 -1.2602 -0.9723
0.4155 -1.4289 -0.9604
0.3989 -1.5863 -0.9559
0.4809 -1.7019 -0.8946
0.5421 -1.7197 -0.8679
0.5481 -1.7766 -0.8706
0.4951 -1.8904 -0.8076
0.3409 -1.6649 -0.7918
0.3253 -1.7616 -0.7797
0.3787 -1.5297 -0.7715
0.4688 -1.2331 -0.7649
0.4852 -1.0718 -0.7773
0.3969 -0.7924 -0.7755
0.3158 -0.6675 -0.7616
0.0938 -0.4958 -0.7773
-0.1568 -0.3554 -0.7539
-0.2209 -0.2960 -0.7314
-0.1831 -0.2518 -0.7275
-0.0317 -0.2973 -0.7118
0.0318 -0.3503 -0.6999
0.0577 -0.4788 -0.6609
0.0080 -0.5281 -0.6110
-0.0102 -0.5320 -0.5891
-0.0019 -0.5672 -0.5542
0.0318 -0.6788 -0.5366
0.0393 -0.7331 -0.5288
0.0348 -0.7860 -0.5023
0.0425 -0.7281 -0.4571
0.0394 -0.6396 -0.4430
0.0378 -0.4886 -0.4215
0.0190 -0.5426 -0.3891
0.0425 -0.5861 -0.3711
0.1871 -0.6794 -0.3481
0.3598 -0.7081 -0.3435
0.4194 -0.7260 -0.3315
0.4799 -0.6373 -0.2927
0.4902 -0.5554 -0.2680
0.5754 -0.6741 -0.2137
0.9086 -0.9021 -0.1733
1.2152 -0.8884 -0.2318
1.1960 -0.7531 -0.1605
0.8338 -0.4121 0.0260
0.6571 -0.2485 -0.0740
0.3506 0.1397 -0.2153
-0.3125 0.3707 -0.2855
-0.7101 0.4817 -0.2289
-1.4143 0.9109 -0.1958
-1.9228 1.2251 -0.1345
-2.1069 1.3138 -0.0921
-2.2620 1.5323 -0.0481
-2.2379 1.9126 0.0665
-2.1883 2.0284 0.1246
-2.0560 1.8581 0.1890
-1.7388 1.2916 0.2572
-1.5238 1.0044 0.2853
-1.1066 0.6407 0.3103
-0.8204 0.4787 0.2793
-0.7616 0.3625 0.2657
-0.8047 0.1583 0.2996
-0.9820 0.0757 0.3401
-1.0222 0.1150 0.3405
-1.0786 0.0809 0.2792
-1.0558 -0.1252 0.2594
-0.9813 -0.1735 0.2851
-0.6555 -0.2011 0.2999
-0.2185 -0.2456 0.2431
-0.0407 -0.2566 0.1966
0.0988 -0.3319 0.1143
0.0054 -0.3132 0.0836
0.0677 -0.2564 0.0874
0.1160 -0.2249 0.0807
0.1351 -0.1676 0.0595
0.0089 -0.0950 0.0447
-0.0707 -0.0878 0.0494
-0.1468 -0.0263 0.0594
-0.0998 0.0472 0.0496
-0.0475 0.0870 0.0428
0.0368 0.1439 0.0161
0.0142 0.1157 0.0137
-0.0199 0.0971 0.0155
-0.0670 0.0051 0.0150
0.0242 0.0334 0.0467
0.0835 0.0396 0.0322
0.1155 0.0844 0.0212
0.0259 0.0963 0.0154
-0.0256 0.0674 0.0047
-0.0657 0.0682 -0.0072
-0.0012 0.0904 -0.0036
0.0453 0.0845 -0.0011
0.0730 0.0399 -0.0059
0.0309 0.0195 0.0015
-0.0014 0.0359 -0.0057
-0.0508 0.0214 -0.0119
-0.0558 0.0055 -0.0076
-0.0449 -0.0075 0.0009
-0.0097 0.0093 -0.0043
-0.0056 0.0284 -0.0060
-0.0046 0.0354 0.0007
0.0100 0.0244 0.0096
0.0225 0.0034 0.0130
0.0439 -0.0304 0.0138
0.0203 -0.0471 0.0107
0.0024 -0.0176 0.0090
-0.0383 0.0377 0.0092
-0.0563 0.0404 0.0090
-0.0473 0.0288 0.0033
0.0105 -0.0343 -0.0026
0.0904 -0.0174 -0.0089
0.0921 0.0006 -0.0266
0.0304 0.0664 -0.0249
-0.0442 0.0516 -0.0169
-0.0730 0.0358 -0.0070
-0.0711 -0.0234 0.0160
-0.0084 -0.0876 0.0186
0.0214 -0.0872 0.0192
0.0225 0.0040 -0.0005
-0.0090 0.0777 -0.0088
-0.0076 0.0679 -0.0156
0.0028 -0.0011 -0.0196
0.0135 -0.0267 -0.0099
0.0444 -0.0123 0.0093
0.0549 0.0235 0.0211
0.0565 0.0485 0.0199
0.0374 0.1024 0.0016
-0.0351 0.0997 -0.0295
-0.0543 0.0782 -0.0330
-0.0355 -0.0026 -0.0239
0.0040 -0.0321 -0.0089
0.0153 -0.0310 -0.0006
0.0341 0.0288 0.0182
0.0520 0.0615 0.0139
0.0694 0.0844 0.0137
0.0453 0.0979 0.0003
-0.0266 0.0775 -0.0107
-0.0296 0.0547 0.0025
0.0238 0.0365 0.0095
0.1088 0.0842 -0.0071
0.1149 0.1115 -0.0254
0.1069 0.0921 0.0043
0.1796 0.0468 0.0163
0.2557 0.0465 0.0195
0.3717 0.0485 -0.0097
0.3810 0.0464 0.0127
0.3468 0.0381 0.0036
0.1551 0.0355 -0.0298
-0.0430 0.1262 -0.0164
-0.0983 0.1674 -0.0111
-0.1354 0.1100 0.0115
-0.1162 0.0676 0.0123
-0.0391 -0.0452 0.0234
0.0492 -0.0763 0.0133
0.0828 -0.0693 0.0046
0.0754 -0.1203 -0.0081
0.0297 -0.1954 0.0175
0.0254 -0.1806 0.0185
0.0811 -0.1629 0.0086
0.1190 -0.1648 -0.0423
0.1121 -0.1676 -0.0558
0.0859 -0.0999 -0.0498
0.0811 -0.0102 -0.0566
0.0778 0.0098 -0.0492
0.0692 0.0421 -0.0193
0.0766 0.0563 -0.0124
0.0660 0.0401 -0.0149
0.0516 -0.0165 -0.0120
0.0702 -0.0697 -0.0316
0.0856 -0.0814 -0.0419
0.0989 -0.0475 -0.0410
0.0986 -0.0018 -0.0313
0.0887 0.0076 -0.0266
0.0142 0.0272 -0.0170
0.0289 0.0128 -0.0160
0.0466 0.0170 -0.0175
0.0425 0.0834 0.0050
0.0493 0.1009 0.0115
0.0822 0.0830 0.0193
0.0915 0.0463 0.0073
0.0637 -0.0298 -0.0008
-0.0218 -0.0122 -0.0011
-0.0441 0.0206 -0.0012
0.0123 0.0320 0.0131
0.0963 0.0243 0.0015
0.1064 0.0208 -0.0033
0.0653 0.0134 -0.0190
0.0015 0.0263 -0.0219
-0.0092 0.0306 -0.0078
0.0028 0.0251 -0.0118
0.0194 0.0371 0.0082
0.0197 0.0496 0.0120
0.0250 0.0376 0.0095
0.0232 -0.0288 0.0094
0.0269 -0.0296 0.0126
0.0355 -0.0092 0.0028
0.0452 -0.0094 0.0053
0.0437 -0.0198 0.0051
0.0466 -0.0544 0.0116
0.0128 -0.0845 0.0217
0.0293 -0.1304 0.0130
0.0825 -0.1199 -0.0210
0.1451 -0.1103 -0.0343
0.1531 -0.0518 -0.0384
0.0922 0.0849 -0.0224
0.0390 0.1147 -0.0077
-0.0954 0.0780 0.0075
-0.2259 0.0617 0.0367
-0.2410 0.0161 0.0535
-0.1231 -0.0972 0.0507

