0.0000 0.0000 0.0000
0.0000 0.0000 0.0000
0.0000 0.0000 0.0000
0.0000 0.0000 0.0000
-0.0392 -0.5258 -0.8842
-0.0353 -0.4981 -0.8794
-0.0353 -0.4981 -0.8794
0.0785 -0.4768 -0.7549
0.0785 -0.4768 -0.7549
0.1242 -0.5031 -0.6929
0.1711 -0.5229 -0.6624
0.2059 -0.5347 -0.6735
0.2213 -0.5420 -0.7251
0.2421 -0.5365 -0.7877
0.2421 -0.5365 -0.7877
0.2424 -0.5318 -0.8423
0.2320 -0.5442 -0.8969
0.2178 -0.5542 -0.9242
0.2044 -0.5599 -0.9366
0.1968 -0.5672 -0.9089
0.1964 -0.5810 -0.8674
0.1834 -0.5967 -0.8348
0.1745 -0.6066 -0.8135
0.1650 -0.6084 -0.8180
0.1650 -0.6084 -0.8180
0.1508 -0.5905 -0.8379
0.1382 -0.5628 -0.8636
0.1271 -0.5364 -0.8773
0.1217 -0.5139 -0.8621
0.1269 -0.5042 -0.8409
0.1269 -0.5042 -0.8409
0.1306 -0.4929 -0.7984
0.1388 -0.4837 -0.7686
0.1539 -0.4900 -0.7517
0.1622 -0.5023 -0.7654
0.1622 -0.5023 -0.7654
0.1527 -0.5036 -0.7908
0.1405 -0.5091 -0.8315
0.1286 -0.5075 -0.8572
0.1232 -0.5135 -0.8771
0.1232 -0.5135 -0.8771
0.1097 -0.5216 -0.8770
0.0991 -0.5367 -0.8768
0.0865 -0.5383 -0.8739
0.0761 -0.5414 -0.8639
0.0696 -0.5520 -0.8476
0.0696 -0.5520 -0.8476
0.0601 -0.5581 -0.8359
0.0606 -0.5624 -0.8322
0.0645 -0.5595 -0.8262
0.0687 -0.5577 -0.8369
0.0771 -0.5466 -0.8418
0.0771 -0.5466 -0.8418
0.0922 -0.5417 -0.8452
0.1048 -0.5434 -0.8492
0.1109 -0.5335 -0.8533
0.1196 -0.5166 -0.8611
0.1396 -0.5105 -0.8646
0.1396 -0.5105 -0.8646
0.1507 -0.5158 -0.8558
0.1457 -0.5271 -0.8489
0.1381 -0.5346 -0.8431
0.1322 -0.5389 -0.8521
0.1266 -0.5352 -0.8500
0.1266 -0.5352 -0.8500
0.1218 -0.5366 -0.8510
0.1109 -0.5407 -0.8465
0.1072 -0.5401 -0.8371
0.1110 -0.5466 -0.8271
0.1110 -0.5466 -0.8271
0.1101 -0.5494 -0.8223
0.1027 -0.5459 -0.8251
0.0956 -0.5345 -0.8416
0.0883 -0.5197 -0.8380
0.0854 -0.5208 -0.8357
0.0854 -0.5208 -0.8357
0.0795 -0.5185 -0.8262
0.0765 -0.5091 -0.8255
0.0661 -0.4995 -0.8291
0.0554 -0.4782 -0.8310
0.0497 -0.4704 -0.8260
0.0497 -0.4704 -0.8260
0.0469 -0.4523 -0.8159
0.0441 -0.4446 -0.7976
0.0451 -0.4489 -0.7777
0.0396 -0.4613 -0.7667
0.0248 -0.4722 -0.7781
0.0248 -0.4722 -0.7781
-0.0022 -0.4773 -0.8044
-0.0342 -0.4726 -0.8526
-0.0580 -0.4609 -0.8777
-0.0671 -0.4653 -0.8901
-0.0609 -0.4677 -0.8649
-0.0609 -0.4677 -0.8649
-0.0492 -0.4891 -0.8375
-0.0418 -0.5005 -0.8251
-0.0335 -0.5010 -0.8115
-0.0263 -0.5056 -0.8188
-0.0263 -0.5056 -0.8188
-0.0229 -0.4993 -0.8265
-0.0126 -0.4988 -0.8206
-0.0037 -0.5167 -0.8150
-0.0022 -0.5430 -0.8163
-0.0096 -0.5562 -0.8205
-0.0096 -0.5562 -0.8205
-0.0129 -0.5724 -0.8426
-0.0155 -0.5782 -0.8783
-0.0144 -0.5671 -0.9327
-0.0146 -0.5595 -0.9839
-0.0222 -0.5444 -1.0428
-0.0222 -0.5444 -1.0428
-0.0354 -0.5244 -1.0637
-0.0415 -0.5023 -1.0382
-0.0402 -0.4902 -0.9752
-0.0510 -0.4832 -0.9177
-0.0696 -0.4795 -0.8450
-0.0696 -0.4795 -0.8450
-0.0826 -0.4752 -0.7843
-0.0820 -0.4801 -0.7217
-0.0751 -0.4832 -0.6857
-0.0733 -0.4886 -0.6636
-0.0715 -0.5024 -0.6960
-0.0715 -0.5024 -0.6960
-0.0741 -0.5040 -0.7269
-0.0789 -0.5209 -0.7586
-0.0803 -0.5418 -0.7945
-0.0786 -0.5556 -0.8139
-0.0786 -0.5556 -0.8139
-0.0735 -0.5824 -0.8435
-0.0800 -0.5989 -0.8718
-0.0837 -0.6070 -0.8952
-0.0767 -0.5998 -0.9077
-0.0641 -0.5987 -0.8959
-0.0641 -0.5987 -0.8959
-0.0509 -0.6105 -0.8777
-0.0313 -0.5979 -0.8674
-0.0209 -0.5920 -0.8688
-0.0310 -0.5786 -0.8838
-0.0342 -0.5476 -0.8630
-0.0342 -0.5476 -0.8630
-0.0240 -0.5403 -0.8569
-0.0182 -0.5356 -0.8301
-0.0212 -0.5280 -0.8096
-0.0301 -0.5349 -0.7852
-0.0367 -0.5370 -0.7873
-0.0367 -0.5370 -0.7873
-0.0367 -0.5380 -0.7925
-0.0472 -0.5362 -0.7818
-0.0587 -0.5554 -0.7459
-0.0653 -0.5741 -0.7253
-0.0653 -0.5741 -0.7253
-0.0664 -0.5917 -0.7140
-0.0677 -0.6148 -0.7332
-0.0760 -0.6231 -0.7400
-0.0773 -0.6241 -0.7353
-0.0841 -0.6399 -0.7477
-0.0841 -0.6399 -0.7477
-0.0903 -0.6373 -0.7541
-0.0919 -0.6502 -0.7583
-0.0829 -0.6508 -0.7420
-0.0775 -0.6572 -0.7380
-0.0759 -0.6499 -0.7362
-0.0759 -0.6499 -0.7362
-0.0689 -0.6444 -0.7372
-0.1421 -0.5978 -0.7410
-0.0680 -0.7102 -0.8244
-0.0368 -0.6830 -0.7151
-0.0328 -0.6479 -0.6495
-0.0328 -0.6479 -0.6495
-0.0204 -0.6294 -0.6655
-0.0238 -0.6268 -0.7057
-0.0325 -0.6319 -0.7160
-0.0197 -0.6331 -0.7392
-0.0205 -0.6359 -0.7518
-0.0205 -0.6359 -0.7518
-0.0610 -0.6619 -0.7337
-0.0857 -0.6914 -0.7211
-0.0858 -0.7063 -0.7178
-0.0733 -0.6920 -0.6968
-0.0733 -0.6920 -0.6968
-0.0605 -0.6745 -0.7093
-0.0498 -0.6631 -0.7264
-0.0767 -0.6901 -0.6230
-0.0374 -0.6599 -0.8145
-0.0116 -0.6867 -0.7698
-0.0116 -0.6867 -0.7698
-0.0287 -0.6791 -0.7175
-0.0096 -0.6398 -0.7643
0.0092 -0.6306 -0.7783
-0.0125 -0.6616 -0.7255
-0.0267 -0.6863 -0.6865
-0.0267 -0.6863 -0.6865
-0.0401 -0.7087 -0.6674
-0.0281 -0.6801 -0.8068
-0.0453 -0.6778 -0.7521
-0.0302 -0.7345 -0.7494
-0.0284 -0.7137 -0.7360
-0.0284 -0.7137 -0.7360
-0.0263 -0.7108 -0.7493
-0.0079 -0.7270 -0.7406
-0.0121 -0.6859 -0.7693
-0.0129 -0.6958 -0.7285
-0.0129 -0.6958 -0.7285
0.0148 -0.7103 -0.7408
0.0226 -0.6892 -0.7326
0.0326 -0.6751 -0.7310
0.0575 -0.6752 -0.6921
0.0575 -0.6752 -0.6921
0.0741 -0.6710 -0.6671
0.0833 -0.6693 -0.6727
0.0966 -0.6529 -0.6829
0.0910 -0.6511 -0.7074
0.0875 -0.6616 -0.7172
0.0875 -0.6616 -0.7172
0.0954 -0.6588 -0.6844
0.0685 -0.6598 -0.6644
0.0561 -0.6765 -0.7038
0.0741 -0.6707 -0.6902
0.0706 -0.6717 -0.6933
0.0706 -0.6717 -0.6933
0.0574 -0.6801 -0.7124
0.0495 -0.6837 -0.6924
0.0515 -0.6825 -0.6806
0.0387 -0.7051 -0.6712
0.0379 -0.7031 -0.6836
0.0379 -0.7031 -0.6836
0.0457 -0.7037 -0.6918
0.0405 -0.7098 -0.6706
0.0322 -0.7034 -0.6700
0.0330 -0.7082 -0.6872
0.0369 -0.7118 -0.6889
0.0369 -0.7118 -0.6889
0.0314 -0.7063 -0.6646
0.0190 -0.7130 -0.6711
0.0077 -0.7193 -0.6903
0.0136 -0.7186 -0.7073
0.0136 -0.7186 -0.7073
0.0223 -0.7079 -0.6732
0.0333 -0.7077 -0.6586
0.0394 -0.7123 -0.6744
0.0415 -0.7115 -0.6892
0.0318 -0.7092 -0.6923
0.0318 -0.7092 -0.6923
0.0323 -0.7170 -0.6655
0.0387 -0.7258 -0.6409
0.0319 -0.7186 -0.6404
0.0307 -0.7129 -0.6680
0.0351 -0.7127 -0.6627
0.0351 -0.7127 -0.6627
0.0337 -0.7177 -0.6464
0.0327 -0.7225 -0.6471
0.0312 -0.7170 -0.6599
0.0373 -0.7251 -0.6634
0.0410 -0.7266 -0.6608
0.0410 -0.7266 -0.6608
0.0395 -0.7237 -0.6654
0.0333 -0.7261 -0.6639
0.0371 -0.7262 -0.6672
0.0388 -0.7274 -0.6644
0.0388 -0.7274 -0.6644
0.0344 -0.7253 -0.6831
0.0245 -0.7266 -0.6793
0.0296 -0.7323 -0.6602
0.0309 -0.7240 -0.6519
0.0319 -0.7272 -0.6559
0.0319 -0.7272 -0.6559
0.0350 -0.7229 -0.6611
0.0338 -0.7245 -0.6734
0.0355 -0.7258 -0.6832
0.0304 -0.7239 -0.6746
0.0322 -0.7235 -0.6596
0.0322 -0.7235 -0.6596
0.0387 -0.7280 -0.6650
0.0351 -0.7261 -0.6814
0.0389 -0.7230 -0.6873
0.0362 -0.7236 -0.6755
0.0380 -0.7275 -0.6788
0.0380 -0.7275 -0.6788
0.0445 -0.7243 -0.6762
0.0396 -0.7201 -0.6599
0.0377 -0.7237 -0.6613
0.0390 -0.7258 -0.6688
0.0389 -0.7257 -0.6628
0.0389 -0.7257 -0.6628
0.0369 -0.7223 -0.6591
0.0421 -0.7202 -0.6587
0.0368 -0.7220 -0.6658
0.0349 -0.7182 -0.6815
0.0349 -0.7182 -0.6815
0.0390 -0.7236 -0.6780
0.0359 -0.7258 -0.6567
0.0376 -0.7254 -0.6520
0.0432 -0.7302 -0.6581
0.0439 -0.7304 -0.6818
0.0439 -0.7304 -0.6818
0.0433 -0.7269 -0.6835
0.0413 -0.7258 -0.6671
0.0353 -0.7317 -0.6544
0.0450 -0.7337 -0.6567
0.0441 -0.7233 -0.6648
0.0441 -0.7233 -0.6648
0.0396 -0.7236 -0.6699
0.0378 -0.7311 -0.6628
0.0436 -0.7273 -0.6556
0.0391 -0.7274 -0.6540
0.0374 -0.7246 -0.6644
0.0374 -0.7246 -0.6644
0.0449 -0.7320 -0.6533
0.0508 -0.7283 -0.6666
0.0431 -0.7252 -0.6791
0.0379 -0.7264 -0.6733
0.0435 -0.7349 -0.6379
0.0435 -0.7349 -0.6379
0.0271 -0.7379 -0.6409
0.0284 -0.7460 -0.6691
0.0321 -0.7322 -0.6898
0.0402 -0.7270 -0.6870
0.0402 -0.7270 -0.6870

