0.0268 -0.0185 -0.0100
0.0070 0.0049 -0.0036
0.0065 0.0144 -0.0053
0.0020 0.0189 -0.0130
-0.0230 0.0269 0.0039
-0.0306 0.0192 0.0150
-0.0312 -0.0104 0.0137
-0.0225 -0.0184 0.0035
-0.0073 -0.0196 0.0047
0.0257 -0.0099 -0.0120
0.0083 0.0070 -0.0329
-0.0107 0.0106 -0.0409
0.0006 0.0204 -0.0519
0.0191 0.0274 -0.0581
0.0430 0.0155 -0.0420
0.0305 0.0094 0.0043
0.0169 0.0110 0.0193
0.0069 0.0248 0.0345
0.0028 0.0043 0.0321
0.0061 -0.0106 0.0378
0.0385 0.0065 0.0300
0.0680 0.0059 0.0152
0.0584 0.0125 0.0137
0.0370 0.0231 0.0102
0.0231 -0.0001 -0.0042
0.0164 -0.0161 -0.0055
0.0681 0.0202 -0.0270
0.0620 0.0856 -0.0240
0.0296 0.1065 0.0047
-0.0433 0.0560 0.0380
-0.0745 -0.0031 0.0487
-0.0657 0.0070 0.0317
-0.0264 0.0220 0.0306
-0.0039 0.0261 0.0342
-0.0033 0.0400 0.0293
0.0093 0.0625 0.0427
0.0085 0.0421 0.0441
-0.0026 0.0426 0.0423
-0.0089 0.0398 0.0274
-0.0071 0.0361 0.0023
0.0016 0.0329 -0.0089
-0.0052 0.0071 -0.0115
-0.0253 0.0085 -0.0038
-0.0467 0.0274 0.0131
-0.0235 0.0271 0.0101
-0.0142 0.0215 0.0004
-0.0087 0.0252 -0.0130
-0.0504 0.0401 -0.0103
-0.0549 0.0338 0.0056
-0.0227 0.0143 0.0169
0.0055 0.0221 0.0198
0.0003 0.0431 0.0176
-0.0133 0.0637 0.0032
0.0054 0.0391 -0.0065
0.0129 0.0237 -0.0176
0.0111 0.0378 -0.0203
-0.0004 0.0679 -0.0011
-0.0037 0.0559 -0.0012
-0.0138 0.0219 0.0001
0.0090 0.0300 -0.0051
0.0167 0.0272 -0.0090
0.0061 0.0241 0.0089
-0.0192 0.0233 0.0189
-0.0222 0.0245 0.0185
0.0015 0.0008 0.0085
-0.0039 -0.0002 0.0026
-0.0123 0.0052 0.0042
-0.0095 0.0081 0.0044
0.0041 0.0087 0.0011
0.0154 0.0510 -0.0028
0.0081 0.0923 0.0081
0.0038 0.0763 -0.0043
0.1305 0.1488 -0.1248
0.0550 -0.0319 -0.0609
-0.0047 -0.0424 -0.0163
-0.0843 -0.0221 0.0399
-0.0435 -0.0299 0.0617
0.0014 -0.0170 0.0335
0.1327 0.0081 -0.0704
0.0085 -0.0370 0.0096
0.0249 -0.0604 0.0205
0.0206 -0.0614 0.0231
0.0104 -0.0441 0.0408
0.0128 -0.0411 0.0474
0.0170 -0.0278 0.0443
0.0098 -0.0089 0.0176
-0.0288 0.0357 0.0079
-0.0374 0.0554 0.0107
-0.0536 0.0819 0.0226
-0.0847 0.1106 0.0519
-0.0958 0.1246 0.0606
-0.1213 0.1417 0.0895
-0.1202 0.1450 0.1356
-0.1159 0.1442 0.1530
-0.1179 0.1412 0.1805
-0.1076 0.1710 0.1870
-0.0749 0.2350 0.2007
-0.0509 0.2855 0.1841
-0.0660 0.3068 0.1648
-0.1345 0.3299 0.1180
-0.1896 0.3225 0.0902
-0.1965 0.3328 0.0775
-0.2158 0.3985 0.0386
-0.2497 0.4346 0.0501
-0.2627 0.4350 0.0761
-0.2729 0.4054 0.1188
-0.2909 0.3484 0.1681
-0.3109 0.3259 0.2060
-0.3460 0.2896 0.2782
-0.3665 0.2611 0.3319
-0.3745 0.2628 0.3579
-0.3279 0.3247 0.4010
-0.2041 0.4255 0.4012
-0.1354 0.4663 0.4106
-0.0427 0.4899 0.4171
-0.0316 0.4761 0.4018
-0.0446 0.4542 0.3771
-0.0633 0.3927 0.3449
-0.0913 0.3749 0.2920
-0.1572 0.3859 0.2541
-0.4581 0.3988 0.2159
-0.6206 0.4113 0.2222
-0.6509 0.4116 0.2484
-0.2616 0.3238 0.2504
-0.0308 0.2666 0.2431
0.1511 0.1784 0.2262
-0.0902 0.2018 0.2374
-0.2508 0.2337 0.2634
-0.4654 0.3059 0.3140
-0.5115 0.3987 0.3633
-0.4926 0.4593 0.4094
-0.3932 0.5569 0.5027
-0.2878 0.6407 0.5384
-0.2571 0.6507 0.5378
-0.2481 0.5907 0.5722
-0.3845 0.4552 0.5768
-0.5043 0.3598 0.5604
-0.7660 0.1078 0.4704
-0.8621 -0.1191 0.3638
-0.7956 -0.1616 0.2936
-0.5542 -0.1430 0.1476
-0.4497 -0.1347 0.1347
-0.4583 -0.0930 0.1857
-0.5964 0.0793 0.3599
-0.8274 0.1711 0.5727
-0.9283 0.1797 0.6765
-1.0693 0.1354 0.8079
-1.1113 0.0742 0.8178
-1.0391 -0.0960 0.8519
-0.8395 -0.2576 0.7724
-0.6848 -0.3249 0.7263
-0.2703 -0.4002 0.6737
0.2021 -0.2691 0.6421
0.3693 -0.1481 0.6228
0.2764 0.0445 0.6230
0.0060 0.2526 0.6814
-0.1084 0.3377 0.7301
-0.1812 0.4112 0.7778
-0.0816 0.4243 0.7878
-0.0185 0.4489 0.7624
0.0974 0.5578 0.6763
0.1740 0.7286 0.5602
0.2078 0.8360 0.5139
0.2472 1.1276 0.4810
0.2440 1.4106 0.5036
0.2094 1.5359 0.5467
0.0216 1.7035 0.6677
-0.3174 1.5046 0.7640
-0.4458 0.9756 0.8567
-0.3538 0.7179 0.8486
0.0425 0.1265 0.6603
0.0202 0.0638 0.7058
-0.2088 -0.0691 0.8082
-0.2974 -0.0779 0.8648
-0.3708 -0.1017 1.0450
-0.3447 -0.1177 1.1267
-0.2073 -0.0675 1.3339
0.0308 0.1243 1.5247
0.1440 0.2189 1.5951
0.2777 0.3553 1.6593
0.2298 0.3581 1.6067
0.1341 0.3367 1.5496
-0.1164 0.2919 1.4279
-0.3627 0.3111 1.2544
-0.4514 0.3217 1.1457
-0.5080 0.3618 0.9146
-0.3795 0.3858 0.7487
-0.2804 0.3966 0.6973
-0.0795 0.4413 0.6648
0.0262 0.4874 0.6749
0.0397 0.5182 0.6846
-0.0004 0.5403 0.7180
0.0112 0.5283 0.7152
0.0603 0.5061 0.6843
0.1962 0.4474 0.5992
0.2751 0.3920 0.4682
0.2657 0.3999 0.3955
0.2221 0.4635 0.2677
0.2305 0.5102 0.1570
0.2623 0.5234 0.1185
0.3231 0.5317 0.0648
0.3029 0.5313 0.0704
0.2390 0.4923 0.1095
0.0091 0.3741 0.2335
-0.1464 0.3254 0.3047
-0.4349 0.2153 0.4528
-0.4442 0.1221 0.5309
-0.2801 0.1215 0.5288
0.2416 0.1733 0.5095
0.7494 0.3737 0.5552
0.9372 0.4877 0.6206
1.0761 0.6642 0.7966
0.9557 0.7389 1.0003
0.7942 0.7233 1.0794
0.3109 0.5381 1.2021
-0.3684 0.0405 1.2468
-0.4947 -0.2602 1.1812
-0.3599 -0.3833 1.0667
-0.2217 -0.3545 1.0122
0.0730 -0.1667 0.8610
0.2219 0.0832 0.7111
0.1938 0.1723 0.6418
-0.0244 0.2963 0.5149
-0.2508 0.3867 0.4105
-0.3055 0.4422 0.3468
-0.3142 0.4477 0.2362
-0.3038 0.3704 0.1931
-0.3047 0.3486 0.1862
-0.2743 0.2927 0.2122
-0.1786 0.2123 0.2265
-0.1157 0.1494 0.2086
-0.0195 -0.0118 0.1229
0.0175 -0.1001 0.0818
0.0792 -0.2853 -0.0045
0.0900 -0.4623 -0.1158
0.0856 -0.5357 -0.1715
0.0518 -0.6715 -0.3129
-0.0105 -0.8116 -0.4946
-0.0813 -0.8755 -0.6059
-0.2960 -1.0123 -0.8405
-0.3272 -1.2042 -1.0479
-0.2371 -1.3936 -1.1339
-0.0037 -1.7862 -1.3190
0.2951 -1.9740 -1.5164
0.5135 -1.9551 -1.6092
1.0342 -1.6669 -1.7390
1.2579 -1.3043 -1.7997
1.1175 -1.1330 -1.8167
0.2264 -0.8228 -1.8615
-1.0378 -0.6156 -1.9076
-1.4388 -0.4661 -1.9483
-1.4867 -0.2305 -2.1410
-0.8279 -0.0758 -2.2618
-0.4097 -0.0607 -2.2425
0.3238 -0.1377 -2.1100
0.5644 -0.2053 -2.0127
0.7775 -0.3416 -1.7896
0.6882 -0.4156 -1.5622
0.6066 -0.3820 -1.4661
0.4469 -0.2965 -1.3333
0.3432 -0.1989 -1.2067
0.3156 -0.1454 -1.1429
0.2807 -0.0324 -1.0279
0.2581 0.0533 -0.8546
0.2702 0.0620 -0.7426
0.2912 0.0475 -0.4388
0.3281 0.1253 -0.0632
0.3331 0.2320 0.1495
0.2729 0.5130 0.5811
0.1186 0.7665 1.0016
0.0308 0.8433 1.1877
-0.1180 0.8807 1.4911
-0.3103 0.7464 1.5845
-0.4108 0.6494 1.5820
-0.4629 0.4726 1.5419
-0.2951 0.4880 1.4292
-0.1425 0.6033 1.3600
0.2440 0.9437 1.2477
0.6205 1.2369 1.2355
0.7210 1.3061 1.2905
0.5951 1.3268 1.4883
0.3404 1.2450 1.5727
-0.4597 0.8797 1.6574
-1.1346 0.4986 1.6749
-1.2367 0.4216 1.6665
-0.9349 0.5306 1.6306
-0.5090 0.6765 1.4765
-0.3589 0.6883 1.4077
-0.0696 0.5332 1.3185
0.0581 0.2368 1.2387
0.0811 0.1455 1.2094
0.1264 0.1541 1.1349
0.2138 0.3571 0.9231
0.2039 0.4303 0.7907
0.1321 0.4349 0.6650
0.1056 0.3984 0.6100
0.1401 0.3275 0.4996
0.2877 0.2877 0.3630
0.3756 0.2587 0.2835
0.4234 0.1408 0.0858
0.1622 -0.0167 -0.1442
-0.0167 -0.1016 -0.2677
-0.3211 -0.2762 -0.5660
-0.4671 -0.4220 -0.8984
-0.4987 -0.5075 -1.0538
-0.4425 -0.7472 -1.2184
-0.3030 -1.1441 -1.2876
-0.1989 -1.3486 -1.3211
0.1615 -1.6877 -1.3849
0.4023 -1.7978 -1.3956
0.8427 -1.8844 -1.3811
0.8934 -1.7416 -1.3427
0.6958 -1.5616 -1.3130
-0.0985 -0.9027 -1.2366
-0.8244 -0.4082 -1.1917
-0.9312 -0.3478 -1.1789
-0.6631 -0.4076 -1.2018
-0.0897 -0.5601 -1.2079
0.1786 -0.5599 -1.1912
0.4600 -0.4059 -1.2253
0.4210 -0.1655 -1.3219
0.3592 -0.0633 -1.3359
0.2750 0.1246 -1.2653
0.1744 0.2329 -1.1411
0.1003 0.2612 -1.0580
-0.0982 0.2779 -0.8775
-0.2855 0.3714 -0.6851
-0.3205 0.4401 -0.5699
-0.2503 0.5314 -0.3755
-0.0716 0.5185 -0.1662
0.0236 0.4871 -0.0585
0.1660 0.4493 0.1808
0.1610 0.4746 0.4177
0.0731 0.4680 0.5286
-0.2119 0.3756 0.7740
-0.3064 0.3404 0.8999
-0.1577 0.4147 1.0847
0.0432 0.5595 1.0722
0.0932 0.6497 1.0911
-0.0096 0.8238 1.1570
-0.0337 0.9453 1.2044
0.1104 1.2019 1.2948
0.3956 1.3214 1.4017
0.5205 1.3481 1.4489
0.5721 1.3611 1.5439
0.2277 1.1965 1.6531
-0.0838 1.0315 1.6985
-0.8782 0.5629 1.7108
-1.3738 0.1370 1.6857
-1.3499 0.0987 1.6417
-0.9075 0.2010 1.5071
-0.4676 0.2308 1.2845
-0.3428 0.1854 1.1625
-0.1376 0.0412 1.1156
-0.0067 0.0257 1.0576
0.0485 0.1092 1.0101
0.1739 0.3969 0.9544
0.2970 0.6403 0.9221
0.3334 0.6849 0.9020
0.3452 0.6556 0.8362
0.2776 0.5281 0.6971
0.2491 0.4705 0.6214
0.2737 0.3581 0.4590
0.3297 0.3201 0.3832
0.3933 0.2164 0.2206
0.2656 0.0382 0.0325
0.1483 -0.0461 -0.0456
-0.0749 -0.1728 -0.2092
-0.1777 -0.2410 -0.3720
-0.1956 -0.2638 -0.4358
-0.2065 -0.4124 -0.5563
-0.1533 -0.7944 -0.6147
-0.1378 -1.0639 -0.6500
-0.1729 -1.5847 -0.8329
-0.0373 -1.9053 -1.0676
0.1433 -1.9333 -1.1792
0.5003 -1.7283 -1.3494
0.8270 -1.3137 -1.3854
0.8232 -1.0815 -1.4123
0.3147 -0.5826 -1.4532
-0.6719 -0.1166 -1.4709
-0.9945 0.0133 -1.4512
-0.9796 -0.1047 -1.4718
-0.4313 -0.4894 -1.4738
-0.0921 -0.6551 -1.4026
0.5486 -0.7207 -1.3006
0.8880 -0.5960 -1.3453
0.8911 -0.5768 -1.3497
0.7129 -0.5431 -1.2740
0.4870 -0.4355 -1.1664
0.3770 -0.3728 -1.1156
0.1980 -0.2817 -0.9934
0.1483 -0.2372 -0.9269
0.1891 -0.1344 -0.8034
0.3463 -0.1362 -0.6731
0.4267 -0.1574 -0.5998
0.5663 -0.1535 -0.4216
0.6327 -0.1122 -0.2189
0.6312 -0.0593 -0.1124
0.5041 0.0651 0.0813
0.2706 0.1941 0.2622
0.1604 0.2558 0.3314
0.0636 0.3544 0.4432
0.0931 0.4613 0.4586
0.1220 0.5458 0.4563
0.2007 0.7367 0.5342
0.0895 0.7859 0.6213
-0.0462 0.7458 0.6427
-0.2030 0.6301 0.6754
0.1028 0.5947 0.6479
0.4013 0.5952 0.6231
0.9696 0.5599 0.6041
1.1789 0.5201 0.7084
1.0915 0.5293 0.8030
0.4334 0.6248 0.9265
-0.7029 0.5259 0.9318
-1.2061 0.3846 0.9268
-1.5406 0.1658 0.8906
-1.3755 0.0576 0.7744
-0.8517 -0.2447 0.4752
-0.0693 -0.6533 0.1518
0.2222 -0.8131 -0.0704
0.5288 -0.9979 -0.4882
0.5893 -0.9510 -0.7597
0.5585 -0.8517 -0.8749
0.3881 -0.5820 -0.9828
0.1430 -0.4065 -0.9513
0.0166 -0.3955 -0.9037
-0.1769 -0.4879 -0.8024
-0.2482 -0.6269 -0.7475
-0.2317 -0.6725 -0.7485
-0.1632 -0.7259 -0.8294
-0.1441 -0.7648 -1.0218
-0.1694 -0.8030 -1.1307
-0.1981 -0.9291 -1.3420
-0.1731 -1.1568 -1.5844
-0.1430 -1.2840 -1.7003
-0.0717 -1.4367 -1.8898
-0.0278 -1.4557 -2.0225
0.0125 -1.4232 -2.0435
0.1128 -1.3456 -1.9436
0.0181 -1.2305 -1.8162
-0.1620 -1.2863 -1.7833
-0.7046 -1.6370 -1.7937
-0.8961 -1.8097 -1.7815
-0.7593 -2.0085 -1.8385
-0.1713 -1.8332 -2.0161
0.1741 -1.7165 -2.0223
0.7122 -1.5290 -1.9779
0.7423 -1.3543 -1.9420
0.5180 -1.3364 -1.8912
-0.1795 -1.3440 -1.7389
-0.5831 -1.3250 -1.6495
-0.5964 -1.3213 -1.6497
-0.3476 -1.3659 -1.7072
-0.0177 -1.4443 -1.8361
0.0853 -1.4787 -1.9107
0.1420 -1.5171 -2.0396
0.0939 -1.5321 -2.1139
0.0925 -1.5178 -2.1266
0.1142 -1.4742 -2.1351
0.1206 -1.4745 -2.0952
0.1046 -1.4932 -2.0621
0.0440 -1.5110 -1.9942
0.0147 -1.5234 -1.9497
0.0149 -1.5121 -1.9359
0.0384 -1.5044 -1.9266
0.0744 -1.5182 -1.9305
0.0995 -1.5175 -1.9360
0.1527 -1.4805 -1.9580
0.1811 -1.3934 -1.9708
0.1879 -1.3447 -1.9662
0.1711 -1.2958 -1.9604
0.1676 -1.2932 -1.9516
0.1765 -1.3266 -1.9390
0.1893 -1.3527 -1.9493
0.1943 -1.3577 -1.9595
0.2012 -1.3389 -1.9718
0.1790 -1.3043 -1.9633
0.1660 -1.2569 -1.9485
0.1115 -1.1291 -1.8661
-0.0484 -0.9431 -1.6864
-0.1450 -0.9037 -1.5846
-0.2550 -0.9751 -1.3686
-0.0598 -1.2497 -1.1950
0.1515 -1.4034 -1.1433
0.5325 -1.6971 -1.1050
0.6264 -1.9372 -1.1244
0.5788 -2.0020 -1.1446
0.3721 -2.0518 -1.2386
0.0764 -1.9948 -1.3626
-0.0732 -1.8952 -1.4185
-0.2727 -1.5998 -1.4949
-0.3700 -1.2774 -1.5510
-0.3747 -1.1455 -1.5710
-0.3012 -1.0382 -1.6082
-0.1422 -1.0082 -1.6447
-0.0590 -0.9949 -1.6590
0.0495 -0.9243 -1.6954
0.0409 -0.7951 -1.7657
-0.0136 -0.7427 -1.7925
-0.1658 -0.6128 -1.8069
-0.2371 -0.5526 -1.7927
-0.3787 -0.4399 -1.7482
-0.5241 -0.3836 -1.6208
-0.5787 -0.3891 -1.5130
-0.5697 -0.4532 -1.2281
-0.4135 -0.5398 -0.9011
-0.2843 -0.5653 -0.7260
-0.0615 -0.6128 -0.3849
0.0704 -0.6691 -0.1422
0.1593 -0.6923 -0.0557
0.3352 -0.6481 0.0536
0.4188 -0.5596 0.0999
0.4307 -0.5196 0.1152
0.4625 -0.3783 0.1226
0.4727 -0.2501 0.1154
0.4649 -0.2146 0.1192
0.3999 -0.2352 0.1126
0.3065 -0.3170 0.0820
0.2504 -0.3905 0.0437
-0.0738 -0.4890 -0.0942
-0.6900 -0.3172 -0.2765
-0.9682 -0.1916 -0.3677
-1.0967 -0.1366 -0.5473
-0.4916 -0.4890 -0.7513
-0.0087 -0.7690 -0.8847
0.8544 -1.1595 -1.1700
1.1027 -1.2786 -1.2705
1.1580 -1.3901 -1.3546
0.6118 -1.3637 -1.3996
0.1948 -1.2838 -1.4148
-0.5303 -1.0067 -1.4566
-0.6739 -0.8630 -1.5090
-0.5652 -0.8464 -1.5367
-0.3037 -0.8891 -1.6198
-0.2526 -0.8732 -1.6745
-0.3049 -0.7870 -1.6752
-0.4192 -0.5516 -1.6510
-0.3711 -0.3437 -1.6139
-0.2784 -0.2773 -1.6040
-0.0132 -0.2922 -1.5573
0.2383 -0.3101 -1.4848
0.3028 -0.3102 -1.4280
0.2484 -0.1791 -1.2802
-0.0292 0.0891 -1.0763
-0.1932 0.2121 -0.9609
-0.4114 0.3682 -0.7521
-0.4227 0.3329 -0.5778
-0.3637 0.2875 -0.4986
-0.1898 0.1856 -0.2900
-0.0551 0.2207 -0.0502
-0.0250 0.2871 0.0975
-0.0185 0.3628 0.4448
-0.0292 0.3019 0.6385
0.0029 0.0454 0.9779
0.0703 -0.2038 1.1256
0.1179 -0.3073 1.1515
0.2999 -0.4118 1.1249
0.5561 -0.1202 1.0474
0.6818 0.0956 0.9847
0.8399 0.5487 0.9231
0.7461 0.8078 0.9633
0.5808 0.8529 1.0052
-0.0091 0.6525 1.1237
-0.8111 0.4657 1.2554
-1.0597 0.4679 1.3560
-1.1277 0.8747 1.4548
-0.8110 1.0207 1.2895
-0.6153 0.9056 1.2318
-0.2775 0.4517 1.2075
-0.0146 -0.0196 1.1089
0.0921 -0.1340 1.0313
0.2172 -0.0537 0.8939
0.1966 0.2109 0.7944
0.1428 0.3328 0.7499
0.0198 0.5375 0.6707
-0.0236 0.6039 0.5945
-0.0033 0.6117 0.5724
0.1166 0.6194 0.5350
0.2243 0.5398 0.4440
0.2452 0.4862 0.3790
0.1544 0.2698 0.1742
0.0389 0.1118 0.0370
-0.2796 -0.2304 -0.2830
-0.3935 -0.4649 -0.6060
-0.2911 -0.5580 -0.7207
0.0360 -0.7520 -0.8532
0.1628 -0.8988 -0.9424
0.1186 -1.0287 -0.9859
0.0275 -1.4099 -1.0824
0.2752 -1.7023 -1.2343
0.4997 -1.7645 -1.3132
0.8141 -1.7411 -1.3976
0.4877 -1.3299 -1.3242
0.0398 -0.9733 -1.2983
-1.0046 -0.3221 -1.2629
-1.4206 -0.0006 -1.2470
-1.2697 0.0206 -1.2620
-0.5538 -0.1414 -1.2628
0.1330 -0.3652 -1.1532
0.3637 -0.4217 -1.0767
0.6406 -0.3589 -0.9385
0.5364 -0.2180 -0.9366
0.3610 -0.1352 -0.9394
-0.0393 0.0709 -0.9001
-0.3479 0.2821 -0.8851
-0.4684 0.3896 -0.8760
-0.6078 0.5097 -0.8343
-0.6013 0.5743 -0.8187
-0.4766 0.6996 -0.7892
-0.4040 0.8111 -0.6458
-0.3856 0.7464 -0.5541
-0.3189 0.5204 -0.3380
-0.0604 0.2755 0.2101
-0.0241 0.1748 0.6814
-0.0998 0.1186 1.1139
-0.1463 0.0557 1.2683
-0.2163 -0.0613 1.3891
-0.2024 -0.1979 1.4145
-0.1244 -0.1565 1.4245
0.1306 0.2110 1.3622
0.4037 0.6973 1.2623
0.5438 0.9024 1.3330
0.7523 1.0706 1.5563
0.7081 0.8654 1.7819
0.3808 0.5534 1.7603
-0.5653 0.0967 1.6525
-1.0472 -0.1817 1.4550
-0.9539 -0.1738 1.3316
-0.5279 0.0543 1.0361
-0.3038 0.0060 0.8236
-0.1639 0.0076 0.8153
0.0696 -0.0911 0.7636
0.1470 -0.0579 0.7540
0.2997 0.0770 0.8062
0.4252 0.3432 0.8563
0.4612 0.4582 0.8653
0.4520 0.6413 0.8794
0.4148 0.7354 0.8699
0.4072 0.7392 0.8314
0.4243 0.6660 0.7033
0.5179 0.4806 0.5297
0.5477 0.3609 0.4049
0.5143 0.0950 0.1421
0.3769 -0.1794 -0.1324
0.2851 -0.2859 -0.2553
0.0944 -0.3864 -0.4632
-0.0600 -0.4551 -0.5785
-0.1403 -0.5020 -0.6178
-0.2755 -0.6187 -0.7145
-0.3049 -0.9384 -0.8472
-0.2076 -1.1288 -0.9484
0.2427 -1.4297 -1.1694
0.7651 -1.4741 -1.2415
0.8762 -1.4488 -1.2434
0.5980 -1.1618 -1.1608
-0.1904 -0.5747 -1.0133
-0.5655 -0.3206 -0.9638
-0.9351 -0.0476 -0.9408
-0.7645 -0.0321 -1.0128
-0.5762 0.1008 -0.9906
-0.1662 0.4753 -0.9031
0.0134 0.6632 -0.8654
0.2940 0.8329 -0.7935
0.4135 0.7630 -0.7114
0.4105 0.6870 -0.6722
0.3379 0.5143 -0.6209
0.2454 0.3537 -0.5573
0.1928 0.2813 -0.5203
0.0874 0.1650 -0.4534
0.0820 0.1890 -0.3428
0.1281 0.2061 -0.2612
0.2191 0.1603 -0.0619
0.2910 0.0363 0.1511
0.3140 -0.0392 0.2653
0.2799 -0.1503 0.5550
0.1211 -0.0463 0.8755
-0.0062 0.0731 1.0199
-0.2942 0.2308 1.2591
-0.3617 0.2217 1.3770
-0.2792 0.2128 1.3974
-0.0334 0.3455 1.3784
0.1000 0.5635 1.3474
0.0673 0.6656 1.3830
-0.0328 1.0881 1.4923
0.0779 1.5275 1.5688
0.2314 1.6570 1.6509
0.5150 1.7104 1.8586
0.4826 1.6191 2.0942
0.2900 1.4924 2.1703
-0.3290 1.2058 2.2309
-0.7971 0.9782 2.2654
-0.8845 0.9403 2.2500
-0.2758 0.7679 2.0145
0.4574 0.7820 1.7604
0.8637 0.7831 1.5946
0.9254 0.8320 1.5502
0.8574 1.0307 1.5144
0.6097 1.2671 1.4702
0.4433 1.3551 1.4269
0.1383 1.4015 1.2644
-0.0568 1.3371 1.0201
-0.1197 1.3025 0.8765
-0.2044 1.2169 0.5963
-0.3124 1.2148 0.4014
-0.3942 1.2273 0.3439
-0.4741 1.0376 0.3102
-0.4424 0.6341 0.3185
-0.4423 0.3501 0.3214
-0.4426 -0.2919 0.3088
-0.5334 -0.7002 0.2063
-0.6753 -0.8991 0.1825
-1.1056 -1.0628 -0.0072
-1.4089 -1.1395 -0.4779
-1.2672 -1.1459 -0.7395
-0.2590 -0.9926 -1.1288
0.4295 -0.8902 -1.1731
1.4406 -0.9327 -0.8884
1.3998 -0.8822 -0.3884
0.9318 -0.8118 -0.1557
-0.4037 -0.5323 0.2917
-1.2445 -0.2252 0.4794
-1.3010 -0.2687 0.4645
-0.7909 -0.2295 0.2857
-0.0990 -0.1976 0.0914
0.2172 -0.1383 0.0793
0.6667 -0.0995 0.2297
0.8273 -0.3194 0.4324
0.8525 -0.4463 0.5242
0.9749 -0.5896 0.6536
1.0109 -0.5011 0.7349
1.0202 -0.3653 0.7991
1.0232 0.1036 0.9853
0.9617 0.6931 1.1551
0.8910 1.0059 1.2333
0.7305 1.6851 1.3605
0.5329 2.0972 1.4531
0.4469 2.1270 1.5050
0.2995 1.8434 1.6138
0.2854 1.6890 1.6458
0.3118 1.7414 1.6356
0.3005 1.9050 1.6241
0.1635 1.8797 1.5972
0.0329 1.8202 1.6423
-0.5642 1.7134 1.9606
-1.0140 1.6080 2.0693
-1.6591 1.5645 2.0757
-1.2669 1.3670 1.9855
-0.7722 1.2382 1.9111
0.1534 1.0181 1.7476
0.3372 0.7637 1.6934
0.0889 0.7133 1.7037
-0.7228 0.7570 1.7544
-1.1552 0.8731 1.7593
-1.0969 0.9430 1.7400
-0.6051 1.0882 1.6212
-0.0517 1.3530 1.4295
0.1412 1.4436 1.3295
0.3414 1.2805 1.2011
0.2874 1.0744 1.1086
0.2076 1.0230 1.0734
0.0045 0.9849 1.0019
-0.2554 0.9846 0.9616
-0.4107 0.9585 0.9491
-0.6919 0.8934 0.9209
-0.8360 0.8338 0.8376
-0.8361 0.7776 0.7860
-0.6731 0.5831 0.6460
-0.5133 0.4426 0.5815
-0.1800 0.1927 0.4612
0.0546 0.1078 0.3932
0.1335 0.0857 0.3614
0.2049 -0.0578 0.2741
0.1698 -0.1279 0.1706
0.1736 -0.1106 0.0945
0.2247 -0.0565 -0.0378
0.2884 0.0101 -0.1045
0.2566 0.0837 -0.1134
0.0505 0.2200 -0.0703
-0.2333 0.2928 0.0288
-0.3371 0.3177 0.0819
-0.4657 0.3678 0.2008
-0.4731 0.3358 0.3400
-0.4123 0.2476 0.3897
-0.1153 0.0642 0.4358
0.2982 -0.1403 0.4300
0.4818 -0.2071 0.4210
0.6073 -0.2703 0.3864
0.3741 -0.1571 0.3985
0.2076 -0.0434 0.4064
0.0010 0.1745 0.3783
0.1541 0.3988 0.3872
0.2797 0.4060 0.4133
0.3592 0.3314 0.3980
0.3177 0.4008 0.4697
0.2126 0.3695 0.4769
-0.0030 0.4532 0.4944
-0.0661 0.4501 0.4908
-0.0500 0.2608 0.5417
0.0549 -0.0338 0.6008
0.1228 -0.1348 0.5890
0.2807 -0.1906 0.5048
0.3350 0.0683 0.4209
0.3346 0.1804 0.3713
0.3070 0.3058 0.2491
0.2298 0.4100 0.1538
0.1940 0.4316 0.1331
0.1283 0.4792 0.1312
0.0443 0.5643 0.1598
-0.0013 0.6139 0.1856
-0.0333 0.6022 0.2093
-0.0241 0.4478 0.2248
-0.0171 0.3980 0.2174
0.0137 0.3423 0.2280
0.0486 0.3049 0.1890
0.0504 0.3578 0.1307
0.0146 0.5479 0.0008
0.0181 0.5758 -0.0299
0.0891 0.5342 -0.0209
0.3634 0.5848 -0.0300
0.6905 0.4166 -0.0161
0.8147 0.3774 0.0029
1.0013 0.1953 0.0583
1.1715 -0.0933 0.1321
1.2395 -0.2351 0.1316
1.2856 -0.4518 0.0559
1.2495 -0.4750 0.0050
1.0027 -0.3280 -0.0586
0.6791 -0.1422 -0.0368
0.5608 -0.0531 -0.0039
0.4887 0.0659 0.0626
0.6227 -0.0243 0.1065
0.7408 -0.0499 0.1318
0.8924 -0.0823 0.1760
0.8416 -0.1920 0.1666
0.7064 -0.2048 0.1473
0.4314 -0.1863 0.1182
0.2405 -0.3427 0.0995
0.1765 -0.4326 0.0565
0.1628 -0.4973 -0.0343
0.2981 -0.4620 -0.0755
0.3529 -0.4148 -0.0978
0.3416 -0.3006 -0.1335
0.2157 -0.1227 -0.0207
0.1287 -0.0522 0.0279
-0.0061 0.0332 0.0733
-0.0274 0.0132 0.0966
-0.0047 -0.0195 0.0926
0.0437 -0.0795 0.0573
0.0254 -0.1103 -0.0022
0.0074 -0.1226 -0.0234
0.0206 -0.1237 -0.0632
0.0360 -0.0852 -0.0751
0.0365 0.0369 -0.0655
0.0076 0.1397 -0.0331
-0.0043 0.1491 -0.0193
-0.0163 0.0955 -0.0016
-0.0117 0.0732 0.0185
-0.0098 0.0752 0.0308
-0.0305 0.1026 0.0468
-0.0452 0.1313 0.0613
-0.0346 0.1482 0.0647
0.0143 0.1465 0.0526
0.0142 0.1070 0.0303
-0.0110 0.0890 0.0232
-0.0707 0.0680 0.0051
-0.0798 0.0899 0.0100
-0.0760 0.1004 0.0202
-0.0595 0.1215 0.0324
-0.0377 0.1172 0.0326
-0.0231 0.0980 0.0324
-0.0066 0.0411 0.0398
-0.0146 0.0230 0.0375
-0.0296 0.0219 0.0394
-0.0332 0.0326 0.0426
-0.0024 0.0129 0.0304
0.0076 -0.0040 0.0225
0.0034 -0.0169 0.0004
-0.0086 0.0061 -0.0082
-0.0048 0.0387 -0.0139
0.0298 0.0351 -0.0041
0.0395 0.0295 0.0036
0.0476 0.0222 0.0101
0.0231 0.0057 0.0151
0.0009 0.0021 0.0206
-0.0280 -0.0120 0.0122
-0.0140 -0.0305 -0.0005
0.0044 -0.0344 -0.0021
0.0322 -0.0336 0.0009
0.0491 -0.0324 0.0115
0.0532 -0.0214 0.0095
0.0546 -0.0067 0.0136
0.0418 -0.0001 0.0133
0.0332 0.0079 0.0203
0.0231 -0.0113 0.0173
0.0244 -0.0342 0.0122
0.0267 -0.0318 0.0149
0.0394 -0.0103 0.0086
0.0568 0.0062 -0.0008
0.0702 0.0010 -0.0048
0.0705 -0.0044 -0.0020
0.0463 -0.0115 0.0069
0.0348 -0.0115 0.0099
0.0359 -0.0108 0.0121
0.0481 0.0075 0.0027
0.0549 0.0189 -0.0035
0.0467 0.0094 -0.0086
0.0454 0.0085 -0.0121
0.0456 -0.0153 -0.0213
0.0546 -0.0214 -0.0263
0.0590 -0.0187 -0.0292
0.0609 -0.0240 -0.0214
0.0561 -0.0070 -0.0164
0.0492 0.0016 -0.0150
0.0166 0.0031 -0.0175
0.0221 -0.0002 -0.0208
0.0341 -0.0054 -0.0226
0.0476 0.0045 -0.0082
0.0317 0.0323 0.0058
0.0246 0.0263 0.0078
0.0322 -0.0137 0.0017
0.0660 -0.0324 -0.0060
0.0771 -0.0238 -0.0094
0.0613 -0.0130 -0.0167
0.0330 -0.0155 -0.0139
0.0375 -0.0129 -0.0121
0.0510 0.0056 -0.0091
0.0434 0.0189 -0.0090
0.0420 0.0135 -0.0045
0.0464 -0.0011 -0.0081
0.0331 0.0034 0.0023
0.0183 0.0063 0.0112
0.0108 -0.0070 0.0104
0.0172 -0.0346 -0.0031
0.0400 -0.0376 -0.0097
0.0373 -0.0022 -0.0048
0.0255 0.0239 0.0155
0.0216 0.0306 0.0160
0.0307 0.0160 0.0128
0.0303 0.0105 0.0129
0.0094 -0.0073 0.0048
0.0101 -0.0012 -0.0069
0.0193 -0.0024 -0.0114
0.0351 0.0118 -0.0091
0.0432 0.0233 -0.0039
0.0455 0.0124 -0.0011
0.0457 -0.0176 -0.0008
0.0313 -0.0220 0.0041
0.0278 -0.0095 0.0119
0.0267 0.0012 0.0119
0.0414 -0.0003 -0.0050
0.0508 0.0030 -0.0093
0.0496 0.0083 0.0001
0.0320 0.0100 0.0213
0.0156 0.0093 0.0285
0.0108 -0.0175 0.0355
0.0246 -0.0255 0.0168
0.0255 -0.0144 0.0069
0.0355 0.0164 0.0004
0.0523 0.0280 -0.0124
0.0456 0.0108 -0.0080
-0.0028 0.0043 0.0055
-0.0257 0.0078 0.0090
-0.0267 0.0125 0.0015
0.0229 0.0095 -0.0038
0.0434 0.0289 -0.0092
0.0332 0.0404 -0.0034
-0.0414 0.0516 0.0106
-0.0629 0.0406 0.0125
-0.0457 0.0130 0.0036
0.0137 -0.0044 -0.0086
0.0347 0.0015 -0.0136
0.0199 -0.0111 -0.0103
-0.0363 -0.0116 -0.0009
-0.0503 -0.0062 -0.0061
0.0021 -0.0127 -0.0020
0.0405 0.0334 -0.0109
0.0238 0.0393 -0.0031
-0.0325 0.0192 0.0033
-0.0513 0.0147 0.0132
-0.0387 0.0068 0.0126
0.0071 -0.0106 0.0147
0.0107 -0.0150 0.0008
0.0039 -0.0036 -0.0081
-0.0150 0.0163 -0.0051
-0.0097 0.0184 0.0039
-0.0015 0.0002 0.0057
0.0260 -0.0234 0.0013
0.0380 -0.0250 -0.0166
0.0360 -0.0182 -0.0162
0.0302 0.0193 -0.0035
0.0191 0.0238 -0.0034
0.0144 0.0052 0.0004
0.0371 0.0011 0.0024
0.0454 0.0051 0.0077
0.0187 0.0328 0.0179
-0.0054 0.0298 0.0304
0.0005 0.0154 0.0265
0.0132 -0.0218 0.0201
0.0323 -0.0016 0.0048
0.0375 0.0117 0.0039
0.0252 0.0272 0.0103
-0.0189 0.0201 0.0179
-0.0273 0.0199 0.0226
0.0060 0.0164 0.0267
0.0383 0.0059 0.0161
0.0337 0.0015 0.0010
0.0161 0.0110 -0.0100
0.0264 0.0098 0.0087
0.0475 -0.0013 0.0162
0.0561 -0.0048 0.0261
0.0205 0.0101 0.0367
0.0109 0.0173 0.0382
0.0278 0.0249 0.0334
0.0324 0.0170 0.0286
0.0227 0.0205 0.0293
0.0013 0.0066 0.0362
0.0044 0.0020 0.0288
0.0186 -0.0018 0.0206
0.0093 0.0084 0.0216
0.0011 0.0218 0.0209
0.0117 0.0337 0.0184
0.0250 0.0026 0.0247
0.0193 -0.0069 0.0280
0.0191 -0.0067 0.0234
0.0363 0.0138 0.0195
0.0375 0.0195 0.0115
0.0356 0.0365 0.0079
0.0171 0.0308 0.0101
0.0115 0.0233 0.0154
0.0115 -0.0042 0.0095
0.0084 -0.0255 0.0047
0.0080 -0.0275 0.0008
0.0247 -0.0067 -0.0008
0.0275 0.0156 0.0080
0.0236 0.0260 0.0146
0.0088 0.0150 0.0265
0.0011 0.0016 0.0181
0.0044 -0.0030 0.0110
0.0150 -0.0028 -0.0054
0.0352 0.0063 -0.0181
0.0380 0.0121 -0.0104
0.0167 0.0197 -0.0055
0.0124 0.0186 0.0081
0.0203 0.0149 0.0077
0.0339 0.0157 0.0141
0.0340 0.0264 0.0155
0.0175 0.0314 0.0220
0.0411 0.0294 0.0170
0.0531 0.0138 0.0134
0.0545 0.0092 0.0045
0.0461 0.0383 0.0053
0.0456 0.0472 0.0083
0.0957 0.0554 0.0227
0.2980 0.2325 -0.0602
0.2919 0.0920 -0.1010
0.1242 -0.0063 -0.0226
-0.0297 -0.0422 -0.0077
-0.0471 -0.0710 0.0113
0.0130 -0.0903 0.0298
0.0731 -0.1266 0.0290
0.0925 -0.1182 0.0158

