0.0331 -0.8219 -0.5423
0.0331 -0.8219 -0.5423
0.0244 -0.8272 -0.5359
0.0199 -0.8289 -0.5281
0.0199 -0.8344 -0.5233
0.0207 -0.8324 -0.5239
0.0195 -0.8367 -0.5182
0.0195 -0.8367 -0.5182
0.0197 -0.8284 -0.5416
0.0229 -0.8209 -0.5530
0.0231 -0.8249 -0.5644
0.0292 -0.8309 -0.5479
0.0251 -0.8272 -0.5396
0.0251 -0.8272 -0.5396
0.0236 -0.8369 -0.5369
0.0244 -0.8283 -0.5532
0.0219 -0.8289 -0.5587
0.0288 -0.8264 -0.5445
0.0325 -0.8177 -0.5482
0.0325 -0.8177 -0.5482
0.0206 -0.8172 -0.5404
0.0191 -0.8221 -0.5296
0.0172 -0.8205 -0.5299
0.0172 -0.8215 -0.5359
0.0271 -0.8313 -0.5487
0.0271 -0.8313 -0.5487
0.0257 -0.8264 -0.5440
0.0244 -0.8284 -0.5413
0.0277 -0.8303 -0.5375
0.0271 -0.8289 -0.5400
0.0271 -0.8289 -0.5400
0.0287 -0.8261 -0.5497
0.0301 -0.8205 -0.5527
0.0310 -0.8254 -0.5537
0.0262 -0.8254 -0.5433
0.0236 -0.8246 -0.5237
0.0236 -0.8246 -0.5237
0.0201 -0.8238 -0.5204
0.0219 -0.8220 -0.5290
0.0253 -0.8257 -0.5447
0.0328 -0.8183 -0.5573
0.0190 -0.8227 -0.5483
0.0190 -0.8227 -0.5483
0.0161 -0.8203 -0.5324
0.0172 -0.8278 -0.5258
0.0253 -0.8388 -0.5451
0.0352 -0.8311 -0.5531
0.0310 -0.8281 -0.5500
0.0310 -0.8281 -0.5500
0.0267 -0.8241 -0.5460
0.0188 -0.8171 -0.5375
0.0134 -0.8265 -0.5501
0.0148 -0.8306 -0.5455
0.0148 -0.8306 -0.5455
0.0229 -0.8266 -0.5301
0.0283 -0.8191 -0.5251
0.0242 -0.8143 -0.5278
0.0192 -0.8176 -0.5461
0.0164 -0.8201 -0.5467
0.0164 -0.8201 -0.5467
0.0275 -0.8294 -0.5551
0.0268 -0.8275 -0.5444
0.0246 -0.8201 -0.5444
0.0317 -0.8279 -0.5480
0.0301 -0.8262 -0.5455
0.0301 -0.8262 -0.5455
0.0294 -0.8331 -0.5424
0.0368 -0.8298 -0.5510
0.0316 -0.8241 -0.5491
0.0210 -0.8201 -0.5450
0.0166 -0.8273 -0.5407
0.0166 -0.8273 -0.5407
0.0185 -0.8253 -0.5448
0.0253 -0.8196 -0.5517
0.0280 -0.8197 -0.5412
0.0294 -0.8226 -0.5358
0.0217 -0.8268 -0.5403
0.0217 -0.8268 -0.5403
0.0214 -0.8229 -0.5436
0.0313 -0.8195 -0.5446
0.0378 -0.8230 -0.5621
0.0338 -0.8235 -0.5572
0.0338 -0.8235 -0.5572
0.0279 -0.8233 -0.5603
0.0263 -0.8221 -0.5487
0.0223 -0.8235 -0.5314
0.0315 -0.8251 -0.5393
0.0292 -0.8245 -0.5455
0.0292 -0.8245 -0.5455
0.0194 -0.8188 -0.5539
0.0237 -0.8213 -0.5388
0.0275 -0.8204 -0.5302
0.0316 -0.8252 -0.5478
0.0229 -0.8223 -0.5444
0.0229 -0.8223 -0.5444
0.0257 -0.8258 -0.5435
0.0241 -0.8271 -0.5524
0.0233 -0.8260 -0.5447
0.0245 -0.8180 -0.5498
0.0192 -0.8239 -0.5564
0.0192 -0.8239 -0.5564
0.0233 -0.8246 -0.5550
0.0235 -0.8243 -0.5404
0.0280 -0.8220 -0.5452
0.0229 -0.8266 -0.5484
0.0210 -0.8208 -0.5374
0.0210 -0.8208 -0.5374
0.0235 -0.8211 -0.5423
0.0265 -0.8199 -0.5321
0.0257 -0.8221 -0.5419
0.0285 -0.8241 -0.5492
0.0285 -0.8241 -0.5492
0.0231 -0.8218 -0.5423
0.0261 -0.8225 -0.5450
0.0170 -0.8258 -0.5410
0.0283 -0.8246 -0.5503
0.0322 -0.8243 -0.5600
0.0322 -0.8243 -0.5600
0.0290 -0.8238 -0.5539
0.0209 -0.8203 -0.5495
0.0217 -0.8170 -0.5277
0.0437 -0.8026 -0.5276
0.0217 -0.8700 -0.5744
0.0217 -0.8700 -0.5744
0.0343 -0.8237 -0.5568
0.0246 -0.8171 -0.5621
0.0323 -0.8244 -0.5568
0.0321 -0.8045 -0.5142
0.0291 -0.8261 -0.5094
0.0291 -0.8261 -0.5094
0.0257 -0.8112 -0.5258
0.0257 -0.8112 -0.5258
0.0150 -0.8125 -0.5440
0.0221 -0.8115 -0.5562
0.0221 -0.8115 -0.5562
0.0326 -0.8165 -0.5672
0.0311 -0.8152 -0.5685
0.0281 -0.8154 -0.5544
0.0199 -0.8177 -0.5425
0.0266 -0.8203 -0.5359
0.0266 -0.8203 -0.5359
0.0311 -0.8232 -0.5388
0.0393 -0.8358 -0.5562
0.0364 -0.8253 -0.5752
0.0408 -0.8326 -0.5785
0.0379 -0.8286 -0.5676
0.0379 -0.8286 -0.5676
0.0313 -0.8253 -0.5600
0.0353 -0.8285 -0.5507
0.0405 -0.8235 -0.5457
0.0472 -0.8241 -0.5372
0.0566 -0.8135 -0.5292
0.0566 -0.8135 -0.5292
0.0486 -0.8099 -0.5133
0.0558 -0.8113 -0.5163
0.0648 -0.8123 -0.5423
0.0713 -0.8029 -0.5513
0.0798 -0.8033 -0.5481
0.0798 -0.8033 -0.5481
0.0845 -0.7999 -0.5221
0.0926 -0.8107 -0.5014
0.0929 -0.8246 -0.4929
0.0999 -0.8367 -0.4874
0.0999 -0.8367 -0.4874
0.1072 -0.8303 -0.5000
0.1062 -0.8335 -0.4968
0.1028 -0.8361 -0.5001
0.1068 -0.8403 -0.5030
0.1215 -0.8406 -0.5082
0.1215 -0.8406 -0.5082
0.1357 -0.8301 -0.5116
0.1520 -0.8271 -0.5176
0.1665 -0.8405 -0.5090
0.1638 -0.8470 -0.4795
0.1643 -0.8414 -0.4709
0.1643 -0.8414 -0.4709
0.1672 -0.8283 -0.4872
0.1684 -0.8008 -0.5123
0.1599 -0.7971 -0.5471
0.1603 -0.7919 -0.5416
0.1615 -0.7887 -0.5180
0.1615 -0.7887 -0.5180
0.1621 -0.7821 -0.5217
0.1733 -0.7914 -0.5369
0.1556 -0.7959 -0.5353
0.1449 -0.8083 -0.5078
0.1449 -0.8083 -0.5078
0.1565 -0.8072 -0.4959
0.1752 -0.8038 -0.5108
0.1791 -0.8060 -0.5520
0.1645 -0.7984 -0.5673
0.1644 -0.7781 -0.5654
0.1587 -0.7746 -0.5533
0.1587 -0.7746 -0.5533
0.1281 -0.7765 -0.5441
0.1405 -0.7623 -0.5600
0.1296 -0.7484 -0.5591
0.1062 -0.7456 -0.5812
0.0457 -0.7267 -0.6474
0.0457 -0.7267 -0.6474
0.0509 -0.6937 -0.5931
-0.0268 -0.7034 -0.7038
-0.0156 -0.7673 -0.5962
-0.1110 -0.6363 -0.5442
-0.1110 -0.6363 -0.5442
-0.1690 -0.4442 -0.6087
-0.0677 -0.6680 -0.3024
-0.0504 -0.6034 -0.5282
-0.0715 -0.6779 -0.4963
-0.1064 -0.6872 -0.5298
-0.1064 -0.6872 -0.5298
-0.0968 -0.6783 -0.5595
-0.0712 -0.6735 -0.7534
-0.0854 -0.7032 -0.9523
-0.1138 -0.6507 -0.9229
-0.1138 -0.6507 -0.9229
-0.1223 -0.6441 -0.9241
-0.1067 -0.6864 -0.8416
-0.0743 -0.7221 -0.7832
-0.0392 -0.7369 -0.7600
0.0009 -0.7375 -0.7979
0.0009 -0.7375 -0.7979
0.0642 -0.7264 -0.8361
0.0929 -0.7148 -0.8659
0.0665 -0.7196 -0.8503
0.0593 -0.7281 -0.8158
0.0607 -0.7377 -0.8147
0.0607 -0.7377 -0.8147
0.0308 -0.7427 -0.8339
-0.0159 -0.7140 -0.8694
-0.0727 -0.6715 -0.8777
-0.1142 -0.6361 -0.8970
-0.1404 -0.6079 -0.8527
-0.1383 -0.6114 -0.8472
-0.1383 -0.6114 -0.8472
-0.1363 -0.6253 -0.8103
-0.1444 -0.6221 -0.7855
-0.1519 -0.6272 -0.7448
-0.1529 -0.6213 -0.7347
-0.1529 -0.6213 -0.7347
-0.1303 -0.6194 -0.7305
-0.0897 -0.6137 -0.7503
-0.0347 -0.6251 -0.8062
-0.0064 -0.6313 -0.8402
0.0080 -0.6325 -0.8542
0.0080 -0.6325 -0.8542
0.0394 -0.6658 -0.8654
0.0885 -0.7201 -0.8064
0.1091 -0.7500 -0.7805
0.0595 -0.7669 -0.8224
0.0595 -0.7669 -0.8224
-0.0036 -0.7529 -0.9182
-0.0503 -0.6659 -1.0326
-0.0746 -0.5709 -1.0093
-0.0025 -0.5371 -0.8558
0.1145 -0.5890 -0.7227
0.1145 -0.5890 -0.7227
0.1880 -0.6595 -0.6393
0.2158 -0.6462 -0.6539
0.1916 -0.6141 -0.6626
0.1391 -0.5556 -0.7103
0.0836 -0.5301 -0.7477
0.0836 -0.5301 -0.7477
0.0200 -0.5346 -0.7845
-0.0062 -0.5309 -0.7590
-0.0087 -0.5320 -0.7153
0.0007 -0.5512 -0.6902
0.0019 -0.5654 -0.6656
0.0019 -0.5654 -0.6656
-0.0020 -0.5798 -0.6570
-0.0025 -0.6089 -0.6625
-0.0017 -0.6348 -0.6788
-0.0116 -0.6420 -0.6873
-0.0250 -0.6555 -0.6929
-0.0250 -0.6555 -0.6929
-0.0394 -0.6774 -0.6984
-0.0449 -0.6666 -0.6920
-0.0385 -0.6871 -0.7073
-0.0222 -0.6834 -0.7140
-0.0222 -0.6834 -0.7140
-0.0119 -0.6874 -0.7542
-0.0159 -0.6742 -0.8011
-0.0264 -0.6646 -0.8311
-0.0306 -0.6886 -0.8096
-0.0245 -0.7125 -0.7901
-0.0245 -0.7125 -0.7901
-0.0696 -0.7319 -0.8162
-0.1178 -0.7146 -0.8605
-0.1641 -0.6222 -0.9673
-0.1867 -0.5159 -0.9905
-0.1189 -0.4729 -0.9150
-0.1189 -0.4729 -0.9150
-0.0313 -0.5261 -0.8602
-0.0426 -0.5650 -0.7694
-0.1061 -0.5651 -0.6892
-0.1866 -0.5559 -0.6808
-0.1866 -0.5559 -0.6808
-0.1806 -0.5255 -0.6772
-0.1073 -0.5105 -0.6636
-0.0224 -0.5293 -0.6505
0.0277 -0.5592 -0.6211
0.0350 -0.5839 -0.5890
0.0356 -0.6072 -0.5512
0.0356 -0.6072 -0.5512
0.0457 -0.6306 -0.5585
0.0634 -0.6640 -0.5955
0.0673 -0.6726 -0.6115
0.0447 -0.6925 -0.6664
0.0447 -0.6925 -0.6664
0.0366 -0.7064 -0.7363
0.0230 -0.6844 -0.7788
0.0359 -0.6821 -0.8175
0.0430 -0.6889 -0.8228
0.0417 -0.7075 -0.8148
0.0417 -0.7075 -0.8148
0.0453 -0.7347 -0.7968
0.0464 -0.7551 -0.7574
0.0421 -0.7540 -0.7422
0.0371 -0.7547 -0.7652
0.0332 -0.7324 -0.7597
0.0332 -0.7324 -0.7597
0.1047 -0.7653 -0.7269
0.1467 -0.7508 -0.7665
0.1617 -0.7661 -0.7940
0.1751 -0.7585 -0.8864
0.1751 -0.7585 -0.8864
0.1361 -0.6870 -0.9830
0.1016 -0.5972 -0.9916
0.1368 -0.5523 -0.8669
0.2165 -0.5800 -0.7453
0.2520 -0.6219 -0.6496
0.2520 -0.6219 -0.6496
0.2571 -0.6487 -0.6559
0.2080 -0.6216 -0.6920
0.1185 -0.5567 -0.7736
0.0419 -0.5389 -0.8448
0.0016 -0.5137 -0.8445
0.0016 -0.5137 -0.8445
-0.0050 -0.5160 -0.7816
-0.0097 -0.5371 -0.7455
-0.0228 -0.5640 -0.6798
-0.0285 -0.5672 -0.6334
-0.0284 -0.5989 -0.5990
-0.0284 -0.5989 -0.5990
-0.0467 -0.6209 -0.6001
-0.0588 -0.6480 -0.6195
-0.0704 -0.6612 -0.6211
-0.0733 -0.6716 -0.6288
-0.0751 -0.6852 -0.6439
-0.0751 -0.6852 -0.6439
-0.0604 -0.6920 -0.6480
-0.0408 -0.7041 -0.6738
-0.0293 -0.7146 -0.6915
-0.0325 -0.7134 -0.7155
-0.0479 -0.6913 -0.7595
-0.0479 -0.6913 -0.7595
-0.0733 -0.6603 -0.8007
-0.0951 -0.6688 -0.8081
-0.1137 -0.6923 -0.7846
-0.1768 -0.6898 -0.8045
-0.1768 -0.6898 -0.8045
-0.2181 -0.6578 -0.7850
-0.2284 -0.5867 -0.8501
-0.2191 -0.4984 -0.9115
-0.1836 -0.4654 -0.8453
-0.1246 -0.5265 -0.7882
-0.1246 -0.5265 -0.7882
-0.1174 -0.6015 -0.7434
-0.1845 -0.6159 -0.7438
-0.2154 -0.5962 -0.7672
-0.1902 -0.5388 -0.7756
-0.1308 -0.5031 -0.7688
-0.1308 -0.5031 -0.7688
-0.0186 -0.5396 -0.7062
0.0160 -0.5852 -0.6454
0.0286 -0.6204 -0.5893
0.0170 -0.6316 -0.5521
0.0033 -0.6408 -0.5704
0.0033 -0.6408 -0.5704
0.0061 -0.6574 -0.5928
0.0161 -0.6746 -0.6480
0.0257 -0.6907 -0.6868
0.0240 -0.6861 -0.7581
0.0278 -0.6820 -0.8517
0.0278 -0.6820 -0.8517
0.0312 -0.6666 -0.9255
0.0157 -0.6376 -0.9055
0.0332 -0.6588 -0.8625
0.0500 -0.7116 -0.7961
0.0500 -0.7116 -0.7961
0.0445 -0.7421 -0.7718
0.0254 -0.7448 -0.7851
0.0087 -0.7296 -0.8221
0.0328 -0.7320 -0.8012
0.0874 -0.7487 -0.8520
0.0874 -0.7487 -0.8520
0.0971 -0.7400 -0.9131
0.1202 -0.7160 -0.9449
0.1490 -0.6806 -1.0243
0.1288 -0.5984 -1.0588
0.1168 -0.5190 -1.0095
0.1168 -0.5190 -1.0095
0.1465 -0.4825 -0.8649
0.2098 -0.5292 -0.6920
0.2604 -0.5869 -0.6124
0.2725 -0.6235 -0.6508
0.1958 -0.5891 -0.7267
0.1958 -0.5891 -0.7267
0.0987 -0.5369 -0.8279
0.0477 -0.4888 -0.9322
-0.0031 -0.4503 -0.9368
-0.0238 -0.4393 -0.9011
-0.0238 -0.4393 -0.9011
-0.0124 -0.4685 -0.7829
0.0040 -0.4885 -0.6737
0.0169 -0.5361 -0.6098
0.0086 -0.5694 -0.5775
-0.0072 -0.6000 -0.6085
-0.0072 -0.6000 -0.6085
-0.0242 -0.6004 -0.6417
-0.0283 -0.6071 -0.6978
-0.0220 -0.6124 -0.7460
-0.0352 -0.6098 -0.7610
-0.0429 -0.6223 -0.7693
-0.0429 -0.6223 -0.7693
-0.0278 -0.6335 -0.7700
-0.0225 -0.6476 -0.7525
-0.0293 -0.6621 -0.7590
-0.0451 -0.6554 -0.7896
-0.0830 -0.6287 -0.7959
-0.0830 -0.6287 -0.7959
-0.0982 -0.6348 -0.7973
-0.0904 -0.6594 -0.7894
-0.1340 -0.6704 -0.8243
-0.1751 -0.6564 -0.8310
-0.1751 -0.6564 -0.8310
-0.1781 -0.6162 -0.9000
-0.1712 -0.5279 -0.9133
-0.1106 -0.4659 -0.8534
-0.0308 -0.5260 -0.7740
-0.0033 -0.5870 -0.7086
-0.0033 -0.5870 -0.7086
-0.0433 -0.6235 -0.6942
-0.1375 -0.6102 -0.7065
-0.1461 -0.5886 -0.7460
-0.1120 -0.5672 -0.7471
-0.0339 -0.5855 -0.7602
-0.0339 -0.5855 -0.7602
0.0358 -0.6150 -0.7021
0.0476 -0.6345 -0.6559
0.0603 -0.6705 -0.6078
0.0607 -0.6738 -0.5655
0.0705 -0.6852 -0.5900
0.0705 -0.6852 -0.5900
0.0813 -0.6792 -0.6065
0.0943 -0.6682 -0.6616
0.1052 -0.6469 -0.7349
0.1075 -0.6245 -0.7975
0.1075 -0.6245 -0.7975
0.1053 -0.6116 -0.8653
0.0869 -0.6218 -0.9197
0.0387 -0.6154 -0.9018
-0.0122 -0.6225 -0.8560
-0.0364 -0.6440 -0.8022
-0.0364 -0.6440 -0.8022
-0.0428 -0.6705 -0.7510
-0.0324 -0.6923 -0.7361
-0.0257 -0.6786 -0.7284
-0.0230 -0.6697 -0.7666
0.0045 -0.6725 -0.7511
0.0045 -0.6725 -0.7511
0.0562 -0.6897 -0.7634
0.0619 -0.6834 -0.8799
0.0570 -0.6455 -0.9275
0.1012 -0.6306 -0.9405
0.1494 -0.6610 -0.9567
0.1494 -0.6610 -0.9567
0.1451 -0.6537 -0.9821
0.1140 -0.6064 -0.9913
0.1083 -0.5405 -0.9516
0.1272 -0.5185 -0.8266
0.1770 -0.5550 -0.7104
0.1770 -0.5550 -0.7104
0.2167 -0.5975 -0.6663
0.2102 -0.6069 -0.6792
0.1643 -0.5759 -0.7181
0.1291 -0.5337 -0.7864
0.1291 -0.5337 -0.7864
0.1008 -0.4978 -0.8582
0.0842 -0.4830 -0.9189
0.0615 -0.4593 -0.8868
0.0477 -0.4646 -0.7927
0.0443 -0.5155 -0.7021
0.0443 -0.5155 -0.7021
0.0299 -0.5633 -0.6324
0.0222 -0.5835 -0.5895
0.0162 -0.6075 -0.6320
-0.0025 -0.6076 -0.6829
-0.0318 -0.6136 -0.7262
-0.0318 -0.6136 -0.7262
-0.0449 -0.5996 -0.7657
-0.0361 -0.6000 -0.7817
-0.0100 -0.6189 -0.8062
-0.0052 -0.6329 -0.7947
-0.0177 -0.6585 -0.7781
-0.0177 -0.6585 -0.7781
-0.0199 -0.6982 -0.7438
-0.0317 -0.7254 -0.7543
-0.0813 -0.7230 -0.8733
-0.1287 -0.6595 -0.9616
-0.1507 -0.5959 -0.9396
-0.1507 -0.5959 -0.9396
-0.1151 -0.5669 -0.8373
-0.0470 -0.6496 -0.7245
-0.0037 -0.7258 -0.6731
0.0226 -0.7709 -0.6277
0.0226 -0.7709 -0.6277
0.0103 -0.7373 -0.6289
-0.0066 -0.7732 -0.6810
-0.0213 -0.7304 -0.7532
-0.0180 -0.7022 -0.8286
0.0020 -0.6343 -0.8283
0.0480 -0.6128 -0.7719
0.0480 -0.6128 -0.7719
0.0773 -0.6462 -0.7179
0.0589 -0.6796 -0.6459
0.0320 -0.6821 -0.6106
0.0345 -0.6994 -0.5799
0.0345 -0.6994 -0.5799
0.0424 -0.7139 -0.5998
0.0419 -0.7294 -0.6278
0.0341 -0.7171 -0.6650
0.0282 -0.7146 -0.7130
0.0117 -0.7045 -0.7215
0.0065 -0.6937 -0.7181
0.0049 -0.6942 -0.7286
-0.0058 -0.7017 -0.7358
-0.0394 -0.6881 -0.7223
-0.0394 -0.6881 -0.7223
-0.0685 -0.6784 -0.6859
-0.0718 -0.7170 -0.6714
-0.0713 -0.7278 -0.6542
-0.0918 -0.7299 -0.6575
-0.1006 -0.7297 -0.6728
-0.1006 -0.7297 -0.6728
-0.1162 -0.6936 -0.7015
-0.1123 -0.6692 -0.7326
-0.0950 -0.6588 -0.7626
-0.0908 -0.6398 -0.7228
-0.0891 -0.6573 -0.7321
-0.0891 -0.6573 -0.7321
-0.0980 -0.6816 -0.6946
-0.1260 -0.6773 -0.6838
-0.1378 -0.6936 -0.7021
-0.1359 -0.6770 -0.7218
-0.1331 -0.6667 -0.7375
-0.1331 -0.6667 -0.7375
-0.1241 -0.6522 -0.7172
-0.1205 -0.6608 -0.6977
-0.1111 -0.6808 -0.6743
-0.0941 -0.6815 -0.6656
-0.0941 -0.6815 -0.6656
-0.0756 -0.6840 -0.6517
-0.0621 -0.6949 -0.6504
-0.0566 -0.6986 -0.6472
-0.0584 -0.6928 -0.6291
-0.0420 -0.6863 -0.6397
-0.0420 -0.6863 -0.6397
-0.0144 -0.6928 -0.6218
0.0081 -0.7015 -0.6332
0.0226 -0.6975 -0.6210
0.0223 -0.7145 -0.6354
0.0057 -0.7308 -0.6649
0.0057 -0.7308 -0.6649
-0.0132 -0.7234 -0.6745
0.0072 -0.7293 -0.6521
0.0230 -0.7289 -0.6784
0.0049 -0.7137 -0.6823
0.0167 -0.6968 -0.6727
0.0167 -0.6968 -0.6727
0.0495 -0.6957 -0.6859
0.0710 -0.6933 -0.6809
0.0859 -0.6892 -0.6888
0.0893 -0.6904 -0.7186
0.0893 -0.6904 -0.7186
0.0690 -0.6783 -0.7505
0.0370 -0.6616 -0.8022
0.0307 -0.6468 -0.8054
0.0601 -0.6319 -0.7829
0.1126 -0.6366 -0.7305
0.1126 -0.6366 -0.7305
0.1331 -0.6626 -0.6875
0.1351 -0.6892 -0.6489
0.1301 -0.7036 -0.6283
0.1205 -0.7127 -0.6405
0.1114 -0.7381 -0.6746
0.1114 -0.7381 -0.6746
0.0814 -0.7390 -0.7019
0.0471 -0.7401 -0.7221
0.0347 -0.7388 -0.7465
0.0163 -0.7278 -0.7523
0.0002 -0.7206 -0.7529
0.0002 -0.7206 -0.7529
-0.0092 -0.7208 -0.7326
0.0038 -0.7043 -0.6904
0.0223 -0.7150 -0.6696
0.0436 -0.7113 -0.6404
0.0475 -0.7121 -0.6270
0.0475 -0.7121 -0.6270
0.0394 -0.7128 -0.6190
0.0435 -0.7132 -0.6226
0.0435 -0.7060 -0.6234
0.0542 -0.7101 -0.6447
0.0542 -0.7101 -0.6447
0.0556 -0.7116 -0.6576
0.0390 -0.7139 -0.6868
0.0221 -0.7151 -0.7177
0.0046 -0.6976 -0.7448
-0.0066 -0.6876 -0.7591
-0.0066 -0.6876 -0.7591
-0.0220 -0.6853 -0.7534
-0.0387 -0.6773 -0.7316
-0.0522 -0.6804 -0.7278
-0.0834 -0.6748 -0.7443
-0.1199 -0.6751 -0.7399
-0.1199 -0.6751 -0.7399
-0.1396 -0.6903 -0.7098
-0.1488 -0.6988 -0.6745
-0.1607 -0.7249 -0.6587
-0.1674 -0.7254 -0.6624
-0.1669 -0.7094 -0.6540
-0.1669 -0.7094 -0.6540
-0.1527 -0.7095 -0.6708
-0.1495 -0.7128 -0.6725
-0.1487 -0.7030 -0.6614
-0.1420 -0.6969 -0.6711
-0.1275 -0.6925 -0.6805
-0.1275 -0.6925 -0.6805
-0.1078 -0.6914 -0.6584
-0.0952 -0.7026 -0.6303
-0.0790 -0.7199 -0.6057
-0.0594 -0.7267 -0.5945
-0.0594 -0.7267 -0.5945
-0.0487 -0.7449 -0.6018
-0.0364 -0.7600 -0.6214
-0.0349 -0.7675 -0.6397
-0.0325 -0.7653 -0.6671
-0.0265 -0.7672 -0.7086
-0.0265 -0.7672 -0.7086
-0.0069 -0.7542 -0.7442
0.0032 -0.7588 -0.7881
0.0107 -0.7657 -0.8124
0.0255 -0.7999 -0.7938
0.0657 -0.8454 -0.8010
0.0657 -0.8454 -0.8010
0.0269 -0.8401 -0.8561
-0.0464 -0.7967 -0.9031
-0.0484 -0.7436 -0.9268
0.0107 -0.6749 -0.9050
0.0698 -0.6171 -0.8882
0.0698 -0.6171 -0.8882
0.1028 -0.5801 -0.8365
0.1436 -0.5331 -0.7763
0.1906 -0.5612 -0.6974
0.2193 -0.5869 -0.6338
0.2193 -0.5869 -0.6338
0.2145 -0.6044 -0.6439
0.1889 -0.5853 -0.6877
0.1631 -0.5558 -0.7419
0.1174 -0.5340 -0.7883
0.0532 -0.5327 -0.8084
0.0532 -0.5327 -0.8084
0.0207 -0.5242 -0.7514
0.0332 -0.5426 -0.6527
0.0589 -0.5748 -0.5793
0.0709 -0.6051 -0.5209
0.0789 -0.6270 -0.5349
0.0789 -0.6270 -0.5349
0.0657 -0.6585 -0.5648
0.0386 -0.6812 -0.6077
0.0257 -0.7073 -0.6297
0.0173 -0.7395 -0.6750
0.0018 -0.7762 -0.6922
0.0018 -0.7762 -0.6922
-0.0093 -0.7860 -0.7137
-0.0108 -0.7881 -0.7235
-0.0082 -0.7732 -0.7249
0.0187 -0.7802 -0.7278
0.0235 -0.7832 -0.7372
0.0235 -0.7832 -0.7372
-0.0233 -0.7678 -0.7631
-0.0713 -0.7398 -0.7979
-0.0788 -0.7245 -0.7833
-0.0450 -0.7552 -0.7685
-0.0450 -0.7552 -0.7685
-0.0690 -0.7532 -0.7910
-0.1483 -0.7221 -0.7827
-0.1620 -0.7108 -0.8143
-0.2050 -0.6409 -0.8696
-0.2522 -0.5590 -0.8665
-0.2522 -0.5590 -0.8665
-0.2711 -0.5047 -0.8018
-0.2109 -0.5442 -0.7414
-0.1960 -0.5946 -0.6919
-0.2470 -0.5713 -0.6340
-0.2754 -0.5605 -0.6284
-0.2754 -0.5605 -0.6284
-0.2341 -0.5668 -0.6558
-0.1678 -0.5491 -0.6241
-0.1250 -0.5737 -0.5929
-0.0883 -0.6136 -0.5543
-0.0490 -0.6363 -0.5213
-0.0490 -0.6363 -0.5213
-0.0165 -0.6651 -0.4917
0.0113 -0.6921 -0.5038
0.0205 -0.7280 -0.5283
0.0123 -0.7300 -0.5670
-0.0018 -0.7351 -0.6275
-0.0018 -0.7351 -0.6275
-0.0016 -0.7195 -0.6940
0.0235 -0.7171 -0.7522
0.0480 -0.7335 -0.7771
0.0575 -0.7482 -0.7710
0.0575 -0.7482 -0.7710
0.0387 -0.7597 -0.7547
0.0403 -0.7593 -0.7410
0.0729 -0.7627 -0.7420
0.1033 -0.7677 -0.7500
0.1034 -0.7834 -0.7613
0.1034 -0.7834 -0.7613
0.1133 -0.8055 -0.7467
0.1695 -0.8631 -0.7384
0.1665 -0.8264 -0.8886
0.1402 -0.7671 -0.9860
0.1029 -0.6454 -1.0936
0.1029 -0.6454 -1.0936
0.0818 -0.5752 -1.0100
0.1470 -0.5703 -0.8288
0.2405 -0.6865 -0.6785
0.2931 -0.7138 -0.6331
0.2869 -0.7065 -0.7509
0.2869 -0.7065 -0.7509
0.1836 -0.5949 -0.8540
0.1008 -0.5131 -0.9456
0.0577 -0.4666 -0.9490
0.0329 -0.4527 -0.8006
0.0329 -0.4527 -0.8006
0.0185 -0.4994 -0.6915
0.0113 -0.5338 -0.6116
0.0102 -0.5378 -0.5774
0.0059 -0.5522 -0.5702
-0.0228 -0.5786 -0.5914
-0.0228 -0.5786 -0.5914
-0.0579 -0.6148 -0.6121
-0.0802 -0.6339 -0.6086
-0.0884 -0.6484 -0.6071
-0.0914 -0.6653 -0.5992
-0.0909 -0.6671 -0.5925
-0.0909 -0.6671 -0.5925
-0.0622 -0.6687 -0.5681
-0.0276 -0.6933 -0.5844
-0.0025 -0.7073 -0.6239
-0.0150 -0.6935 -0.7020
-0.0546 -0.6983 -0.7599
-0.0546 -0.6983 -0.7599
-0.0905 -0.7303 -0.8194
-0.1679 -0.7371 -0.9547
-0.2413 -0.7255 -1.0598
-0.3110 -0.5965 -1.1386
-0.3756 -0.4750 -1.1065
-0.3756 -0.4750 -1.1065
-0.3629 -0.4447 -0.9418
-0.2256 -0.5172 -0.7948
-0.1570 -0.6440 -0.6762
-0.1757 -0.6445 -0.6502
-0.1757 -0.6445 -0.6502
-0.2948 -0.5944 -0.6450
-0.2985 -0.5371 -0.6798
-0.2194 -0.4677 -0.7038
-0.0950 -0.4744 -0.6845
-0.0176 -0.5420 -0.6727
-0.0176 -0.5420 -0.6727
0.0129 -0.5616 -0.5702
0.0336 -0.5842 -0.5262
0.0679 -0.6217 -0.5111
0.1040 -0.6446 -0.5601
0.1302 -0.6679 -0.6131
0.1302 -0.6679 -0.6131
0.1402 -0.6845 -0.6645
0.1083 -0.7114 -0.7160
0.0918 -0.7304 -0.7476
0.1127 -0.7349 -0.7973
0.1259 -0.7366 -0.8469
0.1259 -0.7366 -0.8469
0.1303 -0.7529 -0.8849
0.1430 -0.7615 -0.9041
0.1276 -0.7646 -0.9144
0.1002 -0.7538 -0.9686
0.1198 -0.7854 -0.9695
0.1198 -0.7854 -0.9695
0.1145 -0.7346 -1.0232
0.1097 -0.6807 -1.0150
0.1326 -0.6139 -1.0466
0.1024 -0.5429 -1.0261
0.1024 -0.5429 -1.0261
0.0806 -0.4678 -0.8898
0.1361 -0.5144 -0.7165
0.2239 -0.5880 -0.5801
0.2623 -0.6510 -0.5628
0.2066 -0.6523 -0.6807
0.2066 -0.6523 -0.6807
0.0749 -0.5722 -0.7985
-0.0036 -0.5149 -0.9637
-0.0595 -0.4644 -1.0151
-0.0635 -0.4295 -0.9557
-0.0538 -0.5013 -0.8268
-0.0538 -0.5013 -0.8268
-0.0679 -0.5509 -0.7105
-0.0800 -0.5457 -0.6241
-0.0818 -0.5650 -0.6037
-0.0899 -0.5738 -0.6381
-0.1033 -0.5701 -0.6649
-0.1033 -0.5701 -0.6649
-0.0947 -0.5717 -0.7059
-0.1075 -0.5492 -0.6926
-0.1130 -0.5433 -0.6842
-0.0865 -0.5597 -0.6434
-0.0865 -0.5597 -0.6434
-0.0400 -0.5826 -0.6112
-0.0097 -0.6271 -0.6102
0.0045 -0.6585 -0.6376
-0.0173 -0.6776 -0.7151
-0.0730 -0.7245 -0.7895
-0.0730 -0.7245 -0.7895
-0.1322 -0.7685 -0.8600
-0.2167 -0.7839 -1.0230
-0.2717 -0.6953 -1.1439
-0.3361 -0.4836 -1.1341
-0.2792 -0.3573 -0.9901
-0.2792 -0.3573 -0.9901
-0.1458 -0.4512 -0.8337
-0.0460 -0.5879 -0.6819
-0.0392 -0.6349 -0.6092
-0.1191 -0.6254 -0.6061
-0.1651 -0.5781 -0.6406
-0.1651 -0.5781 -0.6406
-0.1307 -0.4979 -0.6729
-0.0601 -0.4654 -0.6318
0.0481 -0.5209 -0.5457
0.1187 -0.6118 -0.4472
0.1758 -0.6709 -0.4097
0.1758 -0.6709 -0.4097
0.1814 -0.7362 -0.4206
0.1555 -0.7739 -0.4639
0.1027 -0.7891 -0.5636
0.0709 -0.7788 -0.6651
0.0709 -0.7788 -0.6651
0.0479 -0.7768 -0.8101
0.0573 -0.7921 -0.9429
0.0651 -0.7686 -1.0074
0.0585 -0.7235 -1.0405
0.0555 -0.7289 -1.0273
0.0555 -0.7289 -1.0273
0.0373 -0.7229 -0.9806
0.0338 -0.7204 -0.9030
0.0621 -0.7090 -0.8746
0.0912 -0.6712 -0.8291
0.1654 -0.6638 -0.7579
0.1654 -0.6638 -0.7579
0.2878 -0.6555 -0.7073
0.3679 -0.6549 -0.6970
0.4431 -0.6130 -0.7124
0.4685 -0.5704 -0.8378
0.4144 -0.2798 -0.9850
0.4144 -0.2798 -0.9850
0.4153 -0.2797 -0.9368
0.4080 -0.2766 -0.6947
0.4488 -0.3391 -0.6033
0.4512 -0.4471 -0.6342
0.4097 -0.5061 -0.8100
0.4097 -0.5061 -0.8100
0.5195 -0.5727 -1.0998
0.3168 -0.5347 -0.9464
0.1682 -0.4195 -1.1185
0.0657 -0.3501 -1.1913
0.0657 -0.3501 -1.1913
0.0450 -0.3370 -1.1302
0.0104 -0.4036 -1.0173
-0.0393 -0.4393 -0.8618
-0.0489 -0.4484 -0.7707
-0.0551 -0.4567 -0.7438
-0.0551 -0.4567 -0.7438
-0.0558 -0.4555 -0.7612
-0.0535 -0.4447 -0.7972
-0.0710 -0.4264 -0.8053
-0.0854 -0.4097 -0.7990
-0.0786 -0.4245 -0.8058
-0.0786 -0.4245 -0.8058
-0.0671 -0.4364 -0.8092
-0.0789 -0.4328 -0.8450
-0.0808 -0.4411 -0.8724
-0.0593 -0.5105 -0.8625
-0.0586 -0.5638 -0.8372
-0.0586 -0.5638 -0.8372
-0.1154 -0.5167 -1.0162
-0.1959 -0.4027 -1.1167
-0.1677 -0.3018 -1.1380
-0.0896 -0.3490 -0.9602
-0.0896 -0.3490 -0.9602
-0.0195 -0.5032 -0.8029
0.0062 -0.6129 -0.6376
-0.0327 -0.6372 -0.5663
-0.0881 -0.6575 -0.6014
-0.0766 -0.5841 -0.7302
-0.0766 -0.5841 -0.7302
0.0213 -0.5498 -0.8807
0.1318 -0.5565 -0.9020
0.1465 -0.5732 -0.8835
0.0970 -0.5955 -0.8524
0.0704 -0.5834 -0.7977
0.0704 -0.5834 -0.7977
0.0774 -0.5772 -0.7879
0.0829 -0.5879 -0.8531
0.0632 -0.5464 -0.9134
0.0346 -0.4977 -0.9799
0.0168 -0.4441 -0.9947
0.0168 -0.4441 -0.9947
-0.0172 -0.4091 -0.9525
-0.0437 -0.4216 -0.9170
-0.0740 -0.4354 -0.8508
-0.1109 -0.4419 -0.8031
-0.1142 -0.4615 -0.7802
-0.1142 -0.4615 -0.7802
-0.1047 -0.4593 -0.7756
-0.0962 -0.4508 -0.7630
-0.0887 -0.4523 -0.7834
-0.0796 -0.4196 -0.8257
-0.0796 -0.4196 -0.8257
-0.0764 -0.3830 -0.8739
-0.0833 -0.3705 -0.8877
-0.0789 -0.3925 -0.8655
-0.0787 -0.4496 -0.8389
-0.1022 -0.4855 -0.8544
-0.1022 -0.4855 -0.8544
-0.1767 -0.4637 -0.9588
-0.2105 -0.4186 -1.0681
-0.1762 -0.3594 -1.1149
-0.0995 -0.3533 -1.0322
-0.0230 -0.3999 -0.9120
-0.0230 -0.3999 -0.9120
0.0182 -0.4630 -0.7751
0.0391 -0.4834 -0.6961
0.0469 -0.5368 -0.7191
0.0143 -0.5427 -0.8081
-0.0201 -0.5114 -0.8998
-0.0201 -0.5114 -0.8998
-0.0347 -0.5081 -0.9824
-0.0378 -0.5127 -1.0162
-0.0335 -0.5034 -0.9688
-0.0073 -0.5122 -0.8555
0.0350 -0.5513 -0.7295
0.0350 -0.5513 -0.7295
0.0755 -0.5717 -0.6208
0.0971 -0.5977 -0.6226
0.1100 -0.6088 -0.6759
0.1183 -0.5715 -0.7602
0.1183 -0.5715 -0.7602
0.1269 -0.5591 -0.8489
0.1126 -0.5499 -0.9142
0.0889 -0.5320 -0.9626
0.0853 -0.5339 -0.9749
0.1053 -0.5302 -0.9830
0.1053 -0.5302 -0.9830
0.1090 -0.5057 -0.9918
0.0678 -0.4555 -0.9831
0.0533 -0.4351 -0.9113
0.0532 -0.4489 -0.8024
0.0704 -0.5075 -0.7005
0.0704 -0.5075 -0.7005
0.0728 -0.5635 -0.6181
0.0479 -0.5981 -0.5934
-0.0073 -0.6257 -0.6590
-0.0658 -0.6028 -0.7738
-0.1058 -0.5841 -0.8709
-0.1058 -0.5841 -0.8709
-0.1418 -0.5863 -0.9080
-0.1390 -0.5931 -0.8892
-0.0858 -0.6240 -0.8208
-0.0443 -0.6305 -0.7895
-0.0443 -0.6305 -0.7895
-0.0183 -0.6012 -0.8002
0.0183 -0.5569 -0.8210
0.0751 -0.5082 -0.8188
0.1492 -0.5017 -0.8062
0.2000 -0.5372 -0.8336
0.2000 -0.5372 -0.8336
0.1588 -0.5869 -0.8203
0.0696 -0.6243 -0.8307
0.0023 -0.6590 -0.8038
-0.0618 -0.6581 -0.8323
-0.1010 -0.6432 -0.8550
-0.1010 -0.6432 -0.8550
-0.1246 -0.6183 -0.8963
-0.1346 -0.5738 -0.8600
-0.0853 -0.5345 -0.8471
-0.0150 -0.5264 -0.7941
0.0417 -0.5126 -0.7673
0.0417 -0.5126 -0.7673
0.0925 -0.5391 -0.7122
0.1269 -0.5771 -0.6738
0.1731 -0.5891 -0.7355
0.2054 -0.5584 -0.8650
0.2072 -0.5200 -0.9341
0.2072 -0.5200 -0.9341
0.1738 -0.5027 -0.9580
0.1343 -0.5021 -0.8983
0.0816 -0.5179 -0.8283
0.0177 -0.5356 -0.7788
0.0177 -0.5356 -0.7788
-0.0302 -0.5399 -0.7451
-0.0773 -0.5424 -0.7101
-0.0960 -0.5366 -0.6832
-0.0848 -0.5414 -0.6572
-0.0574 -0.5573 -0.6486
-0.0574 -0.5573 -0.6486
-0.0521 -0.5728 -0.6615
-0.0414 -0.5952 -0.6833
-0.0160 -0.6080 -0.6845
0.0032 -0.6171 -0.7075
0.0349 -0.6307 -0.7280
0.0349 -0.6307 -0.7280
0.0538 -0.6521 -0.7673
0.0716 -0.6847 -0.8273
0.0676 -0.6937 -0.8640
-0.0076 -0.6853 -0.9263
0.0367 -0.7482 -1.1049
0.0367 -0.7482 -1.1049
0.0413 -0.7236 -1.1757
0.1187 -0.6790 -0.9996
0.0959 -0.6454 -1.0015
0.1027 -0.6490 -0.8801
0.1189 -0.6362 -0.8944
0.1189 -0.6362 -0.8944
0.1453 -0.6112 -0.8934
0.1452 -0.5884 -0.8665
0.1708 -0.6105 -0.8442
0.1651 -0.6160 -0.8193
0.1651 -0.6160 -0.8193
0.1531 -0.6410 -0.7910
0.1333 -0.6853 -0.7444
0.1118 -0.7292 -0.7730
0.0739 -0.7440 -0.7850
-0.0064 -0.6773 -0.7457
-0.0064 -0.6773 -0.7457
-0.0562 -0.5991 -0.6957
-0.0773 -0.5559 -0.7946
-0.0875 -0.4896 -0.8120
-0.0667 -0.4269 -0.7271
-0.0379 -0.3317 -0.5919
-0.0379 -0.3317 -0.5919
-0.0388 -0.3368 -0.4619
-0.0779 -0.4278 -0.3898
-0.1416 -0.5285 -0.3375
-0.1626 -0.6190 -0.3950
-0.1233 -0.7372 -0.4679
-0.1233 -0.7372 -0.4679
-0.0515 -0.7689 -0.5591
0.0146 -0.8451 -0.6178
0.0488 -0.8252 -0.6349
0.0397 -0.8293 -0.6864
0.0067 -0.8143 -0.8017
0.0067 -0.8143 -0.8017
-0.0231 -0.7618 -0.8024
-0.0795 -0.6647 -0.7451
-0.1426 -0.6323 -0.7629
-0.1627 -0.6205 -0.7327
-0.1627 -0.6205 -0.7327
-0.1320 -0.6342 -0.6846
-0.0436 -0.6889 -0.7227
0.0173 -0.6882 -0.6945
0.0630 -0.6902 -0.6898
0.1235 -0.7440 -0.6696
0.1235 -0.7440 -0.6696
0.1679 -0.7500 -0.6153
0.2019 -0.8214 -0.5877
0.1737 -0.8111 -0.5989
0.1573 -0.8171 -0.6850
0.2138 -0.8557 -0.7048
0.2138 -0.8557 -0.7048
0.1773 -0.7696 -0.7327
0.1743 -0.7406 -0.7629
0.1523 -0.7182 -0.7770
0.0475 -0.6805 -0.7401
-0.0323 -0.7125 -0.7267
-0.0323 -0.7125 -0.7267
-0.0068 -0.6817 -0.6761
0.0056 -0.6778 -0.7020
-0.0239 -0.7001 -0.6869
-0.0219 -0.6860 -0.6766
-0.0219 -0.6860 -0.6766
-0.0347 -0.6483 -0.6364
-0.0608 -0.6797 -0.6612
-0.0667 -0.6729 -0.6783
-0.0556 -0.6856 -0.6910
-0.0320 -0.7047 -0.6800
-0.0320 -0.7047 -0.6800
-0.0312 -0.7020 -0.6056
-0.0404 -0.7328 -0.5861
-0.0413 -0.7475 -0.6240
-0.0207 -0.7175 -0.6540
-0.0102 -0.7087 -0.6587
-0.0102 -0.7087 -0.6587
-0.0053 -0.7385 -0.6486
0.0028 -0.7366 -0.6188
0.0065 -0.7243 -0.6096
-0.0143 -0.7181 -0.6283
-0.0343 -0.7274 -0.6439
-0.0343 -0.7274 -0.6439
-0.0354 -0.7567 -0.6420
-0.0242 -0.7505 -0.6153
-0.0126 -0.7547 -0.6061
-0.0096 -0.7577 -0.6286
-0.0147 -0.7499 -0.6414
-0.0147 -0.7499 -0.6414
-0.0234 -0.7374 -0.6363
-0.0238 -0.7384 -0.6348
-0.0041 -0.7594 -0.6350
0.0187 -0.7637 -0.6354
0.0187 -0.7637 -0.6354
0.0071 -0.7666 -0.6240
0.0107 -0.7808 -0.6171
0.0183 -0.7736 -0.6090
0.0105 -0.7609 -0.6174
0.0038 -0.7767 -0.6300
0.0038 -0.7767 -0.6300
0.0113 -0.7770 -0.6137
0.0224 -0.7737 -0.6259
0.0233 -0.7743 -0.6193
0.0218 -0.7709 -0.6164
0.0297 -0.7868 -0.6191
0.0297 -0.7868 -0.6191
0.0296 -0.7739 -0.6134
0.0184 -0.7732 -0.6059
0.0171 -0.7806 -0.5906
0.0138 -0.7852 -0.5937
0.0301 -0.7869 -0.6066
0.0301 -0.7869 -0.6066
0.0380 -0.7869 -0.6092
0.0212 -0.7657 -0.5949
0.0136 -0.7795 -0.5927
0.0243 -0.7880 -0.6018
0.0243 -0.7880 -0.6018
0.0244 -0.7767 -0.5989
0.0130 -0.7748 -0.6021
0.0143 -0.7840 -0.5892
0.0229 -0.7795 -0.6053
0.0253 -0.7938 -0.5919
0.0253 -0.7938 -0.5919
0.0191 -0.7808 -0.5833
0.0194 -0.7897 -0.6061
0.0192 -0.7809 -0.6146
0.0145 -0.7897 -0.5989
0.0171 -0.7914 -0.5903
0.0171 -0.7914 -0.5903
0.0186 -0.7930 -0.6056
0.0161 -0.7884 -0.6071
0.0152 -0.7898 -0.6153
0.0060 -0.7947 -0.6136
0.0035 -0.7950 -0.6247
0.0035 -0.7950 -0.6247
0.0059 -0.7920 -0.6067
0.0195 -0.7874 -0.5897
0.0158 -0.7868 -0.5955
0.0155 -0.7839 -0.6006
0.0223 -0.7857 -0.5900
0.0223 -0.7857 -0.5900
0.0237 -0.7874 -0.5854
0.0170 -0.7865 -0.5736
0.0177 -0.8022 -0.5664
0.0221 -0.7848 -0.5697
0.0221 -0.7848 -0.5697
0.0192 -0.8000 -0.5888
0.0238 -0.8042 -0.5887
0.0256 -0.8029 -0.5700
0.0283 -0.8099 -0.5614
0.0228 -0.8069 -0.5616
0.0228 -0.8069 -0.5616
0.0264 -0.8041 -0.5663
0.0278 -0.8102 -0.5868
0.0204 -0.7997 -0.5687
0.0202 -0.8016 -0.5742
0.0257 -0.8099 -0.5701
0.0257 -0.8099 -0.5701
0.0295 -0.8089 -0.5723
0.0315 -0.8086 -0.5791
0.0262 -0.8087 -0.5788
0.0209 -0.8101 -0.5742
0.0147 -0.8121 -0.5740
0.0147 -0.8121 -0.5740
0.0111 -0.8039 -0.5675
0.0153 -0.8034 -0.5655
0.0219 -0.8110 -0.5570
0.0185 -0.8002 -0.5703
0.0150 -0.8033 -0.5723
0.0150 -0.8033 -0.5723
0.0229 -0.8119 -0.5576
0.0299 -0.8144 -0.5581
0.0170 -0.8042 -0.5539
0.0160 -0.8112 -0.5512
0.0160 -0.8112 -0.5512
0.0189 -0.8109 -0.5450
0.0213 -0.8131 -0.5575
0.0221 -0.8194 -0.5618
0.0211 -0.8123 -0.5579
0.0175 -0.8125 -0.5552
0.0175 -0.8125 -0.5552
0.0194 -0.8161 -0.5466
0.0148 -0.8059 -0.5454
0.0202 -0.8188 -0.5542
0.0217 -0.8152 -0.5681
0.0101 -0.8145 -0.5518
0.0101 -0.8145 -0.5518
0.0074 -0.8155 -0.5453
0.0163 -0.8147 -0.5489
0.0159 -0.8127 -0.5590
0.0049 -0.8158 -0.5738
0.0105 -0.8253 -0.5618
0.0105 -0.8253 -0.5618
0.0215 -0.8207 -0.5583
0.0172 -0.8166 -0.5629
0.0057 -0.8144 -0.5517
0.0213 -0.8261 -0.5364
0.0261 -0.8171 -0.5439
0.0261 -0.8171 -0.5439
0.0078 -0.8098 -0.5576
0.0066 -0.8102 -0.5448
0.0132 -0.8271 -0.5419
0.0175 -0.8217 -0.5392
0.0126 -0.8148 -0.5452
0.0105 -0.8257 -0.5535
0.0191 -0.8123 -0.5505
0.0154 -0.8123 -0.5676
0.0090 -0.8080 -0.5744
0.0090 -0.8080 -0.5744
0.0105 -0.8256 -0.5774
0.0083 -0.8202 -0.5604
0.0105 -0.8216 -0.5388
0.0102 -0.8261 -0.5380
0.0177 -0.8263 -0.5459
0.0177 -0.8263 -0.5459
0.0228 -0.8202 -0.5572
0.0205 -0.8186 -0.5649
0.0045 -0.8118 -0.5483
-0.0105 -0.8163 -0.5434
0.0084 -0.8257 -0.5474
0.0084 -0.8257 -0.5474
0.0168 -0.8156 -0.5653
0.0162 -0.8192 -0.5557
0.0125 -0.8171 -0.5384
0.0101 -0.8235 -0.5426
0.0101 -0.8235 -0.5426
0.0218 -0.8091 -0.5370
-0.0069 -0.8185 -0.5414
0.0038 -0.8293 -0.5709
0.0133 -0.8161 -0.5749
0.0115 -0.8104 -0.5565
0.0115 -0.8104 -0.5565
0.0106 -0.8163 -0.5301
0.0056 -0.8171 -0.5266
0.0076 -0.8138 -0.5297
0.0050 -0.8046 -0.5622
0.0127 -0.8096 -0.5596
0.0127 -0.8096 -0.5596
0.0195 -0.8079 -0.5596
0.0247 -0.8121 -0.5728
0.0136 -0.8062 -0.5665
0.0131 -0.8168 -0.5762
0.0076 -0.8180 -0.5754
0.0076 -0.8180 -0.5754
0.0048 -0.8155 -0.5821
0.0056 -0.8149 -0.5633
0.0082 -0.8076 -0.5612
0.0153 -0.8109 -0.5702
0.0165 -0.8026 -0.5755
0.0165 -0.8026 -0.5755
0.0064 -0.8082 -0.5707
0.0056 -0.8051 -0.5746
0.0214 -0.8123 -0.5733
0.0200 -0.8047 -0.5724
0.0200 -0.8047 -0.5724
0.0264 -0.8022 -0.5716
0.0242 -0.8027 -0.5780
0.0127 -0.7989 -0.5745
0.0141 -0.8062 -0.5664
0.0192 -0.7996 -0.5501
0.0192 -0.7996 -0.5501
0.0193 -0.8059 -0.5598
0.0166 -0.8083 -0.5630
0.0215 -0.8026 -0.5799
0.0180 -0.7941 -0.5506
0.0318 -0.7923 -0.6039
0.0318 -0.7923 -0.6039
0.0125 -0.8604 -0.6308
0.0203 -0.7740 -0.5895

