0.0283 0.0317 0.0130
0.0099 0.0391 0.0095
0.0102 0.0327 0.0031
0.0103 0.0302 0.0088
0.0080 0.0266 0.0054
-0.0321 0.0181 0.0062
-0.0521 0.0165 0.0030
-0.0616 0.0083 -0.0029
-0.0231 0.0153 -0.0090
-0.0018 0.0255 -0.0094
0.0223 0.0212 -0.0020
0.0323 -0.0065 -0.0009
0.0120 -0.0176 -0.0043
-0.0312 -0.0034 0.0091
-0.0264 0.0063 0.0141
0.0172 0.0074 0.0127
0.0257 -0.0138 0.0157
0.0257 -0.0133 0.0162
0.0229 -0.0203 0.0183
0.0266 -0.0280 0.0108
0.0165 -0.0240 0.0042
0.0040 -0.0027 0.0049
0.0144 0.0054 0.0019
0.0204 0.0046 -0.0029
0.0101 -0.0162 0.0062
0.0068 -0.0201 0.0026
0.0101 -0.0191 -0.0063
0.0205 -0.0093 -0.0028
0.0284 -0.0076 0.0109
0.0256 -0.0025 0.0075
0.0164 0.0044 0.0086
0.0128 0.0038 0.0143
0.0197 0.0004 0.0137
0.0415 -0.0087 0.0182
0.0396 -0.0129 0.0169
0.0242 0.0124 0.0161
0.0243 0.0283 0.0024
0.0200 0.0503 -0.0073
0.0031 0.0351 -0.0090
-0.0281 0.0024 0.0121
-0.0322 -0.0239 0.0155
-0.0097 -0.0363 0.0042
0.0553 0.0137 -0.0033
0.0740 0.0495 -0.0054
0.0413 0.0825 0.0035
-0.0056 0.0358 0.0301
-0.0116 -0.0055 0.0340
-0.0166 -0.0353 0.0215
0.0095 0.0052 0.0203
0.0282 0.0318 0.0177
0.0442 0.0614 0.0028
0.0247 0.0208 0.0020
0.0137 0.0029 0.0038
0.0005 0.0038 0.0103
0.0009 0.0147 0.0063
-0.0035 0.0273 0.0018
0.0008 0.0205 -0.0268
-0.0112 0.0121 -0.0330
-0.0184 0.0126 -0.0354
-0.0354 -0.0045 -0.0161
-0.0151 0.0088 0.0011
-0.0028 0.0195 -0.0054
0.0095 0.0242 -0.0140
0.0110 0.0033 -0.0105
0.0153 -0.0029 -0.0079
-0.0098 0.0144 0.0013
-0.0219 0.0102 0.0109
-0.0093 -0.0003 0.0123
0.0237 -0.0083 0.0046
0.0284 -0.0059 -0.0031
0.0223 0.0021 0.0028
0.0120 0.0137 0.0128
0.0139 0.0229 0.0123
0.0202 0.0046 0.0103
0.0241 0.0061 0.0008
0.0253 0.0109 -0.0072
0.0010 0.0020 -0.0102
-0.0053 0.0021 -0.0044
-0.0029 0.0079 -0.0056
0.0134 0.0356 0.0109
0.0319 0.0225 0.0051
0.0293 0.0123 0.0028
0.0103 -0.0155 0.0097
0.0266 -0.0041 0.0116
0.0379 0.0071 0.0121
0.0180 0.0454 0.0159
0.0020 0.0084 0.0070
-0.0016 -0.0037 0.0117
0.0036 -0.0151 0.0045
0.0374 0.0074 0.0047
0.0373 0.0111 0.0048
0.0089 0.0081 0.0164
0.0017 -0.0091 0.0148
0.0099 -0.0087 0.0128
0.0237 0.0054 0.0144
0.0221 0.0167 0.0228
0.0132 -0.0042 0.0220
0.0096 -0.0093 0.0156
0.0123 0.0112 -0.0056
0.0160 0.0176 -0.0046
0.0274 0.0013 0.0034
0.0253 0.0019 0.0105
0.0231 0.0081 0.0088
0.0206 -0.0070 0.0123
0.0233 -0.0138 0.0138
0.0175 -0.0136 0.0040
0.0096 -0.0064 0.0047
0.0098 -0.0006 -0.0002
0.0136 0.0156 -0.0030
0.0158 0.0051 -0.0033
0.0076 0.0025 -0.0008
0.0100 0.0013 -0.0056
0.0302 0.0038 -0.0208
0.0268 0.0145 -0.0225
-0.0009 0.0457 -0.0166
0.0108 0.0325 0.0027
0.0217 0.0244 0.0036
0.0221 0.0045 0.0082
0.0081 0.0116 -0.0086
0.0166 0.0281 -0.0122
0.1169 0.1616 -0.0681
0.1308 0.1135 -0.1046
0.0003 0.0278 0.0029
-0.0687 -0.0469 0.0361
-0.0202 -0.0332 0.0317
0.0058 -0.0416 0.0351
0.0679 0.0210 0.0247
0.0836 0.0373 0.0058
0.0571 0.0305 0.0139
-0.0625 -0.1097 0.0265
-0.0826 -0.0480 0.0198
-0.0826 -0.0480 0.0198
0.0247 0.0192 -0.0012
0.0502 0.0440 0.0000
0.0512 0.0703 0.0123
0.0169 0.0129 0.0102
0.0127 -0.0201 0.0023
0.0106 -0.0463 -0.0097
0.0174 0.0088 -0.0132
0.0226 0.0390 -0.0029
0.0272 0.0563 -0.0025
-0.0013 0.0344 0.0184
-0.0105 0.0283 0.0253
0.0025 0.0345 0.0133
0.0166 0.0427 0.0168
0.0482 0.0388 0.0180
0.0622 0.0388 0.0033
0.0629 0.0425 0.0017
0.0560 0.0452 0.0088
0.0382 0.0521 0.0080
0.0350 0.0522 0.0135
0.0432 0.0232 0.0213
0.0445 0.0263 0.0181
0.0123 0.0644 0.0223
-0.0091 0.0633 0.0246
-0.0308 0.0724 0.0446
-0.0313 0.0804 0.0519
-0.0034 0.0742 0.0716
0.0466 0.0918 0.0989
0.0698 0.1054 0.0971
0.0912 0.1635 0.1085
0.0285 0.1624 0.1199
-0.0009 0.1710 0.1337
-0.0470 0.1758 0.1292
-0.0784 0.1940 0.1122
-0.0945 0.1947 0.0979
-0.1168 0.2412 0.0800
-0.1442 0.2941 0.0746
-0.1708 0.3159 0.0817
-0.1855 0.3467 0.1138
-0.1351 0.3815 0.1399
-0.1059 0.3692 0.1607
-0.0600 0.3472 0.2346
-0.0881 0.3620 0.3038
-0.1280 0.3769 0.3321
-0.2245 0.3748 0.3801
-0.2681 0.3718 0.3901
-0.2880 0.3461 0.4002
-0.2689 0.3436 0.4044
-0.2704 0.3533 0.3939
-0.2649 0.4072 0.4124
-0.2555 0.4576 0.4267
-0.2442 0.4478 0.4425
-0.2226 0.3836 0.4757
-0.2510 0.4260 0.4998
-0.2859 0.4730 0.5154
-0.3395 0.5652 0.5465
-0.3699 0.6161 0.5757
-0.3905 0.6115 0.6063
-0.4171 0.5590 0.6830
-0.3987 0.5579 0.7001
-0.3850 0.5417 0.6887
-0.3374 0.5163 0.6960
-0.2934 0.5332 0.7657
-0.2957 0.5350 0.7960
-0.2746 0.5037 0.8381
-0.3540 0.5509 0.8289
-0.3824 0.5543 0.8295
-0.3301 0.3978 0.8772
-0.1254 0.2844 0.8305
-0.0152 0.2870 0.7655
0.1592 -0.0457 0.7814
0.1899 -0.0683 0.8624
0.1911 0.0581 0.7208
0.0302 -0.2967 0.5286
0.0636 0.1433 0.5901
0.2041 1.0052 0.7336
0.0076 0.9771 0.6985
-0.1559 0.9885 0.6955
-0.5492 1.1064 0.6337
-0.7786 1.2670 0.4635
-0.8580 1.2339 0.3832
-1.0550 0.6804 0.2906
-1.0542 0.3703 0.3108
-0.9528 0.4218 0.3035
-0.6839 0.6567 0.2791
-0.5247 1.0231 0.2194
-0.5205 1.1662 0.1610
-0.6926 1.3372 0.0085
-1.0406 1.3459 -0.1601
-1.1666 1.2479 -0.2314
-1.1389 0.8689 -0.2788
-0.8210 0.3838 -0.1499
-0.6943 0.2522 -0.0507
-0.5661 0.1797 0.1770
-0.4770 0.1727 0.4087
-0.4268 0.1032 0.5112
-0.3396 -0.1241 0.6770
-0.2159 -0.3876 0.7314
-0.1328 -0.4674 0.7328
0.0418 -0.4103 0.7270
0.1033 -0.2998 0.7076
0.1871 0.1163 0.6698
0.2341 0.2910 0.6385
0.2912 0.1411 0.5900
0.3289 0.0386 0.5477
0.3758 -0.0819 0.4374
0.3752 -0.0374 0.3841
0.3269 0.0668 0.2737
0.2691 0.1826 0.1774
0.2529 0.2376 0.1311
0.2564 0.2711 0.0728
0.3274 0.2161 0.0933
0.3875 0.2134 0.1086
0.4901 0.2499 0.1140
0.5172 0.2746 0.1764
0.5391 0.3588 0.2322
0.5511 0.4436 0.3435
0.3277 0.2883 0.3722
0.1405 0.1390 0.3425
-0.1802 -0.1729 0.2441
-0.2489 -0.3703 0.1323
-0.1675 -0.2961 0.0962
0.2058 0.3789 0.0558
0.6230 1.1952 0.0876
0.7135 1.3854 0.1364
0.5325 1.3185 0.2618
0.3147 1.0985 0.3050
-0.1424 0.4940 0.3629
-0.3264 0.1961 0.5021
-0.3001 0.1335 0.5860
-0.1400 0.1350 0.6810
-0.0352 0.1171 0.6283
0.0277 0.1628 0.5252
0.0602 0.2107 0.4814
0.0741 0.3377 0.4356
0.0542 0.3899 0.4318
0.0067 0.4472 0.4441
0.0036 0.4209 0.4266
0.0252 0.3873 0.4081
0.1078 0.2072 0.3870
0.1930 0.0771 0.3391
0.2346 0.0451 0.3205
0.2500 0.0115 0.2608
0.1944 0.0293 0.2035
0.1754 0.0698 0.1658
0.1386 0.1240 0.0587
0.1313 0.1496 -0.0319
0.1222 0.1744 -0.0963
0.0634 0.1614 -0.1570
0.0150 0.0524 -0.1259
0.0330 -0.0207 -0.1235
0.1629 -0.1254 -0.1083
0.3099 -0.1699 -0.0818
0.2885 -0.2330 -0.0939
0.0369 -0.4058 -0.1269
-0.1428 -0.4397 -0.1638
-0.4558 -0.4810 -0.3538
-0.5471 -0.5151 -0.5091
-0.2253 -0.2144 -0.5095
0.0571 -0.0522 -0.4848
0.5921 -0.1435 -0.3621
0.7609 -0.3646 -0.2695
0.7186 -0.8610 -0.2186
0.2423 -1.0845 -0.3853
-0.3257 -0.9336 -0.6445
-0.5006 -0.7415 -0.7673
-0.4901 -0.2907 -0.9089
-0.3701 -0.1337 -0.9073
-0.1032 -0.1178 -0.7929
0.0454 -0.3190 -0.6391
0.0418 -0.4081 -0.5847
-0.0329 -0.4127 -0.5093
-0.1115 -0.3282 -0.4651
-0.1664 -0.2942 -0.4476
-0.2457 -0.2270 -0.3772
-0.3140 -0.2188 -0.3540
-0.3635 -0.2473 -0.3611
-0.4347 -0.2847 -0.3712
-0.4211 -0.2467 -0.3633
-0.3328 -0.1078 -0.3442
-0.1541 0.0169 -0.2361
0.0544 0.0488 -0.1048
0.1539 0.0268 -0.0492
0.2956 -0.0345 0.0202
0.3544 -0.0332 0.0315
0.4315 0.0325 0.0458
0.3750 0.0415 0.0123
0.2845 0.0317 -0.0379
0.2558 0.0950 -0.0645
0.2882 0.3167 -0.0664
0.2930 0.3188 -0.0599
0.1454 0.2015 -0.0200
-0.1311 0.1439 0.0603
-0.2544 0.1068 0.0792
-0.3120 0.0528 0.1034
-0.0578 0.2052 0.1563
0.1553 0.4589 0.2015
0.5682 0.9076 0.3477
0.6650 0.9831 0.5035
0.5508 0.9113 0.5653
0.1136 0.5221 0.6588
-0.2762 0.1163 0.7339
-0.3794 0.0441 0.7501
-0.4270 0.0326 0.7536
-0.3779 0.1033 0.7463
-0.1240 0.3080 0.6964
0.1812 0.4488 0.6079
0.2621 0.4503 0.5693
0.2231 0.3330 0.5392
0.1358 0.3361 0.5685
0.1221 0.3424 0.5625
0.1623 0.3322 0.5333
0.1711 0.2134 0.4830
0.1573 0.1149 0.4510
0.1300 -0.0266 0.3762
0.1415 0.0033 0.2899
0.1354 0.0429 0.2402
0.0891 0.1080 0.1567
0.0733 0.1222 0.0912
0.0807 0.1125 0.0646
0.1000 -0.0018 0.0165
0.0884 -0.0678 -0.0076
0.0728 -0.0814 -0.0122
0.0157 -0.1306 -0.0303
0.0186 -0.2274 -0.0006
0.0609 -0.2862 0.0322
0.2250 -0.2789 0.1252
0.2798 -0.4391 0.0966
0.2095 -0.5680 0.0405
-0.0291 -0.6550 -0.1966
-0.3387 -0.6903 -0.5138
-0.4494 -0.7097 -0.6182
-0.3718 -0.6039 -0.6130
0.0250 -0.4508 -0.4320
0.1922 -0.5217 -0.3637
0.2199 -0.9095 -0.3481
0.0602 -1.1293 -0.4017
-0.5066 -1.3590 -0.6148
-0.9377 -1.0717 -0.8868
-0.9738 -0.7647 -0.9872
-0.7044 -0.1959 -1.0465
-0.2724 -0.0279 -0.9621
-0.1173 -0.0912 -0.8881
-0.0460 -0.3822 -0.7392
-0.1662 -0.6037 -0.6212
-0.2469 -0.6264 -0.5888
-0.3780 -0.5397 -0.5632
-0.4119 -0.3582 -0.5420
-0.4047 -0.3237 -0.5497
-0.4223 -0.3711 -0.5796
-0.5205 -0.3576 -0.5952
-0.5887 -0.3325 -0.5828
-0.6573 -0.2949 -0.5013
-0.4944 -0.2431 -0.4030
-0.3194 -0.1167 -0.3396
0.0857 0.1223 -0.1998
0.3034 0.1891 -0.0497
0.3151 0.1740 0.0202
0.2199 0.0561 0.1185
0.1599 -0.0140 0.1348
0.0838 -0.1075 0.1264
0.0960 0.0291 0.0876
0.1309 0.1986 0.0759
0.1144 0.2770 0.0692
-0.0607 0.1284 0.1152
-0.1115 0.1785 0.1949
-0.0839 0.1899 0.2147
-0.0061 0.1290 0.2019
0.0472 0.1488 0.2036
0.2268 0.4047 0.3010
0.5511 0.8602 0.5082
0.6989 1.0552 0.6191
0.7661 1.2728 0.8089
0.4640 0.9429 0.9489
0.2286 0.6012 0.9983
-0.2174 -0.0680 1.0744
-0.4252 -0.3491 1.0877
-0.4100 -0.3207 1.0354
-0.1351 0.0370 0.9188
0.2434 0.5242 0.7989
0.3743 0.6848 0.7471
0.5059 0.8379 0.7140
0.4757 0.8024 0.7410
0.4200 0.7400 0.7615
0.3042 0.5778 0.7858
0.1828 0.4335 0.7363
0.1203 0.3491 0.6892
0.0234 0.2377 0.5709
-0.0055 0.1875 0.5083
-0.0302 0.1552 0.4318
-0.0272 0.1889 0.3953
-0.0141 0.2597 0.3663
0.0217 0.3889 0.3190
0.0940 0.3832 0.2720
0.1389 0.3714 0.2583
0.1538 0.3290 0.2264
0.1125 0.2525 0.2124
0.1098 0.1973 0.2033
0.1150 0.1472 0.1650
0.1480 0.1390 0.1357
0.1813 0.1314 0.1393
0.1671 -0.0602 0.0955
0.0348 -0.2181 -0.0031
-0.0565 -0.2232 -0.0863
-0.2304 -0.2238 -0.3053
-0.1914 -0.1006 -0.4425
-0.0601 0.0456 -0.4700
0.3176 0.1744 -0.3864
0.5885 0.0203 -0.1503
0.5823 -0.1911 -0.0603
0.2796 -0.6942 -0.0228
-0.2549 -0.8432 -0.1347
-0.4802 -0.7064 -0.2368
-0.6486 -0.1622 -0.4273
-0.5824 0.1721 -0.4707
-0.3336 0.4944 -0.4331
-0.0770 0.4136 -0.2907
0.0042 0.2847 -0.2116
0.0509 0.0659 -0.0747
0.0070 0.0869 0.0103
-0.0384 0.1690 0.0237
-0.1710 0.2667 0.0348
-0.3196 0.3353 0.0671
-0.3978 0.3268 0.0614
-0.5254 0.3097 0.0679
-0.5434 0.3306 0.1616
-0.4982 0.3642 0.2374
-0.3738 0.3534 0.3906
-0.1990 0.2051 0.5800
-0.0770 0.1696 0.6783
0.1568 0.3139 0.7800
0.3181 0.5081 0.8297
0.3486 0.5732 0.8227
0.3373 0.6020 0.7714
0.2784 0.5185 0.6985
0.2628 0.4814 0.6648
0.2342 0.4337 0.6160
0.1866 0.4022 0.5951
0.1823 0.4932 0.6026
0.1301 0.6384 0.6008
0.0375 0.5491 0.6114
-0.1523 0.2820 0.6929
-0.0359 0.4217 0.7713
0.1058 0.5444 0.7980
0.2908 0.6197 0.8680
0.2570 0.3994 0.9499
0.2358 0.2960 0.9877
0.3491 0.2878 1.0395
0.6278 0.5608 1.0794
0.7375 0.8061 1.1283
0.7514 1.2043 1.2439
0.5243 1.2025 1.3526
0.3868 1.0276 1.3905
0.1157 0.6600 1.4009
-0.0281 0.5095 1.3430
-0.0388 0.5439 1.3077
-0.0017 0.7107 1.2334
0.0704 0.8204 1.2226
0.1427 0.8997 1.2393
0.3617 1.1336 1.2666
0.5330 1.3102 1.2676
0.5519 1.3399 1.2581
0.4468 1.2905 1.2026
0.2619 1.1825 1.1040
0.1656 1.0907 1.0408
0.0479 0.8962 0.9706
0.0141 0.8049 0.9011
0.0199 0.8513 0.8545
0.0486 0.9911 0.7390
0.0616 1.0574 0.6958
0.1194 1.1043 0.6674
0.2444 1.0643 0.7093
0.3026 1.0227 0.7370
0.3561 0.9389 0.7592
0.3010 0.9624 0.7341
0.2410 0.9374 0.7101
0.0397 0.6194 0.6042
-0.2614 0.1178 0.3978
-0.3269 0.0511 0.3026
-0.1154 0.4492 0.2614
0.2594 1.1759 0.3113
0.3612 1.3499 0.3951
0.3277 1.2534 0.5751
0.1573 0.7392 0.6404
0.1295 0.5739 0.6511
0.1397 0.4532 0.5844
0.0336 0.3939 0.5373
-0.0765 0.3857 0.5004
-0.3226 0.2955 0.3786
-0.3172 0.4231 0.3297
-0.1719 0.5765 0.3502
0.2471 0.8539 0.5098
0.5374 0.8279 0.7494
0.5819 0.7168 0.8444
0.5441 0.5513 0.9321
0.4535 0.4850 0.8638
0.4013 0.5166 0.8217
0.2457 0.5973 0.7687
0.1531 0.6503 0.7723
0.0261 0.7848 0.8004
0.0319 0.8162 0.8095
0.0565 0.7671 0.8133
0.1008 0.7447 0.8267
0.1983 0.8133 0.8857
0.2408 0.6929 0.9931
0.3325 0.5324 1.0666
0.4068 0.5045 1.0588
0.5151 0.6098 0.9905
0.4927 0.7161 0.9383
0.4513 0.7618 0.9186
0.3028 0.7527 0.8381
0.2262 0.7482 0.8157
0.1090 0.7436 0.7344
0.0541 0.6255 0.6067
0.0422 0.5463 0.5469
0.0434 0.3581 0.4990
0.1629 0.2011 0.5477
0.2435 0.1833 0.5808
0.3287 0.1673 0.6428
0.2924 0.3111 0.6626
0.2535 0.4356 0.6415
0.1122 0.6107 0.6127
0.0055 0.5729 0.6490
0.0053 0.5101 0.6372
0.0998 0.4226 0.5838
0.2773 0.4490 0.5324
0.3333 0.4527 0.5072
0.3255 0.4370 0.4829
0.2091 0.4418 0.4531
0.1750 0.4564 0.4398
0.1675 0.5369 0.3961
0.1476 0.5652 0.3602
0.1265 0.5415 0.3556
0.0841 0.5088 0.3392
0.0510 0.5028 0.2842
0.0390 0.4644 0.2679
0.0338 0.4275 0.2653
-0.0018 0.4501 0.2997
-0.0127 0.5161 0.3367
-0.0302 0.5773 0.3763
-0.0490 0.5590 0.3878
-0.0971 0.4550 0.3650
-0.0822 0.4812 0.3122
-0.0568 0.5689 0.2848
-0.0419 0.6248 0.2274
-0.1429 0.5105 0.2000
-0.1963 0.5028 0.1820
-0.1899 0.6053 0.1037
-0.0924 0.5997 0.0496
-0.0655 0.5654 0.0522
-0.0871 0.5183 0.1013
-0.1482 0.4802 0.2002
-0.1698 0.4445 0.2521
-0.1894 0.3896 0.3413
-0.2174 0.3806 0.3781
-0.2028 0.4191 0.3923
-0.1063 0.5392 0.3445
0.0532 0.6551 0.3465
0.1164 0.6559 0.3856
0.1728 0.5455 0.5277
0.1180 0.4801 0.6330
0.0727 0.4899 0.6661
-0.0299 0.5445 0.6416
-0.1338 0.5237 0.6353
-0.1646 0.4903 0.6507
-0.1818 0.4467 0.6584
-0.1824 0.4608 0.6387
-0.1829 0.4801 0.5871
-0.1341 0.4956 0.5324
-0.0922 0.5082 0.5148
-0.0034 0.5220 0.4754
0.0454 0.5502 0.4379
0.0576 0.6105 0.4060
0.0451 0.6854 0.3503
0.0201 0.6932 0.3401
0.0176 0.7014 0.3461
-0.0119 0.7313 0.3652
-0.0838 0.7676 0.3738
-0.1286 0.7766 0.3634
-0.2050 0.8360 0.3516
-0.2785 0.9338 0.3713
-0.3005 0.9618 0.4027
-0.3190 0.9909 0.4687
-0.3376 0.9581 0.5065
-0.3427 0.9147 0.5180
-0.3383 0.8444 0.5435
-0.2802 0.7701 0.5706
-0.2515 0.7204 0.5960
-0.2375 0.6482 0.6567
-0.2572 0.6753 0.7234
-0.2736 0.6911 0.7552
-0.2833 0.6240 0.8359
-0.2739 0.5660 0.8708
-0.1966 0.5038 0.9310
-0.0273 0.4914 0.9436
0.0574 0.4892 0.9272
0.1093 0.4400 0.8705
0.0076 0.3923 0.8212
-0.0412 0.3658 0.7853
-0.0284 0.3550 0.6956
0.0316 0.2926 0.6073
0.0405 0.2465 0.5708
0.0129 0.2105 0.5034
-0.0498 0.2797 0.4105
-0.0781 0.3151 0.3776
-0.0843 0.3569 0.3425
0.0105 0.3664 0.3107
0.0511 0.3656 0.2855
0.0500 0.3630 0.2321
0.0057 0.3819 0.2125
-0.0130 0.3883 0.1977
-0.0507 0.3844 0.1581
-0.0780 0.3565 0.1205
-0.0859 0.3223 0.1054
-0.0991 0.3097 0.0798
-0.1592 0.3064 0.0204
-0.1811 0.3181 0.0048
-0.1587 0.3560 -0.0006
-0.1010 0.3591 0.0153
-0.0601 0.3427 0.0432
0.0734 0.3838 0.0951
0.1344 0.4380 0.1427
0.1681 0.3958 0.1746
0.0806 0.1468 0.1643
0.0193 0.0625 0.1189
0.0093 0.1160 -0.0068
0.1653 0.2552 -0.1576
0.2495 0.3008 -0.2238
0.2821 0.3048 -0.2610
0.2499 0.3734 -0.1056
0.2753 0.4461 -0.0030
0.4165 0.5844 0.2105
0.5155 0.6570 0.4129
0.4786 0.6281 0.4740
0.2382 0.3970 0.5231
-0.0864 0.1540 0.5615
-0.1917 0.1130 0.6033
-0.2294 0.1359 0.6696
-0.1499 0.2499 0.6832
-0.1079 0.3250 0.6824
0.0119 0.5066 0.6460
0.1619 0.6240 0.5950
0.2040 0.6502 0.5816
0.1843 0.5993 0.5989
0.0561 0.4811 0.6121
-0.0247 0.3498 0.6257
-0.1635 0.1183 0.6746
-0.2002 0.0536 0.6790
-0.1957 0.0420 0.6363
-0.1427 0.1081 0.5887
-0.1320 0.0998 0.5703
-0.1088 0.0903 0.5284
-0.0389 0.0505 0.4402
0.0235 0.0314 0.3841
0.1461 0.0273 0.2668
0.2306 0.0674 0.1914
0.2579 0.0668 0.1779
0.2735 0.0010 0.1686
0.2077 -0.0615 0.1289
0.1636 -0.0699 0.0981
0.1423 -0.0185 0.0277
0.2355 0.1412 0.0322
0.2597 0.1228 0.0281
0.1449 -0.1458 0.0217
-0.0212 -0.2901 0.0284
-0.0686 -0.3215 -0.0165
-0.1022 -0.4277 -0.1327
-0.1285 -0.5578 -0.2066
-0.0977 -0.5026 -0.2194
0.1099 -0.1924 -0.1604
0.4153 -0.1817 -0.1615
0.5135 -0.3584 -0.1864
0.4508 -0.8215 -0.2938
0.0589 -0.9780 -0.4993
-0.1722 -0.9704 -0.6097
-0.4748 -0.8119 -0.7418
-0.4609 -0.6548 -0.7673
-0.2834 -0.3651 -0.7807
-0.1386 -0.3036 -0.7162
-0.1059 -0.3589 -0.6907
-0.1102 -0.4842 -0.6961
-0.1387 -0.4586 -0.6653
-0.1645 -0.4125 -0.6460
-0.2374 -0.3811 -0.6107
-0.3288 -0.3926 -0.5921
-0.3996 -0.4174 -0.6027
-0.5338 -0.4257 -0.6128
-0.5780 -0.3297 -0.5997
-0.5259 -0.2587 -0.5704
-0.3479 -0.1483 -0.4753
-0.1233 -0.1037 -0.3199
-0.0380 -0.1153 -0.2549
0.0149 -0.1070 -0.1922
0.0177 -0.0175 -0.1821
0.0437 0.0306 -0.1779
0.1330 0.1044 -0.1205
0.1837 0.1086 -0.0170
0.1843 0.1127 0.0360
0.1647 0.2434 0.1004
0.0613 0.4583 0.1203
-0.0892 0.3661 0.0861
-0.4774 0.0972 0.0516
-0.5639 0.0941 0.0877
-0.3880 0.1417 0.1782
0.1879 0.5877 0.3346
0.5109 0.9093 0.3986
0.8747 1.2234 0.4935
0.6893 1.1591 0.5766
0.4133 0.9353 0.5718
-0.2336 0.2118 0.6084
-0.5978 -0.0999 0.7248
-0.6005 -0.0249 0.7616
-0.2153 0.3883 0.8036
0.3804 0.8843 0.7970
0.5871 1.0493 0.7905
0.5989 1.0827 0.7763
0.3018 0.8968 0.7538
0.1681 0.7894 0.7392
0.0734 0.6326 0.7291
0.1402 0.5859 0.7106
0.1801 0.5341 0.7075
0.2087 0.3818 0.6898
0.2238 0.2583 0.6088
0.2411 0.2203 0.5470
0.2415 0.1681 0.4275
0.1492 0.1435 0.3336
0.0991 0.1335 0.2819
0.0495 0.1260 0.1806
0.0288 0.0941 0.1355
-0.0555 -0.0514 0.1043
-0.2123 -0.2271 0.0919
-0.3135 -0.3063 0.0994
-0.4384 -0.3259 0.1766
-0.4920 -0.2851 0.1938
-0.5651 -0.3844 0.1574
-0.8049 -0.7570 0.0502
-0.8704 -0.9784 -0.1132
-0.7914 -1.0397 -0.2279
-0.4007 -0.8041 -0.4018
0.2616 -0.1340 -0.3281
0.5933 0.0492 -0.2854
0.9736 -0.0959 -0.2771
0.7632 -0.7486 -0.3932
0.4533 -1.1680 -0.5072
-0.4114 -1.5394 -0.7713
-0.9908 -1.1133 -1.0567
-0.9734 -0.7130 -1.1667
-0.4982 -0.1320 -1.2709
-0.0249 -0.1592 -1.2155
0.0985 -0.3437 -1.1262
0.1128 -0.6197 -0.9510
-0.0780 -0.6683 -0.8739
-0.2047 -0.5582 -0.8335
-0.4192 -0.2666 -0.7789
-0.4690 -0.1904 -0.7441
-0.4561 -0.2152 -0.6326
-0.4066 -0.3647 -0.5364
-0.4054 -0.3972 -0.4743
-0.4630 -0.2865 -0.3377
-0.4573 -0.0185 -0.2234
-0.4028 0.0523 -0.1697
-0.2459 0.0602 -0.0377
-0.0791 -0.0002 0.1275
0.0170 -0.0221 0.2146
0.1442 0.0388 0.2940
0.1969 0.1183 0.3133
0.1855 0.1264 0.3264
0.1407 0.2746 0.3577
0.0681 0.2990 0.3012
0.0391 0.3499 0.2726
0.0584 0.5343 0.2643
0.1481 0.4876 0.3538
0.2575 0.5094 0.4598
0.6171 0.8200 0.6746
0.9782 1.1801 0.8242
1.0750 1.2893 0.8791
0.8977 1.2055 1.0005
0.3005 0.6202 1.0976
-0.0422 0.2376 1.1481
-0.5981 -0.0975 1.1781
-0.7452 0.0583 1.1016
-0.5903 0.2734 1.0690
0.0296 0.8874 0.9654
0.3390 1.0970 0.9115
0.6238 1.2493 0.8858
0.4696 1.1425 0.8778
0.3505 1.0757 0.8432
0.1870 0.9290 0.7120
0.1502 0.8189 0.5761
0.1512 0.7474 0.5142
0.1659 0.6188 0.4015
0.2162 0.4245 0.3197
0.2449 0.4156 0.3068
0.2603 0.4681 0.1885
0.2398 0.5304 0.0872
0.2381 0.5542 0.0676
0.2107 0.5463 0.0495
0.0770 0.4356 0.0576
-0.0063 0.3357 0.0678
-0.1438 0.0694 0.0904
-0.2183 -0.2456 0.1674
-0.2117 -0.3310 0.2289
-0.2006 -0.4542 0.2231
-0.4583 -0.7545 -0.0188
-0.6151 -0.9090 -0.1769
-0.6921 -0.9794 -0.5183
-0.2830 -0.3872 -0.7181
0.0914 -0.0044 -0.7138
0.8782 0.3067 -0.4503
1.1410 0.1560 -0.3046
1.2344 -0.5729 -0.2038
0.7013 -1.5727 -0.4040
0.2665 -1.8953 -0.5436
-0.5032 -1.9200 -0.7865
-0.6791 -1.2535 -0.9632
-0.5093 -0.8308 -0.9722
-0.0175 -0.0841 -0.8780
0.1760 0.1312 -0.7420
0.1337 0.1200 -0.6655
-0.1158 -0.0608 -0.4710
-0.4679 -0.2678 -0.2654
-0.6268 -0.3025 -0.1920
-0.8819 -0.2986 -0.1228
-1.0081 -0.2072 -0.1777
-1.0252 -0.1496 -0.2403
-1.0151 -0.1134 -0.3386
-0.9318 -0.0671 -0.3062
-0.8100 0.0020 -0.2475
-0.3912 0.1604 -0.1127
0.0747 0.2235 0.0453
0.2655 0.2330 0.1216
0.4991 0.2923 0.1969
0.5549 0.4987 0.1930
0.5433 0.5502 0.1719
0.4768 0.6097 0.1434
0.3874 0.7672 0.1697
0.3242 0.9173 0.2316
0.0036 1.1915 0.4790
-0.3378 1.1900 0.6658
-1.3319 1.2611 1.1035
-2.0249 0.9534 1.4909
-1.9046 0.7504 1.5031
-1.5769 0.5531 1.1864
-0.9334 0.3635 1.2019
-0.5083 0.4773 1.4307
0.4035 0.9611 2.0919
1.2432 1.2901 2.7948
1.5864 1.3343 3.0778
2.0626 1.1355 3.3378
0.7062 0.3691 2.2654
0.0445 -0.1470 1.9868
-0.7420 -0.2766 1.4273
-0.4623 0.4817 1.4747
-0.0765 0.8934 1.5945
0.6565 1.3662 1.7926
0.9085 1.3957 1.9159
0.8778 1.3135 1.9289
0.6978 1.1953 1.8492
0.5363 1.1376 1.6643
0.4829 1.1067 1.5660
0.4156 0.9566 1.3958
0.3582 0.7460 1.2565
0.3295 0.6871 1.2048
0.2827 0.7870 1.1274
0.2473 0.9070 1.0772
0.1699 1.0810 0.9916
0.0734 1.0940 0.8686
0.0285 1.0653 0.7989
-0.0180 0.9539 0.6939
0.0064 0.8380 0.6515
0.0546 0.8435 0.6634
-0.0028 0.8040 0.6325
-0.6040 0.2101 0.2626
-0.9518 -0.0338 0.0211
-1.1604 0.1359 -0.2962
-0.3879 0.9542 -0.1001
0.1683 1.3453 0.2105
0.8878 1.3826 0.9436
0.8229 0.7345 1.3037
0.5314 0.3758 1.2743
-0.4331 -0.1656 0.8651
-1.2636 -0.0436 0.4163
-1.4246 0.1745 0.2975
-1.1596 0.5252 0.3368
-0.4835 0.6383 0.6130
-0.1932 0.5164 0.7613
0.1051 0.1589 1.0109
0.0838 0.0550 1.0825
0.0718 0.1896 1.0752
0.0134 0.5369 1.0161
-0.1131 0.5469 1.0006
-0.1646 0.4518 1.0016
-0.2095 0.2908 0.9573
-0.1716 0.2601 0.9628
0.0294 0.3544 1.0172
0.2879 0.6330 1.1668
0.3749 0.7282 1.2579
0.4649 0.8152 1.4486
0.4829 0.8685 1.4657
0.4713 0.8956 1.3949
0.3993 0.9338 1.2184
0.3081 0.9184 1.1275
0.2574 0.9593 1.1099
0.0977 1.0167 1.0740
-0.0585 1.0493 1.0533
-0.0953 1.0428 1.0470
-0.0772 1.0560 1.0810
0.0421 1.1143 1.1830
0.1222 1.1253 1.2363
0.2171 1.0871 1.3223
0.1373 0.8908 1.3640
0.0191 0.7490 1.3357
-0.3282 0.5054 1.1656
-0.5643 0.4943 0.9572
-0.5246 0.6107 0.8737
-0.0382 0.9731 0.8296
0.2967 1.0963 0.8805
0.7089 0.9827 0.9926
0.6963 0.7476 1.0415
0.5859 0.6307 1.0246
0.2274 0.4522 0.9337
-0.1406 0.3791 0.8206
-0.2466 0.3446 0.7361
-0.3077 0.3101 0.5087
-0.2728 0.3394 0.3347
-0.2033 0.3638 0.3015
0.0207 0.4643 0.2756
0.3022 0.6011 0.2653
0.4168 0.6256 0.2506
0.5264 0.6090 0.2285
0.4437 0.6115 0.1902
0.2937 0.5921 0.1536
-0.1309 0.4574 0.0875
-0.3534 0.3645 0.0814
-0.3398 0.3490 0.0757
-0.1812 0.3021 0.0961
0.0094 0.1412 0.1610
0.0620 0.0810 0.1668
0.0523 0.0040 0.1179
0.0107 0.1544 0.0637
-0.0294 0.2132 0.0362
-0.1371 0.2212 0.0337
-0.1696 0.2047 0.0966
-0.1115 0.2443 0.1512
0.2214 0.3800 0.3481
0.4310 0.3889 0.4681
0.7252 0.2547 0.6720
0.7517 0.0763 0.8109
0.6406 0.0490 0.8394
0.2222 -0.0304 0.7987
-0.1629 -0.0636 0.7114
-0.2423 -0.1089 0.6499
-0.1855 -0.1615 0.5040
0.0599 -0.0899 0.3468
0.1881 -0.0304 0.2567
0.3205 0.0798 0.0915
0.2124 0.1754 -0.0005
0.0674 0.2222 -0.0043
-0.2176 0.3211 0.0551
-0.3111 0.3969 0.1314
-0.3101 0.4757 0.1460
-0.2764 0.6973 0.2530
-0.2211 0.8626 0.4918
-0.1664 0.7959 0.6473
-0.0012 0.4885 0.9184
0.1254 0.1406 1.0040
0.1555 0.0562 0.9588
0.1269 0.0698 0.7230
0.0683 0.0836 0.5038
0.0377 0.0836 0.4279
0.0145 0.0824 0.2756
0.1213 0.3100 0.0919
0.1665 0.4195 -0.0287
0.2072 0.5074 -0.1551
0.2008 0.5199 -0.1417
0.1303 0.4820 -0.0410
0.0092 0.6200 0.0736
-0.0975 0.8009 0.1072
-0.4300 1.0448 0.1287
-0.6876 0.8426 0.1165
-0.6958 0.6310 0.1121
-0.3650 0.2639 0.2029
0.2196 0.0241 0.4549
0.4602 0.0825 0.5654
0.6640 0.2531 0.6888
0.5449 0.3830 0.6963
0.4643 0.3993 0.6785
0.3748 0.3514 0.6160
0.3018 0.2696 0.4896
0.2690 0.2408 0.4146
0.2030 0.2053 0.2613
0.1279 0.2365 0.1836
0.0761 0.2091 0.1842
-0.0571 0.0786 0.1750
-0.1545 -0.0176 0.1410
-0.1745 0.0074 0.1155
-0.2083 0.0578 0.0583
-0.2834 0.0381 0.0186
-0.3344 0.0289 0.0018
-0.4510 0.0063 -0.0051
-0.5062 -0.0096 -0.0002
-0.5257 -0.0384 0.0211
-0.5881 0.2251 -0.0317
-0.4766 0.8120 -0.1621
-0.4865 0.8002 -0.2553
-0.2819 0.6677 -0.1138
-0.1345 0.5337 -0.0288
0.1294 0.4796 0.0501
0.3622 0.3446 0.0301
0.4478 0.3393 0.0123
0.5108 0.1408 -0.0777
0.6059 -0.0667 -0.1217
0.6765 -0.1067 -0.1033
0.8133 -0.1124 0.0352
0.9414 -0.2292 0.2006
0.9933 -0.3444 0.2622
1.0672 -0.6324 0.3750
1.0405 -0.8203 0.4365
0.9965 -0.9334 0.4253
0.9226 -1.1485 0.3633
0.9765 -1.0982 0.2497
1.0423 -0.9677 0.1895
1.1084 -0.7294 0.1693
0.8465 -0.7357 0.3133
0.7050 -0.7332 0.3860
0.5807 -0.6406 0.2907
0.6470 -0.4921 0.1862
0.8214 -0.1932 -0.0093
0.8167 -0.1118 -0.0946
0.7032 -0.0821 -0.1083
0.3087 0.0796 -0.1844
-0.1666 0.3480 -0.3288
-0.3812 0.3407 -0.3663
-0.5416 0.2052 -0.3047
-0.5277 0.1137 -0.2520
-0.5149 0.0784 -0.2187
-0.4712 0.0196 -0.1036
-0.5428 -0.0562 -0.0515
-0.5843 -0.0945 -0.0233
-0.5419 -0.2611 -0.0185
-0.2663 -0.4271 -0.0990
-0.0728 -0.4137 -0.1638
0.1574 -0.3009 -0.3370
0.2096 -0.1696 -0.4113
0.2268 -0.0932 -0.4136
0.2438 0.2067 -0.3913
0.1708 0.3703 -0.3560
0.1437 0.3791 -0.3129
0.1160 0.2804 -0.2771
0.0673 0.0901 -0.2700
0.0449 0.0073 -0.2360
-0.0423 -0.0936 -0.1773
-0.0878 -0.1157 -0.2192
-0.1202 0.0468 -0.1620
-0.1423 0.1091 -0.0483
-0.1800 -0.0220 -0.0162
-0.0945 -0.1969 0.0744
0.0628 -0.3423 0.0952
0.0934 -0.3282 0.1689
0.0723 -0.3852 0.3860
0.0294 -0.2367 0.6239
0.0301 -0.0955 0.6398
0.1702 0.1332 0.3727
0.3614 0.3183 0.0988
0.3385 0.2604 0.0681
0.1947 -0.0002 0.0862
0.1202 -0.1754 0.0510
0.1585 -0.1830 0.0509
0.2392 -0.0423 0.0335
0.1850 0.0922 -0.0251
0.1202 0.1285 -0.0581
0.0390 0.1410 -0.0705
0.1661 0.1452 -0.0538
0.2704 0.1549 -0.0533
0.3665 0.2673 -0.0480
0.1710 0.2857 0.0130
0.0355 0.2847 0.0640
-0.0782 0.3004 0.1487
0.0380 0.3118 0.1542
0.0989 0.3065 0.1453
0.1518 0.2714 0.1644
0.1359 0.2387 0.1743
0.0864 0.2002 0.1498
0.1126 0.1777 0.1313
0.1655 0.1858 0.1199
0.1993 0.1610 0.0535
0.1401 0.0784 0.0369
0.1230 0.0194 0.0340
0.0938 0.0395 0.0450
0.0748 0.1265 0.0511
0.0870 0.1535 0.0562
0.0829 0.1307 0.0353
0.0655 0.0347 0.0214
0.0729 -0.0098 -0.0037
0.1158 0.0395 -0.0379
0.0997 0.0631 -0.0349
0.0938 0.0610 -0.0176
0.0951 0.0965 -0.0286
0.1236 0.1253 -0.0139
0.1444 0.1365 0.0024
0.1726 0.1445 0.0305
0.1621 0.1186 0.0241
0.1363 0.1063 0.0173
0.0623 0.0911 0.0172
0.0339 0.0512 0.0325
0.0703 0.0292 0.0404
0.1590 0.0548 0.0171
0.1533 0.0709 0.0092
0.0930 0.0549 0.0369
0.1200 0.0019 0.0360
0.1423 -0.0098 0.0132
0.1239 -0.0234 -0.0188
0.0537 -0.0411 -0.0223
0.0298 -0.0340 -0.0148
0.0183 -0.0144 0.0125
0.0627 -0.0431 0.0376
0.0942 -0.0392 0.0302
0.0896 -0.0444 -0.0033
0.0430 -0.0415 0.0076
0.0167 -0.0449 0.0144
0.0281 -0.0489 0.0171
0.0827 -0.0462 -0.0003
0.1054 -0.0362 -0.0095
0.0896 -0.0345 -0.0192
0.0282 -0.0544 -0.0017
0.0231 -0.0383 0.0068
0.0091 0.0018 -0.0111
-0.0292 -0.0033 0.0018
-0.0228 -0.0009 0.0090
0.0518 -0.0019 0.0205
0.0856 0.0086 0.0087
0.0553 0.0021 0.0145
-0.0072 -0.0116 0.0235
0.0376 0.0241 0.0111
0.0816 0.0260 -0.0070
0.1185 0.0072 -0.0152
0.1073 -0.0001 -0.0221
0.0609 -0.0675 -0.0229
0.0918 -0.0592 -0.0301
0.1205 -0.0443 -0.0301
0.1439 0.0034 -0.0365
0.1357 0.0115 -0.0362
0.1361 -0.0159 -0.0391
0.1422 -0.0248 -0.0358
0.1421 -0.0267 -0.0240
0.1429 -0.0177 -0.0329
0.0983 -0.0151 -0.0497
0.0751 0.0091 -0.0227
0.0722 0.0317 -0.0205
0.0982 0.0363 -0.0040
0.1061 -0.0173 -0.0264
0.0971 -0.0460 -0.0228
0.0608 -0.0673 -0.0277
0.0385 -0.0546 -0.0151
0.0413 -0.0354 -0.0122
0.0611 0.0066 -0.0221
0.0549 -0.0283 -0.0058
0.0546 -0.0299 -0.0005
0.0639 -0.0095 -0.0166
0.0730 -0.0228 -0.0123
0.0628 -0.0186 -0.0109
0.0228 0.0002 -0.0044
0.0237 0.0078 0.0005
0.0875 -0.0085 -0.0057
0.1291 -0.0202 -0.0114
0.1065 -0.0256 -0.0133
0.0471 -0.0589 -0.0008
0.0662 -0.0662 0.0030
0.0896 -0.0470 -0.0019
0.0789 0.0200 0.0143
0.0579 0.0378 0.0213
0.0632 0.0142 0.0083
0.0862 -0.0249 -0.0186
0.0681 0.0002 -0.0125
0.0523 0.0062 0.0035
0.0399 -0.0004 0.0307
0.0649 0.0090 0.0149
0.0769 0.0116 0.0112
0.0620 0.0167 0.0041
0.0175 -0.0072 0.0036
0.0065 -0.0155 0.0133
0.0402 0.0079 0.0244
0.0703 0.0201 0.0112
0.0636 0.0049 0.0042
0.0374 -0.0190 0.0035
0.0134 0.0043 -0.0039
0.0076 0.0108 -0.0030
0.0118 -0.0167 0.0160
0.0109 -0.0381 0.0237
0.0253 -0.0174 0.0277
0.0166 -0.0017 0.0133
0.0035 0.0067 0.0151
-0.0114 0.0212 0.0220
0.0192 0.0124 -0.0049
0.0375 -0.0058 -0.0110
0.0366 -0.0165 -0.0008
0.0079 0.0169 0.0036
0.0173 0.0171 0.0114
0.0574 -0.0105 -0.0127
0.0597 -0.0186 -0.0172
0.0394 -0.0119 -0.0087
-0.0004 -0.0112 0.0218
0.0215 -0.0262 0.0028
0.0431 -0.0205 -0.0043
0.0410 -0.0098 0.0004
0.0013 -0.0055 0.0333
0.0006 -0.0035 0.0397
0.0239 -0.0141 0.0197
-0.0154 -0.0494 0.0198
-0.0498 -0.0495 0.0105
-0.0123 -0.0096 -0.0055
0.0139 0.0131 -0.0146
0.0408 0.0139 -0.0030
0.0506 -0.0045 0.0035
0.0557 -0.0094 0.0056
0.0428 0.0175 0.0098
0.0199 0.0208 0.0062
-0.0120 0.0332 0.0101
0.0206 0.0161 0.0071
0.0335 0.0188 0.0128
0.0603 -0.0272 0.0114
0.0613 -0.0289 -0.0198
0.0376 0.0007 -0.0190
0.0153 0.0516 0.0042
0.0398 0.0641 0.0257
0.0514 0.0342 0.0210
0.0281 -0.0169 0.0087
-0.0351 0.0246 0.0090
-0.0336 0.0533 0.0247
0.0243 0.0228 0.0146
-0.0114 0.0823 0.0102
-0.0400 0.1069 0.0067
-0.0403 0.0391 0.0083
-0.0352 -0.0213 0.0101
-0.0267 -0.0322 0.0015
-0.0087 -0.0360 -0.0162
-0.0166 -0.0027 -0.0125
-0.0347 0.0078 -0.0073
-0.0594 0.0250 -0.0115
-0.0537 -0.0178 -0.0183
-0.0474 -0.0268 -0.0210
-0.0737 -0.0264 -0.0202
-0.0880 -0.0314 -0.0009
-0.0674 -0.0346 0.0122
-0.0459 0.0001 0.0069
-0.0350 -0.0062 0.0119
-0.0305 -0.0201 0.0149
-0.0212 -0.0316 0.0024
-0.0156 -0.0388 0.0170
-0.0195 -0.0092 -0.0129
-0.0348 0.0010 -0.0185
-0.0357 -0.0039 -0.0145
-0.0045 -0.0068 -0.0217
0.0095 -0.0046 -0.0323
0.0054 -0.0064 -0.0291
0.0073 -0.0164 -0.0203
-0.0015 -0.0330 -0.0090
-0.0147 -0.0356 -0.0143
-0.0153 -0.0179 -0.0138
0.0188 -0.0163 -0.0202
0.0299 0.0000 -0.0303
0.0302 -0.0065 -0.0215
0.0289 0.0005 -0.0149
0.0267 0.0111 -0.0219
0.0135 0.0255 -0.0211
-0.0152 0.0685 -0.0025
-0.0261 0.0590 0.0159
-0.0048 0.0783 0.0279
0.0082 0.1134 0.0180
0.0304 0.1442 -0.0693
-0.1540 -0.0271 0.0684
-0.1760 -0.0863 0.0796
0.0391 -0.0093 -0.0055

