0.0000 0.0000 0.0000
0.0000 0.0000 0.0000
0.0000 0.0000 0.0000
0.0000 0.0000 0.0000
0.0000 0.0000 0.0000
0.0000 0.0000 0.0000
0.0000 0.0000 0.0000
0.0000 0.0000 0.0000
0.0000 0.0000 0.0000
0.0000 0.0000 0.0000
0.0000 0.0000 0.0000
0.0000 0.0000 0.0000
-0.1702 -0.2736 -0.4649
-0.1125 -0.2983 -0.6639
-0.0728 -0.2614 -0.9918
-0.0943 -0.1366 -1.2832
-0.0943 -0.1366 -1.2832
-0.1359 -0.0072 -1.3162
-0.2685 -0.1365 -0.9708
-0.2731 -0.1907 -0.8921
-0.2604 -0.1850 -0.8992
-0.2604 -0.1850 -0.8992
-0.2652 -0.1940 -0.8965
-0.2887 -0.2290 -0.8857
-0.2967 -0.2536 -0.8812
-0.3082 -0.2703 -0.9010
-0.3215 -0.2694 -0.9418
-0.3215 -0.2694 -0.9418
-0.3247 -0.2746 -1.0081
-0.3301 -0.2957 -1.0671
-0.3158 -0.2915 -1.1457
-0.2908 -0.2591 -1.1458
-0.2898 -0.2399 -1.0749
-0.2898 -0.2399 -1.0749
-0.3049 -0.2073 -0.9894
-0.3326 -0.1752 -0.9639
-0.3605 -0.1791 -0.9414
-0.3612 -0.1729 -0.9302
-0.3612 -0.1729 -0.9302
-0.3878 -0.1580 -0.8733
-0.4065 -0.1623 -0.8218
-0.3963 -0.2134 -0.8430
-0.3477 -0.2683 -0.9536
-0.2751 -0.3016 -1.0764
-0.2751 -0.3016 -1.0764
-0.2102 -0.2844 -1.1629
-0.2056 -0.2771 -1.1430
-0.2020 -0.2559 -1.1325
-0.2101 -0.2299 -1.0636
-0.2438 -0.2409 -0.9569
-0.2438 -0.2409 -0.9569
-0.2371 -0.2955 -0.9160
-0.2450 -0.2681 -0.9408
-0.1138 -0.4432 -1.0175
-0.1728 -0.3900 -1.0177
-0.2349 -0.2840 -1.1088
-0.2349 -0.2840 -1.1088
-0.1870 -0.3357 -0.9930
-0.2910 -0.4846 -0.8541
-0.2589 -0.5750 -0.9069
-0.1897 -0.4181 -0.9836
-0.1897 -0.4181 -0.9836
-0.0456 -0.4333 -1.0546
-0.0361 -0.5771 -0.9817
0.0387 -0.6804 -0.8772
0.0821 -0.6894 -0.8042
0.1016 -0.6293 -0.7322
0.1016 -0.6293 -0.7322
0.1219 -0.6055 -0.7016
0.1026 -0.5872 -0.6360
0.5130 -0.9182 -0.5896
0.5762 -1.4931 -0.8550
-0.0075 -0.5261 -0.7368
-0.0075 -0.5261 -0.7368
0.0865 -0.2458 -0.7210
-0.0507 -0.4408 -0.8201
-0.0376 -0.6260 -0.9499
0.0383 -0.6325 -0.9809
0.0114 -0.5837 -0.9472
0.0114 -0.5837 -0.9472
0.0574 -0.6423 -0.8317
0.0426 -0.6224 -0.8515
-0.0155 -0.5063 -0.6953
-0.0072 -0.5359 -0.5235
0.0035 -0.6013 -0.4269
0.0035 -0.6013 -0.4269
0.0247 -0.5331 -0.6427
-0.0173 -0.5119 -0.6189
-0.0499 -0.5463 -0.6140
-0.0418 -0.5721 -0.7582
-0.0418 -0.5721 -0.7582
-0.0132 -0.5873 -0.7085
0.0109 -0.6031 -0.6219
-0.0138 -0.6092 -0.5772
-0.0653 -0.6428 -0.5558
-0.1107 -0.6648 -0.6178
-0.1107 -0.6648 -0.6178
-0.0841 -0.6514 -0.6347
-0.0548 -0.6446 -0.6199
-0.0711 -0.6792 -0.6016
-0.0995 -0.7086 -0.5959
-0.0876 -0.7061 -0.5943
-0.0876 -0.7061 -0.5943
-0.0730 -0.7159 -0.6008
-0.0942 -0.7222 -0.6002
-0.1093 -0.7499 -0.5880
-0.0945 -0.7509 -0.6108
-0.0817 -0.7369 -0.6084
-0.0817 -0.7369 -0.6084
-0.0631 -0.7554 -0.5803
-0.0575 -0.7642 -0.5956
-0.0530 -0.7524 -0.6066
-0.0601 -0.7555 -0.6038
-0.0592 -0.7788 -0.6067
-0.0592 -0.7788 -0.6067
-0.0831 -0.7905 -0.5494
-0.0641 -0.7846 -0.6370
-0.0637 -0.8026 -0.5849
-0.0566 -0.8425 -0.5762
-0.0566 -0.8425 -0.5762
-0.0579 -0.8297 -0.6334
-0.0607 -0.8405 -0.6239
-0.0604 -0.8676 -0.5659
-0.0616 -0.8921 -0.5533
-0.0472 -0.8642 -0.6770
-0.0472 -0.8642 -0.6770
-0.0541 -0.8945 -0.5902
-0.0652 -0.9401 -0.6017
-0.0711 -0.9294 -0.5788
-0.0408 -0.9238 -0.5997
-0.0517 -0.9146 -0.6479
-0.0517 -0.9146 -0.6479
-0.0474 -0.9045 -0.6584
-0.0391 -0.8969 -0.6234
-0.0293 -0.8606 -0.5767
-0.0110 -0.8760 -0.5232
-0.0131 -0.8160 -0.5179
-0.0131 -0.8160 -0.5179
-0.0040 -0.7612 -0.5206
0.0112 -0.7532 -0.5366
0.0052 -0.7388 -0.5444
0.0163 -0.7150 -0.5434
0.0214 -0.7140 -0.5233
0.0214 -0.7140 -0.5233
-0.0021 -0.7240 -0.5094
0.0148 -0.7141 -0.5181
0.0253 -0.6823 -0.5621
0.0493 -0.7039 -0.6219
0.0493 -0.7039 -0.6219
0.0636 -0.6640 -0.6271
0.0403 -0.6555 -0.5871
0.0087 -0.6996 -0.5876
-0.0263 -0.6827 -0.6005
-0.0310 -0.6933 -0.6513
-0.0310 -0.6933 -0.6513
-0.0156 -0.6977 -0.6455
-0.0150 -0.7113 -0.6011
-0.0190 -0.7144 -0.5417
-0.0454 -0.7236 -0.5936
-0.0358 -0.7545 -0.5519
-0.0358 -0.7545 -0.5519
-0.0445 -0.7636 -0.5947
-0.0479 -0.8062 -0.6056
-0.0425 -0.7938 -0.5560
-0.0311 -0.7775 -0.5204
-0.0164 -0.7733 -0.5903
-0.0164 -0.7733 -0.5903
-0.0135 -0.7782 -0.6344
0.0002 -0.7757 -0.6275
-0.0020 -0.7741 -0.6252
-0.0068 -0.7840 -0.6089
-0.0068 -0.7840 -0.6089
-0.0024 -0.7953 -0.5988
-0.0071 -0.8050 -0.5743
0.0016 -0.8026 -0.5795
0.0139 -0.8030 -0.5988
0.0025 -0.8033 -0.5911
0.0025 -0.8033 -0.5911
-0.0090 -0.8159 -0.5845
-0.0109 -0.8087 -0.5919
0.0048 -0.8043 -0.5999
0.0081 -0.7900 -0.6043
0.0018 -0.7933 -0.5976
0.0018 -0.7933 -0.5976
-0.0087 -0.7852 -0.5951
-0.0018 -0.7805 -0.5999
-0.0024 -0.7840 -0.6001
0.0021 -0.7821 -0.5824
0.0062 -0.7861 -0.5840
0.0062 -0.7861 -0.5840
-0.0013 -0.7852 -0.5849
-0.0016 -0.7749 -0.5947
-0.0034 -0.7780 -0.6028
-0.0006 -0.7935 -0.5902
0.0108 -0.7993 -0.5922
0.0108 -0.7993 -0.5922
0.0177 -0.7923 -0.6015
0.0203 -0.7868 -0.6129
0.0232 -0.7902 -0.6102
0.0154 -0.7882 -0.6225
0.0154 -0.7882 -0.6225
0.0074 -0.7830 -0.6099
0.0067 -0.7904 -0.6004
0.0104 -0.7950 -0.5885
0.0118 -0.7911 -0.6015
0.0138 -0.7779 -0.6098
0.0138 -0.7779 -0.6098
0.0248 -0.7818 -0.6054
0.0181 -0.7854 -0.5993
0.0107 -0.7887 -0.6117
0.0075 -0.7818 -0.6075
0.0113 -0.7814 -0.5814
0.0113 -0.7814 -0.5814
0.0038 -0.7975 -0.5879
0.0178 -0.7806 -0.6007
0.0187 -0.7868 -0.6144
0.0102 -0.7839 -0.6073
0.0024 -0.7770 -0.6063
0.0024 -0.7770 -0.6063
0.0047 -0.7805 -0.6045
0.0107 -0.7765 -0.5967
0.0100 -0.7809 -0.6109
0.0095 -0.7745 -0.6084
0.0084 -0.7664 -0.5914
0.0084 -0.7664 -0.5914
0.0075 -0.7665 -0.5833
0.0108 -0.7681 -0.5925
0.0117 -0.7839 -0.5895
0.0034 -0.7803 -0.6053
0.0034 -0.7803 -0.6053
0.0007 -0.7809 -0.5999
0.0122 -0.7921 -0.5991
0.0150 -0.7815 -0.6091
0.0118 -0.7697 -0.6223
0.0146 -0.7895 -0.6233
0.0146 -0.7895 -0.6233
0.0039 -0.7867 -0.6266
-0.0024 -0.7861 -0.6264
0.0000 -0.7995 -0.6115
0.0073 -0.8084 -0.6083
0.0123 -0.7971 -0.6282
0.0123 -0.7971 -0.6282
0.0071 -0.8002 -0.6228
0.0150 -0.8204 -0.6003
0.0108 -0.8295 -0.5729
0.0249 -0.8208 -0.5726
0.0327 -0.8316 -0.6025
0.0327 -0.8316 -0.6025
0.0340 -0.8450 -0.5877
0.0232 -0.8739 -0.5703
0.0201 -0.8805 -0.5833
0.0196 -0.8681 -0.6026
0.0091 -0.8467 -0.6066
0.0091 -0.8467 -0.6066
0.0033 -0.8485 -0.6385
0.0223 -0.8387 -0.6817
0.0474 -0.7964 -0.7214
0.0587 -0.7460 -0.7625
0.0587 -0.7460 -0.7625
0.0435 -0.7025 -0.7679
0.0137 -0.6438 -0.7826
-0.0154 -0.6040 -0.7671
-0.0316 -0.5867 -0.7301
-0.0470 -0.5589 -0.7277
-0.0470 -0.5589 -0.7277
-0.0454 -0.5317 -0.7184
-0.0404 -0.5255 -0.7435
-0.0492 -0.5457 -0.7509
-0.0734 -0.5658 -0.7306
-0.0754 -0.5900 -0.6952
-0.0754 -0.5900 -0.6952
-0.0607 -0.6227 -0.6750
-0.0453 -0.6210 -0.6627
-0.0434 -0.6401 -0.6586
-0.0262 -0.6452 -0.6627
-0.0139 -0.6553 -0.6732
-0.0139 -0.6553 -0.6732
-0.0243 -0.6942 -0.6690
-0.0371 -0.6977 -0.6657
-0.0319 -0.6929 -0.6550
-0.0314 -0.7019 -0.6745
-0.0399 -0.7008 -0.6842
-0.0399 -0.7008 -0.6842
-0.0363 -0.7066 -0.6843
-0.0441 -0.7114 -0.6865
-0.0453 -0.7250 -0.6810
-0.0275 -0.7206 -0.6800
-0.0275 -0.7206 -0.6800
-0.0170 -0.7034 -0.6817
-0.0145 -0.7047 -0.7124
-0.0208 -0.6920 -0.7000
-0.0278 -0.6872 -0.6792
-0.0291 -0.7008 -0.6810
-0.0291 -0.7008 -0.6810
-0.0231 -0.6982 -0.6846
-0.0243 -0.6646 -0.6908
-0.0222 -0.6253 -0.6945
-0.0399 -0.5950 -0.6970
-0.0770 -0.5713 -0.6982
-0.0770 -0.5713 -0.6982
-0.0945 -0.5507 -0.6932
-0.0856 -0.5307 -0.6822
-0.0884 -0.4840 -0.6606
-0.0849 -0.4493 -0.6675
-0.0560 -0.4803 -0.6463
-0.0560 -0.4803 -0.6463
-0.0120 -0.5477 -0.6696
-0.0097 -0.5804 -0.6435
-0.0423 -0.5768 -0.5983
-0.0243 -0.6665 -0.6280
-0.0243 -0.6665 -0.6280
0.0001 -0.7222 -0.6378
-0.0653 -0.7136 -0.5901
-0.0571 -0.7936 -0.5895
0.0376 -0.8331 -0.6247
0.0610 -0.7968 -0.6342
0.0610 -0.7968 -0.6342
0.0889 -0.7614 -0.6290
0.0880 -0.7871 -0.6141
0.0198 -0.9178 -0.6037
-0.0015 -0.9022 -0.5790
0.0130 -0.8723 -0.5681
0.0130 -0.8723 -0.5681
0.0155 -0.8629 -0.6427
0.0230 -0.8903 -0.6647
0.0122 -0.8763 -0.6449
0.0276 -0.8637 -0.6199
0.0629 -0.8688 -0.6567
0.0629 -0.8688 -0.6567
0.0521 -0.8931 -0.6659
-0.0009 -0.8741 -0.6368
-0.0067 -0.8820 -0.6739
0.0188 -0.8680 -0.7086
0.0475 -0.8577 -0.6888
0.0475 -0.8577 -0.6888
0.0401 -0.8378 -0.6533
0.0301 -0.8177 -0.6461
0.0388 -0.7924 -0.6565
0.0584 -0.7900 -0.6658
0.0584 -0.7900 -0.6658
0.0532 -0.7843 -0.6652
0.0302 -0.7852 -0.6337
0.0244 -0.7999 -0.6301
0.0216 -0.8059 -0.6419
0.0273 -0.8033 -0.6279
0.0273 -0.8033 -0.6279
0.0326 -0.8020 -0.6196
0.0196 -0.7993 -0.6086
0.0077 -0.8152 -0.6187
0.0031 -0.8090 -0.6037
-0.0102 -0.8116 -0.5986
-0.0188 -0.8141 -0.5887
-0.0116 -0.8222 -0.5779
-0.0125 -0.8150 -0.5723
-0.0237 -0.8058 -0.5571
-0.0175 -0.8029 -0.5446
-0.0175 -0.8029 -0.5446
-0.0040 -0.8105 -0.5638
0.0050 -0.8112 -0.5555
-0.0046 -0.8036 -0.5468
-0.0089 -0.8100 -0.5397
0.0000 -0.8145 -0.5401
0.0000 -0.8145 -0.5401
0.0046 -0.8197 -0.5262
0.0065 -0.8227 -0.5120
-0.0009 -0.8227 -0.5153
-0.0013 -0.8204 -0.5144
-0.0013 -0.8204 -0.5144
-0.0072 -0.8239 -0.5094
-0.0083 -0.8265 -0.5050
-0.0065 -0.8316 -0.5087
-0.0051 -0.8299 -0.5224
-0.0069 -0.8321 -0.5426
-0.0069 -0.8321 -0.5426
-0.0181 -0.8314 -0.5336
-0.0197 -0.8292 -0.5294
-0.0129 -0.8300 -0.5418
-0.0216 -0.8309 -0.5594
-0.0138 -0.8273 -0.5469
-0.0138 -0.8273 -0.5469
-0.0095 -0.8257 -0.5395
-0.0184 -0.8297 -0.5436
-0.0201 -0.8327 -0.5460
-0.0080 -0.8222 -0.5453
-0.0134 -0.8225 -0.5313
-0.0134 -0.8225 -0.5313
-0.0133 -0.8337 -0.5265
-0.0074 -0.8337 -0.5311
-0.0098 -0.8313 -0.5242
-0.0069 -0.8382 -0.5311
-0.0069 -0.8382 -0.5311
-0.0038 -0.8324 -0.5277
-0.0045 -0.8251 -0.5323
-0.0072 -0.8346 -0.5372
-0.0044 -0.8358 -0.5374
0.0032 -0.8329 -0.5438
0.0032 -0.8329 -0.5438
-0.0057 -0.8263 -0.5232
-0.0096 -0.8307 -0.5190
-0.0064 -0.8307 -0.5310
-0.0010 -0.8247 -0.5386
-0.0009 -0.8284 -0.5352
-0.0009 -0.8284 -0.5352
-0.0057 -0.8300 -0.5420
-0.0011 -0.8240 -0.5321
0.0061 -0.8284 -0.5310
-0.0017 -0.8365 -0.5183
0.0004 -0.8387 -0.5103
0.0004 -0.8387 -0.5103
0.0140 -0.8414 -0.5166
0.0128 -0.8360 -0.5181
0.0052 -0.8344 -0.5248
0.0017 -0.8323 -0.5280
0.0021 -0.8397 -0.5388
0.0021 -0.8397 -0.5388
0.0078 -0.8400 -0.5376
0.0114 -0.8343 -0.5281
0.0049 -0.8290 -0.5247
0.0058 -0.8330 -0.5270
0.0058 -0.8330 -0.5270
0.0064 -0.8406 -0.5155
0.0129 -0.8477 -0.5122
0.0109 -0.8321 -0.5269
0.0092 -0.8383 -0.5295
0.0040 -0.8434 -0.5224
0.0040 -0.8434 -0.5224
0.0055 -0.8403 -0.5244
-0.0026 -0.8342 -0.5254
0.0000 -0.8470 -0.5245
0.0084 -0.8414 -0.5225
0.0028 -0.8415 -0.5323
0.0028 -0.8415 -0.5323
-0.0007 -0.8335 -0.5361
-0.0049 -0.8349 -0.5334
-0.0021 -0.8407 -0.5309
0.0069 -0.8384 -0.5194
0.0057 -0.8343 -0.5102
0.0057 -0.8343 -0.5102
0.0052 -0.8334 -0.5099
0.0068 -0.8331 -0.5181
0.0145 -0.8430 -0.5176
0.0139 -0.8430 -0.5071
0.0030 -0.8391 -0.5017
0.0030 -0.8391 -0.5017
0.0031 -0.8374 -0.5138
0.0232 -0.8479 -0.5174
0.0185 -0.8386 -0.5236
0.0150 -0.8328 -0.5315
0.0150 -0.8328 -0.5315
0.0067 -0.8429 -0.5217
0.0159 -0.8489 -0.5076
0.0059 -0.8407 -0.5074
0.0047 -0.8393 -0.5116
0.0047 -0.8393 -0.5116
0.0112 -0.8448 -0.5045
0.0047 -0.8457 -0.4996
-0.0004 -0.8397 -0.5006
-0.0010 -0.8404 -0.5143
0.0090 -0.8384 -0.5214
0.0090 -0.8384 -0.5214
0.0161 -0.8472 -0.5223
0.0112 -0.8425 -0.5191
0.0001 -0.8351 -0.5204
-0.0052 -0.8425 -0.5098
-0.0041 -0.8467 -0.4924
-0.0041 -0.8467 -0.4924
0.0139 -0.8484 -0.5298
0.0066 -0.8379 -0.5179
0.0087 -0.8460 -0.5174

