0.0131 -0.8415 -0.5204
0.0126 -0.8385 -0.5345
0.0126 -0.8385 -0.5345
0.0121 -0.8349 -0.5396
0.0094 -0.8392 -0.5312
0.0105 -0.8417 -0.5303
0.0101 -0.8384 -0.5199
0.0101 -0.8384 -0.5199
0.0124 -0.8419 -0.5111
0.0089 -0.8355 -0.5110
0.0049 -0.8445 -0.5038
-0.0014 -0.8365 -0.5081
-0.0019 -0.8435 -0.5223
-0.0019 -0.8435 -0.5223
0.0069 -0.8382 -0.5289
0.0109 -0.8313 -0.5300
0.0074 -0.8379 -0.5335
0.0112 -0.8437 -0.5279
0.0140 -0.8446 -0.5215
0.0140 -0.8446 -0.5215
0.0076 -0.8453 -0.5186
0.0070 -0.8428 -0.5168
0.0103 -0.8409 -0.5326
0.0103 -0.8395 -0.5396
0.0053 -0.8416 -0.5286
0.0053 -0.8416 -0.5286
0.0151 -0.8353 -0.5214
0.0049 -0.8350 -0.5258
0.0027 -0.8320 -0.5244
0.0044 -0.8360 -0.5114
0.0044 -0.8360 -0.5114
0.0087 -0.8474 -0.5103
0.0119 -0.8406 -0.5136
0.0069 -0.8432 -0.5192
0.0112 -0.8384 -0.5169
0.0112 -0.8384 -0.5169
0.0116 -0.8467 -0.5186
0.0099 -0.8387 -0.5183
0.0135 -0.8368 -0.5228
0.0129 -0.8389 -0.5278
0.0150 -0.8440 -0.5165
0.0150 -0.8440 -0.5165
0.0118 -0.8468 -0.5119
0.0112 -0.8378 -0.5235
0.0122 -0.8365 -0.5237
0.0121 -0.8426 -0.5121
0.0078 -0.8412 -0.4840
0.0078 -0.8412 -0.4840
0.0189 -0.8492 -0.5327
0.0053 -0.8338 -0.5176
0.0086 -0.8468 -0.5310
0.0134 -0.8398 -0.5206
0.0072 -0.8370 -0.4933
0.0072 -0.8370 -0.4933
0.0023 -0.8443 -0.4960
0.0053 -0.8417 -0.5208
0.0109 -0.8407 -0.5262
0.0073 -0.8392 -0.5183
0.0027 -0.8428 -0.4957
0.0027 -0.8428 -0.4957
0.0106 -0.8428 -0.5028
0.0115 -0.8418 -0.5211
0.0093 -0.8438 -0.5299
0.0085 -0.8412 -0.5242
0.0085 -0.8412 -0.5242
0.0093 -0.8465 -0.5159
0.0076 -0.8420 -0.5155
0.0096 -0.8336 -0.5337
0.0082 -0.8375 -0.5376
0.0119 -0.8367 -0.5336
0.0119 -0.8367 -0.5336
0.0121 -0.8359 -0.5255
0.0041 -0.8409 -0.5112
0.0014 -0.8447 -0.5188
0.0103 -0.8390 -0.5159
0.0103 -0.8407 -0.5081
0.0103 -0.8407 -0.5081
0.0145 -0.8467 -0.5125
0.0192 -0.8427 -0.5286
0.0116 -0.8352 -0.5312
0.0113 -0.8442 -0.5239
0.0094 -0.8454 -0.5074
0.0094 -0.8454 -0.5074
0.0090 -0.8448 -0.5138
0.0137 -0.8372 -0.5246
0.0063 -0.8350 -0.5277
0.0067 -0.8390 -0.5135
0.0067 -0.8390 -0.5135
0.0136 -0.8393 -0.5177
0.0269 -0.8063 -0.4654
0.0187 -0.8697 -0.5373
0.0126 -0.8629 -0.5658
0.0152 -0.8510 -0.5316
0.0152 -0.8510 -0.5316
0.0187 -0.8230 -0.4820
0.0159 -0.8281 -0.5062
0.0102 -0.8457 -0.5003
0.0102 -0.8457 -0.5003
0.0081 -0.8437 -0.4989
0.0089 -0.8418 -0.5107
0.0149 -0.8483 -0.5225
0.0150 -0.8442 -0.5084
0.0101 -0.8425 -0.4943
0.0101 -0.8425 -0.4943
0.0111 -0.8427 -0.4958
0.0170 -0.8440 -0.5079
0.0196 -0.8399 -0.5058
0.0155 -0.8420 -0.5073
0.0124 -0.8403 -0.4997
0.0124 -0.8403 -0.4997
0.0215 -0.8449 -0.4924
0.0252 -0.8447 -0.4911
0.0273 -0.8431 -0.4979
0.0241 -0.8408 -0.5043
0.0241 -0.8408 -0.5043
0.0293 -0.8391 -0.4939
0.0302 -0.8385 -0.4909
0.0440 -0.8457 -0.4870
0.0618 -0.8482 -0.4915
0.0817 -0.8560 -0.5097
0.0817 -0.8560 -0.5097
0.1062 -0.8528 -0.5097
0.1256 -0.8431 -0.5177
0.1333 -0.8263 -0.5179
0.1355 -0.8200 -0.4989
0.1376 -0.8296 -0.4454
0.1376 -0.8296 -0.4454
0.1467 -0.8491 -0.3954
0.1596 -0.8589 -0.3678
0.1698 -0.8513 -0.3745
0.1661 -0.8473 -0.4166
0.1774 -0.8461 -0.4625
0.1774 -0.8461 -0.4625
0.1933 -0.8490 -0.4870
0.2005 -0.8637 -0.4740
0.1992 -0.8689 -0.4727
0.1931 -0.8699 -0.4682
0.1830 -0.8585 -0.4635
0.1830 -0.8585 -0.4635
0.1813 -0.8499 -0.4687
0.1807 -0.8394 -0.4636
0.1709 -0.8306 -0.4854
0.1482 -0.8304 -0.5018
0.1482 -0.8304 -0.5018
0.1322 -0.8213 -0.4882
0.1124 -0.8257 -0.4867
0.1109 -0.8245 -0.4941
0.1191 -0.8281 -0.4935
0.1395 -0.8232 -0.4896
0.1395 -0.8232 -0.4896
0.1546 -0.8232 -0.4773
0.1661 -0.8293 -0.4734
0.1767 -0.8266 -0.4634
0.1685 -0.8194 -0.4771
0.1679 -0.8176 -0.5209
0.1679 -0.8176 -0.5209
0.1343 -0.8291 -0.5485
0.1012 -0.8726 -0.5876
0.0632 -0.9034 -0.6197
0.0243 -0.8847 -0.6699
-0.0028 -0.8725 -0.7519
-0.0028 -0.8725 -0.7519
-0.0215 -0.8839 -0.8153
-0.0610 -0.9167 -0.8223
-0.1337 -0.9478 -0.7997
-0.1996 -0.9249 -0.7813
-0.2334 -0.8641 -0.7822
-0.2334 -0.8641 -0.7822
-0.2469 -0.7718 -0.7880
-0.2479 -0.7097 -0.8160
-0.2318 -0.6970 -0.7198
-0.2182 -0.7080 -0.5764
-0.2182 -0.7080 -0.5764
-0.2188 -0.6998 -0.5048
-0.1721 -0.6787 -0.4725
-0.0890 -0.6455 -0.5161
-0.0100 -0.6077 -0.5183
0.0357 -0.5812 -0.5414
0.0357 -0.5812 -0.5414
0.0826 -0.5736 -0.5430
0.0929 -0.5412 -0.5906
0.0966 -0.5895 -0.4647
0.1323 -0.6042 -0.4924
0.0859 -0.6448 -0.4838
0.0859 -0.6448 -0.4838
0.0500 -0.6752 -0.5204
0.0253 -0.7351 -0.5746
-0.0353 -0.7683 -0.7189
0.0098 -0.8483 -0.7148
0.0082 -0.8254 -0.7672
0.0082 -0.8254 -0.7672
0.0130 -0.8418 -0.8108
0.0202 -0.8347 -0.8333
0.0344 -0.8667 -0.8020
0.0555 -0.8998 -0.7737
0.0555 -0.8998 -0.7737
0.0895 -0.9294 -0.7644
0.1290 -0.9883 -0.7598
0.1487 -1.0070 -0.7770
0.0884 -0.9389 -0.7956
0.0528 -0.8912 -0.8323
0.0528 -0.8912 -0.8323
0.0626 -0.7709 -0.8145
0.1431 -0.6804 -0.7005
0.2791 -0.6598 -0.5706
0.3830 -0.6640 -0.4637
0.4514 -0.6741 -0.4328
0.4514 -0.6741 -0.4328
0.4509 -0.6237 -0.4545
0.3755 -0.5651 -0.5409
0.2478 -0.5257 -0.6188
0.1398 -0.5029 -0.6695
0.0369 -0.5102 -0.6950
0.0369 -0.5102 -0.6950
-0.0644 -0.5514 -0.6727
-0.1410 -0.5984 -0.6380
-0.1877 -0.6408 -0.5758
-0.2067 -0.6839 -0.5020
-0.2190 -0.7376 -0.4621
-0.2190 -0.7376 -0.4621
-0.2337 -0.7873 -0.4362
-0.2401 -0.8170 -0.4291
-0.2334 -0.8210 -0.4740
-0.2059 -0.8011 -0.5554
-0.2059 -0.8011 -0.5554
-0.1822 -0.7478 -0.6190
-0.1625 -0.7025 -0.6729
-0.1319 -0.6919 -0.7182
-0.1043 -0.6910 -0.7604
-0.0952 -0.6712 -0.7941
-0.0952 -0.6712 -0.7941
-0.1227 -0.6670 -0.8644
-0.1812 -0.7047 -0.9005
-0.2651 -0.7210 -0.9365
-0.3474 -0.7557 -0.9516
-0.4279 -0.7486 -1.0224
-0.4279 -0.7486 -1.0224
-0.4868 -0.6843 -1.0240
-0.4753 -0.6414 -0.9597
-0.4012 -0.6524 -0.8534
-0.3440 -0.6643 -0.7377
-0.3227 -0.6435 -0.6607
-0.3227 -0.6435 -0.6607
-0.3074 -0.6247 -0.6439
-0.2731 -0.5923 -0.6287
-0.1822 -0.5614 -0.6004
-0.0766 -0.5794 -0.5748
-0.0025 -0.6033 -0.5311
-0.0025 -0.6033 -0.5311
0.0570 -0.6280 -0.5457
0.1063 -0.6564 -0.5474
0.1373 -0.6514 -0.5499
0.1479 -0.6675 -0.5517
0.1479 -0.6675 -0.5517
0.1171 -0.6815 -0.5527
0.0777 -0.6838 -0.5557
0.0691 -0.6991 -0.5582
0.0581 -0.7036 -0.5705
0.0567 -0.7242 -0.5962
0.0567 -0.7242 -0.5962
0.0667 -0.7492 -0.6254
0.0753 -0.7986 -0.6366
0.0742 -0.8574 -0.6669
0.0589 -0.9278 -0.6922
0.0234 -0.9576 -0.7169
0.0234 -0.9576 -0.7169
-0.0154 -0.9763 -0.8066
-0.0035 -0.9385 -0.8982
0.0214 -0.7934 -0.9621
0.0783 -0.6732 -0.9426
0.1782 -0.6084 -0.8787
0.1782 -0.6084 -0.8787
0.2796 -0.6226 -0.7590
0.3701 -0.6811 -0.6661
0.4185 -0.7489 -0.6602
0.3648 -0.7388 -0.7202
0.3648 -0.7388 -0.7202
0.2209 -0.6864 -0.8326
0.1143 -0.6102 -0.9117
0.0332 -0.5389 -0.9356
-0.0238 -0.5264 -0.8782
-0.0732 -0.5268 -0.7910
-0.0732 -0.5268 -0.7910
-0.1507 -0.5333 -0.7053
-0.2251 -0.5493 -0.6065
-0.2647 -0.5848 -0.4940
-0.2975 -0.6136 -0.4027
-0.3349 -0.6507 -0.3575
-0.3349 -0.6507 -0.3575
-0.3307 -0.6723 -0.3333
-0.2919 -0.6651 -0.3478
-0.2218 -0.6721 -0.4341
-0.1661 -0.6658 -0.5293
-0.1288 -0.6690 -0.5806
-0.1288 -0.6690 -0.5806
-0.0966 -0.7193 -0.6621
-0.0970 -0.7640 -0.7917
-0.1381 -0.7738 -0.9086
-0.1890 -0.7944 -0.9936
-0.2392 -0.8373 -1.0502
-0.2392 -0.8373 -1.0502
-0.3210 -0.8341 -1.1190
-0.4203 -0.7265 -1.1958
-0.4835 -0.6057 -1.1949
-0.4900 -0.5443 -0.9821
-0.4900 -0.5443 -0.9821
-0.4240 -0.6009 -0.8445
-0.3878 -0.6806 -0.7065
-0.3967 -0.6930 -0.6764
-0.3889 -0.6349 -0.6581
-0.3398 -0.4959 -0.6212
-0.3398 -0.4959 -0.6212
-0.2525 -0.4172 -0.5705
-0.1323 -0.4189 -0.5072
-0.0111 -0.4576 -0.4823
0.0884 -0.5121 -0.4850
0.1442 -0.5628 -0.4886
0.1442 -0.5628 -0.4886
0.1692 -0.5938 -0.5127
0.1702 -0.6430 -0.5269
0.1525 -0.6839 -0.5576
0.1417 -0.7243 -0.5919
0.1465 -0.7446 -0.6449
0.1465 -0.7446 -0.6449
0.1606 -0.7437 -0.6924
0.1696 -0.7353 -0.7610
0.1731 -0.7395 -0.7720
0.1494 -0.7757 -0.7625
0.1203 -0.8372 -0.7247
0.1203 -0.8372 -0.7247
0.0811 -0.9074 -0.7115
0.0444 -0.9574 -0.7357
0.0223 -0.9734 -0.7718
0.0048 -0.9681 -0.8006
0.0048 -0.9681 -0.8006
-0.0148 -0.8930 -0.8990
-0.0379 -0.7775 -0.8530
0.0154 -0.6679 -0.7510
0.1110 -0.6833 -0.6247
0.2441 -0.7365 -0.5606
0.2441 -0.7365 -0.5606
0.2984 -0.7887 -0.5766
0.2506 -0.7918 -0.6368
0.1561 -0.7558 -0.7508
0.0928 -0.6986 -0.8752
0.0355 -0.6329 -0.9532
0.0355 -0.6329 -0.9532
-0.0397 -0.5700 -0.9697
-0.1156 -0.5266 -0.9031
-0.1607 -0.5397 -0.7981
-0.1904 -0.5631 -0.6903
-0.2192 -0.5950 -0.6080
-0.2192 -0.5950 -0.6080
-0.2324 -0.6077 -0.5293
-0.2418 -0.6216 -0.4698
-0.2312 -0.6470 -0.4453
-0.2172 -0.6500 -0.4334
-0.2055 -0.6393 -0.4451
-0.2055 -0.6393 -0.4451
-0.1718 -0.6395 -0.4835
-0.1263 -0.6769 -0.5502
-0.1004 -0.7100 -0.6060
-0.1069 -0.7426 -0.6820
-0.1069 -0.7426 -0.6820
-0.1259 -0.8046 -0.7431
-0.1459 -0.8681 -0.8231
-0.1964 -0.8924 -0.9776
-0.3073 -0.8173 -1.1366
-0.4114 -0.6327 -1.1649
-0.4114 -0.6327 -1.1649
-0.4339 -0.4983 -0.9796
-0.3510 -0.5094 -0.7689
-0.2143 -0.6400 -0.6056
-0.1539 -0.7368 -0.4950
-0.1986 -0.7999 -0.5063
-0.1986 -0.7999 -0.5063
-0.2679 -0.8126 -0.5065
-0.2969 -0.7321 -0.5211
-0.2591 -0.6246 -0.5397
-0.1256 -0.6295 -0.5698
0.0021 -0.6924 -0.5873
0.0021 -0.6924 -0.5873
0.0727 -0.7072 -0.5403
0.0916 -0.7210 -0.5443
0.0902 -0.7567 -0.5417
0.0621 -0.7505 -0.5740
0.0486 -0.7417 -0.6043
0.0486 -0.7417 -0.6043
0.0557 -0.7353 -0.6245
0.0725 -0.7104 -0.6537
0.0866 -0.6941 -0.6593
0.0898 -0.6855 -0.6778
0.0898 -0.6855 -0.6778
0.1138 -0.7007 -0.6806
0.1348 -0.7375 -0.6766
0.1275 -0.8051 -0.6628
0.1100 -0.8421 -0.6651
0.0953 -0.8855 -0.6756
0.0953 -0.8855 -0.6756
0.0992 -0.9376 -0.6967
0.1185 -0.9883 -0.7174
0.1202 -1.0040 -0.7772
0.0656 -0.8910 -0.8788
0.0166 -0.7315 -0.8340
0.0166 -0.7315 -0.8340
0.0406 -0.6058 -0.7188
0.1118 -0.6198 -0.5917
0.2175 -0.7447 -0.4605
0.3153 -0.8542 -0.3874
0.3893 -0.9117 -0.4571
0.3893 -0.9117 -0.4571
0.3542 -0.8637 -0.6395
0.3283 -0.7979 -0.8512
0.2646 -0.7211 -0.9655
0.1214 -0.5509 -1.0110
0.0623 -0.4939 -1.0562
0.0623 -0.4939 -1.0562
-0.0328 -0.5287 -0.9832
-0.1102 -0.5465 -0.8951
-0.1369 -0.5533 -0.7567
-0.1577 -0.5543 -0.6281
-0.1577 -0.5543 -0.6281
-0.1645 -0.5780 -0.5463
-0.1513 -0.5951 -0.4797
-0.1470 -0.6050 -0.4417
-0.1333 -0.6247 -0.4393
-0.1230 -0.6353 -0.4723
-0.1230 -0.6353 -0.4723
-0.1312 -0.6468 -0.5182
-0.1354 -0.6671 -0.6052
-0.1199 -0.6963 -0.6610
-0.0945 -0.7321 -0.6798
-0.0520 -0.8280 -0.6290
-0.0520 -0.8280 -0.6290
-0.0465 -0.9328 -0.6675
-0.0933 -0.9567 -0.9070
-0.1758 -0.7819 -1.0608
-0.2557 -0.5275 -1.0682
-0.1999 -0.4736 -0.8730
-0.1999 -0.4736 -0.8730
-0.0424 -0.6056 -0.7153
0.0948 -0.7542 -0.5416
0.1394 -0.7947 -0.4457
0.0834 -0.8622 -0.5548
0.0834 -0.8622 -0.5548
0.0075 -0.8621 -0.6967
-0.0716 -0.7219 -0.8101
-0.0568 -0.6203 -0.8303
0.0105 -0.6292 -0.7712
0.0360 -0.6544 -0.7273
0.0360 -0.6544 -0.7273
0.0115 -0.6626 -0.6448
-0.0278 -0.6418 -0.5878
-0.0462 -0.6803 -0.5734
-0.0660 -0.7006 -0.5689
-0.0820 -0.6878 -0.5793
-0.0820 -0.6878 -0.5793
-0.0835 -0.6296 -0.6185
-0.0766 -0.7046 -0.6195
-0.0607 -0.6894 -0.7610
-0.0794 -0.5599 -0.7672
-0.0590 -0.5690 -0.8507
-0.0590 -0.5690 -0.8507
-0.0542 -0.6622 -0.8260
-0.0318 -0.6419 -0.7769
-0.0039 -0.6292 -0.8805
-0.0148 -0.7407 -0.8390
-0.0892 -0.6535 -0.9325
-0.0892 -0.6535 -0.9325
-0.1428 -0.6236 -1.0066
-0.1419 -0.5677 -0.9956
-0.1025 -0.5489 -0.9284
-0.0775 -0.5427 -0.8564
-0.0775 -0.5427 -0.8564
-0.0814 -0.5315 -0.7394
-0.0817 -0.5464 -0.6747
-0.0774 -0.5508 -0.6501
-0.0634 -0.5487 -0.6474
-0.0221 -0.5756 -0.6397
-0.0221 -0.5756 -0.6397
0.0227 -0.6231 -0.6745
0.0583 -0.6556 -0.6670
0.0497 -0.6763 -0.6790
0.0167 -0.6984 -0.7131
-0.0177 -0.6866 -0.7399
-0.0177 -0.6866 -0.7399
-0.0256 -0.6873 -0.7702
-0.0096 -0.7061 -0.7577
0.0356 -0.7129 -0.7179
0.0725 -0.6938 -0.7037
0.1013 -0.6856 -0.7004
0.1013 -0.6856 -0.7004
0.1383 -0.6748 -0.7211
0.1704 -0.6726 -0.7264
0.1731 -0.6829 -0.7112
0.1605 -0.6998 -0.7277
0.1378 -0.7118 -0.7287
0.1378 -0.7118 -0.7287
0.1442 -0.7094 -0.7292
0.1415 -0.7127 -0.7234
0.1137 -0.7050 -0.7209
0.0910 -0.6986 -0.7163
0.0910 -0.6986 -0.7163
0.0682 -0.6850 -0.7233
0.0396 -0.6756 -0.6971
0.0295 -0.6875 -0.6539
0.0239 -0.7034 -0.6189
0.0054 -0.7268 -0.5932
0.0054 -0.7268 -0.5932
-0.0045 -0.7359 -0.5891
-0.0130 -0.7386 -0.5836
-0.0288 -0.7349 -0.5788
-0.0269 -0.7419 -0.5615
-0.0134 -0.7618 -0.5659
-0.0134 -0.7618 -0.5659
-0.0089 -0.7483 -0.5807
-0.0262 -0.7615 -0.5725
-0.0447 -0.8275 -0.5224
-0.0617 -0.8509 -0.5142
-0.0874 -0.8489 -0.5197
-0.0874 -0.8489 -0.5197
-0.1104 -0.8710 -0.5592
-0.1295 -0.8978 -0.5616
-0.1042 -0.9076 -0.5702
-0.0777 -0.9162 -0.5708
-0.0777 -0.9162 -0.5708
-0.0952 -0.8979 -0.5890
-0.1340 -0.8825 -0.6144
-0.1369 -0.8501 -0.6807
-0.1639 -0.8286 -0.7120
-0.1268 -0.7968 -0.7451
-0.1268 -0.7968 -0.7451
-0.0791 -0.7892 -0.7107
-0.0672 -0.7841 -0.6262
-0.0601 -0.7803 -0.5634
-0.0694 -0.7793 -0.5011
-0.0310 -0.7615 -0.4807
-0.0310 -0.7615 -0.4807
0.0241 -0.7453 -0.5004
0.0851 -0.7231 -0.5380
0.1158 -0.7144 -0.5544
0.1139 -0.6868 -0.5276
0.1172 -0.6770 -0.5018
0.1172 -0.6770 -0.5018
0.1305 -0.6795 -0.4963
0.1429 -0.6853 -0.4851
0.1627 -0.7020 -0.4542
0.1857 -0.7294 -0.4414
0.1977 -0.7607 -0.4343
0.1977 -0.7607 -0.4343
0.2017 -0.7871 -0.4435
0.1958 -0.8254 -0.4897
0.1856 -0.8330 -0.5151
0.1781 -0.8595 -0.5800
0.1781 -0.8595 -0.5800
0.1551 -0.8657 -0.6536
0.1104 -0.8544 -0.7404
0.0258 -0.8702 -0.8284
-0.0212 -0.8429 -0.8415
0.0062 -0.8593 -0.8947
0.0062 -0.8593 -0.8947
0.0701 -0.8889 -0.9162
0.1133 -0.8897 -0.9864
0.1169 -0.8789 -1.0084
0.0577 -0.8116 -0.9958
-0.0206 -0.7330 -0.8813
-0.0206 -0.7330 -0.8813
-0.0230 -0.6736 -0.8398
0.0503 -0.6018 -0.7842
0.1616 -0.5811 -0.7830
0.2577 -0.5777 -0.7930
0.2732 -0.5521 -0.7935
0.2732 -0.5521 -0.7935
0.2230 -0.5188 -0.7522
0.1840 -0.4798 -0.7246
0.1743 -0.4570 -0.7027
0.1767 -0.4399 -0.6878
0.1613 -0.4316 -0.7196
0.1613 -0.4316 -0.7196
0.1427 -0.4585 -0.7613
0.1122 -0.4667 -0.7265
0.0794 -0.4789 -0.6560
0.0676 -0.5347 -0.6358
0.0676 -0.5347 -0.6358
0.0734 -0.5867 -0.6505
0.0632 -0.6243 -0.6899
0.0327 -0.6401 -0.6745
-0.0107 -0.6549 -0.6756
-0.0288 -0.6485 -0.7113
-0.0288 -0.6485 -0.7113
-0.0640 -0.6449 -0.7692
-0.0821 -0.6560 -0.7517
-0.0663 -0.6810 -0.7583
-0.0504 -0.7276 -0.7403
-0.0671 -0.7495 -0.7122
-0.0671 -0.7495 -0.7122
-0.1078 -0.7811 -0.7569
-0.1555 -0.8190 -0.7796
-0.1817 -0.8106 -0.7938
-0.2052 -0.7876 -0.8443
-0.2817 -0.7255 -0.9670
-0.2817 -0.7255 -0.9670
-0.3833 -0.6432 -1.0285
-0.4104 -0.5921 -0.9751
-0.3320 -0.5997 -0.8936
-0.2491 -0.6472 -0.8456
-0.2617 -0.6598 -0.7620
-0.2617 -0.6598 -0.7620
-0.3069 -0.6474 -0.6532
-0.2823 -0.5894 -0.5290
-0.1527 -0.5465 -0.4599
-0.0267 -0.5461 -0.4266
-0.0267 -0.5461 -0.4266
0.0691 -0.5544 -0.3869
0.1390 -0.5721 -0.3618
0.1743 -0.5917 -0.3564
0.2032 -0.6176 -0.3953
0.2316 -0.6426 -0.4384
0.2316 -0.6426 -0.4384
0.2581 -0.6526 -0.4981
0.2863 -0.6699 -0.5838
0.3091 -0.6813 -0.6975
0.3128 -0.6883 -0.7970
0.3170 -0.7008 -0.9163
0.3170 -0.7008 -0.9163
0.3048 -0.6979 -0.9774
0.3051 -0.7091 -0.9747
0.3266 -0.7406 -0.9860
0.3248 -0.7818 -0.9874
0.3105 -0.8258 -0.9550
0.3105 -0.8258 -0.9550
0.2855 -0.8625 -0.9526
0.2291 -0.8202 -0.9888
0.1524 -0.7310 -1.0282
0.1188 -0.5968 -0.9524
0.2261 -0.4992 -0.8229
0.2261 -0.4992 -0.8229
0.3517 -0.5409 -0.7083
0.4405 -0.5968 -0.6033
0.4660 -0.6567 -0.5713
0.4119 -0.6473 -0.6259
0.4119 -0.6473 -0.6259
0.2917 -0.5956 -0.7201
0.1897 -0.5563 -0.8405
0.1193 -0.5043 -0.9038
0.0656 -0.4925 -0.9460
0.0157 -0.5176 -0.8793
0.0157 -0.5176 -0.8793
-0.0345 -0.5313 -0.7977
-0.0832 -0.5571 -0.6795
-0.1112 -0.5945 -0.5795
-0.1002 -0.6356 -0.4754
-0.0986 -0.6713 -0.4166
-0.0986 -0.6713 -0.4166
-0.0817 -0.7036 -0.3773
-0.0485 -0.7070 -0.3756
-0.0089 -0.7092 -0.4010
0.0344 -0.7128 -0.4660
0.0707 -0.7237 -0.5258
0.0707 -0.7237 -0.5258
0.0728 -0.7263 -0.6055
0.0394 -0.7275 -0.7204
-0.0093 -0.7395 -0.8248
-0.0542 -0.7726 -0.9354
-0.0542 -0.7726 -0.9354
-0.1198 -0.7577 -1.0053
-0.1862 -0.7386 -1.1155
-0.2596 -0.6634 -1.1751
-0.3007 -0.5842 -1.1338
-0.2634 -0.5711 -0.9667
-0.2634 -0.5711 -0.9667
-0.1686 -0.6519 -0.8398
-0.1544 -0.7055 -0.7481
-0.2125 -0.7440 -0.7139
-0.2495 -0.7008 -0.6838
-0.2135 -0.6079 -0.6174
-0.2135 -0.6079 -0.6174
-0.0913 -0.5599 -0.5619
0.0236 -0.5584 -0.4795
0.1207 -0.5822 -0.4420
0.1872 -0.6039 -0.4208
0.2364 -0.6163 -0.4138
0.2364 -0.6163 -0.4138
0.2529 -0.6535 -0.4279
0.2602 -0.7015 -0.4395
0.2583 -0.7289 -0.4965
0.2663 -0.7373 -0.5758
0.2952 -0.7289 -0.6978
0.2952 -0.7289 -0.6978
0.3400 -0.6991 -0.8195
0.3892 -0.6766 -0.8861
0.4234 -0.6877 -0.9165
0.4174 -0.7400 -0.9288
0.4174 -0.7400 -0.9288
0.3798 -0.7887 -0.9420
0.3351 -0.8316 -0.9541
0.2819 -0.8215 -0.9928
0.2266 -0.7872 -0.9902
0.1734 -0.6644 -0.9601
0.1734 -0.6644 -0.9601
0.1421 -0.5478 -0.9061
0.1604 -0.4701 -0.7833
0.2436 -0.4525 -0.6199
0.3130 -0.5239 -0.5800
0.3270 -0.6052 -0.5418
0.3270 -0.6052 -0.5418
0.2547 -0.6449 -0.6091
0.1530 -0.6612 -0.7488
0.0603 -0.6560 -0.9455
-0.0321 -0.5740 -0.9827
-0.1013 -0.4926 -0.9865
-0.1013 -0.4926 -0.9865
-0.1382 -0.4780 -0.9097
-0.1658 -0.5298 -0.8792
-0.2021 -0.5635 -0.8015
-0.2295 -0.5613 -0.7097
-0.2468 -0.5691 -0.6686
-0.2468 -0.5691 -0.6686
-0.2685 -0.5932 -0.6240
-0.2771 -0.6107 -0.5907
-0.2792 -0.6185 -0.5666
-0.2630 -0.6082 -0.5491
-0.2630 -0.6082 -0.5491
-0.2305 -0.6158 -0.5691
-0.2090 -0.6394 -0.6236
-0.2070 -0.6720 -0.7002
-0.2355 -0.6854 -0.7700
-0.2767 -0.7437 -0.8697
-0.2767 -0.7437 -0.8697
-0.3000 -0.7703 -0.9557
-0.3257 -0.6925 -1.0780
-0.3826 -0.5634 -1.1370
-0.3917 -0.4394 -1.0088
-0.3531 -0.4250 -0.8163
-0.3531 -0.4250 -0.8163
-0.2779 -0.5399 -0.7076
-0.2258 -0.6089 -0.6561
-0.2471 -0.6614 -0.6504
-0.2733 -0.6322 -0.6443
-0.2823 -0.5641 -0.5988
-0.2823 -0.5641 -0.5988
-0.2543 -0.5550 -0.5398
-0.2569 -0.6004 -0.4816
-0.2718 -0.6597 -0.4403
-0.2487 -0.7307 -0.4576
-0.2141 -0.7465 -0.4712
-0.2141 -0.7465 -0.4712
-0.1752 -0.7543 -0.4824
-0.1343 -0.7714 -0.5301
-0.1084 -0.7848 -0.6056
-0.0893 -0.7686 -0.6663
-0.0893 -0.7686 -0.6663
-0.0876 -0.7505 -0.7350
-0.0905 -0.7332 -0.7962
-0.0986 -0.7221 -0.8332
-0.1059 -0.7249 -0.8153
-0.1331 -0.7532 -0.7883
-0.1331 -0.7532 -0.7883
-0.2212 -0.8469 -0.7473
-0.2360 -0.9407 -0.6763
-0.1885 -0.9467 -0.7100
-0.1577 -0.9058 -0.6914
-0.1031 -0.9108 -0.6635
-0.1031 -0.9108 -0.6635
-0.0647 -0.9098 -0.6731
-0.0889 -0.8380 -0.7950
-0.1012 -0.7774 -0.8259
-0.0663 -0.6709 -0.7614
0.0401 -0.6407 -0.6263
0.0401 -0.6407 -0.6263
0.2030 -0.6800 -0.5180
0.3690 -0.7267 -0.4284
0.4663 -0.7765 -0.4681
0.4471 -0.7677 -0.5528
0.4471 -0.7677 -0.5528
0.3281 -0.7383 -0.6874
0.1769 -0.6963 -0.8497
0.0167 -0.6521 -0.9475
-0.1099 -0.5940 -0.9023
-0.1638 -0.5676 -0.7875
-0.1638 -0.5676 -0.7875
-0.1572 -0.5883 -0.6663
-0.1453 -0.6075 -0.5795
-0.1370 -0.6272 -0.5327
-0.1534 -0.6492 -0.5188
-0.1898 -0.6779 -0.5592
-0.1898 -0.6779 -0.5592
-0.2234 -0.6709 -0.5661
-0.2626 -0.6544 -0.6021
-0.2716 -0.6590 -0.6314
-0.2573 -0.6601 -0.6353
-0.2404 -0.6799 -0.6259
-0.2404 -0.6799 -0.6259
-0.2020 -0.7333 -0.5903
-0.1687 -0.8386 -0.6165
-0.2144 -0.8360 -0.8130
-0.3258 -0.6986 -0.9034
-0.4176 -0.5253 -0.8692
-0.4176 -0.5253 -0.8692
-0.3958 -0.4497 -0.6670
-0.2955 -0.5197 -0.5230
-0.1526 -0.6572 -0.4248
-0.0808 -0.7403 -0.3727
-0.0808 -0.7403 -0.3727
-0.1248 -0.8070 -0.4559
-0.2305 -0.8461 -0.5762
-0.2941 -0.7631 -0.6625
-0.2790 -0.6910 -0.8375
-0.1783 -0.6958 -0.8700
-0.1783 -0.6958 -0.8700
-0.1078 -0.7044 -0.8815
-0.0870 -0.7423 -0.8112
-0.0940 -0.7368 -0.7661
-0.1167 -0.7406 -0.7660
-0.1631 -0.7386 -0.7797
-0.1631 -0.7386 -0.7797
-0.1933 -0.7286 -0.7994
-0.2031 -0.6941 -0.8242
-0.2158 -0.6515 -0.8447
-0.2326 -0.6221 -0.8847
-0.2704 -0.5991 -0.9267
-0.2704 -0.5991 -0.9267
-0.3180 -0.5763 -0.9022
-0.3542 -0.5588 -0.8481
-0.3682 -0.5678 -0.8009
-0.3618 -0.5772 -0.7724
-0.3308 -0.5882 -0.7353
-0.3308 -0.5882 -0.7353
-0.2926 -0.6052 -0.7158
-0.2804 -0.6123 -0.7564
-0.3291 -0.5794 -0.8426
-0.3814 -0.5569 -0.8515
-0.3814 -0.5569 -0.8515
-0.3866 -0.5302 -0.8054
-0.3357 -0.5370 -0.7197
-0.2736 -0.5754 -0.6517
-0.2352 -0.6033 -0.5863
-0.2281 -0.6182 -0.5421
-0.2281 -0.6182 -0.5421
-0.2287 -0.6293 -0.5199
-0.2340 -0.6339 -0.5253
-0.2222 -0.6461 -0.5431
-0.2064 -0.6484 -0.5732
-0.1954 -0.6337 -0.6075
-0.1954 -0.6337 -0.6075
-0.1867 -0.6165 -0.6231
-0.1695 -0.6145 -0.6348
-0.1664 -0.6262 -0.6463
-0.1721 -0.6341 -0.6510
-0.1818 -0.6472 -0.6645
-0.1818 -0.6472 -0.6645
-0.1899 -0.6609 -0.6918
-0.1942 -0.6733 -0.7048
-0.1968 -0.6921 -0.7298
-0.1894 -0.7165 -0.7647
-0.1875 -0.7341 -0.8175
-0.1875 -0.7341 -0.8175
-0.2303 -0.7037 -0.8530
-0.2580 -0.6942 -0.8491
-0.2520 -0.7117 -0.7905
-0.1721 -0.7596 -0.7661
-0.1721 -0.7596 -0.7661
-0.0930 -0.8014 -0.7875
-0.0578 -0.8053 -0.8322
-0.0486 -0.8214 -0.9089
-0.0653 -0.8184 -0.9250
-0.0664 -0.8397 -0.9134
-0.0664 -0.8397 -0.9134
-0.0595 -0.8758 -0.8932
-0.0735 -0.8946 -0.8809
-0.1086 -0.9035 -0.8840
-0.1293 -0.8634 -0.9076
-0.1448 -0.7794 -0.9209
-0.1448 -0.7794 -0.9209
-0.1762 -0.7374 -0.8800
-0.1744 -0.6789 -0.8080
-0.1736 -0.6565 -0.7835
-0.1798 -0.6257 -0.6350
-0.1684 -0.6165 -0.5324
-0.1684 -0.6165 -0.5324
-0.1255 -0.6581 -0.4750
-0.1355 -0.5853 -0.5354
-0.1461 -0.5488 -0.5066
-0.1264 -0.5701 -0.5088
-0.1264 -0.5701 -0.5088
-0.1263 -0.5835 -0.4670
-0.1030 -0.5836 -0.4581
-0.0713 -0.6180 -0.5061
-0.0572 -0.6077 -0.5502
-0.0572 -0.6077 -0.5502
-0.0402 -0.6305 -0.5838
-0.0543 -0.6778 -0.6018
-0.0293 -0.7003 -0.5760
-0.0096 -0.7468 -0.5691
-0.0056 -0.7557 -0.5764
-0.0056 -0.7557 -0.5764
-0.0007 -0.7430 -0.5424
-0.0338 -0.7613 -0.6029
-0.0173 -0.8180 -0.6031
0.0052 -0.7884 -0.5816
0.0117 -0.7876 -0.5446
0.0117 -0.7876 -0.5446
0.0145 -0.8018 -0.5317
0.0081 -0.8094 -0.5478
0.0018 -0.8005 -0.5383
0.0092 -0.7973 -0.5606
0.0074 -0.7993 -0.5629
0.0074 -0.7993 -0.5629
-0.0052 -0.7796 -0.5521
-0.0070 -0.8009 -0.5637
-0.0024 -0.7985 -0.5556
0.0032 -0.8096 -0.5509
0.0032 -0.8096 -0.5509
0.0186 -0.8192 -0.5570
0.0236 -0.8169 -0.5592
0.0237 -0.8069 -0.5581
0.0088 -0.8284 -0.5502
0.0084 -0.8353 -0.5574
0.0084 -0.8353 -0.5574
0.0132 -0.8229 -0.5687
0.0143 -0.8290 -0.5611
0.0107 -0.8399 -0.5621
0.0038 -0.8115 -0.5530
0.0078 -0.8147 -0.5688
0.0078 -0.8147 -0.5688
-0.0009 -0.8187 -0.5590
0.0033 -0.8081 -0.5490
-0.0114 -0.8173 -0.5316
-0.0051 -0.8183 -0.5435
-0.0030 -0.8201 -0.5495
-0.0030 -0.8201 -0.5495
-0.0049 -0.8360 -0.5650
-0.0026 -0.8393 -0.5630
0.0097 -0.8321 -0.5634
0.0215 -0.8378 -0.5575
0.0235 -0.8358 -0.5598
0.0235 -0.8358 -0.5598
0.0121 -0.8324 -0.5751
0.0171 -0.8385 -0.5710
0.0173 -0.8301 -0.5634
0.0164 -0.8173 -0.5536
0.0164 -0.8173 -0.5536
0.0207 -0.8123 -0.5453
0.0176 -0.8144 -0.5356
0.0114 -0.8181 -0.5423
0.0217 -0.8120 -0.5313
0.0172 -0.8305 -0.5119
0.0172 -0.8305 -0.5119
0.0152 -0.8399 -0.5142
0.0250 -0.8247 -0.5163
0.0254 -0.8243 -0.5229
0.0169 -0.8297 -0.5291
0.0186 -0.8193 -0.5161
0.0186 -0.8193 -0.5161
0.0161 -0.8188 -0.5103
0.0137 -0.8255 -0.5072
0.0201 -0.8321 -0.5076
0.0258 -0.8257 -0.5023
0.0143 -0.8325 -0.5112
0.0143 -0.8325 -0.5112
0.0219 -0.8387 -0.5190
0.0210 -0.8342 -0.5246
0.0191 -0.8279 -0.5098
0.0277 -0.8367 -0.5064
0.0181 -0.8306 -0.5129
0.0181 -0.8306 -0.5129
0.0153 -0.8365 -0.5153
0.0185 -0.8352 -0.5197
0.0161 -0.8349 -0.5283
0.0098 -0.8418 -0.5321
0.0098 -0.8418 -0.5321
0.0129 -0.8478 -0.5332
0.0213 -0.8352 -0.5385
0.0292 -0.8370 -0.5276
0.0176 -0.8335 -0.5228
0.0105 -0.8306 -0.5127
0.0105 -0.8306 -0.5127
0.0118 -0.8316 -0.5218
0.0132 -0.8349 -0.5272
0.0150 -0.8277 -0.5160
0.0142 -0.8265 -0.5109
0.0167 -0.8274 -0.5308
0.0167 -0.8274 -0.5308
0.0200 -0.8226 -0.5353
0.0281 -0.8288 -0.5355
0.0146 -0.8369 -0.5352
0.0168 -0.8333 -0.5402
0.0179 -0.8394 -0.5466
0.0179 -0.8394 -0.5466
0.0222 -0.8367 -0.5532
0.0225 -0.8303 -0.5596
0.0197 -0.8291 -0.5501
0.0111 -0.8276 -0.5480
0.0078 -0.8292 -0.5483
0.0078 -0.8292 -0.5483
0.0117 -0.8303 -0.5481
0.0108 -0.8236 -0.5388
0.0147 -0.8256 -0.5325
0.0097 -0.8340 -0.5231
0.0097 -0.8340 -0.5231
0.0065 -0.8369 -0.5383
0.0106 -0.8310 -0.5465
0.0146 -0.8301 -0.5500
0.0104 -0.8304 -0.5460
0.0002 -0.8281 -0.5394
0.0002 -0.8281 -0.5394
0.0026 -0.8271 -0.5493
0.0105 -0.8276 -0.5582
0.0092 -0.8257 -0.5572
0.0017 -0.8260 -0.5406
0.0041 -0.8270 -0.5398
0.0041 -0.8270 -0.5398
0.0111 -0.8323 -0.5493
0.0065 -0.8262 -0.5376
0.0078 -0.8314 -0.5258
0.0128 -0.8302 -0.5212
0.0150 -0.8396 -0.5309
0.0150 -0.8396 -0.5309
0.0205 -0.8374 -0.5300
0.0260 -0.8255 -0.5320
0.0087 -0.8272 -0.5346
0.0052 -0.8356 -0.5367
0.0052 -0.8356 -0.5367
0.0079 -0.8333 -0.5289
0.0114 -0.8280 -0.5234
0.0075 -0.8379 -0.5222
0.0108 -0.8353 -0.5173
0.0153 -0.8299 -0.5179
0.0153 -0.8299 -0.5179
0.0157 -0.8302 -0.5266
0.0177 -0.8295 -0.5244
0.0184 -0.8358 -0.5232
0.0137 -0.8359 -0.5115
0.0035 -0.8409 -0.5257
0.0035 -0.8409 -0.5257
0.0066 -0.8422 -0.5264
0.0012 -0.8383 -0.5275
-0.0021 -0.8378 -0.5314
0.0024 -0.8412 -0.5290
0.0059 -0.8341 -0.5222
0.0059 -0.8341 -0.5222
0.0114 -0.8412 -0.5214
0.0101 -0.8483 -0.5144
0.0149 -0.8435 -0.5116
0.0246 -0.8365 -0.5183
0.0134 -0.8291 -0.5177
0.0134 -0.8291 -0.5177
0.0046 -0.8313 -0.5108
0.0132 -0.8357 -0.5067
0.0244 -0.8327 -0.5181
0.0117 -0.8290 -0.5128
0.0117 -0.8290 -0.5128
0.0051 -0.8409 -0.5419
0.0156 -0.8383 -0.5343
0.0191 -0.8401 -0.5368
0.0142 -0.8257 -0.5050
0.0023 -0.8389 -0.5119
0.0023 -0.8389 -0.5119
-0.0042 -0.8426 -0.5108
0.0019 -0.8475 -0.5302
0.0064 -0.8404 -0.5302
0.0100 -0.8318 -0.5231
0.0073 -0.8397 -0.5247
0.0073 -0.8397 -0.5247
0.0023 -0.8374 -0.5248
-0.0004 -0.8328 -0.5274
-0.0051 -0.8375 -0.5343
-0.0007 -0.8363 -0.5326
0.0085 -0.8391 -0.5215
0.0085 -0.8391 -0.5215
0.0078 -0.8342 -0.5264
0.0102 -0.8333 -0.5272
0.0042 -0.8347 -0.5284
-0.0033 -0.8402 -0.5327
0.0011 -0.8399 -0.5249
0.0011 -0.8399 -0.5249
0.0029 -0.8370 -0.5206
0.0070 -0.8371 -0.5266
0.0045 -0.8400 -0.5336
0.0020 -0.8316 -0.5361
0.0020 -0.8316 -0.5361
0.0038 -0.8363 -0.5328
-0.0008 -0.8361 -0.5216
0.0018 -0.8351 -0.5231
0.0006 -0.8275 -0.5253
-0.0008 -0.8335 -0.5309
-0.0008 -0.8335 -0.5309
-0.0017 -0.8369 -0.5156
0.0080 -0.8394 -0.5138
0.0101 -0.8344 -0.5191
0.0052 -0.8378 -0.5221
0.0003 -0.8444 -0.5252
0.0003 -0.8444 -0.5252
0.0049 -0.8460 -0.5308
-0.0008 -0.8414 -0.5186
0.0090 -0.8363 -0.5240
0.0080 -0.8242 -0.5195
0.0156 -0.8046 -0.5168
0.0156 -0.8046 -0.5168
-0.0038 -0.8920 -0.5990
0.0007 -0.8376 -0.5517
0.0254 -0.8117 -0.4988

