-0.3011 0.0677 0.3385
-0.3011 0.0677 0.3384
-0.3010 0.0677 0.3383
-0.3017 0.0674 0.3383
-0.3020 0.0675 0.3382
-0.3021 0.0676 0.3381
-0.3022 0.0676 0.3379
-0.3023 0.0675 0.3378
-0.3024 0.0674 0.3377
-0.3028 0.0669 0.3378
-0.3028 0.0667 0.3379
-0.3028 0.0665 0.3379
-0.3028 0.0663 0.3378
-0.3027 0.0661 0.3378
-0.3027 0.0660 0.3378
-0.3031 0.0657 0.3381
-0.3032 0.0655 0.3382
-0.3032 0.0654 0.3382
-0.3031 0.0654 0.3382
-0.3030 0.0654 0.3381
-0.3028 0.0655 0.3381
-0.3028 0.0659 0.3382
-0.3027 0.0660 0.3382
-0.3027 0.0661 0.3382
-0.3026 0.0661 0.3382
-0.3025 0.0662 0.3382
-0.3025 0.0662 0.3381
-0.3028 0.0661 0.3383
-0.3029 0.0660 0.3383
-0.3028 0.0660 0.3383
-0.3028 0.0661 0.3383
-0.3028 0.0661 0.3382
-0.3026 0.0661 0.3387
-0.3025 0.0662 0.3387
-0.3024 0.0662 0.3387
-0.3023 0.0662 0.3386
-0.3023 0.0659 0.3384
-0.3022 0.0659 0.3384
-0.3022 0.0659 0.3383
-0.3021 0.0657 0.3381
-0.3025 0.0651 0.3384
-0.3025 0.0650 0.3384
-0.3025 0.0648 0.3384
-0.3025 0.0648 0.3382
-0.3025 0.0648 0.3380
-0.3026 0.0645 0.3380
-0.3025 0.0643 0.3379
-0.3024 0.0643 0.3378
-0.3024 0.0643 0.3377
-0.3024 0.0643 0.3377
-0.3022 0.0644 0.3374
-0.3021 0.0645 0.3373
-0.3021 0.0645 0.3376
-0.3021 0.0646 0.3376
-0.3020 0.0646 0.3376
-0.3019 0.0646 0.3375
-0.3018 0.0647 0.3375
-0.3016 0.0647 0.3374
-0.3017 0.0645 0.3373
-0.3016 0.0645 0.3372
-0.3015 0.0645 0.3371
-0.3012 0.0647 0.3368
-0.3010 0.0648 0.3367
-0.3007 0.0647 0.3368
-0.3004 0.0647 0.3367
-0.3002 0.0648 0.3366
-0.3000 0.0648 0.3365
-0.2998 0.0649 0.3364
-0.2997 0.0649 0.3364
-0.2997 0.0649 0.3368
-0.2996 0.0649 0.3368
-0.2994 0.0649 0.3367
-0.2992 0.0650 0.3366
-0.2990 0.0651 0.3365
-0.2986 0.0652 0.3361
-0.2984 0.0652 0.3359
-0.2982 0.0652 0.3358
-0.2979 0.0652 0.3356
-0.2977 0.0651 0.3354
-0.2974 0.0650 0.3352
-0.2966 0.0647 0.3353
-0.2963 0.0646 0.3352
-0.2961 0.0646 0.3351
-0.2957 0.0646 0.3349
-0.2942 0.0651 0.3344
-0.2933 0.0652 0.3341
-0.2927 0.0653 0.3339
-0.2923 0.0654 0.3337
-0.2918 0.0654 0.3335
-0.2913 0.0656 0.3332
-0.2907 0.0658 0.3331
-0.2902 0.0659 0.3328
-0.2897 0.0660 0.3325
-0.2894 0.0660 0.3322
-0.2890 0.0659 0.3318
-0.2887 0.0659 0.3314
-0.2882 0.0660 0.3310
-0.2880 0.0661 0.3305
-0.2878 0.0661 0.3298
-0.2877 0.0661 0.3290
-0.2877 0.0662 0.3281
-0.2877 0.0662 0.3271
-0.2870 0.0657 0.3251
-0.2869 0.0655 0.3236
-0.2871 0.0652 0.3221
-0.2874 0.0649 0.3205
-0.2879 0.0646 0.3188
-0.2885 0.0641 0.3169
-0.2891 0.0633 0.3146
-0.2900 0.0627 0.3122
-0.2910 0.0622 0.3097
-0.2922 0.0617 0.3069
-0.2935 0.0612 0.3037
-0.2949 0.0609 0.3002
-0.2968 0.0596 0.2965
-0.3002 0.0576 0.2878
-0.3022 0.0561 0.2828
-0.3046 0.0542 0.2773
-0.3074 0.0520 0.2714
-0.3102 0.0490 0.2649
-0.3135 0.0465 0.2579
-0.3170 0.0446 0.2504
-0.3202 0.0435 0.2425
-0.3230 0.0435 0.2343
-0.3253 0.0444 0.2258
-0.3272 0.0453 0.2184
-0.3290 0.0466 0.2101
-0.3310 0.0478 0.2013
-0.3333 0.0488 0.1921
-0.3358 0.0496 0.1825
-0.3385 0.0502 0.1723
-0.3416 0.0501 0.1628
-0.3446 0.0506 0.1519
-0.3477 0.0512 0.1401
-0.3538 0.0524 0.1147
-0.3570 0.0527 0.1012
-0.3606 0.0526 0.0876
-0.3642 0.0523 0.0730
-0.3678 0.0516 0.0576
-0.3715 0.0506 0.0415
-0.3751 0.0493 0.0247
-0.3790 0.0477 0.0074
-0.3831 0.0459 -0.0105
-0.3870 0.0439 -0.0290
-0.3910 0.0417 -0.0481
-0.3951 0.0392 -0.0678
-0.3992 0.0365 -0.0880
-0.4033 0.0341 -0.1085
-0.4076 0.0322 -0.1292
-0.4116 0.0304 -0.1502
-0.4152 0.0289 -0.1712
-0.4184 0.0281 -0.1920
-0.4212 0.0281 -0.2125
-0.4238 0.0286 -0.2323
-0.4265 0.0295 -0.2515
-0.4293 0.0302 -0.2705
-0.4321 0.0309 -0.2893
-0.4348 0.0317 -0.3079
-0.4374 0.0325 -0.3259
-0.4398 0.0334 -0.3434
-0.4420 0.0344 -0.3602
-0.4443 0.0353 -0.3759
-0.4467 0.0358 -0.3914
-0.4493 0.0357 -0.4066
-0.4523 0.0351 -0.4213
-0.4558 0.0339 -0.4356
-0.4600 0.0329 -0.4490
-0.4647 0.0315 -0.4622
-0.4699 0.0298 -0.4750
-0.4755 0.0277 -0.4875
-0.4816 0.0255 -0.4998
-0.4881 0.0231 -0.5119
-0.4950 0.0208 -0.5236
-0.5047 0.0178 -0.5345
-0.5133 0.0154 -0.5454
-0.5219 0.0133 -0.5562
-0.5309 0.0111 -0.5669
-0.5405 0.0089 -0.5775
-0.5505 0.0066 -0.5881
-0.5645 0.0065 -0.5923
-0.5767 0.0049 -0.6008
-0.5884 0.0029 -0.6107
-0.6002 0.0009 -0.6212
-0.6123 -0.0009 -0.6319
-0.6267 -0.0021 -0.6312
-0.6399 -0.0029 -0.6381
-0.6528 -0.0029 -0.6474
-0.6655 -0.0020 -0.6577
-0.6783 -0.0003 -0.6686
-0.6925 0.0021 -0.6783
-0.7092 0.0054 -0.6858
-0.7239 0.0098 -0.6956
-0.7379 0.0158 -0.7054
-0.7513 0.0231 -0.7144
-0.7642 0.0311 -0.7227
-0.7766 0.0392 -0.7309
-0.7900 0.0467 -0.7384
-0.8025 0.0531 -0.7472
-0.8148 0.0582 -0.7569
-0.8274 0.0619 -0.7671
-0.8403 0.0645 -0.7777
-0.8532 0.0663 -0.7884
-0.8672 0.0673 -0.7984
-0.8801 0.0681 -0.8086
-0.8922 0.0686 -0.8187
-0.9038 0.0688 -0.8287
-0.9149 0.0688 -0.8386
-0.9257 0.0686 -0.8484
-0.9373 0.0678 -0.8578
-0.9485 0.0669 -0.8672
-0.9597 0.0657 -0.8766
-0.9714 0.0641 -0.8861
-0.9835 0.0620 -0.8957
-0.9962 0.0595 -0.9053
-1.0108 0.0596 -0.9146
-1.0252 0.0575 -0.9242
-1.0397 0.0547 -0.9339
-1.0547 0.0517 -0.9436
-1.0700 0.0488 -0.9530
-1.0856 0.0461 -0.9622
-1.1014 0.0420 -0.9711
-1.1175 0.0394 -0.9797
-1.1340 0.0376 -0.9879
-1.1506 0.0367 -0.9953
-1.1675 0.0365 -1.0020
-1.1846 0.0369 -1.0082
-1.2025 0.0362 -1.0156
-1.2206 0.0368 -1.0215
-1.2388 0.0382 -1.0261
-1.2571 0.0403 -1.0292
-1.2571 0.0403 -1.0292
-1.2748 0.0431 -1.0309
-1.2918 0.0464 -1.0315
-1.3112 0.0496 -1.0356
-1.3281 0.0527 -1.0369
-1.3610 0.0571 -1.0363
-1.3777 0.0583 -1.0343
-1.3945 0.0591 -1.0311
-1.4158 0.0585 -1.0317
-1.4334 0.0580 -1.0287
-1.4497 0.0570 -1.0249
-1.4654 0.0552 -1.0212
-1.4811 0.0525 -1.0180
-1.4970 0.0490 -1.0154
-1.5164 0.0446 -1.0165
-1.5340 0.0396 -1.0161
-1.5515 0.0341 -1.0154
-1.5691 0.0284 -1.0149
-1.5869 0.0227 -1.0145
-1.6048 0.0174 -1.0142
-1.6245 0.0129 -1.0149
-1.6427 0.0090 -1.0155
-1.6602 0.0060 -1.0166
-1.6775 0.0038 -1.0184
-1.6949 0.0022 -1.0209
-1.7123 0.0014 -1.0241
-1.7307 0.0013 -1.0273
-1.7488 0.0019 -1.0311
-1.7670 0.0034 -1.0351
-1.7854 0.0057 -1.0393
-1.8036 0.0087 -1.0434
-1.8216 0.0125 -1.0475
-1.8404 0.0190 -1.0508
-1.8576 0.0244 -1.0545
-1.8742 0.0292 -1.0588
-1.8906 0.0332 -1.0639
-1.9071 0.0362 -1.0700
-1.9239 0.0380 -1.0772
-1.9415 0.0398 -1.0847
-1.9593 0.0399 -1.0931
-1.9769 0.0392 -1.1018
-1.9942 0.0385 -1.1104
-2.0106 0.0385 -1.1187
-2.0272 0.0398 -1.1262
-2.0445 0.0422 -1.1327
-2.0592 0.0447 -1.1409
-2.0726 0.0471 -1.1500
-2.0856 0.0494 -1.1594
-2.0984 0.0512 -1.1688
-2.1113 0.0526 -1.1780
-2.1289 0.0541 -1.1848
-2.1442 0.0543 -1.1926
-2.1592 0.0536 -1.2004
-2.1746 0.0522 -1.2080
-2.1905 0.0501 -1.2153
-2.2067 0.0476 -1.2223
-2.2258 0.0475 -1.2268
-2.2435 0.0454 -1.2325
-2.2611 0.0426 -1.2383
-2.2786 0.0397 -1.2436
-2.2961 0.0372 -1.2482
-2.3135 0.0353 -1.2521
-2.3319 0.0333 -1.2543
-2.3495 0.0327 -1.2565
-2.3668 0.0331 -1.2582
-2.3841 0.0343 -1.2588
-2.4010 0.0363 -1.2581
-2.4172 0.0391 -1.2560
-2.4333 0.0401 -1.2527
-2.4484 0.0427 -1.2494
-2.4631 0.0457 -1.2463
-2.4781 0.0481 -1.2434
-2.4938 0.0496 -1.2401
-2.5103 0.0502 -1.2359
-2.5281 0.0497 -1.2304
-2.5450 0.0495 -1.2241
-2.5611 0.0494 -1.2175
-2.5764 0.0490 -1.2111
-2.5915 0.0482 -1.2056
-2.6065 0.0466 -1.2013
-2.6232 0.0431 -1.1983
-2.6394 0.0393 -1.1964
-2.6557 0.0348 -1.1954
-2.6723 0.0298 -1.1950
-2.6892 0.0245 -1.1951
-2.7064 0.0192 -1.1954
-2.7239 0.0142 -1.1959
-2.7407 0.0100 -1.1967
-2.7572 0.0068 -1.1981
-2.7733 0.0045 -1.1999
-2.7892 0.0029 -1.2025
-2.8051 0.0020 -1.2056
-2.8218 -0.0033 -1.2078
-2.8385 -0.0050 -1.2111
-2.8556 -0.0054 -1.2147
-2.8732 -0.0052 -1.2183
-2.8913 -0.0046 -1.2219
-2.9099 -0.0037 -1.2255
-2.9280 -0.0038 -1.2288
-2.9464 -0.0024 -1.2330
-2.9645 0.0002 -1.2377
-2.9818 0.0036 -1.2430
-2.9985 0.0073 -1.2490
-3.0148 0.0109 -1.2564
-3.0308 0.0129 -1.2646
-3.0465 0.0155 -1.2744
-3.0618 0.0181 -1.2851
-3.0770 0.0205 -1.2961
-3.0918 0.0227 -1.3072
-3.1060 0.0252 -1.3182
-3.1214 0.0277 -1.3282
-3.1344 0.0309 -1.3388
-3.1461 0.0344 -1.3498
-3.1567 0.0377 -1.3610
-3.1667 0.0409 -1.3723
-3.1762 0.0436 -1.3834
-3.1859 0.0475 -1.3928
-3.1957 0.0493 -1.4028
-3.2061 0.0497 -1.4129
-3.2170 0.0489 -1.4230
-3.2284 0.0471 -1.4332
-3.2404 0.0444 -1.4434
-3.2509 0.0436 -1.4527
-3.2629 0.0404 -1.4627
-3.2753 0.0363 -1.4729
-3.2878 0.0321 -1.4832
-3.3002 0.0282 -1.4932
-3.3126 0.0243 -1.5028
-3.3248 0.0205 -1.5117
-3.3366 0.0187 -1.5202
-3.3481 0.0182 -1.5283
-3.3598 0.0186 -1.5358
-3.3718 0.0199 -1.5425
-3.3839 0.0222 -1.5478
-3.3980 0.0215 -1.5497
-3.4103 0.0238 -1.5517
-3.4219 0.0268 -1.5535
-3.4333 0.0294 -1.5554
-3.4450 0.0312 -1.5576
-3.4574 0.0321 -1.5600
-3.4717 0.0300 -1.5616
-3.4866 0.0284 -1.5632
-3.5022 0.0268 -1.5642
-3.5180 0.0251 -1.5646
-3.5337 0.0234 -1.5648
-3.5489 0.0215 -1.5653
-3.5661 0.0191 -1.5678
-3.5810 0.0167 -1.5704
-3.5948 0.0142 -1.5736
-3.6080 0.0118 -1.5778
-3.6209 0.0094 -1.5827
-3.6335 0.0071 -1.5883
-3.6487 0.0047 -1.5964
-3.6619 0.0026 -1.6039
-3.6742 0.0007 -1.6115
-3.6860 -0.0009 -1.6197
-3.6972 -0.0021 -1.6286
-3.7079 -0.0032 -1.6381
-3.7209 -0.0032 -1.6493
-3.7318 -0.0036 -1.6605
-3.7419 -0.0040 -1.6721
-3.7515 -0.0041 -1.6839
-3.7609 -0.0039 -1.6962
-3.7702 -0.0034 -1.7089
-3.7815 -0.0015 -1.7228
-3.7912 0.0002 -1.7365
-3.8001 0.0022 -1.7501
-3.8081 0.0049 -1.7633
-3.8153 0.0080 -1.7762
-3.8223 0.0111 -1.7895
-3.8297 0.0136 -1.8039
-3.8354 0.0151 -1.8187
-3.8404 0.0154 -1.8346
-3.8452 0.0148 -1.8516
-3.8499 0.0136 -1.8692
-3.8547 0.0123 -1.8869
-3.8621 0.0123 -1.9048
-3.8670 0.0135 -1.9212
-3.8703 0.0158 -1.9366
-3.8720 0.0190 -1.9513
-3.8720 0.0226 -1.9659
-3.8706 0.0263 -1.9805
-3.8713 0.0293 -1.9956
-3.8691 0.0325 -2.0099
-3.8657 0.0356 -2.0237
-3.8620 0.0383 -2.0370
-3.8584 0.0404 -2.0502
-3.8551 0.0418 -2.0632
-3.8525 0.0434 -2.0759
-3.8498 0.0433 -2.0888
-3.8471 0.0423 -2.1018
-3.8442 0.0404 -2.1148
-3.8410 0.0378 -2.1278
-3.8373 0.0346 -2.1409
-3.8342 0.0316 -2.1543
-3.8301 0.0282 -2.1673
-3.8254 0.0249 -2.1800
-3.8204 0.0225 -2.1923
-3.8152 0.0217 -2.2035
-3.8101 0.0231 -2.2131
-3.8066 0.0264 -2.2213
-3.8028 0.0309 -2.2277
-3.7991 0.0355 -2.2332
-3.7957 0.0395 -2.2389
-3.7923 0.0424 -2.2458
-3.7890 0.0440 -2.2541
-3.7857 0.0444 -2.2637
-3.7825 0.0441 -2.2747
-3.7796 0.0438 -2.2861
-3.7768 0.0440 -2.2969
-3.7739 0.0451 -2.3065
-3.7707 0.0468 -2.3152
-3.7669 0.0483 -2.3234
-3.7620 0.0492 -2.3317
-3.7558 0.0492 -2.3401
-3.7483 0.0485 -2.3488
-3.7397 0.0473 -2.3574
-3.7303 0.0457 -2.3658
-3.7214 0.0449 -2.3745
-3.7112 0.0436 -2.3827
-3.7002 0.0421 -2.3905
-3.6887 0.0406 -2.3980
-3.6766 0.0391 -2.4049
-3.6641 0.0377 -2.4113
-3.6519 0.0374 -2.4205
-3.6389 0.0366 -2.4271
-3.6255 0.0358 -2.4326
-3.6120 0.0356 -2.4374
-3.5987 0.0361 -2.4417
-3.5860 0.0374 -2.4455
-3.5737 0.0388 -2.4498
-3.5619 0.0411 -2.4531
-3.5505 0.0437 -2.4558
-3.5394 0.0463 -2.4583
-3.5285 0.0488 -2.4605
-3.5184 0.0505 -2.4616
-3.5092 0.0513 -2.4614
-3.4992 0.0522 -2.4617
-3.4890 0.0526 -2.4618
-3.4785 0.0523 -2.4615
-3.4677 0.0513 -2.4605
-3.4568 0.0497 -2.4590
-3.4486 0.0463 -2.4544
-3.4394 0.0440 -2.4506
-3.4305 0.0423 -2.4464
-3.4224 0.0411 -2.4414
-3.4149 0.0402 -2.4354
-3.4087 0.0387 -2.4274
-3.4040 0.0360 -2.4172
-3.3980 0.0339 -2.4078
-3.3916 0.0318 -2.3986
-3.3849 0.0294 -2.3896
-3.3781 0.0267 -2.3810
-3.3720 0.0234 -2.3720
-3.3671 0.0194 -2.3622
-3.3603 0.0161 -2.3535
-3.3528 0.0134 -2.3451
-3.3451 0.0112 -2.3367
-3.3373 0.0096 -2.3281
-3.3294 0.0086 -2.3194
-3.3256 0.0046 -2.3086
-3.3189 0.0033 -2.2991
-3.3109 0.0030 -2.2899
-3.3022 0.0030 -2.2807
-3.2930 0.0031 -2.2714
-3.2831 0.0032 -2.2618
-3.2746 0.0011 -2.2511
-3.2645 0.0003 -2.2408
-3.2538 0.0000 -2.2304
-3.2428 0.0000 -2.2196
-3.2317 0.0000 -2.2084
-3.2207 0.0002 -2.1967
-3.2119 0.0004 -2.1822
-3.2021 0.0009 -2.1690
-3.1924 0.0015 -2.1558
-3.1830 0.0022 -2.1424
-3.1742 0.0029 -2.1289
-3.1662 0.0036 -2.1153
-3.1608 0.0044 -2.0996
-3.1549 0.0050 -2.0855
-3.1492 0.0054 -2.0723
-3.1438 0.0056 -2.0599
-3.1386 0.0055 -2.0483
-3.1332 0.0049 -2.0379
-3.1300 0.0048 -2.0275
-3.1248 0.0033 -2.0194
-3.1184 0.0011 -2.0131
-3.1113 -0.0017 -2.0084
-3.1037 -0.0047 -2.0050
-3.0957 -0.0077 -2.0028
-3.0881 -0.0098 -2.0001
-3.0795 -0.0123 -1.9994
-3.0701 -0.0148 -2.0001
-3.0601 -0.0172 -2.0017
-3.0496 -0.0194 -2.0042
-3.0377 -0.0218 -2.0062
-3.0239 -0.0246 -2.0072
-3.0113 -0.0267 -2.0099
-2.9987 -0.0286 -2.0131
-2.9859 -0.0303 -2.0165
-2.9729 -0.0318 -2.0197
-2.9461 -0.0343 -2.0250
-2.9322 -0.0354 -2.0267
-2.9179 -0.0366 -2.0277
-2.9030 -0.0381 -2.0277
-2.8877 -0.0399 -2.0264
-2.8718 -0.0422 -2.0238
-2.8522 -0.0462 -2.0168
-2.8339 -0.0503 -2.0109
-2.8158 -0.0546 -2.0048
-2.7976 -0.0588 -1.9981
-2.7793 -0.0626 -1.9905
-2.7609 -0.0658 -1.9820
-2.7405 -0.0690 -1.9712
-2.7215 -0.0708 -1.9605
-2.7031 -0.0713 -1.9494
-2.6856 -0.0704 -1.9376
-2.6687 -0.0682 -1.9252
-2.6526 -0.0652 -1.9122
-2.6349 -0.0618 -1.8970
-2.6187 -0.0584 -1.8823
-2.6028 -0.0552 -1.8674
-2.5870 -0.0524 -1.8522
-2.5714 -0.0496 -1.8369
-2.5561 -0.0466 -1.8216
-2.5387 -0.0426 -1.8046
-2.5237 -0.0385 -1.7888
-2.5099 -0.0341 -1.7732
-2.4969 -0.0294 -1.7578
-2.4845 -0.0245 -1.7425
-2.4726 -0.0197 -1.7276
-2.4599 -0.0145 -1.7115
-2.4480 -0.0101 -1.6970
-2.4361 -0.0063 -1.6835
-2.4239 -0.0033 -1.6707
-2.4112 -0.0011 -1.6586
-2.3974 -0.0001 -1.6468
-2.3824 -0.0006 -1.6354
-2.3669 -0.0014 -1.6250
-2.3508 -0.0027 -1.6154
-2.3341 -0.0045 -1.6064
-2.3169 -0.0069 -1.5980
-2.2993 -0.0098 -1.5901
-2.2802 -0.0149 -1.5826
-2.2614 -0.0189 -1.5756
-2.2425 -0.0227 -1.5693
-2.2232 -0.0262 -1.5637
-2.2035 -0.0293 -1.5591
-2.1836 -0.0320 -1.5554
-2.1616 -0.0362 -1.5520
-2.1405 -0.0384 -1.5503
-2.1200 -0.0393 -1.5502
-2.1002 -0.0388 -1.5518
-2.0814 -0.0371 -1.5547
-2.0635 -0.0347 -1.5582
-2.0435 -0.0327 -1.5593
-2.0253 -0.0308 -1.5622
-2.0075 -0.0293 -1.5661
-1.9896 -0.0281 -1.5710
-1.9720 -0.0269 -1.5770
-1.9550 -0.0255 -1.5837
-1.9373 -0.0249 -1.5901
-1.9207 -0.0243 -1.5965
-1.9042 -0.0243 -1.6024
-1.8876 -0.0254 -1.6077
-1.8706 -0.0277 -1.6122
-1.8532 -0.0313 -1.6158
-1.8374 -0.0358 -1.6191
-1.8199 -0.0412 -1.6210
-1.8015 -0.0472 -1.6220
-1.7829 -0.0529 -1.6221
-1.7644 -0.0582 -1.6215
-1.7463 -0.0629 -1.6200
-1.7304 -0.0670 -1.6185
-1.7129 -0.0707 -1.6150
-1.6949 -0.0741 -1.6103
-1.6765 -0.0769 -1.6046
-1.6580 -0.0790 -1.5982
-1.6398 -0.0804 -1.5915
-1.6225 -0.0810 -1.5848
-1.6037 -0.0806 -1.5775
-1.5842 -0.0793 -1.5700
-1.5644 -0.0771 -1.5623
-1.5447 -0.0741 -1.5544
-1.5254 -0.0704 -1.5462
-1.5084 -0.0670 -1.5373
-1.4907 -0.0630 -1.5272
-1.4729 -0.0590 -1.5158
-1.4549 -0.0555 -1.5028
-1.4368 -0.0528 -1.4884
-1.4188 -0.0506 -1.4731
-1.4011 -0.0485 -1.4575
-1.3863 -0.0457 -1.4421
-1.3713 -0.0421 -1.4272
-1.3572 -0.0376 -1.4123
-1.3439 -0.0328 -1.3973
-1.3314 -0.0281 -1.3818
-1.3213 -0.0240 -1.3658
-1.3104 -0.0201 -1.3504
-1.2991 -0.0168 -1.3357
-1.2876 -0.0139 -1.3218
-1.2757 -0.0117 -1.3087
-1.2632 -0.0102 -1.2963
-1.2516 -0.0102 -1.2852
-1.2385 -0.0103 -1.2742
-1.2244 -0.0111 -1.2636
-1.2096 -0.0126 -1.2534
-1.1942 -0.0148 -1.2435
-1.1784 -0.0176 -1.2339
-1.1631 -0.0211 -1.2252
-1.1471 -0.0247 -1.2163
-1.1308 -0.0284 -1.2075
-1.1145 -0.0320 -1.1992
-1.0982 -0.0354 -1.1912
-1.0822 -0.0388 -1.1838
-1.0664 -0.0423 -1.1771
-1.0503 -0.0447 -1.1708
-1.0343 -0.0460 -1.1654
-1.0186 -0.0462 -1.1613
-1.0035 -0.0450 -1.1586
-0.9886 -0.0448 -1.1568
-0.9739 -0.0469 -1.1554
-0.9596 -0.0465 -1.1543
-0.9452 -0.0457 -1.1530
-0.9303 -0.0452 -1.1518
-0.9149 -0.0449 -1.1510
-0.8993 -0.0445 -1.1510
-0.8834 -0.0482 -1.1513
-0.8679 -0.0492 -1.1521
-0.8525 -0.0498 -1.1527
-0.8371 -0.0511 -1.1527
-0.8215 -0.0533 -1.1519
-0.8057 -0.0567 -1.1500
-0.7903 -0.0610 -1.1472
-0.7744 -0.0659 -1.1435
-0.7582 -0.0711 -1.1389
-0.7420 -0.0766 -1.1337
-0.7260 -0.0819 -1.1278
-0.7102 -0.0870 -1.1214
-0.6951 -0.0918 -1.1144
-0.6805 -0.0958 -1.1065
-0.6664 -0.0992 -1.0977
-0.6527 -0.1020 -1.0880
-0.6394 -0.1042 -1.0777
-0.6263 -0.1056 -1.0672
-0.6127 -0.1084 -1.0575
-0.5991 -0.1094 -1.0474
-0.5852 -0.1096 -1.0372
-0.5707 -0.1091 -1.0270
-0.5558 -0.1080 -1.0166
-0.5406 -0.1064 -1.0062
-0.5262 -0.1052 -0.9956
-0.5114 -0.1026 -0.9849
-0.4969 -0.0991 -0.9741
-0.4829 -0.0955 -0.9628
-0.4694 -0.0923 -0.9507
-0.4564 -0.0897 -0.9372
-0.4451 -0.0876 -0.9222
-0.4332 -0.0865 -0.9059
-0.4215 -0.0857 -0.8888
-0.4103 -0.0846 -0.8716
-0.3997 -0.0827 -0.8547
-0.3902 -0.0797 -0.8382
-0.3819 -0.0758 -0.8223
-0.3746 -0.0715 -0.8062
-0.3683 -0.0671 -0.7899
-0.3629 -0.0631 -0.7733
-0.3584 -0.0593 -0.7568
-0.3545 -0.0560 -0.7403
-0.3506 -0.0527 -0.7241
-0.3470 -0.0504 -0.7083
-0.3432 -0.0489 -0.6926
-0.3390 -0.0484 -0.6771
-0.3345 -0.0488 -0.6619
-0.3297 -0.0498 -0.6468
-0.3239 -0.0503 -0.6321
-0.3184 -0.0520 -0.6177
-0.3129 -0.0545 -0.6035
-0.3074 -0.0574 -0.5897
-0.3018 -0.0606 -0.5762
-0.2961 -0.0639 -0.5630
-0.2892 -0.0670 -0.5503
-0.2830 -0.0699 -0.5376
-0.2768 -0.0725 -0.5252
-0.2704 -0.0744 -0.5136
-0.2638 -0.0752 -0.5034
-0.2572 -0.0748 -0.4946
-0.2478 -0.0759 -0.4885
-0.2407 -0.0754 -0.4819
-0.2342 -0.0749 -0.4748
-0.2277 -0.0750 -0.4670
-0.2204 -0.0762 -0.4588
-0.2117 -0.0780 -0.4504
-0.1991 -0.0808 -0.4425
-0.1868 -0.0824 -0.4356
-0.1742 -0.0831 -0.4296
-0.1616 -0.0837 -0.4241
-0.1491 -0.0848 -0.4184
-0.1370 -0.0866 -0.4119
-0.1233 -0.0880 -0.4037
-0.1114 -0.0908 -0.3952
-0.1003 -0.0940 -0.3862
-0.0896 -0.0974 -0.3767
-0.0791 -0.1007 -0.3667
-0.0683 -0.1035 -0.3557
-0.0570 -0.1052 -0.3434
-0.0467 -0.1069 -0.3321
-0.0368 -0.1079 -0.3210
-0.0272 -0.1083 -0.3102
-0.0176 -0.1080 -0.2993
-0.0082 -0.1073 -0.2885
0.0022 -0.1063 -0.2751
0.0121 -0.1049 -0.2633
0.0222 -0.1033 -0.2520
0.0328 -0.1014 -0.2409
0.0437 -0.0991 -0.2297
0.0551 -0.0964 -0.2178
0.0665 -0.0927 -0.2050
0.0770 -0.0884 -0.1934
0.0867 -0.0833 -0.1828
0.0955 -0.0777 -0.1728
0.1032 -0.0720 -0.1632
0.1101 -0.0670 -0.1533
0.1168 -0.0638 -0.1413
0.1217 -0.0611 -0.1293
0.1253 -0.0592 -0.1165
0.1276 -0.0582 -0.1026
0.1289 -0.0581 -0.0879
0.1291 -0.0586 -0.0725
0.1281 -0.0585 -0.0563
0.1263 -0.0591 -0.0406
0.1233 -0.0597 -0.0256
0.1191 -0.0597 -0.0115
0.1137 -0.0591 0.0015
0.1072 -0.0581 0.0136
0.0998 -0.0566 0.0258
0.0914 -0.0560 0.0374
0.0821 -0.0562 0.0489
0.0722 -0.0572 0.0606
0.0617 -0.0589 0.0724
0.0509 -0.0611 0.0846
0.0399 -0.0634 0.0972
0.0282 -0.0664 0.1092
0.0161 -0.0698 0.1207
0.0034 -0.0732 0.1318
-0.0099 -0.0766 0.1426
-0.0236 -0.0801 0.1530
-0.0379 -0.0836 0.1630
-0.0527 -0.0864 0.1722
-0.0679 -0.0885 0.1806
-0.0834 -0.0902 0.1884
-0.0992 -0.0912 0.1960
-0.1149 -0.0917 0.2031
-0.1297 -0.0921 0.2115
-0.1439 -0.0909 0.2175
-0.1573 -0.0885 0.2219
-0.1702 -0.0851 0.2251
-0.1827 -0.0814 0.2275
-0.1951 -0.0779 0.2294
-0.2063 -0.0752 0.2326
-0.2179 -0.0729 0.2346
-0.2293 -0.0714 0.2366
-0.2405 -0.0705 0.2389
-0.2514 -0.0703 0.2417
-0.2619 -0.0705 0.2446
-0.2686 -0.0700 0.2510
-0.2768 -0.0697 0.2549
-0.2851 -0.0693 0.2577
-0.2934 -0.0688 0.2598
-0.3016 -0.0685 0.2616
-0.3086 -0.0682 0.2656
-0.3138 -0.0680 0.2731
-0.3210 -0.0686 0.2772
-0.3287 -0.0696 0.2805
-0.3363 -0.0707 0.2836
-0.3437 -0.0719 0.2868
-0.3508 -0.0732 0.2901
-0.3527 -0.0763 0.2984
-0.3577 -0.0780 0.3030
-0.3635 -0.0792 0.3062
-0.3695 -0.0801 0.3089
-0.3755 -0.0807 0.3111
-0.3792 -0.0815 0.3133
-0.3793 -0.0825 0.3153
-0.3829 -0.0828 0.3171
-0.3874 -0.0829 0.3188
-0.3918 -0.0827 0.3205
-0.3957 -0.0822 0.3222
-0.3739 -0.0280 0.3147
-0.3169 0.0996 0.2944
-0.3006 0.1402 0.2889
-0.2971 0.1533 0.2881
-0.2975 0.1576 0.2890
-0.2991 0.1590 0.2905
-0.3010 0.1592 0.2924
-0.3209 0.1600 0.3001
-0.3281 0.1600 0.3039
-0.3312 0.1596 0.3063
-0.3329 0.1592 0.3082
-0.3339 0.1586 0.3099
-0.3347 0.1581 0.3114
-0.3517 0.1613 0.3222
-0.3571 0.1619 0.3266
-0.3588 0.1616 0.3288
-0.3592 0.1612 0.3303
-0.3591 0.1606 0.3314
-0.3589 0.1600 0.3323
-0.3643 0.1445 0.3462
-0.3658 0.1391 0.3510
-0.3662 0.1368 0.3529
-0.3663 0.1355 0.3538
-0.3665 0.1344 0.3543
-0.3668 0.1333 0.3547
-0.3679 0.1281 0.3625
-0.3686 0.1256 0.3650
-0.3691 0.1241 0.3658
-0.3693 0.1231 0.3660
-0.3694 0.1224 0.3659
-0.3694 0.1219 0.3658
-0.3680 0.1153 0.3684
-0.3676 0.1129 0.3691
-0.3674 0.1120 0.3693
-0.3675 0.1116 0.3692
-0.3675 0.1113 0.3691
-0.3677 0.1111 0.3690
-0.3726 0.1028 0.3689
-0.3744 0.1001 0.3688
-0.3751 0.0992 0.3688
-0.3754 0.0989 0.3688
-0.3757 0.0987 0.3688
-0.3765 0.0977 0.3686
-0.3782 0.0953 0.3683
-0.3788 0.0945 0.3682
-0.3792 0.0942 0.3681
-0.3794 0.0941 0.3681
-0.3796 0.0941 0.3681
-0.3797 0.0941 0.3680
-0.3810 0.0950 0.3635
-0.3814 0.0951 0.3620
-0.3815 0.0951 0.3615
-0.3815 0.0951 0.3611
-0.3814 0.0949 0.3609
-0.3812 0.0947 0.3606
-0.3816 0.0944 0.3606
-0.3816 0.0941 0.3604
-0.3814 0.0938 0.3601
-0.3811 0.0936 0.3599
-0.3809 0.0933 0.3596
-0.3807 0.0931 0.3593
-0.3832 0.0872 0.3600
-0.3839 0.0850 0.3601
-0.3841 0.0840 0.3600
-0.3842 0.0834 0.3599
-0.3842 0.0830 0.3597
-0.3841 0.0827 0.3595
-0.3842 0.0821 0.3597
-0.3843 0.0817 0.3596
-0.3842 0.0816 0.3594
-0.3841 0.0815 0.3592
-0.3840 0.0815 0.3591
-0.3838 0.0816 0.3589
-0.3807 0.0776 0.3549
-0.3796 0.0764 0.3535
-0.3790 0.0761 0.3530
-0.3787 0.0761 0.3529
-0.3785 0.0762 0.3528
-0.3783 0.0762 0.3527
-0.3782 0.0767 0.3529
-0.3781 0.0769 0.3529
-0.3779 0.0769 0.3529
-0.3778 0.0769 0.3528
-0.3776 0.0769 0.3528
-0.3775 0.0768 0.3526
-0.3743 0.0809 0.3490
-0.3732 0.0820 0.3478
-0.3728 0.0822 0.3473
-0.3726 0.0822 0.3470
-0.3725 0.0821 0.3468
-0.3724 0.0820 0.3466
-0.3729 0.0815 0.3471
-0.3732 0.0811 0.3472
-0.3733 0.0809 0.3471
-0.3733 0.0807 0.3470
-0.3733 0.0806 0.3468
-0.3733 0.0804 0.3467
-0.3731 0.0741 0.3467
-0.3731 0.0720 0.3467
-0.3731 0.0713 0.3466
-0.3730 0.0710 0.3465
-0.3730 0.0709 0.3463
-0.3729 0.0708 0.3462
-0.3729 0.0714 0.3469
-0.3728 0.0715 0.3471
-0.3727 0.0716 0.3471
-0.3727 0.0716 0.3470
-0.3726 0.0715 0.3469
-0.3725 0.0714 0.3468
-0.3708 0.0720 0.3443
-0.3702 0.0721 0.3434
-0.3699 0.0721 0.3431
-0.3697 0.0721 0.3430
-0.3696 0.0721 0.3429
-0.3695 0.0721 0.3428
-0.3698 0.0722 0.3433
-0.3698 0.0723 0.3435
-0.3698 0.0723 0.3435
-0.3697 0.0724 0.3435
-0.3696 0.0724 0.3435
-0.3695 0.0725 0.3435
-0.3694 0.0722 0.3433
-0.3693 0.0721 0.3432
-0.3692 0.0721 0.3432
-0.3691 0.0722 0.3432
-0.3690 0.0722 0.3432
-0.3689 0.0723 0.3432
-0.3691 0.0723 0.3431
-0.3691 0.0724 0.3430
-0.3690 0.0725 0.3430
-0.3688 0.0727 0.3429
-0.3687 0.0729 0.3429
-0.3685 0.0730 0.3429
-0.3685 0.0726 0.3429
-0.3684 0.0725 0.3430
-0.3683 0.0725 0.3430
-0.3683 0.0724 0.3430
-0.3683 0.0723 0.3430
-0.3683 0.0722 0.3430
-0.3678 0.0721 0.3429
-0.3676 0.0721 0.3428
-0.3674 0.0720 0.3427
-0.3673 0.0720 0.3426
-0.3672 0.0719 0.3425
-0.3672 0.0717 0.3424
-0.3618 0.0716 0.3421
-0.3601 0.0715 0.3419
-0.3595 0.0714 0.3419
-0.3593 0.0713 0.3418
-0.3591 0.0713 0.3417
-0.3590 0.0714 0.3415
-0.3612 0.0699 0.3441
-0.3618 0.0695 0.3449
-0.3620 0.0693 0.3451
-0.3619 0.0692 0.3450
-0.3619 0.0692 0.3450
-0.3618 0.0692 0.3449
-0.3656 0.0712 0.3473
-0.3667 0.0719 0.3481
-0.3670 0.0721 0.3482
-0.3671 0.0722 0.3482
-0.3671 0.0722 0.3482
-0.3670 0.0722 0.3481
-0.3695 0.0737 0.3496
-0.3703 0.0741 0.3501
-0.3705 0.0743 0.3502
-0.3705 0.0743 0.3502
-0.3705 0.0743 0.3502
-0.3704 0.0742 0.3502
-0.3714 0.0744 0.3509
-0.3716 0.0745 0.3510
-0.3716 0.0745 0.3511
-0.3715 0.0745 0.3510
-0.3714 0.0744 0.3510
-0.3713 0.0744 0.3510
-0.3717 0.0750 0.3512
-0.3717 0.0752 0.3513
-0.3717 0.0752 0.3513
-0.3716 0.0751 0.3514
-0.3716 0.0750 0.3514
-0.3715 0.0750 0.3514
-0.3714 0.0749 0.3514
-0.3715 0.0748 0.3517
-0.3716 0.0746 0.3518
-0.3716 0.0745 0.3519
-0.3716 0.0744 0.3519
-0.3716 0.0743 0.3520
-0.3716 0.0742 0.3521
-0.3715 0.0742 0.3521
-0.3714 0.0742 0.3522
-0.3713 0.0742 0.3523
-0.3712 0.0742 0.3523
-0.3711 0.0743 0.3524
-0.3711 0.0743 0.3525
-0.3712 0.0745 0.3527
-0.3712 0.0745 0.3529
-0.3711 0.0746 0.3530
-0.3710 0.0747 0.3531
-0.3709 0.0748 0.3532
-0.3710 0.0749 0.3533
-0.3709 0.0751 0.3534
-0.3709 0.0752 0.3535
-0.3708 0.0753 0.3536
-0.3707 0.0753 0.3537
-0.3706 0.0754 0.3538
-0.3704 0.0755 0.3542
-0.3704 0.0756 0.3545
-0.3703 0.0756 0.3546
-0.3703 0.0758 0.3547
-0.3702 0.0760 0.3548
-0.3701 0.0761 0.3550
-0.3699 0.0762 0.3553
-0.3698 0.0764 0.3555
-0.3698 0.0765 0.3556
-0.3697 0.0765 0.3557
-0.3697 0.0766 0.3557
-0.3698 0.0766 0.3558
-0.3696 0.0765 0.3561
-0.3697 0.0765 0.3563
-0.3697 0.0765 0.3563
-0.3698 0.0765 0.3563
-0.3699 0.0766 0.3563
-0.3700 0.0766 0.3562
-0.3700 0.0764 0.3563
-0.3701 0.0764 0.3564
-0.3702 0.0764 0.3563
-0.3703 0.0763 0.3563
-0.3703 0.0763 0.3563
-0.3704 0.0762 0.3562
-0.3707 0.0763 0.3562
-0.3708 0.0763 0.3561
-0.3709 0.0763 0.3560
-0.3710 0.0763 0.3558
-0.3711 0.0762 0.3557
-0.3711 0.0761 0.3557
-0.3712 0.0756 0.3560
-0.3712 0.0754 0.3560
-0.3713 0.0752 0.3560
-0.3713 0.0751 0.3560
-0.3713 0.0750 0.3560
-0.3713 0.0749 0.3560
-0.3712 0.0749 0.3560
-0.3713 0.0748 0.3563
-0.3713 0.0749 0.3565
-0.3711 0.0749 0.3565
-0.3710 0.0750 0.3566
-0.3709 0.0750 0.3566
-0.3710 0.0751 0.3565
-0.3710 0.0752 0.3565
-0.3709 0.0752 0.3565
-0.3707 0.0753 0.3565
-0.3705 0.0754 0.3565
-0.3704 0.0755 0.3565
-0.3707 0.0751 0.3562
-0.3707 0.0751 0.3561
-0.3706 0.0752 0.3561
-0.3705 0.0752 0.3560
-0.3703 0.0753 0.3560
-0.3701 0.0754 0.3559
-0.3702 0.0755 0.3558
-0.3701 0.0756 0.3557
-0.3700 0.0756 0.3557
-0.3698 0.0756 0.3556
-0.3697 0.0757 0.3555
-0.3695 0.0757 0.3554
-0.3698 0.0757 0.3554
-0.3698 0.0758 0.3554
-0.3697 0.0759 0.3553
-0.3697 0.0759 0.3552
-0.3696 0.0760 0.3551
-0.3696 0.0760 0.3550
-0.3697 0.0762 0.3548
-0.3697 0.0762 0.3547
-0.3697 0.0763 0.3546
-0.3696 0.0764 0.3545
-0.3695 0.0766 0.3543
-0.3695 0.0767 0.3542
-0.3695 0.0769 0.3540
-0.3695 0.0771 0.3539
-0.3695 0.0773 0.3537
-0.3694 0.0775 0.3535
-0.3694 0.0777 0.3534
-0.3693 0.0778 0.3532
-0.3691 0.0776 0.3532
-0.3691 0.0776 0.3531
-0.3690 0.0777 0.3530
-0.3690 0.0777 0.3529

