0.0000 0.0000 0.0000
0.0000 0.0000 0.0000
0.0000 0.0000 0.0000
0.0000 0.0000 0.0000
0.0000 0.0000 0.0000
0.0000 0.0000 0.0000
0.0000 0.0000 0.0000
0.0000 0.0000 0.0000
0.0000 0.0000 0.0000
0.0000 0.0000 0.0000
0.0000 0.0000 0.0000
0.0000 0.0000 0.0000
0.0000 0.0000 0.0000
0.0000 0.0000 0.0000
0.0000 0.0000 0.0000
0.0000 0.0000 0.0000
0.0000 0.0000 0.0000
0.0000 0.0000 0.0000
0.0000 0.0000 0.0000
0.0000 0.0000 0.0000
0.0000 0.0000 0.0000
0.0000 0.0000 0.0000
0.0000 0.0000 0.0000
0.0000 0.0000 0.0000
0.0000 0.0000 0.0000
0.0000 0.0000 0.0000
0.0000 0.0000 0.0000
0.0000 0.0000 0.0000
0.0000 0.0000 0.0000
0.0000 0.0000 0.0000
0.0000 0.0000 0.0000
0.0000 0.0000 0.0000
0.0000 0.0000 0.0000
0.0000 0.0000 0.0000
0.0000 0.0000 0.0000
0.0000 0.0000 0.0000
0.0000 0.0000 0.0000
0.0000 0.0000 0.0000
0.0000 0.0000 0.0000
0.0000 0.0000 0.0000
0.0000 0.0000 0.0000
0.0000 0.0000 0.0000
0.0000 0.0000 0.0000
0.0000 0.0000 0.0000
0.0000 0.0000 0.0000
0.0000 0.0000 0.0000
0.0000 0.0000 0.0000
0.0000 0.0000 0.0000
0.0000 0.0000 0.0000
0.0000 0.0000 0.0000
0.0000 0.0000 0.0000
0.0000 0.0000 0.0000
0.0000 0.0000 0.0000
0.0000 0.0000 0.0000
0.0000 0.0000 0.0000
0.0000 0.0000 0.0000
0.0000 0.0000 0.0000
0.0000 0.0000 0.0000
0.0000 0.0000 0.0000
0.0000 0.0000 0.0000
0.0000 0.0000 0.0000
0.0000 0.0000 0.0000
0.0000 0.0000 0.0000
0.0000 0.0000 0.0000
0.0000 0.0000 0.0000
0.0000 0.0000 0.0000
0.0000 0.0000 0.0000
0.0000 0.0000 0.0000
0.0000 0.0000 0.0000
0.0000 0.0000 0.0000
0.0000 0.0000 0.0000
0.0000 0.0000 0.0000
0.0000 0.0000 0.0000
0.0000 0.0000 0.0000
0.0000 0.0000 0.0000
0.0000 0.0000 0.0000
0.0000 0.0000 0.0000
0.0000 0.0000 0.0000
0.0000 0.0000 0.0000
0.0000 0.0000 0.0000
0.0000 0.0000 0.0000
0.0000 0.0000 0.0000
0.0000 0.0000 0.0000
0.0000 0.0000 0.0000
0.0000 0.0000 0.0000
0.0000 0.0000 0.0000
0.0000 0.0000 0.0000
0.0000 0.0000 0.0000
0.0000 0.0000 0.0000
0.0000 0.0000 0.0000
0.0052 0.0065 -0.0054
0.0099 0.0127 -0.0109
0.0140 0.0185 -0.0164
0.0174 0.0242 -0.0216
0.0409 0.0471 0.0075
0.0509 0.0591 0.0151
0.0565 0.0677 0.0159
0.0609 0.0753 0.0149
0.0651 0.0824 0.0134
0.0694 0.0889 0.0120
0.0778 0.0996 -0.0021
0.0841 0.1066 -0.0079
0.0899 0.1119 -0.0108
0.0959 0.1160 -0.0126
0.1023 0.1193 -0.0140
0.1091 0.1219 -0.0151
0.1109 0.1292 -0.0316
0.1164 0.1325 -0.0384
0.1231 0.1342 -0.0419
0.1300 0.1351 -0.0444
0.1367 0.1352 -0.0464
0.1435 0.1350 -0.0482
0.1446 0.1354 -0.0530
0.1498 0.1357 -0.0558
0.1562 0.1356 -0.0578
0.3391 0.1510 -0.0587
0.3632 0.1482 -0.0652
0.3849 0.1420 -0.0820
0.3896 0.1400 -0.0878
0.3981 0.1422 -0.0931
0.4038 0.1416 -0.0990
0.4085 0.1401 -0.1051
0.4129 0.1385 -0.1112
0.4171 0.1369 -0.1172
0.4212 0.1354 -0.1231
0.4249 0.1372 -0.1290
0.4288 0.1370 -0.1347
0.4328 0.1361 -0.1404
0.4369 0.1351 -0.1461
0.4411 0.1339 -0.1520
0.4453 0.1327 -0.1581
0.4466 0.1342 -0.1650
0.4499 0.1339 -0.1715
0.4538 0.1329 -0.1780
0.4579 0.1318 -0.1845
0.4621 0.1305 -0.1911
0.4664 0.1293 -0.1980
0.4692 0.1291 -0.2056
0.4730 0.1283 -0.2129
0.4772 0.1274 -0.2203
0.4817 0.1263 -0.2278
0.4865 0.1251 -0.2356
0.4914 0.1239 -0.2437
0.4938 0.1229 -0.2518
0.4981 0.1219 -0.2605
0.5032 0.1208 -0.2695
0.5084 0.1199 -0.2787
0.5136 0.1192 -0.2882
0.5185 0.1188 -0.2977
0.5198 0.1190 -0.3068
0.5227 0.1196 -0.3161
0.5296 0.1218 -0.3349
0.5331 0.1230 -0.3445
0.5368 0.1240 -0.3540
0.5384 0.1267 -0.3641
0.5414 0.1277 -0.3738
0.5448 0.1280 -0.3834
0.5481 0.1280 -0.3929
0.5513 0.1278 -0.4024
0.5543 0.1276 -0.4118
0.5552 0.1289 -0.4202
0.5570 0.1292 -0.4291
0.5590 0.1291 -0.4381
0.5608 0.1289 -0.4472
0.5624 0.1288 -0.4564
0.5640 0.1287 -0.4657
0.5655 0.1288 -0.4751
0.5669 0.1289 -0.4847
0.5684 0.1288 -0.4946
0.5701 0.1284 -0.5048
0.5709 0.1292 -0.5135
0.5723 0.1287 -0.5236
0.5738 0.1277 -0.5343
0.5753 0.1266 -0.5452
0.5767 0.1256 -0.5562
0.5779 0.1246 -0.5671
0.5779 0.1253 -0.5756
0.5788 0.1252 -0.5854
0.5801 0.1247 -0.5954
0.5819 0.1240 -0.6055
0.5840 0.1233 -0.6155
0.5862 0.1225 -0.6255
0.5875 0.1233 -0.6340
0.5900 0.1228 -0.6435
0.5931 0.1220 -0.6532
0.5967 0.1211 -0.6631
0.6009 0.1200 -0.6733
0.6055 0.1188 -0.6838
0.6103 0.1182 -0.6929
0.6156 0.1171 -0.7036
0.6212 0.1159 -0.7150
0.6273 0.1147 -0.7267
0.6338 0.1136 -0.7385
0.6408 0.1128 -0.7502
0.6478 0.1135 -0.7604
0.6558 0.1135 -0.7714
0.6645 0.1133 -0.7824
0.6737 0.1133 -0.7933
0.6831 0.1136 -0.8041
0.6928 0.1143 -0.8147
0.7021 0.1174 -0.8238
0.7120 0.1194 -0.8336
0.7223 0.1213 -0.8436
0.7325 0.1234 -0.8539
0.7425 0.1258 -0.8644
0.7521 0.1287 -0.8752
0.7598 0.1340 -0.8875
0.7676 0.1384 -0.8986
0.7748 0.1430 -0.9089
0.7814 0.1480 -0.9188
0.7878 0.1531 -0.9282
0.7941 0.1575 -0.9372
0.8010 0.1617 -0.9475
0.8073 0.1644 -0.9577
0.8133 0.1660 -0.9681
0.8192 0.1669 -0.9786
0.8253 0.1671 -0.9889
0.8314 0.1670 -0.9988
0.8376 0.1681 -1.0095
0.8439 0.1686 -1.0186
0.8503 0.1688 -1.0271
0.8568 0.1688 -1.0352
0.8634 0.1686 -1.0430
0.8702 0.1682 -1.0504
0.8774 0.1680 -1.0578
0.8843 0.1673 -1.0651
0.8910 0.1662 -1.0726
0.8978 0.1647 -1.0806
0.9048 0.1630 -1.0888
0.9122 0.1614 -1.0971
0.9202 0.1646 -1.1050
0.9281 0.1646 -1.1135
0.9358 0.1635 -1.1222
0.9435 0.1623 -1.1312
0.9510 0.1612 -1.1403
0.9585 0.1606 -1.1495
0.9654 0.1641 -1.1582
0.9725 0.1656 -1.1671
0.9794 0.1668 -1.1762
0.9863 0.1681 -1.1852
0.9930 0.1696 -1.1943
0.9997 0.1714 -1.2033
1.0047 0.1788 -1.2122
1.0108 0.1825 -1.2212
1.0171 0.1851 -1.2301
1.0231 0.1874 -1.2388
1.0286 0.1899 -1.2473
1.0338 0.1929 -1.2557
1.0440 0.1979 -1.2670
1.0499 0.2019 -1.2755
1.0543 0.2053 -1.2828
1.0580 0.2082 -1.2894
1.0616 0.2106 -1.2955
1.0649 0.2125 -1.3011
1.0651 0.2152 -1.3040
1.0674 0.2166 -1.3083
1.0704 0.2174 -1.3128
1.0734 0.2179 -1.3173
1.0764 0.2183 -1.3216
1.0791 0.2188 -1.3254
1.0799 0.2213 -1.3261
1.0819 0.2221 -1.3287
1.0842 0.2222 -1.3318
1.0865 0.2220 -1.3350
1.0888 0.2216 -1.3380
1.0911 0.2212 -1.3406
1.0937 0.2226 -1.3403
1.0960 0.2226 -1.3417
1.0979 0.2222 -1.3436
1.0997 0.2217 -1.3455
1.1012 0.2212 -1.3474
1.1029 0.2214 -1.3482
1.1049 0.2225 -1.3476
1.1062 0.2228 -1.3485
1.1073 0.2229 -1.3499
1.1084 0.2228 -1.3515
1.1096 0.2224 -1.3530
1.1109 0.2217 -1.3539
1.1120 0.2210 -1.3535
1.1135 0.2201 -1.3542
1.1150 0.2192 -1.3553
1.1166 0.2182 -1.3564
1.1180 0.2172 -1.3575
1.1193 0.2164 -1.3576
1.1208 0.2157 -1.3563
1.1219 0.2153 -1.3563
1.1228 0.2149 -1.3566
1.1238 0.2146 -1.3569
1.1248 0.2143 -1.3571
1.1260 0.2140 -1.3566
1.1274 0.2137 -1.3550
1.1288 0.2135 -1.3544
1.1302 0.2133 -1.3541
1.1314 0.2132 -1.3540
1.1324 0.2131 -1.3540
1.1332 0.2128 -1.3538
1.1336 0.2124 -1.3531
1.1340 0.2122 -1.3530
1.1342 0.2120 -1.3529
1.1345 0.2118 -1.3528
1.1347 0.2114 -1.3528
1.1348 0.2110 -1.3523
1.1344 0.2108 -1.3509
1.1346 0.2103 -1.3505
1.1349 0.2098 -1.3502
1.1353 0.2094 -1.3499
1.1357 0.2090 -1.3495
1.1366 0.2083 -1.3483
1.1385 0.2068 -1.3461
1.1393 0.2063 -1.3449
1.1398 0.2061 -1.3440
1.1401 0.2059 -1.3432
1.1405 0.2058 -1.3425
1.1412 0.2054 -1.3410
1.1425 0.2049 -1.3383
1.1433 0.2044 -1.3370
1.1440 0.2041 -1.3361
1.1446 0.2037 -1.3353
1.1452 0.2034 -1.3346
1.1460 0.2029 -1.3333
1.1472 0.2022 -1.3308
1.1480 0.2019 -1.3296
1.1486 0.2018 -1.3289
1.1491 0.2019 -1.3283
1.1496 0.2019 -1.3278
1.1502 0.2020 -1.3269
1.1512 0.2019 -1.3252
1.1518 0.2019 -1.3245
1.1523 0.2020 -1.3240
1.1528 0.2020 -1.3237
1.1532 0.2020 -1.3236
1.1535 0.2018 -1.3234
1.1538 0.2012 -1.3232
1.1540 0.2009 -1.3232
1.1543 0.2007 -1.3232
1.1545 0.2003 -1.3232
1.1547 0.2001 -1.3233
1.1551 0.1997 -1.3233
1.1558 0.1993 -1.3233
1.1562 0.1989 -1.3233
1.1564 0.1986 -1.3234
1.1565 0.1984 -1.3235
1.1567 0.1982 -1.3236
1.1567 0.1980 -1.3239
1.1564 0.1979 -1.3247
1.1565 0.1978 -1.3249
1.1566 0.1977 -1.3250
1.1568 0.1976 -1.3251
1.1570 0.1974 -1.3252
1.1571 0.1972 -1.3255
1.1571 0.1971 -1.3264
1.1572 0.1969 -1.3266
1.1574 0.1968 -1.3266
1.1576 0.1967 -1.3266
1.1578 0.1965 -1.3266
1.1577 0.1962 -1.3268
1.1571 0.1958 -1.3274
1.1570 0.1956 -1.3276
1.1571 0.1955 -1.3276
1.1572 0.1953 -1.3276
1.1574 0.1952 -1.3275
1.1577 0.1950 -1.3275
1.1585 0.1946 -1.3276
1.1590 0.1944 -1.3276
1.1593 0.1943 -1.3275
1.1595 0.1941 -1.3275
1.1598 0.1940 -1.3274
1.1600 0.1939 -1.3275
1.1601 0.1937 -1.3278
1.1603 0.1935 -1.3278
1.1605 0.1934 -1.3278
1.1607 0.1934 -1.3277
1.1609 0.1933 -1.3276
1.1609 0.1933 -1.3276
1.1607 0.1934 -1.3275
1.1607 0.1933 -1.3274
1.1607 0.1933 -1.3274
1.1608 0.1932 -1.3273
1.1609 0.1931 -1.3272
1.1612 0.1930 -1.3269
1.1620 0.1929 -1.3261
1.1622 0.1929 -1.3258
1.1624 0.1928 -1.3257
1.1624 0.1928 -1.3257
1.1624 0.1927 -1.3258
1.1617 0.1928 -1.3257
1.1598 0.1931 -1.3255
1.1592 0.1932 -1.3255
1.1590 0.1932 -1.3254
1.1589 0.1932 -1.3254
1.1588 0.1932 -1.3254
1.1587 0.1934 -1.3254
1.1584 0.1939 -1.3254
1.1583 0.1941 -1.3253
1.1583 0.1941 -1.3253
1.1583 0.1940 -1.3253
1.1583 0.1940 -1.3252
1.1582 0.1941 -1.3252
1.1579 0.1945 -1.3253
1.1578 0.1946 -1.3254
1.1578 0.1946 -1.3254

