0.0000 0.0000 0.0000
0.0000 0.0000 0.0000
0.0000 0.0000 0.0000
0.0000 0.0000 0.0000
0.0000 0.0000 0.0000
0.0000 0.0000 0.0000
0.0000 0.0000 0.0000
0.0000 0.0000 0.0000
0.4289 0.6630 0.6386
0.5092 1.2133 0.8960
0.5545 1.8351 0.6973
0.5605 1.5293 0.2069
0.3225 1.3071 0.1863
-1.3697 0.3274 -0.3936
-2.7257 0.3957 -0.7632
-3.2562 0.7493 -1.0234
-4.4368 1.6346 -1.5872
-5.2099 2.2485 -2.1672
-5.4747 2.3358 -2.4619
-5.8829 2.3960 -2.9840
-5.8747 2.8091 -3.3263
-5.4722 3.4275 -3.4137
-4.5452 3.9105 -3.2662
-3.8793 3.6882 -3.0062
-3.6167 3.5576 -2.8896
-3.5051 2.8345 -2.6295
-3.6672 2.0870 -2.2678
-3.6849 2.1260 -2.0146
-3.8609 2.1084 -1.5545
-3.2483 1.8342 -1.0745
-0.2061 0.1855 -1.1356
0.3287 -0.1048 -1.3262
0.5775 -0.1792 -1.3805
0.5799 -0.0308 -1.2210
0.3991 0.2510 -0.8700
0.3560 0.3869 -0.6985
0.4391 0.1280 -0.6512
1.0386 -0.6528 -1.0047
1.2575 -0.9000 -1.1020
1.2460 -1.1011 -1.0834
1.1230 -1.4279 -0.8993
1.1337 -1.4081 -0.8074
1.8047 -0.9327 -0.8172
2.4585 -1.2844 -0.7792
2.6793 -1.2286 -0.7647
2.5824 -0.9923 -0.8255
1.2029 -1.4408 -0.7644
0.6793 -0.9672 -0.7025
0.1218 0.2707 -0.4932
-0.0023 0.6003 -0.0732
0.0430 0.5457 0.0448
0.1955 0.4965 -0.0501
0.0953 0.2185 -0.2297
-0.1202 0.0874 -0.2788
-0.6053 0.1975 -0.2325
-0.8989 0.2476 -0.1615
-0.9326 0.1980 -0.1567
-0.7603 -0.1140 -0.3013
-0.4472 -0.4734 -0.5977
-0.3801 -0.4228 -0.7066
-0.5558 0.0364 -0.6050
-0.6932 0.3289 -0.4352
-0.9073 0.5405 -0.2487
-0.9248 -0.0004 -0.2777
-0.7997 -0.2875 -0.3688
-0.4696 -0.6262 -0.5656
-0.2944 -0.5426 -0.6394
-0.2817 -0.4260 -0.6462
-0.4563 -0.2755 -0.5258
-0.6447 -0.1894 -0.3585
-0.6209 -0.1522 -0.3556
-0.5204 -0.2056 -0.4850
-0.4223 -0.2229 -0.5548
-0.3640 -0.2337 -0.5991
-0.3497 -0.5828 -0.7362
-0.3468 -0.9471 -0.8556
-0.4361 -1.0744 -0.8304
-0.5552 -0.8393 -0.6295
-0.5856 -0.5363 -0.5732
-0.5842 -0.5185 -0.5902
-0.4582 -0.3952 -0.6367
-0.4298 0.0172 -0.4179
-0.4679 0.2628 -0.2673
-0.5376 0.5582 -0.0176
-0.6787 0.5168 0.1706
-0.6988 0.6155 0.2270
-0.6751 0.9479 0.2220
-0.6635 0.9458 0.1872
-0.5849 0.5089 0.1126
-0.3513 0.2090 -0.0049
-0.2090 0.2231 -0.0673
0.0943 0.3328 -0.1636
0.3879 0.4594 -0.2894
0.5176 0.4492 -0.3922
0.7053 0.2026 -0.6502
0.7978 -0.0645 -0.8082
0.8203 -0.0671 -0.8579
0.7930 -0.0516 -0.9064
0.7155 -0.1457 -0.9612
0.6840 -0.2316 -1.0115
0.6821 -0.4709 -1.1864
0.7016 -0.5811 -1.3403
0.6864 -0.5693 -1.3806
0.6764 -0.5948 -1.3705
0.6709 -0.8547 -1.2872
0.6206 -1.0619 -1.2364
0.6048 -1.1927 -1.2785
1.0508 -0.5846 -1.7280
0.9290 -0.6995 -1.6901
0.5094 -0.6201 -1.4995
0.2848 -0.6065 -1.3944
0.2496 -0.6826 -1.3605
0.2369 -0.7318 -1.3366
0.2092 -0.6167 -1.2591
-0.7149 -0.3866 -1.2895
-0.7879 -0.0472 -1.4903
-0.5568 0.1484 -1.4431
-0.4035 0.2022 -1.3695
-0.3098 0.2128 -1.3225
-0.3011 0.1518 -1.2897
-0.3001 0.0160 -1.1801
-0.2376 -0.0576 -1.1581
-0.2125 -0.0133 -1.1691
-0.1964 0.1765 -1.1659
-0.1847 0.2227 -1.1522
-0.1689 0.2091 -1.1453
-0.1074 0.1100 -1.0943
-0.0642 0.0593 -1.0536
-0.0018 0.0133 -0.9288
0.0144 -0.0039 -0.7860
0.0373 -0.0118 -0.7288
0.0735 -0.0412 -0.6174
0.1421 -0.0909 -0.4844
0.2034 -0.0970 -0.4149
0.2112 -0.0269 -0.3052
0.0494 0.0828 -0.2076
-0.0312 0.0900 -0.1497
-0.0532 0.0834 -0.0394
0.0566 0.0355 0.0523
0.1130 0.0149 0.0687
0.1436 -0.1104 0.0344
0.0034 -0.3227 -0.0279
-0.1154 -0.3871 -0.0572
-0.3157 -0.3128 -0.1143
-0.3084 -0.0404 -0.1104
-0.2218 0.1069 -0.0978
0.0621 0.2465 -0.1405
0.3234 0.1020 -0.1381
0.3819 0.0020 -0.1307
0.3296 -0.1082 -0.1009
0.2008 -0.0060 -0.0959
0.1415 0.0725 -0.1053
0.1509 0.0435 -0.1382
0.1961 -0.0959 -0.2774
0.2207 -0.1504 -0.3560
0.2432 -0.2709 -0.5141
0.1902 -0.3423 -0.6503
0.1111 -0.3317 -0.7062
-0.0775 -0.2285 -0.8016
-0.1495 -0.0751 -0.8633
-0.1247 -0.0518 -0.8744
0.0398 -0.1434 -0.8176
0.2537 -0.2698 -0.6905
0.3176 -0.3483 -0.6271
0.3222 -0.3786 -0.6129
0.1287 -0.2522 -0.6591
-0.0058 -0.1834 -0.6782
-0.1371 -0.0515 -0.8054
-0.1506 -0.0673 -0.8430
-0.1277 -0.1999 -0.9509
-0.0618 -0.3197 -1.1482
-0.0015 -0.3529 -1.2242
0.2063 -0.3440 -1.2536
0.3341 -0.3661 -1.2257
0.3190 -0.3795 -1.1962
0.3056 -0.2530 -1.1128
0.2718 -0.3818 -1.0188
0.2540 -0.4519 -0.9760
0.1389 -0.5760 -0.8751
0.0517 -0.5548 -0.7567
0.0594 -0.6255 -0.7065
0.0588 -0.8193 -0.6224
-0.0191 -0.9317 -0.5553
-0.0600 -0.8903 -0.5492
-0.1193 -0.7807 -0.5949
-0.0961 -0.5510 -0.6546
-0.0530 -0.4520 -0.6726
0.0550 -0.3261 -0.6542
0.1919 -0.1847 -0.5265
0.2560 -0.1377 -0.4417
0.2950 -0.1422 -0.2650
0.2970 -0.1593 -0.1088
0.3165 -0.1167 -0.0405
0.3757 0.0675 0.0677
0.4118 0.1454 0.1004
0.4568 0.1635 0.1338
0.3651 -0.0768 0.2146
0.2998 -0.2796 0.2365
0.2225 -0.4432 0.2448
0.1402 -0.4222 0.0832
0.0353 -0.4497 -0.0315
-0.2314 -0.5995 -0.2789
-0.4920 -0.5520 -0.4396
-0.5562 -0.4323 -0.4795
-0.2547 -0.0660 -0.5041
0.5448 0.2367 -0.4257
0.8858 0.2072 -0.2124
1.2398 -0.0216 0.1146
1.1254 0.0378 -0.0439
0.8749 0.1437 -0.2380
0.2291 0.3029 -0.5693
-0.4885 0.4110 -0.5974
-0.6836 0.5947 -0.5427
-0.7133 0.8314 -0.4589
-0.4463 0.8238 -0.2813
-0.2915 0.7725 -0.2049
-0.0306 0.7651 -0.1499
0.0410 0.6194 -0.1554
0.0384 0.4553 -0.1329
0.1100 0.1890 -0.0512
0.1665 -0.0163 -0.0164
0.0299 -0.1412 0.1338
0.0352 0.1252 0.0117
0.0517 0.1886 -0.0168
0.0138 0.2388 0.1319
0.0021 0.1946 0.3797
0.0362 0.1978 0.4809
0.0700 0.2446 0.6311
0.0519 0.3220 0.7387
0.0434 0.3340 0.7692
0.0670 0.3079 0.8142
0.2231 0.2230 0.8444
0.3235 0.2068 0.8652
0.4899 0.2691 0.9414
0.4881 0.3872 0.9960
0.4239 0.4449 1.0410
0.3135 0.5052 1.0548
0.2016 0.4115 1.0122
0.1044 0.3465 0.9949
-0.0903 0.1527 0.9359
-0.2837 -0.0896 0.9405
-0.4040 -0.0971 0.9616
-0.5211 0.1610 0.9797
-0.3420 0.4764 0.9683
-0.1826 0.5174 0.9851
0.1218 0.5112 1.0170
0.2213 0.5415 0.9756
0.1936 0.4591 0.9210
0.0978 0.2518 0.7985
0.0630 0.1638 0.7223
-0.0229 0.0626 0.5339
-0.0659 0.0773 0.4786
-0.0931 0.1433 0.4348
-0.0389 0.2671 0.3610
0.0771 0.2360 0.3241
0.0936 0.1793 0.3130
0.0815 0.1477 0.2529
0.0351 0.1478 0.1986
0.0169 0.1479 0.1760
-0.0039 0.1613 0.1244
-0.0591 0.1881 0.1014
-0.0613 0.2022 0.1033
-0.0210 0.1516 0.1060
0.0273 0.0923 0.0881
0.0173 0.0805 0.0601
-0.0227 0.0455 0.0076
-0.0365 0.0431 -0.0490
-0.0198 0.0312 -0.0798
0.0853 0.0132 -0.1069
0.2405 -0.0311 -0.1476
0.2983 -0.0473 -0.1565
0.2972 -0.0050 -0.1791
0.1626 0.1092 -0.1853
0.0815 0.1544 -0.1855
-0.0147 0.1466 -0.1673
-0.0714 0.0727 -0.1593
-0.1041 0.0738 -0.1566
-0.1597 0.0409 -0.1753
-0.1637 0.0118 -0.2002
-0.1410 -0.0113 -0.2369
-0.0454 -0.0330 -0.2308
0.0195 -0.0389 -0.2239
0.1075 -0.0138 -0.2203
0.1378 0.0116 -0.2280
0.1412 0.0280 -0.2236
0.1092 -0.0242 -0.1878
0.0156 -0.0877 -0.1346
-0.0470 -0.1599 -0.0998
-0.1265 -0.2525 -0.0738
-0.1639 -0.2743 -0.1108
-0.1817 -0.2499 -0.1349
-0.1917 -0.1536 -0.1858
-0.0998 -0.1336 -0.1984
-0.0438 -0.1065 -0.1962
-0.0105 -0.1475 -0.1554
-0.0695 -0.2280 -0.1161
-0.1239 -0.2589 -0.1102
-0.2279 -0.1685 -0.1244
-0.2434 -0.0084 -0.1330
-0.2144 -0.0086 -0.1388
-0.1382 -0.0131 -0.1238
-0.1292 -0.0088 -0.1284
-0.1412 -0.0142 -0.1278
-0.1266 0.0259 -0.0691
-0.0705 0.0850 -0.0235
-0.0469 0.1020 -0.0110
-0.0065 0.1440 0.0131
0.0169 0.1617 0.0132
0.0355 0.1573 0.0103
0.0056 0.1790 -0.0039
-0.0240 0.1832 0.0000
-0.0819 0.1657 0.0132
-0.1274 0.1475 0.0429
-0.1310 0.1217 0.0526
-0.1206 0.0814 0.0539
-0.1122 0.0655 0.0470
-0.0950 0.0538 0.0515
-0.0365 0.0745 0.0506
0.0203 0.0867 0.0520
0.0334 0.0784 0.0500
0.0444 0.0314 0.0487
0.0601 0.0156 0.0483
0.0427 -0.0117 0.0483
0.0054 -0.0326 0.0545
0.0193 -0.0499 0.0505
0.0322 -0.0533 0.0426
0.0281 -0.0368 0.0263
-0.0156 -0.0062 0.0089
-0.0209 -0.0101 0.0102
-0.0131 -0.0145 0.0007
-0.0582 -0.0074 0.0089
-0.0775 -0.0295 0.0192
-0.0493 -0.0671 0.0341
-0.0382 -0.0600 0.0281
-0.0492 -0.0584 0.0339
-0.0638 -0.0416 0.0401
-0.0604 -0.0205 0.0348
-0.0310 -0.0153 0.0259
-0.0134 -0.0404 0.0291
-0.0198 -0.0553 0.0293
-0.0309 -0.0510 0.0371
0.0085 -0.0425 0.0310
0.0181 -0.0259 0.0339
-0.0203 0.0111 0.0234
-0.0487 0.0071 0.0267
-0.0450 0.0033 0.0264
-0.0121 0.0028 0.0315
-0.0026 -0.0079 0.0367
-0.0005 -0.0143 0.0373
-0.0116 -0.0286 0.0309
-0.0333 -0.0121 0.0196
-0.0332 -0.0015 0.0216
-0.0141 -0.0042 0.0314
-0.0176 0.0200 0.0336
-0.0278 0.0273 0.0327
-0.0310 0.0211 0.0368
-0.0251 -0.0044 0.0395
-0.0206 -0.0158 0.0362
-0.0106 0.0202 0.0286
0.0015 0.0351 0.0275
0.0127 0.0250 0.0295
0.0195 0.0075 0.0261
0.0077 0.0133 0.0224
-0.0100 0.0480 0.0238
-0.0074 0.0614 0.0217
-0.0058 0.0497 0.0258
0.0002 0.0341 0.0275
0.0087 0.0144 0.0225
0.0203 0.0142 0.0211
0.0177 0.0182 0.0223
-0.0029 0.0279 0.0330
-0.0028 0.0286 0.0297
0.0203 0.0284 0.0229
0.0149 0.0260 0.0360
0.0007 0.0281 0.0353
-0.0212 0.0032 0.0418
-0.0084 -0.0264 0.0374
0.0084 -0.0308 0.0266
0.0146 -0.0094 0.0115
0.0000 0.0292 0.0044
0.0086 0.0373 0.0069
0.0201 0.0210 0.0104
-0.0069 -0.0010 0.0177
-0.0173 -0.0047 0.0177
0.0143 0.0114 0.0115
0.0516 0.0189 0.0026
0.0396 0.0127 0.0049
-0.0087 0.0146 0.0042
-0.0017 0.0084 0.0038
0.0229 0.0148 0.0073
0.0213 0.0061 0.0058
-0.0091 0.0103 0.0145
0.0015 0.0147 0.0106
0.0535 -0.0086 -0.0083
0.0599 -0.0266 -0.0040
0.0702 -0.0694 -0.0137
0.0266 -0.0015 -0.0038
0.0114 0.0286 0.0011
0.0131 0.0281 0.0000
-0.0107 0.0683 0.0186
-0.0167 0.0650 0.0294

