0.0000 0.0000 0.0000
0.0000 0.0000 0.0000
0.0000 0.0000 0.0000
-0.0068 -0.0044 0.0096
0.0242 -0.0116 0.0056
0.0296 -0.0167 0.0087
0.0222 -0.0080 0.0095
0.0114 -0.0035 0.0139
0.0021 -0.0060 0.0130
-0.0152 0.0048 0.0229
-0.0192 0.0098 0.0260
0.0028 0.0214 0.0298
0.0313 0.0219 0.0288
0.0364 0.0189 0.0254
0.0210 0.0172 0.0321
0.0139 0.0122 0.0378
0.0115 0.0151 0.0380
0.0157 0.0138 0.0429
0.0215 0.0055 0.0409
0.0246 0.0097 0.0444
0.0078 0.0059 0.0266
0.0017 -0.0025 0.0271
0.0166 0.0007 0.0204
0.0173 0.0105 0.0144
0.0127 0.0193 0.0279
-0.0096 -0.0011 0.0295
-0.0408 -0.0380 0.0219
-0.0484 -0.0412 0.0274
-0.0178 -0.0197 0.0337
0.0518 -0.0172 0.0217
0.0656 -0.0293 0.0237
0.0445 -0.0321 0.0279
-0.0071 -0.0122 0.0346
-0.0102 -0.0105 0.0357
0.0316 -0.0335 0.0236
0.0504 -0.0416 0.0053
0.0419 -0.0513 0.0095
0.0034 0.0033 0.0071
0.0550 0.0188 0.0377
0.0717 0.0042 0.0443
0.0690 -0.0050 0.0124
0.0013 -0.0666 -0.0197
-0.0476 -0.1324 -0.0328
-0.0950 -0.1979 -0.0703
0.0129 -0.1863 -0.1172
0.0850 -0.1813 -0.1163
0.1665 -0.1833 0.2384
0.1034 -0.3093 0.4453
-0.0499 -0.4904 0.6862
-0.0637 -0.4325 0.6156
0.0005 -0.3596 0.4687
0.4390 -0.0370 0.0181
0.7819 -0.0937 -0.2342
0.7480 -0.2141 -0.1822
0.3969 -0.3666 0.0405
0.1090 -0.2670 0.0998
0.0745 -0.1186 0.0214
0.0514 0.0434 -0.0817
0.0953 0.0733 -0.0279
0.1761 0.0662 -0.0281
0.2633 -0.0583 -0.0354
0.1700 -0.1220 0.0262
0.1464 -0.0798 0.0396
0.0972 -0.0437 0.0287
0.0702 -0.0180 0.0235
0.0816 -0.0245 0.0304
0.1085 -0.1013 0.0287
0.1329 -0.1542 0.0143
0.1469 -0.1466 -0.0083
0.1021 -0.1442 -0.0379
0.0446 -0.0521 -0.0464
0.0436 0.0069 -0.0420
0.0568 0.0211 -0.0250
-0.1012 -0.2099 -0.0390
-0.1114 -0.0583 -0.0184
0.0816 -0.0257 -0.0066
0.1583 -0.0629 -0.0067
0.1467 -0.1017 0.0109
-0.0119 -0.0625 0.0709
-0.0162 0.0284 0.0628
0.1027 0.0963 0.0124
0.2111 0.0645 0.0267
0.1831 -0.0146 0.0500
0.0477 -0.0439 0.0792
-0.1236 -0.0575 0.0581
-0.1568 0.0050 0.0281
0.0748 0.1448 -0.0490
0.2337 0.0860 -0.1008
0.1901 0.0504 -0.0770
-0.1068 0.1189 -0.0581
-0.1427 0.2218 -0.0930
-0.1404 0.3075 -0.1451
-0.0665 0.4097 -0.2009
-0.0479 0.3581 -0.1925
-0.0447 0.3506 -0.1797
-0.0480 0.3811 -0.1752
-0.0778 0.4312 -0.1876
-0.1125 0.4559 -0.1856
-0.2663 0.4259 -0.1615
-0.3459 0.4064 -0.1619
-0.3434 0.4107 -0.1452
-0.3141 0.3340 -0.1295
-0.2949 0.2824 -0.1231
-0.2334 0.1857 -0.0874
-0.1671 0.0687 -0.0774
-0.1201 0.0274 -0.0897
-0.0045 -0.0711 -0.1226
0.0778 -0.1013 -0.1522
0.0825 -0.0760 -0.1568
0.0339 -0.0667 -0.1461
0.0146 -0.0649 -0.1251
0.0073 -0.0724 -0.1148
0.0139 -0.0339 -0.0863
0.0278 0.0710 -0.0557
-0.0028 0.0862 -0.0331
-0.0806 0.0457 0.0585
-0.1513 0.0000 0.1238
-0.1802 -0.0137 0.1345
-0.2270 -0.0388 0.1392
-0.2242 -0.0894 0.1438
-0.1922 -0.0881 0.1318
-0.0942 -0.0193 0.0720
-0.0047 0.0256 0.0488
0.0168 0.0170 0.0387
-0.0088 -0.0185 0.0129
-0.0798 -0.0284 0.0174
-0.0864 -0.0158 0.0250
-0.0525 0.0449 0.0157
-0.0478 0.0541 0.0089
-0.0609 0.0209 0.0172
-0.0573 0.0152 0.0214
-0.0348 0.0231 0.0253
0.0349 0.0327 0.0266
0.0786 0.0018 0.0074
0.0756 -0.0033 0.0088
0.0318 -0.0034 0.0174
-0.0149 0.0024 -0.0005
-0.0171 0.0013 0.0006
0.0075 -0.0233 0.0078
0.0622 -0.0267 -0.0025
0.0833 -0.0192 -0.0047
0.0790 -0.0247 -0.0033
0.0337 -0.0170 -0.0016
0.0122 -0.0211 0.0006
0.0162 0.0138 -0.0073
0.0433 0.0201 -0.0161
0.0515 0.0117 -0.0033
0.0363 -0.0191 0.0021
0.0309 -0.0405 0.0095
0.0423 -0.0464 0.0106
0.1088 -0.0380 0.0040
0.1186 -0.0317 0.0008
0.1201 -0.0338 -0.0081
0.1083 -0.0330 -0.0126
0.0896 -0.0393 -0.0085
0.0594 -0.0239 -0.0017
0.0195 -0.0297 0.0015
0.0099 -0.0180 0.0100
0.0080 0.0070 0.0055
0.0164 -0.0048 0.0041
0.0203 -0.0078 0.0074
0.0302 -0.0072 -0.0036
0.0393 -0.0040 -0.0030
0.0425 0.0021 0.0043
0.0123 0.0048 -0.0005
-0.0286 0.0094 0.0094
-0.0337 0.0034 0.0104
0.0223 0.0274 0.0045
0.0828 0.0264 -0.0042
0.0818 0.0196 -0.0024
0.0134 -0.0254 0.0055
-0.0150 -0.0301 0.0067
-0.0008 -0.0307 0.0073
0.0534 -0.0094 -0.0123
0.0868 0.0306 -0.0135
0.0814 0.0443 -0.0140
0.0437 0.0277 -0.0104
0.0121 -0.0026 -0.0063
0.0089 -0.0088 -0.0049
0.0460 -0.0081 0.0003
0.0711 0.0015 -0.0078
0.0693 0.0129 -0.0089
0.0533 0.0105 0.0023
0.0393 0.0165 0.0070
0.0195 0.0198 0.0075
0.0001 0.0115 0.0140
0.0085 0.0042 0.0182
0.0387 0.0078 0.0152
0.0469 0.0029 0.0077
0.0429 0.0022 0.0078
0.0422 0.0184 0.0092
0.0423 0.0082 0.0027
0.0423 -0.0037 0.0027
0.0485 0.0123 -0.0046
0.0734 -0.0001 0.0037
0.0678 -0.0097 0.0047
0.0531 -0.0260 0.0107
0.0260 0.0220 0.0001
0.0075 0.0396 -0.0035
-0.0226 0.0159 0.0077
0.0009 0.0096 0.0117

