0.0000 0.0000 0.0000
0.0000 0.0000 0.0000
0.0000 0.0000 0.0000
0.0000 0.0000 0.0000
0.0000 0.0000 0.0000
0.0000 0.0000 0.0000
0.0000 0.0000 0.0000
0.0000 0.0000 0.0000
0.0000 0.0000 0.0000
0.0000 0.0000 0.0000
-0.2284 -0.5400 -1.3862
-0.1820 -0.4567 -1.2527
-0.1636 -0.4742 -1.1853
-0.1685 -0.4327 -1.0815
-0.1723 -0.4022 -1.0017
-0.1691 -0.3840 -0.9607
-0.1549 -0.4809 -0.8973
-0.1458 -0.5536 -0.8246
-0.1506 -0.5796 -0.7780
-0.0484 -0.6649 -0.5378
0.0853 -0.7037 -0.4328
0.0872 -0.7447 -0.4141
0.0576 -0.7420 -0.4050
-0.0116 -0.6754 -0.3923
0.0207 -0.5434 -0.3422
0.1248 -0.3996 -0.2250
0.2150 -0.2680 -0.1047
0.2225 -0.1955 -0.0436
0.1992 -0.0352 0.1116
0.2073 0.1041 0.2319
0.2317 0.1600 0.2720
0.2515 0.2074 0.3522
0.2314 0.1836 0.4181
0.1782 0.1228 0.5461
0.1283 0.1159 0.6100
0.0893 0.1224 0.6211
-0.0545 0.1096 0.6195
-0.4977 -0.3243 0.7505
-0.7642 -0.1477 0.7824
-0.8716 -0.2173 0.7033
-0.6073 -0.2278 0.6869
-0.3825 -0.2061 0.6106
0.2206 -0.3703 0.4309
0.4123 -0.2178 0.6460
0.4115 -0.0735 0.6396
0.2848 -0.0080 0.6117
0.0703 -0.0081 0.5436
-0.0610 -0.0379 0.5013
-0.3336 -0.1134 0.3737
-0.6822 -0.3043 0.1521
-0.9323 -0.3947 0.0224
-1.3589 -0.2657 -0.0986
-1.2801 0.1978 0.0831
-1.0779 0.3895 0.1885
-0.5117 0.4987 0.4855
0.1184 0.2750 0.7912
0.3660 0.2417 0.8942
0.5736 0.2105 0.8993
0.4466 0.2404 0.8008
0.0491 0.3043 0.6871
-0.2551 0.2962 0.5730
-0.3211 0.2957 0.5066
-0.2903 0.2340 0.4251
-0.1423 0.1997 0.3825
-0.0832 0.1720 0.3750
-0.0554 0.1066 0.3796
-0.1250 0.0963 0.4006
-0.1677 0.0952 0.4098
-0.2394 0.1152 0.4366
-0.2190 0.1324 0.4871
-0.1801 0.1540 0.5165
-0.0985 0.2203 0.5755
-0.0868 0.2849 0.6286
-0.1071 0.3159 0.6588
-0.1492 0.3846 0.6919
-0.1529 0.4169 0.7106
-0.1400 0.4061 0.7186
-0.1119 0.3816 0.7184
-0.0928 0.3444 0.7099
-0.0853 0.3196 0.7016
-0.0744 0.2700 0.6694
-0.0605 0.2597 0.6344
-0.0469 0.2901 0.6271
-0.0301 0.4154 0.6225
-0.0148 0.5418 0.5987
-0.0862 0.5888 0.5464
-0.1499 0.6452 0.5755
-0.1469 0.6104 0.5633
-0.0579 0.5526 0.6548
0.0913 0.4097 0.7448
0.1688 0.3576 0.7834
0.3075 0.3262 0.8069
0.4083 0.4147 0.7804
0.4261 0.4224 0.7730
0.3671 0.2952 0.7684
0.1529 0.2445 0.8004
0.0303 0.2387 0.7976
-0.0689 0.2687 0.7388
0.1575 0.1679 0.6769
0.3409 0.0302 0.6277
0.7134 -0.1861 0.5314
0.8861 -0.1307 0.4812
0.8522 -0.0422 0.4629
0.4841 0.2518 0.4311
-0.1833 0.6619 0.3038
-0.5124 0.8139 0.2681
-0.9809 1.0951 0.3927
-1.1238 0.7492 0.4908
-1.0749 0.6543 0.5038
-0.7811 0.2719 0.3159
-0.5597 0.0249 0.1775
-0.0864 -0.2495 -0.0035
0.2573 -0.2813 -0.1421
0.3480 -0.2311 -0.2079
0.3598 -0.0239 -0.3102
0.1993 0.2309 -0.3144
0.0934 0.3676 -0.2745
-0.1046 0.5738 -0.1253
-0.1792 0.6662 0.0778
-0.1595 0.6843 0.1782
-0.0337 0.6821 0.3713
0.1616 0.6791 0.5580
0.3008 0.6800 0.6133
0.3234 0.3462 0.5816
0.1290 0.0198 0.4730
0.0275 -0.1716 0.4264
-0.0599 -0.3992 0.3383
0.0779 -0.4612 0.2501
0.1802 -0.4654 0.2218
0.3309 -0.4171 0.1896
0.4021 -0.3739 0.1883
0.4071 -0.3807 0.1949
0.3377 -0.4129 0.2224
0.2173 -0.4726 0.2481
0.1842 -0.5264 0.2586
0.1924 -0.7326 0.2705
0.2321 -0.9814 0.2475
0.2288 -1.1133 0.2170
0.1261 -1.3866 0.1034
0.0054 -1.5071 0.0252
-0.3255 -1.4758 -0.1806
-0.5679 -1.2371 -0.3928
-0.5915 -1.1666 -0.4682
-0.4563 -1.1045 -0.5810
-0.1234 -1.0577 -0.5963
0.1039 -0.9505 -0.5212
0.6262 -0.6892 -0.2816
1.1385 -0.4555 -0.0778
1.3223 -0.3558 -0.0104
1.4152 -0.1867 0.0806
0.8841 -0.0821 0.1211
0.5855 -0.0682 0.1696
-0.0156 0.0394 0.3106
-0.5870 0.3543 0.4469
-0.7928 0.5039 0.5435
-0.7802 0.5948 0.7462
-0.2473 0.4808 0.9027
0.0524 0.4612 0.9536
0.4459 0.4939 1.0158
0.4913 0.5842 1.0384
0.4092 0.6275 1.0550
0.1646 0.7163 1.1259
-0.0679 0.7843 1.2283
-0.1671 0.7984 1.2845
-0.3948 0.9834 1.4340
-0.4530 0.9568 1.4945
-0.4887 0.9005 1.5294
-0.4893 1.0019 1.5685
-0.4830 0.9365 1.5691
-0.4370 0.8650 1.5434
-0.3567 0.9290 1.5447
-0.2936 0.9538 1.5736
-0.1193 0.9582 1.6580
0.0666 0.9028 1.7335
0.1737 0.8884 1.7766
0.4123 0.9299 1.8874
0.6108 0.9552 1.9842
0.6456 0.9426 1.9974
0.5495 0.8955 1.9150
0.3705 0.7151 1.8632
0.2189 0.5826 1.8806
-0.0648 0.5218 1.9280
-0.1240 0.4616 1.9338
-0.0704 0.4171 1.9143
0.1325 0.3320 1.8173
0.2142 0.3161 1.6631
0.1367 0.3556 1.5807
-0.1804 0.5013 1.4194
-0.5156 0.6075 1.2499
-0.6311 0.6140 1.1532
-0.6750 0.4489 0.9619
-0.4378 0.4375 0.8010
-0.2644 0.4482 0.7345
-0.0166 0.4981 0.6262
0.0260 0.5087 0.5867
-0.0634 0.4881 0.4914
-0.1921 0.4749 0.3988
-0.2158 0.4661 0.3494
-0.1540 0.4027 0.2234
-0.0516 0.2864 0.1100
-0.0165 0.2384 0.0721
0.0297 0.1628 0.0315
0.0289 0.1072 0.0172
0.0342 0.1418 0.0200
0.0814 0.2297 0.0295
0.1323 0.2590 0.0570
0.1563 0.2707 0.0811
0.1855 0.2862 0.1244
0.2230 0.2895 0.1685
0.2616 0.2691 0.1891
0.3581 0.2437 0.2105
0.3318 0.1803 0.1756
0.2855 0.1525 0.1719
0.1808 0.1229 0.1655
0.0966 0.0662 0.1437
0.0699 0.0328 0.1340
0.0463 -0.0210 0.1011
0.0479 -0.0508 0.0577
0.0644 -0.0573 0.0373
0.1009 -0.0553 -0.0261
0.1366 -0.0480 -0.0801
0.1523 -0.0467 -0.1075
0.1706 -0.0808 -0.1603
0.1671 -0.0858 -0.1761
0.1478 -0.0615 -0.1868
0.1336 -0.0424 -0.1906
0.1345 -0.0242 -0.1802
0.1263 0.0140 -0.1635
0.0703 0.0447 -0.1623
0.0261 0.0588 -0.1481
-0.0390 0.0515 -0.1274
-0.0479 0.0323 -0.1202
-0.0339 0.0293 -0.1217
0.0194 0.0366 -0.1367
0.0497 0.0434 -0.1579
0.0573 0.0555 -0.1724
0.0538 0.0464 -0.2068
0.0544 0.0268 -0.2209
0.0667 0.0098 -0.2264
0.1025 -0.0001 -0.2308
0.1207 -0.0040 -0.2226
0.1057 -0.0109 -0.2198
0.0599 -0.0095 -0.1967
0.0338 -0.0181 -0.1794
0.0351 -0.0279 -0.1670
0.0417 -0.0569 -0.1391
0.0456 -0.0678 -0.1100
0.0488 -0.0721 -0.1020
0.0495 -0.0872 -0.0736
0.0531 -0.0983 -0.0711
0.0493 -0.1202 -0.0700
0.0159 -0.0835 -0.0614
0.0005 -0.0627 -0.0555
-0.0015 -0.0314 -0.0507
-0.0031 -0.0353 -0.0461
-0.0217 -0.0365 -0.0429
-0.0429 -0.0308 -0.0330
-0.0073 -0.0129 -0.0397
0.0248 -0.0220 -0.0417
0.0424 -0.0490 -0.0482
0.0252 -0.0379 -0.0509
0.0029 -0.0233 -0.0453
-0.0004 0.0032 -0.0268
-0.0039 0.0152 -0.0179
-0.0151 0.0178 -0.0111
-0.0576 0.0274 0.0125
-0.0752 -0.0167 0.0306
-0.0721 -0.0333 0.0410
-0.0645 -0.0515 0.0395
-0.0258 -0.0325 0.0302
-0.0003 0.0216 0.0158
0.0543 0.0393 -0.0322
0.0565 -0.1454 -0.0629
0.0340 -0.2401 -0.0760
-0.0944 -0.3914 -0.0208
-0.1469 -0.3335 0.0684
-0.1724 -0.6500 -0.0234
-0.2566 -0.7537 0.5090
-0.2899 -0.6307 0.7053
-0.1200 -0.7821 0.5621
0.2226 -0.6470 0.0739
0.2471 -0.4709 -0.1676
-0.1052 -0.5492 -0.4035
-0.5351 -0.2451 -0.3422
-0.5548 -0.1273 -0.3265
-0.2030 0.0493 -0.3524
0.0634 0.0127 -0.2347
0.0864 -0.0703 -0.1193
0.0655 -0.1064 0.0144
0.0740 -0.0615 -0.0203
0.0833 -0.0710 -0.0111
0.1106 -0.1493 0.0405
0.1657 -0.3351 0.0666
0.1978 -0.4195 0.0804
0.2223 -0.5187 0.0976
0.1812 -0.5170 0.1088
0.1610 -0.4852 0.1155
0.1918 -0.4540 0.1415
0.2811 -0.4197 0.1585
0.3022 -0.4150 0.1559
0.3267 -0.4371 0.1364
0.3306 -0.4708 0.1325
0.3304 -0.4827 0.1361
0.3243 -0.4954 0.1252
0.3260 -0.5056 0.1192
0.3414 -0.5198 0.1023
0.3633 -0.4674 0.1093
0.3505 -0.4330 0.1266
0.2754 -0.4263 0.1662
0.2544 -0.4560 0.1344
0.1289 -0.5705 0.0746
-0.0984 -0.4563 0.0345
-0.0383 -0.2499 0.0304
0.0905 -0.1491 0.0145
0.4749 0.0273 -0.0406
0.5159 0.0255 0.0213
0.3622 0.0059 0.0551
0.0656 0.0528 0.0451
0.0141 0.0554 0.0038
0.0577 0.0299 -0.0127
0.1940 -0.0750 -0.0007
0.1598 -0.2777 0.0345
-0.1530 -0.4301 0.0248
-0.2392 0.0332 0.0434
0.1362 0.1319 -0.0207
0.2473 0.1710 -0.0393
0.2182 0.2692 -0.0371
-0.1054 0.5025 -0.1682
-0.3491 0.6038 -0.1550
-0.7926 0.8574 -0.2072
-0.8700 1.2433 -0.3428
-0.8502 1.4016 -0.4350
-0.9178 1.5514 -0.5272
-0.9707 1.5583 -0.4491
-1.0021 1.4551 -0.2514
-0.8334 1.2675 -0.1508
-0.7010 1.1697 -0.1194
-0.4096 0.9276 -0.0683
-0.1524 0.6707 -0.0182
-0.0824 0.5769 0.0017
-0.0375 0.4899 0.0741
-0.0509 0.5465 0.1423
-0.0685 0.5461 0.1709
-0.0690 0.4347 0.2175
-0.0170 0.2564 0.2098
0.0117 0.1961 0.1926
0.0365 0.0935 0.1479
-0.0190 0.0650 0.1412
-0.0588 0.0609 0.1512
-0.1031 0.0566 0.1526
-0.0519 -0.0216 0.1563
0.0176 -0.0458 0.1572
0.1475 -0.0702 0.1195
0.1725 -0.0697 0.0755
0.1576 -0.0775 0.0658
0.1658 -0.0960 0.0496
0.1900 -0.1068 0.0321
0.2294 -0.1181 -0.0019
0.1996 -0.0906 -0.0150
0.1715 -0.0885 -0.0214
0.1214 -0.0908 -0.0339
0.0888 -0.0753 -0.0332
0.0829 -0.0621 -0.0304
0.0646 -0.0440 -0.0286
0.0436 -0.0226 -0.0032
0.0245 -0.0063 -0.0018
-0.0344 -0.0005 -0.0007
-0.0599 -0.0040 0.0046
-0.0497 -0.0086 -0.0029
-0.0250 0.0050 -0.0211
-0.0345 0.0072 -0.0212
-0.0445 0.0063 -0.0163
-0.0567 0.0051 -0.0219
-0.0676 0.0116 -0.0131
-0.0660 0.0158 -0.0150
-0.0423 0.0480 -0.0098
-0.0007 0.0655 -0.0070
0.0028 0.0454 -0.0072
-0.0197 -0.0039 0.0067
-0.0295 -0.0283 0.0045
-0.0152 -0.0326 0.0042
0.0166 -0.0115 -0.0036
0.0141 0.0370 -0.0077
0.0038 0.0463 -0.0076
-0.0157 0.0221 -0.0069
-0.0192 0.0048 -0.0059
-0.0135 -0.0031 -0.0013
0.0346 0.0121 -0.0036
0.0615 0.0084 -0.0085
0.0788 0.0051 -0.0046
0.0775 -0.0123 -0.0074
0.0743 -0.0196 -0.0165
0.0741 -0.0296 -0.0114
0.0890 -0.0350 -0.0039
0.1053 -0.0351 -0.0014
0.1336 -0.0362 -0.0081
0.1082 -0.0529 -0.0116
0.0930 -0.0607 -0.0119
0.0721 -0.0472 -0.0212
0.0589 -0.0137 -0.0239
0.0540 0.0116 -0.0246
0.0573 0.0338 -0.0203
0.0341 0.0281 -0.0229
0.0117 0.0249 -0.0184
-0.0237 0.0163 -0.0030
-0.0012 0.0240 -0.0027
0.0215 0.0237 0.0019
0.0375 -0.0006 0.0014
0.0263 0.0110 0.0060
0.0259 0.0305 0.0013
0.0246 0.0400 0.0021
0.0193 0.0236 -0.0038
0.0102 0.0183 -0.0044
0.0008 0.0128 -0.0064
0.0074 0.0061 -0.0073
0.0234 0.0243 -0.0065
0.0322 0.0514 -0.0061
0.0305 0.0597 -0.0048
0.0230 0.0436 -0.0084
0.0175 0.0235 -0.0086
0.0173 0.0221 -0.0091
0.0190 0.0120 -0.0057
0.0191 -0.0062 -0.0061
0.0205 -0.0008 -0.0077
0.0035 0.0303 -0.0105
-0.0050 0.0414 -0.0132
-0.0100 0.0352 -0.0125
-0.0008 0.0166 -0.0030
0.0354 0.0182 -0.0054
0.0405 0.0104 -0.0125
0.0248 -0.0022 -0.0091
0.0111 -0.0106 -0.0115
0.0148 -0.0082 -0.0101
0.0306 -0.0008 -0.0145
0.0357 0.0200 -0.0146
0.0331 0.0281 -0.0133
0.0266 0.0328 -0.0109
0.0261 0.0327 -0.0082
0.0347 0.0292 -0.0050
0.0399 0.0110 0.0033
0.0261 -0.0098 0.0080
-0.0010 -0.0382 0.0135
0.0253 -0.0321 0.0028
0.0427 -0.0242 -0.0062
0.0497 0.0048 -0.0073
0.0330 0.0350 0.0009
0.0296 0.0400 0.0056
0.0225 0.0046 0.0117
0.0162 -0.0107 0.0139
0.0233 -0.0115 0.0166
0.0457 -0.0057 0.0148
0.0666 0.0150 0.0084
0.0598 0.0124 0.0040
0.0303 -0.0090 0.0124
0.0369 -0.0028 0.0170
0.0292 0.0078 0.0183
0.0169 0.0127 0.0146
0.0188 -0.0044 0.0104
0.0280 -0.0272 -0.0020
0.0211 -0.0139 -0.0141
0.0178 0.0141 -0.0139
0.0272 0.0510 -0.0148
0.0312 0.0203 -0.0029
0.0293 0.0023 0.0046
0.0143 -0.0021 0.0061
0.0123 -0.0003 0.0113
0.0212 0.0007 0.0093
0.0439 -0.0071 0.0045
0.0423 -0.0162 0.0003
0.0206 -0.0145 -0.0006
0.0137 -0.0166 -0.0004
0.0203 -0.0166 -0.0035
0.0254 -0.0084 -0.0099
0.0284 0.0166 -0.0076
0.0324 -0.0184 -0.0108
0.0566 -0.0570 -0.0073
0.0858 -0.0480 -0.0104
0.0934 -0.0221 -0.0146
0.0681 0.0159 -0.0092
0.0107 0.0317 0.0018
0.0025 0.0585 0.0153
0.0083 0.0485 0.0255
0.0059 0.0010 0.0320
0.0129 -0.0144 0.0328
0.0302 -0.0016 0.0106
0.0015 0.0061 0.0081
-0.0098 0.0154 0.0107
-0.0261 0.0196 0.0071
-0.0083 0.0216 0.0098
0.0022 0.0196 0.0055
0.0018 0.0297 0.0011
-0.0096 0.0418 0.0047
-0.0145 0.0292 0.0027
-0.0147 0.0134 0.0049
-0.0138 0.0188 0.0072
-0.0080 0.0208 0.0124
-0.0229 0.0089 0.0143
-0.0382 0.0068 0.0135
-0.0494 -0.0051 0.0107
-0.0080 -0.0062 -0.0010
0.0166 -0.0064 -0.0089
0.0311 0.0028 -0.0154
0.0148 0.0289 -0.0189
0.0036 0.0307 -0.0191
0.0067 0.0060 -0.0119
0.0128 -0.0008 -0.0111
0.0034 -0.0023 -0.0128
-0.0079 0.0172 -0.0111
-0.0045 0.0220 -0.0132
0.0008 0.0192 -0.0084
0.0118 0.0042 -0.0062
0.0194 0.0027 -0.0083
0.0164 0.0118 -0.0115
-0.0010 0.0260 -0.0079
-0.0146 0.0095 0.0004
-0.0017 0.0017 0.0023
0.0315 -0.0079 0.0041
0.0519 -0.0028 -0.0205
0.0385 -0.0071 -0.0261
0.0549 -0.0611 -0.0033
0.0695 -0.0162 -0.0111
0.0560 0.0395 0.0043
0.0137 0.0451 0.0123
-0.0135 0.0421 0.0141
-0.0521 0.0536 0.0280
-0.0095 0.0210 0.0288
0.0300 0.0048 0.0290
0.0365 0.0320 0.0194
-0.0204 0.0533 0.0175
-0.0391 0.0472 0.0195
-0.0194 0.0289 0.0149
0.0256 0.0256 0.0145
0.0290 0.0257 0.0137
0.0014 0.0233 0.0086
-0.0044 0.0284 0.0069
0.0025 0.0200 0.0036
0.0068 0.0036 0.0051
0.0102 0.0158 0.0041
0.0066 0.0145 0.0067
0.0172 0.0192 0.0055
0.0147 0.0153 -0.0021
0.0102 0.0131 0.0044
0.0105 0.0013 -0.0023
0.0179 0.0079 0.0021
0.0131 0.0108 -0.0001
-0.0006 0.0053 0.0042
-0.0053 -0.0024 0.0020
-0.0024 -0.0133 -0.0067
0.0008 -0.0010 -0.0015
0.0032 0.0092 0.0014
0.0095 0.0162 -0.0056
0.0175 0.0209 -0.0056
0.0210 0.0162 -0.0041
0.0333 0.0140 0.0010
0.0407 0.0179 -0.0098
0.0305 0.0241 -0.0055
0.0040 0.0172 0.0047
0.0007 -0.0090 0.0020
0.0065 -0.0305 -0.0019
0.0184 -0.0365 -0.0080
0.0226 0.0085 -0.0170
0.0313 0.0346 -0.0164
0.0536 0.0476 -0.0038
0.0383 0.0020 0.0054
0.0142 -0.0148 0.0064
-0.0126 -0.0163 0.0093
0.0201 0.0096 0.0016
0.0425 0.0136 -0.0006
0.0433 0.0265 0.0039
0.0180 0.0162 0.0082
0.0104 0.0139 0.0081
0.0247 0.0072 0.0053
0.0270 0.0192 0.0054
0.0224 0.0227 0.0030
0.0139 0.0114 0.0040
0.0155 -0.0061 0.0034
0.0088 -0.0192 -0.0017
0.0146 -0.0026 -0.0071
0.0229 0.0088 -0.0124
0.0463 0.0307 -0.0088
0.0324 0.0147 0.0007
0.0151 0.0068 0.0050
0.0064 -0.0047 0.0098
0.0114 -0.0228 0.0136
0.0120 -0.0192 0.0089
0.0220 0.0063 0.0089
0.0358 0.0058 0.0039
0.0340 0.0000 0.0061
0.0261 -0.0086 -0.0006
0.0348 -0.0090 0.0020
0.0451 -0.0003 -0.0038
0.0367 0.0063 -0.0071
0.0294 -0.0183 -0.0040
0.0412 -0.0184 -0.0065
0.0363 0.0123 0.0008
0.0054 0.0361 -0.0002
-0.0066 0.0219 0.0014
0.0235 0.0134 0.0075

