0.0003 0.0032 0.0008
0.0040 0.0267 0.0030
-0.0419 -0.0463 0.0577
0.0095 -0.1140 0.0454
0.0113 -0.0071 0.0057
0.0043 -0.0067 0.0038
0.0025 0.0167 -0.0058
0.0154 -0.0362 0.0094
-0.0166 -0.0091 0.1125
-0.2115 -0.3269 0.2115
-0.0674 -0.1474 0.0262
0.0071 -0.0226 0.0126
-0.3544 -0.7510 0.5769
-0.4120 -0.7642 0.5550
-0.2743 -0.7370 0.4748
-0.6822 -0.7521 0.6885
-0.5908 -0.7289 0.5067
-0.4967 -0.7550 0.5197
-0.5835 -0.7139 0.4848
-0.0759 -0.7408 0.5002
-0.3657 -0.7760 0.9970
-0.2630 -0.7600 0.6190
-0.2913 -0.7618 0.9846
-0.7273 -0.7230 0.8112
-0.0417 -0.6902 0.5580
-0.6028 -0.7653 0.8823
-0.1638 -0.7464 0.6388
-0.2091 -0.7238 0.7583
0.0024 -0.7376 0.9274
-0.0167 -0.7368 0.9437
-0.3418 -0.7277 0.6632
-0.0876 -0.7359 0.6375
-0.1390 -0.7267 0.5677
-0.1253 -0.7452 0.6648
-0.2493 -0.7363 0.8270
-0.2735 -0.7483 0.7361
-0.2309 -0.7335 0.5528
-0.3673 -0.7396 0.7582
-0.3659 -0.7506 0.4305
-0.5791 -0.7466 0.4792
-0.5923 -0.7577 0.4573
-0.4294 -0.7570 0.7614
-0.4194 -0.7179 0.4509
-0.5715 -0.7442 0.6281
-0.5146 -0.7252 0.3266
0.0311 -0.7397 0.6912
-0.0645 -0.7120 0.6165
-0.1632 -0.7394 0.5656
-0.0362 -1.0097 0.2308
-0.3628 -0.7572 0.4572
-0.3930 -0.7210 0.4157
-0.0394 -0.7372 1.0329
-0.0333 -0.3298 0.1155
-0.0877 -0.7634 0.7995
-0.3372 -0.7654 0.7931
-0.1749 -0.3158 -0.0395
-0.2454 -0.5518 0.3561
-0.1639 -0.7315 0.6262
-0.3612 -0.7515 0.5197
-0.2112 -0.2226 0.7538
-0.1090 -0.1875 0.1274
-0.2918 -0.3718 0.3372
-0.4252 -0.7500 0.4919
-0.1837 -0.7811 1.0375
-0.1142 -0.7799 0.6085
-0.2032 -0.7642 0.8610
-0.4406 -0.7939 0.9643
-0.0656 -0.7627 0.8370
-0.0548 -0.7253 0.4893
-0.2131 -0.7418 0.7783
-0.4433 -0.8317 0.5157
-0.6527 -0.7467 0.8071
-0.6704 -0.7340 0.6671
-0.3098 -0.7782 0.7488
-0.5829 -0.7207 0.6519
-0.6610 -0.7482 0.6305
-0.6331 -0.7426 0.5674
-0.5838 -0.7215 0.4683
-0.5305 -0.7455 0.3236
-0.0590 -0.7164 0.4856
-0.2141 -0.2908 0.2753
-0.4012 -0.7421 0.5408
-0.5397 -0.7654 0.3446
-0.5777 -0.7794 0.8491
-0.2072 -0.8639 0.6769
0.0065 -0.8313 1.0447
-0.4800 -0.7790 0.9383
-0.0593 -0.8079 1.1883
-0.7457 -0.7416 0.8243
-0.0337 -0.7165 0.6728
0.0035 -0.7065 0.5696
-0.0513 -0.7340 0.2624
0.0841 -0.7730 0.7852
0.0595 -0.7767 0.8139
0.0249 -0.7158 0.8325
-0.1619 -0.7561 0.8299
0.0170 -0.0089 0.0798
0.0011 -0.7725 0.6605
-0.0361 -0.7536 0.6514
-0.3099 -0.7360 0.5425
-0.2223 -0.7387 0.5440
-0.0730 -0.8111 0.8405
-0.0725 -0.8192 0.2880
0.0417 -0.1923 0.0723
-0.0150 -0.0289 -0.0165

