0.0046 0.0273 0.0177
0.0045 0.0280 0.0171
0.0045 0.0283 0.0169
0.0045 0.0285 0.0168
0.0047 0.0285 0.0165
0.0046 0.0285 0.0164
0.0046 0.0285 0.0164
0.0047 0.0282 0.0165
0.0048 0.0280 0.0165
0.0050 0.0278 0.0165
0.0053 0.0278 0.0164
0.0055 0.0276 0.0164
0.0057 0.0275 0.0163
0.0058 0.0273 0.0160
0.0061 0.0271 0.0159
0.0063 0.0271 0.0157
0.0063 0.0273 0.0152
0.0065 0.0273 0.0149
0.0068 0.0273 0.0147
0.0069 0.0274 0.0143
0.0072 0.0275 0.0141
0.0074 0.0277 0.0137
0.0076 0.0281 0.0129
0.0078 0.0283 0.0125
0.0079 0.0286 0.0120
0.0077 0.0285 0.0114
0.0078 0.0285 0.0111
0.0081 0.0282 0.0106
0.0087 0.0273 0.0097
0.0088 0.0272 0.0093
0.0086 0.0272 0.0092
0.0081 0.0272 0.0091
0.0077 0.0270 0.0089
0.0072 0.0268 0.0086
0.0063 0.0265 0.0081
0.0053 0.0259 0.0078
0.0039 0.0252 0.0073
0.0022 0.0243 0.0064
0.0003 0.0229 0.0058
-0.0018 0.0215 0.0049
-0.0046 0.0201 0.0037
-0.0079 0.0182 0.0028
-0.0118 0.0161 0.0017
-0.0164 0.0137 0.0005
-0.0219 0.0111 -0.0009
-0.0283 0.0082 -0.0026
-0.0358 0.0052 -0.0046
-0.0447 0.0026 -0.0069
-0.0551 0.0009 -0.0103
-0.0669 0.0008 -0.0153
-0.0792 0.0010 -0.0201
-0.0917 0.0015 -0.0252
-0.1040 0.0028 -0.0310
-0.1166 0.0049 -0.0373
-0.1299 0.0078 -0.0440
-0.1444 0.0118 -0.0511
-0.1616 0.0142 -0.0589
-0.1810 0.0154 -0.0673
-0.2016 0.0166 -0.0762
-0.2245 0.0158 -0.0858
-0.2493 0.0144 -0.0963
-0.2756 0.0133 -0.1084
-0.3037 0.0123 -0.1212
-0.3334 0.0112 -0.1342
-0.3634 0.0114 -0.1481
-0.3930 0.0128 -0.1631
-0.4228 0.0133 -0.1783
-0.4534 0.0126 -0.1934
-0.4845 0.0116 -0.2088
-0.5146 0.0117 -0.2254
-0.5430 0.0126 -0.2426
-0.5708 0.0127 -0.2596
-0.5986 0.0110 -0.2752
-0.6257 0.0090 -0.2893
-0.6520 0.0076 -0.3028
-0.6779 0.0065 -0.3149
-0.7042 0.0053 -0.3251
-0.7301 0.0036 -0.3340
-0.7568 0.0014 -0.3391
-0.7847 -0.0012 -0.3388
-0.8122 -0.0023 -0.3405
-0.8400 -0.0016 -0.3402
-0.8668 0.0011 -0.3311
-0.8944 0.0054 -0.3247
-0.9228 0.0105 -0.3168
-0.9536 0.0158 -0.3074
-0.9848 0.0233 -0.2992
-1.0151 0.0330 -0.2913
-1.0437 0.0438 -0.2836
-1.0697 0.0547 -0.2779
-1.0978 0.0621 -0.2735
-1.1271 0.0674 -0.2699
-1.1522 0.0723 -0.2672
-1.1752 0.0766 -0.2642
-1.1993 0.0814 -0.2603
-1.2244 0.0805 -0.2549
-1.2508 0.0768 -0.2483
-1.2780 0.0716 -0.2412
-1.3062 0.0671 -0.2335
-1.3354 0.0629 -0.2260
-1.3650 0.0561 -0.2172
-1.3961 0.0530 -0.2089
-1.4270 0.0509 -0.1994
-1.4565 0.0502 -0.1877
-1.4877 0.0550 -0.1740
-1.5173 0.0632 -0.1575
-1.5402 0.0700 -0.1388
-1.5616 0.0799 -0.1169
-1.5801 0.0873 -0.0916
-1.5961 0.0891 -0.0624
-1.6112 0.0885 -0.0329
-1.6234 0.0865 -0.0067
-1.6355 0.0826 0.0161
-1.6496 0.0767 0.0370
-1.6677 0.0680 0.0572
-1.6899 0.0578 0.0771
-1.7126 0.0483 0.0977
-1.7356 0.0414 0.1175
-1.7606 0.0373 0.1376
-1.7867 0.0351 0.1574
-1.8154 0.0348 0.1772
-1.8469 0.0379 0.1959
-1.8818 0.0420 0.2123
-1.9183 0.0485 0.2254
-1.9537 0.0572 0.2349
-1.9879 0.0639 0.2415
-2.0239 0.0673 0.2485
-2.0609 0.0682 0.2561
-2.0962 0.0667 0.2620
-2.1282 0.0655 0.2698
-2.1574 0.0648 0.2829
-2.1839 0.0606 0.2958
-2.2103 0.0550 0.3143
-2.2369 0.0500 0.3395
-2.2622 0.0433 0.3627
-2.2866 0.0374 0.3873
-2.3147 0.0330 0.4194
-2.3392 0.0301 0.4495
-2.3633 0.0299 0.4828
-2.3871 0.0329 0.5200
-2.4046 0.0410 0.5566
-2.4172 0.0507 0.5953
-2.4266 0.0598 0.6366
-2.4304 0.0681 0.6763
-2.4326 0.0730 0.7156
-2.4363 0.0765 0.7529
-2.4386 0.0812 0.7842
-2.4451 0.0849 0.8132
-2.4573 0.0858 0.8425
-2.4721 0.0863 0.8707
-2.4893 0.0851 0.8987
-2.5084 0.0825 0.9263
-2.5289 0.0807 0.9529
-2.5520 0.0790 0.9798
-2.5788 0.0749 1.0073
-2.6085 0.0759 1.0331
-2.6414 0.0795 1.0569
-2.6757 0.0845 1.0768
-2.7096 0.0909 1.0911
-2.7437 0.0959 1.1034
-2.7797 0.0966 1.1157
-2.8177 0.0942 1.1284
-2.8521 0.0925 1.1390
-2.8813 0.0924 1.1488
-2.9079 0.0913 1.1605
-2.9339 0.0876 1.1757
-2.9599 0.0817 1.1949
-2.9865 0.0751 1.2153
-3.0131 0.0681 1.2369
-3.0389 0.0638 1.2620
-3.0643 0.0589 1.2876
-3.0883 0.0549 1.3158
-3.1092 0.0529 1.3465
-3.1283 0.0561 1.3793
-3.1421 0.0622 1.4126
-3.1509 0.0692 1.4469
-3.1585 0.0760 1.4834
-3.1647 0.0796 1.5221
-3.1677 0.0805 1.5581
-3.1699 0.0843 1.5893
-3.1740 0.0872 1.6166
-3.1817 0.0865 1.6425
-3.1946 0.0840 1.6688
-3.2104 0.0792 1.6949
-3.2279 0.0731 1.7195
-3.2480 0.0685 1.7431
-3.2709 0.0643 1.7658
-3.2971 0.0600 1.7877
-3.3254 0.0598 1.8083
-3.3549 0.0624 1.8267
-3.3856 0.0634 1.8460
-3.4128 0.0678 1.8581
-3.4414 0.0701 1.8687
-3.4738 0.0681 1.8789
-3.5066 0.0661 1.8872
-3.5365 0.0648 1.8924
-3.5631 0.0635 1.8964
-3.5869 0.0628 1.9008
-3.6106 0.0601 1.9079
-3.6354 0.0543 1.9187
-3.6595 0.0492 1.9294
-3.6825 0.0440 1.9411
-3.7048 0.0382 1.9546
-3.7261 0.0328 1.9701
-3.7456 0.0283 1.9886
-3.7638 0.0243 2.0107
-3.7798 0.0235 2.0357
-3.7930 0.0225 2.0631
-3.7990 0.0234 2.0901
-3.7963 0.0283 2.1151
-3.7882 0.0334 2.1397
-3.7741 0.0383 2.1629
-3.7534 0.0424 2.1828
-3.7263 0.0443 2.1992
-3.6938 0.0428 2.2115
-3.6565 0.0401 2.2157
-3.6175 0.0365 2.2116
-3.5785 0.0325 2.1998
-3.5396 0.0294 2.1806
-3.5020 0.0262 2.1545
-3.4665 0.0224 2.1216
-3.4332 0.0184 2.0823
-3.4039 0.0134 2.0386
-3.3794 0.0074 1.9930
-3.3590 0.0010 1.9477
-3.3408 -0.0054 1.9052
-3.3251 -0.0125 1.8662
-3.3122 -0.0164 1.8287
-3.3015 -0.0191 1.7930
-3.2909 -0.0227 1.7598
-3.2788 -0.0267 1.7283
-3.2668 -0.0310 1.6987
-3.2560 -0.0345 1.6716
-3.2452 -0.0394 1.6471
-3.2314 -0.0458 1.6245
-3.2136 -0.0525 1.6030
-3.1976 -0.0610 1.5834
-3.1766 -0.0670 1.5643
-3.1471 -0.0682 1.5451
-3.1252 -0.0722 1.5279
-3.1030 -0.0754 1.5101
-3.0734 -0.0720 1.4861
-3.0488 -0.0729 1.4631
-3.0235 -0.0719 1.4360
-2.9966 -0.0673 1.4030
-2.9747 -0.0638 1.3702
-2.9566 -0.0570 1.3356
-2.9414 -0.0473 1.2981
-2.9313 -0.0382 1.2619
-2.9239 -0.0307 1.2260
-2.9164 -0.0244 1.1892
-2.9113 -0.0234 1.1561
-2.9061 -0.0254 1.1258
-2.8998 -0.0290 1.0975
-2.8914 -0.0354 1.0702
-2.8800 -0.0439 1.0418
-2.8660 -0.0524 1.0128
-2.8487 -0.0596 0.9829
-2.8286 -0.0642 0.9529
-2.8051 -0.0649 0.9229
-2.7762 -0.0626 0.8929
-2.7436 -0.0571 0.8645
-2.7109 -0.0477 0.8383
-2.6800 -0.0378 0.8156
-2.6482 -0.0301 0.7918
-2.6143 -0.0248 0.7663
-2.5801 -0.0221 0.7436
-2.5467 -0.0215 0.7205
-2.5143 -0.0236 0.6949
-2.4831 -0.0273 0.6714
-2.4531 -0.0322 0.6456
-2.4240 -0.0376 0.6162
-2.3952 -0.0432 0.5880
-2.3669 -0.0485 0.5589
-2.3401 -0.0518 0.5237
-2.3131 -0.0541 0.4910
-2.2878 -0.0539 0.4571
-2.2661 -0.0529 0.4205
-2.2501 -0.0467 0.3873
-2.2378 -0.0407 0.3517
-2.2263 -0.0359 0.3128
-2.2171 -0.0303 0.2767
-2.2089 -0.0260 0.2432
-2.1992 -0.0247 0.2120
-2.1866 -0.0252 0.1832
-2.1698 -0.0287 0.1545
-2.1507 -0.0359 0.1252
-2.1261 -0.0441 0.0957
-2.0989 -0.0519 0.0672
-2.0754 -0.0588 0.0406
-2.0449 -0.0627 0.0138
-2.0130 -0.0643 -0.0115
-1.9810 -0.0653 -0.0344
-1.9450 -0.0618 -0.0549
-1.9096 -0.0578 -0.0705
-1.8744 -0.0559 -0.0823
-1.8337 -0.0556 -0.0947
-1.7922 -0.0558 -0.1044
-1.7550 -0.0565 -0.1114
-1.7194 -0.0566 -0.1181
-1.6859 -0.0574 -0.1259
-1.6532 -0.0597 -0.1382
-1.6201 -0.0640 -0.1520
-1.5874 -0.0683 -0.1689
-1.5554 -0.0719 -0.1892
-1.5238 -0.0760 -0.2096
-1.4923 -0.0801 -0.2324
-1.4607 -0.0837 -0.2585
-1.4307 -0.0836 -0.2854
-1.4057 -0.0790 -0.3121
-1.3834 -0.0741 -0.3404
-1.3637 -0.0688 -0.3695
-1.3425 -0.0654 -0.4004
-1.3203 -0.0618 -0.4310
-1.3027 -0.0578 -0.4580
-1.2836 -0.0567 -0.4826
-1.2610 -0.0593 -0.5054
-1.2357 -0.0636 -0.5249
-1.2066 -0.0695 -0.5423
-1.1743 -0.0758 -0.5577
-1.1395 -0.0826 -0.5701
-1.1031 -0.0883 -0.5802
-1.0660 -0.0932 -0.5880
-1.0260 -0.0959 -0.5931
-0.9854 -0.0958 -0.5950
-0.9476 -0.0925 -0.5918
-0.9122 -0.0859 -0.5841
-0.8774 -0.0809 -0.5724
-0.8413 -0.0803 -0.5555
-0.8069 -0.0796 -0.5346
-0.7792 -0.0763 -0.5116
-0.7560 -0.0746 -0.4886
-0.7324 -0.0758 -0.4674
-0.7077 -0.0802 -0.4479
-0.6830 -0.0866 -0.4304
-0.6574 -0.0934 -0.4147
-0.6320 -0.0986 -0.4018
-0.6051 -0.1028 -0.3916
-0.5794 -0.1068 -0.3796
-0.5516 -0.1092 -0.3684
-0.5215 -0.1094 -0.3596
-0.4964 -0.1048 -0.3532
-0.4738 -0.0977 -0.3511
-0.4478 -0.0934 -0.3509
-0.4227 -0.0906 -0.3449
-0.3987 -0.0898 -0.3355
-0.3743 -0.0893 -0.3259
-0.3572 -0.0871 -0.3135
-0.3407 -0.0869 -0.2992
-0.3226 -0.0880 -0.2832
-0.3070 -0.0913 -0.2641
-0.2913 -0.0947 -0.2433
-0.2761 -0.0959 -0.2224
-0.2636 -0.0970 -0.2018
-0.2518 -0.0966 -0.1823
-0.2395 -0.0957 -0.1634
-0.2275 -0.0971 -0.1443
-0.2161 -0.0990 -0.1257
-0.2038 -0.0998 -0.1118
-0.1937 -0.1006 -0.0967
-0.1836 -0.1010 -0.0823
-0.1743 -0.1006 -0.0703
-0.1671 -0.0985 -0.0604
-0.1614 -0.0967 -0.0513
-0.1556 -0.0956 -0.0423
-0.1513 -0.0955 -0.0357
-0.1459 -0.0947 -0.0295
-0.1377 -0.0929 -0.0219
-0.1331 -0.0920 -0.0187
-0.1291 -0.0915 -0.0162
-0.0288 0.0230 0.0119
-0.0166 0.0342 0.0162
-0.0137 0.0352 0.0175
-0.0105 0.0358 0.0201
-0.0091 0.0357 0.0206
-0.0078 0.0353 0.0216
-0.0060 0.0347 0.0237
-0.0046 0.0338 0.0250
-0.0032 0.0337 0.0260
-0.0020 0.0332 0.0276
-0.0014 0.0329 0.0287
-0.0008 0.0325 0.0299
-0.0003 0.0308 0.0319
0.0000 0.0299 0.0332
-0.0002 0.0294 0.0342
-0.0006 0.0290 0.0350
-0.0012 0.0287 0.0356
-0.0020 0.0285 0.0361
-0.0030 0.0283 0.0363
-0.0039 0.0280 0.0368
-0.0049 0.0276 0.0373
-0.0057 0.0270 0.0378
-0.0064 0.0265 0.0382
-0.0069 0.0260 0.0386
-0.0074 0.0250 0.0393
-0.0077 0.0245 0.0398
-0.0080 0.0241 0.0402
-0.0084 0.0227 0.0409
-0.0085 0.0224 0.0412
-0.0092 0.0217 0.0413
-0.0108 0.0207 0.0409
-0.0111 0.0204 0.0412
-0.0113 0.0201 0.0416
-0.0116 0.0199 0.0419
-0.0118 0.0196 0.0424
-0.0119 0.0195 0.0429
-0.0121 0.0196 0.0437
-0.0120 0.0193 0.0442
-0.0119 0.0190 0.0445
-0.0116 0.0188 0.0447
-0.0114 0.0186 0.0449
-0.0113 0.0182 0.0452
-0.0113 0.0177 0.0456
-0.0112 0.0176 0.0458
-0.0110 0.0175 0.0460
-0.0108 0.0175 0.0462
-0.0106 0.0176 0.0463
-0.0104 0.0177 0.0464
-0.0101 0.0179 0.0467
-0.0100 0.0180 0.0468
-0.0098 0.0179 0.0469
-0.0094 0.0175 0.0471
-0.0092 0.0173 0.0471
-0.0090 0.0169 0.0472
-0.0088 0.0162 0.0476
-0.0088 0.0161 0.0475
-0.0088 0.0160 0.0474
-0.0088 0.0160 0.0473
-0.0089 0.0159 0.0472
-0.0090 0.0158 0.0472
-0.0090 0.0156 0.0469
-0.0090 0.0157 0.0468
-0.0088 0.0157 0.0466
-0.0084 0.0157 0.0462
-0.0083 0.0161 0.0459
-0.0081 0.0164 0.0456
-0.0081 0.0169 0.0450
-0.0080 0.0172 0.0447
-0.0079 0.0174 0.0443
-0.0078 0.0176 0.0438
-0.0077 0.0178 0.0434
-0.0077 0.0182 0.0429
-0.0077 0.0183 0.0423
-0.0076 0.0186 0.0418
-0.0076 0.0189 0.0413
-0.0076 0.0191 0.0404
-0.0076 0.0194 0.0399
-0.0075 0.0195 0.0394
-0.0074 0.0194 0.0386
-0.0073 0.0198 0.0380
-0.0073 0.0201 0.0374

