0.0000 0.0000 0.0000
0.0000 0.0000 0.0000
0.0000 0.0000 0.0000
0.0000 0.0000 0.0000
0.0000 0.0000 0.0000
0.0000 0.0000 0.0000
0.0000 0.0000 0.0000
0.0000 0.0000 0.0000
0.0000 0.0000 0.0000
0.0000 0.0000 0.0000
0.0000 0.0000 0.0000
0.0000 0.0000 0.0000
0.0447 -0.7295 -0.6470
0.0536 -0.7341 -0.6399
0.0593 -0.7400 -0.6280
0.0593 -0.7400 -0.6280
0.0546 -0.7515 -0.6273
0.0445 -0.7408 -0.6326
0.0431 -0.7423 -0.6433
0.0415 -0.7391 -0.6602
0.0387 -0.7386 -0.6637
0.0387 -0.7386 -0.6637
0.0274 -0.7287 -0.6545
0.0401 -0.7468 -0.6514
0.0489 -0.7434 -0.6489
0.0463 -0.7537 -0.6658
0.0463 -0.7537 -0.6658
0.0413 -0.7489 -0.6734
0.0426 -0.7599 -0.6794
0.0416 -0.7599 -0.6661
0.0585 -0.7626 -0.6502
0.0585 -0.7626 -0.6502
0.0760 -0.7725 -0.6721
0.0683 -0.7717 -0.6850
0.0538 -0.7709 -0.7088
0.0401 -0.7833 -0.7260
0.0263 -0.7913 -0.7416
0.0263 -0.7913 -0.7416
0.0210 -0.8067 -0.7643
0.0297 -0.8077 -0.7893
0.0401 -0.7906 -0.7792
0.0620 -0.8035 -0.7430
0.0710 -0.8387 -0.7304
0.0710 -0.8387 -0.7304
0.0528 -0.8301 -0.6915
0.0523 -0.8145 -0.6329
0.0631 -0.8053 -0.6119
0.0770 -0.7994 -0.6019
0.0935 -0.7741 -0.5910
0.0935 -0.7741 -0.5910
0.1113 -0.7433 -0.5802
0.1170 -0.7197 -0.5822
0.1062 -0.7061 -0.5579
0.1010 -0.6768 -0.5075
0.1041 -0.6854 -0.4822
0.1041 -0.6854 -0.4822
0.0908 -0.6963 -0.4762
-0.0276 -0.6851 -0.4781
0.0325 -0.7744 -0.5253
-0.0285 -0.6960 -0.5349
-0.0285 -0.6960 -0.5349
0.0628 -0.7666 -0.5762
0.0354 -0.7530 -0.5580
0.0105 -0.7710 -0.5761
0.0107 -0.7764 -0.5657
0.0043 -0.7590 -0.5598
0.0043 -0.7590 -0.5598
0.0138 -0.7794 -0.6016
0.0445 -0.7698 -0.5760
0.0557 -0.7829 -0.5902
0.0419 -0.7750 -0.5582
0.0466 -0.7545 -0.5505
0.0466 -0.7545 -0.5505
0.0533 -0.7630 -0.5613
0.0366 -0.7641 -0.6000
0.0138 -0.7712 -0.5970
-0.0082 -0.7870 -0.6222
-0.0221 -0.8085 -0.6436
-0.0221 -0.8085 -0.6436
0.0124 -0.7967 -0.6453
0.0219 -0.7730 -0.6143
0.0137 -0.7791 -0.5983
0.0110 -0.7823 -0.6008
0.0221 -0.7890 -0.5906
0.0221 -0.7890 -0.5906
0.0219 -0.7933 -0.5894
0.0230 -0.7815 -0.6040
0.0186 -0.7836 -0.6038
0.0336 -0.7547 -0.6167
0.0336 -0.7547 -0.6167
0.0944 -0.7267 -0.5907
0.0662 -0.7505 -0.6091
0.0369 -0.7538 -0.5984
0.0357 -0.7732 -0.5928
0.0380 -0.7778 -0.5980
0.0380 -0.7778 -0.5980
0.0256 -0.7928 -0.6029
0.0035 -0.8048 -0.6184
-0.0274 -0.7954 -0.6757
-0.0121 -0.8128 -0.6544
0.0027 -0.8105 -0.6300
0.0027 -0.8105 -0.6300
0.0081 -0.8044 -0.6067
0.0126 -0.7858 -0.6102
0.0055 -0.7695 -0.6008
0.0151 -0.7746 -0.5960
0.0232 -0.7634 -0.5765
0.0232 -0.7634 -0.5765
0.0164 -0.7640 -0.5731
0.0083 -0.7689 -0.5881
0.0084 -0.7874 -0.5929
0.0121 -0.7879 -0.5885
0.0121 -0.7879 -0.5885
0.0198 -0.7912 -0.5849
0.0255 -0.7883 -0.5919
0.0213 -0.7837 -0.6085
0.0118 -0.7858 -0.5997
0.0058 -0.7974 -0.5870
0.0058 -0.7974 -0.5870
0.0121 -0.7979 -0.5948
0.0201 -0.7842 -0.5974
0.0214 -0.7806 -0.5788
0.0264 -0.7811 -0.5756
0.0235 -0.7862 -0.5807
0.0235 -0.7862 -0.5807
0.0045 -0.8031 -0.5433
-0.0026 -0.7724 -0.6611
0.0151 -0.8069 -0.5810
0.0188 -0.7861 -0.5899
0.0303 -0.7915 -0.6108
0.0303 -0.7915 -0.6108
0.0327 -0.7809 -0.6145
0.0354 -0.7919 -0.5826
0.0171 -0.8080 -0.5289
-0.0082 -0.7896 -0.5832
0.0122 -0.7906 -0.6513
0.0122 -0.7906 -0.6513
0.0124 -0.7998 -0.5883
0.0036 -0.8065 -0.5981
0.0021 -0.8112 -0.6101
0.0211 -0.8006 -0.6198
0.0211 -0.8006 -0.6198
0.0257 -0.7928 -0.6116
0.0190 -0.8023 -0.6156
0.0199 -0.7905 -0.6142
0.0327 -0.7949 -0.6005
0.0326 -0.7981 -0.6016
0.0326 -0.7981 -0.6016
0.0249 -0.7782 -0.5729
0.0310 -0.7785 -0.5743
0.0359 -0.7858 -0.5614
0.0377 -0.7763 -0.5570
0.0477 -0.7675 -0.5625
0.0477 -0.7675 -0.5625
0.0540 -0.7751 -0.5557
0.0533 -0.7727 -0.5526
0.0446 -0.7827 -0.5604
0.0337 -0.7675 -0.6127
0.0766 -0.8040 -0.6118
0.0766 -0.8040 -0.6118
0.0581 -0.7879 -0.5857
0.0562 -0.7955 -0.5983
0.0556 -0.7860 -0.5856
0.0594 -0.7806 -0.5694
0.0677 -0.7953 -0.5654
0.0677 -0.7953 -0.5654
0.0645 -0.7851 -0.5686
0.0739 -0.7857 -0.5961
0.0699 -0.7861 -0.5971
0.0537 -0.7889 -0.5904
0.0537 -0.7889 -0.5904
0.0515 -0.7852 -0.6008
0.0541 -0.7862 -0.6265
0.0535 -0.7903 -0.6367
0.0493 -0.8015 -0.6214
0.0540 -0.7935 -0.6093
0.0540 -0.7935 -0.6093
0.0637 -0.7841 -0.6035
0.0524 -0.7867 -0.6151
0.0570 -0.7874 -0.6090
0.0458 -0.7873 -0.6047
0.0478 -0.7955 -0.5962
0.0478 -0.7955 -0.5962
0.0518 -0.7970 -0.5903
0.0535 -0.7992 -0.5924
0.0534 -0.7952 -0.5828
0.0543 -0.7965 -0.5821
0.0589 -0.7932 -0.5846
0.0589 -0.7932 -0.5846
0.0610 -0.7949 -0.5907
0.0547 -0.8011 -0.5909
0.0486 -0.7960 -0.5796
0.0496 -0.8002 -0.5742
0.0496 -0.8002 -0.5742
0.0512 -0.8067 -0.5832
0.0554 -0.7972 -0.5742
0.0527 -0.7997 -0.5633
0.0483 -0.8090 -0.5743
0.0459 -0.8038 -0.5768
0.0459 -0.8038 -0.5768
0.0472 -0.8050 -0.5774
0.0522 -0.8110 -0.5736
0.0552 -0.8050 -0.5699
0.0547 -0.8090 -0.5703
0.0570 -0.8122 -0.5745
0.0570 -0.8122 -0.5745
0.0562 -0.8025 -0.5740
0.0532 -0.8056 -0.5683
0.0478 -0.8063 -0.5632
0.0510 -0.8071 -0.5828
0.0555 -0.7974 -0.5670
0.0555 -0.7974 -0.5670
0.0573 -0.7982 -0.5520
0.0530 -0.8038 -0.5530
0.0467 -0.8007 -0.5633
0.0459 -0.7998 -0.5541
0.0515 -0.8071 -0.5514
0.0515 -0.8071 -0.5514
0.0574 -0.8108 -0.5667
0.0505 -0.8004 -0.5824
0.0496 -0.8041 -0.5736
0.0535 -0.8116 -0.5644
0.0535 -0.8116 -0.5644
0.0489 -0.8092 -0.5602
0.0446 -0.8130 -0.5590
0.0440 -0.8154 -0.5637
0.0449 -0.8085 -0.5700
0.0421 -0.8117 -0.5646
0.0421 -0.8117 -0.5646
0.0471 -0.8094 -0.5542
0.0508 -0.8120 -0.5608
0.0516 -0.8081 -0.5834
0.0548 -0.8064 -0.5814
0.0520 -0.8038 -0.5707
0.0520 -0.8038 -0.5707
0.0482 -0.8041 -0.5509
0.0466 -0.8159 -0.5542
0.0508 -0.8123 -0.5547
0.0536 -0.8098 -0.5545
0.0506 -0.8070 -0.5573
0.0506 -0.8070 -0.5573
0.0522 -0.8117 -0.5440
0.0525 -0.8148 -0.5527
0.0480 -0.8126 -0.5528
0.0513 -0.8097 -0.5552
0.0517 -0.8174 -0.5558
0.0517 -0.8174 -0.5558
0.0590 -0.8109 -0.5516
0.0623 -0.8086 -0.5535
0.0552 -0.8156 -0.5516
0.0493 -0.8211 -0.5439
0.0493 -0.8211 -0.5439
0.0514 -0.8164 -0.5401
0.0530 -0.8195 -0.5426
0.0536 -0.8209 -0.5443
0.0537 -0.8117 -0.5418
0.0548 -0.8121 -0.5390
0.0548 -0.8121 -0.5390
0.0534 -0.8220 -0.5413
0.0596 -0.8170 -0.5436
0.0661 -0.8168 -0.5525
0.0593 -0.8143 -0.5519
0.0556 -0.8194 -0.5444
0.0556 -0.8194 -0.5444
0.0581 -0.8201 -0.5389
0.0588 -0.8167 -0.5393
0.0516 -0.8199 -0.5401
0.0497 -0.8205 -0.5369
0.0525 -0.8187 -0.5362
0.0525 -0.8187 -0.5362
0.0539 -0.8179 -0.5499
0.0522 -0.8163 -0.5471
0.0530 -0.8164 -0.5442
0.0500 -0.8176 -0.5492
0.0513 -0.8125 -0.5503
0.0513 -0.8125 -0.5503
0.0589 -0.8171 -0.5390
0.0594 -0.8237 -0.5391
0.0660 -0.8247 -0.5541
0.0576 -0.8154 -0.5530
0.0576 -0.8154 -0.5530
0.0518 -0.8228 -0.5536
0.0489 -0.8181 -0.5477
0.0546 -0.8193 -0.5486
0.0574 -0.8183 -0.5481
0.0579 -0.8202 -0.5474
0.0579 -0.8202 -0.5474
0.0659 -0.8213 -0.5645
0.0645 -0.8197 -0.5631
0.0548 -0.8208 -0.5514
0.0549 -0.8191 -0.5413
0.0573 -0.8195 -0.5400
0.0573 -0.8195 -0.5400
0.0544 -0.8138 -0.5484
0.0638 -0.8159 -0.5489
0.0601 -0.8093 -0.5635
0.0557 -0.8153 -0.5663
0.0533 -0.8204 -0.5415
0.0533 -0.8204 -0.5415
0.0543 -0.8219 -0.5410
0.0515 -0.8210 -0.5473
0.0570 -0.8247 -0.5483
0.0658 -0.8173 -0.5603
0.0593 -0.8163 -0.5652
0.0593 -0.8163 -0.5652
0.0542 -0.8183 -0.5546
0.0520 -0.8228 -0.5516
0.0581 -0.8194 -0.5547
0.0542 -0.8177 -0.5552
0.0542 -0.8177 -0.5552
0.0522 -0.8157 -0.5479
0.0578 -0.8173 -0.5419
0.0524 -0.8168 -0.5504
0.0507 -0.8225 -0.5606
0.0564 -0.8206 -0.5507
0.0564 -0.8206 -0.5507
0.0529 -0.8142 -0.5408
0.0506 -0.8155 -0.5504
0.0536 -0.8171 -0.5530
0.0529 -0.8222 -0.5444
0.0569 -0.8208 -0.5446
0.0569 -0.8208 -0.5446
0.0544 -0.8193 -0.5484
0.0498 -0.8161 -0.5488
0.0503 -0.8248 -0.5519
0.0529 -0.8208 -0.5528
0.0535 -0.8129 -0.5558
0.0535 -0.8129 -0.5558
0.0556 -0.8161 -0.5443
0.0546 -0.8113 -0.5412
0.0577 -0.8143 -0.5426
0.0577 -0.8201 -0.5349
0.0577 -0.8201 -0.5349
0.0604 -0.8207 -0.5390
0.0573 -0.8228 -0.5532
0.0516 -0.8210 -0.5455
0.0532 -0.8240 -0.5432
0.0576 -0.8216 -0.5475
0.0576 -0.8216 -0.5475
0.0528 -0.8206 -0.5470
0.0517 -0.8197 -0.5556
0.0596 -0.8192 -0.5594
0.0606 -0.8178 -0.5653
0.0537 -0.8170 -0.5497
0.0537 -0.8170 -0.5497
0.0501 -0.8162 -0.5430
0.0584 -0.8219 -0.5489
0.0571 -0.8211 -0.5462
0.0538 -0.8169 -0.5355
0.0556 -0.8175 -0.5385
0.0556 -0.8175 -0.5385
0.0591 -0.8174 -0.5457
0.0601 -0.8194 -0.5486
0.0527 -0.8208 -0.5459
0.0508 -0.8240 -0.5519
0.0499 -0.8195 -0.5628
0.0499 -0.8195 -0.5628
0.0590 -0.8259 -0.5552
0.0659 -0.8202 -0.5468
0.0602 -0.8185 -0.5492
0.0524 -0.8192 -0.5437
0.0524 -0.8192 -0.5437
0.0527 -0.8219 -0.5410
0.0534 -0.8190 -0.5524
0.0547 -0.8183 -0.5533
0.0535 -0.8170 -0.5449
0.0534 -0.8176 -0.5447
0.0534 -0.8176 -0.5447
0.0554 -0.8167 -0.5464
0.0614 -0.8185 -0.5454
0.0556 -0.8174 -0.5454
0.0533 -0.8185 -0.5402
0.0579 -0.8218 -0.5419
0.0579 -0.8218 -0.5419
0.0614 -0.8176 -0.5483
0.0555 -0.8137 -0.5472
0.0547 -0.8208 -0.5528
0.0573 -0.8193 -0.5598
0.0535 -0.8136 -0.5454
0.0535 -0.8136 -0.5454
0.0483 -0.8237 -0.5489
0.0562 -0.8302 -0.5568
0.0614 -0.8196 -0.5607

