0.0000 0.0000 0.0000
0.0000 0.0000 0.0000
0.0000 0.0000 0.0000
0.0000 0.0000 0.0000
0.0000 0.0000 0.0000
0.0000 0.0000 0.0000
0.0000 0.0000 0.0000
0.0000 0.0000 0.0000
0.0000 0.0000 0.0000
0.0000 0.0000 0.0000
0.0000 0.0000 0.0000
0.0000 0.0000 0.0000
-0.0149 0.1256 0.0758
0.0293 0.1479 0.0903
0.0173 0.1173 0.1003
-0.0306 0.0514 0.1102
-0.0490 0.0409 0.1016
-0.0672 0.0389 0.0833
-0.0606 0.0608 0.0837
-0.0469 0.0695 0.0883
-0.0341 0.0607 0.0889
-0.0177 0.0375 0.0930
-0.0187 0.1097 0.0866
-0.0192 0.1221 0.0953
-0.0294 0.0815 0.0860
-0.0483 0.0343 0.0925
-0.0468 0.0498 0.0982
-0.0297 0.0914 0.0836
0.0110 0.1403 0.0548
0.0169 0.1752 0.0374
-0.0083 0.2099 0.0163
-0.0673 0.1225 0.0316
-0.0736 0.0771 0.0564
-0.0436 0.0850 0.0915
-0.0048 0.1659 0.0714
0.0113 0.2094 0.0425
0.0301 0.2698 0.0103
0.0215 0.2801 0.0013
0.0355 0.2553 -0.0044
0.1710 0.2537 -0.0307
0.3589 0.3284 0.0081
0.4244 0.3531 0.0365
0.5003 0.2390 0.0769
0.5644 0.0881 0.0346
0.6147 0.0851 0.0214
0.6464 0.1369 0.0005
0.5615 0.1358 -0.0149
0.5196 0.1110 -0.0190
0.4747 0.0995 -0.0237
0.4729 0.1106 -0.0185
0.4790 0.0692 0.0093
0.4512 -0.0333 0.0705
0.4297 -0.0389 0.1038
0.3692 0.0415 0.1796
0.2529 0.0160 0.2598
0.1669 -0.0624 0.2899
-0.0080 -0.1903 0.2419
-0.1232 0.0322 0.2197
-0.1469 0.1101 0.2122
-0.1606 0.3563 0.2798
-0.1387 0.2709 0.2749
-0.1104 0.0580 0.2864
-0.0578 -0.2061 0.2481
-0.0014 -0.3504 0.1557
0.0123 -0.2623 0.1082
-0.0368 -0.0306 0.0548
-0.1600 0.0108 0.1101
-0.1714 0.0102 0.1356
-0.1163 -0.0928 0.1114
-0.0367 -0.1242 0.0656
-0.0098 -0.0971 0.0556
-0.0603 -0.0417 0.0691
-0.1787 0.0098 0.1602
-0.2132 0.0154 0.1991
-0.2085 0.0972 0.2027
-0.1766 0.1582 0.1748
-0.1008 0.1842 0.0652
-0.0364 0.1228 -0.0089
-0.0173 0.0915 -0.0233
-0.0162 0.0272 -0.0006
-0.0310 0.0653 0.0268
-0.0299 0.0995 0.0214
-0.0075 0.1121 -0.0077
0.0066 0.0217 -0.0135
0.0053 -0.0307 -0.0143
-0.0169 -0.0707 -0.0067
-0.0752 0.0180 -0.0586
-0.1022 0.0594 -0.0670
-0.1014 0.0842 0.0222
-0.0529 0.0236 0.1434
-0.0149 -0.0325 0.1525
0.0120 -0.0471 0.1245
-0.0185 0.0001 0.1226
-0.0340 0.0247 0.1231
-0.0385 0.0091 0.1299
-0.0545 -0.0371 0.1483
-0.0682 -0.0525 0.1363
0.0779 0.0864 0.0105
0.2482 0.1277 -0.1069
0.2610 0.1240 -0.1030
0.1662 0.0515 -0.0238
0.0299 0.0056 0.0361
-0.0060 -0.0140 0.0290
0.0206 -0.0066 -0.0137
0.0777 0.0013 -0.0306
0.0818 -0.0187 -0.0153
0.0607 -0.0496 0.0102
0.0620 -0.0429 0.0120
0.1018 0.0041 0.0008
0.1385 0.0179 -0.0246
0.1340 0.0164 -0.0399
0.0856 -0.0200 -0.0461
0.0486 -0.0499 -0.0268
0.0506 -0.0583 -0.0204
0.0946 -0.0565 -0.0400
0.1215 -0.0731 -0.0227
0.1192 -0.0694 -0.0074
0.1202 -0.0562 0.0048
0.1282 -0.0671 -0.0146
0.1081 -0.0724 -0.0147
0.0249 -0.0549 0.0114
-0.0198 0.0146 0.0220
-0.0183 0.0200 0.0137
-0.0419 -0.0649 0.0084
-0.0383 -0.0279 -0.0157
0.0868 0.0663 -0.0431
0.1154 0.0039 -0.0609
-0.0078 0.0421 -0.0017
-0.0369 0.0296 0.0066
0.0544 0.0441 0.0001
0.0919 0.0034 -0.0092
0.0458 -0.0240 0.0096
-0.1711 -0.1682 0.0355
-0.2427 -0.1558 0.0338
-0.0351 0.0687 -0.0232
0.1496 0.0093 -0.0353
0.1425 0.0201 -0.0211
-0.0113 0.0131 -0.0026
-0.1098 0.0309 -0.0329
-0.1051 0.0357 -0.0466
-0.0840 0.0250 -0.0473
-0.0611 0.0711 -0.0236
-0.0462 0.0975 -0.0424
0.0242 0.0865 -0.0732
0.1104 0.0600 -0.0960
0.1242 0.0498 -0.0862
0.0951 0.0212 -0.0611
0.0882 0.0908 -0.0561
0.0851 0.1113 -0.0597
0.0551 0.0930 -0.0741
0.0018 0.0750 -0.0730
-0.0081 0.0641 -0.0652
0.0090 0.0141 -0.0491
0.0051 0.0219 -0.0263
-0.0176 0.0344 -0.0255
-0.0862 0.0319 -0.0153
-0.0394 0.2938 -0.0114
-0.0007 0.3025 -0.0185
0.0278 0.1859 -0.0242
0.0097 0.1175 -0.0225
-0.0359 0.0112 -0.0170
-0.0507 -0.0757 -0.0545
-0.0416 -0.0404 -0.0622
-0.0296 0.1110 -0.0294
-0.0542 0.1441 -0.0055
-0.0631 0.1446 -0.0089
-0.0472 0.1417 -0.0021
-0.0426 0.0723 -0.0032
-0.0708 0.0413 -0.0033
-0.1130 0.0277 0.0152
-0.0897 0.0711 0.0186
-0.0513 0.0979 0.0187
0.0384 0.0973 0.0236
0.0573 0.0427 0.0151
0.0448 0.0278 0.0206
-0.0008 -0.0008 0.0329
0.0080 -0.0003 0.0590
0.0366 0.0041 0.0655
0.0836 -0.0091 0.0531
0.1191 -0.0453 0.0433
0.1381 -0.0453 0.0444
0.1633 -0.0074 0.0445
0.1465 0.0168 0.0312
0.1290 0.0035 0.0251
0.1118 -0.0270 0.0174
0.1189 -0.0440 -0.0007
0.1352 -0.0573 0.0026
0.1641 -0.0484 0.0119
0.1529 0.0061 -0.0055
0.1318 0.0386 -0.0016
0.1249 0.0383 0.0126
0.1366 0.0350 0.0066
0.1380 0.0392 0.0004
0.1064 -0.0001 0.0023
0.0948 -0.0154 -0.0005
0.0808 -0.0170 -0.0127
0.0591 0.0286 -0.0060
0.0663 0.0145 -0.0046
0.1016 0.0119 -0.0030
0.0976 0.0347 0.0001
0.0769 0.0582 0.0084
0.0474 0.0382 0.0065
0.0575 0.0012 0.0058
0.0622 -0.0054 0.0034
0.0425 0.0135 -0.0030
0.0281 -0.0010 -0.0050
0.0191 -0.0244 0.0004
0.0089 -0.0053 0.0161
0.0306 0.0263 -0.0034
0.0435 0.0146 -0.0031
0.0493 -0.0104 0.0061
0.0163 -0.0132 0.0176
0.0065 -0.0071 0.0232
0.0222 -0.0124 0.0092
0.0572 -0.0069 0.0039
0.0542 0.0004 0.0058
-0.0159 0.0007 0.0053
-0.0539 -0.0135 0.0092
-0.0612 -0.0298 0.0080
0.0053 -0.0207 0.0018
0.0337 -0.0092 -0.0008
0.0550 0.0016 0.0015
0.0722 -0.0143 0.0172
0.0670 -0.0214 0.0077
0.0397 -0.0236 0.0000
0.0225 -0.0247 -0.0040
0.0308 -0.0331 -0.0014
0.0824 -0.0149 -0.0032
0.0982 0.0317 -0.0148
0.0826 0.0463 -0.0158
0.0394 0.0246 -0.0054
0.0385 -0.0080 -0.0069
0.0591 -0.0144 -0.0060
0.1063 -0.0298 -0.0105
0.1001 0.0137 -0.0096
0.0764 0.0295 0.0023
0.0355 0.0068 0.0132
0.0469 -0.0164 0.0001
0.0633 -0.0112 0.0017
0.0692 -0.0073 -0.0011
0.0426 0.0159 -0.0029
0.0261 0.0102 -0.0028
0.0250 -0.0098 0.0132
0.0626 0.0072 0.0010
0.0688 -0.0035 -0.0071
0.0517 0.0160 0.0063
0.0426 0.0300 0.0085
0.0501 0.0399 0.0089
0.0536 0.0005 0.0053
0.0507 0.0026 0.0085
0.0401 0.0166 0.0056
0.0380 0.0224 0.0014
0.0363 0.0163 0.0044
0.0241 0.0170 0.0107
0.0288 0.0293 0.0121
0.0435 0.0372 0.0080
0.0576 0.0346 -0.0076
0.0188 0.0088 -0.0121
0.0031 0.0107 -0.0093
-0.0037 0.0313 -0.0047
0.0307 0.0275 0.0070
0.0455 0.0170 0.0071
0.0371 0.0206 0.0109
0.0131 0.0272 0.0163
0.0095 0.0365 0.0158
0.0073 0.0283 0.0168
-0.0031 0.0076 0.0152
-0.0113 0.0174 0.0130
0.0021 0.0325 0.0073
0.0155 0.0118 -0.0054
0.0125 0.0012 -0.0033
-0.0026 0.0022 -0.0037
-0.0092 0.0081 -0.0024
-0.0182 0.0251 -0.0026
0.0019 0.0323 -0.0093
0.0217 0.0384 -0.0107
0.0230 0.0461 -0.0042
-0.0187 0.0095 -0.0017
-0.0299 -0.0104 0.0059
-0.0250 -0.0433 -0.0021
-0.0084 -0.0199 0.0149
0.0078 0.0049 0.0158
0.0217 0.0375 0.0084
0.0015 0.0301 0.0148
-0.0016 0.0218 0.0145
-0.0019 0.0276 -0.0112
-0.0118 0.0019 -0.0012
-0.0063 -0.0153 0.0082
0.0106 -0.0366 0.0117
0.0250 0.0033 0.0157
0.0278 0.0185 0.0157
0.0157 0.0061 0.0189
-0.0190 -0.0121 0.0068
-0.0299 -0.0039 0.0066
-0.0101 0.0177 0.0072
0.0200 -0.0063 0.0135
0.0275 -0.0126 0.0122
0.0210 0.0191 0.0185
0.0186 0.0242 0.0212
0.0160 0.0085 0.0146
0.0103 0.0163 0.0092
0.0072 0.0380 0.0095
0.0057 0.0350 0.0007
0.0173 0.0009 0.0090
0.0300 0.0101 0.0195
0.0505 0.0253 0.0137
0.0300 0.0198 0.0163
0.0109 -0.0025 0.0194
0.0046 -0.0060 0.0199
0.0330 0.0094 0.0046
0.0443 0.0206 0.0007
0.0397 0.0344 0.0070
0.0162 0.0141 0.0136
0.0078 0.0008 0.0152
0.0241 -0.0039 0.0146
0.0493 0.0132 0.0083
0.0433 0.0225 0.0098
0.0277 0.0270 0.0065
0.0339 0.0143 0.0058
0.0366 0.0033 0.0042
0.0242 -0.0031 0.0091
0.0158 0.0051 0.0129
0.0211 -0.0031 0.0049
0.0277 0.0015 -0.0035
0.0316 0.0157 0.0017
0.0278 0.0177 0.0016
0.0144 -0.0013 -0.0019
0.0154 -0.0013 -0.0004
0.0162 0.0110 -0.0054
0.0278 0.0191 -0.0098
0.0318 0.0077 -0.0046
0.0228 0.0144 -0.0019
0.0062 0.0170 0.0061
0.0005 0.0071 0.0153
0.0045 -0.0132 0.0159
-0.0008 -0.0084 0.0133
-0.0079 -0.0030 0.0156
-0.0002 -0.0049 0.0124
0.0165 0.0107 0.0074
0.0187 0.0269 -0.0003
0.0092 0.0269 -0.0044
0.0036 -0.0100 -0.0064
0.0115 -0.0254 -0.0018
0.0244 -0.0021 -0.0016
0.0300 0.0459 0.0069
0.0387 0.0507 0.0142
0.0348 0.0037 0.0140
0.0044 -0.0236 0.0120
-0.0031 -0.0056 0.0064
0.0044 0.0318 0.0011
0.0162 0.0229 -0.0012
0.0157 0.0050 -0.0003
0.0055 -0.0092 -0.0024
-0.0017 0.0027 -0.0022
0.0073 0.0235 0.0010
0.0233 0.0174 0.0026
0.0264 0.0196 0.0089
0.0159 0.0364 0.0105
0.0186 0.0117 0.0075
0.0286 -0.0096 0.0094
0.0259 -0.0132 0.0008
0.0023 0.0212 0.0090
0.0023 0.0275 0.0130
0.0146 0.0132 0.0175
0.0210 0.0003 0.0092
0.0147 -0.0013 0.0113
0.0044 0.0082 0.0088
0.0028 0.0267 0.0085
0.0113 0.0204 0.0054
0.0115 -0.0071 0.0019
0.0118 -0.0029 0.0052
0.0114 0.0107 0.0063
0.0103 0.0252 0.0070
0.0173 -0.0294 0.0103
0.0178 -0.0320 0.0083
0.0081 -0.0134 -0.0016
-0.0044 -0.0072 0.0067
0.0059 -0.0152 0.0138
0.0242 0.0098 0.0094
0.0222 0.0440 0.0101
-0.0080 0.0719 0.0131
-0.0154 0.0321 0.0278
0.0027 0.0057 0.0280

