0.0249 -0.7024 -0.6934
0.0175 -0.6980 -0.7014
0.0175 -0.6980 -0.7014
0.0190 -0.7050 -0.7039
0.0339 -0.7023 -0.7140
0.0289 -0.7024 -0.7043
0.0285 -0.7025 -0.7001
0.0221 -0.7021 -0.6821
0.0221 -0.7021 -0.6821
0.0154 -0.7014 -0.6904
0.0109 -0.6980 -0.6983
0.0153 -0.6975 -0.6949
0.0214 -0.6980 -0.6915
0.0263 -0.6937 -0.6920
0.0263 -0.6937 -0.6920
0.0243 -0.6872 -0.6889
0.0186 -0.6908 -0.6897
0.0130 -0.6948 -0.6963
0.0185 -0.6998 -0.7087
0.0263 -0.6975 -0.6986
0.0263 -0.6975 -0.6986
0.0197 -0.6931 -0.6913
0.0144 -0.6988 -0.6934
0.0188 -0.7008 -0.6960
0.0172 -0.7044 -0.7011
0.0237 -0.6953 -0.7121
0.0237 -0.6953 -0.7121
0.0234 -0.6896 -0.7057
0.0194 -0.6953 -0.6942
0.0203 -0.6976 -0.6992
0.0168 -0.6960 -0.7054
0.0261 -0.6912 -0.7102
0.0261 -0.6912 -0.7102
0.0253 -0.6889 -0.7006
0.0267 -0.6965 -0.6918
0.0246 -0.6960 -0.6973
0.0211 -0.6973 -0.7041
0.0189 -0.7018 -0.7073
0.0189 -0.7018 -0.7073
0.0217 -0.6973 -0.7011
0.0277 -0.6987 -0.6991
0.0293 -0.6999 -0.6911
0.0304 -0.6986 -0.6988
0.0284 -0.6951 -0.7084
0.0284 -0.6951 -0.7084
0.0236 -0.6937 -0.7115
0.0165 -0.6923 -0.7011
0.0175 -0.7010 -0.6959
0.0225 -0.6940 -0.7090
0.0225 -0.6940 -0.7090
0.0264 -0.6873 -0.7126
0.0209 -0.6864 -0.6975
0.0611 -0.6519 -0.6917
0.0205 -0.7237 -0.6952
0.0109 -0.7194 -0.7180
0.0109 -0.7194 -0.7180
0.0222 -0.7164 -0.7272
0.0334 -0.6871 -0.6913
0.0320 -0.6835 -0.6658
0.0578 -0.6868 -0.7265
0.0578 -0.6868 -0.7265
0.0297 -0.7129 -0.6915
0.0385 -0.7095 -0.6957
0.0330 -0.7013 -0.6830
0.0358 -0.6955 -0.6860
0.0354 -0.7009 -0.6842
0.0354 -0.7009 -0.6842
0.0454 -0.7067 -0.6828
0.0497 -0.7019 -0.6737
0.0502 -0.6993 -0.6697
0.0572 -0.6973 -0.6670
0.0616 -0.6969 -0.6646
0.0616 -0.6969 -0.6646
0.0692 -0.6986 -0.6564
0.0781 -0.6973 -0.6648
0.0881 -0.6865 -0.6730
0.0981 -0.6714 -0.6816
0.1091 -0.6606 -0.6814
0.1091 -0.6606 -0.6814
0.1164 -0.6643 -0.6613
0.1250 -0.6896 -0.6380
0.1309 -0.7152 -0.5970
0.1517 -0.7241 -0.5854
0.1593 -0.7043 -0.6144
0.1593 -0.7043 -0.6144
0.1659 -0.6792 -0.6637
0.1679 -0.6647 -0.7226
0.1712 -0.6756 -0.7433
0.1856 -0.6957 -0.7476
0.2094 -0.7100 -0.7253
0.2094 -0.7100 -0.7253
0.2148 -0.7257 -0.7009
0.2231 -0.7210 -0.7184
0.1906 -0.7073 -0.6917
0.2048 -0.6852 -0.7051
0.2048 -0.6852 -0.7051
0.2188 -0.6611 -0.7135
0.2095 -0.6492 -0.7132
0.1931 -0.6473 -0.7232
0.1898 -0.6473 -0.7300
0.1815 -0.6677 -0.7256
0.1815 -0.6677 -0.7256
0.1892 -0.6792 -0.7135
0.2076 -0.6818 -0.7110
0.2211 -0.6746 -0.7206
0.2255 -0.6714 -0.7109
0.2263 -0.6715 -0.6991
0.2263 -0.6715 -0.6991
0.2269 -0.6737 -0.6868
0.2337 -0.6477 -0.6933
0.2141 -0.6663 -0.6934
0.2018 -0.6360 -0.6916
0.1860 -0.6304 -0.7146
0.1860 -0.6304 -0.7146
0.1569 -0.6181 -0.7373
0.1300 -0.6356 -0.7499
0.0913 -0.6231 -0.7535
0.0649 -0.6220 -0.7718
0.0649 -0.6220 -0.7718
0.0480 -0.6925 -0.7709
-0.0089 -0.7420 -0.8117
0.0043 -0.7127 -0.7454
0.0118 -0.7041 -0.8127
0.0412 -0.6990 -0.9575
0.0412 -0.6990 -0.9575
0.0534 -0.6141 -1.0156
0.0548 -0.5471 -1.0453
0.0155 -0.5466 -0.9412
-0.0245 -0.5859 -0.7894
-0.0507 -0.6249 -0.6914
-0.0507 -0.6249 -0.6914
-0.0788 -0.6385 -0.6622
-0.0868 -0.6118 -0.6936
-0.0862 -0.5784 -0.7494
-0.0855 -0.5305 -0.7769
-0.0724 -0.5251 -0.7767
-0.0724 -0.5251 -0.7767
-0.0643 -0.5343 -0.7404
-0.0632 -0.5533 -0.6842
-0.0708 -0.5725 -0.6307
-0.0943 -0.5917 -0.6054
-0.0943 -0.5917 -0.6054
-0.1078 -0.6063 -0.6028
-0.1127 -0.6181 -0.6179
-0.1051 -0.6321 -0.6415
-0.1162 -0.6327 -0.6535
-0.1229 -0.6531 -0.6935
-0.1229 -0.6531 -0.6935
-0.1213 -0.6886 -0.7335
-0.1066 -0.7126 -0.7730
-0.0989 -0.7151 -0.7858
-0.0932 -0.7141 -0.7950
-0.0778 -0.7328 -0.8125
-0.0778 -0.7328 -0.8125
-0.0734 -0.7396 -0.8033
-0.0756 -0.7557 -0.7867
-0.0742 -0.7604 -0.7759
-0.0631 -0.7560 -0.7976
-0.0472 -0.7305 -0.8341
-0.0472 -0.7305 -0.8341
-0.0229 -0.7437 -0.8707
0.0138 -0.8187 -0.8585
0.0655 -0.7946 -0.8260
0.1193 -0.8194 -0.8590
0.1880 -0.8101 -0.8962
0.1880 -0.8101 -0.8962
0.2393 -0.7103 -0.8841
0.2772 -0.5798 -0.8804
0.2904 -0.5182 -0.8681
0.3027 -0.5135 -0.7921
0.3370 -0.5520 -0.6607
0.3370 -0.5520 -0.6607
0.3690 -0.5982 -0.5491
0.3900 -0.6090 -0.4913
0.3728 -0.5468 -0.5420
0.3323 -0.5018 -0.7030
0.3323 -0.5018 -0.7030
0.2520 -0.4494 -0.8146
0.1375 -0.4482 -0.8526
0.0398 -0.4536 -0.7656
-0.0321 -0.4822 -0.6635
-0.0820 -0.5415 -0.5664
-0.0820 -0.5415 -0.5664
-0.1053 -0.5841 -0.5036
-0.0904 -0.6345 -0.5102
-0.0641 -0.6722 -0.5583
-0.0375 -0.6872 -0.6170
-0.0058 -0.6904 -0.6798
-0.0058 -0.6904 -0.6798
0.0176 -0.6884 -0.7321
0.0291 -0.6947 -0.7584
0.0315 -0.7010 -0.7725
0.0248 -0.7220 -0.7693
0.0034 -0.7579 -0.7944
0.0034 -0.7579 -0.7944
-0.0318 -0.7522 -0.8253
-0.0723 -0.7522 -0.8616
-0.1116 -0.8083 -0.8780
-0.1500 -0.7911 -0.8836
-0.1720 -0.7572 -0.9171
-0.1720 -0.7572 -0.9171
-0.2222 -0.7821 -0.9811
-0.2541 -0.6947 -0.9891
-0.2754 -0.5201 -1.0164
-0.2851 -0.4604 -1.0787
-0.2851 -0.4604 -1.0787
-0.2971 -0.4795 -0.9988
-0.3010 -0.5211 -0.7991
-0.2784 -0.5414 -0.6346
-0.2196 -0.4806 -0.6206
-0.1198 -0.4241 -0.7756
-0.0106 -0.3808 -0.8782
-0.0106 -0.3808 -0.8782
0.0892 -0.3775 -0.8486
0.1622 -0.4235 -0.6907
0.2169 -0.4830 -0.5596
0.2437 -0.5420 -0.5338
0.2437 -0.5420 -0.5338
0.2389 -0.5982 -0.5633
0.2254 -0.6272 -0.5858
0.2059 -0.6560 -0.5733
0.1950 -0.6754 -0.5614
0.1857 -0.6958 -0.6085
0.1857 -0.6958 -0.6085
0.1831 -0.7108 -0.6873
0.1902 -0.7062 -0.7470
0.1879 -0.7278 -0.7818
0.1851 -0.7665 -0.7841
0.1851 -0.7665 -0.7841
0.1984 -0.7989 -0.7742
0.2249 -0.8219 -0.7868
0.2734 -0.8468 -0.8234
0.3133 -0.8642 -0.8542
0.3424 -0.8642 -0.8611
0.3380 -0.8411 -0.8699
0.3380 -0.8411 -0.8699
0.2931 -0.6358 -0.8598
0.2816 -0.4318 -0.9558
0.2529 -0.4047 -0.9993
0.2103 -0.4458 -0.8160
0.2103 -0.4458 -0.8160
0.1792 -0.5598 -0.6137
0.1998 -0.6846 -0.4617
0.2453 -0.6605 -0.4078
0.2799 -0.5977 -0.5941
0.2654 -0.4755 -0.8375
0.2654 -0.4755 -0.8375
0.1956 -0.4004 -1.0693
0.0854 -0.3639 -1.0692
-0.0514 -0.3722 -0.8705
-0.1495 -0.4432 -0.6923
-0.2054 -0.5275 -0.5499
-0.2054 -0.5275 -0.5499
-0.2181 -0.5887 -0.4810
-0.2038 -0.6393 -0.5127
-0.1810 -0.6778 -0.5733
-0.1544 -0.6827 -0.6365
-0.1544 -0.6827 -0.6365
-0.1267 -0.6831 -0.7152
-0.1113 -0.6575 -0.7716
-0.1035 -0.6661 -0.8012
-0.1124 -0.6992 -0.8085
-0.1457 -0.7122 -0.8424
-0.1457 -0.7122 -0.8424
-0.2066 -0.7164 -0.8925
-0.2661 -0.7401 -0.9262
-0.3046 -0.7475 -0.9453
-0.2672 -0.7300 -0.9473
-0.2443 -0.7640 -1.0525
-0.2443 -0.7640 -1.0525
-0.2256 -0.6046 -1.1478
-0.2339 -0.4464 -1.2004
-0.2391 -0.4594 -1.1293
-0.2392 -0.5299 -0.8916
-0.2375 -0.5991 -0.6304
-0.2375 -0.5991 -0.6304
-0.2130 -0.5679 -0.5519
-0.1258 -0.5173 -0.6581
-0.0123 -0.4530 -0.8221
0.0873 -0.3846 -0.8734
0.1742 -0.4154 -0.8001
0.1742 -0.4154 -0.8001
0.2381 -0.4742 -0.6322
0.2767 -0.5434 -0.5175
0.2822 -0.6147 -0.4698
0.2703 -0.6788 -0.4756
0.2703 -0.6788 -0.4756
0.2519 -0.7131 -0.4671
0.2359 -0.7329 -0.4666
0.2354 -0.7256 -0.5062
0.2369 -0.7292 -0.5802
0.2218 -0.7300 -0.6564
0.2218 -0.7300 -0.6564
0.1776 -0.7403 -0.6936
0.1176 -0.7777 -0.6869
0.0838 -0.8277 -0.6540
0.1010 -0.8521 -0.6501
0.1534 -0.8561 -0.7173
0.1534 -0.8561 -0.7173
0.2009 -0.8729 -0.8031
0.2416 -0.8408 -0.8586
0.2778 -0.8795 -0.8489
0.3132 -0.8397 -0.8586
0.3188 -0.6132 -0.8875
0.3188 -0.6132 -0.8875
0.3377 -0.4832 -0.9785
0.3506 -0.4625 -0.9006
0.3228 -0.5155 -0.6933
0.2699 -0.6471 -0.5072
0.2599 -0.7006 -0.4220
0.2599 -0.7006 -0.4220
0.2706 -0.6843 -0.4585
0.2712 -0.5572 -0.6962
0.2219 -0.4481 -0.9422
0.1040 -0.3979 -1.1003
0.1040 -0.3979 -1.1003
-0.0447 -0.3828 -0.9945
-0.1735 -0.4149 -0.8104
-0.2391 -0.4794 -0.7164
-0.2726 -0.5584 -0.6294
-0.2716 -0.6086 -0.5676
-0.2716 -0.6086 -0.5676
-0.2599 -0.6501 -0.5527
-0.2373 -0.6910 -0.5737
-0.1939 -0.7168 -0.6323
-0.1553 -0.7237 -0.6888
-0.1285 -0.7258 -0.7272
-0.1285 -0.7258 -0.7272
-0.1129 -0.7455 -0.7264
-0.1119 -0.7777 -0.7257
-0.1322 -0.7987 -0.7396
-0.1561 -0.7887 -0.7750
-0.1841 -0.8049 -0.8359
-0.1841 -0.8049 -0.8359
-0.2457 -0.8155 -0.8957
-0.3405 -0.7413 -0.9266
-0.4381 -0.7805 -0.9612
-0.4711 -0.7827 -0.9294
-0.4340 -0.6591 -0.8353
-0.4340 -0.6591 -0.8353
-0.4383 -0.5300 -0.9202
-0.4340 -0.5215 -0.9521
-0.3973 -0.4980 -0.8022
-0.3408 -0.5292 -0.5965
-0.3408 -0.5292 -0.5965
-0.2417 -0.5728 -0.5237
-0.1378 -0.5555 -0.5708
0.0247 -0.5236 -0.7706
0.1748 -0.4773 -0.9163
0.3219 -0.4865 -0.9371
0.3219 -0.4865 -0.9371
0.4190 -0.5277 -0.7486
0.4459 -0.5641 -0.6003
0.4276 -0.6411 -0.5408
0.3823 -0.7005 -0.5075
0.3445 -0.7248 -0.4718
0.3445 -0.7248 -0.4718
0.3104 -0.7272 -0.4417
0.2968 -0.7342 -0.4421
0.3083 -0.7396 -0.4936
0.3190 -0.7414 -0.5680
0.3119 -0.7533 -0.6203
0.3119 -0.7533 -0.6203
0.2851 -0.8057 -0.6425
0.2516 -0.8684 -0.6343
0.2353 -0.8991 -0.6321
0.2196 -0.8862 -0.6671
0.1880 -0.8535 -0.7474
0.1880 -0.8535 -0.7474
0.1468 -0.8583 -0.8212
0.1530 -0.8097 -0.8615
0.1958 -0.8438 -0.8112
0.2346 -0.9365 -0.7241
0.2673 -0.8929 -0.6653
0.2673 -0.8929 -0.6653
0.2901 -0.7382 -0.7071
0.3160 -0.6053 -0.7598
0.2826 -0.5507 -0.7299
0.2269 -0.6075 -0.5663
0.1679 -0.7576 -0.4119
0.1679 -0.7576 -0.4119
0.1377 -0.7959 -0.3329
0.1255 -0.7464 -0.4468
0.1087 -0.6399 -0.7320
0.0433 -0.5408 -0.9734
0.0433 -0.5408 -0.9734
-0.1545 -0.4693 -1.0349
-0.3603 -0.4372 -1.0344
-0.4923 -0.4904 -0.8863
-0.5222 -0.5357 -0.7226
-0.5253 -0.5937 -0.5541
-0.5253 -0.5937 -0.5541
-0.5309 -0.6483 -0.4317
-0.4984 -0.6854 -0.3462
-0.4411 -0.7115 -0.3583
-0.3474 -0.7250 -0.4310
-0.2489 -0.7102 -0.4907
-0.2489 -0.7102 -0.4907
-0.1937 -0.6978 -0.5543
-0.1621 -0.6707 -0.6444
-0.1177 -0.6635 -0.7135
-0.0805 -0.6745 -0.7636
-0.0805 -0.6745 -0.7636
-0.0864 -0.7024 -0.7999
-0.1231 -0.7406 -0.8215
-0.1732 -0.7922 -0.8065
-0.2248 -0.8388 -0.7963
-0.2566 -0.8312 -0.8087
-0.2566 -0.8312 -0.8087
-0.2590 -0.7682 -0.8389
-0.2197 -0.7226 -0.8690
-0.1523 -0.6927 -0.8896
-0.0702 -0.7558 -0.8366
-0.0257 -0.7771 -0.7545
-0.0257 -0.7771 -0.7545
-0.0158 -0.6274 -0.7336
0.0060 -0.4873 -0.9290
0.0228 -0.4321 -1.0190
0.0302 -0.4543 -0.8914
0.0495 -0.5071 -0.7692
0.0495 -0.5071 -0.7692
0.0628 -0.5702 -0.7085
0.0746 -0.5869 -0.7130
0.0871 -0.5847 -0.7312
0.0506 -0.5365 -0.7493
0.0189 -0.5184 -0.7869
0.0189 -0.5184 -0.7869
-0.0109 -0.5196 -0.7578
-0.0101 -0.5484 -0.7258
-0.0084 -0.5950 -0.7096
0.0023 -0.6349 -0.7349
0.0023 -0.6349 -0.7349
0.0128 -0.6564 -0.7851
0.0223 -0.6694 -0.8374
0.0128 -0.6655 -0.8763
-0.0054 -0.6558 -0.9122
-0.0403 -0.6352 -0.8945
-0.0403 -0.6352 -0.8945
-0.0826 -0.6270 -0.9027
-0.0913 -0.6226 -0.8880
-0.0813 -0.6193 -0.8426
-0.0773 -0.6090 -0.7876
-0.0808 -0.6191 -0.7429
-0.0808 -0.6191 -0.7429
-0.0701 -0.6337 -0.7258
-0.0693 -0.6404 -0.6784
-0.0634 -0.6448 -0.6538
-0.0432 -0.6491 -0.6478
-0.0289 -0.6522 -0.6391
-0.0289 -0.6522 -0.6391
-0.0095 -0.6709 -0.6885
0.0099 -0.6762 -0.7025
0.0262 -0.6890 -0.7084
0.0309 -0.7168 -0.7172
0.0309 -0.7168 -0.7172
0.0307 -0.7597 -0.6820
0.0080 -0.8851 -0.6252
-0.0207 -0.9135 -0.6251
-0.0180 -0.7895 -0.7548
0.0574 -0.6512 -0.9277
0.0574 -0.6512 -0.9277
0.1287 -0.5560 -1.0457
0.1020 -0.6147 -0.8542
0.0383 -0.6039 -0.7039
-0.0310 -0.6927 -0.5972
-0.0894 -0.7363 -0.4798
-0.0894 -0.7363 -0.4798
-0.1436 -0.7542 -0.4728
-0.1328 -0.7519 -0.5683
-0.0986 -0.7135 -0.6727
-0.0392 -0.6673 -0.7647
0.0167 -0.6152 -0.8472
0.0167 -0.6152 -0.8472
0.0312 -0.5804 -0.8903
0.0214 -0.5533 -0.8298
-0.0045 -0.5475 -0.6964
-0.0486 -0.5690 -0.5877
-0.0692 -0.5967 -0.5323
-0.0692 -0.5967 -0.5323
-0.0268 -0.6043 -0.5880
0.0162 -0.6131 -0.6616
0.0670 -0.6096 -0.7302
0.1121 -0.6095 -0.7500
0.1463 -0.6232 -0.7734
0.1463 -0.6232 -0.7734
0.1622 -0.6319 -0.7968
0.1740 -0.6381 -0.8072
0.1783 -0.6374 -0.7984
0.1840 -0.6438 -0.7628
0.1840 -0.6438 -0.7628
0.1836 -0.6579 -0.7187
0.1849 -0.6692 -0.6973
0.1821 -0.6765 -0.6940
0.1690 -0.6774 -0.6963
0.1607 -0.6775 -0.6944
0.1607 -0.6775 -0.6944
0.1518 -0.6769 -0.6939
0.1576 -0.6768 -0.6896
0.1808 -0.6844 -0.6914
0.2246 -0.7044 -0.7059
0.2545 -0.7258 -0.7173
0.2545 -0.7258 -0.7173
0.2673 -0.7436 -0.7283
0.2767 -0.7559 -0.7423
0.2842 -0.7738 -0.7558
0.2646 -0.8221 -0.7604
0.2646 -0.8221 -0.7604
0.2008 -0.8118 -0.7563
0.1494 -0.7801 -0.7398
0.0732 -0.7740 -0.7463
0.0256 -0.7512 -0.7766
-0.0247 -0.6756 -0.8599
-0.0983 -0.5729 -0.9445
-0.0983 -0.5729 -0.9445
-0.1194 -0.4819 -1.0232
-0.1453 -0.4383 -0.9658
-0.1719 -0.4791 -0.8465
-0.1832 -0.5186 -0.7631
-0.1832 -0.5186 -0.7631
-0.1685 -0.5517 -0.7509
-0.1494 -0.5374 -0.7510
-0.0979 -0.4667 -0.8126
-0.0399 -0.4269 -0.9242
-0.0066 -0.4246 -0.9231
-0.0066 -0.4246 -0.9231
-0.0026 -0.4644 -0.8356
0.0053 -0.5063 -0.7067
0.0072 -0.5467 -0.5964
0.0163 -0.5965 -0.5349
0.0376 -0.6386 -0.5344
0.0376 -0.6386 -0.5344
0.0490 -0.6613 -0.5443
0.0512 -0.6634 -0.5571
0.0474 -0.6496 -0.5949
0.0439 -0.6424 -0.6573
0.0512 -0.6574 -0.7178
0.0512 -0.6574 -0.7178
0.0663 -0.6750 -0.7624
0.0800 -0.6968 -0.7714
0.0963 -0.7145 -0.7506
0.1081 -0.7302 -0.7366
0.1156 -0.7505 -0.7245
0.1156 -0.7505 -0.7245
0.1088 -0.7688 -0.6987
0.1174 -0.7956 -0.6827
0.1484 -0.8175 -0.6952
0.1682 -0.8221 -0.7386
0.1682 -0.8221 -0.7386
0.1906 -0.8146 -0.7847
0.2010 -0.8715 -0.8041
0.2182 -0.8644 -0.8133
0.2515 -0.8304 -0.8358
0.3112 -0.7946 -0.8688
0.3112 -0.7946 -0.8688
0.3513 -0.7263 -0.8998
0.3578 -0.6538 -0.9053
0.3421 -0.5957 -0.8807
0.3164 -0.5629 -0.8016
0.2817 -0.5713 -0.6991
0.2817 -0.5713 -0.6991
0.2608 -0.5894 -0.6236
0.2394 -0.5853 -0.6057
0.1943 -0.5496 -0.6180
0.1439 -0.5087 -0.6632
0.1439 -0.5087 -0.6632
0.0918 -0.4905 -0.6922
0.0369 -0.5066 -0.6492
-0.0091 -0.5254 -0.5918
-0.0258 -0.5629 -0.5345
-0.0337 -0.6008 -0.4684
-0.0337 -0.6008 -0.4684
-0.0427 -0.6440 -0.4229
-0.0164 -0.6957 -0.4361
0.0009 -0.7364 -0.4672
0.0412 -0.7787 -0.5417
0.0569 -0.7847 -0.6140
0.0569 -0.7847 -0.6140
0.0588 -0.7995 -0.6801
0.0497 -0.8038 -0.7163
0.0306 -0.7833 -0.7492
-0.0115 -0.7961 -0.7565
-0.0665 -0.8192 -0.7699
-0.0665 -0.8192 -0.7699
-0.1251 -0.8111 -0.8021
-0.1673 -0.7832 -0.8392
-0.2027 -0.8163 -0.8589
-0.2165 -0.7596 -0.8696
-0.2065 -0.7586 -0.9195
-0.2065 -0.7586 -0.9195
-0.1945 -0.6932 -0.9583
-0.1752 -0.5317 -1.0782
-0.1994 -0.4640 -1.1042
-0.2484 -0.5125 -0.9396
-0.2484 -0.5125 -0.9396
-0.2735 -0.5698 -0.7306
-0.2530 -0.6188 -0.6238
-0.1950 -0.5965 -0.6694
-0.0896 -0.5454 -0.7952
0.0096 -0.5130 -0.8648
0.0096 -0.5130 -0.8648
0.1021 -0.4919 -0.8493
0.1850 -0.5056 -0.7488
0.2156 -0.5441 -0.5794
0.2187 -0.5795 -0.4551
0.2188 -0.6399 -0.3584
0.2188 -0.6399 -0.3584
0.2025 -0.6882 -0.3238
0.1994 -0.7311 -0.3817
0.1829 -0.7484 -0.4458
0.1830 -0.7555 -0.5182
0.1958 -0.7579 -0.5807
0.1958 -0.7579 -0.5807
0.2085 -0.7653 -0.6287
0.2032 -0.7826 -0.6766
0.1922 -0.8173 -0.6839
0.1857 -0.8601 -0.6528
0.2025 -0.8770 -0.6334
0.2025 -0.8770 -0.6334
0.2255 -0.8564 -0.6804
0.2271 -0.8705 -0.7430
0.2411 -0.8215 -0.7856
0.2534 -0.7837 -0.7739
0.2534 -0.7837 -0.7739
0.2810 -0.7838 -0.7425
0.3341 -0.6528 -0.7555
0.4162 -0.5609 -0.8240
0.4475 -0.5607 -0.7682
0.4252 -0.6199 -0.6708
0.4252 -0.6199 -0.6708
0.3775 -0.6800 -0.5887
0.3410 -0.6438 -0.6357
0.2749 -0.5581 -0.8302
0.1611 -0.4818 -1.0135
0.0387 -0.4109 -1.0339
-0.0973 -0.3887 -0.9308
-0.1689 -0.4273 -0.7771
-0.1647 -0.4837 -0.6190
-0.1647 -0.4837 -0.6190
-0.1468 -0.5257 -0.5270
-0.1421 -0.5710 -0.5140
-0.1563 -0.6304 -0.5282
-0.1633 -0.6590 -0.5579
-0.1633 -0.6590 -0.5579
-0.1665 -0.6658 -0.6188
-0.1696 -0.6676 -0.6832
-0.1696 -0.6676 -0.6832
-0.1453 -0.6394 -0.7417
-0.1254 -0.6221 -0.7907
-0.1191 -0.6629 -0.8053
-0.1320 -0.7042 -0.7978
-0.1656 -0.7283 -0.8273
-0.1656 -0.7283 -0.8273
-0.1949 -0.7531 -0.8660
-0.2218 -0.7799 -0.9082
-0.2167 -0.6910 -1.0407
-0.1859 -0.7377 -1.1662
-0.1600 -0.5621 -1.2646
-0.1600 -0.5621 -1.2646
-0.1663 -0.3807 -1.3398
-0.1649 -0.4065 -1.1466
-0.1815 -0.5154 -0.8123
-0.1838 -0.5911 -0.5962
-0.1597 -0.5555 -0.5698
-0.1597 -0.5555 -0.5698
-0.0932 -0.5073 -0.7182
-0.0311 -0.4388 -0.8249
0.0234 -0.4208 -0.8495
0.0867 -0.4314 -0.8236
0.1525 -0.4676 -0.7480
0.1525 -0.4676 -0.7480
0.1865 -0.5045 -0.6539
0.2057 -0.5612 -0.5428
0.2139 -0.6121 -0.4679
0.2050 -0.6738 -0.4519
0.2050 -0.6738 -0.4519
0.2004 -0.7117 -0.4739
0.2153 -0.7231 -0.5360
0.2168 -0.7108 -0.6042
0.2348 -0.7005 -0.6675
0.2422 -0.6819 -0.7118
0.2422 -0.6819 -0.7118
0.2367 -0.6920 -0.7326
0.2306 -0.7183 -0.7325
0.2407 -0.7523 -0.7305
0.2635 -0.7582 -0.7254
0.2981 -0.7641 -0.7634
0.2981 -0.7641 -0.7634
0.3207 -0.7796 -0.8129
0.3146 -0.6961 -0.8693
0.2828 -0.7350 -0.9058
0.2586 -0.6275 -0.9086
0.2876 -0.4760 -0.9547
0.2876 -0.4760 -0.9547
0.3127 -0.4377 -0.9445
0.3204 -0.5048 -0.7842
0.3291 -0.5883 -0.6065
0.3592 -0.6414 -0.5235
0.4257 -0.6305 -0.6052
0.4257 -0.6305 -0.6052
0.4527 -0.5450 -0.7907
0.4342 -0.5069 -0.9438
0.3452 -0.4702 -0.8953
0.2086 -0.4356 -0.7847
0.0736 -0.4666 -0.7223
0.0736 -0.4666 -0.7223
-0.0210 -0.5242 -0.6800
-0.1087 -0.5677 -0.6975
-0.1478 -0.6593 -0.6707
-0.1594 -0.6621 -0.6773
-0.1594 -0.6621 -0.6773
-0.1317 -0.6548 -0.7621
-0.1318 -0.6353 -0.8132
-0.1212 -0.6150 -0.8525
-0.0831 -0.6096 -0.8699
-0.0763 -0.5990 -0.8418
-0.0763 -0.5990 -0.8418
-0.0741 -0.6026 -0.8477
-0.0543 -0.5947 -0.9019
-0.0416 -0.5735 -0.9447
-0.0670 -0.6774 -0.8751
-0.1049 -0.7089 -0.7513
-0.1049 -0.7089 -0.7513
-0.0904 -0.6743 -0.6951
-0.0679 -0.5209 -0.8592
-0.0439 -0.4212 -1.1607
-0.0243 -0.4433 -1.1373
-0.0871 -0.5129 -0.9124
-0.0871 -0.5129 -0.9124
-0.1481 -0.5641 -0.6832
-0.1437 -0.5684 -0.6129
-0.0541 -0.5452 -0.6988
0.0230 -0.5133 -0.8621
0.0230 -0.5133 -0.8621
0.0658 -0.5101 -0.9034
0.1072 -0.5280 -0.8520
0.1473 -0.5339 -0.7224
0.1881 -0.5433 -0.6166
0.1981 -0.5632 -0.4861
0.1981 -0.5632 -0.4861
0.1513 -0.5590 -0.3827
0.1346 -0.5515 -0.5058
0.1507 -0.5298 -0.6541
0.1636 -0.4889 -0.8059
0.1451 -0.4803 -0.8969
0.1451 -0.4803 -0.8969
0.1062 -0.4840 -0.9232
0.0740 -0.4962 -0.8795
0.0484 -0.5060 -0.8416
0.0089 -0.5153 -0.8520
-0.0174 -0.5116 -0.8667
-0.0174 -0.5116 -0.8667
-0.0257 -0.5189 -0.8428
-0.0228 -0.5233 -0.8127
-0.0415 -0.5289 -0.7651
-0.0523 -0.5267 -0.7372
-0.0233 -0.5153 -0.7414
-0.0233 -0.5153 -0.7414
0.0141 -0.4723 -0.8128
0.0398 -0.4380 -0.9593
0.0556 -0.4191 -1.0775
0.0304 -0.4864 -1.0503
-0.0021 -0.3932 -0.9744
-0.0021 -0.3932 -0.9744
-0.0159 -0.4460 -1.0168
-0.0276 -0.4354 -1.0313
0.0072 -0.1617 -1.1212
0.0103 -0.2300 -1.2485
0.0103 -0.2300 -1.2485
0.0054 -0.2994 -1.2107
-0.0015 -0.3724 -1.0542
-0.0054 -0.4248 -0.8838
0.0167 -0.4819 -0.8423
0.0883 -0.4215 -0.9563
0.0883 -0.4215 -0.9563
0.1605 -0.3534 -1.0831
0.1545 -0.3337 -1.0835
0.0947 -0.3805 -1.0127
0.0363 -0.4087 -0.9264
0.0009 -0.4276 -0.8760
0.0009 -0.4276 -0.8760
-0.0148 -0.4252 -0.8112
-0.0157 -0.4308 -0.7583
-0.0134 -0.4403 -0.7122
-0.0124 -0.4310 -0.7994
-0.0069 -0.4210 -0.8816
-0.0069 -0.4210 -0.8816
-0.0265 -0.3933 -0.9397
-0.0515 -0.3655 -0.9577
-0.0746 -0.3405 -0.9981
-0.1041 -0.3615 -0.9664
-0.1041 -0.3615 -0.9664
-0.1138 -0.3008 -0.9138
-0.1458 -0.3329 -0.8917
-0.1705 -0.3867 -0.8577
-0.1703 -0.4392 -0.8297
-0.1326 -0.4882 -0.8225
-0.1326 -0.4882 -0.8225
-0.0759 -0.4995 -0.8624
-0.0012 -0.4598 -0.9513
0.0478 -0.4484 -1.0292
0.0633 -0.4738 -1.0323
0.0450 -0.4868 -0.9579
0.0450 -0.4868 -0.9579
0.0587 -0.4684 -0.8724
0.0647 -0.4588 -0.8225
0.0679 -0.4450 -0.8092
0.0698 -0.4335 -0.8246
0.0803 -0.4800 -0.8423
0.0803 -0.4800 -0.8423
0.0904 -0.4902 -0.8374
0.0950 -0.3746 -0.8554
0.1087 -0.3355 -1.0077
0.1060 -0.3514 -1.0699
0.1060 -0.3514 -1.0699
0.0717 -0.4239 -0.9528
-0.0033 -0.4449 -0.7844
-0.0922 -0.4488 -0.6899
-0.1667 -0.4102 -0.7299
-0.1790 -0.3689 -0.8481
-0.1790 -0.3689 -0.8481
-0.1214 -0.3965 -0.9573
-0.0776 -0.4716 -0.9335
-0.0501 -0.5408 -0.8703
-0.0061 -0.5768 -0.8311
0.0495 -0.5578 -0.8578
0.0495 -0.5578 -0.8578
0.0694 -0.5201 -0.8811
0.0595 -0.4873 -0.9032
0.0406 -0.4772 -0.8912
0.0205 -0.4617 -0.8659
-0.0066 -0.4549 -0.8382
-0.0066 -0.4549 -0.8382
-0.0185 -0.4063 -0.8280
-0.0357 -0.3358 -0.8815
-0.0471 -0.3098 -0.9878
-0.0466 -0.3671 -0.9869
-0.0611 -0.4260 -0.9143
-0.0611 -0.4260 -0.9143
-0.0672 -0.4867 -0.8283
-0.0508 -0.5184 -0.7753
-0.0212 -0.4992 -0.8357
0.0135 -0.4823 -0.9645
0.0135 -0.4823 -0.9645
0.0044 -0.4810 -1.0723
-0.0227 -0.5262 -1.0435
-0.0525 -0.5679 -0.9231
-0.0537 -0.6294 -0.8425
-0.0410 -0.6533 -0.7856
-0.0410 -0.6533 -0.7856
-0.0544 -0.6702 -0.7768
-0.0648 -0.6487 -0.7640
-0.0577 -0.6369 -0.8072
-0.0523 -0.5947 -0.8344
-0.0289 -0.5627 -0.8559
-0.0289 -0.5627 -0.8559
-0.0147 -0.5421 -0.8125
0.0105 -0.5624 -0.7678
0.0646 -0.5772 -0.7689
0.1035 -0.5562 -0.7518
0.1065 -0.5909 -0.7526
0.1065 -0.5909 -0.7526
0.1166 -0.5809 -0.7440
0.1290 -0.5625 -0.7328
0.1396 -0.5830 -0.7108
0.0996 -0.5910 -0.6987
0.0621 -0.6014 -0.6869
0.0621 -0.6014 -0.6869
0.0351 -0.6045 -0.6562
0.0307 -0.6317 -0.6411
0.0393 -0.6506 -0.6396
0.0468 -0.6411 -0.6598
0.0590 -0.6395 -0.6670
0.0590 -0.6395 -0.6670
0.0454 -0.6562 -0.6561
0.0320 -0.6699 -0.6823
0.0318 -0.6827 -0.7018
0.0347 -0.6868 -0.6921
0.0347 -0.6868 -0.6921
0.0309 -0.6894 -0.6790
0.0173 -0.6949 -0.6679
0.0148 -0.7135 -0.6723
0.0296 -0.7008 -0.6906
0.0355 -0.6951 -0.7174
0.0355 -0.6951 -0.7174
0.0289 -0.6960 -0.7156
0.0300 -0.6942 -0.6980
0.0250 -0.6982 -0.6861
0.0264 -0.6958 -0.6900
0.0261 -0.6986 -0.7001
0.0261 -0.6986 -0.7001
0.0230 -0.6958 -0.7081
0.0245 -0.7011 -0.7096
0.0280 -0.7027 -0.7065
0.0320 -0.6989 -0.6993
0.0315 -0.7020 -0.7015
0.0315 -0.7020 -0.7015
0.0252 -0.6989 -0.6942
0.0298 -0.6973 -0.6854
0.0331 -0.7019 -0.6913
0.0263 -0.6984 -0.6990
0.0263 -0.6984 -0.6990
0.0306 -0.6970 -0.7035
0.0399 -0.6977 -0.7035
0.0432 -0.6969 -0.7066
0.0397 -0.7005 -0.7065
0.0379 -0.6974 -0.6997
0.0379 -0.6974 -0.6997
0.0276 -0.6893 -0.6953
0.0183 -0.6953 -0.6855
0.0228 -0.6977 -0.6904
0.0219 -0.6918 -0.7077
0.0215 -0.6906 -0.7094
0.0215 -0.6906 -0.7094
0.0249 -0.6960 -0.7037
0.0236 -0.6907 -0.7082
0.0251 -0.6831 -0.7081
0.0219 -0.6902 -0.7079
0.0222 -0.6923 -0.6875
0.0222 -0.6923 -0.6875
0.0226 -0.6937 -0.7111
0.0225 -0.6917 -0.7206
0.0209 -0.6922 -0.7092
0.0237 -0.7003 -0.7021
0.0237 -0.7003 -0.7021
0.0215 -0.6921 -0.6963
0.0181 -0.6901 -0.7115
0.0125 -0.6935 -0.7183
0.0155 -0.6980 -0.7136
0.0194 -0.6990 -0.7086
0.0194 -0.6990 -0.7086
0.0100 -0.6944 -0.6982
0.0101 -0.6978 -0.6896
0.0149 -0.6964 -0.6962
0.0206 -0.6936 -0.7062
0.0235 -0.6974 -0.6985
0.0235 -0.6974 -0.6985
0.0275 -0.6998 -0.6860
0.0256 -0.6932 -0.6856
0.0297 -0.6954 -0.6993
0.0306 -0.6951 -0.6979
0.0259 -0.7008 -0.6774
0.0259 -0.7008 -0.6774
0.0259 -0.7025 -0.6738
0.0301 -0.7033 -0.6797
0.0283 -0.6996 -0.6824
0.0251 -0.6992 -0.6852
0.0217 -0.6991 -0.6889
0.0217 -0.6991 -0.6889
0.0244 -0.7043 -0.6857
0.0332 -0.7085 -0.6919
0.0311 -0.7003 -0.6996
0.0267 -0.6998 -0.6975
0.0267 -0.6998 -0.6975
0.0167 -0.7014 -0.6825
0.0208 -0.7114 -0.6819
0.0233 -0.7025 -0.6993
0.0194 -0.7021 -0.6984
0.0155 -0.7079 -0.6904
0.0155 -0.7079 -0.6904
0.0152 -0.7091 -0.6884
0.0206 -0.7063 -0.6823
0.0212 -0.7005 -0.6819
0.0166 -0.7013 -0.6898
0.0182 -0.7047 -0.7005
0.0182 -0.7047 -0.7005
0.0170 -0.7042 -0.6932
0.0208 -0.7036 -0.6944
0.0211 -0.7032 -0.6934
0.0177 -0.7063 -0.6914
0.0168 -0.7069 -0.6806
0.0168 -0.7069 -0.6806
0.0191 -0.7043 -0.6859
0.0233 -0.7022 -0.7011
0.0229 -0.7000 -0.7053
0.0212 -0.7060 -0.7036
0.0212 -0.7060 -0.7036
0.0244 -0.7065 -0.6984
0.0214 -0.7045 -0.6913
0.0199 -0.7007 -0.6897
0.0234 -0.7018 -0.6910
0.0271 -0.7030 -0.6925
0.0271 -0.7030 -0.6925
0.0200 -0.7013 -0.6868
0.0276 -0.7129 -0.6879
0.0323 -0.7040 -0.6916
0.0229 -0.7049 -0.7010
0.0182 -0.6994 -0.7106
0.0182 -0.6994 -0.7106
0.0227 -0.6987 -0.6938
0.0230 -0.7041 -0.6807
0.0237 -0.6992 -0.6950
0.0222 -0.7002 -0.6853
0.0233 -0.7104 -0.6769
0.0233 -0.7104 -0.6769
0.0219 -0.7026 -0.6716
0.0245 -0.7004 -0.6841
0.0298 -0.7003 -0.6808
0.0221 -0.6983 -0.6859
0.0266 -0.6963 -0.6884
0.0266 -0.6963 -0.6884
0.0245 -0.6983 -0.6899
0.0262 -0.7004 -0.6906
0.0265 -0.6979 -0.6872
0.0231 -0.6964 -0.6980
0.0186 -0.6949 -0.6932
0.0186 -0.6949 -0.6932
0.0197 -0.6969 -0.6992
0.0246 -0.6997 -0.6962
0.0249 -0.7031 -0.6939
0.0285 -0.6968 -0.6852
0.0285 -0.6968 -0.6852
0.0321 -0.6956 -0.6974
0.0336 -0.6970 -0.7072
0.0274 -0.6936 -0.7127
0.0328 -0.6943 -0.7187
0.0245 -0.6922 -0.7074
0.0245 -0.6922 -0.7074
0.0263 -0.6965 -0.7114
0.0309 -0.6939 -0.7189
0.0300 -0.6926 -0.7128
0.0244 -0.6930 -0.7055
0.0302 -0.6951 -0.7090
0.0302 -0.6951 -0.7090
0.0266 -0.6889 -0.7178
0.0235 -0.6892 -0.7133
0.0252 -0.6890 -0.7078
0.0207 -0.6903 -0.7022
0.0253 -0.6892 -0.6942
0.0253 -0.6892 -0.6942
0.0428 -0.6678 -0.6890
0.0278 -0.7127 -0.7337
0.0141 -0.7074 -0.7533
0.0275 -0.6838 -0.7203
0.0275 -0.6838 -0.7203

