0.0028 0.0164 0.0170
0.0028 0.0163 0.0171
0.0027 0.0162 0.0172
0.0026 0.0160 0.0174
0.0026 0.0160 0.0176
0.0026 0.0160 0.0178
0.0025 0.0159 0.0179
0.0025 0.0159 0.0180
0.0024 0.0159 0.0181
0.0023 0.0159 0.0181
0.0023 0.0161 0.0179
0.0024 0.0164 0.0174
0.0024 0.0165 0.0172
0.0024 0.0165 0.0172
0.0024 0.0166 0.0172
0.0024 0.0166 0.0171
0.0025 0.0166 0.0171
0.0028 0.0165 0.0171
0.0029 0.0164 0.0171
0.0030 0.0163 0.0170
0.0031 0.0162 0.0170
0.0032 0.0161 0.0169
0.0033 0.0160 0.0169
0.0033 0.0159 0.0171
0.0034 0.0158 0.0172
0.0035 0.0157 0.0171
0.0037 0.0156 0.0171
0.0038 0.0155 0.0171
0.0040 0.0154 0.0171
0.0041 0.0152 0.0173
0.0043 0.0152 0.0173
0.0044 0.0151 0.0173
0.0046 0.0151 0.0172
0.0048 0.0150 0.0171
0.0051 0.0149 0.0170
0.0053 0.0149 0.0169
0.0055 0.0148 0.0167
0.0056 0.0148 0.0166
0.0057 0.0147 0.0165
0.0057 0.0147 0.0165
0.0061 0.0146 0.0163
0.0062 0.0146 0.0162
0.0062 0.0146 0.0162
0.0064 0.0145 0.0160
0.0066 0.0145 0.0159
0.0067 0.0145 0.0158
0.0069 0.0145 0.0158
0.0070 0.0144 0.0157
0.0060 0.0146 0.0152
0.0057 0.0147 0.0149
0.0056 0.0148 0.0147
0.0057 0.0149 0.0145
0.0057 0.0149 0.0143
0.0059 0.0150 0.0146
0.0060 0.0151 0.0145
0.0061 0.0151 0.0143
0.0063 0.0151 0.0140
0.0064 0.0151 0.0137
0.0064 0.0152 0.0136
0.0062 0.0155 0.0135
0.0062 0.0157 0.0134
0.0063 0.0159 0.0132
0.0063 0.0160 0.0129
0.0064 0.0162 0.0125
0.0065 0.0165 0.0120
0.0067 0.0169 0.0114
0.0068 0.0171 0.0111
0.0068 0.0172 0.0108
0.0068 0.0173 0.0106
0.0068 0.0174 0.0105
0.0068 0.0175 0.0102
0.0068 0.0175 0.0100
0.0067 0.0174 0.0099
0.0065 0.0174 0.0100
0.0062 0.0172 0.0101
0.0058 0.0170 0.0102
0.0055 0.0167 0.0103
0.0053 0.0161 0.0103
0.0047 0.0157 0.0106
0.0038 0.0151 0.0110
0.0028 0.0146 0.0115
0.0015 0.0140 0.0119
0.0001 0.0134 0.0121
-0.0014 0.0128 0.0121
-0.0033 0.0120 0.0124
-0.0055 0.0109 0.0132
-0.0081 0.0096 0.0143
-0.0109 0.0080 0.0158
-0.0141 0.0063 0.0174
-0.0178 0.0043 0.0189
-0.0217 0.0024 0.0205
-0.0260 0.0007 0.0221
-0.0306 -0.0009 0.0236
-0.0357 -0.0024 0.0251
-0.0413 -0.0036 0.0267
-0.0476 -0.0048 0.0280
-0.0544 -0.0058 0.0296
-0.0615 -0.0069 0.0315
-0.0690 -0.0080 0.0335
-0.0770 -0.0091 0.0355
-0.0854 -0.0102 0.0375
-0.0938 -0.0110 0.0392
-0.1029 -0.0120 0.0410
-0.1125 -0.0131 0.0428
-0.1227 -0.0141 0.0446
-0.1334 -0.0152 0.0463
-0.1446 -0.0163 0.0481
-0.1556 -0.0168 0.0494
-0.1678 -0.0176 0.0509
-0.1806 -0.0186 0.0525
-0.1941 -0.0196 0.0540
-0.2082 -0.0206 0.0555
-0.2229 -0.0218 0.0568
-0.2381 -0.0231 0.0577
-0.2540 -0.0244 0.0588
-0.2705 -0.0258 0.0598
-0.2874 -0.0273 0.0607
-0.3048 -0.0289 0.0613
-0.3225 -0.0306 0.0618
-0.3405 -0.0322 0.0621
-0.3586 -0.0338 0.0621
-0.3768 -0.0355 0.0619
-0.3952 -0.0371 0.0615
-0.4136 -0.0385 0.0612
-0.4320 -0.0397 0.0610
-0.4505 -0.0411 0.0612
-0.4689 -0.0423 0.0614
-0.4874 -0.0432 0.0615
-0.5057 -0.0436 0.0612
-0.5237 -0.0434 0.0604
-0.5410 -0.0425 0.0588
-0.5574 -0.0416 0.0572
-0.5735 -0.0402 0.0553
-0.5895 -0.0387 0.0535
-0.6055 -0.0375 0.0521
-0.6213 -0.0367 0.0512
-0.6370 -0.0362 0.0506
-0.6523 -0.0367 0.0513
-0.6672 -0.0368 0.0514
-0.6817 -0.0369 0.0512
-0.6959 -0.0370 0.0510
-0.7097 -0.0373 0.0507
-0.7232 -0.0378 0.0506
-0.7367 -0.0378 0.0507
-0.7501 -0.0389 0.0513
-0.7634 -0.0406 0.0523
-0.7767 -0.0428 0.0538
-0.7898 -0.0453 0.0558
-0.8029 -0.0482 0.0584
-0.8161 -0.0515 0.0638
-0.8290 -0.0548 0.0683
-0.8418 -0.0580 0.0728
-0.8546 -0.0612 0.0777
-0.8673 -0.0642 0.0830
-0.8794 -0.0673 0.0895
-0.8905 -0.0706 0.0976
-0.9026 -0.0730 0.1049
-0.9149 -0.0750 0.1122
-0.9272 -0.0766 0.1198
-0.9397 -0.0779 0.1279
-0.9648 -0.0798 0.1457
-0.9775 -0.0804 0.1553
-0.9873 -0.0794 0.1670
-0.9988 -0.0787 0.1779
-1.0109 -0.0777 0.1888
-1.0235 -0.0764 0.1997
-1.0365 -0.0748 0.2107
-1.0499 -0.0726 0.2214
-1.0635 -0.0698 0.2319
-1.0772 -0.0667 0.2420
-1.0772 -0.0667 0.2420
-1.0907 -0.0633 0.2516
-1.1041 -0.0596 0.2605
-1.1172 -0.0558 0.2686
-1.1294 -0.0509 0.2771
-1.1425 -0.0468 0.2841
-1.1565 -0.0436 0.2901
-1.1714 -0.0411 0.2954
-1.1864 -0.0389 0.3003
-1.2008 -0.0366 0.3051
-1.2160 -0.0354 0.3088
-1.2310 -0.0345 0.3119
-1.2454 -0.0338 0.3146
-1.2593 -0.0332 0.3174
-1.2728 -0.0331 0.3205
-1.2839 -0.0316 0.3235
-1.2966 -0.0319 0.3273
-1.3100 -0.0333 0.3316
-1.3239 -0.0354 0.3365
-1.3383 -0.0380 0.3418
-1.3522 -0.0410 0.3473
-1.3654 -0.0443 0.3529
-1.3799 -0.0474 0.3589
-1.3948 -0.0503 0.3651
-1.4098 -0.0530 0.3715
-1.4249 -0.0555 0.3781
-1.4390 -0.0586 0.3846
-1.4520 -0.0628 0.3908
-1.4666 -0.0653 0.3982
-1.4818 -0.0671 0.4063
-1.4971 -0.0683 0.4149
-1.5124 -0.0690 0.4242
-1.5426 -0.0692 0.4447
-1.5567 -0.0690 0.4561
-1.5712 -0.0678 0.4681
-1.5854 -0.0658 0.4807
-1.5988 -0.0635 0.4942
-1.6111 -0.0608 0.5083
-1.6222 -0.0575 0.5230
-1.6321 -0.0538 0.5383
-1.6412 -0.0499 0.5542
-1.6412 -0.0499 0.5542
-1.6499 -0.0464 0.5708
-1.6585 -0.0439 0.5883
-1.6669 -0.0423 0.6062
-1.6747 -0.0413 0.6241
-1.6818 -0.0414 0.6410
-1.6880 -0.0407 0.6575
-1.6939 -0.0400 0.6733
-1.7001 -0.0397 0.6884
-1.7069 -0.0403 0.7030
-1.7163 -0.0416 0.7165
-1.7250 -0.0433 0.7299
-1.7339 -0.0452 0.7432
-1.7432 -0.0474 0.7562
-1.7530 -0.0500 0.7692
-1.7634 -0.0529 0.7822
-1.7812 -0.0567 0.7955
-1.7949 -0.0599 0.8084
-1.8074 -0.0627 0.8210
-1.8198 -0.0652 0.8332
-1.8324 -0.0673 0.8452
-1.8455 -0.0690 0.8570
-1.8627 -0.0696 0.8679
-1.8781 -0.0702 0.8792
-1.8934 -0.0706 0.8903
-1.9090 -0.0704 0.9011
-1.9253 -0.0695 0.9116
-1.9434 -0.0684 0.9224
-1.9634 -0.0675 0.9339
-1.9820 -0.0660 0.9437
-1.9998 -0.0642 0.9522
-2.0169 -0.0620 0.9597
-2.0332 -0.0593 0.9663
-2.0655 -0.0534 0.9777
-2.0827 -0.0513 0.9831
-2.1012 -0.0504 0.9884
-2.1208 -0.0506 0.9933
-2.1407 -0.0514 0.9977
-2.1407 -0.0514 0.9977
-2.1787 -0.0524 1.0040
-2.2004 -0.0529 1.0098
-2.2179 -0.0524 1.0133
-2.2337 -0.0518 1.0164
-2.2489 -0.0518 1.0198
-2.2489 -0.0518 1.0198
-2.2795 -0.0540 1.0291
-2.2974 -0.0567 1.0355
-2.3141 -0.0595 1.0422
-2.3306 -0.0624 1.0493
-2.3470 -0.0653 1.0567
-2.3470 -0.0653 1.0567
-2.3634 -0.0682 1.0645
-2.3797 -0.0710 1.0726
-2.3959 -0.0736 1.0811
-2.4119 -0.0759 1.0900
-2.4278 -0.0778 1.0995
-2.4436 -0.0795 1.1096
-2.4591 -0.0808 1.1206
-2.4763 -0.0824 1.1337
-2.4918 -0.0829 1.1469
-2.5066 -0.0826 1.1605
-2.5209 -0.0816 1.1748
-2.5346 -0.0799 1.1894
-2.5473 -0.0775 1.2044
-2.5594 -0.0746 1.2203
-2.5695 -0.0706 1.2359
-2.5784 -0.0659 1.2514
-2.5867 -0.0611 1.2671
-2.5948 -0.0565 1.2833
-2.6045 -0.0531 1.3006
-2.6164 -0.0509 1.3189
-2.6257 -0.0490 1.3363
-2.6335 -0.0471 1.3528
-2.6404 -0.0450 1.3683
-2.6469 -0.0430 1.3827
-2.6613 -0.0406 1.4091
-2.6696 -0.0411 1.4220
-2.6787 -0.0429 1.4353
-2.6889 -0.0443 1.4474
-2.7000 -0.0459 1.4591
-2.7000 -0.0459 1.4591
-2.7248 -0.0502 1.4819
-2.7383 -0.0528 1.4930
-2.7524 -0.0554 1.5038
-2.7669 -0.0579 1.5142
-2.7818 -0.0602 1.5243
-2.7818 -0.0602 1.5243
-2.7971 -0.0622 1.5343
-2.8127 -0.0652 1.5475
-2.8289 -0.0674 1.5587
-2.8457 -0.0692 1.5692
-2.8630 -0.0705 1.5792
-2.8807 -0.0712 1.5889
-2.8987 -0.0712 1.5979
-2.9190 -0.0702 1.6106
-2.9386 -0.0688 1.6199
-2.9581 -0.0672 1.6276
-2.9775 -0.0656 1.6342
-2.9964 -0.0638 1.6396
-3.0150 -0.0618 1.6449
-3.0336 -0.0600 1.6505
-3.0520 -0.0579 1.6536
-3.0710 -0.0562 1.6556
-3.0912 -0.0555 1.6571
-3.1124 -0.0559 1.6582
-3.1345 -0.0573 1.6599
-3.1568 -0.0593 1.6624
-3.1770 -0.0605 1.6622
-3.1954 -0.0609 1.6608
-3.2122 -0.0608 1.6592
-3.2280 -0.0607 1.6579
-3.2427 -0.0608 1.6571
-3.2567 -0.0614 1.6570
-3.2715 -0.0628 1.6579
-3.2866 -0.0646 1.6598
-3.3019 -0.0668 1.6624
-3.3174 -0.0692 1.6656
-3.3488 -0.0742 1.6735
-3.3645 -0.0765 1.6782
-3.3802 -0.0786 1.6831
-3.3960 -0.0806 1.6885
-3.4119 -0.0822 1.6943
-3.4119 -0.0822 1.6943
-3.4442 -0.0848 1.7074
-3.4604 -0.0856 1.7148
-3.4766 -0.0858 1.7228
-3.4926 -0.0854 1.7315
-3.4926 -0.0854 1.7315
-3.5081 -0.0845 1.7411
-3.5231 -0.0828 1.7517
-3.5375 -0.0806 1.7646
-3.5515 -0.0778 1.7780
-3.5649 -0.0748 1.7924
-3.5775 -0.0720 1.8080
-3.5891 -0.0691 1.8246
-3.5993 -0.0661 1.8420
-3.6085 -0.0635 1.8603
-3.6175 -0.0610 1.8793
-3.6265 -0.0594 1.8990
-3.6356 -0.0588 1.9192
-3.6444 -0.0588 1.9393
-3.6523 -0.0589 1.9588
-3.6583 -0.0594 1.9776
-3.6644 -0.0591 1.9945
-3.6705 -0.0586 2.0098
-3.6770 -0.0583 2.0238
-3.6842 -0.0584 2.0368
-3.6919 -0.0590 2.0488
-3.6999 -0.0600 2.0601
-3.7092 -0.0612 2.0711
-3.7195 -0.0627 2.0817
-3.7306 -0.0646 2.0921
-3.7425 -0.0669 2.1022
-3.7544 -0.0687 2.1114
-3.7660 -0.0698 2.1195
-3.7790 -0.0716 2.1277
-3.7929 -0.0734 2.1355
-3.8074 -0.0750 2.1429
-3.8225 -0.0764 2.1500
-3.8543 -0.0781 2.1633
-3.8704 -0.0783 2.1694
-3.8864 -0.0779 2.1752
-3.9022 -0.0769 2.1807
-3.9176 -0.0753 2.1857
-3.9176 -0.0753 2.1857
-3.9482 -0.0697 2.1941
-3.9635 -0.0662 2.1970
-3.9792 -0.0631 2.1998
-3.9947 -0.0601 2.2022
-4.0095 -0.0573 2.2040
-4.0095 -0.0573 2.2040
-4.0237 -0.0544 2.2051
-4.0377 -0.0519 2.2055
-4.0522 -0.0498 2.2055
-4.0676 -0.0484 2.2051
-4.0839 -0.0478 2.2044
-4.1005 -0.0480 2.2035
-4.1164 -0.0486 2.2025
-4.1303 -0.0483 2.2013
-4.1428 -0.0480 2.2008
-4.1535 -0.0474 2.2013
-4.1628 -0.0464 2.2031
-4.1712 -0.0452 2.2061
-4.1787 -0.0439 2.2105
-4.1858 -0.0426 2.2160
-4.1937 -0.0423 2.2232
-4.2023 -0.0428 2.2317
-4.2115 -0.0439 2.2413
-4.2211 -0.0455 2.2518
-4.2310 -0.0476 2.2629
-4.2397 -0.0468 2.2733
-4.2493 -0.0484 2.2850
-4.2590 -0.0508 2.2975
-4.2590 -0.0508 2.2975
-4.2685 -0.0534 2.3104
-4.2775 -0.0561 2.3237
-4.2855 -0.0577 2.3367
-4.2924 -0.0579 2.3492
-4.2994 -0.0591 2.3626
-4.3062 -0.0603 2.3766
-4.3125 -0.0612 2.3909
-4.3185 -0.0616 2.4057
-4.3233 -0.0610 2.4200
-4.3266 -0.0593 2.4337
-4.3300 -0.0581 2.4486
-4.3329 -0.0566 2.4639
-4.3351 -0.0548 2.4790
-4.3368 -0.0525 2.4940
-4.3382 -0.0502 2.5090
-4.3368 -0.0459 2.5218
-4.3361 -0.0437 2.5357
-4.3349 -0.0423 2.5493
-4.3326 -0.0411 2.5618
-4.3296 -0.0399 2.5732
-4.3260 -0.0378 2.5834
-4.3221 -0.0347 2.5925
-4.3185 -0.0334 2.6013
-4.3150 -0.0330 2.6097
-4.3114 -0.0333 2.6177
-4.3075 -0.0339 2.6249
-4.3028 -0.0339 2.6312
-4.2973 -0.0332 2.6366
-4.2918 -0.0339 2.6415
-4.2862 -0.0352 2.6461
-4.2804 -0.0368 2.6503
-4.2745 -0.0385 2.6541
-4.2683 -0.0397 2.6570
-4.2618 -0.0399 2.6588
-4.2556 -0.0406 2.6606
-4.2495 -0.0414 2.6618
-4.2432 -0.0419 2.6625
-4.2368 -0.0421 2.6624
-4.2295 -0.0423 2.6606
-4.2215 -0.0424 2.6568
-4.2138 -0.0421 2.6539
-4.2060 -0.0417 2.6509
-4.1980 -0.0413 2.6476
-4.1898 -0.0408 2.6439
-4.1808 -0.0407 2.6376
-4.1709 -0.0411 2.6279
-4.1616 -0.0414 2.6216
-4.1523 -0.0419 2.6163
-4.1429 -0.0425 2.6111
-4.1334 -0.0433 2.6059
-4.1205 -0.0435 2.5983
-4.1034 -0.0428 2.5877
-4.0913 -0.0432 2.5803
-4.0810 -0.0438 2.5739
-4.0713 -0.0445 2.5676
-4.0616 -0.0450 2.5616
-4.0518 -0.0453 2.5559
-4.0319 -0.0438 2.5448
-4.0181 -0.0435 2.5379
-4.0063 -0.0436 2.5322
-3.9956 -0.0435 2.5263
-3.9857 -0.0427 2.5196
-3.9756 -0.0412 2.5116
-3.9646 -0.0394 2.5026
-3.9549 -0.0375 2.4938
-3.9450 -0.0361 2.4856
-3.9342 -0.0355 2.4778
-3.9226 -0.0355 2.4704
-3.9081 -0.0358 2.4617
-3.8904 -0.0359 2.4512
-3.8761 -0.0361 2.4423
-3.8630 -0.0362 2.4336
-3.8507 -0.0361 2.4245
-3.8389 -0.0359 2.4148
-3.8264 -0.0354 2.4040
-3.8127 -0.0351 2.3921
-3.8006 -0.0352 2.3805
-3.7887 -0.0360 2.3689
-3.7766 -0.0374 2.3572
-3.7643 -0.0394 2.3454
-3.7516 -0.0416 2.3329
-3.7386 -0.0439 2.3194
-3.7267 -0.0463 2.3067
-3.7154 -0.0487 2.2941
-3.7046 -0.0512 2.2817
-3.6942 -0.0535 2.2693
-3.6839 -0.0557 2.2568
-3.6737 -0.0576 2.2442
-3.6643 -0.0595 2.2320
-3.6552 -0.0613 2.2199
-3.6463 -0.0632 2.2081
-3.6374 -0.0651 2.1965
-3.6286 -0.0670 2.1853
-3.6198 -0.0689 2.1743
-3.6110 -0.0709 2.1635
-3.6021 -0.0728 2.1530
-3.5930 -0.0748 2.1425
-3.5839 -0.0767 2.1323
-3.5747 -0.0787 2.1224
-3.5662 -0.0803 2.1134
-3.5570 -0.0819 2.1044
-3.5473 -0.0835 2.0958
-3.5374 -0.0849 2.0877
-3.5272 -0.0860 2.0801
-3.5168 -0.0867 2.0730
-3.5063 -0.0868 2.0665
-3.4951 -0.0868 2.0605
-3.4835 -0.0865 2.0548
-3.4715 -0.0861 2.0493
-3.4590 -0.0855 2.0437
-3.4461 -0.0846 2.0374
-3.4327 -0.0834 2.0299
-3.4198 -0.0821 2.0230
-3.4075 -0.0807 2.0159
-3.3960 -0.0789 2.0085
-3.3855 -0.0766 2.0007
-3.3758 -0.0738 1.9922
-3.3668 -0.0706 1.9829
-3.3578 -0.0680 1.9734
-3.3488 -0.0658 1.9633
-3.3399 -0.0641 1.9527
-3.3313 -0.0629 1.9416
-3.3236 -0.0620 1.9305
-3.3170 -0.0611 1.9198
-3.3109 -0.0598 1.9088
-3.3052 -0.0583 1.8979
-3.2997 -0.0570 1.8871
-3.2942 -0.0562 1.8764
-3.2894 -0.0560 1.8661
-3.2858 -0.0562 1.8563
-3.2799 -0.0571 1.8458
-3.2731 -0.0586 1.8349
-3.2657 -0.0604 1.8238
-3.2579 -0.0627 1.8126
-3.2417 -0.0679 1.7897
-3.2334 -0.0706 1.7782
-3.2250 -0.0731 1.7668
-3.2165 -0.0754 1.7553
-3.2078 -0.0776 1.7439
-3.1896 -0.0812 1.7210
-3.1854 -0.0822 1.7122
-3.1773 -0.0835 1.7014
-3.1676 -0.0847 1.6898
-3.1570 -0.0858 1.6778
-3.1570 -0.0858 1.6778
-3.1459 -0.0866 1.6657
-3.1343 -0.0870 1.6535
-3.1222 -0.0870 1.6412
-3.1097 -0.0865 1.6289
-3.0968 -0.0853 1.6167
-3.0834 -0.0836 1.6044
-3.0696 -0.0814 1.5924
-3.0556 -0.0786 1.5808
-3.0449 -0.0749 1.5702
-3.0319 -0.0709 1.5599
-3.0182 -0.0665 1.5502
-3.0043 -0.0619 1.5411
-2.9915 -0.0574 1.5325
-2.9801 -0.0532 1.5244
-2.9667 -0.0491 1.5167
-2.9525 -0.0454 1.5093
-2.9379 -0.0424 1.5021
-2.9232 -0.0399 1.4952
-2.9095 -0.0378 1.4874
-2.8973 -0.0362 1.4783
-2.8843 -0.0349 1.4708
-2.8712 -0.0340 1.4637
-2.8582 -0.0337 1.4565
-2.8451 -0.0340 1.4490
-2.8328 -0.0343 1.4402
-2.8212 -0.0345 1.4300
-2.8079 -0.0363 1.4205
-2.7937 -0.0389 1.4109
-2.7790 -0.0419 1.4012
-2.7638 -0.0449 1.3913
-2.7326 -0.0506 1.3713
-2.7198 -0.0521 1.3603
-2.7051 -0.0538 1.3497
-2.6897 -0.0554 1.3389
-2.6741 -0.0568 1.3279
-2.6741 -0.0568 1.3279
-2.6585 -0.0577 1.3164
-2.6429 -0.0583 1.3043
-2.6276 -0.0585 1.2916
-2.6125 -0.0583 1.2782
-2.5979 -0.0576 1.2641
-2.5837 -0.0564 1.2494
-2.5701 -0.0548 1.2341
-2.5590 -0.0550 1.2184
-2.5478 -0.0533 1.2025
-2.5375 -0.0509 1.1864
-2.5285 -0.0478 1.1703
-2.5206 -0.0442 1.1540
-2.5142 -0.0409 1.1372
-2.5092 -0.0385 1.1197
-2.5033 -0.0361 1.1018
-2.4972 -0.0342 1.0835
-2.4915 -0.0327 1.0654
-2.4863 -0.0311 1.0478
-2.4815 -0.0296 1.0308
-2.4769 -0.0284 1.0143
-2.4725 -0.0267 0.9991
-2.4677 -0.0255 0.9845
-2.4622 -0.0251 0.9700
-2.4558 -0.0257 0.9555
-2.4486 -0.0277 0.9406
-2.4408 -0.0310 0.9254
-2.4320 -0.0340 0.9103
-2.4226 -0.0369 0.8952
-2.4126 -0.0399 0.8803
-2.4021 -0.0429 0.8654
-2.3917 -0.0459 0.8510
-2.3818 -0.0489 0.8372
-2.3705 -0.0514 0.8232
-2.3585 -0.0535 0.8091
-2.3459 -0.0553 0.7951
-2.3327 -0.0568 0.7809
-2.3050 -0.0596 0.7522
-2.2911 -0.0611 0.7376
-2.2764 -0.0617 0.7236
-2.2612 -0.0618 0.7100
-2.2454 -0.0615 0.6969
-2.2454 -0.0615 0.6969
-2.2126 -0.0604 0.6732
-2.1957 -0.0597 0.6629
-2.1783 -0.0588 0.6537
-2.1604 -0.0578 0.6454
-2.1418 -0.0570 0.6376
-2.1418 -0.0570 0.6376
-2.1228 -0.0568 0.6307
-2.1040 -0.0576 0.6249
-2.0848 -0.0583 0.6188
-2.0660 -0.0588 0.6129
-2.0485 -0.0589 0.6073
-2.0322 -0.0584 0.6019
-2.0176 -0.0577 0.5980
-2.0046 -0.0570 0.5958
-2.0046 -0.0570 0.5958
-1.9762 -0.0580 0.5842
-1.9615 -0.0598 0.5767
-1.9464 -0.0623 0.5685
-1.9321 -0.0651 0.5607
-1.9189 -0.0677 0.5538
-1.9043 -0.0708 0.5448
-1.8892 -0.0740 0.5348
-1.8741 -0.0772 0.5243
-1.8592 -0.0804 0.5133
-1.8444 -0.0833 0.5020
-1.8300 -0.0863 0.4926
-1.8155 -0.0888 0.4811
-1.8009 -0.0909 0.4686
-1.7864 -0.0927 0.4552
-1.7719 -0.0940 0.4411
-1.7565 -0.0966 0.4265
-1.7400 -0.1008 0.4118
-1.7260 -0.1011 0.3967
-1.7139 -0.0996 0.3816
-1.7034 -0.0968 0.3666
-1.6942 -0.0930 0.3518
-1.6855 -0.0896 0.3371
-1.6766 -0.0876 0.3224
-1.6684 -0.0843 0.3072
-1.6601 -0.0814 0.2914
-1.6519 -0.0794 0.2751
-1.6439 -0.0780 0.2586
-1.6364 -0.0769 0.2425
-1.6291 -0.0794 0.2266
-1.6224 -0.0791 0.2118
-1.6160 -0.0779 0.1979
-1.6093 -0.0768 0.1846
-1.6022 -0.0761 0.1717
-1.5940 -0.0772 0.1588
-1.5847 -0.0802 0.1457
-1.5748 -0.0825 0.1328
-1.5641 -0.0848 0.1199
-1.5527 -0.0872 0.1072
-1.5406 -0.0898 0.0945
-1.5276 -0.0926 0.0822
-1.5135 -0.0954 0.0706
-1.4997 -0.0980 0.0589
-1.4857 -0.1003 0.0475
-1.4713 -0.1024 0.0363
-1.4565 -0.1043 0.0254
-1.4408 -0.1065 0.0142
-1.4241 -0.1094 0.0026
-1.4073 -0.1110 -0.0078
-1.3901 -0.1121 -0.0175
-1.3726 -0.1127 -0.0266
-1.3550 -0.1127 -0.0351
-1.3372 -0.1123 -0.0430
-1.3176 -0.1114 -0.0531
-1.2997 -0.1104 -0.0605
-1.2825 -0.1094 -0.0663
-1.2656 -0.1081 -0.0709
-1.2485 -0.1067 -0.0745
-1.2301 -0.1059 -0.0780
-1.2099 -0.1060 -0.0817
-1.1901 -0.1063 -0.0834
-1.1702 -0.1072 -0.0839
-1.1505 -0.1083 -0.0833
-1.1313 -0.1094 -0.0816
-1.1120 -0.1099 -0.0801
-1.0924 -0.1100 -0.0793
-1.0745 -0.1102 -0.0770
-1.0570 -0.1107 -0.0745
-1.0396 -0.1117 -0.0722
-1.0218 -0.1132 -0.0702
-1.0037 -0.1151 -0.0687
-0.9825 -0.1171 -0.0713
-0.9632 -0.1189 -0.0717
-0.9446 -0.1203 -0.0716
-0.9264 -0.1213 -0.0715
-0.9085 -0.1220 -0.0716
-0.8907 -0.1218 -0.0723
-0.8731 -0.1208 -0.0735
-0.8555 -0.1206 -0.0746
-0.8381 -0.1204 -0.0758
-0.8210 -0.1199 -0.0772
-0.8041 -0.1192 -0.0787
-0.7873 -0.1178 -0.0807
-0.7706 -0.1159 -0.0832
-0.7533 -0.1149 -0.0855
-0.7359 -0.1143 -0.0878
-0.7191 -0.1139 -0.0903
-0.7034 -0.1130 -0.0928
-0.6885 -0.1119 -0.0955
-0.6741 -0.1110 -0.0984
-0.6603 -0.1090 -0.1013
-0.6464 -0.1072 -0.1042
-0.6322 -0.1060 -0.1072
-0.6180 -0.1054 -0.1102
-0.6031 -0.1061 -0.1126
-0.5876 -0.1081 -0.1142
-0.5739 -0.1083 -0.1157
-0.5611 -0.1079 -0.1168
-0.5485 -0.1075 -0.1173
-0.5357 -0.1076 -0.1171
-0.5225 -0.1081 -0.1162
-0.5086 -0.1091 -0.1146
-0.4943 -0.1119 -0.1125
-0.4800 -0.1155 -0.1098
-0.4659 -0.1193 -0.1065
-0.4524 -0.1232 -0.1028
-0.4388 -0.1258 -0.0989
-0.4248 -0.1269 -0.0951
-0.4122 -0.1295 -0.0904
-0.4002 -0.1326 -0.0852
-0.3886 -0.1359 -0.0796
-0.3772 -0.1393 -0.0739
-0.3661 -0.1426 -0.0681
-0.3511 -0.1439 -0.0636
-0.3389 -0.1465 -0.0583
-0.3275 -0.1495 -0.0528
-0.3163 -0.1528 -0.0473
-0.3050 -0.1564 -0.0417
-0.2931 -0.1595 -0.0362
-0.2807 -0.1615 -0.0307
-0.2696 -0.1649 -0.0251
-0.2594 -0.1681 -0.0194
-0.2501 -0.1709 -0.0138
-0.2413 -0.1732 -0.0084
-0.2319 -0.1740 -0.0034
-0.2213 -0.1731 0.0010
-0.2128 -0.1744 0.0059
-0.2057 -0.1766 0.0107
-0.1997 -0.1789 0.0148
-0.1946 -0.1807 0.0182
-0.1898 -0.1809 0.0208
-0.1851 -0.1794 0.0227
-0.1816 -0.1783 0.0247
-0.1786 -0.1774 0.0269
-0.1760 -0.1768 0.0294
-0.1737 -0.1765 0.0320
-0.1718 -0.1755 0.0345
-0.1704 -0.1730 0.0365
-0.1695 -0.1712 0.0384
-0.1690 -0.1694 0.0401
-0.1687 -0.1673 0.0417
-0.1685 -0.1652 0.0434
-0.1679 -0.1624 0.0451
-0.1668 -0.1586 0.0471
-0.1662 -0.1570 0.0493
-0.1657 -0.1563 0.0516
-0.1653 -0.1561 0.0540
-0.1649 -0.1560 0.0563
-0.1651 -0.1555 0.0580
-0.1662 -0.1544 0.0586
-0.1661 -0.1535 0.0596
-0.1655 -0.1525 0.0604
-0.1646 -0.1514 0.0609
-0.1631 -0.1505 0.0610
-0.1613 -0.1507 0.0609
-0.1593 -0.1521 0.0604
-0.1567 -0.1522 0.0600
-0.1539 -0.1521 0.0596
-0.1509 -0.1522 0.0595
-0.1481 -0.1524 0.0597
-0.1460 -0.1533 0.0595
-0.1451 -0.1549 0.0587
-0.1439 -0.1547 0.0583
-0.1427 -0.1535 0.0580
-0.1416 -0.1520 0.0578
-0.1406 -0.1504 0.0577
-0.1399 -0.1492 0.0574
-0.1399 -0.1485 0.0567
-0.1394 -0.1474 0.0567
-0.1390 -0.1463 0.0570
-0.1390 -0.1451 0.0575
-0.1394 -0.1441 0.0582
-0.1407 -0.1432 0.0582
-0.1428 -0.1422 0.0571
-0.1449 -0.1412 0.0564
-0.1471 -0.1396 0.0555
-0.1495 -0.1378 0.0545
-0.1517 -0.1361 0.0536
-0.1539 -0.1350 0.0526
-0.1559 -0.1344 0.0513
-0.1567 -0.1345 0.0509
-0.1568 -0.1347 0.0505
-0.1565 -0.1345 0.0499
-0.1560 -0.1339 0.0491
-0.1295 -0.1222 0.0589
-0.0718 -0.0974 0.0814
-0.0537 -0.0892 0.0885
-0.0483 -0.0860 0.0910
-0.0470 -0.0844 0.0920
-0.0470 -0.0831 0.0926
-0.0473 -0.0816 0.0926
-0.0475 -0.0800 0.0922
-0.0478 -0.0787 0.0923
-0.0481 -0.0776 0.0927
-0.0483 -0.0769 0.0930
-0.0482 -0.0763 0.0931
-0.0479 -0.0757 0.0928
-0.0473 -0.0765 0.0933
-0.0466 -0.0757 0.0925
-0.0457 -0.0745 0.0912
-0.0446 -0.0734 0.0899
-0.0434 -0.0725 0.0887
-0.0421 -0.0717 0.0877
-0.0407 -0.0708 0.0865
-0.0395 -0.0698 0.0851
-0.0382 -0.0682 0.0834
-0.0369 -0.0659 0.0812
-0.0355 -0.0630 0.0789
-0.0336 -0.0598 0.0765
-0.0312 -0.0563 0.0739
-0.0290 -0.0530 0.0722
-0.0266 -0.0498 0.0709
-0.0241 -0.0467 0.0700
-0.0215 -0.0437 0.0693
-0.0187 -0.0405 0.0685
-0.0159 -0.0372 0.0673
-0.0128 -0.0339 0.0662
-0.0096 -0.0306 0.0651
-0.0063 -0.0273 0.0640
-0.0030 -0.0241 0.0628
0.0000 -0.0209 0.0614
0.0028 -0.0176 0.0597
0.0053 -0.0147 0.0583
0.0075 -0.0118 0.0569
0.0094 -0.0091 0.0553
0.0110 -0.0066 0.0538
0.0123 -0.0043 0.0521
0.0134 -0.0019 0.0502
0.0145 0.0001 0.0485
0.0155 0.0017 0.0469
0.0165 0.0031 0.0454
0.0173 0.0042 0.0442
0.0179 0.0050 0.0428
0.0182 0.0056 0.0410
0.0186 0.0061 0.0397
0.0189 0.0063 0.0387
0.0192 0.0064 0.0378
0.0194 0.0065 0.0370
0.0196 0.0065 0.0362
0.0202 0.0082 0.0342
0.0204 0.0088 0.0331
0.0206 0.0089 0.0324
0.0207 0.0088 0.0319
0.0208 0.0086 0.0316
0.0212 0.0089 0.0310
0.0219 0.0098 0.0301
0.0222 0.0101 0.0295
0.0223 0.0102 0.0292
0.0223 0.0101 0.0289
0.0223 0.0100 0.0288
0.0225 0.0108 0.0279
0.0231 0.0126 0.0260
0.0233 0.0132 0.0253
0.0234 0.0134 0.0249
0.0234 0.0136 0.0247
0.0234 0.0137 0.0246
0.0236 0.0138 0.0245
0.0243 0.0138 0.0243
0.0244 0.0139 0.0243
0.0245 0.0140 0.0243
0.0244 0.0140 0.0244
0.0244 0.0141 0.0245
0.0244 0.0140 0.0251
0.0245 0.0135 0.0262
0.0244 0.0134 0.0267
0.0243 0.0134 0.0271
0.0240 0.0135 0.0274
0.0238 0.0135 0.0277
0.0235 0.0138 0.0276
0.0233 0.0144 0.0270
0.0230 0.0146 0.0270
0.0228 0.0147 0.0272
0.0225 0.0148 0.0275
0.0222 0.0148 0.0278
0.0221 0.0151 0.0276
0.0222 0.0155 0.0265
0.0221 0.0157 0.0263
0.0219 0.0159 0.0264
0.0217 0.0160 0.0264
0.0214 0.0161 0.0265
0.0212 0.0162 0.0266
0.0209 0.0164 0.0265
0.0207 0.0165 0.0265
0.0205 0.0167 0.0265
0.0203 0.0168 0.0265
0.0201 0.0169 0.0265
0.0199 0.0172 0.0266
0.0197 0.0178 0.0269
0.0196 0.0182 0.0269
0.0195 0.0185 0.0269
0.0194 0.0187 0.0268
0.0193 0.0190 0.0267
0.0190 0.0193 0.0265
0.0187 0.0197 0.0263
0.0185 0.0199 0.0261
0.0185 0.0202 0.0259
0.0185 0.0205 0.0257
0.0184 0.0207 0.0256
0.0184 0.0210 0.0254
0.0185 0.0209 0.0246
0.0185 0.0210 0.0242
0.0184 0.0212 0.0240
0.0184 0.0213 0.0237
0.0182 0.0215 0.0235
0.0180 0.0214 0.0236
0.0176 0.0211 0.0240
0.0174 0.0210 0.0240
0.0172 0.0209 0.0240
0.0171 0.0209 0.0239
0.0169 0.0209 0.0238
0.0167 0.0209 0.0235
0.0166 0.0211 0.0229
0.0164 0.0212 0.0227
0.0161 0.0212 0.0225
0.0159 0.0212 0.0223
0.0157 0.0211 0.0222
0.0155 0.0214 0.0218
0.0153 0.0222 0.0210
0.0151 0.0224 0.0207
0.0149 0.0225 0.0205
0.0147 0.0225 0.0204
0.0145 0.0225 0.0203
0.0144 0.0225 0.0203
0.0151 0.0208 0.0219
0.0153 0.0203 0.0224
0.0153 0.0201 0.0225
0.0153 0.0200 0.0226
0.0152 0.0199 0.0225
0.0152 0.0199 0.0225
0.0148 0.0203 0.0221
0.0146 0.0204 0.0220
0.0145 0.0205 0.0219
0.0145 0.0204 0.0219
0.0145 0.0204 0.0219
0.0145 0.0204 0.0219
0.0142 0.0201 0.0219
0.0141 0.0200 0.0219
0.0141 0.0201 0.0218
0.0141 0.0201 0.0218
0.0141 0.0202 0.0217
0.0141 0.0202 0.0217
0.0139 0.0203 0.0216
0.0139 0.0204 0.0215
0.0139 0.0204 0.0214
0.0139 0.0205 0.0214
0.0138 0.0205 0.0213
0.0137 0.0206 0.0212
0.0134 0.0207 0.0208
0.0133 0.0208 0.0207
0.0133 0.0209 0.0205
0.0133 0.0210 0.0203
0.0133 0.0211 0.0202
0.0133 0.0211 0.0199
0.0133 0.0210 0.0196
0.0134 0.0210 0.0194
0.0134 0.0210 0.0193
0.0134 0.0209 0.0192
0.0134 0.0208 0.0192
0.0134 0.0207 0.0191
0.0134 0.0204 0.0189
0.0134 0.0202 0.0188
0.0134 0.0200 0.0188
0.0134 0.0198 0.0187
0.0134 0.0196 0.0186
0.0134 0.0193 0.0186
0.0135 0.0189 0.0186
0.0136 0.0186 0.0186
0.0136 0.0183 0.0185
0.0137 0.0181 0.0184
0.0137 0.0178 0.0183
0.0137 0.0176 0.0182
0.0136 0.0172 0.0185
0.0136 0.0169 0.0186
0.0135 0.0166 0.0187
0.0134 0.0163 0.0187
0.0134 0.0161 0.0186
0.0133 0.0158 0.0186
0.0132 0.0155 0.0186
0.0131 0.0154 0.0186
0.0130 0.0152 0.0185
0.0129 0.0151 0.0184
0.0128 0.0151 0.0182
0.0127 0.0151 0.0180
0.0124 0.0152 0.0181
0.0123 0.0152 0.0180
0.0121 0.0152 0.0179
0.0120 0.0153 0.0177
0.0119 0.0153 0.0175
0.0118 0.0154 0.0173
0.0118 0.0152 0.0168
0.0117 0.0151 0.0165
0.0116 0.0150 0.0163

