0.0000 0.0000 0.0000
0.0000 0.0000 0.0000
0.0000 0.0000 0.0000
0.0000 0.0000 0.0000
0.0000 0.0000 0.0000
0.0000 0.0000 0.0000
0.0000 0.0000 0.0000
0.0000 0.0000 0.0000
0.0000 0.0000 0.0000
0.0000 0.0000 0.0000
0.0000 0.0000 0.0000
0.0000 0.0000 0.0000
0.1067 -0.2480 -0.9568
0.1093 -0.2398 -0.9811
0.1049 -0.2298 -0.9811
0.1011 -0.2192 -0.9785
0.0960 -0.2195 -0.9693
0.0892 -0.2182 -0.9521
0.0861 -0.2159 -0.9411
0.0861 -0.2159 -0.9411
0.0816 -0.2083 -0.9246
0.0931 -0.1820 -0.9323
0.1016 -0.1698 -0.9250
0.1016 -0.1698 -0.9250
0.1121 -0.1650 -0.9152
0.1268 -0.1723 -0.9026
0.1497 -0.1836 -0.9139
0.1767 -0.1939 -0.9388
0.1767 -0.1939 -0.9388
0.2083 -0.1949 -0.9713
0.2406 -0.1833 -0.9917
0.2526 -0.1792 -0.9704
0.2347 -0.1816 -0.9177
0.2114 -0.1964 -0.8732
0.2114 -0.1964 -0.8732
0.1788 -0.2021 -0.8252
0.1490 -0.2181 -0.8044
0.1316 -0.2364 -0.8440
0.1698 -0.2312 -0.9804
0.2257 -0.2227 -1.1950
0.2257 -0.2227 -1.1950
0.2374 -0.2751 -1.3094
0.1918 -0.2695 -1.2389
0.1308 -0.2722 -1.0559
0.1093 -0.3320 -0.9098
0.1015 -0.3949 -0.8046
0.1015 -0.3949 -0.8046
0.1165 -0.4496 -0.7898
0.1476 -0.4566 -0.8521
0.1844 -0.3909 -0.9279
0.1846 -0.3050 -0.9839
0.1704 -0.2570 -0.9980
0.1704 -0.2570 -0.9980
0.1986 -0.2621 -1.0477
0.2470 -0.2645 -1.0383
0.3162 -0.3054 -1.0422
0.3938 -0.3761 -1.0323
0.3938 -0.3761 -1.0323
0.4408 -0.4288 -0.9829
0.5047 -0.5054 -0.9399
0.4838 -0.5240 -0.8464
0.4574 -0.4993 -0.7792
0.4347 -0.4604 -0.7519
0.4347 -0.4604 -0.7519
0.4139 -0.4464 -0.7527
0.3865 -0.4347 -0.7842
0.3661 -0.3921 -0.8503
0.3351 -0.3273 -0.9085
0.2820 -0.2849 -0.9454
0.2820 -0.2849 -0.9454
0.2449 -0.2836 -0.9564
0.2039 -0.3078 -0.9412
0.1362 -0.3094 -0.8831
0.0710 -0.2966 -0.8432
0.0133 -0.2996 -0.8335
0.0133 -0.2996 -0.8335
-0.0298 -0.3229 -0.7952
0.0259 -0.3861 -0.8022
0.1529 -0.4540 -0.9969
0.2069 -0.4384 -1.2396
0.2069 -0.4384 -1.2396
0.1309 -0.3303 -1.2973
0.0412 -0.2180 -1.1636
-0.0073 -0.2068 -0.9293
-0.0464 -0.2681 -0.7047
-0.0961 -0.3323 -0.5548
-0.0961 -0.3323 -0.5548
-0.1344 -0.3627 -0.5125
-0.1555 -0.3614 -0.5675
-0.1399 -0.3477 -0.7284
-0.0802 -0.3270 -0.9227
-0.0329 -0.3293 -1.0624
-0.0329 -0.3293 -1.0624
-0.0268 -0.3398 -1.1343
-0.0337 -0.3383 -1.1271
-0.0261 -0.3367 -1.0484
-0.0150 -0.3668 -0.9357
-0.0090 -0.3991 -0.8584
-0.0090 -0.3991 -0.8584
-0.0029 -0.4110 -0.8215
0.0010 -0.4027 -0.8339
-0.0026 -0.3976 -0.8905
-0.0261 -0.3938 -0.9415
-0.0642 -0.4000 -0.9276
-0.0642 -0.4000 -0.9276
-0.0895 -0.4225 -0.8915
-0.0965 -0.4525 -0.8876
-0.0771 -0.4615 -0.9171
-0.0683 -0.4597 -0.9467
-0.0683 -0.4597 -0.9467
-0.0745 -0.4664 -0.9731
-0.0636 -0.4819 -0.9989
-0.0484 -0.4926 -1.0192
-0.0495 -0.4864 -1.0040
-0.0571 -0.4866 -0.9932
-0.0571 -0.4866 -0.9932
-0.0629 -0.5026 -0.9718
-0.0371 -0.4648 -0.9296
0.0088 -0.4093 -0.9657
0.0178 -0.3555 -1.0473
-0.0254 -0.2991 -1.0070
-0.0254 -0.2991 -1.0070
-0.0897 -0.2767 -0.8469
-0.0957 -0.3145 -0.7314
-0.0385 -0.3641 -0.7121
0.0665 -0.4526 -0.8279
0.1547 -0.5584 -1.0182
0.1547 -0.5584 -1.0182
0.1468 -0.5731 -1.1331
0.1045 -0.5327 -1.1676
0.0087 -0.4889 -1.0870
-0.0943 -0.4423 -0.8923
-0.0943 -0.4423 -0.8923
-0.1858 -0.4203 -0.8110
-0.1838 -0.3979 -0.8407
-0.2403 -0.4361 -0.8543
-0.2719 -0.4464 -0.8081
-0.3897 -0.5064 -0.8389
-0.3897 -0.5064 -0.8389
-0.4359 -0.5235 -0.8889
-0.3296 -0.4414 -0.8957
-0.1950 -0.4155 -0.7419
-0.2354 -0.5338 -0.7599
-0.2443 -0.5533 -0.8185
-0.2443 -0.5533 -0.8185
-0.1927 -0.5383 -0.8817
-0.1019 -0.5389 -0.8730
-0.0782 -0.5511 -0.8047
-0.0685 -0.5636 -0.7704
-0.0164 -0.5746 -0.8026
-0.0164 -0.5746 -0.8026
0.0657 -0.7835 -1.2122
-0.0456 -0.7171 -1.2283
-0.0543 -0.4229 -0.7817
-0.0020 -0.3166 -0.6087
0.1125 -0.2841 -0.5442
0.1125 -0.2841 -0.5442
0.0181 -0.2205 -0.4744
0.0784 -0.8638 -0.7742
0.1360 -0.8416 -0.8888
0.1174 -0.4220 -0.8238
0.1174 -0.4220 -0.8238
0.0441 -0.3167 -0.7395
-0.0732 -0.5036 -0.6255
-0.1771 -0.2719 -0.5479
-0.1061 -0.4737 -0.7946
0.0622 -0.6722 -0.6734
0.0622 -0.6722 -0.6734
-0.0473 -0.6261 -0.6891
-0.0172 -0.4621 -0.8531
0.0266 -0.6433 -0.8199
0.0171 -0.7129 -0.8555
0.0155 -0.7797 -0.7406
0.0155 -0.7797 -0.7406
0.0105 -0.7003 -0.7776
-0.0085 -0.5609 -0.8616
-0.0442 -0.5457 -0.8039
-0.0485 -0.6237 -0.7310
-0.0316 -0.6647 -0.6765
-0.0316 -0.6647 -0.6765
-0.0326 -0.6569 -0.6228
-0.0649 -0.6485 -0.5966
-0.0742 -0.6617 -0.6177
-0.0536 -0.6771 -0.6628
-0.0356 -0.6830 -0.7262
-0.0356 -0.6830 -0.7262
-0.0328 -0.6690 -0.7428
-0.0510 -0.6750 -0.7050
-0.0740 -0.6869 -0.6939
-0.0808 -0.6983 -0.6845
-0.0808 -0.6983 -0.6845
-0.0828 -0.6949 -0.6202
-0.0900 -0.6774 -0.6954
-0.0856 -0.6951 -0.7158
-0.0877 -0.7051 -0.6750
-0.0770 -0.6684 -0.6812
-0.0770 -0.6684 -0.6812
-0.0468 -0.6563 -0.7663
-0.0514 -0.6798 -0.7146
-0.0573 -0.7131 -0.6785
-0.0662 -0.7583 -0.5890
-0.0649 -0.6730 -0.7762
-0.0649 -0.6730 -0.7762
-0.0444 -0.7195 -0.7355
-0.0512 -0.7003 -0.7094
-0.0775 -0.6974 -0.7601
-0.0674 -0.7777 -0.7928
-0.0881 -0.7559 -0.7402
-0.0881 -0.7559 -0.7402
-0.0774 -0.6844 -0.7692
-0.0273 -0.6659 -0.7797
0.0195 -0.7598 -0.7662
0.0674 -0.7217 -0.7779
0.1085 -0.6472 -0.7042
0.1085 -0.6472 -0.7042
0.0874 -0.6115 -0.6887
0.0856 -0.6611 -0.7172
0.0791 -0.6757 -0.7103
0.0787 -0.6540 -0.6760
0.0787 -0.6540 -0.6760
0.0908 -0.6316 -0.6557
0.0863 -0.6252 -0.6579
0.0983 -0.6311 -0.6960
0.0445 -0.6141 -0.7011
0.0369 -0.6449 -0.7275
0.0369 -0.6449 -0.7275
0.0324 -0.6547 -0.7405
0.0114 -0.6378 -0.6865
0.0011 -0.6603 -0.6841
0.0004 -0.6559 -0.6962
0.0151 -0.6267 -0.7148
0.0151 -0.6267 -0.7148
0.0107 -0.6411 -0.6956
-0.0080 -0.6605 -0.6791
-0.0045 -0.6733 -0.6530
0.0002 -0.6754 -0.6887
-0.0080 -0.6743 -0.7214
-0.0080 -0.6743 -0.7214
-0.0026 -0.6551 -0.7118
-0.0021 -0.6659 -0.7081
-0.0187 -0.6834 -0.6978
-0.0292 -0.7014 -0.7099
-0.0292 -0.7014 -0.7099
-0.0036 -0.7000 -0.7380
0.0105 -0.6733 -0.7002
0.0112 -0.6871 -0.7124
-0.0006 -0.7008 -0.7011
0.0001 -0.6875 -0.7135
0.0001 -0.6875 -0.7135
0.0039 -0.6846 -0.7060
-0.0005 -0.6830 -0.6817
-0.0063 -0.6870 -0.6936
-0.0190 -0.6850 -0.7037
-0.0219 -0.6832 -0.7110
-0.0219 -0.6832 -0.7110
-0.0312 -0.6751 -0.6991
-0.0308 -0.6771 -0.6994
-0.0263 -0.6784 -0.7170
-0.0251 -0.6793 -0.7224
-0.0243 -0.6717 -0.7293
-0.0243 -0.6717 -0.7293
-0.0134 -0.6693 -0.7563
-0.0082 -0.6659 -0.7430
-0.0265 -0.6561 -0.7239
-0.0268 -0.6724 -0.7160
-0.0235 -0.6817 -0.7228
-0.0235 -0.6817 -0.7228
-0.0236 -0.6744 -0.7364
-0.0183 -0.6701 -0.7343
-0.0200 -0.6657 -0.7189
-0.0200 -0.6685 -0.7146
-0.0200 -0.6685 -0.7146
-0.0177 -0.6698 -0.7321
-0.0162 -0.6644 -0.7423
-0.0136 -0.6654 -0.7368
-0.0128 -0.6756 -0.7272
-0.0153 -0.6744 -0.7309
-0.0153 -0.6744 -0.7309
-0.0055 -0.6703 -0.7334
0.0009 -0.6744 -0.7250
-0.0040 -0.6658 -0.7164
-0.0138 -0.6689 -0.7185
-0.0108 -0.6692 -0.7295
-0.0108 -0.6692 -0.7295
-0.0100 -0.6660 -0.7204
-0.0071 -0.6631 -0.7121
-0.0046 -0.6699 -0.7137
-0.0033 -0.6624 -0.7246
-0.0047 -0.6632 -0.7272
-0.0047 -0.6632 -0.7272
0.0031 -0.6575 -0.7275
0.0058 -0.6639 -0.7266
0.0000 -0.6671 -0.7153
0.0037 -0.6666 -0.6958
0.0170 -0.6784 -0.7031
0.0170 -0.6784 -0.7031
0.0267 -0.6695 -0.7151
0.0387 -0.6687 -0.7276
0.0433 -0.6592 -0.7444
0.0503 -0.6696 -0.7574
0.0503 -0.6696 -0.7574
0.0644 -0.6686 -0.7523
0.0852 -0.6786 -0.7533
0.1054 -0.6839 -0.7810
0.1252 -0.6832 -0.7822
0.1299 -0.6646 -0.7672
0.1299 -0.6646 -0.7672
0.1268 -0.6462 -0.7566
0.1169 -0.6381 -0.7351
0.1113 -0.6465 -0.6999
0.0921 -0.6433 -0.7001
0.0876 -0.6581 -0.7019
0.0876 -0.6581 -0.7019
0.0918 -0.6516 -0.7238
0.0871 -0.6422 -0.7074
0.0672 -0.6237 -0.7282
0.0802 -0.6380 -0.7502
0.0623 -0.6467 -0.7176
0.0623 -0.6467 -0.7176
0.0435 -0.6315 -0.6956
0.0423 -0.6474 -0.7206
0.0553 -0.6448 -0.7749
0.0676 -0.6466 -0.7676
0.0619 -0.6400 -0.7631
0.0619 -0.6400 -0.7631
0.0732 -0.6466 -0.7658
0.0916 -0.6425 -0.7614
0.0970 -0.6336 -0.7519
0.0947 -0.6310 -0.7707
0.0947 -0.6310 -0.7707
0.0958 -0.6400 -0.7482
0.0929 -0.6456 -0.7583
0.0991 -0.6437 -0.7573
0.0985 -0.6398 -0.7698
0.1013 -0.6490 -0.7842
0.1013 -0.6490 -0.7842
0.0950 -0.6366 -0.7736
0.0878 -0.6431 -0.7820
0.0823 -0.6460 -0.7531
0.0795 -0.6404 -0.7583
0.0791 -0.6288 -0.7617
0.0791 -0.6288 -0.7617
0.0660 -0.6250 -0.7594
0.0608 -0.6308 -0.7522
0.0565 -0.6328 -0.7283
0.0640 -0.6278 -0.7226
0.0667 -0.6127 -0.7494
0.0667 -0.6127 -0.7494
0.0640 -0.6241 -0.7555
0.0534 -0.6106 -0.7283
0.0512 -0.6148 -0.7412
0.0557 -0.6206 -0.7434
0.0557 -0.6206 -0.7434
0.0568 -0.6156 -0.7355
0.0629 -0.6163 -0.7485
0.0577 -0.6173 -0.7671
0.0511 -0.6261 -0.7652
0.0385 -0.6284 -0.7579
0.0385 -0.6284 -0.7579
0.0255 -0.6303 -0.7524
0.0087 -0.6342 -0.7548
-0.0135 -0.6373 -0.7516
-0.0283 -0.6245 -0.7665
-0.0408 -0.6228 -0.7849
-0.0408 -0.6228 -0.7849
-0.0512 -0.6303 -0.7854
-0.0658 -0.6248 -0.7837
-0.0687 -0.6207 -0.7775
-0.0599 -0.6362 -0.7864
-0.0539 -0.6362 -0.7711
-0.0539 -0.6362 -0.7711
-0.0587 -0.6222 -0.7666
-0.0490 -0.6318 -0.7913
-0.0427 -0.6436 -0.8103
-0.0330 -0.6275 -0.7969
-0.0110 -0.6207 -0.7775
-0.0110 -0.6207 -0.7775
-0.0038 -0.6185 -0.7467
-0.0048 -0.6115 -0.7525
0.0076 -0.6100 -0.7527
0.0007 -0.6173 -0.7632
0.0007 -0.6173 -0.7632
0.0253 -0.6421 -0.7592
0.0357 -0.6115 -0.7098
0.0501 -0.6326 -0.7208
0.0363 -0.6324 -0.7071
0.0221 -0.6342 -0.7145
0.0221 -0.6342 -0.7145
0.0415 -0.6501 -0.7459
0.0553 -0.6513 -0.7485
0.0529 -0.6581 -0.7691
0.0649 -0.6772 -0.7653
0.0706 -0.6756 -0.7790
0.0706 -0.6756 -0.7790
0.0868 -0.6717 -0.7687
0.1174 -0.6751 -0.7496
0.1205 -0.6683 -0.7490
0.1053 -0.6832 -0.7507
0.1015 -0.6832 -0.7376
0.1015 -0.6832 -0.7376
0.1064 -0.6811 -0.7025
0.1004 -0.6832 -0.7068
0.0873 -0.6785 -0.6954
0.0770 -0.6787 -0.7066
0.0814 -0.6916 -0.6944
0.0814 -0.6916 -0.6944
0.0829 -0.6842 -0.6990
0.0756 -0.6871 -0.7010
0.0668 -0.6874 -0.7006
0.0589 -0.6917 -0.6921
0.0589 -0.6917 -0.6921
0.0590 -0.7030 -0.6979
0.0651 -0.7060 -0.6992
0.0647 -0.6972 -0.6976
0.0553 -0.7031 -0.7040
0.0429 -0.6999 -0.7124
0.0429 -0.6999 -0.7124
0.0342 -0.7041 -0.7057
0.0316 -0.7074 -0.6955
0.0366 -0.6960 -0.6918
0.0175 -0.6861 -0.6951
0.0174 -0.6990 -0.7087
0.0174 -0.6990 -0.7087
0.0270 -0.6994 -0.6945
0.0264 -0.6909 -0.6830
0.0213 -0.6860 -0.6879
0.0161 -0.6839 -0.6805
0.0143 -0.6804 -0.6851
0.0143 -0.6804 -0.6851
0.0199 -0.6814 -0.6743
0.0214 -0.6872 -0.6727
0.0230 -0.6928 -0.6725
0.0143 -0.6928 -0.6826
0.0159 -0.6941 -0.6928
0.0159 -0.6941 -0.6928
0.0024 -0.6942 -0.6944
0.0037 -0.6997 -0.6959
0.0057 -0.6990 -0.6997
0.0102 -0.6970 -0.7008
0.0102 -0.6970 -0.7008
0.0080 -0.7013 -0.7025
0.0152 -0.7011 -0.7132
0.0172 -0.6910 -0.7216
0.0188 -0.6869 -0.7199
0.0115 -0.6952 -0.7175
0.0115 -0.6952 -0.7175
0.0109 -0.6944 -0.7094
0.0102 -0.6888 -0.7090
0.0111 -0.6896 -0.7058
0.0068 -0.6949 -0.6938
0.0036 -0.6912 -0.6893
0.0036 -0.6912 -0.6893
0.0097 -0.6962 -0.7032
0.0172 -0.6896 -0.7105
0.0103 -0.6936 -0.7111
0.0057 -0.6897 -0.7035
0.0052 -0.6946 -0.6967
0.0052 -0.6946 -0.6967
0.0125 -0.7000 -0.7036
0.0100 -0.6928 -0.6999
0.0151 -0.6919 -0.7101
0.0165 -0.6887 -0.7081
0.0165 -0.6887 -0.7081
0.0074 -0.6942 -0.7000
0.0075 -0.6911 -0.7030
0.0144 -0.6894 -0.7065
0.0143 -0.6886 -0.7013
0.0032 -0.6827 -0.6971
0.0032 -0.6827 -0.6971
0.0045 -0.6884 -0.6997
0.0017 -0.6894 -0.7003
-0.0011 -0.6924 -0.7034
0.0077 -0.6989 -0.7060
0.0079 -0.6997 -0.6983
0.0079 -0.6997 -0.6983
0.0134 -0.6951 -0.6989
0.0120 -0.6941 -0.7040
0.0131 -0.6954 -0.7043
0.0096 -0.6863 -0.7063
0.0074 -0.6949 -0.7071
0.0074 -0.6949 -0.7071
0.0119 -0.7001 -0.6994
0.0180 -0.6969 -0.6936
0.0121 -0.6904 -0.6895
0.0018 -0.6818 -0.6948
0.0093 -0.6949 -0.6981
0.0093 -0.6949 -0.6981
0.0090 -0.7000 -0.6932
0.0051 -0.6920 -0.6977
0.0042 -0.6892 -0.7044
0.0117 -0.6898 -0.7190
0.0117 -0.6898 -0.7190
0.0074 -0.6864 -0.7109
0.0157 -0.6873 -0.7038
0.0117 -0.6917 -0.6946
-0.0059 -0.6986 -0.6905
0.0008 -0.7030 -0.6888
0.0008 -0.7030 -0.6888
0.0185 -0.7029 -0.6934
0.0173 -0.6880 -0.6985
0.0122 -0.6872 -0.7032
0.0083 -0.6971 -0.7002
0.0089 -0.6950 -0.6947
0.0089 -0.6950 -0.6947
0.0154 -0.6914 -0.6899
0.0071 -0.6852 -0.7065
0.0002 -0.7033 -0.7010
0.0051 -0.6943 -0.6907
0.0056 -0.6948 -0.7046
0.0056 -0.6948 -0.7046

