-0.0056 0.0061 -0.1306
-0.0058 0.0062 -0.1311
-0.0059 0.0064 -0.1312
-0.0062 0.0068 -0.1310
-0.0064 0.0070 -0.1311
-0.0065 0.0071 -0.1314
-0.0066 0.0073 -0.1318
-0.0067 0.0074 -0.1322
-0.0067 0.0075 -0.1325
-0.0065 0.0075 -0.1326
-0.0065 0.0076 -0.1330
-0.0065 0.0077 -0.1334
-0.0065 0.0078 -0.1338
-0.0065 0.0079 -0.1342
-0.0067 0.0080 -0.1342
-0.0069 0.0079 -0.1331
-0.0071 0.0080 -0.1330
-0.0072 0.0080 -0.1332
-0.0073 0.0082 -0.1336
-0.0074 0.0083 -0.1341
-0.0076 0.0085 -0.1341
-0.0077 0.0085 -0.1332
-0.0078 0.0086 -0.1331
-0.0079 0.0087 -0.1333
-0.0080 0.0088 -0.1335
-0.0081 0.0090 -0.1338
-0.0082 0.0091 -0.1340
-0.0083 0.0090 -0.1340
-0.0084 0.0091 -0.1343
-0.0085 0.0093 -0.1346
-0.0086 0.0095 -0.1350
-0.0088 0.0098 -0.1355
-0.0090 0.0101 -0.1361
-0.0093 0.0102 -0.1370
-0.0095 0.0103 -0.1377
-0.0097 0.0105 -0.1383
-0.0099 0.0106 -0.1389
-0.0101 0.0108 -0.1395
-0.0102 0.0108 -0.1400
-0.0102 0.0109 -0.1404
-0.0104 0.0108 -0.1408
-0.0106 0.0107 -0.1410
-0.0108 0.0105 -0.1412
-0.0111 0.0103 -0.1414
-0.0114 0.0100 -0.1414
-0.0117 0.0098 -0.1408
-0.0120 0.0096 -0.1409
-0.0122 0.0096 -0.1411
-0.0125 0.0095 -0.1414
-0.0127 0.0095 -0.1417
-0.0129 0.0096 -0.1419
-0.0130 0.0097 -0.1418
-0.0132 0.0099 -0.1420
-0.0134 0.0100 -0.1424
-0.0136 0.0101 -0.1427
-0.0139 0.0103 -0.1430
-0.0141 0.0103 -0.1432
-0.0143 0.0103 -0.1434
-0.0146 0.0104 -0.1437
-0.0148 0.0105 -0.1440
-0.0151 0.0107 -0.1444
-0.0154 0.0108 -0.1447
-0.0157 0.0110 -0.1451
-0.0152 0.0110 -0.1451
-0.0152 0.0111 -0.1454
-0.0153 0.0113 -0.1459
-0.0155 0.0116 -0.1465
-0.0157 0.0118 -0.1470
-0.0159 0.0121 -0.1476
-0.0159 0.0120 -0.1473
-0.0159 0.0120 -0.1475
-0.0159 0.0121 -0.1478
-0.0158 0.0123 -0.1482
-0.0158 0.0125 -0.1487
-0.0157 0.0126 -0.1492
-0.0162 0.0129 -0.1493
-0.0163 0.0130 -0.1495
-0.0164 0.0130 -0.1498
-0.0164 0.0131 -0.1501
-0.0164 0.0131 -0.1505
-0.0165 0.0131 -0.1507
-0.0166 0.0127 -0.1506
-0.0166 0.0125 -0.1507
-0.0166 0.0124 -0.1508
-0.0165 0.0123 -0.1510
-0.0165 0.0122 -0.1513
-0.0163 0.0121 -0.1513
-0.0160 0.0120 -0.1508
-0.0158 0.0120 -0.1509
-0.0157 0.0120 -0.1511
-0.0156 0.0120 -0.1514
-0.0155 0.0120 -0.1518
-0.0154 0.0121 -0.1522
-0.0154 0.0117 -0.1509
-0.0154 0.0117 -0.1507
-0.0153 0.0117 -0.1507
-0.0151 0.0117 -0.1509
-0.0149 0.0117 -0.1511
-0.0147 0.0118 -0.1513
-0.0145 0.0119 -0.1515
-0.0143 0.0120 -0.1517
-0.0140 0.0121 -0.1520
-0.0138 0.0123 -0.1523
-0.0135 0.0125 -0.1526
-0.0134 0.0126 -0.1527
-0.0135 0.0124 -0.1523
-0.0134 0.0125 -0.1524
-0.0132 0.0126 -0.1526
-0.0131 0.0129 -0.1530
-0.0129 0.0131 -0.1534
-0.0126 0.0134 -0.1538
-0.0122 0.0137 -0.1542
-0.0120 0.0139 -0.1545
-0.0118 0.0140 -0.1548
-0.0116 0.0142 -0.1551
-0.0114 0.0143 -0.1554
-0.0112 0.0143 -0.1555
-0.0109 0.0143 -0.1555
-0.0107 0.0144 -0.1556
-0.0106 0.0144 -0.1559
-0.0104 0.0144 -0.1561
-0.0103 0.0145 -0.1563
-0.0102 0.0145 -0.1565
-0.0102 0.0145 -0.1563
-0.0101 0.0145 -0.1564
-0.0099 0.0144 -0.1566
-0.0098 0.0144 -0.1568
-0.0097 0.0145 -0.1569
-0.0092 0.0145 -0.1571
-0.0091 0.0146 -0.1575
-0.0090 0.0148 -0.1579
-0.0088 0.0150 -0.1582
-0.0087 0.0149 -0.1582
-0.0085 0.0146 -0.1578
-0.0083 0.0146 -0.1579
-0.0081 0.0147 -0.1581
-0.0080 0.0147 -0.1583
-0.0079 0.0148 -0.1584
-0.0078 0.0150 -0.1586
-0.0076 0.0154 -0.1590
-0.0075 0.0156 -0.1592
-0.0074 0.0157 -0.1593
-0.0074 0.0158 -0.1594
-0.0073 0.0159 -0.1595
-0.0072 0.0161 -0.1597
-0.0069 0.0164 -0.1602
-0.0069 0.0165 -0.1606
-0.0069 0.0167 -0.1608
-0.0070 0.0169 -0.1612
-0.0071 0.0171 -0.1616
-0.0073 0.0172 -0.1620
-0.0071 0.0178 -0.1633
-0.0072 0.0181 -0.1640
-0.0076 0.0182 -0.1645
-0.0081 0.0183 -0.1648
-0.0089 0.0183 -0.1648
-0.0097 0.0183 -0.1651
-0.0105 0.0184 -0.1660
-0.0120 0.0179 -0.1656
-0.0139 0.0168 -0.1646
-0.0160 0.0152 -0.1635
-0.0185 0.0131 -0.1623
-0.0212 0.0106 -0.1613
-0.0242 0.0078 -0.1608
-0.0286 0.0050 -0.1603
-0.0339 0.0020 -0.1600
-0.0398 -0.0015 -0.1597
-0.0462 -0.0057 -0.1594
-0.0528 -0.0099 -0.1594
-0.0593 -0.0140 -0.1594
-0.0665 -0.0189 -0.1599
-0.0743 -0.0244 -0.1607
-0.0826 -0.0303 -0.1614
-0.0914 -0.0368 -0.1620
-0.1003 -0.0437 -0.1624
-0.1094 -0.0511 -0.1624
-0.1192 -0.0591 -0.1623
-0.1295 -0.0679 -0.1621
-0.1404 -0.0770 -0.1619
-0.1521 -0.0864 -0.1618
-0.1643 -0.0958 -0.1622
-0.1771 -0.1049 -0.1633
-0.1903 -0.1142 -0.1642
-0.2038 -0.1233 -0.1650
-0.2175 -0.1320 -0.1661
-0.2314 -0.1400 -0.1672
-0.2453 -0.1472 -0.1685
-0.2592 -0.1532 -0.1700
-0.2728 -0.1587 -0.1710
-0.2861 -0.1634 -0.1718
-0.2992 -0.1676 -0.1723
-0.3120 -0.1715 -0.1723
-0.3245 -0.1753 -0.1719
-0.3366 -0.1794 -0.1710
-0.3492 -0.1843 -0.1694
-0.3622 -0.1899 -0.1671
-0.3754 -0.1962 -0.1644
-0.3891 -0.2033 -0.1613
-0.4027 -0.2105 -0.1578
-0.4164 -0.2175 -0.1540
-0.4310 -0.2255 -0.1505
-0.4461 -0.2339 -0.1473
-0.4617 -0.2421 -0.1445
-0.4776 -0.2498 -0.1419
-0.4935 -0.2564 -0.1395
-0.5094 -0.2612 -0.1372
-0.5259 -0.2652 -0.1360
-0.5427 -0.2674 -0.1357
-0.5595 -0.2677 -0.1361
-0.5763 -0.2659 -0.1373
-0.6095 -0.2576 -0.1410
-0.6258 -0.2522 -0.1428
-0.6420 -0.2465 -0.1443
-0.6580 -0.2406 -0.1453
-0.6736 -0.2349 -0.1458
-0.7033 -0.2240 -0.1452
-0.7170 -0.2189 -0.1437
-0.7297 -0.2143 -0.1411
-0.7424 -0.2108 -0.1385
-0.7550 -0.2085 -0.1354
-0.7550 -0.2085 -0.1354
-0.7800 -0.2073 -0.1277
-0.7925 -0.2084 -0.1227
-0.8051 -0.2105 -0.1169
-0.8178 -0.2137 -0.1102
-0.8306 -0.2176 -0.1026
-0.8432 -0.2220 -0.0942
-0.8558 -0.2266 -0.0852
-0.8680 -0.2308 -0.0757
-0.8801 -0.2353 -0.0657
-0.8922 -0.2399 -0.0554
-0.9042 -0.2443 -0.0447
-0.9161 -0.2485 -0.0337
-0.9291 -0.2516 -0.0232
-0.9414 -0.2549 -0.0121
-0.9536 -0.2578 -0.0010
-0.9658 -0.2603 0.0100
-0.9782 -0.2622 0.0209
-0.9907 -0.2634 0.0321
-1.0037 -0.2639 0.0436
-1.0168 -0.2640 0.0543
-1.0301 -0.2635 0.0645
-1.0436 -0.2621 0.0743
-1.0570 -0.2598 0.0837
-1.0704 -0.2564 0.0929
-1.0838 -0.2524 0.1020
-1.0972 -0.2486 0.1099
-1.1111 -0.2453 0.1172
-1.1257 -0.2427 0.1240
-1.1412 -0.2409 0.1302
-1.1575 -0.2395 0.1367
-1.1743 -0.2382 0.1437
-1.1914 -0.2372 0.1492
-1.2087 -0.2359 0.1537
-1.2257 -0.2342 0.1574
-1.2424 -0.2321 0.1602
-1.2587 -0.2297 0.1621
-1.2747 -0.2273 0.1631
-1.2905 -0.2251 0.1634
-1.3062 -0.2233 0.1633
-1.3218 -0.2222 0.1628
-1.3375 -0.2219 0.1623
-1.3536 -0.2224 0.1614
-1.3704 -0.2237 0.1603
-1.3873 -0.2260 0.1597
-1.4044 -0.2290 0.1594
-1.4219 -0.2325 0.1591
-1.4396 -0.2363 0.1590
-1.4579 -0.2404 0.1590
-1.4768 -0.2445 0.1592
-1.4957 -0.2487 0.1602
-1.5148 -0.2528 0.1617
-1.5341 -0.2568 0.1635
-1.5536 -0.2607 0.1656
-1.5731 -0.2641 0.1679
-1.5924 -0.2671 0.1705
-1.6115 -0.2697 0.1737
-1.6304 -0.2720 0.1776
-1.6490 -0.2739 0.1823
-1.6675 -0.2753 0.1880
-1.6857 -0.2760 0.1949
-1.7033 -0.2761 0.2033
-1.7202 -0.2754 0.2129
-1.7361 -0.2741 0.2237
-1.7510 -0.2726 0.2353
-1.7653 -0.2711 0.2474
-1.7792 -0.2700 0.2599
-1.7931 -0.2696 0.2731
-1.8069 -0.2699 0.2873
-1.8207 -0.2706 0.3029
-1.8338 -0.2715 0.3196
-1.8457 -0.2724 0.3369
-1.8563 -0.2731 0.3542
-1.8661 -0.2739 0.3709
-1.8755 -0.2750 0.3867
-1.8849 -0.2768 0.4017
-1.8948 -0.2794 0.4161
-1.9053 -0.2829 0.4302
-1.9163 -0.2873 0.4440
-1.9279 -0.2925 0.4579
-1.9399 -0.2982 0.4715
-1.9522 -0.3042 0.4847
-1.9650 -0.3102 0.4973
-1.9783 -0.3161 0.5088
-1.9924 -0.3218 0.5191
-2.0076 -0.3274 0.5280
-2.0239 -0.3328 0.5354
-2.0416 -0.3377 0.5415
-2.0603 -0.3422 0.5463
-2.0800 -0.3460 0.5503
-2.1002 -0.3490 0.5538
-2.1208 -0.3510 0.5569
-2.1419 -0.3518 0.5598
-2.1631 -0.3512 0.5628
-2.1843 -0.3494 0.5661
-2.2054 -0.3463 0.5700
-2.2263 -0.3424 0.5747
-2.2472 -0.3380 0.5800
-2.2682 -0.3335 0.5858
-2.2898 -0.3294 0.5917
-2.3123 -0.3255 0.5974
-2.3358 -0.3221 0.6025
-2.3601 -0.3186 0.6068
-2.3846 -0.3148 0.6098
-2.4091 -0.3103 0.6114
-2.4330 -0.3052 0.6115
-2.4562 -0.2995 0.6100
-2.4787 -0.2939 0.6072
-2.5007 -0.2888 0.6033
-2.5223 -0.2844 0.5988
-2.5436 -0.2810 0.5939
-2.5646 -0.2786 0.5891
-2.5853 -0.2771 0.5846
-2.6057 -0.2767 0.5809
-2.6466 -0.2786 0.5768
-2.6674 -0.2810 0.5765
-2.6885 -0.2844 0.5772
-2.7100 -0.2887 0.5789
-2.7316 -0.2939 0.5813
-2.7316 -0.2939 0.5813
-2.7535 -0.3001 0.5843
-2.7756 -0.3069 0.5875
-2.7979 -0.3145 0.5909
-2.8202 -0.3225 0.5944
-2.8424 -0.3308 0.5979
-2.8640 -0.3388 0.6012
-2.8849 -0.3460 0.6042
-2.9049 -0.3524 0.6071
-2.9240 -0.3578 0.6102
-2.9424 -0.3621 0.6137
-2.9600 -0.3653 0.6180
-2.9764 -0.3672 0.6229
-2.9915 -0.3678 0.6286
-3.0056 -0.3675 0.6349
-3.0191 -0.3666 0.6417
-3.0323 -0.3656 0.6495
-3.0452 -0.3647 0.6586
-3.0579 -0.3640 0.6691
-3.0700 -0.3633 0.6810
-3.0810 -0.3625 0.6937
-3.0912 -0.3618 0.7065
-3.1007 -0.3613 0.7190
-3.1099 -0.3615 0.7311
-3.1192 -0.3626 0.7427
-3.1289 -0.3649 0.7540
-3.1391 -0.3684 0.7651
-3.1500 -0.3730 0.7760
-3.1616 -0.3787 0.7867
-3.1738 -0.3851 0.7970
-3.1868 -0.3922 0.8068
-3.2009 -0.3998 0.8161
-3.2164 -0.4078 0.8245
-3.2324 -0.4155 0.8316
-3.2491 -0.4228 0.8372
-3.2668 -0.4294 0.8415
-3.2854 -0.4352 0.8445
-3.3060 -0.4402 0.8470
-3.3293 -0.4443 0.8494
-3.3516 -0.4479 0.8500
-3.3741 -0.4508 0.8495
-3.3969 -0.4527 0.8483
-3.4199 -0.4533 0.8466
-3.4441 -0.4525 0.8453
-3.4700 -0.4505 0.8451
-3.4937 -0.4482 0.8443
-3.5166 -0.4456 0.8436
-3.5396 -0.4433 0.8432
-3.5629 -0.4415 0.8430
-3.5884 -0.4404 0.8438
-3.6169 -0.4399 0.8454
-3.6440 -0.4402 0.8457
-3.6708 -0.4407 0.8449
-3.6975 -0.4409 0.8430
-3.7237 -0.4405 0.8396
-3.7506 -0.4391 0.8353
-3.7788 -0.4369 0.8305
-3.8040 -0.4348 0.8233
-3.8280 -0.4330 0.8149
-3.8515 -0.4316 0.8058
-3.8745 -0.4309 0.7965
-3.8990 -0.4308 0.7878
-3.9255 -0.4312 0.7805
-3.9494 -0.4328 0.7724
-3.9727 -0.4354 0.7645
-3.9959 -0.4391 0.7570
-4.0194 -0.4438 0.7498
-4.0447 -0.4491 0.7435
-4.0725 -0.4549 0.7383
-4.0975 -0.4616 0.7317
-4.1216 -0.4688 0.7245
-4.1452 -0.4762 0.7170
-4.1684 -0.4838 0.7093
-4.1929 -0.4909 0.7022
-4.2195 -0.4972 0.6961
-4.2428 -0.5033 0.6885
-4.2647 -0.5088 0.6805
-4.2858 -0.5136 0.6729
-4.3061 -0.5176 0.6657
-4.3434 -0.5228 0.6523
-4.3611 -0.5246 0.6457
-4.3788 -0.5264 0.6392
-4.3969 -0.5286 0.6331
-4.4157 -0.5312 0.6279
-4.4350 -0.5341 0.6239
-4.4546 -0.5370 0.6211
-4.4740 -0.5396 0.6194
-4.4931 -0.5419 0.6183
-4.5120 -0.5443 0.6172
-4.5310 -0.5470 0.6159
-4.5505 -0.5503 0.6141
-4.5697 -0.5537 0.6100
-4.5901 -0.5580 0.6068
-4.6112 -0.5628 0.6037
-4.6328 -0.5680 0.6003
-4.6548 -0.5733 0.5965
-4.6774 -0.5787 0.5922
-4.6995 -0.5834 0.5853
-4.7226 -0.5886 0.5789
-4.7463 -0.5938 0.5720
-4.7703 -0.5987 0.5641
-4.7947 -0.6033 0.5551
-4.8192 -0.6074 0.5443
-4.8436 -0.6110 0.5318
-4.8686 -0.6145 0.5197
-4.8937 -0.6175 0.5073
-4.9187 -0.6201 0.4942
-4.9439 -0.6225 0.4802
-4.9689 -0.6247 0.4644
-4.9937 -0.6268 0.4460
-5.0192 -0.6295 0.4268
-5.0446 -0.6324 0.4063
-5.0697 -0.6354 0.3846
-5.0943 -0.6383 0.3620
-5.1178 -0.6410 0.3381
-5.1400 -0.6433 0.3126
-5.1621 -0.6463 0.2875
-5.1838 -0.6502 0.2616
-5.2052 -0.6550 0.2346
-5.2264 -0.6607 0.2067
-5.2681 -0.6737 0.1479
-5.2878 -0.6794 0.1165
-5.3071 -0.6845 0.0862
-5.3253 -0.6884 0.0565
-5.3420 -0.6910 0.0269
-5.3574 -0.6924 -0.0024
-5.3717 -0.6932 -0.0315
-5.3855 -0.6936 -0.0602
-5.3990 -0.6938 -0.0885
-5.4126 -0.6937 -0.1162
-5.4263 -0.6933 -0.1433
-5.4402 -0.6928 -0.1700
-5.4532 -0.6916 -0.1986
-5.4672 -0.6910 -0.2252
-5.4816 -0.6906 -0.2508
-5.4961 -0.6903 -0.2756
-5.5106 -0.6901 -0.3000
-5.5249 -0.6903 -0.3239
-5.5391 -0.6909 -0.3478
-5.5533 -0.6921 -0.3719
-5.5677 -0.6940 -0.3963
-5.5822 -0.6963 -0.4209
-5.5970 -0.6988 -0.4453
-5.6119 -0.7012 -0.4691
-5.6492 -0.7005 -0.4826
-5.6705 -0.7017 -0.5023
-5.6863 -0.7035 -0.5239
-5.6998 -0.7056 -0.5462
-5.7123 -0.7079 -0.5688
-5.7246 -0.7104 -0.5915
-5.7367 -0.7066 -0.6069
-5.7490 -0.7069 -0.6269
-5.7616 -0.7084 -0.6479
-5.7742 -0.7100 -0.6688
-5.7867 -0.7114 -0.6894
-5.7989 -0.7128 -0.7097
-5.8020 -0.6900 -0.7233
-5.8108 -0.6835 -0.7410
-5.8213 -0.6822 -0.7601
-5.8322 -0.6826 -0.7795
-5.8430 -0.6835 -0.7989
-5.8424 -0.6715 -0.8123
-5.8258 -0.6410 -0.8171
-5.8274 -0.6327 -0.8318
-5.8349 -0.6318 -0.8498
-5.8443 -0.6335 -0.8689
-5.8544 -0.6360 -0.8883
-5.8649 -0.6390 -0.9079
-5.8341 -0.6033 -0.8901
-5.8316 -0.5940 -0.8975
-5.8382 -0.5932 -0.9128
-5.8479 -0.5953 -0.9306
-5.8589 -0.5983 -0.9492
-5.8707 -0.6018 -0.9682
-5.8829 -0.6057 -0.9874
-5.8807 -0.5925 -0.9970
-5.8885 -0.5912 -1.0132
-5.8992 -0.5935 -1.0313
-5.9109 -0.5971 -1.0499
-5.9232 -0.6011 -1.0688
-5.9098 -0.5895 -1.0497
-5.9145 -0.5885 -1.0561
-5.9250 -0.5908 -1.0704
-5.9373 -0.5941 -1.0873
-5.9502 -0.5977 -1.1050
-5.9633 -0.6015 -1.1231
-5.9764 -0.6056 -1.1415
-5.9344 -0.5948 -1.0629
-5.9296 -0.5946 -1.0502
-5.9362 -0.5978 -1.0586
-5.9461 -0.6021 -1.0737
-5.9566 -0.6068 -1.0908
-5.9670 -0.6114 -1.1085
-5.9141 -0.5929 -1.0102
-5.9034 -0.5899 -0.9906
-5.9058 -0.5916 -0.9959
-5.9121 -0.5947 -1.0088
-5.9195 -0.5980 -1.0240
-5.7994 -0.5806 -0.8017
-5.7659 -0.5772 -0.7406
-5.7595 -0.5779 -0.7303
-5.7614 -0.5799 -0.7358
-5.7658 -0.5822 -0.7461
-5.7209 -0.5736 -0.6826
-5.6042 -0.5493 -0.5106
-5.5693 -0.5429 -0.4627
-5.5599 -0.5421 -0.4539
-5.5583 -0.5430 -0.4570
-5.5590 -0.5442 -0.4635
-5.5600 -0.5454 -0.4708
-5.3738 -0.4578 -0.2116
-5.3137 -0.4308 -0.1328
-5.2929 -0.4231 -0.1109
-5.2837 -0.4217 -0.1069
-5.2772 -0.4225 -0.1086
-5.2707 -0.4243 -0.1123
-5.0768 -0.3397 0.1555
-5.0084 -0.3147 0.2383
-4.9790 -0.3087 0.2624
-4.9613 -0.3090 0.2677
-4.9470 -0.3115 0.2668
-4.9332 -0.3149 0.2635
-4.9193 -0.3188 0.2592
-4.7394 -0.2441 0.4818
-4.6715 -0.2232 0.5497
-4.6390 -0.2193 0.5685
-4.6176 -0.2206 0.5717
-4.5996 -0.2235 0.5699
-4.3870 -0.1141 0.8312
-4.3074 -0.0812 0.9129
-4.2694 -0.0723 0.9381
-4.2443 -0.0708 0.9456
-4.2233 -0.0717 0.9477
-4.2033 -0.0731 0.9482
-4.1396 -0.0423 1.0065
-4.1053 -0.0335 1.0253
-4.0801 -0.0317 1.0315
-4.0576 -0.0319 1.0338
-4.0361 -0.0328 1.0348
-4.0152 -0.0337 1.0353
-3.9860 -0.0286 1.0408
-3.9641 -0.0273 1.0426
-3.9452 -0.0269 1.0429
-3.9282 -0.0267 1.0424
-3.9126 -0.0265 1.0412
-3.8943 -0.0233 1.0417
-3.8717 -0.0161 1.0453
-3.8558 -0.0140 1.0436
-3.8423 -0.0138 1.0395
-3.8297 -0.0146 1.0339
-3.8176 -0.0158 1.0274
-3.8058 -0.0173 1.0203
-3.7914 -0.0171 1.0133
-3.7791 -0.0183 1.0054
-3.7676 -0.0200 0.9971
-3.7564 -0.0221 0.9882
-3.7453 -0.0243 0.9789
-3.7344 -0.0267 0.9691
-3.7195 -0.0270 0.9611
-3.7073 -0.0290 0.9508
-3.6958 -0.0318 0.9395
-3.6843 -0.0349 0.9273
-3.6726 -0.0383 0.9145
-3.6606 -0.0419 0.9010
-3.6403 -0.0441 0.8915
-3.6250 -0.0476 0.8781
-3.6111 -0.0513 0.8634
-3.5972 -0.0547 0.8483
-3.5831 -0.0573 0.8333
-3.5684 -0.0589 0.8186
-3.5531 -0.0594 0.8043
-3.5277 -0.0560 0.7957
-3.5082 -0.0532 0.7840
-3.4905 -0.0498 0.7719
-3.4732 -0.0456 0.7603
-3.4558 -0.0408 0.7496
-3.4303 -0.0351 0.7424
-3.4096 -0.0295 0.7339
-3.3900 -0.0241 0.7254
-3.3701 -0.0191 0.7170
-3.3497 -0.0145 0.7088
-3.3286 -0.0105 0.7008
-3.3017 -0.0067 0.6940
-3.2784 -0.0036 0.6870
-3.2563 -0.0007 0.6804
-3.2348 0.0018 0.6742
-3.2137 0.0041 0.6686
-3.1913 0.0054 0.6629
-3.1669 0.0057 0.6568
-3.1454 0.0062 0.6511
-3.1249 0.0062 0.6454
-3.1047 0.0055 0.6392
-3.0848 0.0042 0.6324
-3.0649 0.0022 0.6249
-3.0408 -0.0025 0.6150
-3.0197 -0.0059 0.6057
-2.9997 -0.0089 0.5963
-2.9802 -0.0117 0.5864
-2.9610 -0.0144 0.5761
-2.9421 -0.0170 0.5653
-2.9236 -0.0195 0.5541
-2.9019 -0.0290 0.5398
-2.8831 -0.0334 0.5270
-2.8655 -0.0359 0.5145
-2.8487 -0.0375 0.5021
-2.8325 -0.0384 0.4896
-2.8170 -0.0389 0.4769
-2.8002 -0.0420 0.4619
-2.7856 -0.0426 0.4473
-2.7726 -0.0420 0.4323
-2.7611 -0.0409 0.4170
-2.7512 -0.0393 0.4015
-2.7411 -0.0428 0.3828
-2.7328 -0.0424 0.3666
-2.7253 -0.0408 0.3511
-2.7182 -0.0394 0.3352
-2.7117 -0.0386 0.3184
-2.7058 -0.0385 0.3008
-2.7036 -0.0378 0.2798
-2.6999 -0.0387 0.2608
-2.6956 -0.0404 0.2428
-2.6908 -0.0429 0.2253
-2.6855 -0.0460 0.2080
-2.6795 -0.0500 0.1908
-2.6726 -0.0547 0.1738
-2.6708 -0.0582 0.1574
-2.6641 -0.0637 0.1407
-2.6552 -0.0701 0.1239
-2.6451 -0.0770 0.1070
-2.6341 -0.0839 0.0902
-2.6270 -0.0917 0.0726
-2.6158 -0.0980 0.0565
-2.6027 -0.1031 0.0412
-2.5885 -0.1073 0.0265
-2.5735 -0.1105 0.0122
-2.5578 -0.1131 -0.0021
-2.5456 -0.1158 -0.0173
-2.5303 -0.1174 -0.0321
-2.5136 -0.1181 -0.0472
-2.4961 -0.1180 -0.0623
-2.4781 -0.1170 -0.0773
-2.4597 -0.1150 -0.0919
-2.4411 -0.1122 -0.1056
-2.4223 -0.1073 -0.1192
-2.4030 -0.1027 -0.1310
-2.3830 -0.0983 -0.1416
-2.3620 -0.0941 -0.1515
-2.3398 -0.0906 -0.1611
-2.3195 -0.0904 -0.1704
-2.2963 -0.0892 -0.1797
-2.2720 -0.0880 -0.1886
-2.2475 -0.0868 -0.1969
-2.2232 -0.0851 -0.2042
-2.1998 -0.0825 -0.2106
-2.1786 -0.0814 -0.2162
-2.1574 -0.0785 -0.2217
-2.1367 -0.0751 -0.2273
-2.1164 -0.0719 -0.2334
-2.0964 -0.0693 -0.2401
-2.0765 -0.0673 -0.2476
-2.0575 -0.0671 -0.2567
-2.0382 -0.0667 -0.2657
-2.0189 -0.0665 -0.2751
-1.9999 -0.0668 -0.2849
-1.9810 -0.0676 -0.2950
-1.9624 -0.0688 -0.3054
-1.9453 -0.0719 -0.3171
-1.9274 -0.0744 -0.3280
-1.9092 -0.0772 -0.3388
-1.8910 -0.0803 -0.3497
-1.8729 -0.0837 -0.3609
-1.8549 -0.0875 -0.3724
-1.8383 -0.0916 -0.3859
-1.8215 -0.0956 -0.3985
-1.8054 -0.0992 -0.4112
-1.7906 -0.1021 -0.4238
-1.7774 -0.1039 -0.4365
-1.7657 -0.1046 -0.4492
-1.7543 -0.1047 -0.4619
-1.7441 -0.1038 -0.4744
-1.7345 -0.1026 -0.4874
-1.7253 -0.1018 -0.5015
-1.7165 -0.1015 -0.5170
-1.7084 -0.1018 -0.5338
-1.6999 -0.1035 -0.5520
-1.6929 -0.1047 -0.5694
-1.6862 -0.1057 -0.5859
-1.6793 -0.1068 -0.6017
-1.6717 -0.1084 -0.6169
-1.6634 -0.1106 -0.6318
-1.6547 -0.1140 -0.6464
-1.6446 -0.1185 -0.6611
-1.6332 -0.1239 -0.6758
-1.6207 -0.1302 -0.6906
-1.6073 -0.1369 -0.7051
-1.5930 -0.1436 -0.7192
-1.5812 -0.1494 -0.7320
-1.5670 -0.1546 -0.7446
-1.5518 -0.1588 -0.7567
-1.5361 -0.1619 -0.7682
-1.5199 -0.1642 -0.7793
-1.5030 -0.1660 -0.7902
-1.4888 -0.1673 -0.8005
-1.4722 -0.1682 -0.8114
-1.4544 -0.1687 -0.8225
-1.4362 -0.1686 -0.8336
-1.4176 -0.1677 -0.8445
-1.3987 -0.1660 -0.8549
-1.3833 -0.1634 -0.8629
-1.3655 -0.1604 -0.8712
-1.3469 -0.1572 -0.8791
-1.3277 -0.1541 -0.8864
-1.3078 -0.1514 -0.8930
-1.2872 -0.1492 -0.8991
-1.2663 -0.1475 -0.9046
-1.2442 -0.1467 -0.9097
-1.2220 -0.1464 -0.9143
-1.2001 -0.1460 -0.9178
-1.1788 -0.1454 -0.9200
-1.1579 -0.1448 -0.9208
-1.1405 -0.1437 -0.9189
-1.1209 -0.1445 -0.9172
-1.1005 -0.1471 -0.9155
-1.0800 -0.1515 -0.9134
-1.0597 -0.1573 -0.9109
-1.0402 -0.1638 -0.9078
-1.0216 -0.1708 -0.9041
-1.0030 -0.1794 -0.9003
-0.9845 -0.1891 -0.8964
-0.9662 -0.1996 -0.8927
-0.9483 -0.2103 -0.8890
-0.9313 -0.2204 -0.8854
-0.9157 -0.2288 -0.8819
-0.8993 -0.2377 -0.8792
-0.8829 -0.2459 -0.8775
-0.8667 -0.2530 -0.8768
-0.8506 -0.2589 -0.8774
-0.8355 -0.2633 -0.8795
-0.8218 -0.2663 -0.8832
-0.8070 -0.2688 -0.8875
-0.7921 -0.2709 -0.8925
-0.7774 -0.2731 -0.8979
-0.7634 -0.2747 -0.9036
-0.7507 -0.2747 -0.9108
-0.7402 -0.2724 -0.9196
-0.7302 -0.2699 -0.9278
-0.7207 -0.2684 -0.9361
-0.7113 -0.2687 -0.9449
-0.7004 -0.2709 -0.9541
-0.6882 -0.2733 -0.9636
-0.6749 -0.2763 -0.9724
-0.6597 -0.2803 -0.9798
-0.6440 -0.2852 -0.9866
-0.6287 -0.2898 -0.9927
-0.6139 -0.2933 -0.9984
-0.5999 -0.2959 -1.0036
-0.5863 -0.2966 -1.0083
-0.5721 -0.2962 -1.0122
-0.5578 -0.2954 -1.0157
-0.5432 -0.2945 -1.0190
-0.5283 -0.2933 -1.0219
-0.5138 -0.2919 -1.0246
-0.5001 -0.2901 -1.0273
-0.4858 -0.2879 -1.0289
-0.4714 -0.2856 -1.0299
-0.4571 -0.2834 -1.0305
-0.4429 -0.2815 -1.0309
-0.4294 -0.2801 -1.0312
-0.4168 -0.2795 -1.0315
-0.4035 -0.2789 -1.0318
-0.3900 -0.2785 -1.0322
-0.3765 -0.2783 -1.0326
-0.3632 -0.2781 -1.0332
-0.3512 -0.2773 -1.0339
-0.3408 -0.2755 -1.0347
-0.3179 -0.2725 -1.0366
-0.3065 -0.2709 -1.0374
-0.2952 -0.2692 -1.0380
-0.2842 -0.2673 -1.0384
-0.2791 -0.2591 -1.0380
-0.2709 -0.2548 -1.0375
-0.2622 -0.2518 -1.0369
-0.2534 -0.2494 -1.0359
-0.2448 -0.2476 -1.0346
-0.2363 -0.2466 -1.0328
-0.2354 -0.2398 -1.0298
-0.2295 -0.2383 -1.0266
-0.2223 -0.2389 -1.0229
-0.2153 -0.2404 -1.0189
-0.2089 -0.2422 -1.0151
-0.1980 -0.2468 -1.0086
-0.1928 -0.2497 -1.0060
-0.1876 -0.2529 -1.0038
-0.1822 -0.2565 -1.0019
-0.1822 -0.2565 -1.0019
-0.1767 -0.2601 -1.0004
-0.1729 -0.2610 -0.9990
-0.1716 -0.2578 -0.9976
-0.1668 -0.2590 -0.9966
-0.1607 -0.2615 -0.9958
-0.1540 -0.2642 -0.9953
-0.1470 -0.2668 -0.9951
-0.1329 -0.2712 -0.9960
-0.1251 -0.2703 -0.9970
-0.1161 -0.2653 -0.9982
-0.1088 -0.2642 -0.9995
-0.1019 -0.2640 -1.0010
-0.0951 -0.2640 -1.0026
-0.0883 -0.2641 -1.0043
-0.0811 -0.2642 -1.0061
-0.0735 -0.2644 -1.0079
-0.0655 -0.2646 -1.0097
-0.0570 -0.2650 -1.0114
-0.0484 -0.2653 -1.0130
-0.0399 -0.2654 -1.0147
-0.0357 -0.2596 -1.0181
-0.0294 -0.2573 -1.0211
-0.0225 -0.2561 -1.0244
-0.0156 -0.2553 -1.0280
-0.0085 -0.2548 -1.0317
-0.0055 -0.2481 -1.0365
0.0005 -0.2461 -1.0406
0.0073 -0.2457 -1.0444
0.0143 -0.2460 -1.0481
0.0212 -0.2465 -1.0515
0.0278 -0.2469 -1.0545
0.0247 -0.2388 -1.0569
0.0275 -0.2363 -1.0592
0.0318 -0.2356 -1.0613
0.0363 -0.2355 -1.0631
0.0408 -0.2357 -1.0647
0.0452 -0.2362 -1.0660
0.0495 -0.2371 -1.0671
0.0513 -0.2310 -1.0712
0.0549 -0.2303 -1.0731
0.0591 -0.2314 -1.0742
0.0634 -0.2334 -1.0749
0.0679 -0.2357 -1.0755
0.0709 -0.2240 -1.0852
0.0747 -0.2220 -1.0890
0.0787 -0.2230 -1.0910
0.0825 -0.2249 -1.0924
0.0862 -0.2272 -1.0938
0.0898 -0.2295 -1.0952
0.0948 -0.2268 -1.1003
0.0989 -0.2276 -1.1031
0.1027 -0.2294 -1.1052
0.1062 -0.2314 -1.1068
0.1094 -0.2331 -1.1080
0.1122 -0.2345 -1.1092
0.1146 -0.2356 -1.1103
0.1131 -0.2299 -1.1131
0.1138 -0.2288 -1.1149
0.1153 -0.2295 -1.1165
0.1172 -0.2310 -1.1180
0.1191 -0.2328 -1.1196
0.1151 -0.2280 -1.1208
0.1151 -0.2278 -1.1224
0.1163 -0.2292 -1.1243
0.1177 -0.2309 -1.1263
0.1191 -0.2328 -1.1285
0.1206 -0.2346 -1.1309
0.1164 -0.2314 -1.1327
0.1156 -0.2312 -1.1350
0.1157 -0.2317 -1.1373
0.1157 -0.2322 -1.1397
0.1156 -0.2324 -1.1419
0.1155 -0.2326 -1.1441
0.1106 -0.2288 -1.1462
0.1092 -0.2278 -1.1482
0.1090 -0.2279 -1.1501
0.1092 -0.2283 -1.1518
0.1096 -0.2287 -1.1532
0.1100 -0.2289 -1.1542
0.1051 -0.2266 -1.1537
0.1038 -0.2260 -1.1538
0.1037 -0.2260 -1.1541
0.1040 -0.2262 -1.1541
0.1045 -0.2265 -1.1540
0.1051 -0.2267 -1.1536
0.1004 -0.2251 -1.1512
0.0992 -0.2246 -1.1497
0.0991 -0.2246 -1.1483
0.0994 -0.2247 -1.1467
0.0998 -0.2251 -1.1450
0.1002 -0.2256 -1.1433
0.0944 -0.2245 -1.1387
0.0927 -0.2248 -1.1360
0.0923 -0.2256 -1.1339
0.0924 -0.2266 -1.1320
0.0926 -0.2279 -1.1302
0.0930 -0.2293 -1.1285
0.0889 -0.2301 -1.1246
0.0879 -0.2316 -1.1225
0.0879 -0.2332 -1.1210
0.0883 -0.2349 -1.1197
0.0887 -0.2366 -1.1185
0.0892 -0.2382 -1.1175
0.0891 -0.2398 -1.1151
0.0893 -0.2413 -1.1140
0.0897 -0.2428 -1.1137
0.0900 -0.2442 -1.1141
0.0903 -0.2455 -1.1150
0.0906 -0.2468 -1.1165
0.0901 -0.2480 -1.1168
0.0899 -0.2488 -1.1185
0.0897 -0.2492 -1.1210
0.0893 -0.2492 -1.1237
0.0889 -0.2488 -1.1265
0.0885 -0.2480 -1.1295
0.0874 -0.2480 -1.1319
0.0868 -0.2470 -1.1345
0.0863 -0.2456 -1.1370
0.0860 -0.2441 -1.1394
0.0859 -0.2425 -1.1416
0.0858 -0.2408 -1.1436
0.0838 -0.2389 -1.1446
0.0831 -0.2373 -1.1461
0.0828 -0.2358 -1.1479
0.0826 -0.2343 -1.1496
0.0824 -0.2328 -1.1513
0.0818 -0.2315 -1.1522
0.0807 -0.2300 -1.1517
0.0800 -0.2285 -1.1523
0.0793 -0.2268 -1.1529
0.0789 -0.2253 -1.1532
0.0786 -0.2239 -1.1531
0.0786 -0.2227 -1.1526
0.0776 -0.2220 -1.1500
0.0778 -0.2216 -1.1482
0.0788 -0.2217 -1.1467
0.0801 -0.2220 -1.1450
0.0817 -0.2226 -1.1431
0.0834 -0.2232 -1.1409
0.0837 -0.2248 -1.1362
0.0850 -0.2259 -1.1327
0.0867 -0.2269 -1.1295
0.0885 -0.2277 -1.1261
0.0905 -0.2285 -1.1222
0.0924 -0.2291 -1.1178
0.0942 -0.2310 -1.1115
0.0958 -0.2313 -1.1054
0.0974 -0.2309 -1.0990
0.0989 -0.2302 -1.0923
0.1003 -0.2294 -1.0852
0.1016 -0.2283 -1.0776
0.1028 -0.2269 -1.0694
0.1018 -0.2258 -1.0596
0.1020 -0.2243 -1.0502
0.1025 -0.2227 -1.0408
0.1030 -0.2212 -1.0309
0.1034 -0.2196 -1.0207
0.1087 -0.2147 -1.0147
0.1102 -0.2122 -1.0053
0.1102 -0.2108 -0.9946
0.1095 -0.2097 -0.9832
0.1083 -0.2088 -0.9713
0.1064 -0.2081 -0.9591
0.1045 -0.2059 -0.9516
0.1017 -0.2050 -0.9406
0.0984 -0.2049 -0.9285
0.0945 -0.2051 -0.9162
0.0901 -0.2055 -0.9039
0.0850 -0.2058 -0.8925
0.0791 -0.2055 -0.8825
0.0736 -0.2064 -0.8714
0.0681 -0.2077 -0.8602
0.0623 -0.2093 -0.8492
0.0564 -0.2108 -0.8385
0.0502 -0.2123 -0.8283
0.0435 -0.2130 -0.8202
0.0371 -0.2141 -0.8115
0.0308 -0.2154 -0.8030
0.0245 -0.2168 -0.7949
0.0184 -0.2181 -0.7873
0.0123 -0.2193 -0.7800
0.0064 -0.2205 -0.7732
0.0006 -0.2217 -0.7680
-0.0048 -0.2228 -0.7627
-0.0097 -0.2239 -0.7576
-0.0143 -0.2249 -0.7532
-0.0184 -0.2258 -0.7495
-0.0223 -0.2264 -0.7467
-0.0259 -0.2266 -0.7447
-0.0292 -0.2265 -0.7434
-0.0322 -0.2262 -0.7428
-0.0348 -0.2259 -0.7426
-0.0370 -0.2258 -0.7424
-0.0390 -0.2258 -0.7422
-0.0408 -0.2260 -0.7419
-0.0425 -0.2263 -0.7418
-0.0441 -0.2267 -0.7419
-0.0454 -0.2273 -0.7423
-0.0466 -0.2280 -0.7429
-0.0474 -0.2288 -0.7437
-0.0482 -0.2297 -0.7449
-0.0488 -0.2305 -0.7462
-0.0495 -0.2313 -0.7478
-0.0503 -0.2320 -0.7494
-0.0513 -0.2329 -0.7511
-0.0497 -0.2312 -0.7577
-0.0503 -0.2313 -0.7611
-0.0515 -0.2320 -0.7635
-0.0531 -0.2330 -0.7656
-0.0548 -0.2342 -0.7675
-0.0560 -0.2348 -0.7703
-0.0564 -0.2340 -0.7747
-0.0581 -0.2348 -0.7771
-0.0605 -0.2361 -0.7788
-0.0631 -0.2374 -0.7803
-0.0660 -0.2388 -0.7817
-0.0690 -0.2401 -0.7830
-0.0682 -0.2399 -0.7865
-0.0699 -0.2406 -0.7882
-0.0721 -0.2414 -0.7895
-0.0744 -0.2421 -0.7905
-0.0765 -0.2426 -0.7914
-0.0785 -0.2427 -0.7925
-0.0770 -0.2427 -0.7936
-0.0774 -0.2419 -0.7952
-0.0780 -0.2408 -0.7972
-0.0783 -0.2397 -0.7993
-0.0781 -0.2388 -0.8014
-0.0776 -0.2381 -0.8035
-0.0768 -0.2378 -0.8053
-0.0731 -0.2358 -0.8073
-0.0709 -0.2352 -0.8090
-0.0690 -0.2349 -0.8107
-0.0670 -0.2346 -0.8125
-0.0651 -0.2341 -0.8145
-0.0592 -0.2311 -0.8156
-0.0561 -0.2296 -0.8172
-0.0539 -0.2288 -0.8187
-0.0519 -0.2284 -0.8198
-0.0496 -0.2285 -0.8206
-0.0471 -0.2292 -0.8210
-0.0425 -0.2277 -0.8192
-0.0392 -0.2283 -0.8178
-0.0366 -0.2296 -0.8161
-0.0343 -0.2307 -0.8141
-0.0339 -0.2299 -0.8122
-0.0355 -0.2273 -0.8096
-0.0365 -0.2235 -0.8079
-0.0372 -0.2200 -0.8056
-0.0376 -0.2161 -0.8033
-0.0380 -0.2111 -0.8009
-0.0381 -0.2053 -0.7984
-0.0375 -0.1990 -0.7961
-0.0362 -0.1921 -0.7943
-0.0355 -0.1849 -0.7916
-0.0351 -0.1773 -0.7886
-0.0344 -0.1692 -0.7855
-0.0335 -0.1608 -0.7822
-0.0325 -0.1520 -0.7790
-0.0300 -0.1426 -0.7774
-0.0285 -0.1334 -0.7748
-0.0272 -0.1242 -0.7719
-0.0258 -0.1151 -0.7690
-0.0244 -0.1062 -0.7661
-0.0222 -0.0972 -0.7641
-0.0188 -0.0880 -0.7635
-0.0167 -0.0801 -0.7617
-0.0151 -0.0728 -0.7596
-0.0139 -0.0661 -0.7574
-0.0129 -0.0600 -0.7554
-0.0120 -0.0545 -0.7537
-0.0090 -0.0479 -0.7553
-0.0073 -0.0426 -0.7552
-0.0062 -0.0380 -0.7547
-0.0053 -0.0340 -0.7540
-0.0046 -0.0305 -0.7533
-0.0040 -0.0274 -0.7527
-0.0018 -0.0219 -0.7548
-0.0005 -0.0188 -0.7551
0.0003 -0.0166 -0.7548
0.0011 -0.0150 -0.7542
0.0016 -0.0139 -0.7535
0.0020 -0.0131 -0.7526
0.0030 -0.0090 -0.7566
0.0034 -0.0073 -0.7574
0.0036 -0.0065 -0.7574
0.0037 -0.0060 -0.7571
0.0038 -0.0056 -0.7568
0.0037 -0.0044 -0.7578
0.0037 -0.0019 -0.7606
0.0038 -0.0013 -0.7611
0.0038 -0.0013 -0.7607
0.0038 -0.0016 -0.7602
0.0037 -0.0019 -0.7596
0.0037 -0.0013 -0.7597
0.0038 0.0005 -0.7607
0.0039 0.0009 -0.7608
0.0039 0.0010 -0.7606
0.0038 0.0009 -0.7603
0.0037 0.0009 -0.7601
0.0037 0.0010 -0.7600
0.0038 0.0011 -0.7596
0.0039 0.0014 -0.7594
0.0040 0.0015 -0.7594
0.0039 0.0016 -0.7593
0.0039 0.0018 -0.7592
0.0038 0.0024 -0.7593
0.0035 0.0037 -0.7596
0.0034 0.0044 -0.7597
0.0034 0.0048 -0.7599
0.0034 0.0052 -0.7601
0.0035 0.0056 -0.7603
0.0036 0.0059 -0.7606
0.0036 0.0063 -0.7608
0.0033 0.0070 -0.7626
0.0033 0.0075 -0.7633
0.0033 0.0079 -0.7636
0.0034 0.0084 -0.7640
0.0035 0.0089 -0.7643
0.0066 0.0073 -0.7659
0.0076 0.0072 -0.7668
0.0079 0.0076 -0.7674
0.0080 0.0081 -0.7679
0.0080 0.0088 -0.7685
0.0080 0.0095 -0.7691
0.0080 0.0102 -0.7698
0.0070 0.0112 -0.7715
0.0067 0.0119 -0.7725
0.0067 0.0125 -0.7732
0.0067 0.0130 -0.7738
0.0068 0.0134 -0.7744
0.0069 0.0137 -0.7750
0.0073 0.0139 -0.7763
0.0075 0.0141 -0.7772
0.0078 0.0143 -0.7780
0.0081 0.0144 -0.7785
0.0083 0.0143 -0.7790
0.0084 0.0138 -0.7794
0.0086 0.0136 -0.7798
0.0088 0.0134 -0.7803
0.0090 0.0133 -0.7808
0.0092 0.0132 -0.7813
0.0094 0.0131 -0.7817
0.0092 0.0129 -0.7816
0.0092 0.0127 -0.7817
0.0093 0.0125 -0.7819
0.0094 0.0124 -0.7821
0.0095 0.0123 -0.7823
0.0096 0.0122 -0.7825
0.0091 0.0120 -0.7821
0.0091 0.0119 -0.7821
0.0091 0.0120 -0.7822
0.0091 0.0121 -0.7822
0.0091 0.0121 -0.7821
0.0092 0.0122 -0.7820
0.0088 0.0146 -0.7855
0.0087 0.0154 -0.7866
0.0087 0.0158 -0.7869
0.0087 0.0160 -0.7870
0.0087 0.0162 -0.7870
0.0087 0.0163 -0.7869
0.0080 0.0179 -0.7909
0.0079 0.0186 -0.7923
0.0078 0.0190 -0.7929
0.0078 0.0193 -0.7931
0.0077 0.0195 -0.7933
0.0077 0.0196 -0.7933
0.0065 0.0197 -0.7955
0.0060 0.0198 -0.7962
0.0058 0.0199 -0.7965
0.0057 0.0199 -0.7965
0.0056 0.0200 -0.7965
0.0055 0.0200 -0.7963
0.0046 0.0201 -0.7976
0.0043 0.0201 -0.7979
0.0041 0.0201 -0.7978
0.0040 0.0202 -0.7976
0.0039 0.0202 -0.7975
0.0037 0.0205 -0.7979
0.0032 0.0209 -0.7993
0.0031 0.0211 -0.7997
0.0030 0.0213 -0.7999
0.0030 0.0215 -0.7999
0.0030 0.0216 -0.7999
0.0031 0.0218 -0.7998
0.0029 0.0221 -0.8020
0.0028 0.0223 -0.8027
0.0028 0.0225 -0.8030
0.0028 0.0227 -0.8031
0.0029 0.0229 -0.8032
0.0029 0.0230 -0.8033
0.0024 0.0239 -0.8054
0.0023 0.0244 -0.8062
0.0023 0.0247 -0.8065
0.0024 0.0249 -0.8066
0.0025 0.0251 -0.8066
0.0026 0.0254 -0.8066
0.0019 0.0262 -0.8078
0.0018 0.0266 -0.8082
0.0019 0.0268 -0.8082
0.0020 0.0270 -0.8082
0.0021 0.0272 -0.8081
0.0022 0.0274 -0.8080
0.0015 0.0272 -0.8080
0.0013 0.0273 -0.8080
0.0013 0.0273 -0.8079
0.0014 0.0274 -0.8078
0.0015 0.0276 -0.8077
0.0016 0.0277 -0.8076
0.0009 0.0281 -0.8085
0.0008 0.0283 -0.8087
0.0007 0.0284 -0.8087
0.0008 0.0286 -0.8087
0.0008 0.0288 -0.8087
0.0009 0.0290 -0.8087
0.0004 0.0296 -0.8098
0.0003 0.0299 -0.8101
0.0003 0.0302 -0.8103
0.0003 0.0304 -0.8103
0.0003 0.0307 -0.8103
0.0005 0.0302 -0.8105
0.0008 0.0289 -0.8110
0.0009 0.0286 -0.8111
0.0010 0.0286 -0.8112
0.0010 0.0287 -0.8112
0.0011 0.0288 -0.8112
0.0012 0.0289 -0.8111
0.0013 0.0272 -0.8108
0.0014 0.0267 -0.8107
0.0014 0.0265 -0.8106
0.0015 0.0265 -0.8105
0.0016 0.0265 -0.8104
0.0016 0.0264 -0.8102
0.0013 0.0248 -0.8102
0.0012 0.0243 -0.8101
0.0012 0.0241 -0.8100
0.0012 0.0241 -0.8100
0.0013 0.0241 -0.8099
0.0013 0.0242 -0.8098
0.0014 0.0229 -0.8098
0.0014 0.0226 -0.8097
0.0014 0.0226 -0.8098
0.0015 0.0227 -0.8097
0.0015 0.0228 -0.8097
0.0015 0.0229 -0.8097
0.0017 0.0221 -0.8094
0.0017 0.0219 -0.8093
0.0018 0.0218 -0.8092
0.0018 0.0218 -0.8091
0.0019 0.0218 -0.8089
0.0019 0.0218 -0.8087
0.0019 0.0219 -0.8086
0.0018 0.0212 -0.8086
0.0017 0.0210 -0.8085
0.0017 0.0211 -0.8085
0.0017 0.0211 -0.8084
0.0017 0.0213 -0.8084
0.0017 0.0211 -0.8086
0.0017 0.0211 -0.8086
0.0017 0.0212 -0.8087
0.0017 0.0213 -0.8086
0.0018 0.0214 -0.8086
0.0018 0.0214 -0.8087
0.0018 0.0213 -0.8088
0.0017 0.0213 -0.8089
0.0018 0.0214 -0.8089
0.0018 0.0215 -0.8088
0.0019 0.0216 -0.8088
0.0019 0.0217 -0.8089
0.0017 0.0212 -0.8089
0.0016 0.0211 -0.8089
0.0016 0.0211 -0.8089
0.0017 0.0211 -0.8089
0.0018 0.0211 -0.8089
0.0019 0.0212 -0.8088
0.0020 0.0212 -0.8088
0.0018 0.0211 -0.8087
0.0017 0.0211 -0.8086
0.0018 0.0211 -0.8086
0.0018 0.0211 -0.8085
0.0019 0.0211 -0.8085
0.0017 0.0210 -0.8082
0.0017 0.0209 -0.8081
0.0017 0.0210 -0.8081
0.0018 0.0209 -0.8081
0.0019 0.0209 -0.8081
0.0019 0.0210 -0.8081
0.0015 0.0208 -0.8080
0.0014 0.0207 -0.8080
0.0014 0.0206 -0.8080
0.0015 0.0206 -0.8079
0.0016 0.0205 -0.8078
0.0016 0.0205 -0.8077
0.0014 0.0204 -0.8078
0.0014 0.0204 -0.8078
0.0014 0.0203 -0.8077
0.0015 0.0203 -0.8077
0.0016 0.0204 -0.8077
0.0016 0.0204 -0.8078
0.0015 0.0206 -0.8079
0.0015 0.0206 -0.8080
0.0015 0.0207 -0.8081
0.0015 0.0208 -0.8082
0.0016 0.0208 -0.8082
0.0016 0.0209 -0.8083
0.0013 0.0211 -0.8085
0.0012 0.0213 -0.8086
0.0011 0.0214 -0.8086
0.0011 0.0215 -0.8087
0.0010 0.0216 -0.8088
0.0010 0.0218 -0.8088
0.0008 0.0219 -0.8088
0.0007 0.0221 -0.8088
0.0007 0.0223 -0.8089
0.0006 0.0224 -0.8090
0.0005 0.0226 -0.8091
0.0005 0.0228 -0.8092
0.0005 0.0230 -0.8093
0.0005 0.0232 -0.8094
0.0005 0.0233 -0.8095
0.0004 0.0235 -0.8097
0.0004 0.0237 -0.8098
0.0004 0.0238 -0.8100
0.0005 0.0238 -0.8103
0.0005 0.0239 -0.8105
0.0005 0.0240 -0.8107
0.0005 0.0241 -0.8108
0.0004 0.0241 -0.8109
0.0004 0.0242 -0.8109
0.0004 0.0241 -0.8109
0.0003 0.0241 -0.8109
0.0003 0.0241 -0.8110
0.0002 0.0242 -0.8110
0.0001 0.0243 -0.8111
0.0000 0.0244 -0.8111
0.0001 0.0241 -0.8107
0.0002 0.0240 -0.8106
0.0002 0.0240 -0.8106
0.0002 0.0241 -0.8106
0.0002 0.0242 -0.8107
0.0001 0.0243 -0.8108
0.0003 0.0244 -0.8113
0.0003 0.0245 -0.8115
0.0003 0.0245 -0.8116
0.0003 0.0246 -0.8116
0.0002 0.0246 -0.8115
0.0001 0.0246 -0.8116
0.0001 0.0245 -0.8117
0.0000 0.0245 -0.8118
-0.0001 0.0245 -0.8118
-0.0002 0.0246 -0.8119
-0.0003 0.0246 -0.8119
-0.0005 0.0247 -0.8120
-0.0004 0.0249 -0.8126
-0.0005 0.0250 -0.8128
-0.0006 0.0252 -0.8129
-0.0008 0.0253 -0.8130
-0.0009 0.0254 -0.8130
-0.0010 0.0256 -0.8130
-0.0011 0.0257 -0.8131
-0.0013 0.0257 -0.8132
-0.0015 0.0258 -0.8132
-0.0016 0.0259 -0.8132
-0.0017 0.0260 -0.8131
-0.0018 0.0261 -0.8130
-0.0022 0.0262 -0.8137
-0.0024 0.0263 -0.8139
-0.0025 0.0264 -0.8140
-0.0026 0.0264 -0.8139
-0.0028 0.0265 -0.8138
-0.0030 0.0265 -0.8137
-0.0037 0.0270 -0.8147
-0.0041 0.0272 -0.8149
-0.0044 0.0274 -0.8150
-0.0046 0.0275 -0.8151
-0.0048 0.0276 -0.8151
-0.0050 0.0277 -0.8151
-0.0069 0.0281 -0.8160
-0.0077 0.0283 -0.8163
-0.0080 0.0284 -0.8165
-0.0083 0.0286 -0.8165
-0.0084 0.0288 -0.8166
-0.0089 0.0289 -0.8169
-0.0099 0.0291 -0.8175
-0.0104 0.0293 -0.8178
-0.0106 0.0294 -0.8179
-0.0108 0.0295 -0.8179
-0.0111 0.0296 -0.8179
-0.0114 0.0297 -0.8179
-0.0119 0.0289 -0.8178
-0.0122 0.0287 -0.8178
-0.0125 0.0285 -0.8177
-0.0128 0.0284 -0.8176
-0.0131 0.0283 -0.8173
-0.0135 0.0281 -0.8171
-0.0142 0.0269 -0.8163
-0.0146 0.0264 -0.8159
-0.0149 0.0261 -0.8156
-0.0152 0.0259 -0.8153
-0.0155 0.0257 -0.8150
-0.0158 0.0256 -0.8148
-0.0162 0.0248 -0.8148
-0.0165 0.0245 -0.8147
-0.0167 0.0244 -0.8145
-0.0170 0.0243 -0.8144
-0.0172 0.0242 -0.8142
-0.0174 0.0242 -0.8141
-0.0177 0.0226 -0.8132
-0.0179 0.0221 -0.8129
-0.0181 0.0219 -0.8127
-0.0183 0.0219 -0.8126
-0.0184 0.0219 -0.8126
-0.0185 0.0220 -0.8126
-0.0180 0.0234 -0.8162
-0.0179 0.0239 -0.8175
-0.0177 0.0241 -0.8180
-0.0176 0.0242 -0.8184
-0.0173 0.0243 -0.8186
-0.0170 0.0243 -0.8188
-0.0177 0.0233 -0.8181
-0.0176 0.0229 -0.8181
-0.0173 0.0227 -0.8182
-0.0169 0.0225 -0.8184
-0.0164 0.0223 -0.8186
-0.0160 0.0222 -0.8187
-0.0156 0.0220 -0.8187
-0.0151 0.0218 -0.8189
-0.0145 0.0216 -0.8193
-0.0139 0.0214 -0.8196
-0.0134 0.0211 -0.8199
-0.0131 0.0207 -0.8202
-0.0130 0.0200 -0.8203
-0.0127 0.0196 -0.8205
-0.0123 0.0194 -0.8208
-0.0119 0.0192 -0.8211
-0.0115 0.0191 -0.8216
-0.0110 0.0190 -0.8220
-0.0100 0.0180 -0.8230

