0.0000 0.0000 0.0000
0.0000 0.0000 0.0000
0.0000 0.0000 0.0000
0.0000 0.0000 0.0000
0.0000 0.0000 0.0000
0.0000 0.0000 0.0000
0.0000 0.0000 0.0000
0.0000 0.0000 0.0000
0.0000 0.0000 0.0000
0.0000 0.0000 0.0000
0.0000 0.0000 0.0000
0.0000 0.0000 0.0000
0.1220 -0.3088 -1.0017
0.1381 -0.2757 -0.9977
0.1280 -0.2808 -0.8965
0.1093 -0.2560 -0.8316
0.0686 -0.2397 -0.8727
0.0686 -0.2397 -0.8727
0.0748 -0.2876 -0.7892
-0.0116 -0.3874 -0.8569
0.0333 -0.3496 -0.8323
0.0194 -0.3029 -0.8871
-0.0019 -0.3180 -0.8995
0.0357 -0.2701 -0.9361
0.0754 -0.2380 -0.9608
0.0477 -0.1936 -0.9677
-0.0270 -0.2175 -1.0474
-0.0083 -0.1360 -0.9857
-0.0083 -0.1360 -0.9857
0.0671 -0.1544 -0.9597
0.1118 -0.1635 -0.9570
0.1525 -0.2027 -0.9396
0.1525 -0.2027 -0.9396
0.1124 -0.2009 -0.9123
0.0874 -0.2330 -0.9302
0.0955 -0.2573 -0.8824
0.0308 -0.3022 -0.9116
0.0308 -0.3022 -0.9116
-0.0997 -0.3888 -0.9541
-0.0953 -0.3979 -0.8784
-0.0181 -0.3801 -0.8788
-0.0222 -0.3656 -0.9039
-0.0209 -0.3140 -0.9601
-0.0209 -0.3140 -0.9601
0.0018 -0.2942 -0.9183
-0.0209 -0.2841 -0.9017
-0.0258 -0.3004 -0.9277
-0.0648 -0.3365 -0.9146
-0.0873 -0.3712 -0.8923
-0.0873 -0.3712 -0.8923
-0.0696 -0.4140 -0.9339
-0.0595 -0.4189 -0.9260
-0.0609 -0.4249 -0.9088
-0.0739 -0.4279 -0.9002
-0.1164 -0.4571 -0.7856
-0.1494 -0.3956 -0.9146
-0.0857 -0.4548 -0.9218
-0.0944 -0.4151 -0.9118
-0.0944 -0.4151 -0.9118
-0.1003 -0.4749 -0.8960
-0.0836 -0.4457 -0.9194
-0.0369 -0.4265 -0.9431
-0.0538 -0.4335 -0.9204
-0.0811 -0.4316 -0.8894
-0.0811 -0.4316 -0.8894
-0.1306 -0.4408 -0.8489
-0.2482 -0.4441 -0.7401
-0.1739 -0.4477 -1.0553
-0.1468 -0.4547 -0.9614
-0.2269 -0.4604 -0.8814
-0.2269 -0.4604 -0.8814
-0.1620 -0.4781 -0.9146
-0.1319 -0.4258 -0.9264
-0.0758 -0.4399 -0.9936
-0.0499 -0.4160 -0.9980
-0.0255 -0.4044 -0.9916
-0.0255 -0.4044 -0.9916
-0.0145 -0.3736 -0.9890
0.0140 -0.3387 -0.9824
0.0834 -0.3306 -0.9951
0.1063 -0.3471 -0.9716
0.0273 -0.3505 -0.9296
0.0273 -0.3505 -0.9296
0.0994 -0.3096 -0.9491
0.1257 -0.3174 -0.9328
0.0849 -0.2425 -0.7960
0.1270 -0.2485 -0.9146
0.1270 -0.2485 -0.9146
0.2399 -0.4066 -0.7976
0.1679 -0.2480 -0.9637
0.1824 -0.2373 -0.8185
0.0918 -0.3655 -0.9126
0.0492 -0.3143 -0.8358
0.0492 -0.3143 -0.8358
0.0489 -0.3148 -0.8311
0.0477 -0.3574 -0.8555
0.0428 -0.3381 -0.8457
0.0242 -0.3343 -0.8406
0.0280 -0.3324 -0.9170
0.0280 -0.3324 -0.9170
0.0517 -0.3003 -0.9357
0.0675 -0.3216 -0.9529
0.0403 -0.3338 -0.9427
0.0610 -0.3228 -0.9153
0.0458 -0.3295 -0.8944
0.0458 -0.3295 -0.8944
0.0419 -0.3248 -0.9044
0.0637 -0.3177 -0.9483
0.0670 -0.3104 -0.9373
0.0513 -0.3055 -0.9205
0.0543 -0.3138 -0.9123
0.0543 -0.3138 -0.9123
0.0610 -0.3128 -0.9039
0.0569 -0.3190 -0.9087
0.0359 -0.3030 -0.8757
0.0274 -0.3070 -0.8800
0.0274 -0.3070 -0.8800
0.0248 -0.3083 -0.9063
0.0261 -0.3209 -0.9265
0.0374 -0.3239 -0.9323
0.0252 -0.3193 -0.9272
0.0215 -0.3206 -0.9336
0.0215 -0.3206 -0.9336
0.0308 -0.3103 -0.9551
0.0436 -0.2997 -0.9638
0.0464 -0.3035 -0.9606
0.0439 -0.3117 -0.9598
0.0517 -0.2960 -0.9457
0.0517 -0.2960 -0.9457
0.0560 -0.3040 -0.9379
0.0537 -0.3033 -0.9346
0.0539 -0.3091 -0.9309
0.0519 -0.3259 -0.9328
0.0579 -0.3241 -0.9208
0.0579 -0.3241 -0.9208
0.0508 -0.3168 -0.9112
0.0455 -0.3178 -0.9274
0.0404 -0.3147 -0.9320
0.0402 -0.3165 -0.9230
0.0485 -0.3213 -0.9266
0.0485 -0.3213 -0.9266
0.0477 -0.3288 -0.9298
0.0463 -0.3292 -0.9403
0.0412 -0.3286 -0.9380
0.0396 -0.3347 -0.9225
0.0396 -0.3347 -0.9225
0.0431 -0.3438 -0.9184
0.0445 -0.3457 -0.9188
0.0371 -0.3419 -0.9243
0.0385 -0.3378 -0.9145
0.0526 -0.3372 -0.9106
0.0526 -0.3372 -0.9106
0.0561 -0.3368 -0.9233
0.0557 -0.3392 -0.9274
0.0538 -0.3321 -0.9155
0.0447 -0.3353 -0.9054
0.0487 -0.3337 -0.9198
0.0487 -0.3337 -0.9198
0.0528 -0.3348 -0.9319
0.0542 -0.3395 -0.9225
0.0514 -0.3452 -0.9181
0.0506 -0.3448 -0.9189
0.0478 -0.3467 -0.9292
0.0478 -0.3467 -0.9292
0.0472 -0.3478 -0.9165
0.0450 -0.3478 -0.9157
0.0430 -0.3478 -0.9138
0.0477 -0.3469 -0.9167
0.0517 -0.3463 -0.9326
0.0517 -0.3463 -0.9326
0.0518 -0.3483 -0.9350
0.0564 -0.3488 -0.9171
0.0474 -0.3512 -0.9201
0.0512 -0.3500 -0.9269
0.0512 -0.3500 -0.9269
0.0560 -0.3484 -0.9220
0.0556 -0.3492 -0.9173
0.0553 -0.3479 -0.9222
0.0567 -0.3528 -0.9250
0.0494 -0.3497 -0.9238
0.0494 -0.3497 -0.9238
0.0483 -0.3501 -0.9203
0.0482 -0.3521 -0.9170
0.0454 -0.3484 -0.9240
0.0436 -0.3461 -0.9163
0.0427 -0.3455 -0.9041
0.0427 -0.3455 -0.9041
0.0434 -0.3537 -0.9033
0.0479 -0.3581 -0.9102
0.0511 -0.3547 -0.9178
0.0484 -0.3431 -0.9244
0.0468 -0.3459 -0.9215
0.0468 -0.3459 -0.9215
0.0446 -0.3444 -0.9185
0.0516 -0.3498 -0.9295
0.0590 -0.3531 -0.9421
0.0564 -0.3530 -0.9324
0.0518 -0.3506 -0.9176
0.0518 -0.3506 -0.9176
0.0495 -0.3482 -0.9124
0.0484 -0.3506 -0.9137
0.0514 -0.3525 -0.9134
0.0466 -0.3507 -0.9158
0.0466 -0.3507 -0.9158
0.0455 -0.3502 -0.9130
0.0489 -0.3497 -0.9126
0.0496 -0.3545 -0.9167
0.0568 -0.3526 -0.9127
0.0510 -0.3546 -0.9101
0.0510 -0.3546 -0.9101
0.0456 -0.3546 -0.9218
0.0472 -0.3526 -0.9262
0.0431 -0.3529 -0.9188
0.0453 -0.3540 -0.9177
0.0480 -0.3585 -0.9253
0.0480 -0.3585 -0.9253
0.0405 -0.3551 -0.9250
0.0468 -0.3528 -0.9217
0.0502 -0.3487 -0.9119
0.0427 -0.3514 -0.9100
0.0453 -0.3490 -0.9168
0.0453 -0.3490 -0.9168
0.0416 -0.3461 -0.9274
0.0421 -0.3529 -0.9237
0.0448 -0.3514 -0.9183
0.0472 -0.3531 -0.9155
0.0455 -0.3565 -0.9146
0.0455 -0.3565 -0.9146
0.0530 -0.3554 -0.9163
0.0500 -0.3520 -0.9257
0.0476 -0.3528 -0.9302
0.0495 -0.3530 -0.9189
0.0495 -0.3530 -0.9189
0.0472 -0.3550 -0.9145
0.0422 -0.3510 -0.9234
0.0453 -0.3511 -0.9276
0.0433 -0.3558 -0.9256
0.0391 -0.3559 -0.9128
0.0391 -0.3559 -0.9128
0.0401 -0.3569 -0.9048
0.0418 -0.3553 -0.9081
0.0401 -0.3560 -0.9160
0.0448 -0.3545 -0.9240
0.0466 -0.3579 -0.9194
0.0466 -0.3579 -0.9194
0.0464 -0.3565 -0.9133
0.0480 -0.3588 -0.9169
0.0501 -0.3538 -0.9165
0.0495 -0.3545 -0.9186
0.0540 -0.3622 -0.9189
0.0540 -0.3622 -0.9189
0.0524 -0.3585 -0.9206
0.0514 -0.3484 -0.9230
0.0357 -0.3463 -0.9063
0.0357 -0.3463 -0.9063
0.0386 -0.3559 -0.9069
0.0486 -0.3557 -0.9166
0.0461 -0.3517 -0.9240
0.0452 -0.3511 -0.9233
0.0484 -0.3520 -0.9128
0.0484 -0.3520 -0.9128
0.0431 -0.3517 -0.9101
0.0459 -0.3547 -0.9164
0.0467 -0.3516 -0.9158
0.0477 -0.3555 -0.9254
0.0470 -0.3523 -0.9193
0.0470 -0.3523 -0.9193
0.0496 -0.3530 -0.9224
0.0502 -0.3522 -0.9223
0.0569 -0.3423 -0.9277
0.0524 -0.3519 -0.9100
0.0440 -0.3454 -0.9126
0.0440 -0.3454 -0.9126
0.0529 -0.3522 -0.9137
0.0448 -0.3543 -0.9083
0.0491 -0.3550 -0.9102
0.0500 -0.3531 -0.9198
0.0503 -0.3501 -0.9278
0.0503 -0.3501 -0.9278
0.0529 -0.3511 -0.9263
0.0495 -0.3495 -0.9309
0.0514 -0.3455 -0.9423
0.0501 -0.3495 -0.9308
0.0499 -0.3515 -0.9213
0.0499 -0.3515 -0.9213
0.0512 -0.3508 -0.9176
0.0527 -0.3493 -0.9097
0.0431 -0.3484 -0.9136
0.0518 -0.3490 -0.9272
0.0518 -0.3490 -0.9272
0.0526 -0.3501 -0.9227
0.0529 -0.3494 -0.9200
0.0544 -0.3481 -0.9181
0.0501 -0.3475 -0.9170
0.0540 -0.3453 -0.9205
0.0540 -0.3453 -0.9205
0.0558 -0.3515 -0.9132
0.0516 -0.3470 -0.9155
0.0536 -0.3492 -0.9177
0.0534 -0.3507 -0.9197
0.0540 -0.3489 -0.9285
0.0540 -0.3489 -0.9285
0.0567 -0.3477 -0.9233
0.0540 -0.3466 -0.9195
0.0522 -0.3468 -0.9155
0.0518 -0.3512 -0.9113
0.0495 -0.3493 -0.9199
0.0495 -0.3493 -0.9199
0.0507 -0.3507 -0.9232
0.0501 -0.3442 -0.9184
0.0582 -0.3483 -0.9189
0.0535 -0.3430 -0.9207
0.0597 -0.3510 -0.9212
0.0597 -0.3510 -0.9212
0.0627 -0.3516 -0.9179
0.0642 -0.3494 -0.9269
0.0574 -0.3409 -0.9132
0.0408 -0.3444 -0.9112
0.0408 -0.3444 -0.9112
0.0440 -0.3469 -0.9224
0.0487 -0.3504 -0.9274
0.0546 -0.3491 -0.9277
0.0532 -0.3462 -0.9209
0.0499 -0.3423 -0.9240
0.0499 -0.3423 -0.9240
0.0536 -0.3449 -0.9341
0.0537 -0.3442 -0.9277
0.0533 -0.3447 -0.9170
0.0508 -0.3457 -0.9142
0.0486 -0.3452 -0.9145
0.0486 -0.3452 -0.9145
0.0514 -0.3480 -0.9197
0.0501 -0.3444 -0.9190
0.0494 -0.3441 -0.9283
0.0550 -0.3439 -0.9239
0.0433 -0.3435 -0.9230
0.0433 -0.3435 -0.9230
0.0450 -0.3432 -0.9343
0.0582 -0.3454 -0.9328
0.0494 -0.3429 -0.9217
0.0564 -0.3508 -0.9242
0.0548 -0.3475 -0.9319
0.0548 -0.3475 -0.9319
0.0503 -0.3508 -0.9272
0.0535 -0.3511 -0.9177
0.0481 -0.3508 -0.9061
0.0500 -0.3493 -0.9147
0.0500 -0.3493 -0.9147
0.0575 -0.3468 -0.9168
0.0499 -0.3484 -0.9193
0.0553 -0.3482 -0.9198
0.0561 -0.3530 -0.9116
0.0543 -0.3489 -0.9168
0.0624 -0.3501 -0.9241
0.0594 -0.3493 -0.9156
0.0574 -0.3547 -0.9144
0.0542 -0.3501 -0.9210
0.0520 -0.3498 -0.9219
0.0520 -0.3498 -0.9219
0.0496 -0.3482 -0.9147
0.0529 -0.3519 -0.9160
0.0532 -0.3511 -0.9231
0.0506 -0.3516 -0.9162
0.0505 -0.3525 -0.9111
0.0505 -0.3525 -0.9111
0.0533 -0.3549 -0.9196
0.0580 -0.3542 -0.9180
0.0539 -0.3515 -0.9214
0.0559 -0.3519 -0.9197
0.0546 -0.3531 -0.9198
0.0546 -0.3531 -0.9198
0.0553 -0.3519 -0.9260
0.0487 -0.3488 -0.9150
0.0537 -0.3547 -0.9112
0.0411 -0.3440 -0.8952
0.0411 -0.3440 -0.8952
0.0520 -0.3486 -0.9197
0.0531 -0.3490 -0.9322
0.0498 -0.3654 -0.9305
0.0632 -0.3588 -0.9479
0.0671 -0.3525 -0.9191
0.0671 -0.3525 -0.9191
0.0505 -0.3548 -0.9029
0.0377 -0.3419 -0.9048
0.0457 -0.3602 -0.9141
0.0502 -0.3607 -0.9212
0.0502 -0.3539 -0.9266
0.0502 -0.3539 -0.9266
0.0588 -0.3508 -0.9251
0.0547 -0.3490 -0.9186
0.0571 -0.3469 -0.9135
0.0577 -0.3542 -0.9108
0.0548 -0.3503 -0.9213
0.0548 -0.3503 -0.9213
0.0551 -0.3489 -0.9194
0.0528 -0.3527 -0.9129
0.0550 -0.3531 -0.9167
0.0564 -0.3531 -0.9175
0.0592 -0.3490 -0.9176
0.0592 -0.3490 -0.9176
0.0551 -0.3516 -0.9199
0.0488 -0.3502 -0.9184
0.0505 -0.3574 -0.9188
0.0516 -0.3555 -0.9206
0.0516 -0.3555 -0.9206
0.0538 -0.3534 -0.9212
0.0598 -0.3560 -0.9214
0.0605 -0.3516 -0.9199
0.0581 -0.3505 -0.9143
0.0555 -0.3555 -0.9151
0.0555 -0.3555 -0.9151
0.0541 -0.3503 -0.9094
0.0592 -0.3534 -0.9074
0.0543 -0.3484 -0.9090
0.0559 -0.3492 -0.9228
0.0523 -0.3412 -0.9268
0.0523 -0.3412 -0.9268
0.0656 -0.3619 -0.9189
0.0571 -0.3445 -0.9174
0.0550 -0.3506 -0.9209
0.0567 -0.3533 -0.9211
0.0578 -0.3541 -0.9193
0.0578 -0.3541 -0.9193
0.0522 -0.3559 -0.9215
0.0645 -0.3574 -0.9168
0.0513 -0.3436 -0.9326
0.0569 -0.3473 -0.9287
0.0554 -0.3471 -0.9277
0.0554 -0.3471 -0.9277
0.0597 -0.3500 -0.9248
0.0561 -0.3478 -0.9159
0.0572 -0.3468 -0.9125
0.0567 -0.3479 -0.9078
0.0567 -0.3479 -0.9078
0.0532 -0.3489 -0.9081
0.0576 -0.3471 -0.9059
0.0555 -0.3473 -0.9112
0.0517 -0.3455 -0.9161
0.0548 -0.3449 -0.9237
0.0548 -0.3449 -0.9237
0.0559 -0.3447 -0.9298
0.0578 -0.3477 -0.9275
0.0638 -0.3577 -0.9215
0.0654 -0.3562 -0.9162
0.0553 -0.3466 -0.9143
0.0553 -0.3466 -0.9143
0.0478 -0.3432 -0.9225
0.0510 -0.3475 -0.9296
0.0535 -0.3473 -0.9286
0.0561 -0.3507 -0.9241
0.0528 -0.3431 -0.9216
0.0528 -0.3431 -0.9216
0.0546 -0.3415 -0.9218
0.0500 -0.3418 -0.9181
0.0564 -0.3428 -0.9189
0.0597 -0.3492 -0.9146
0.0597 -0.3492 -0.9146
0.0543 -0.3477 -0.9075
0.0560 -0.3476 -0.9169
0.0604 -0.3443 -0.9150
0.0602 -0.3462 -0.9219
0.0593 -0.3431 -0.9355
0.0593 -0.3431 -0.9355
0.0547 -0.3430 -0.9380
0.0541 -0.3415 -0.9198
0.0506 -0.3452 -0.9169
0.0514 -0.3456 -0.9305
0.0564 -0.3458 -0.9274
0.0564 -0.3458 -0.9274
0.0545 -0.3464 -0.9205
0.0528 -0.3425 -0.9160
0.0556 -0.3453 -0.9198
0.0495 -0.3463 -0.9265
0.0488 -0.3475 -0.9314
0.0488 -0.3475 -0.9314
0.0473 -0.3478 -0.9297

