0.0000 0.0000 0.0000
0.0000 0.0000 0.0000
0.0000 0.0000 0.0000
0.0000 0.0000 0.0000
0.0000 0.0000 0.0000
0.0000 0.0000 0.0000
0.0000 0.0000 0.0000
0.0000 0.0000 0.0000
0.0000 0.0000 0.0000
0.0000 0.0000 0.0000
0.0000 0.0000 0.0000
0.0000 0.0000 0.0000
0.0000 0.0000 0.0000
0.0000 0.0000 0.0000
0.0000 0.0000 0.0000
0.0000 0.0000 0.0000
0.0000 0.0000 0.0000
0.0000 0.0000 0.0000
0.0000 0.0000 0.0000
0.0000 0.0000 0.0000
0.0000 0.0000 0.0000
0.0000 0.0000 0.0000
0.0000 0.0000 0.0000
0.0000 0.0000 0.0000
0.0000 0.0000 0.0000
0.0000 0.0000 0.0000
0.0000 0.0000 0.0000
0.0000 0.0000 0.0000
0.0000 0.0000 0.0000
0.0000 0.0000 0.0000
0.0000 0.0000 0.0000
0.0000 0.0000 0.0000
0.0000 0.0000 0.0000
0.0000 0.0000 0.0000
0.0000 0.0000 0.0000
0.0000 0.0000 0.0000
0.0000 0.0000 0.0000
0.0000 0.0000 0.0000
0.0000 0.0000 0.0000
0.0000 0.0000 0.0000
0.0000 0.0000 0.0000
0.0000 0.0000 0.0000
0.0000 0.0000 0.0000
0.0000 0.0000 0.0000
0.0000 0.0000 0.0000
0.0000 0.0000 0.0000
0.0000 0.0000 0.0000
0.0000 0.0000 0.0000
0.0000 0.0000 0.0000
0.0000 0.0000 0.0000
0.0000 0.0000 0.0000
0.0000 0.0000 0.0000
0.0000 0.0000 0.0000
0.0000 0.0000 0.0000
0.0000 0.0000 0.0000
0.0000 0.0000 0.0000
0.0000 0.0000 0.0000
0.0000 0.0000 0.0000
0.0000 0.0000 0.0000
0.0000 0.0000 0.0000
0.0000 0.0000 0.0000
0.0000 0.0000 0.0000
0.0000 0.0000 0.0000
0.0000 0.0000 0.0000
0.0000 0.0000 0.0000
0.0000 0.0000 0.0000
0.0000 0.0000 0.0000
0.0000 0.0000 0.0000
0.0000 0.0000 0.0000
0.0000 0.0000 0.0000
0.0000 0.0000 0.0000
0.0000 0.0000 0.0000
0.0000 0.0000 0.0000
0.0000 0.0000 0.0000
0.0000 0.0000 0.0000
0.0000 0.0000 0.0000
0.0000 0.0000 0.0000
0.0000 0.0000 0.0000
0.0000 0.0000 0.0000
0.0000 0.0000 0.0000
0.0003 0.0010 0.0002
0.0006 0.0021 0.0002
0.0009 0.0035 0.0002
0.0013 0.0050 0.0000
0.0015 0.0068 -0.0003
0.0017 0.0088 -0.0008
0.0064 0.0149 -0.0005
0.0081 0.0184 -0.0008
0.0088 0.0212 -0.0012
0.0092 0.0238 -0.0019
0.0097 0.0261 -0.0026
0.0100 0.0282 -0.0035
0.0101 0.0315 -0.0043
0.0096 0.0340 -0.0053
0.0092 0.0361 -0.0065
0.0086 0.0379 -0.0078
0.0080 0.0396 -0.0090
0.0074 0.0410 -0.0101
0.0047 0.0435 -0.0094
0.0034 0.0448 -0.0096
0.0025 0.0455 -0.0100
0.0017 0.0456 -0.0103
0.0010 0.0456 -0.0106
0.0003 0.0456 -0.0108
-0.0005 0.0474 -0.0116
-0.0011 0.0483 -0.0121
-0.0018 0.0490 -0.0127
-0.0024 0.0496 -0.0132
-0.0030 0.0499 -0.0137
-0.0037 0.0500 -0.0141
-0.0042 0.0540 -0.0174
-0.0048 0.0553 -0.0188
-0.0054 0.0560 -0.0198
-0.0060 0.0564 -0.0205
-0.0066 0.0567 -0.0213
-0.0072 0.0590 -0.0235
-0.0077 0.0598 -0.0247
-0.0083 0.0602 -0.0255
-0.0090 0.0603 -0.0263
-0.0095 0.0604 -0.0269
-0.0100 0.0603 -0.0274
-0.0106 0.0617 -0.0291
-0.0110 0.0621 -0.0299
-0.0113 0.0621 -0.0304
-0.0117 0.0621 -0.0308
-0.0120 0.0619 -0.0310
-0.0122 0.0617 -0.0312
-0.0129 0.0623 -0.0326
-0.0133 0.0625 -0.0332
-0.0134 0.0627 -0.0336
-0.0135 0.0629 -0.0339
-0.0136 0.0631 -0.0341
-0.0138 0.0636 -0.0347
-0.0142 0.0645 -0.0359
-0.0144 0.0651 -0.0365
-0.0144 0.0655 -0.0370
-0.0144 0.0660 -0.0373
-0.0144 0.0663 -0.0377
-0.0145 0.0667 -0.0379
-0.0145 0.0674 -0.0388
-0.0146 0.0677 -0.0392
-0.0146 0.0679 -0.0396
-0.0145 0.0682 -0.0399
-0.0145 0.0684 -0.0401
-0.0144 0.0687 -0.0404
-0.0148 0.0691 -0.0412
-0.0149 0.0694 -0.0416
-0.0148 0.0697 -0.0419
-0.0147 0.0701 -0.0422
-0.0145 0.0704 -0.0424
-0.0144 0.0708 -0.0425
-0.0141 0.0712 -0.0424
-0.0139 0.0715 -0.0425
-0.0138 0.0718 -0.0425
-0.0136 0.0720 -0.0426
-0.0135 0.0721 -0.0427
-0.0133 0.0723 -0.0427
-0.0129 0.0726 -0.0428
-0.0128 0.0728 -0.0428
-0.0127 0.0729 -0.0429
-0.0126 0.0729 -0.0430
-0.0126 0.0729 -0.0431
-0.0125 0.0728 -0.0432
-0.0125 0.0726 -0.0431
-0.0125 0.0725 -0.0432
-0.0125 0.0725 -0.0433
-0.0125 0.0725 -0.0435
-0.0125 0.0725 -0.0436
-0.0124 0.0726 -0.0437
-0.0118 0.0728 -0.0438
-0.0116 0.0729 -0.0439
-0.0116 0.0729 -0.0440
-0.0115 0.0729 -0.0440
-0.0115 0.0728 -0.0441
-0.0114 0.0729 -0.0441
-0.0109 0.0732 -0.0442
-0.0108 0.0734 -0.0442
-0.0108 0.0734 -0.0442
-0.0108 0.0735 -0.0443
-0.0108 0.0736 -0.0443
-0.0108 0.0738 -0.0444
-0.0104 0.0742 -0.0447
-0.0104 0.0744 -0.0448
-0.0105 0.0745 -0.0449
-0.0106 0.0747 -0.0450
-0.0107 0.0748 -0.0450
-0.0107 0.0750 -0.0452
-0.0104 0.0753 -0.0454
-0.0103 0.0755 -0.0455
-0.0104 0.0756 -0.0455
-0.0104 0.0757 -0.0456
-0.0105 0.0757 -0.0456
-0.0103 0.0758 -0.0456
-0.0095 0.0762 -0.0457
-0.0093 0.0762 -0.0456
-0.0093 0.0762 -0.0456
-0.0094 0.0762 -0.0456
-0.0094 0.0762 -0.0455
-0.0095 0.0761 -0.0455
-0.0096 0.0762 -0.0455
-0.0096 0.0763 -0.0455
-0.0093 0.0765 -0.0455
-0.0093 0.0766 -0.0456
-0.0094 0.0767 -0.0456
-0.0095 0.0768 -0.0456
-0.0097 0.0768 -0.0456
-0.0097 0.0768 -0.0457
-0.0093 0.0768 -0.0459
-0.0093 0.0768 -0.0459
-0.0094 0.0768 -0.0459
-0.0095 0.0767 -0.0459
-0.0098 0.0767 -0.0459
-0.0098 0.0767 -0.0459
-0.0096 0.0767 -0.0460
-0.0096 0.0766 -0.0459
-0.0098 0.0765 -0.0459
-0.0100 0.0765 -0.0458
-0.0102 0.0765 -0.0457
-0.0102 0.0764 -0.0457
-0.0098 0.0765 -0.0457
-0.0098 0.0765 -0.0457
-0.0099 0.0765 -0.0456
-0.0101 0.0765 -0.0455
-0.0102 0.0765 -0.0454
-0.0102 0.0764 -0.0453
-0.0096 0.0762 -0.0453
-0.0095 0.0762 -0.0453
-0.0096 0.0761 -0.0452
-0.0096 0.0761 -0.0451
-0.0097 0.0761 -0.0450
-0.0098 0.0760 -0.0449
-0.0091 0.0760 -0.0449
-0.0089 0.0760 -0.0448
-0.0090 0.0760 -0.0447
-0.0090 0.0760 -0.0446
-0.0091 0.0760 -0.0445
-0.0092 0.0761 -0.0444
-0.0090 0.0761 -0.0442
-0.0089 0.0761 -0.0441
-0.0090 0.0762 -0.0440
-0.0091 0.0762 -0.0439
-0.0092 0.0763 -0.0438
-0.0092 0.0764 -0.0437
-0.0088 0.0764 -0.0436
-0.0087 0.0764 -0.0435
-0.0087 0.0764 -0.0433
-0.0087 0.0763 -0.0431
-0.0088 0.0763 -0.0430
-0.0089 0.0763 -0.0428
-0.0083 0.0762 -0.0426
-0.0081 0.0761 -0.0424
-0.0081 0.0760 -0.0422
-0.0082 0.0760 -0.0420
-0.0083 0.0760 -0.0419
-0.0078 0.0761 -0.0416
-0.0077 0.0761 -0.0415
-0.0078 0.0761 -0.0414
-0.0079 0.0761 -0.0413
-0.0079 0.0760 -0.0412
-0.0078 0.0760 -0.0410
-0.0074 0.0761 -0.0409
-0.0073 0.0760 -0.0407
-0.0073 0.0759 -0.0406
-0.0073 0.0758 -0.0405
-0.0074 0.0757 -0.0405
-0.0073 0.0757 -0.0403
-0.0068 0.0759 -0.0401
-0.0067 0.0758 -0.0400
-0.0067 0.0757 -0.0399
-0.0068 0.0756 -0.0398
-0.0069 0.0755 -0.0397
-0.0068 0.0755 -0.0397
-0.0067 0.0756 -0.0396
-0.0067 0.0756 -0.0396
-0.0069 0.0756 -0.0396
-0.0070 0.0755 -0.0396
-0.0072 0.0754 -0.0396
-0.0071 0.0755 -0.0396
-0.0068 0.0755 -0.0395
-0.0069 0.0754 -0.0395
-0.0070 0.0752 -0.0394
-0.0071 0.0750 -0.0393
-0.0072 0.0748 -0.0393
-0.0071 0.0747 -0.0392
-0.0068 0.0745 -0.0391
-0.0068 0.0744 -0.0391
-0.0068 0.0744 -0.0391
-0.0069 0.0745 -0.0391
-0.0070 0.0745 -0.0391
-0.0069 0.0747 -0.0391
-0.0067 0.0751 -0.0391
-0.0066 0.0752 -0.0390
-0.0066 0.0752 -0.0390
-0.0066 0.0753 -0.0390
-0.0066 0.0753 -0.0389
-0.0065 0.0754 -0.0390
-0.0063 0.0756 -0.0393
-0.0063 0.0757 -0.0393
-0.0063 0.0757 -0.0394
-0.0063 0.0758 -0.0394
-0.0063 0.0758 -0.0394
-0.0062 0.0756 -0.0394
-0.0061 0.0752 -0.0391
-0.0061 0.0750 -0.0390
-0.0061 0.0749 -0.0390
-0.0062 0.0748 -0.0390
-0.0062 0.0748 -0.0390
-0.0062 0.0749 -0.0391
-0.0060 0.0753 -0.0393
-0.0059 0.0754 -0.0394
-0.0059 0.0754 -0.0395
-0.0060 0.0754 -0.0395
-0.0060 0.0754 -0.0395
-0.0060 0.0754 -0.0396
-0.0059 0.0754 -0.0395
-0.0059 0.0754 -0.0395
-0.0060 0.0754 -0.0395
-0.0060 0.0753 -0.0395
-0.0062 0.0753 -0.0396
-0.0062 0.0752 -0.0395
-0.0059 0.0750 -0.0392
-0.0059 0.0749 -0.0391
-0.0060 0.0748 -0.0390
-0.0061 0.0747 -0.0390
-0.0062 0.0746 -0.0390
-0.0062 0.0746 -0.0390
-0.0060 0.0747 -0.0389
-0.0059 0.0747 -0.0389
-0.0060 0.0747 -0.0389
-0.0060 0.0747 -0.0389
-0.0061 0.0747 -0.0389
-0.0061 0.0747 -0.0390
-0.0058 0.0748 -0.0390
-0.0057 0.0748 -0.0390
-0.0056 0.0748 -0.0390
-0.0056 0.0748 -0.0390
-0.0056 0.0748 -0.0390
-0.0056 0.0748 -0.0390
-0.0053 0.0748 -0.0391
-0.0052 0.0748 -0.0391
-0.0051 0.0748 -0.0391
-0.0051 0.0748 -0.0391
-0.0051 0.0749 -0.0392
-0.0050 0.0750 -0.0393
-0.0048 0.0751 -0.0392
-0.0047 0.0752 -0.0392
-0.0047 0.0754 -0.0393
-0.0047 0.0755 -0.0393
-0.0047 0.0757 -0.0394
-0.0047 0.0757 -0.0394
-0.0045 0.0756 -0.0394
-0.0045 0.0756 -0.0393
-0.0045 0.0757 -0.0393
-0.0045 0.0757 -0.0393
-0.0045 0.0758 -0.0394
-0.0044 0.0761 -0.0395
-0.0044 0.0761 -0.0396
-0.0044 0.0762 -0.0396
-0.0045 0.0762 -0.0397
-0.0047 0.0763 -0.0397
-0.0047 0.0763 -0.0397
-0.0046 0.0761 -0.0398
-0.0047 0.0761 -0.0398
-0.0047 0.0760 -0.0398
-0.0048 0.0760 -0.0399
-0.0049 0.0760 -0.0399
-0.0049 0.0761 -0.0399
-0.0045 0.0764 -0.0401
-0.0044 0.0765 -0.0401
-0.0044 0.0765 -0.0401
-0.0044 0.0765 -0.0401
-0.0044 0.0765 -0.0401
-0.0044 0.0765 -0.0401
-0.0043 0.0767 -0.0402
-0.0042 0.0768 -0.0403
-0.0043 0.0768 -0.0403
-0.0043 0.0769 -0.0403
-0.0044 0.0769 -0.0403
-0.0044 0.0769 -0.0403
-0.0041 0.0771 -0.0404
-0.0041 0.0770 -0.0405
-0.0041 0.0770 -0.0405
-0.0041 0.0769 -0.0405
-0.0042 0.0769 -0.0405
-0.0042 0.0770 -0.0406
-0.0041 0.0771 -0.0406
-0.0042 0.0771 -0.0406
-0.0042 0.0771 -0.0407
-0.0043 0.0771 -0.0407
-0.0043 0.0771 -0.0407
-0.0043 0.0771 -0.0406
-0.0039 0.0771 -0.0406
-0.0038 0.0771 -0.0406
-0.0038 0.0771 -0.0406
-0.0038 0.0771 -0.0406
-0.0038 0.0772 -0.0406
-0.0038 0.0771 -0.0405
-0.0037 0.0771 -0.0405
-0.0037 0.0770 -0.0405
-0.0038 0.0770 -0.0405
-0.0038 0.0770 -0.0405
-0.0039 0.0770 -0.0405
-0.0039 0.0770 -0.0405
-0.0036 0.0771 -0.0405
-0.0035 0.0771 -0.0405
-0.0035 0.0770 -0.0405
-0.0035 0.0770 -0.0405
-0.0035 0.0770 -0.0404
-0.0035 0.0770 -0.0404
-0.0033 0.0770 -0.0403
-0.0033 0.0770 -0.0403
-0.0033 0.0770 -0.0402
-0.0033 0.0770 -0.0401
-0.0033 0.0770 -0.0400
-0.0033 0.0770 -0.0400
-0.0032 0.0771 -0.0401
-0.0032 0.0770 -0.0401
-0.0032 0.0769 -0.0400
-0.0033 0.0768 -0.0399
-0.0034 0.0767 -0.0398
-0.0033 0.0766 -0.0397
-0.0031 0.0764 -0.0398
-0.0031 0.0763 -0.0398
-0.0031 0.0762 -0.0398
-0.0031 0.0761 -0.0397
-0.0032 0.0760 -0.0397
-0.0032 0.0760 -0.0396
-0.0031 0.0761 -0.0397
-0.0031 0.0761 -0.0396
-0.0032 0.0761 -0.0395
-0.0033 0.0761 -0.0395
-0.0034 0.0762 -0.0394
-0.0034 0.0763 -0.0394
-0.0034 0.0763 -0.0395
-0.0034 0.0763 -0.0395
-0.0035 0.0764 -0.0395
-0.0036 0.0765 -0.0395
-0.0038 0.0765 -0.0394
-0.0039 0.0765 -0.0394
-0.0035 0.0764 -0.0396
-0.0035 0.0763 -0.0396
-0.0035 0.0761 -0.0396
-0.0036 0.0760 -0.0395
-0.0038 0.0759 -0.0395
-0.0038 0.0758 -0.0395
-0.0035 0.0759 -0.0395
-0.0035 0.0758 -0.0395
-0.0036 0.0758 -0.0395
-0.0037 0.0757 -0.0394
-0.0039 0.0757 -0.0393
-0.0040 0.0756 -0.0393
-0.0035 0.0757 -0.0392
-0.0035 0.0757 -0.0391
-0.0035 0.0757 -0.0391
-0.0036 0.0758 -0.0390
-0.0037 0.0758 -0.0389
-0.0037 0.0758 -0.0389
-0.0034 0.0758 -0.0388
-0.0033 0.0758 -0.0387
-0.0033 0.0758 -0.0387
-0.0033 0.0757 -0.0387
-0.0034 0.0756 -0.0386
-0.0034 0.0755 -0.0386
-0.0033 0.0755 -0.0386
-0.0033 0.0754 -0.0385
-0.0034 0.0753 -0.0385
-0.0035 0.0752 -0.0385
-0.0036 0.0752 -0.0385
-0.0036 0.0752 -0.0385
-0.0033 0.0753 -0.0386
-0.0032 0.0753 -0.0386
-0.0032 0.0753 -0.0386
-0.0032 0.0754 -0.0387
-0.0032 0.0754 -0.0387
-0.0032 0.0755 -0.0388
-0.0032 0.0756 -0.0389

