0.0000 0.0000 0.0000
0.0000 0.0000 0.0000
0.0000 0.0000 0.0000
0.0000 0.0000 0.0000
0.0000 0.0000 0.0000
0.0000 0.0000 0.0000
0.0000 0.0000 0.0000
0.0000 0.0000 0.0000
0.0000 0.0000 0.0000
0.0000 0.0000 0.0000
0.1652 -0.2515 -0.9287
0.1706 -0.2535 -0.8444
0.1517 -0.2942 -0.7566
0.0864 -0.3285 -0.7332
0.0864 -0.3285 -0.7332
0.0332 -0.3738 -0.7095
0.0099 -0.4275 -0.7622
0.0155 -0.4344 -0.7718
0.0326 -0.4504 -0.8059
0.0410 -0.4453 -0.7783
-0.0135 -0.4810 -0.8388
-0.0571 -0.4920 -0.7713
-0.1025 -0.5266 -0.7322
-0.1575 -0.5690 -0.7070
-0.1632 -0.5514 -0.6969
-0.1580 -0.5381 -0.7720
-0.1500 -0.5387 -0.8753
-0.1500 -0.5387 -0.8753
-0.1444 -0.5347 -0.8965
-0.2265 -0.5656 -0.7155
-0.2083 -0.5099 -0.9638
-0.2278 -0.5000 -0.9658
-0.2450 -0.4830 -0.9428
-0.2144 -0.5194 -0.9251
-0.2126 -0.4801 -0.8935
-0.1649 -0.4666 -0.8584
-0.1623 -0.4670 -0.8096
-0.1623 -0.4670 -0.8096
-0.2010 -0.5034 -0.8177
-0.3019 -0.4894 -0.7286
-0.3121 -0.4429 -0.9962
-0.3121 -0.4042 -1.0062
-0.3148 -0.3781 -1.1555
-0.3148 -0.3781 -1.1555
-0.2489 -0.3056 -1.0450
-0.2886 -0.3473 -0.8596
-0.2911 -0.3400 -0.7361
-0.2681 -0.3414 -0.8833
-0.2681 -0.3414 -0.8833
-0.2085 -0.3049 -1.0065
-0.0991 -0.2572 -0.9994
-0.0573 -0.2770 -0.8794
-0.0155 -0.3126 -0.8747
-0.0155 -0.3126 -0.8747
-0.0265 -0.3611 -0.8771
-0.0513 -0.3665 -0.8852
-0.0643 -0.3441 -0.9113
-0.0548 -0.3439 -0.9360
-0.0548 -0.3439 -0.9360
-0.1091 -0.3558 -0.9778
-0.1345 -0.3449 -1.0588
-0.0769 -0.3310 -1.0459
-0.0247 -0.2875 -1.0164
-0.0050 -0.2703 -1.0064
-0.0050 -0.2703 -1.0064
-0.0468 -0.2676 -1.0070
0.0084 -0.2594 -0.9042
0.0457 -0.2156 -0.9381
0.0633 -0.2792 -0.8519
0.0336 -0.2991 -0.8242
0.0336 -0.2991 -0.8242
0.0375 -0.2811 -0.8586
0.0369 -0.2551 -0.9124
0.0232 -0.2392 -0.9765
-0.0228 -0.2340 -0.9999
0.0193 -0.2457 -0.9832
0.0193 -0.2457 -0.9832
0.0400 -0.2376 -0.9491
0.0287 -0.2434 -0.9186
0.0012 -0.2667 -0.8730
-0.0200 -0.2877 -0.8151
-0.0473 -0.3111 -0.8099
-0.0473 -0.3111 -0.8099
-0.0757 -0.3241 -0.8657
-0.0807 -0.3069 -0.8597
-0.0621 -0.2987 -0.8510
-0.0260 -0.3116 -0.8764
-0.0260 -0.3116 -0.8764
-0.0096 -0.3213 -0.9098
-0.0069 -0.3450 -0.9377
0.0125 -0.3419 -0.9045
0.0052 -0.3374 -0.8740
0.0181 -0.3392 -0.8818
0.0181 -0.3392 -0.8818
0.0181 -0.3317 -0.8962
0.0174 -0.3366 -0.8976
0.0203 -0.3318 -0.8821
0.0411 -0.3078 -0.9391
0.0720 -0.3449 -0.8969
0.0720 -0.3449 -0.8969
0.0461 -0.3568 -0.9087
0.0434 -0.3564 -0.9223
0.0551 -0.3550 -0.9330
0.0461 -0.3303 -0.9369
0.0414 -0.3431 -0.9531
0.0414 -0.3431 -0.9531
0.0378 -0.3342 -0.9431
0.0337 -0.3252 -0.9402
0.0255 -0.3259 -0.9530
0.0228 -0.3197 -0.9484
0.0175 -0.3510 -0.9392
0.0175 -0.3510 -0.9392
0.0286 -0.3557 -0.9340
0.0263 -0.3447 -0.9275
0.0289 -0.3373 -0.9277
0.0361 -0.3220 -0.9412
0.0361 -0.3220 -0.9412
0.0359 -0.3190 -0.9421
0.0317 -0.3107 -0.9236
0.0249 -0.3076 -0.9122
0.0233 -0.3064 -0.9270
0.0264 -0.3102 -0.9417
0.0264 -0.3102 -0.9417
0.0260 -0.3077 -0.9395
0.0155 -0.3088 -0.9255
0.0084 -0.3180 -0.9209
0.0014 -0.3129 -0.9205
0.0082 -0.3167 -0.9236
0.0082 -0.3167 -0.9236
0.0061 -0.3200 -0.9315
0.0074 -0.3285 -0.9283
0.0175 -0.3257 -0.9254
0.0155 -0.3234 -0.9325
0.0138 -0.3214 -0.9398
0.0138 -0.3214 -0.9398
0.0238 -0.3168 -0.9468
0.0299 -0.3227 -0.9432
0.0284 -0.3303 -0.9402
0.0325 -0.3352 -0.9440
0.0325 -0.3352 -0.9440
0.0294 -0.3222 -0.9519
0.0253 -0.3255 -0.9537
0.0279 -0.3231 -0.9384
0.0297 -0.3289 -0.9440
0.0240 -0.3246 -0.9440
0.0240 -0.3246 -0.9440
0.0238 -0.3173 -0.9535
0.0222 -0.3150 -0.9600
0.0212 -0.2959 -0.9644
0.0194 -0.2829 -1.0079
0.0046 -0.2611 -1.0694
0.0046 -0.2611 -1.0694
0.0052 -0.2318 -1.1380
-0.0067 -0.2064 -1.2456
-0.0064 -0.2445 -1.3547
0.0207 -0.2999 -1.3262
0.0538 -0.2933 -1.1135
0.0538 -0.2933 -1.1135
0.0214 -0.3487 -0.8907
-0.0086 -0.3925 -0.7051
-0.0131 -0.4268 -0.6344
-0.0007 -0.4490 -0.6105
0.0121 -0.4394 -0.6263
0.0121 -0.4394 -0.6263
0.0326 -0.4344 -0.6416
0.0288 -0.4339 -0.6797
0.0282 -0.4273 -0.6704
0.0222 -0.4137 -0.6965
0.0222 -0.4137 -0.6965
0.0221 -0.4097 -0.7676
0.0115 -0.3948 -0.8424
0.0235 -0.3734 -0.8822
0.0287 -0.3629 -0.9342
0.0202 -0.3827 -0.9477
0.0202 -0.3827 -0.9477
0.0134 -0.3998 -0.9264
0.0130 -0.4007 -0.9037
0.0187 -0.4138 -0.8870
0.0085 -0.4243 -0.8789
0.0012 -0.4212 -0.9074
0.0012 -0.4212 -0.9074
0.0181 -0.4193 -0.9320
0.0094 -0.4059 -0.9047
0.0045 -0.4012 -0.8884
-0.0029 -0.4023 -0.9213
-0.0001 -0.4034 -0.9359
-0.0001 -0.4034 -0.9359
-0.0032 -0.3931 -0.9219
-0.0040 -0.3984 -0.9127
-0.0054 -0.4051 -0.9037
-0.0118 -0.4014 -0.9005
-0.0167 -0.3990 -0.9085
-0.0167 -0.3990 -0.9085
-0.0080 -0.4144 -0.9113
-0.0020 -0.4077 -0.8995
-0.0015 -0.4146 -0.8862
-0.0095 -0.4169 -0.8875
-0.0095 -0.4169 -0.8875
-0.0155 -0.4189 -0.8859
0.0027 -0.4258 -0.8832
0.0042 -0.4297 -0.8747
-0.0079 -0.4340 -0.8779
-0.0128 -0.4244 -0.8817
-0.0128 -0.4244 -0.8817
-0.0144 -0.4179 -0.8858
-0.0118 -0.4273 -0.8713
-0.0092 -0.4304 -0.8693
-0.0080 -0.4335 -0.8821
-0.0044 -0.4326 -0.8804
-0.0044 -0.4326 -0.8804
-0.0054 -0.4274 -0.8949
-0.0058 -0.4221 -0.9180
-0.0032 -0.4291 -0.9218
-0.0022 -0.4235 -0.8999
-0.0073 -0.4314 -0.9018
-0.0073 -0.4314 -0.9018
-0.0066 -0.4286 -0.8983
-0.0123 -0.4346 -0.8943
-0.0080 -0.4284 -0.8812
-0.0110 -0.4308 -0.8751
-0.0110 -0.4308 -0.8751
-0.0088 -0.4313 -0.8859
-0.0118 -0.4302 -0.8889
-0.0063 -0.4339 -0.8779
-0.0055 -0.4312 -0.8709
-0.0022 -0.4355 -0.8611
-0.0022 -0.4355 -0.8611
-0.0030 -0.4454 -0.8517
0.0025 -0.4518 -0.8497
0.0075 -0.4629 -0.8400
0.0012 -0.4788 -0.7944
0.0151 -0.4963 -0.7338
0.0151 -0.4963 -0.7338
0.0184 -0.4898 -0.6393
-0.0001 -0.4978 -0.5873
-0.0024 -0.5298 -0.5733
0.0004 -0.5007 -0.5618
-0.0098 -0.4972 -0.6771
-0.0098 -0.4972 -0.6771
-0.0432 -0.5660 -0.8205
-0.0437 -0.5436 -0.9674
-0.0235 -0.5177 -1.0105
-0.0049 -0.5063 -1.0118
-0.0133 -0.5378 -0.9873
-0.0133 -0.5378 -0.9873
-0.0317 -0.5339 -0.9851
-0.0386 -0.5508 -0.9674
-0.0228 -0.5583 -0.9179
-0.0139 -0.5498 -0.8620
-0.0139 -0.5498 -0.8620
-0.0286 -0.5562 -0.8425
-0.0234 -0.5495 -0.8639
-0.0104 -0.5475 -0.8526
-0.0182 -0.5398 -0.8446
-0.0182 -0.5398 -0.8446
-0.0228 -0.5342 -0.8309
-0.0211 -0.5241 -0.8206
-0.0181 -0.5276 -0.8338
-0.0182 -0.5105 -0.7983
-0.0151 -0.5034 -0.7700
-0.0151 -0.5034 -0.7700
-0.0175 -0.4794 -0.7461
-0.0265 -0.4841 -0.7458
-0.0264 -0.4811 -0.7080
-0.0259 -0.4573 -0.6203
-0.0277 -0.4323 -0.6040
-0.0277 -0.4323 -0.6040
-0.0052 -0.4013 -0.6154
-0.0057 -0.4176 -0.5970
-0.0228 -0.3933 -0.5966
-0.0392 -0.4161 -0.6085
-0.0383 -0.4164 -0.6710
-0.0383 -0.4164 -0.6710
-0.0468 -0.4574 -0.8186
-0.0297 -0.4807 -0.8623
-0.0092 -0.4574 -1.0496
-0.0052 -0.4943 -1.2285
-0.0052 -0.4943 -1.2285
-0.0069 -0.4440 -1.2524
-0.0176 -0.4051 -1.2617
-0.0083 -0.3861 -1.2369
-0.0030 -0.3566 -1.1307
-0.0015 -0.3606 -1.0568
-0.0015 -0.3606 -1.0568
-0.0103 -0.3579 -1.0271
-0.0053 -0.3488 -1.0407
0.0074 -0.3376 -1.0569
-0.0053 -0.3004 -1.0159
-0.0132 -0.2839 -0.9876
-0.0132 -0.2839 -0.9876
-0.0007 -0.2845 -0.9796
0.0047 -0.2719 -0.9939
0.0164 -0.2640 -1.0135
0.0179 -0.2486 -0.9803
-0.0010 -0.2365 -0.9631
-0.0010 -0.2365 -0.9631
0.0027 -0.2402 -0.9570
0.0048 -0.2376 -0.9532
0.0018 -0.2395 -0.9528
0.0036 -0.2473 -0.9448
0.0005 -0.2433 -0.9276
0.0005 -0.2433 -0.9276
0.0030 -0.2475 -0.9267
-0.0002 -0.2488 -0.9312
0.0004 -0.2460 -0.9349
0.0050 -0.2450 -0.9434
0.0050 -0.2450 -0.9434
-0.0030 -0.2552 -0.9406
-0.0094 -0.2465 -0.9447
-0.0059 -0.2517 -0.9633
0.0022 -0.2543 -0.9775
0.0045 -0.2533 -0.9932
0.0045 -0.2533 -0.9932
-0.0052 -0.2589 -0.9913
-0.0108 -0.2635 -0.9834
-0.0132 -0.2660 -0.9747
-0.0114 -0.2634 -1.0137
-0.0072 -0.2511 -1.1306
-0.0072 -0.2511 -1.1306
-0.0035 -0.2242 -1.3694
-0.0118 -0.2300 -1.6894
-0.0372 -0.2664 -1.9508
-0.0025 -0.2828 -1.9163
0.0207 -0.2304 -1.5558
0.0207 -0.2304 -1.5558
0.0274 -0.2282 -1.1111
0.0162 -0.2790 -0.8298
0.0146 -0.3772 -0.5933
-0.0252 -0.4161 -0.4170
-0.0238 -0.4256 -0.3218
-0.0238 -0.4256 -0.3218
-0.0069 -0.4548 -0.3550
0.0015 -0.4621 -0.4619
0.0060 -0.5065 -0.6034
0.0311 -0.5127 -0.6819
0.0311 -0.5127 -0.6819
0.0574 -0.4982 -0.6759
0.0749 -0.4939 -0.6426
0.0953 -0.5084 -0.6180
0.1032 -0.5017 -0.6216
0.1012 -0.5138 -0.6559
0.1012 -0.5138 -0.6559
0.1155 -0.5227 -0.6503
0.1558 -0.5548 -0.6007
0.1845 -0.5591 -0.5735
0.1826 -0.5539 -0.6347
0.1973 -0.5746 -0.7150
0.1973 -0.5746 -0.7150
0.2156 -0.5868 -0.7348
0.2588 -0.5974 -0.6801
0.2575 -0.6048 -0.6764
0.2435 -0.6149 -0.7003
0.2459 -0.6141 -0.7058
0.2459 -0.6141 -0.7058
0.2269 -0.6012 -0.7204
0.2302 -0.6058 -0.7517
0.1568 -0.5977 -0.6987
0.1568 -0.5977 -0.6987
0.1164 -0.6065 -0.7252
0.1283 -0.6011 -0.7520
0.1505 -0.6028 -0.7584
0.1262 -0.6116 -0.7928
0.1262 -0.6116 -0.7928
0.1169 -0.6105 -0.7861
0.1115 -0.6169 -0.7677
0.1331 -0.6305 -0.7871
0.1565 -0.6240 -0.7934
0.1478 -0.6097 -0.7819
0.1478 -0.6097 -0.7819
0.1476 -0.6189 -0.7699
0.1590 -0.6231 -0.7562
0.1822 -0.6201 -0.7682
0.1988 -0.6213 -0.7787
0.1990 -0.6198 -0.7605
0.1990 -0.6198 -0.7605
0.1976 -0.6124 -0.7487
0.2091 -0.5953 -0.7434
0.1981 -0.5937 -0.7598
0.1864 -0.5945 -0.7497
0.1794 -0.5896 -0.7534
0.1794 -0.5896 -0.7534
0.1779 -0.6024 -0.7637
0.1689 -0.6000 -0.7585
0.1555 -0.6056 -0.7509
0.1450 -0.6082 -0.7518
0.1450 -0.6143 -0.7558
0.1450 -0.6143 -0.7558
0.1458 -0.6076 -0.7789
0.1389 -0.6070 -0.7952
0.1290 -0.6024 -0.7842
0.1324 -0.6079 -0.7662
0.1324 -0.6079 -0.7662
0.1393 -0.6074 -0.7737
0.1380 -0.6069 -0.7810
0.1357 -0.5910 -0.7717
0.1286 -0.5914 -0.7840
0.1094 -0.5764 -0.7598
0.1094 -0.5764 -0.7598
0.0824 -0.5518 -0.7519
0.0394 -0.5454 -0.7509
0.0098 -0.5495 -0.7362
0.0163 -0.5111 -0.7227
0.0054 -0.4836 -0.7118
0.0054 -0.4836 -0.7118
-0.0305 -0.4861 -0.7644
-0.0620 -0.4966 -0.8161
-0.0553 -0.4875 -0.8573
-0.0375 -0.4857 -0.8632
-0.0089 -0.5000 -0.8442
-0.0089 -0.5000 -0.8442
0.0098 -0.5258 -0.8522
0.0327 -0.5254 -0.8528
0.0480 -0.5379 -0.8723
0.0635 -0.5261 -0.8651
0.0594 -0.5163 -0.8831
0.0594 -0.5163 -0.8831
0.0734 -0.5225 -0.8853
0.0678 -0.5245 -0.8743
0.0633 -0.5135 -0.8490
0.0443 -0.5099 -0.8557
0.0443 -0.5099 -0.8557
0.0373 -0.5046 -0.8772
0.0349 -0.4875 -0.8975
0.0316 -0.4739 -0.9127
0.0431 -0.4670 -0.9053
0.0441 -0.4547 -0.8978
0.0441 -0.4547 -0.8978
0.0431 -0.4502 -0.8987
0.0379 -0.4503 -0.9038
0.0329 -0.4542 -0.9147
0.0452 -0.4536 -0.8982
0.0414 -0.4545 -0.8850
0.0414 -0.4545 -0.8850
0.0268 -0.4510 -0.8774
0.0161 -0.4579 -0.8818
0.0260 -0.4590 -0.8783
0.0278 -0.4548 -0.8691
0.0266 -0.4570 -0.8782
0.0266 -0.4570 -0.8782
0.0327 -0.4567 -0.8753
0.0311 -0.4544 -0.8743
0.0309 -0.4616 -0.8694
0.0313 -0.4609 -0.8587
0.0313 -0.4609 -0.8587
0.0301 -0.4638 -0.8605
0.0393 -0.4580 -0.8703
0.0372 -0.4512 -0.8788
0.0352 -0.4597 -0.8795
0.0326 -0.4645 -0.8611
0.0326 -0.4645 -0.8611
0.0305 -0.4600 -0.8689
0.0248 -0.4485 -0.8845
0.0168 -0.4555 -0.8735
0.0125 -0.4559 -0.8645
0.0125 -0.4559 -0.8645
0.0158 -0.4572 -0.8627
0.0132 -0.4562 -0.8662
0.0119 -0.4604 -0.8682
0.0123 -0.4521 -0.8762
0.0120 -0.4525 -0.8806
0.0120 -0.4525 -0.8806
0.0065 -0.4505 -0.8561
0.0047 -0.4586 -0.8509
0.0037 -0.4645 -0.8615
0.0090 -0.4514 -0.8751
0.0099 -0.4604 -0.8904
0.0099 -0.4604 -0.8904
0.0137 -0.4564 -0.8726
0.0094 -0.4637 -0.8600
0.0087 -0.4693 -0.8606
0.0093 -0.4626 -0.8606
0.0093 -0.4626 -0.8606
0.0066 -0.4638 -0.8778
0.0096 -0.4541 -0.8837
0.0049 -0.4575 -0.8746
0.0019 -0.4598 -0.8717
0.0020 -0.4551 -0.8663
0.0020 -0.4551 -0.8663
0.0023 -0.4566 -0.8665
0.0025 -0.4534 -0.8765
0.0045 -0.4510 -0.8907
0.0081 -0.4543 -0.8724
0.0006 -0.4617 -0.8533
0.0006 -0.4617 -0.8533
-0.0027 -0.4596 -0.8583
0.0017 -0.4614 -0.8592
-0.0005 -0.4587 -0.8553
-0.0019 -0.4597 -0.8635
0.0015 -0.4677 -0.8688
0.0015 -0.4677 -0.8688
-0.0155 -0.4605 -0.8750
-0.0261 -0.4539 -0.8880
-0.0414 -0.4459 -0.8816
-0.0567 -0.4441 -0.8813
-0.0668 -0.4499 -0.8853
-0.0668 -0.4499 -0.8853
-0.0712 -0.4429 -0.8812
-0.0860 -0.4442 -0.8811
-0.0916 -0.4459 -0.8815
-0.0940 -0.4399 -0.8754
-0.0940 -0.4399 -0.8754
-0.1120 -0.4349 -0.8827
-0.1163 -0.4311 -0.8736
-0.1324 -0.4302 -0.8852
-0.1447 -0.4346 -0.8890
-0.1573 -0.4299 -0.8957
-0.1573 -0.4299 -0.8957
-0.1585 -0.4310 -0.8846
-0.1648 -0.4533 -0.8768
-0.1762 -0.4682 -0.8385
-0.1904 -0.4812 -0.7843
-0.2215 -0.4965 -0.7633
-0.2215 -0.4965 -0.7633
-0.2331 -0.5052 -0.8026
-0.2173 -0.5076 -0.8406
-0.2054 -0.5044 -0.8550
-0.2033 -0.5053 -0.8653
-0.2008 -0.5086 -0.8660
-0.2008 -0.5086 -0.8660
-0.1876 -0.5007 -0.8772
-0.1740 -0.5047 -0.8663
-0.1515 -0.5098 -0.8501
-0.1280 -0.5136 -0.7984
-0.1216 -0.5310 -0.7788
-0.1216 -0.5310 -0.7788
-0.1259 -0.5504 -0.7820
-0.1344 -0.5641 -0.8002
-0.1503 -0.5641 -0.8003
-0.1730 -0.5633 -0.8058
-0.1730 -0.5633 -0.8058
-0.1897 -0.5726 -0.7980
-0.2161 -0.5772 -0.7993
-0.2393 -0.5857 -0.7966
-0.2480 -0.5791 -0.7771
-0.2539 -0.5875 -0.7612
-0.2539 -0.5875 -0.7612
-0.2544 -0.5891 -0.7585
-0.2255 -0.5886 -0.7673
-0.2091 -0.5878 -0.7389
-0.2171 -0.5940 -0.7112
-0.2231 -0.5991 -0.7000
-0.2231 -0.5991 -0.7000
-0.2090 -0.6151 -0.6837
-0.1954 -0.6344 -0.6616
-0.1712 -0.6544 -0.6498
-0.1293 -0.7251 -0.6537
-0.1293 -0.7251 -0.6537
-0.1013 -0.7428 -0.6571
-0.0593 -0.7802 -0.6884
-0.0237 -0.7824 -0.6963
-0.0260 -0.7404 -0.6908
-0.0576 -0.6990 -0.6720
-0.0620 -0.6673 -0.6904
-0.0610 -0.6441 -0.6851
-0.0471 -0.6140 -0.6795
-0.0470 -0.5954 -0.6956
-0.0470 -0.5954 -0.6956
-0.0621 -0.5835 -0.7335
-0.0648 -0.5772 -0.7698
-0.0660 -0.5513 -0.8061
-0.0706 -0.5344 -0.8526
-0.0611 -0.5245 -0.8762
-0.0611 -0.5245 -0.8762
-0.0747 -0.4878 -0.8843
-0.1177 -0.4780 -0.9585
-0.1043 -0.4511 -0.9818
-0.0928 -0.4340 -0.9594
-0.0867 -0.4308 -0.9257
-0.0867 -0.4308 -0.9257
-0.0937 -0.4243 -0.8889
-0.1197 -0.4474 -0.9064
-0.1050 -0.4459 -0.9490
-0.0734 -0.4174 -0.9340
-0.0524 -0.4166 -0.9158
-0.0524 -0.4166 -0.9158
-0.0542 -0.4214 -0.8732
-0.0963 -0.4306 -0.9080
-0.0858 -0.4294 -0.9470
-0.0554 -0.4057 -0.9103
-0.0365 -0.4101 -0.8871
-0.0324 -0.4185 -0.8921
-0.0679 -0.4267 -0.8976
-0.0856 -0.4191 -0.9105
-0.0785 -0.4219 -0.8986
-0.0785 -0.4219 -0.8986
-0.0762 -0.4245 -0.8830
-0.0846 -0.4348 -0.8874
-0.0981 -0.4339 -0.8717
-0.0881 -0.4243 -0.8697
-0.0755 -0.4230 -0.8751
-0.0755 -0.4230 -0.8751
-0.0790 -0.4299 -0.8847
-0.0641 -0.4324 -0.8733
-0.0587 -0.4442 -0.8477
-0.0523 -0.4498 -0.8386
-0.0504 -0.4567 -0.8536
-0.0504 -0.4567 -0.8536
-0.0392 -0.4576 -0.8771
-0.0219 -0.4564 -0.8878
-0.0155 -0.4509 -0.9070
-0.0085 -0.4436 -0.9171
-0.0067 -0.4413 -0.9019
-0.0067 -0.4413 -0.9019
-0.0075 -0.4429 -0.8738
-0.0075 -0.4404 -0.8734
0.0041 -0.4437 -0.8903
0.0194 -0.4370 -0.8907
0.0194 -0.4370 -0.8907
0.0242 -0.4372 -0.8772
0.0279 -0.4401 -0.8824
0.0276 -0.4343 -0.8625
0.0276 -0.4318 -0.8410
0.0288 -0.4350 -0.8420
0.0288 -0.4350 -0.8420
0.0318 -0.4299 -0.8564
0.0334 -0.4255 -0.8938
0.0249 -0.4220 -0.9161
0.0173 -0.4177 -0.9137
0.0092 -0.4158 -0.8975
0.0092 -0.4158 -0.8975
0.0127 -0.4175 -0.8871
0.0135 -0.4257 -0.8624
0.0224 -0.4366 -0.8840
0.0444 -0.4276 -0.9031
0.0406 -0.4228 -0.8918
0.0406 -0.4228 -0.8918
0.0334 -0.4199 -0.8844
0.0391 -0.4197 -0.8714
0.0472 -0.4288 -0.8919
0.0455 -0.4215 -0.8934
0.0455 -0.4215 -0.8934
0.0544 -0.4086 -0.9100
0.0446 -0.3988 -0.9207
0.0458 -0.4017 -0.9010
0.0447 -0.4049 -0.8857
0.0410 -0.4049 -0.8970
0.0410 -0.4049 -0.8970
0.0432 -0.4024 -0.8991
0.0431 -0.4007 -0.8999
0.0424 -0.3933 -0.9086
0.0439 -0.3877 -0.9102
0.0399 -0.3883 -0.9088
0.0399 -0.3883 -0.9088
0.0384 -0.3923 -0.9072
0.0350 -0.4003 -0.9068
0.0351 -0.3914 -0.9006
0.0396 -0.3892 -0.9040
0.0340 -0.3970 -0.8927
0.0340 -0.3970 -0.8927
0.0322 -0.4014 -0.8905
0.0365 -0.4007 -0.9069
0.0387 -0.4003 -0.9053
0.0241 -0.4021 -0.8860
0.0241 -0.4021 -0.8860
0.0316 -0.4019 -0.8930
0.0461 -0.4061 -0.8950
0.0409 -0.4028 -0.8951
0.0404 -0.4073 -0.9023
0.0480 -0.3935 -0.9063
0.0480 -0.3935 -0.9063
0.0365 -0.3938 -0.9048
0.0276 -0.3908 -0.8857
0.0229 -0.3897 -0.8822
0.0301 -0.4057 -0.8992
0.0301 -0.4057 -0.8992
0.0358 -0.4052 -0.8885
0.0331 -0.4012 -0.8890
0.0358 -0.4087 -0.8938
0.0381 -0.4020 -0.8990
0.0314 -0.4026 -0.9020
0.0314 -0.4026 -0.9020
0.0343 -0.3982 -0.9143
0.0284 -0.3978 -0.9058
0.0217 -0.4017 -0.8959
0.0117 -0.3979 -0.8921
0.0181 -0.3959 -0.8926
0.0181 -0.3959 -0.8926
0.0178 -0.3941 -0.8991
0.0247 -0.3982 -0.9138
0.0289 -0.3964 -0.8998
0.0240 -0.4003 -0.9009
0.0263 -0.4027 -0.8941
0.0263 -0.4027 -0.8941
0.0288 -0.3985 -0.8922
0.0334 -0.3993 -0.8967
0.0299 -0.3985 -0.8946
0.0344 -0.4083 -0.8959
0.0279 -0.4042 -0.8996
0.0279 -0.4042 -0.8996
0.0277 -0.4047 -0.8993
0.0289 -0.4021 -0.8945
0.0321 -0.3977 -0.8959
0.0343 -0.4007 -0.9065
0.0343 -0.4007 -0.9065
0.0309 -0.3918 -0.9002
0.0317 -0.3945 -0.9035
0.0290 -0.3923 -0.9116
0.0303 -0.3924 -0.9113
0.0282 -0.3928 -0.8895
0.0282 -0.3928 -0.8895
0.0257 -0.3909 -0.8925
0.0264 -0.3983 -0.8741
0.0286 -0.4067 -0.8854
0.0293 -0.3993 -0.8900
0.0180 -0.4028 -0.9131
0.0180 -0.4028 -0.9131
0.0108 -0.3940 -0.9269

