-0.0005 0.0250 -0.0452
-0.0007 0.0249 -0.0451
-0.0011 0.0245 -0.0448
-0.0017 0.0241 -0.0442
-0.0020 0.0239 -0.0440
-0.0023 0.0238 -0.0440
-0.0024 0.0237 -0.0439
-0.0025 0.0236 -0.0438
-0.0026 0.0235 -0.0438
-0.0023 0.0235 -0.0436
-0.0022 0.0235 -0.0435
-0.0022 0.0235 -0.0435
-0.0022 0.0236 -0.0435
-0.0022 0.0237 -0.0436
-0.0023 0.0239 -0.0434
-0.0026 0.0242 -0.0427
-0.0027 0.0243 -0.0425
-0.0027 0.0243 -0.0424
-0.0025 0.0244 -0.0424
-0.0024 0.0244 -0.0424
-0.0022 0.0243 -0.0424
-0.0025 0.0244 -0.0418
-0.0025 0.0243 -0.0415
-0.0024 0.0242 -0.0415
-0.0022 0.0241 -0.0414
-0.0021 0.0239 -0.0414
-0.0019 0.0237 -0.0414
-0.0022 0.0233 -0.0406
-0.0022 0.0231 -0.0403
-0.0021 0.0228 -0.0402
-0.0020 0.0225 -0.0401
-0.0019 0.0223 -0.0401
-0.0018 0.0221 -0.0401
-0.0016 0.0220 -0.0398
-0.0015 0.0218 -0.0397
-0.0013 0.0217 -0.0396
-0.0012 0.0217 -0.0397
-0.0011 0.0217 -0.0397
-0.0010 0.0217 -0.0398
-0.0008 0.0221 -0.0394
-0.0007 0.0222 -0.0393
-0.0005 0.0223 -0.0393
-0.0004 0.0223 -0.0394
-0.0003 0.0222 -0.0395
-0.0002 0.0221 -0.0396
-0.0001 0.0223 -0.0391
0.0000 0.0223 -0.0390
0.0001 0.0222 -0.0390
0.0000 0.0221 -0.0391
-0.0001 0.0220 -0.0392
-0.0001 0.0219 -0.0393
-0.0001 0.0217 -0.0388
-0.0001 0.0216 -0.0388
-0.0001 0.0215 -0.0388
-0.0002 0.0213 -0.0389
-0.0002 0.0212 -0.0391
-0.0005 0.0211 -0.0395
-0.0002 0.0214 -0.0389
-0.0002 0.0215 -0.0389
-0.0002 0.0214 -0.0390
-0.0003 0.0214 -0.0393
-0.0005 0.0212 -0.0398
0.0002 0.0212 -0.0395
0.0002 0.0212 -0.0395
0.0004 0.0211 -0.0397
0.0004 0.0210 -0.0399
0.0003 0.0210 -0.0401
0.0002 0.0209 -0.0403
0.0001 0.0209 -0.0406
-0.0001 0.0208 -0.0408
-0.0003 0.0208 -0.0410
-0.0005 0.0208 -0.0412
-0.0007 0.0209 -0.0415
-0.0010 0.0210 -0.0417
-0.0013 0.0211 -0.0420
-0.0015 0.0214 -0.0421
-0.0017 0.0215 -0.0423
-0.0020 0.0217 -0.0426
-0.0022 0.0218 -0.0429
-0.0024 0.0219 -0.0432
-0.0022 0.0224 -0.0433
-0.0021 0.0226 -0.0436
-0.0021 0.0228 -0.0440
-0.0021 0.0228 -0.0443
-0.0022 0.0230 -0.0450
-0.0018 0.0230 -0.0454
-0.0016 0.0233 -0.0460
-0.0015 0.0236 -0.0465
-0.0014 0.0238 -0.0469
-0.0013 0.0239 -0.0473
-0.0011 0.0241 -0.0474
-0.0008 0.0245 -0.0472
-0.0006 0.0247 -0.0473
-0.0004 0.0247 -0.0475
-0.0003 0.0247 -0.0477
-0.0001 0.0247 -0.0480
0.0000 0.0249 -0.0482
0.0000 0.0251 -0.0482
0.0001 0.0252 -0.0483
0.0003 0.0251 -0.0486
0.0004 0.0250 -0.0488
0.0005 0.0248 -0.0491
0.0005 0.0245 -0.0493
0.0007 0.0243 -0.0491
0.0008 0.0240 -0.0492
0.0008 0.0236 -0.0494
0.0007 0.0232 -0.0497
0.0005 0.0227 -0.0499
0.0003 0.0221 -0.0501
0.0001 0.0215 -0.0502
-0.0006 0.0207 -0.0503
-0.0015 0.0198 -0.0504
-0.0027 0.0189 -0.0505
-0.0043 0.0178 -0.0507
-0.0062 0.0167 -0.0508
-0.0083 0.0157 -0.0512
-0.0109 0.0143 -0.0515
-0.0139 0.0128 -0.0519
-0.0173 0.0110 -0.0524
-0.0212 0.0091 -0.0531
-0.0254 0.0072 -0.0540
-0.0302 0.0052 -0.0551
-0.0354 0.0033 -0.0563
-0.0411 0.0015 -0.0574
-0.0474 -0.0002 -0.0586
-0.0540 -0.0015 -0.0598
-0.0610 -0.0024 -0.0614
-0.0675 -0.0030 -0.0623
-0.0744 -0.0025 -0.0642
-0.0814 -0.0013 -0.0666
-0.0884 0.0005 -0.0692
-0.0956 0.0024 -0.0719
-0.1029 0.0041 -0.0745
-0.1105 0.0052 -0.0770
-0.1186 0.0069 -0.0799
-0.1273 0.0086 -0.0829
-0.1365 0.0101 -0.0862
-0.1464 0.0113 -0.0897
-0.1570 0.0122 -0.0934
-0.1683 0.0129 -0.0974
-0.1803 0.0129 -0.1016
-0.1930 0.0125 -0.1061
-0.2064 0.0117 -0.1109
-0.2204 0.0106 -0.1161
-0.2351 0.0091 -0.1217
-0.2503 0.0074 -0.1278
-0.2660 0.0055 -0.1342
-0.2822 0.0036 -0.1411
-0.2988 0.0016 -0.1483
-0.3157 -0.0004 -0.1559
-0.3330 -0.0021 -0.1640
-0.3506 -0.0037 -0.1724
-0.3685 -0.0051 -0.1811
-0.3869 -0.0064 -0.1898
-0.4055 -0.0075 -0.1988
-0.4243 -0.0083 -0.2079
-0.4429 -0.0086 -0.2174
-0.4613 -0.0083 -0.2273
-0.4793 -0.0072 -0.2375
-0.4968 -0.0055 -0.2478
-0.5138 -0.0033 -0.2583
-0.5303 -0.0006 -0.2689
-0.5461 0.0024 -0.2797
-0.5613 0.0056 -0.2907
-0.5759 0.0087 -0.3019
-0.5901 0.0116 -0.3131
-0.6039 0.0138 -0.3242
-0.6176 0.0152 -0.3352
-0.6311 0.0156 -0.3459
-0.6446 0.0150 -0.3563
-0.6580 0.0135 -0.3662
-0.6713 0.0113 -0.3759
-0.6844 0.0085 -0.3851
-0.6972 0.0055 -0.3938
-0.7092 0.0032 -0.4025
-0.7204 0.0018 -0.4111
-0.7316 0.0000 -0.4186
-0.7428 -0.0020 -0.4252
-0.7541 -0.0040 -0.4311
-0.7655 -0.0061 -0.4362
-0.7892 -0.0108 -0.4445
-0.8014 -0.0132 -0.4477
-0.8142 -0.0152 -0.4512
-0.8271 -0.0174 -0.4536
-0.8401 -0.0195 -0.4554
-0.8673 -0.0232 -0.4572
-0.8814 -0.0248 -0.4574
-0.8959 -0.0262 -0.4570
-0.9108 -0.0276 -0.4562
-0.9260 -0.0288 -0.4547
-0.9416 -0.0298 -0.4527
-0.9576 -0.0306 -0.4502
-0.9742 -0.0313 -0.4476
-0.9909 -0.0316 -0.4445
-1.0081 -0.0314 -0.4412
-1.0257 -0.0306 -0.4378
-1.0257 -0.0306 -0.4378
-1.0437 -0.0293 -0.4346
-1.0437 -0.0293 -0.4346
-1.0619 -0.0270 -0.4315
-1.0796 -0.0235 -0.4290
-1.0966 -0.0188 -0.4270
-1.1124 -0.0128 -0.4254
-1.1273 -0.0060 -0.4241
-1.1395 0.0004 -0.4213
-1.1487 0.0058 -0.4159
-1.1606 0.0112 -0.4144
-1.1737 0.0158 -0.4146
-1.1874 0.0192 -0.4158
-1.2015 0.0214 -0.4177
-1.2139 0.0229 -0.4190
-1.2236 0.0240 -0.4188
-1.2481 0.0256 -0.4227
-1.2603 0.0264 -0.4248
-1.2721 0.0272 -0.4266
-1.2839 0.0277 -0.4280
-1.2957 0.0277 -0.4291
-1.3036 0.0263 -0.4291
-1.3150 0.0244 -0.4292
-1.3279 0.0216 -0.4292
-1.3418 0.0182 -0.4290
-1.3711 0.0102 -0.4286
-1.3857 0.0063 -0.4279
-1.4000 0.0031 -0.4264
-1.4151 -0.0003 -0.4263
-1.4303 -0.0032 -0.4270
-1.4611 -0.0076 -0.4297
-1.4767 -0.0092 -0.4315
-1.4926 -0.0106 -0.4335
-1.5088 -0.0117 -0.4357
-1.5253 -0.0127 -0.4379
-1.5253 -0.0127 -0.4379
-1.5412 -0.0133 -0.4396
-1.5560 -0.0135 -0.4406
-1.5724 -0.0133 -0.4421
-1.5893 -0.0127 -0.4435
-1.6065 -0.0119 -0.4445
-1.6238 -0.0107 -0.4448
-1.6401 -0.0088 -0.4442
-1.6547 -0.0062 -0.4422
-1.6693 -0.0029 -0.4397
-1.6831 0.0012 -0.4365
-1.6962 0.0057 -0.4326
-1.7087 0.0104 -0.4278
-1.7205 0.0148 -0.4226
-1.7316 0.0186 -0.4170
-1.7555 0.0238 -0.4053
-1.7672 0.0257 -0.4000
-1.7786 0.0272 -0.3953
-1.7878 0.0285 -0.3911
-1.7945 0.0297 -0.3872
-1.8042 0.0297 -0.3846
-1.8153 0.0287 -0.3829
-1.8273 0.0267 -0.3821
-1.8401 0.0239 -0.3819
-1.8519 0.0211 -0.3821
-1.8621 0.0187 -0.3824
-1.8751 0.0152 -0.3838
-1.8890 0.0117 -0.3858
-1.9030 0.0086 -0.3882
-1.9166 0.0063 -0.3910
-1.9429 0.0042 -0.3968
-1.9558 0.0039 -0.3995
-1.9660 0.0041 -0.4017
-1.9785 0.0037 -0.4039
-1.9920 0.0028 -0.4059
-1.9920 0.0028 -0.4059
-2.0203 -0.0003 -0.4096
-2.0346 -0.0021 -0.4114
-2.0490 -0.0036 -0.4134
-2.0635 -0.0049 -0.4157
-2.0781 -0.0056 -0.4184
-2.0924 -0.0057 -0.4218
-2.1040 -0.0034 -0.4246
-2.1160 -0.0015 -0.4291
-2.1275 0.0005 -0.4341
-2.1384 0.0025 -0.4394
-2.1489 0.0043 -0.4446
-2.1592 0.0056 -0.4496
-2.1661 0.0063 -0.4534
-2.1757 0.0063 -0.4576
-2.1863 0.0057 -0.4615
-2.1974 0.0047 -0.4649
-2.2086 0.0033 -0.4675
-2.2197 0.0018 -0.4688
-2.2332 0.0001 -0.4644
-2.2449 -0.0012 -0.4617
-2.2561 -0.0023 -0.4587
-2.2676 -0.0034 -0.4548
-2.2795 -0.0049 -0.4498
-2.2920 -0.0068 -0.4437
-2.3093 -0.0094 -0.4360
-2.3243 -0.0125 -0.4275
-2.3386 -0.0158 -0.4181
-2.3526 -0.0192 -0.4077
-2.3664 -0.0225 -0.3965
-2.3842 -0.0250 -0.3842
-2.4077 -0.0266 -0.3711
-2.4245 -0.0291 -0.3580
-2.4392 -0.0320 -0.3449
-2.4533 -0.0349 -0.3315
-2.4673 -0.0377 -0.3180
-2.4945 -0.0419 -0.2906
-2.5324 -0.0482 -0.2724
-2.5536 -0.0498 -0.2570
-2.5694 -0.0491 -0.2424
-2.5831 -0.0471 -0.2278
-2.6065 -0.0403 -0.1983
-2.6159 -0.0356 -0.1831
-2.6238 -0.0303 -0.1673
-2.6302 -0.0248 -0.1507
-2.6352 -0.0198 -0.1331
-2.6352 -0.0198 -0.1331
-2.6390 -0.0153 -0.1146
-2.6619 -0.0173 -0.0938
-2.6701 -0.0161 -0.0742
-2.6731 -0.0143 -0.0555
-2.6740 -0.0127 -0.0376
-2.6738 -0.0114 -0.0209
-2.6731 -0.0103 -0.0051
-2.6722 -0.0096 0.0097
-2.6859 -0.0122 0.0241
-2.6901 -0.0136 0.0378
-2.6916 -0.0151 0.0512
-2.6925 -0.0173 0.0645
-2.6952 -0.0204 0.0789
-2.7004 -0.0243 0.0946
-2.7036 -0.0283 0.1091
-2.7064 -0.0324 0.1234
-2.7094 -0.0363 0.1376
-2.7129 -0.0400 0.1519
-2.7168 -0.0435 0.1663
-2.7291 -0.0473 0.1804
-2.7369 -0.0504 0.1948
-2.7437 -0.0530 0.2094
-2.7507 -0.0553 0.2241
-2.7585 -0.0572 0.2388
-2.7686 -0.0585 0.2534
-2.7815 -0.0590 0.2679
-2.7935 -0.0594 0.2826
-2.8057 -0.0592 0.2971
-2.8184 -0.0579 0.3110
-2.8310 -0.0552 0.3237
-2.8558 -0.0452 0.3450
-2.8679 -0.0391 0.3539
-2.8800 -0.0331 0.3623
-2.8924 -0.0278 0.3705
-2.9053 -0.0234 0.3788
-2.9329 -0.0181 0.3957
-2.9480 -0.0168 0.4053
-2.9622 -0.0155 0.4134
-2.9756 -0.0139 0.4205
-2.9883 -0.0121 0.4271
-3.0005 -0.0101 0.4334
-3.0120 -0.0085 0.4399
-3.0232 -0.0075 0.4469
-3.0342 -0.0073 0.4545
-3.0450 -0.0079 0.4631
-3.0556 -0.0094 0.4725
-3.0662 -0.0116 0.4827
-3.0766 -0.0143 0.4936
-3.0936 -0.0157 0.5001
-3.1060 -0.0185 0.5101
-3.1170 -0.0218 0.5214
-3.1274 -0.0255 0.5331
-3.1274 -0.0255 0.5331
-3.1377 -0.0292 0.5451
-3.1493 -0.0397 0.5555
-3.1598 -0.0452 0.5671
-3.1698 -0.0487 0.5794
-3.1797 -0.0509 0.5923
-3.1895 -0.0523 0.6058
-3.1970 -0.0546 0.6169
-3.2011 -0.0581 0.6243
-3.2071 -0.0572 0.6350
-3.2131 -0.0534 0.6459
-3.2182 -0.0479 0.6564
-3.2228 -0.0418 0.6667
-3.2261 -0.0369 0.6758
-3.2279 -0.0343 0.6834
-3.2313 -0.0306 0.6936
-3.2357 -0.0274 0.7048
-3.2407 -0.0249 0.7162
-3.2459 -0.0226 0.7270
-3.2506 -0.0207 0.7357
-3.2546 -0.0189 0.7419
-3.2592 -0.0164 0.7485
-3.2642 -0.0138 0.7547
-3.2696 -0.0121 0.7604
-3.2757 -0.0115 0.7660
-3.2829 -0.0125 0.7718
-3.2893 -0.0175 0.7752
-3.2981 -0.0223 0.7808
-3.3083 -0.0276 0.7870
-3.3194 -0.0334 0.7931
-3.3309 -0.0394 0.7989
-3.3426 -0.0451 0.8040
-3.3526 -0.0514 0.8098
-3.3635 -0.0562 0.8143
-3.3747 -0.0601 0.8181
-3.3860 -0.0631 0.8217
-3.3975 -0.0655 0.8250
-3.4093 -0.0676 0.8300
-3.4217 -0.0694 0.8372
-3.4342 -0.0704 0.8415
-3.4470 -0.0706 0.8448
-3.4598 -0.0700 0.8473
-3.4722 -0.0686 0.8490
-3.4835 -0.0665 0.8498
-3.4936 -0.0640 0.8498
-3.5033 -0.0611 0.8488
-3.5129 -0.0588 0.8472
-3.5231 -0.0573 0.8452
-3.5343 -0.0570 0.8427
-3.5464 -0.0580 0.8398
-3.5609 -0.0600 0.8409
-3.5743 -0.0625 0.8378
-3.5866 -0.0646 0.8322
-3.5975 -0.0660 0.8255
-3.6071 -0.0666 0.8182
-3.6163 -0.0670 0.8129
-3.6260 -0.0674 0.8103
-3.6343 -0.0678 0.8053
-3.6424 -0.0687 0.8000
-3.6511 -0.0705 0.7948
-3.6604 -0.0733 0.7900
-3.6819 -0.0809 0.7835
-3.6947 -0.0852 0.7844
-3.7062 -0.0887 0.7818
-3.7170 -0.0917 0.7780
-3.7277 -0.0940 0.7740
-3.7486 -0.0969 0.7658
-3.7592 -0.0980 0.7620
-3.7698 -0.0989 0.7584
-3.7808 -0.0997 0.7553
-3.7808 -0.0997 0.7553
-3.7919 -0.1005 0.7527
-3.8032 -0.1011 0.7508
-3.8144 -0.1015 0.7496
-3.8366 -0.1049 0.7668
-3.8520 -0.1059 0.7731
-3.8659 -0.1060 0.7764
-3.8799 -0.1062 0.7793
-3.8939 -0.1065 0.7823
-3.9174 -0.1095 0.8005
-3.9319 -0.1083 0.8085
-3.9420 -0.1044 0.8133
-3.9494 -0.0987 0.8172
-3.9553 -0.0924 0.8214
-3.9643 -0.0873 0.8325
-3.9784 -0.0841 0.8533
-3.9855 -0.0805 0.8651
-3.9900 -0.0774 0.8746
-3.9934 -0.0751 0.8838
-3.9959 -0.0736 0.8930
-3.9975 -0.0728 0.9023
-4.0139 -0.0725 0.9309
-4.0188 -0.0723 0.9462
-4.0196 -0.0724 0.9572
-4.0186 -0.0728 0.9668
-4.0168 -0.0735 0.9758
-4.0185 -0.0738 0.9889
-4.0253 -0.0737 1.0074
-4.0253 -0.0749 1.0199
-4.0227 -0.0766 1.0306
-4.0183 -0.0779 1.0405
-4.0124 -0.0786 1.0500
-4.0087 -0.0783 1.0622
-4.0089 -0.0770 1.0783
-4.0017 -0.0754 1.0887
-3.9916 -0.0737 1.0971
-3.9799 -0.0721 1.1046
-3.9669 -0.0707 1.1117
-3.9530 -0.0695 1.1184
-3.9463 -0.0658 1.1314
-3.9332 -0.0640 1.1390
-3.9175 -0.0627 1.1442
-3.9005 -0.0616 1.1482
-3.8826 -0.0606 1.1512
-3.8663 -0.0589 1.1550
-3.8526 -0.0564 1.1602
-3.8348 -0.0551 1.1618
-3.8156 -0.0541 1.1617
-3.7956 -0.0534 1.1604
-3.7753 -0.0527 1.1580
-3.7552 -0.0501 1.1558
-3.7357 -0.0448 1.1541
-3.7153 -0.0431 1.1501
-3.6946 -0.0427 1.1449
-3.6738 -0.0430 1.1389
-3.6530 -0.0436 1.1323
-3.6323 -0.0444 1.1251
-3.6113 -0.0412 1.1192
-3.5908 -0.0405 1.1116
-3.5707 -0.0403 1.1033
-3.5511 -0.0401 1.0945
-3.5319 -0.0396 1.0854
-3.5131 -0.0388 1.0762
-3.4956 -0.0351 1.0686
-3.4779 -0.0333 1.0602
-3.4607 -0.0321 1.0518
-3.4441 -0.0311 1.0435
-3.4281 -0.0302 1.0356
-3.4137 -0.0287 1.0280
-3.4010 -0.0266 1.0207
-3.3876 -0.0256 1.0145
-3.3742 -0.0251 1.0094
-3.3609 -0.0249 1.0051
-3.3478 -0.0248 1.0014
-3.3354 -0.0244 0.9982
-3.3240 -0.0234 0.9953
-3.3127 -0.0224 0.9914
-3.3017 -0.0212 0.9870
-3.2910 -0.0201 0.9822
-3.2803 -0.0195 0.9772
-3.2692 -0.0196 0.9723
-3.2598 -0.0199 0.9680
-3.2482 -0.0217 0.9634
-3.2356 -0.0246 0.9588
-3.2222 -0.0282 0.9542
-3.2084 -0.0321 0.9496
-3.1940 -0.0356 0.9449
-3.1793 -0.0384 0.9401
-3.1646 -0.0414 0.9350
-3.1500 -0.0442 0.9298
-3.1354 -0.0464 0.9244
-3.1207 -0.0480 0.9191
-3.1059 -0.0491 0.9137
-3.0864 -0.0491 0.9108
-3.0697 -0.0492 0.9062
-3.0538 -0.0492 0.9011
-3.0378 -0.0491 0.8958
-3.0217 -0.0491 0.8902
-3.0046 -0.0493 0.8847
-2.9866 -0.0498 0.8791
-2.9693 -0.0499 0.8730
-2.9522 -0.0497 0.8664
-2.9352 -0.0492 0.8594
-2.9183 -0.0482 0.8517
-2.9009 -0.0468 0.8430
-2.8829 -0.0450 0.8329
-2.8661 -0.0427 0.8223
-2.8503 -0.0402 0.8111
-2.8356 -0.0374 0.7990
-2.8091 -0.0319 0.7718
-2.7963 -0.0298 0.7565
-2.7853 -0.0275 0.7404
-2.7755 -0.0255 0.7236
-2.7666 -0.0240 0.7065
-2.7587 -0.0227 0.6895
-2.7457 -0.0214 0.6569
-2.7404 -0.0214 0.6416
-2.7356 -0.0220 0.6270
-2.7311 -0.0234 0.6129
-2.7265 -0.0257 0.5992
-2.7161 -0.0337 0.5722
-2.7071 -0.0393 0.5577
-2.7071 -0.0393 0.5577
-2.6994 -0.0454 0.5438
-2.6918 -0.0517 0.5301
-2.6840 -0.0578 0.5166
-2.6758 -0.0634 0.5034
-2.6673 -0.0683 0.4905
-2.6584 -0.0723 0.4781
-2.6492 -0.0754 0.4659
-2.6394 -0.0779 0.4539
-2.6289 -0.0799 0.4421
-2.6177 -0.0816 0.4303
-2.6048 -0.0839 0.4178
-2.5917 -0.0853 0.4057
-2.5782 -0.0861 0.3939
-2.5641 -0.0863 0.3823
-2.5492 -0.0858 0.3709
-2.5336 -0.0847 0.3598
-2.5162 -0.0833 0.3485
-2.4993 -0.0807 0.3382
-2.4826 -0.0769 0.3286
-2.4661 -0.0722 0.3197
-2.4500 -0.0669 0.3115
-2.4355 -0.0622 0.3042
-2.4228 -0.0588 0.2977
-2.4078 -0.0543 0.2910
-2.3919 -0.0498 0.2845
-2.3752 -0.0458 0.2781
-2.3582 -0.0425 0.2720
-2.3432 -0.0408 0.2678
-2.3314 -0.0410 0.2662
-2.3167 -0.0395 0.2625
-2.3015 -0.0376 0.2583
-2.2866 -0.0360 0.2539
-2.2721 -0.0350 0.2492
-2.2442 -0.0354 0.2385
-2.2305 -0.0371 0.2322
-2.2166 -0.0398 0.2252
-2.2026 -0.0435 0.2175
-2.1883 -0.0478 0.2091
-2.1602 -0.0584 0.1919
-2.1478 -0.0651 0.1845
-2.1339 -0.0704 0.1754
-2.1196 -0.0750 0.1655
-2.1052 -0.0790 0.1552
-2.0907 -0.0826 0.1444
-2.0763 -0.0856 0.1333
-2.0621 -0.0879 0.1216
-2.0481 -0.0896 0.1093
-2.0346 -0.0906 0.0963
-2.0214 -0.0908 0.0825
-2.0086 -0.0904 0.0678
-2.0086 -0.0904 0.0678
-1.9997 -0.0917 0.0557
-1.9893 -0.0909 0.0405
-1.9793 -0.0890 0.0241
-1.9705 -0.0861 0.0071
-1.9629 -0.0827 -0.0101
-1.9584 -0.0797 -0.0260
-1.9574 -0.0780 -0.0403
-1.9541 -0.0756 -0.0576
-1.9504 -0.0731 -0.0763
-1.9470 -0.0709 -0.0953
-1.9439 -0.0689 -0.1143
-1.9413 -0.0670 -0.1327
-1.9402 -0.0677 -0.1478
-1.9383 -0.0672 -0.1640
-1.9362 -0.0666 -0.1800
-1.9336 -0.0665 -0.1955
-1.9305 -0.0671 -0.2107
-1.9266 -0.0691 -0.2251
-1.9219 -0.0729 -0.2389
-1.9160 -0.0766 -0.2532
-1.9091 -0.0808 -0.2677
-1.9012 -0.0854 -0.2821
-1.8923 -0.0903 -0.2964
-1.8721 -0.0998 -0.3238
-1.8609 -0.1038 -0.3367
-1.8492 -0.1072 -0.3490
-1.8369 -0.1098 -0.3610
-1.8238 -0.1119 -0.3727
-1.7954 -0.1148 -0.3954
-1.7802 -0.1163 -0.4062
-1.7802 -0.1163 -0.4062
-1.7646 -0.1179 -0.4160
-1.7480 -0.1181 -0.4259
-1.7310 -0.1171 -0.4351
-1.7141 -0.1150 -0.4435
-1.6974 -0.1119 -0.4508
-1.6808 -0.1084 -0.4573
-1.6641 -0.1047 -0.4630
-1.6470 -0.1012 -0.4683
-1.6295 -0.0982 -0.4731
-1.6115 -0.0958 -0.4775
-1.5917 -0.0951 -0.4806
-1.5726 -0.0940 -0.4834
-1.5539 -0.0927 -0.4857
-1.5356 -0.0913 -0.4873
-1.5179 -0.0899 -0.4884
-1.5007 -0.0885 -0.4892
-1.4828 -0.0873 -0.4909
-1.4661 -0.0868 -0.4921
-1.4498 -0.0872 -0.4934
-1.4336 -0.0886 -0.4952
-1.4174 -0.0909 -0.4977
-1.3996 -0.0937 -0.5035
-1.3797 -0.0968 -0.5136
-1.3624 -0.1000 -0.5202
-1.3460 -0.1031 -0.5260
-1.3301 -0.1059 -0.5317
-1.3146 -0.1085 -0.5378
-1.2983 -0.1114 -0.5457
-1.2807 -0.1148 -0.5558
-1.2646 -0.1173 -0.5644
-1.2489 -0.1194 -0.5727
-1.2332 -0.1213 -0.5814
-1.2174 -0.1229 -0.5906
-1.1862 -0.1243 -0.6106
-1.1717 -0.1232 -0.6210
-1.1584 -0.1202 -0.6312
-1.1465 -0.1155 -0.6412
-1.1357 -0.1095 -0.6511
-1.1258 -0.1030 -0.6610
-1.1140 -0.0977 -0.6737
-1.1038 -0.0926 -0.6853
-1.0938 -0.0883 -0.6970
-1.0836 -0.0852 -0.7090
-1.0731 -0.0829 -0.7213
-1.0627 -0.0810 -0.7333
-1.0511 -0.0797 -0.7466
-1.0410 -0.0776 -0.7580
-1.0318 -0.0752 -0.7684
-1.0228 -0.0729 -0.7780
-1.0138 -0.0711 -0.7872
-1.0044 -0.0701 -0.7961
-0.9927 -0.0704 -0.8059
-0.9812 -0.0713 -0.8147
-0.9693 -0.0730 -0.8230
-0.9570 -0.0751 -0.8307
-0.9442 -0.0775 -0.8380
-0.9307 -0.0799 -0.8448
-0.9165 -0.0821 -0.8514
-0.9027 -0.0840 -0.8569
-0.8889 -0.0856 -0.8618
-0.8748 -0.0872 -0.8663
-0.8603 -0.0889 -0.8704
-0.8449 -0.0913 -0.8745
-0.8285 -0.0946 -0.8784
-0.8121 -0.0974 -0.8817
-0.7955 -0.1000 -0.8845
-0.7786 -0.1024 -0.8868
-0.7616 -0.1044 -0.8885
-0.7440 -0.1065 -0.8902
-0.7259 -0.1088 -0.8917
-0.7094 -0.1092 -0.8916
-0.6938 -0.1085 -0.8903
-0.6786 -0.1072 -0.8882
-0.6634 -0.1058 -0.8856
-0.6475 -0.1049 -0.8829
-0.6305 -0.1047 -0.8805
-0.6142 -0.1045 -0.8773
-0.5985 -0.1043 -0.8735
-0.5836 -0.1037 -0.8695
-0.5695 -0.1025 -0.8652
-0.5565 -0.1005 -0.8608
-0.5415 -0.0983 -0.8583
-0.5289 -0.0959 -0.8548
-0.5170 -0.0939 -0.8513
-0.5053 -0.0926 -0.8481
-0.4935 -0.0921 -0.8453
-0.4814 -0.0924 -0.8431
-0.4634 -0.0953 -0.8449
-0.4489 -0.0973 -0.8450
-0.4353 -0.0991 -0.8450
-0.4221 -0.1009 -0.8452
-0.4090 -0.1026 -0.8459
-0.3960 -0.1042 -0.8470
-0.3806 -0.1047 -0.8499
-0.3669 -0.1056 -0.8523
-0.3537 -0.1068 -0.8548
-0.3405 -0.1081 -0.8575
-0.3272 -0.1093 -0.8605
-0.3131 -0.1105 -0.8646
-0.2981 -0.1118 -0.8701
-0.2842 -0.1124 -0.8747
-0.2714 -0.1121 -0.8792
-0.2599 -0.1105 -0.8838
-0.2495 -0.1078 -0.8887
-0.2399 -0.1045 -0.8940
-0.2287 -0.1028 -0.9013
-0.2185 -0.1005 -0.9082
-0.2083 -0.0989 -0.9154
-0.1979 -0.0982 -0.9229
-0.1873 -0.0983 -0.9306
-0.1762 -0.0986 -0.9384
-0.1646 -0.0986 -0.9460
-0.1552 -0.0982 -0.9533
-0.1470 -0.0974 -0.9603
-0.1393 -0.0966 -0.9669
-0.1318 -0.0961 -0.9733
-0.1159 -0.0979 -0.9855
-0.1073 -0.1004 -0.9913
-0.0981 -0.1037 -0.9971
-0.0887 -0.1075 -1.0028
-0.0791 -0.1114 -1.0084
-0.0791 -0.1114 -1.0084
-0.0696 -0.1152 -1.0138
-0.0565 -0.1192 -1.0193
-0.0461 -0.1222 -1.0245
-0.0367 -0.1245 -1.0296
-0.0277 -0.1262 -1.0345
-0.0188 -0.1276 -1.0394
-0.0097 -0.1286 -1.0442
0.0020 -0.1292 -1.0491
0.0122 -0.1297 -1.0538
0.0221 -0.1299 -1.0585
0.0319 -0.1300 -1.0632
0.0415 -0.1297 -1.0677
0.0517 -0.1291 -1.0718
0.0630 -0.1282 -1.0752
0.0728 -0.1270 -1.0784
0.0821 -0.1258 -1.0812
0.0913 -0.1249 -1.0834
0.1004 -0.1244 -1.0849
0.1086 -0.1233 -1.0848
0.1156 -0.1210 -1.0825
0.1233 -0.1203 -1.0805
0.1309 -0.1202 -1.0778
0.1382 -0.1203 -1.0741
0.1451 -0.1208 -1.0695
0.1515 -0.1214 -1.0638
0.1573 -0.1219 -1.0569
0.1627 -0.1230 -1.0496
0.1674 -0.1244 -1.0420
0.1715 -0.1256 -1.0341
0.1750 -0.1267 -1.0260
0.1786 -0.1276 -1.0176
0.1823 -0.1284 -1.0091
0.1852 -0.1294 -0.9999
0.1877 -0.1306 -0.9903
0.1898 -0.1316 -0.9800
0.1916 -0.1325 -0.9689
0.1934 -0.1329 -0.9575
0.1954 -0.1327 -0.9459
0.1962 -0.1332 -0.9328
0.1962 -0.1339 -0.9187
0.1955 -0.1343 -0.9038
0.1941 -0.1343 -0.8881
0.1923 -0.1335 -0.8718
0.1900 -0.1320 -0.8548
0.1872 -0.1316 -0.8365
0.1837 -0.1318 -0.8177
0.1798 -0.1322 -0.7991
0.1755 -0.1324 -0.7811
0.1710 -0.1319 -0.7642
0.1665 -0.1307 -0.7484
0.1618 -0.1298 -0.7325
0.1570 -0.1288 -0.7167
0.1523 -0.1275 -0.7011
0.1477 -0.1259 -0.6857
0.1432 -0.1234 -0.6707
0.1390 -0.1202 -0.6560
0.1349 -0.1174 -0.6413
0.1311 -0.1151 -0.6269
0.1280 -0.1130 -0.6127
0.1254 -0.1112 -0.5985
0.1233 -0.1094 -0.5848
0.1214 -0.1072 -0.5720
0.1193 -0.1048 -0.5593
0.1170 -0.1023 -0.5470
0.1145 -0.0999 -0.5351
0.1122 -0.0978 -0.5235
0.1100 -0.0958 -0.5120
0.1082 -0.0941 -0.5004
0.1071 -0.0937 -0.4886
0.1064 -0.0941 -0.4766
0.1059 -0.0945 -0.4647
0.1055 -0.0943 -0.4535
0.1044 -0.0932 -0.4434
0.1023 -0.0911 -0.4346
0.1012 -0.0882 -0.4263
0.1006 -0.0852 -0.4183
0.1004 -0.0826 -0.4107
0.1006 -0.0806 -0.4032
0.1012 -0.0793 -0.3954
0.1021 -0.0788 -0.3871
0.1028 -0.0786 -0.3784
0.1036 -0.0788 -0.3696
0.1043 -0.0792 -0.3609
0.1048 -0.0794 -0.3523
0.1063 -0.0799 -0.3450
0.1094 -0.0806 -0.3397
0.1107 -0.0805 -0.3329
0.1114 -0.0801 -0.3259
0.1119 -0.0795 -0.3190
0.1125 -0.0785 -0.3122
0.1143 -0.0780 -0.3063
0.1177 -0.0782 -0.3015
0.1194 -0.0775 -0.2955
0.1204 -0.0765 -0.2891
0.1212 -0.0754 -0.2827
0.1220 -0.0739 -0.2768
0.1232 -0.0730 -0.2712
0.1248 -0.0731 -0.2659
0.1258 -0.0717 -0.2609
0.1264 -0.0700 -0.2560
0.1269 -0.0684 -0.2511
0.1273 -0.0670 -0.2464
0.1277 -0.0664 -0.2409
0.1283 -0.0672 -0.2339
0.1285 -0.0666 -0.2288
0.1284 -0.0658 -0.2241
0.1282 -0.0652 -0.2195
0.1279 -0.0650 -0.2149
0.1278 -0.0656 -0.2095
0.1281 -0.0671 -0.2029
0.1279 -0.0671 -0.1988
0.1277 -0.0664 -0.1957
0.1275 -0.0655 -0.1932
0.1274 -0.0648 -0.1909
0.1276 -0.0644 -0.1881
0.1281 -0.0645 -0.1845
0.1280 -0.0645 -0.1819
0.1277 -0.0646 -0.1798
0.1272 -0.0649 -0.1779
0.1266 -0.0652 -0.1762
0.1262 -0.0658 -0.1738
0.1261 -0.0667 -0.1703
0.1256 -0.0672 -0.1683
0.1250 -0.0677 -0.1669
0.1244 -0.0682 -0.1657
0.1239 -0.0686 -0.1647
0.1238 -0.0691 -0.1634
0.1240 -0.0699 -0.1614
0.1239 -0.0703 -0.1602
0.1236 -0.0707 -0.1591
0.1231 -0.0711 -0.1579
0.1225 -0.0716 -0.1566
0.1219 -0.0722 -0.1551
0.1216 -0.0728 -0.1533
0.1209 -0.0731 -0.1519
0.1200 -0.0731 -0.1506
0.1192 -0.0731 -0.1494
0.1183 -0.0730 -0.1483
0.1176 -0.0727 -0.1473
0.1170 -0.0722 -0.1460
0.1164 -0.0718 -0.1451
0.1159 -0.0714 -0.1443
0.1155 -0.0712 -0.1435
0.1150 -0.0710 -0.1428
0.1146 -0.0708 -0.1421
0.1142 -0.0700 -0.1413
0.1138 -0.0696 -0.1406
0.1132 -0.0695 -0.1400
0.1127 -0.0695 -0.1393
0.1121 -0.0695 -0.1385
0.1115 -0.0695 -0.1377
0.1109 -0.0693 -0.1366
0.1103 -0.0694 -0.1359
0.1097 -0.0697 -0.1351
0.1091 -0.0701 -0.1345
0.1087 -0.0704 -0.1338
0.1083 -0.0706 -0.1331
0.1079 -0.0707 -0.1322
0.1075 -0.0709 -0.1315
0.1071 -0.0712 -0.1310
0.1067 -0.0714 -0.1306
0.1063 -0.0717 -0.1302
0.1060 -0.0717 -0.1298
0.1057 -0.0714 -0.1294
0.1054 -0.0713 -0.1290
0.1050 -0.0713 -0.1288
0.1046 -0.0713 -0.1285
0.1042 -0.0712 -0.1283
0.1041 -0.0712 -0.1284
0.1045 -0.0712 -0.1290
0.1044 -0.0713 -0.1289
0.1042 -0.0712 -0.1288
0.1039 -0.0711 -0.1285
0.1036 -0.0711 -0.1282
0.1034 -0.0710 -0.1280
0.1032 -0.0706 -0.1276
0.1029 -0.0706 -0.1273
0.1027 -0.0708 -0.1270
0.1025 -0.0711 -0.1266
0.1023 -0.0714 -0.1263
0.1020 -0.0716 -0.1261
0.1018 -0.0719 -0.1260
0.1015 -0.0722 -0.1258
0.1013 -0.0724 -0.1257
0.1011 -0.0726 -0.1255
0.1008 -0.0727 -0.1253
0.1006 -0.0727 -0.1252
0.1006 -0.0729 -0.1251
0.1005 -0.0730 -0.1250
0.1004 -0.0729 -0.1249
0.1002 -0.0728 -0.1248
0.1000 -0.0727 -0.1247
0.0999 -0.0726 -0.1246
0.1001 -0.0716 -0.1246
0.1001 -0.0713 -0.1246
0.1001 -0.0711 -0.1245
0.1001 -0.0709 -0.1244
0.1000 -0.0708 -0.1243
0.1000 -0.0706 -0.1243
0.1000 -0.0703 -0.1244
0.1001 -0.0702 -0.1244
0.1002 -0.0702 -0.1243
0.1003 -0.0702 -0.1243
0.1004 -0.0703 -0.1243
0.1004 -0.0702 -0.1242
0.1004 -0.0699 -0.1241
0.1004 -0.0699 -0.1240
0.1005 -0.0699 -0.1239
0.1005 -0.0699 -0.1239
0.1006 -0.0700 -0.1239
0.1007 -0.0700 -0.1238
0.0990 -0.0719 -0.1225
0.0985 -0.0726 -0.1221
0.0984 -0.0729 -0.1219
0.0983 -0.0732 -0.1217
0.0982 -0.0733 -0.1216
0.0981 -0.0734 -0.1215
0.0982 -0.0744 -0.1212
0.0982 -0.0747 -0.1212
0.0981 -0.0748 -0.1211
0.0981 -0.0749 -0.1211
0.0980 -0.0750 -0.1211
0.0979 -0.0753 -0.1210
0.0980 -0.0759 -0.1210
0.0979 -0.0761 -0.1209
0.0979 -0.0763 -0.1209
0.0979 -0.0764 -0.1209
0.0979 -0.0765 -0.1209
0.0979 -0.0766 -0.1210
0.0980 -0.0769 -0.1210
0.0981 -0.0770 -0.1210
0.0981 -0.0771 -0.1210
0.0982 -0.0772 -0.1210
0.0982 -0.0772 -0.1209
0.0983 -0.0772 -0.1209
0.0984 -0.0777 -0.1208
0.0985 -0.0778 -0.1208
0.0986 -0.0779 -0.1207
0.0986 -0.0779 -0.1208
0.0987 -0.0779 -0.1208
0.0988 -0.0780 -0.1208
0.0989 -0.0782 -0.1209
0.0990 -0.0783 -0.1210
0.0991 -0.0784 -0.1210
0.0992 -0.0785 -0.1210
0.0993 -0.0786 -0.1210
0.0994 -0.0786 -0.1210
0.0994 -0.0787 -0.1210
0.0994 -0.0788 -0.1210
0.0994 -0.0788 -0.1210
0.0994 -0.0788 -0.1210
0.0994 -0.0788 -0.1210
0.0994 -0.0788 -0.1210
0.1001 -0.0791 -0.1210
0.1004 -0.0792 -0.1211
0.1006 -0.0791 -0.1211
0.1007 -0.0791 -0.1211
0.1008 -0.0791 -0.1210
0.1009 -0.0791 -0.1210
0.1014 -0.0794 -0.1210
0.1016 -0.0794 -0.1210
0.1017 -0.0794 -0.1210
0.1018 -0.0794 -0.1211
0.1018 -0.0794 -0.1211
0.1018 -0.0793 -0.1212
0.1022 -0.0795 -0.1214
0.1023 -0.0795 -0.1216
0.1024 -0.0794 -0.1216
0.1024 -0.0794 -0.1217
0.1024 -0.0793 -0.1218
0.1025 -0.0792 -0.1218
0.1026 -0.0790 -0.1220
0.1027 -0.0789 -0.1221
0.1028 -0.0789 -0.1221
0.1028 -0.0788 -0.1221
0.1028 -0.0787 -0.1221
0.1028 -0.0786 -0.1222
0.1030 -0.0788 -0.1221
0.1030 -0.0788 -0.1222
0.1031 -0.0787 -0.1222
0.1031 -0.0787 -0.1222
0.1031 -0.0786 -0.1222
0.1031 -0.0787 -0.1223
0.1030 -0.0787 -0.1224
0.1030 -0.0788 -0.1224
0.1030 -0.0787 -0.1224
0.1029 -0.0787 -0.1225
0.1029 -0.0785 -0.1225
0.1029 -0.0785 -0.1226
0.1029 -0.0788 -0.1228
0.1029 -0.0788 -0.1229
0.1028 -0.0788 -0.1230
0.1027 -0.0787 -0.1230
0.1026 -0.0787 -0.1230
0.1024 -0.0787 -0.1230
0.1024 -0.0788 -0.1230
0.1024 -0.0789 -0.1230
0.1024 -0.0789 -0.1230
0.1023 -0.0789 -0.1231
0.1023 -0.0789 -0.1231
0.1023 -0.0790 -0.1231
0.1023 -0.0790 -0.1231
0.1022 -0.0790 -0.1231
0.1021 -0.0790 -0.1232
0.1020 -0.0789 -0.1233
0.1018 -0.0789 -0.1234
0.1017 -0.0789 -0.1235
0.1017 -0.0789 -0.1236
0.1016 -0.0790 -0.1237
0.1015 -0.0790 -0.1238
0.1013 -0.0791 -0.1238
0.1012 -0.0792 -0.1238
0.1011 -0.0793 -0.1239
0.1010 -0.0793 -0.1241
0.1009 -0.0793 -0.1242
0.1008 -0.0793 -0.1242
0.1007 -0.0794 -0.1242
0.1006 -0.0794 -0.1242
0.1005 -0.0794 -0.1243
0.1004 -0.0796 -0.1243
0.1003 -0.0797 -0.1243
0.1002 -0.0797 -0.1243
0.1001 -0.0796 -0.1244
0.1000 -0.0796 -0.1244
0.1001 -0.0794 -0.1246
0.1002 -0.0791 -0.1250
0.1002 -0.0789 -0.1251
0.1002 -0.0787 -0.1252
0.1001 -0.0785 -0.1254
0.1001 -0.0783 -0.1255
0.1001 -0.0784 -0.1254
0.1002 -0.0789 -0.1251
0.1002 -0.0790 -0.1250
0.1002 -0.0789 -0.1249
0.1002 -0.0787 -0.1250
0.1001 -0.0784 -0.1251
0.1001 -0.0782 -0.1251
0.1002 -0.0786 -0.1252
0.1002 -0.0787 -0.1252
0.1002 -0.0787 -0.1251
0.1002 -0.0786 -0.1251
0.1002 -0.0786 -0.1251
0.1003 -0.0786 -0.1250
0.1004 -0.0787 -0.1251
0.1005 -0.0787 -0.1251
0.1005 -0.0787 -0.1250
0.1006 -0.0787 -0.1250
0.1006 -0.0788 -0.1250
0.1006 -0.0788 -0.1250
0.1006 -0.0790 -0.1250
0.1006 -0.0790 -0.1251
0.1006 -0.0789 -0.1251
0.1006 -0.0788 -0.1252
0.1005 -0.0788 -0.1252
0.1005 -0.0788 -0.1252
0.1005 -0.0789 -0.1252
0.1005 -0.0789 -0.1252
0.1004 -0.0788 -0.1252
0.1004 -0.0788 -0.1252
0.1003 -0.0787 -0.1252
0.1001 -0.0786 -0.1252
0.1001 -0.0785 -0.1254
0.1000 -0.0784 -0.1255
0.0999 -0.0783 -0.1256
0.0998 -0.0783 -0.1257
0.0997 -0.0782 -0.1258
0.0996 -0.0782 -0.1259
0.0996 -0.0782 -0.1261
0.0995 -0.0782 -0.1262
0.0994 -0.0782 -0.1263
0.0993 -0.0782 -0.1264
0.0993 -0.0781 -0.1265
0.0993 -0.0780 -0.1267
0.0992 -0.0780 -0.1268
0.0992 -0.0780 -0.1270
0.0992 -0.0779 -0.1271
0.0993 -0.0778 -0.1272
0.0993 -0.0776 -0.1274
0.0994 -0.0775 -0.1275
0.0994 -0.0777 -0.1280
0.0994 -0.0777 -0.1282
0.0995 -0.0777 -0.1284
0.0996 -0.0776 -0.1286
0.0997 -0.0775 -0.1287
0.0997 -0.0773 -0.1289
0.0998 -0.0770 -0.1291
0.0998 -0.0767 -0.1293
0.0999 -0.0766 -0.1296
0.1000 -0.0764 -0.1298
0.1001 -0.0762 -0.1301
0.1002 -0.0762 -0.1304
0.1003 -0.0762 -0.1307
0.1003 -0.0762 -0.1310
0.1004 -0.0762 -0.1312
0.1005 -0.0761 -0.1315
0.1006 -0.0760 -0.1318
0.1007 -0.0759 -0.1322
0.1007 -0.0760 -0.1324
0.1008 -0.0760 -0.1327
0.1009 -0.0760 -0.1331
0.1010 -0.0760 -0.1335
0.1011 -0.0760 -0.1338
0.1012 -0.0760 -0.1342
0.1014 -0.0760 -0.1345
0.1015 -0.0760 -0.1349
0.1017 -0.0760 -0.1352
0.1018 -0.0760 -0.1355
0.1020 -0.0759 -0.1358
0.1022 -0.0760 -0.1361
0.1024 -0.0761 -0.1364
0.1026 -0.0762 -0.1367
0.1027 -0.0762 -0.1369
0.1029 -0.0762 -0.1371
0.1031 -0.0760 -0.1374
0.1033 -0.0759 -0.1378
0.1036 -0.0759 -0.1382
0.1038 -0.0757 -0.1385
0.1039 -0.0754 -0.1389
0.1041 -0.0751 -0.1392
0.1042 -0.0749 -0.1395
0.1044 -0.0747 -0.1398
0.1045 -0.0745 -0.1400
0.1046 -0.0743 -0.1402
0.1048 -0.0741 -0.1404
0.1049 -0.0740 -0.1406
0.1050 -0.0738 -0.1408
0.1052 -0.0737 -0.1409
0.1054 -0.0735 -0.1411
0.1055 -0.0734 -0.1413
0.1055 -0.0732 -0.1414
0.1056 -0.0731 -0.1415
0.1056 -0.0729 -0.1417
0.1058 -0.0727 -0.1418
0.1060 -0.0727 -0.1421
0.1061 -0.0726 -0.1422
0.1062 -0.0725 -0.1423
0.1063 -0.0725 -0.1424
0.1064 -0.0724 -0.1424
0.1065 -0.0723 -0.1425
0.1067 -0.0723 -0.1427
0.1068 -0.0723 -0.1428
0.1069 -0.0722 -0.1429
0.1070 -0.0722 -0.1430
0.1070 -0.0721 -0.1431
0.1071 -0.0721 -0.1432
0.1072 -0.0724 -0.1433
0.1073 -0.0725 -0.1434
0.1074 -0.0726 -0.1435
0.1074 -0.0726 -0.1436
0.1075 -0.0726 -0.1437
0.1075 -0.0727 -0.1438
0.1076 -0.0727 -0.1440
0.1076 -0.0727 -0.1441
0.1077 -0.0727 -0.1442
0.1077 -0.0728 -0.1443
0.1077 -0.0728 -0.1443
0.1078 -0.0730 -0.1443
0.1078 -0.0732 -0.1443
0.1078 -0.0734 -0.1443
0.1078 -0.0735 -0.1443
0.1077 -0.0735 -0.1444
0.1077 -0.0736 -0.1444
0.1076 -0.0736 -0.1445
0.1077 -0.0739 -0.1446
0.1076 -0.0740 -0.1446
0.1076 -0.0740 -0.1447
0.1075 -0.0740 -0.1447
0.1075 -0.0739 -0.1448
0.1074 -0.0738 -0.1449
0.1074 -0.0737 -0.1450
0.1074 -0.0736 -0.1450
0.1074 -0.0735 -0.1450
0.1073 -0.0734 -0.1450
0.1073 -0.0733 -0.1450
0.1073 -0.0732 -0.1451
0.1075 -0.0732 -0.1452
0.1076 -0.0732 -0.1453
0.1076 -0.0731 -0.1454
0.1077 -0.0730 -0.1454
0.1077 -0.0728 -0.1454
0.1077 -0.0727 -0.1454
0.1078 -0.0727 -0.1455
0.1078 -0.0726 -0.1456
0.1079 -0.0725 -0.1457
0.1079 -0.0723 -0.1457
0.1080 -0.0723 -0.1458
0.1080 -0.0723 -0.1458
0.1081 -0.0725 -0.1460
0.1081 -0.0724 -0.1460
0.1082 -0.0723 -0.1461
0.1082 -0.0722 -0.1462
0.1083 -0.0720 -0.1462
0.1083 -0.0718 -0.1463
0.1084 -0.0716 -0.1463
0.1085 -0.0715 -0.1463
0.1085 -0.0713 -0.1464
0.1086 -0.0712 -0.1464
0.1086 -0.0710 -0.1464
0.1087 -0.0709 -0.1464
0.1087 -0.0709 -0.1465
0.1087 -0.0708 -0.1465
0.1088 -0.0707 -0.1466
0.1088 -0.0707 -0.1466
0.1089 -0.0707 -0.1466
0.1090 -0.0708 -0.1466
0.1089 -0.0711 -0.1465
0.1089 -0.0711 -0.1465
0.1088 -0.0711 -0.1465
0.1088 -0.0709 -0.1467
0.1087 -0.0708 -0.1468
0.1086 -0.0706 -0.1469
0.1085 -0.0701 -0.1472
0.1084 -0.0700 -0.1473
0.1084 -0.0700 -0.1474
0.1083 -0.0700 -0.1474
0.1082 -0.0701 -0.1474
0.1081 -0.0702 -0.1473
0.1080 -0.0705 -0.1471
0.1080 -0.0706 -0.1471
0.1080 -0.0707 -0.1470
0.1080 -0.0707 -0.1470
0.1081 -0.0708 -0.1470
0.1080 -0.0710 -0.1470
0.1080 -0.0713 -0.1469
0.1079 -0.0714 -0.1470
0.1079 -0.0715 -0.1470
0.1079 -0.0716 -0.1471
0.1078 -0.0717 -0.1471
0.1078 -0.0718 -0.1471
0.1078 -0.0720 -0.1471
0.1079 -0.0722 -0.1471
0.1079 -0.0723 -0.1471
0.1080 -0.0723 -0.1471
0.1081 -0.0724 -0.1472
0.1082 -0.0725 -0.1472
0.1083 -0.0725 -0.1473
0.1084 -0.0726 -0.1473
0.1085 -0.0725 -0.1474
0.1086 -0.0725 -0.1474
0.1087 -0.0724 -0.1475
0.1089 -0.0724 -0.1476
0.1091 -0.0725 -0.1477
0.1093 -0.0725 -0.1477
0.1095 -0.0724 -0.1478
0.1096 -0.0723 -0.1478
0.1098 -0.0723 -0.1478
0.1101 -0.0723 -0.1479
0.1104 -0.0724 -0.1482
0.1107 -0.0725 -0.1483
0.1109 -0.0724 -0.1484
0.1111 -0.0724 -0.1484
0.1113 -0.0723 -0.1485
0.1114 -0.0724 -0.1485
0.1115 -0.0725 -0.1486
0.1116 -0.0725 -0.1487
0.1117 -0.0725 -0.1487
0.1119 -0.0726 -0.1487
0.1120 -0.0726 -0.1487
0.1121 -0.0727 -0.1487

