0.0893 0.0427 0.0101
0.0876 0.0059 0.0165
0.0157 0.0108 0.0078
-0.0303 -0.0108 -0.0045
-0.0330 -0.0190 0.0084
0.0024 0.0306 0.0227
0.1005 0.0126 0.0154
0.1286 0.0221 0.0245
0.0429 0.0412 0.0101
-0.0492 0.0421 -0.0128
-0.0570 0.0095 -0.0073
-0.0240 -0.0075 -0.0031
0.0089 0.0283 -0.0080
0.0809 0.0282 -0.0141
0.0523 0.0183 -0.0135
0.0187 0.0359 -0.0224
0.0093 0.0452 -0.0209
0.0011 0.0169 -0.0120
-0.0001 0.0056 -0.0090
-0.0099 -0.0236 0.0001
0.0212 -0.0283 -0.0208
0.0303 -0.0174 -0.0204
0.0286 0.0390 -0.0064
0.0213 0.0606 0.0190
0.0367 0.0403 0.0194
0.0826 0.0465 0.0466
0.1006 0.0826 0.0702
0.0702 0.1053 0.0825
-0.0071 0.0923 0.0968
-0.0461 0.0682 0.1296
-0.0509 0.0659 0.1460
0.1491 0.2627 0.1578
0.1239 0.1795 0.2118
0.0397 0.0661 0.2164
-0.0876 -0.0268 0.2456
-0.0402 0.0047 0.2746
-0.0173 0.0554 0.2848
0.0632 0.1993 0.2969
0.0744 0.2062 0.3030
0.0393 0.0878 0.3422
0.0403 0.0822 0.3743
0.0077 0.2000 0.4313
-0.0411 0.2540 0.4861
-0.0360 0.2611 0.5094
0.0432 0.2937 0.5550
0.0878 0.3039 0.6151
0.0478 0.3128 0.6366
-0.0566 0.3458 0.6743
-0.1287 0.4025 0.7344
-0.1277 0.4140 0.7609
-0.0978 0.3890 0.8075
-0.0842 0.3780 0.8207
-0.0479 0.3608 0.8248
0.0051 0.3539 0.8661
0.0614 0.3775 0.9261
0.0832 0.4053 0.9599
0.0847 0.4427 1.0080
0.0030 0.4580 1.0569
-0.0265 0.4559 1.0787
-0.0424 0.4025 1.1135
-0.0399 0.3645 1.1404
-0.0731 0.3059 1.1338
-0.0758 0.1675 1.0468
-0.0218 0.0865 0.9991
0.1016 -0.0426 0.9286
0.1740 -0.0186 0.8626
0.1844 0.0022 0.8352
0.1702 0.0605 0.7879
0.1468 0.1078 0.7403
0.1473 0.1247 0.7180
0.1867 0.1992 0.6702
0.2056 0.3202 0.6295
0.2010 0.3958 0.6303
0.2292 0.5152 0.6535
0.2448 0.5915 0.7102
0.2214 0.6448 0.7347
0.2136 0.7776 0.7798
0.2497 0.8579 0.8355
0.2681 0.8443 0.8458
0.2613 0.7492 0.8589
0.2627 0.6284 0.8521
0.2535 0.6039 0.8550
0.1956 0.6303 0.8527
0.1713 0.7509 0.8630
0.2017 0.8149 0.8895
0.2344 0.9135 0.9604
0.1944 0.9702 1.0345
0.1477 0.9960 1.0839
0.0137 1.0167 1.1935
-0.1169 1.0124 1.2915
-0.1632 0.9906 1.3420
-0.2170 0.8935 1.4322
-0.2343 0.8440 1.4794
-0.2657 0.7392 1.5547
-0.2761 0.6737 1.6277
-0.2748 0.6421 1.6467
-0.2406 0.5827 1.6826
-0.2528 0.5791 1.7355
-0.2595 0.5904 1.7422
-0.2590 0.5932 1.7709
-0.2715 0.5735 1.7915
-0.2865 0.5611 1.7876
-0.3043 0.5228 1.7438
-0.4049 0.5008 1.6887
-0.4749 0.5007 1.6478
-0.5978 0.5274 1.5983
-0.6520 0.5096 1.5696
-0.6486 0.4761 1.5578
-0.5744 0.4328 1.5319
-0.4961 0.3745 1.4952
-0.4731 0.3511 1.4693
-0.4256 0.3341 1.3693
-0.3455 0.2985 1.1934
-0.2849 0.2688 1.0859
-0.1768 0.2846 0.8838
-0.1215 0.3378 0.6642
-0.1039 0.3569 0.5565
-0.0618 0.3465 0.3424
-0.0416 0.3484 0.2539
0.0156 0.3462 0.1024
0.0798 0.3105 0.0195
0.0947 0.2740 -0.0165
0.1655 0.2470 -0.0664
0.3094 0.2592 -0.0805
0.3877 0.2997 -0.0713
0.4781 0.4138 -0.0175
0.4648 0.5021 0.0412
0.4641 0.5083 0.0624
0.4932 0.5249 0.1225
0.4262 0.6102 0.2060
0.3061 0.6796 0.2462
-0.0271 0.6643 0.2808
-0.3091 0.2693 0.2856
-0.3480 0.0161 0.2843
-0.0787 -0.2644 0.2797
0.4831 -0.2318 0.2402
0.7689 -0.1166 0.2144
1.2780 0.2508 0.3430
1.4751 0.5180 0.4822
1.3640 0.5767 0.5351
0.6981 0.4866 0.6400
0.2119 0.3329 0.6857
-0.6664 -0.0838 0.7654
-0.9293 -0.4519 0.8389
-0.7838 -0.5855 0.8772
-0.2459 -0.6724 0.9552
0.2257 -0.5589 0.9111
0.3790 -0.4813 0.8774
0.4785 -0.2942 0.8339
0.2572 -0.2491 0.6683
0.0807 -0.2365 0.5685
-0.2686 -0.2393 0.4054
-0.4827 -0.2068 0.2471
-0.5184 -0.1689 0.1847
-0.5115 -0.1072 0.1151
-0.4917 -0.0440 0.0647
-0.4832 -0.0273 0.0527
-0.4579 0.0296 0.0403
-0.3380 0.0593 -0.0247
-0.2359 0.0517 -0.0783
0.0343 0.0087 -0.1979
0.3325 -0.0943 -0.3196
0.4351 -0.1880 -0.3738
0.4294 -0.4385 -0.4867
0.2322 -0.6671 -0.6521
0.1357 -0.7574 -0.7238
0.1082 -0.8690 -0.8713
0.2785 -0.8605 -1.0340
0.3394 -0.8468 -1.1046
0.2240 -0.8247 -1.2495
-0.2181 -0.9694 -1.4366
-0.4086 -1.1253 -1.5807
-0.3029 -1.5494 -1.9222
0.3780 -1.7297 -2.1567
0.7903 -1.7550 -2.3345
1.4146 -1.5942 -2.6485
1.5229 -0.9397 -2.4824
1.0826 -0.5685 -2.4101
-0.3342 -0.3362 -2.4051
-0.9013 -0.4612 -2.4369
-1.2692 -0.8335 -2.3285
-0.8682 -0.9737 -2.3501
-0.5228 -0.8830 -2.3012
0.1933 -0.5766 -2.1569
0.7808 -0.3281 -2.0059
1.0004 -0.2495 -1.9091
1.2319 -0.2205 -1.7268
1.0471 -0.2364 -1.5933
0.4411 -0.1146 -1.4539
0.0869 -0.0836 -1.3980
-0.3310 0.0302 -1.2523
-0.3914 0.0777 -1.1708
-0.2631 0.1294 -0.9897
0.0548 0.1444 -0.7716
0.2170 0.1676 -0.6621
0.4349 0.2158 -0.4341
0.4676 0.2241 -0.1911
0.4230 0.2237 -0.0827
0.2543 0.2852 0.1358
-0.0065 0.3321 0.3402
-0.1662 0.3150 0.4474
-0.4903 0.1818 0.6488
-0.8578 0.0637 0.8286
-0.9713 0.0471 0.9257
-0.9258 0.0552 1.1226
-0.7986 0.0360 1.1916
-0.3982 -0.1690 1.2290
0.0889 -0.3592 1.1720
0.6187 -0.1662 1.1137
0.8572 0.0667 1.1026
1.0978 0.5878 1.1467
0.5883 0.8288 1.1822
0.0883 0.7617 1.2064
-0.8660 0.5594 1.2797
-1.1078 0.5212 1.3210
-1.1070 0.4366 1.3945
-0.7755 0.2612 1.3826
-0.2868 0.0716 1.2779
-0.0671 0.0499 1.1979
0.2068 0.0536 1.0322
0.2409 0.0559 0.9556
0.1306 0.0312 0.8106
-0.0458 0.0320 0.6595
-0.1161 0.0661 0.5948
-0.2270 0.1417 0.5154
-0.2981 0.1604 0.4540
-0.2949 0.1227 0.4130
-0.1782 0.0237 0.3302
0.0336 -0.0784 0.2052
0.1456 -0.0912 0.1333
0.3375 -0.0781 -0.0119
0.4059 -0.1045 -0.0834
0.4199 -0.2246 -0.2370
0.2572 -0.3519 -0.3684
0.0494 -0.4874 -0.5422
-0.0034 -0.5519 -0.6487
0.0533 -0.6673 -0.8291
0.0290 -0.7216 -1.0004
-0.0504 -0.7507 -1.0862
-0.2105 -0.7617 -1.2014
-0.2061 -0.8989 -1.3599
-0.1309 -1.0237 -1.4582
0.1489 -1.4058 -1.6613
0.3346 -1.5049 -1.7548
0.6734 -1.4719 -1.9049
0.7219 -1.1387 -1.9881
0.5545 -0.9114 -2.0149
-0.1498 -0.5975 -2.0438
-0.7744 -0.8151 -2.0568
-0.8730 -1.0418 -2.0583
-0.7873 -1.3245 -2.0282
-0.4845 -1.1129 -2.0103
-0.2910 -0.8463 -1.9396
0.1909 -0.2763 -1.7837
0.7374 0.0209 -1.5903
0.9734 0.0401 -1.5003
1.2150 -0.0239 -1.3755
0.9472 -0.0591 -1.2966
0.6812 -0.0280 -1.2370
0.1567 0.0482 -1.0634
-0.0051 0.0497 -0.9849
-0.1307 0.0544 -0.8271
-0.0898 0.0626 -0.6387
-0.0165 0.0462 -0.5256
0.2436 0.0235 -0.3100
0.4512 0.0330 -0.0780
0.4732 0.0789 0.0511
0.3827 0.2560 0.2969
0.1902 0.5584 0.5337
0.0908 0.6995 0.6453
-0.1199 0.8460 0.8848
-0.3356 0.9099 1.1511
-0.4412 0.8906 1.2574
-0.6587 0.7981 1.4185
-0.8656 0.7428 1.5421
-0.9266 0.7552 1.5743
-0.8007 0.7530 1.5760
-0.2693 0.6972 1.5724
0.1129 0.6873 1.5429
0.7946 0.8191 1.5263
0.9105 1.1575 1.5761
0.6459 1.2688 1.5847
-0.3320 1.3005 1.6282
-1.1383 1.2111 1.7290
-1.2700 1.0967 1.7869
-1.0903 0.7957 1.9258
-0.5299 0.3760 1.9637
-0.1979 0.1858 1.9468
0.3122 -0.0379 1.8464
0.4946 0.0084 1.6634
0.4646 0.0771 1.5726
0.1936 0.1163 1.3829
0.0444 0.0990 1.2672
-0.1400 0.1241 1.0354
-0.1460 0.1921 0.8561
-0.0725 0.3834 0.7305
-0.0221 0.4697 0.6647
0.1164 0.4768 0.5179
0.2057 0.4473 0.4234
0.4364 0.3719 0.1966
0.5844 0.2368 -0.0490
0.6004 0.1337 -0.1704
0.5007 -0.0594 -0.3900
0.1893 -0.2639 -0.5865
0.0349 -0.3936 -0.6771
-0.1595 -0.6890 -0.8469
-0.3571 -0.9855 -1.0257
-0.4603 -1.1124 -1.1101
-0.5741 -1.1000 -1.2490
-0.2884 -1.0125 -1.3981
0.0583 -1.0241 -1.4612
0.9419 -1.0348 -1.5252
1.5878 -1.0745 -1.5624
1.6667 -1.0196 -1.5760
1.2695 -0.7192 -1.5823
0.8035 -0.5105 -1.5605
-0.3904 -0.0657 -1.5480
-1.1568 -0.0282 -1.4852
-1.1522 -0.1831 -1.4087
-0.5045 -0.6820 -1.2265
0.2568 -0.6650 -1.1177
0.5226 -0.4565 -1.0692
0.8733 0.0993 -0.9197
1.1781 0.4414 -0.7614
1.2834 0.5110 -0.7085
1.2883 0.5497 -0.6206
0.9395 0.5419 -0.5749
0.6588 0.5002 -0.5301
0.0689 0.3952 -0.3884
-0.3613 0.4270 -0.2049
-0.4815 0.4663 -0.1015
-0.4844 0.4414 0.1196
-0.2877 0.3539 0.3870
-0.2093 0.3131 0.5213
-0.2232 0.2647 0.7455
-0.4081 0.2573 0.9433
-0.5062 0.2483 1.0291
-0.6070 0.3214 1.1858
-0.5935 0.4749 1.3397
-0.5757 0.5627 1.4103
-0.5895 0.7869 1.5618
-0.6991 0.9836 1.6751
-0.7683 1.1004 1.7076
-0.7018 1.2985 1.7250
-0.5951 1.3240 1.7364
-0.1951 1.2705 1.7639
0.2816 1.2056 1.7783
0.5653 1.2608 1.7669
0.5884 1.3770 1.7628
0.3905 1.6246 1.7908
0.1588 1.6717 1.8150
-0.6232 1.6319 1.9209
-1.5342 1.6949 2.1290
-1.7737 1.6249 2.2732
-1.4464 1.2022 2.5814
-0.4333 0.8134 2.7078
0.0683 0.7006 2.7072
0.7035 0.6531 2.5336
0.7681 0.6947 2.2610
0.6432 0.7198 2.1253
0.2870 0.7792 1.8683
0.0553 0.8513 1.6275
0.0226 0.8753 1.5185
0.0754 0.9266 1.3418
0.2030 0.9670 1.2144
0.2685 0.9726 1.1525
0.3815 0.9342 1.0214
0.4343 0.8818 0.9504
0.5050 0.8282 0.8096
0.5727 0.8302 0.6942
0.7062 0.8113 0.6103
0.7521 0.7644 0.5593
0.7328 0.5788 0.4232
0.6151 0.2171 0.3061
0.5232 0.0384 0.2486
0.2356 -0.4426 0.0653
-0.4378 -0.9839 -0.1672
-0.8628 -1.0686 -0.2959
-1.3589 -0.7984 -0.5986
-1.2089 -0.6472 -0.7462
-0.1033 -0.5601 -1.0010
1.3526 -0.4452 -1.1664
1.9068 -0.3966 -1.2139
2.2853 -0.0540 -1.2854
1.6510 0.2800 -1.2486
1.0006 0.4304 -1.2171
-0.6432 0.8778 -1.1658
-1.8202 1.2060 -0.8331
-1.8765 1.1342 -0.5910
-0.9988 0.8321 -0.0116
0.3781 0.7565 0.5078
0.9296 0.7560 0.7010
1.3785 0.8554 0.9454
1.1462 0.9245 1.0422
0.8989 0.9346 1.0884
0.3334 1.0143 1.1895
0.1015 1.0767 1.2329
-0.1906 1.2930 1.3344
-0.2724 1.5745 1.4392
-0.2238 1.8019 1.5506
-0.1924 1.8786 1.6243
-0.1597 1.9782 1.7738
-0.1571 2.0074 1.8606
-0.1385 2.0393 2.0307
-0.1282 2.1575 2.1791
-0.1485 2.2318 2.2413
-0.2140 2.4021 2.3823
-0.4281 2.4058 2.4414
-0.6111 2.3408 2.4756
-1.0332 2.0908 2.5533
-1.3249 1.8572 2.6151
-1.3584 1.7142 2.6260
-1.2178 1.4634 2.6660
-0.9839 1.2856 2.6812
-0.8869 1.2004 2.6839
-0.7925 1.0459 2.6605
-0.8717 0.9088 2.5783
-0.9606 0.8816 2.5164
-1.0869 0.9768 2.3875
-1.0239 1.2049 2.2882
-0.9214 1.3849 2.2419
-0.6155 1.8137 2.1412
-0.2979 2.1535 2.0627
-0.1746 2.2670 2.0310
0.0175 2.2681 1.9833
0.1418 2.0572 1.9497
0.1767 1.9517 1.9406
0.1862 1.7244 1.9355
0.1100 1.5666 1.9197
0.0559 1.5014 1.9211
-0.0189 1.4159 1.9018
-0.0493 1.4146 1.8892
-0.0758 1.4725 1.9061
-0.0386 1.5959 1.9353
0.0051 1.6448 1.9437
0.0910 1.7485 1.9518
0.1521 1.7286 1.9414
0.1713 1.6499 1.9389
0.1599 1.4542 1.9285
0.0881 1.2038 1.8810
0.0630 1.1269 1.8475
0.0824 1.0314 1.7579
0.1551 0.9961 1.6707
0.1730 0.9753 1.6286
0.1456 0.9050 1.5220
0.0792 0.8124 1.3834
0.0452 0.7878 1.3144
0.0009 0.8404 1.1717
0.0192 0.9414 1.0060
0.0608 0.9394 0.9139
0.1651 0.8290 0.7053
0.2483 0.5996 0.4523
0.2757 0.5226 0.3265
0.2818 0.4219 0.0983
0.2717 0.3730 -0.0078
0.2732 0.2513 -0.1799
0.3187 0.1405 -0.3874
0.3529 0.0736 -0.4913
0.3878 -0.0689 -0.6796
0.2001 -0.1872 -0.8868
0.0543 -0.2449 -0.9577
-0.2383 -0.3441 -1.0914
-0.4668 -0.4523 -1.1041
-0.4790 -0.4714 -1.0648
-0.2807 -0.4839 -0.9181
0.0669 -0.5116 -0.6904
0.1609 -0.4935 -0.6071
0.1666 -0.4558 -0.4798
0.0093 -0.5217 -0.3792
-0.1146 -0.5425 -0.3814
-0.3665 -0.4927 -0.4170
-0.5626 -0.3337 -0.4503
-0.6106 -0.1845 -0.4611
-0.6128 0.1654 -0.4704
-0.5168 0.3881 -0.4418
-0.4452 0.4519 -0.4097
-0.2705 0.4593 -0.3113
-0.1876 0.3996 -0.2479
-0.0291 0.2909 -0.1060
0.1424 0.1890 0.0239
0.2063 0.1781 0.0853
0.2185 0.2245 0.1336
0.0895 0.3953 0.1183
0.0027 0.5386 0.1027
-0.1552 0.8744 0.1140
-0.3321 1.0849 0.2418
-0.4619 1.0311 0.3202
-0.8003 0.5190 0.5417
-0.9188 -0.1428 0.7862
-0.7894 -0.3368 0.8896
-0.2216 -0.5156 1.0153
0.4817 -0.3956 1.1127
0.7516 -0.2088 1.1184
1.0977 0.1893 1.1219
1.0701 0.4957 1.1475
0.8819 0.5547 1.1836
0.3199 0.5804 1.2767
-0.1016 0.5574 1.3815
-0.1631 0.5388 1.4276
-0.0567 0.4068 1.4654
0.1924 0.3435 1.4290
0.2994 0.3695 1.3836
0.4046 0.6220 1.2611
0.3930 0.7700 1.2131
0.2481 0.8284 1.1118
-0.0190 0.5390 0.9678
-0.2799 0.2181 0.8214
-0.3621 0.2036 0.7757
-0.4352 0.3013 0.7146
-0.4324 0.3863 0.6823
-0.4236 0.4433 0.6298
-0.3423 0.2846 0.6181
-0.2899 0.1942 0.5887
-0.0905 0.0554 0.4428
0.2112 -0.0874 0.2687
0.3498 -0.1564 0.1755
0.4679 -0.3429 -0.0428
0.3484 -0.5728 -0.2936
0.2046 -0.6833 -0.4279
-0.1064 -0.8202 -0.7351
-0.1813 -0.8758 -1.0097
-0.1857 -0.8513 -1.1105
-0.3358 -0.8513 -1.2476
-0.4084 -0.9743 -1.3420
-0.3324 -1.1272 -1.3854
-0.0194 -1.5825 -1.5122
0.3953 -1.8198 -1.6682
0.5675 -1.7727 -1.7303
0.5685 -1.4531 -1.8165
0.3911 -1.1922 -1.8560
-0.2056 -0.9229 -1.8928
-0.7121 -1.1291 -1.8496
-0.9526 -1.1929 -1.8179
-0.9213 -1.0945 -1.7972
-0.5706 -0.8307 -1.7085
-0.3462 -0.6894 -1.6305
0.1500 -0.4077 -1.4618
0.5930 -0.2331 -1.3429
0.7261 -0.1774 -1.2930
0.7500 -0.1036 -1.1976
0.4386 -0.0407 -1.0995
0.2166 -0.0234 -1.0492
-0.1988 0.0051 -0.9237
-0.4067 0.1130 -0.8277
-0.4419 0.1595 -0.8013
-0.3976 0.2254 -0.6781
-0.2423 0.1893 -0.4865
-0.1724 0.1768 -0.3873
-0.0412 0.0491 -0.1133
0.0269 0.0737 0.2626
-0.0231 0.1413 0.4324
-0.2936 0.3572 0.7473
-0.5820 0.5536 1.0507
-0.6877 0.5803 1.1982
-0.9162 0.4742 1.4600
-1.1803 0.4125 1.5867
-1.2166 0.4432 1.6299
-0.8334 0.6602 1.6961
0.0513 0.9246 1.7454
0.5557 1.0492 1.7465
1.3443 1.2529 1.7036
1.4816 1.4896 1.6570
1.2773 1.5100 1.6005
0.4318 1.3570 1.5399
-0.1299 1.1325 1.5556
-1.0935 0.7305 1.6111
-1.2805 0.6404 1.6916
-1.1033 0.6497 1.7540
-0.4154 0.6036 1.8276
0.2628 0.3111 1.8296
0.4148 0.1206 1.7892
0.3608 -0.0517 1.6608
0.0660 -0.0913 1.4739
-0.0893 -0.0465 1.3831
-0.3826 -0.0384 1.1739
-0.4945 -0.0148 0.9660
-0.4565 0.0082 0.8619
-0.2682 0.0391 0.6575
-0.0559 0.1099 0.3899
0.0379 0.1596 0.2570
0.2122 0.2384 -0.0087
0.3722 0.1793 -0.2516
0.4116 0.1129 -0.3700
0.2899 -0.1176 -0.5990
-0.1100 -0.4072 -0.8081
-0.2796 -0.5251 -0.9189
-0.3709 -0.6723 -1.1017
-0.3979 -0.6996 -1.1564
-0.5602 -0.6920 -1.2160
-0.6181 -0.7284 -1.2349
-0.2676 -0.9491 -1.2949
0.0282 -1.0776 -1.3449
0.5294 -1.2449 -1.4277
0.6129 -1.2155 -1.4549
0.3069 -0.8572 -1.5013
-0.3930 -0.4197 -1.4279
-0.6913 -0.3873 -1.3692
-0.8553 -0.4861 -1.2536
-0.5162 -0.4458 -1.0212
-0.2766 -0.3214 -0.8735
0.2423 -0.0022 -0.7490
0.7130 0.2722 -0.6626
0.8696 0.3226 -0.6242
0.8852 0.3346 -0.6959
0.6849 0.3891 -0.6429
0.5264 0.5000 -0.5509
0.1141 0.8551 -0.4849
-0.2402 1.0343 -0.4213
-0.3365 1.0992 -0.3565
-0.4492 0.9048 -0.2643
-0.3861 0.5573 -0.1429
-0.2911 0.2887 -0.0530
-0.0576 -0.1576 0.1173
0.0624 -0.2957 0.1956
0.1800 -0.3245 0.4200
0.0608 -0.0886 0.7143
-0.2592 0.2721 1.0288
-0.4204 0.3821 1.1582
-0.5925 0.4136 1.4345
-0.6264 0.3809 1.5652
-0.5899 0.3263 1.7157
-0.5358 0.2794 1.7821
-0.4163 0.2061 1.7847
-0.0739 0.4953 1.7796
0.2407 0.9892 1.7683
0.4723 1.1858 1.7880
0.9660 1.4695 1.8790
1.0396 1.6958 2.0814
0.8133 2.0445 2.4441
0.1205 1.6690 2.7898
-0.8249 0.5643 2.4105
-1.2080 0.3320 2.2299
-1.2945 0.5347 2.3038
-0.5608 0.4324 2.2865
-0.1398 0.4307 2.1878
0.4213 0.4427 2.0403
0.5100 0.4180 1.9384
0.4505 0.3768 1.8678
0.3838 0.4495 1.6820
0.2994 0.5836 1.5267
0.2099 0.6302 1.4571
0.0687 0.5759 1.3742
0.0581 0.4460 1.1804
0.0531 0.3627 1.0454
0.0278 0.2739 0.7937
0.0478 0.2718 0.6826
0.1763 0.3438 0.4777
0.2679 0.4102 0.2734
0.2814 0.4088 0.1942
0.2973 0.5048 0.0148
0.2878 0.3717 -0.1362
0.2414 0.1871 -0.2023
-0.0341 -0.0385 -0.3393
-0.5507 -0.1009 -0.5612
-0.7944 -0.1312 -0.6477
-0.7417 -0.4188 -0.8438
0.0991 -0.8754 -0.9566
0.4741 -0.9346 -0.9366
0.9052 -0.6070 -0.8894
0.6530 0.1174 -0.8562
0.2424 0.4833 -0.8597
-0.7628 0.7702 -0.7098
-1.3321 0.1834 -0.5643
-1.3083 -0.1787 -0.4479
-1.0047 -0.5746 -0.0183
-0.5988 -0.1843 0.4020
-0.3152 0.1593 0.5578
0.2852 0.5694 0.7289
0.6810 0.6269 0.7443
0.7436 0.5966 0.7494
0.5642 0.4378 0.8367
0.3576 0.3349 0.9101
-0.1051 0.3018 1.0465
-0.3623 0.5007 1.1789
-0.3484 0.5923 1.2723
-0.0705 0.7509 1.4481
0.3565 0.7439 1.5154
0.5031 0.7281 1.5408
0.5233 0.4864 1.5803
0.3810 0.7501 1.7035
0.2350 0.7900 1.7369
0.1012 1.0745 1.7857
0.1760 1.1884 1.8308
0.2228 1.1616 1.8564
0.3073 1.1009 1.8886
0.1946 1.1267 1.9843
-0.0519 1.1373 2.0389
-0.8037 1.1181 2.0282
-1.1977 0.8994 1.9771
-1.0571 0.7603 1.9748
-0.2750 0.5283 1.9816
0.4298 0.3839 2.0075
0.5311 0.4506 1.9791
0.4365 0.6815 1.9423
0.1021 1.0740 1.9261
-0.1165 1.1696 1.9059
-0.5755 1.3455 1.9045
-0.7270 1.4349 1.8189
-0.5799 1.3757 1.6971
-0.1123 1.1271 1.7081
0.3100 0.6893 1.6364
0.3770 0.5493 1.5735
0.3568 0.3659 1.3680
0.3455 0.3656 1.2803
0.3391 0.4156 1.0975
0.2349 0.4825 0.9126
0.1573 0.4929 0.8416
0.1037 0.4955 0.7563
0.0465 0.4112 0.6303
0.0324 0.7197 0.5855
0.1956 0.4361 0.5434
0.2977 0.5635 0.6173
0.3581 0.4985 0.5629
0.4270 0.3334 0.4613
0.4414 0.2006 0.4003
0.4353 0.1334 0.3625
0.3847 0.0967 0.3216
0.2123 0.2094 0.3131
0.0564 0.1874 0.2687
-0.2687 0.0671 0.1484
-0.3332 -0.1448 0.0011
-0.2640 -0.2784 -0.0705
-0.0749 -0.4284 -0.1320
0.0125 -0.3652 -0.1355
0.1538 -0.0937 -0.0897
0.1066 0.1352 -0.0768
-0.0547 0.1667 -0.0574
-0.1159 0.1130 -0.0745
-0.1890 0.0258 -0.1154
-0.2237 0.0247 -0.1330
-0.3460 0.0967 -0.1678
-0.4956 0.0603 -0.1510
-0.5067 0.0497 -0.1338
-0.3420 0.0588 -0.0760
-0.0602 0.1186 0.0368
0.0621 0.1019 0.0892
0.1216 0.0405 0.1779
-0.0029 -0.0246 0.1878
-0.0900 -0.0246 0.1900
-0.1762 0.0320 0.1693
-0.0961 0.1749 0.1659
-0.0449 0.2212 0.1725
0.0153 0.2744 0.2066
-0.0117 0.2614 0.2339
-0.0408 0.2351 0.2564
-0.0957 0.1497 0.2819
-0.0909 0.1415 0.3020
-0.0606 0.1109 0.3479
-0.0729 0.0732 0.3333
-0.1557 0.0444 0.3027
-0.2040 0.0258 0.2653
-0.1700 0.1080 0.2068
-0.1046 0.1212 0.1854
0.0349 0.1175 0.1272
0.1021 0.0367 0.0789
0.0813 0.0127 0.0751
0.0048 -0.0492 0.0554
-0.0328 -0.0851 0.0244
-0.0293 -0.0796 0.0133
0.0067 0.0189 0.0001
0.0538 0.1506 0.0073
0.0462 0.2122 0.0432
0.0192 0.1833 0.0390
0.0069 0.1170 0.0270
0.0405 0.0858 0.0346
0.0776 0.0265 0.0349
0.0301 -0.0133 0.0023
-0.0082 -0.0099 -0.0115
-0.0585 0.0381 -0.0200
0.0018 0.0695 -0.0160
0.0402 0.0805 -0.0104
0.0423 0.0750 -0.0172
-0.0190 0.0079 -0.0292
-0.0195 -0.0041 -0.0290
-0.0024 0.0056 -0.0426
0.0730 -0.0027 -0.0755
0.1797 -0.0039 -0.0997
0.3169 0.0956 -0.1126
0.2945 0.1780 -0.0960
0.1507 0.2768 -0.0857
-0.0779 0.2597 -0.1032
-0.1962 0.2428 -0.1098
-0.3125 0.1241 -0.1303
-0.2680 -0.0010 -0.0957
-0.2112 -0.0187 -0.0776
-0.0975 0.0306 -0.0325
-0.1260 0.1136 -0.0053
-0.1484 0.1402 0.0023
-0.1561 0.1801 0.0052
-0.1190 0.1646 0.0041
-0.1184 0.1512 0.0076
-0.1313 0.1627 0.0080
-0.1369 0.1523 0.0265
-0.1367 0.1481 0.0367
-0.1304 0.1151 0.0641
-0.1133 0.0784 0.0867
-0.1177 0.0800 0.0985
-0.1387 0.0861 0.1175
-0.1315 0.0695 0.1140
-0.1248 0.0698 0.1053
-0.0981 0.0716 0.1082
-0.0695 0.0604 0.1237
-0.0807 0.0192 0.1373
-0.1559 -0.0162 0.1161
-0.1277 0.0059 0.1108
-0.0644 0.0173 0.1133
0.0251 0.0435 0.1297
0.0236 0.0547 0.1218
-0.0052 0.0744 0.0859
0.0359 0.0282 0.0497
0.0612 -0.0135 0.0553
0.0580 -0.0159 0.0570
-0.0114 0.0780 0.0412
-0.0439 0.0866 0.0395
-0.0686 0.0405 0.0420
-0.0567 -0.0129 0.0313
-0.0263 -0.0101 0.0314
0.0374 0.0348 0.0358
0.0028 0.0697 0.0282
-0.0201 0.0730 0.0220
0.0080 0.0833 0.0154
0.0614 0.0741 0.0304
0.0705 0.0753 0.0341
0.0511 0.0386 0.0385
-0.0040 0.0261 0.0310
-0.0363 0.0301 0.0237
-0.0448 0.0321 0.0247
0.0229 0.0599 0.0301
0.0600 0.0620 0.0294
0.0276 0.0524 0.0168
-0.0255 0.0266 0.0065
-0.1087 0.0189 0.0027
-0.0782 0.0489 0.0052
-0.0074 0.0498 0.0205
0.0020 0.0665 0.0192
-0.0257 0.0822 0.0286
-0.0212 0.0428 0.0134
-0.0101 0.0281 0.0117
0.0170 0.0141 0.0040
0.0257 0.0205 0.0011
0.0315 0.0416 0.0002
-0.0014 0.0337 -0.0056
-0.0377 0.0167 -0.0190
-0.0673 -0.0044 -0.0377
0.0034 0.0538 -0.0161
0.0191 0.0727 0.0042
-0.0109 0.0603 0.0135
-0.0268 0.0178 0.0091
-0.0342 0.0175 0.0101
-0.0451 0.0047 -0.0237
-0.0468 0.0006 -0.0385
-0.0519 0.0102 -0.0285
-0.0258 0.0952 0.0170
-0.0147 0.1454 0.0085
-0.0081 0.1037 0.0190
-0.0011 0.0133 0.0149
0.0160 -0.0009 -0.0092
0.0598 -0.0120 -0.0030
0.0931 -0.0162 0.0072
0.0408 0.0054 -0.0043
-0.0358 0.0392 -0.0260
-0.0336 0.0126 -0.0296
0.0077 0.0107 -0.0338
0.0661 -0.0076 -0.0329
0.0813 -0.0191 -0.0354
0.0653 -0.0133 -0.0347
-0.0039 -0.0213 -0.0271
0.0027 -0.0188 -0.0209
0.0312 -0.0270 -0.0196
0.0284 -0.0513 -0.0259
0.0025 -0.0658 -0.0458
0.0013 -0.0671 -0.0479
0.0085 -0.0738 -0.0408
-0.0005 -0.0420 -0.0495
0.0249 -0.0162 -0.0489
0.0871 -0.0075 -0.0380
0.0703 -0.0204 -0.0322
0.0452 -0.0206 -0.0240
0.0043 -0.0006 -0.0090
-0.0181 -0.0001 -0.0124
-0.0277 -0.0266 -0.0141
-0.0017 -0.0694 -0.0316
0.0450 -0.0706 -0.0363
0.0514 -0.0228 -0.0362
0.0443 0.0741 -0.0156
0.0581 0.0848 -0.0096
0.0677 0.0044 0.0036
0.0233 -0.0673 0.0038
0.0000 -0.0599 0.0051
-0.0039 0.0273 0.0025
0.0255 0.0740 0.0059
0.0168 0.0765 0.0116
-0.0315 0.0584 0.0183
-0.0463 0.0307 0.0216
-0.0447 0.0194 0.0245
-0.0288 0.0101 0.0245
-0.0140 0.0357 0.0105
0.0142 0.0552 0.0159
0.0405 0.0799 0.0394
0.0041 0.0303 0.0507
-0.0066 0.0103 0.0488
0.0188 0.0053 0.0353
0.0354 0.0418 0.0354
0.0344 0.0575 0.0283
0.0513 0.0986 0.0266
0.0661 0.0523 0.0357
0.0545 0.0368 0.0388
-0.0012 0.0071 0.0274
-0.0250 -0.0001 0.0208
-0.0527 0.0311 -0.0024
0.0045 0.0540 -0.0005
0.0716 0.0761 0.0265
-0.0473 -0.0125 0.0639
-0.0801 -0.0145 0.0459
-0.0438 0.0008 0.0122
0.0409 0.0401 0.0061
0.0898 0.0338 0.0154
0.0932 0.0301 0.0497
0.0066 -0.0056 0.0401
-0.0121 -0.0131 0.0317
0.0238 -0.0163 0.0083
0.1005 0.0230 -0.0096
0.1374 0.0135 -0.0148
0.1368 -0.0141 0.0079
0.0821 -0.0128 0.0082
-0.0172 -0.0016 -0.0011
-0.0100 0.0222 0.0009
0.0106 0.0276 -0.0019
0.0344 0.0234 -0.0001
0.0452 0.0022 -0.0111
0.0314 -0.0138 -0.0208
0.0079 -0.0336 -0.0284
-0.0004 -0.0470 -0.0184
0.0168 -0.0454 -0.0116
0.0618 0.0034 -0.0022
0.0402 -0.0114 0.0025
0.0020 -0.0130 -0.0051
-0.0353 -0.0351 -0.0253
0.0444 -0.0132 -0.0152
0.0680 -0.0088 -0.0060
0.0778 -0.0045 -0.0033
0.0604 0.0173 -0.0274
0.0625 0.0079 -0.0268
0.0463 -0.0172 -0.0260
0.0130 0.0217 -0.0006
0.0019 0.0310 0.0046
-0.0103 -0.0201 0.0123
-0.0038 -0.0880 0.0072
0.0019 -0.0750 -0.0060
0.0172 -0.0021 -0.0202
0.0334 0.0543 -0.0139
0.0303 0.0509 -0.0132
0.0338 0.0049 -0.0014
0.0468 -0.0085 0.0037
0.0587 -0.0094 0.0144
0.0498 0.0182 0.0025
0.0562 0.0284 -0.0035
0.1335 0.2363 -0.0073
0.0614 0.0359 0.0042
-0.0457 -0.1135 0.0165
-0.0662 -0.1835 0.0020
0.0629 -0.0628 -0.0140

