0.0000 0.0000 0.0000
0.0000 0.0000 0.0000
0.0000 0.0000 0.0000
0.0000 0.0000 0.0000
0.2712 1.0594 0.6339
0.1946 1.0636 0.5458
0.0494 1.0906 0.3988
-0.0470 1.0594 0.3294
-0.0545 1.0212 0.3352
-0.0281 0.8795 0.4003
0.0220 0.7586 0.4385
0.0524 0.6797 0.4314
0.1263 0.4402 0.3937
0.2005 0.2267 0.3162
0.2402 0.1503 0.2748
0.3030 0.0540 0.2285
0.3102 0.0145 0.2210
0.2088 -0.0677 0.2095
-0.0026 -0.0891 0.1641
-0.1911 -0.1127 0.0947
-0.2658 -0.1597 0.0609
-0.4150 -0.3393 -0.0087
-0.5835 -0.5137 -0.0929
-0.8743 -0.5280 -0.2060
-1.0361 -0.4496 -0.2969
-1.1244 -0.3466 -0.3541
-1.3612 -0.0097 -0.5162
-1.6073 0.3123 -0.7239
-1.6376 0.4243 -0.7986
-1.3302 0.6084 -0.7958
-1.0161 0.6194 -0.7164
-0.2938 0.5477 -0.4968
0.2951 0.2578 -0.3229
0.4888 0.1144 -0.2575
0.6790 -0.0133 -0.1807
0.6579 0.0356 -0.1925
0.5673 0.0429 -0.2181
0.3345 0.0679 -0.2041
0.1775 0.1029 -0.1707
0.1543 0.1692 -0.1628
0.1813 0.2603 -0.1507
0.1867 0.2504 -0.0967
0.1774 0.2256 -0.0463
0.1333 0.1826 0.0378
0.0609 0.1421 0.1041
0.0301 0.1141 0.1393
0.0153 0.0751 0.1964
0.0598 0.0867 0.2216
0.0723 0.0746 0.2340
0.0609 0.0054 0.2846
0.0296 -0.0138 0.3160
-0.0096 -0.0109 0.3053
-0.1125 0.0006 0.2688
-0.1537 -0.0356 0.2331
-0.1426 -0.0789 0.2130
-0.0955 -0.1266 0.1665
-0.0875 -0.1405 0.1288
-0.0840 -0.1228 0.1027
-0.0769 -0.0695 0.1191
-0.0598 -0.0366 0.1302
-0.0122 -0.0191 0.1396
0.0356 -0.0268 0.1425
0.0653 -0.0339 0.1208
0.1147 -0.0322 0.0549
0.1493 -0.0517 -0.0049
0.1494 -0.0624 -0.0183
0.1572 -0.0863 0.0056
0.2037 -0.0781 0.0274
0.2309 -0.0961 0.0154
0.2771 -0.1720 -0.0193
0.2741 -0.2421 -0.0538
0.2491 -0.2458 -0.0691
0.1352 -0.1711 -0.1082
-0.0375 -0.0179 -0.1235
-0.1222 0.0381 -0.1211
-0.2307 0.0285 -0.0913
-0.2385 -0.0756 -0.0695
-0.2057 -0.1142 -0.0648
-0.1545 -0.1733 -0.0641
-0.1944 -0.1771 -0.0382
-0.2332 -0.1518 -0.0225
-0.2737 -0.0973 0.0070
-0.2170 -0.0891 0.0324
-0.1683 -0.0999 0.0461
-0.0765 -0.1181 0.0700
-0.0447 -0.1097 0.0776
-0.0201 -0.0421 0.0533
-0.0559 -0.0388 0.0277
-0.0695 -0.0274 0.0344
-0.0684 -0.0112 0.0381
-0.0403 -0.0122 0.0359
-0.0193 0.0015 0.0415
0.0061 0.0026 0.0268
0.0148 -0.0250 0.0230
0.0185 -0.0318 0.0189
0.0131 -0.0259 -0.0015
-0.0184 -0.0350 -0.0139
-0.0380 -0.0456 -0.0240
-0.0497 -0.0230 -0.0331
-0.0322 0.0270 -0.0307
-0.0363 0.0479 -0.0282
-0.0507 0.0457 -0.0119
-0.0441 0.0253 -0.0147
-0.0396 0.0283 -0.0139
-0.0422 0.0402 -0.0173
-0.0458 0.0558 -0.0092
-0.0478 0.0591 -0.0048
-0.0469 0.0304 0.0164
-0.0233 -0.0169 0.0392
-0.0024 -0.0080 0.0488
0.0358 0.0085 0.0461
0.0523 0.0020 0.0401
0.0712 -0.0296 0.0208
0.0691 -0.0422 0.0133
0.0629 -0.0565 0.0050
0.0518 -0.0777 -0.0248
0.0557 -0.0421 -0.0527
0.0565 -0.0181 -0.0705
0.0459 -0.0109 -0.0857
0.0509 -0.0429 -0.0826
0.0473 -0.0497 -0.0883
0.0243 -0.0251 -0.0973
0.0030 0.0301 -0.0943
-0.0001 0.0443 -0.0802
-0.0154 0.0183 -0.0491
-0.0450 -0.0186 -0.0248
-0.0631 -0.0163 -0.0122
-0.1041 0.0062 -0.0048
-0.1238 0.0133 0.0343
-0.1079 0.0058 0.0578
-0.0263 -0.0217 0.0787
0.0566 0.0057 0.0766
0.0658 0.0317 0.0570
0.0306 0.0635 0.0180
-0.0133 0.0427 -0.0137
-0.0229 0.0152 -0.0337
-0.0123 -0.0190 -0.0775
0.0122 0.0054 -0.1100
0.0244 0.0151 -0.1137
0.0472 -0.0202 -0.1056
0.0552 -0.0252 -0.0949
0.0825 -0.0063 -0.0768
0.1032 0.0171 -0.0681
0.1013 0.0263 -0.0652
0.0575 -0.0035 -0.0716
0.0049 -0.0407 -0.0666
-0.0199 -0.0524 -0.0695
-0.0580 -0.0634 -0.0730
-0.0631 -0.0644 -0.0703
-0.0556 -0.0690 -0.0671
-0.0226 -0.0425 -0.0650
-0.0193 -0.0395 -0.0621
-0.0263 -0.0500 -0.0659
-0.0349 -0.0597 -0.0813
-0.0145 -0.0220 -0.1011
-0.0124 -0.0070 -0.1042
-0.0183 -0.0251 -0.0955
-0.0468 -0.0482 -0.1043
-0.0571 -0.0571 -0.1210
-0.0538 -0.0655 -0.1496
-0.0266 -0.0659 -0.1485
-0.0160 -0.0523 -0.1444
-0.0173 -0.0212 -0.1417
-0.0457 -0.0270 -0.1543
-0.0542 -0.0380 -0.1660
-0.0677 -0.0550 -0.1911
-0.0921 -0.0596 -0.2219
-0.1063 -0.0584 -0.2311
-0.0939 -0.0798 -0.2378
-0.0703 -0.0697 -0.2383
-0.0279 -0.0575 -0.2760
0.0004 -0.0803 -0.3130
-0.0009 -0.1097 -0.3313
-0.0171 -0.1464 -0.3579
-0.0249 -0.0919 -0.4139
-0.0190 -0.0465 -0.4507
0.0331 -0.0315 -0.5030
0.0846 -0.1338 -0.5326
0.0956 -0.2062 -0.5528
0.0953 -0.3270 -0.6066
0.1139 -0.4435 -0.6389
0.1404 -0.4848 -0.6419
0.2121 -0.5598 -0.6718
0.2818 -0.7038 -0.7103
0.3283 -0.7776 -0.7330
0.4530 -0.9235 -0.7985
0.6357 -1.0419 -0.8623
0.7601 -1.0584 -0.8855
0.9699 -1.0778 -0.9503
1.0118 -1.2352 -0.9980
0.9936 -1.3650 -1.0040
1.0162 -1.6811 -1.0348
1.1167 -1.9121 -1.0923
1.1312 -1.9486 -1.1300
0.9599 -1.8024 -1.2167
0.5605 -1.5331 -1.2597
0.3540 -1.4104 -1.2713
0.0448 -1.2013 -1.2459
-0.0210 -1.1293 -1.2231
-0.0202 -1.1401 -1.1930
0.0440 -1.2178 -1.1823
0.0580 -1.2228 -1.2056
0.0661 -1.1589 -1.2776
0.0492 -1.1291 -1.3178
0.0308 -1.1498 -1.3247
0.0441 -1.1817 -1.3190
0.1208 -1.2105 -1.3377
0.1783 -1.1781 -1.3524
0.2368 -1.0906 -1.3738
0.1698 -1.0842 -1.3344
0.1144 -1.1025 -1.2941
0.0847 -1.0865 -1.2432
0.1684 -1.0488 -1.2381
0.2042 -1.0730 -1.2310
0.2144 -1.1687 -1.1853
0.0861 -1.3042 -1.1318
0.1642 -1.0819 -1.1551
0.8226 -0.5395 -1.4653
0.7981 -0.7806 -1.3749
0.5973 -0.8690 -1.1644
0.2766 -0.9055 -0.8159
0.1286 -0.9013 -0.6982
0.0875 -0.7950 -0.7126
0.0677 -0.5455 -0.8161
0.0759 -0.4498 -0.8415
0.0799 -0.4382 -0.8011
0.1110 -0.4947 -0.7071
0.1343 -0.5018 -0.6727
0.1614 -0.5429 -0.6250
0.1163 -0.5352 -0.5849
0.0854 -0.4939 -0.5650
0.0549 -0.4759 -0.5261
0.0695 -0.4667 -0.4915
0.0800 -0.4649 -0.4805
0.1318 -0.4367 -0.4542
0.1549 -0.4095 -0.4318
0.1427 -0.3976 -0.4256
0.1247 -0.3087 -0.4226
0.2044 -0.1281 -0.4223
0.2784 -0.0473 -0.4233
0.3289 -0.0517 -0.3701
0.2329 -0.1678 -0.2708
0.2322 -0.1909 -0.2262
0.0951 -0.3707 -0.1980
0.1721 -0.1772 -0.2587
0.2444 -0.1273 -0.2751
0.3781 -0.0672 -0.2542
0.3114 -0.1382 -0.1932
0.2383 -0.1375 -0.1270
0.1517 -0.0805 -0.0683
0.1343 -0.0133 -0.0674
0.0783 0.0965 -0.0577
-0.0233 0.0641 -0.0019
-0.0592 0.0274 0.0152
-0.1956 -0.1008 0.0201
-0.1824 0.1377 -0.0329
-0.1417 0.2084 -0.0548
-0.2191 0.2720 -0.0751
-0.4009 0.3284 -0.0514
-0.7002 0.4107 -0.0911
-0.8485 0.5101 -0.1351
-0.9629 0.7036 -0.2194
-0.9519 0.7433 -0.2551
-0.7943 0.6410 -0.3371
-0.4263 0.5090 -0.4247
-0.1618 0.4387 -0.4362
0.2335 0.1257 -0.6175
0.4248 0.0662 -0.6487
0.4295 -0.0070 -0.6266
0.4002 -0.1585 -0.5547
0.4093 -0.3241 -0.4583
0.4007 -0.4592 -0.4159
0.3268 -0.7652 -0.3184
0.2230 -0.8814 -0.2495
0.2015 -0.7802 -0.2100
0.1818 -0.2801 -0.1262
-0.1003 -0.0229 -0.0026
-0.2680 0.0322 0.0925
-0.3682 0.0367 0.1799
-0.1062 0.2435 0.0611
0.0515 0.2968 -0.0028
0.1358 0.1597 0.0120
0.0630 0.0357 0.0676
-0.1245 -0.0105 0.1412
-0.2149 0.1733 0.1205
-0.2062 0.2402 0.1164
-0.1528 0.2383 0.1195
-0.0849 0.1913 0.1039
-0.0296 0.1465 0.1015
0.1085 0.1206 0.0978
0.1379 0.0852 0.0658
0.0989 0.0432 0.0519
-0.0321 0.0448 0.0733
-0.1312 -0.0041 0.0841
-0.1279 -0.0077 0.0787
-0.0435 -0.0373 0.0448
-0.0208 -0.0506 0.0113
-0.0458 -0.0320 -0.0032
-0.1110 -0.0054 -0.0019
-0.1111 0.0451 -0.0006
-0.1023 0.0408 -0.0114
-0.1042 0.0069 -0.0178
-0.1033 -0.0207 -0.0085
-0.0949 -0.0257 -0.0057
-0.0630 0.0297 -0.0125
-0.0124 0.0464 -0.0165
-0.0070 0.0238 -0.0157
-0.0647 -0.0087 -0.0189
-0.1109 -0.0200 -0.0191
-0.1586 -0.0032 -0.0118
-0.1165 0.0257 -0.0080
-0.0774 0.0285 -0.0022
-0.0325 0.0192 -0.0018
-0.0311 0.0128 -0.0119
-0.0445 0.0100 -0.0186
-0.0795 -0.0134 -0.0261
-0.0701 0.0091 -0.0284
-0.0643 0.0155 -0.0321
-0.0309 0.0106 -0.0183
0.0090 0.0009 -0.0349
0.0271 0.0134 -0.0467
0.0227 -0.0056 -0.0438
-0.0112 -0.0095 -0.0469
-0.0309 -0.0023 -0.0528
-0.0417 0.0190 -0.0530
0.0176 0.0129 -0.0479
0.0408 0.0145 -0.0554
0.0343 0.0253 -0.0676
0.0164 0.0335 -0.0863
0.0174 0.0285 -0.0969
0.0347 0.0139 -0.1019
0.0154 -0.0131 -0.1042
0.0078 -0.0100 -0.0958
-0.0182 -0.0051 -0.0875
-0.0180 -0.0084 -0.0832
-0.0002 -0.0246 -0.0647
0.0388 0.0000 -0.0639
0.0388 0.0113 -0.0649
0.0154 0.0283 -0.0519
0.0467 0.0257 -0.0419
0.0805 0.0284 -0.0431
0.1392 0.0126 -0.0329
0.1385 -0.0195 -0.0208
0.1259 -0.0267 -0.0193
0.1241 -0.0321 -0.0169
0.1213 -0.0137 -0.0334
0.1152 -0.0100 -0.0307
0.1117 -0.0136 -0.0275
0.1106 -0.0398 -0.0301
0.1242 -0.0467 -0.0196
0.1728 -0.0654 -0.0120
0.1940 -0.0346 -0.0260
0.1733 -0.0186 -0.0294
0.1278 -0.0335 -0.0201
0.1402 -0.0444 -0.0176
0.1580 -0.0360 -0.0163
0.1892 -0.0492 -0.0140
0.1797 -0.0463 -0.0181
0.1524 -0.0341 -0.0103
0.1117 0.0063 -0.0009
0.1069 -0.0149 0.0008
0.1194 -0.0067 0.0117
0.1369 0.0049 0.0067
0.1319 0.0104 -0.0094
0.1274 0.0099 -0.0216
0.1146 -0.0015 -0.0265
0.1114 0.0042 -0.0284
0.1014 0.0153 -0.0209
0.0804 0.0057 -0.0149
0.0724 0.0095 -0.0067
0.0939 0.0144 0.0059
0.1531 0.0197 0.0172
0.1673 0.0216 0.0113
0.1422 0.0424 0.0189
0.0698 0.0403 0.0390
0.0415 0.0406 0.0460
0.0148 0.0239 0.0377
0.0304 0.0078 0.0411
0.0541 0.0167 0.0405
0.0990 0.0171 0.0254
0.0802 0.0010 0.0179
0.0520 0.0114 0.0199
0.0184 0.0353 0.0240
0.0492 0.0478 0.0336
0.0740 0.0367 0.0383
0.0867 0.0314 0.0422
0.0533 0.0388 0.0510
0.0318 0.0501 0.0513
-0.0005 0.0496 0.0670
0.0196 0.0228 0.0691
0.0309 0.0246 0.0593
0.0291 0.0228 0.0628
0.0315 0.0249 0.0631
0.0454 0.0379 0.0503
0.0283 0.0393 0.0534
0.0170 0.0470 0.0505
0.0182 0.0322 0.0474
0.0436 0.0159 0.0478
0.0567 0.0084 0.0463
0.0488 0.0149 0.0508
0.0340 0.0237 0.0503
0.0368 0.0239 0.0491
0.0520 0.0270 0.0486
0.0482 0.0197 0.0424
0.0429 0.0084 0.0463
0.0244 -0.0012 0.0370
0.0203 -0.0052 0.0321
0.0201 -0.0017 0.0349
0.0356 0.0014 0.0271
0.0613 0.0137 0.0212
0.0673 0.0129 0.0147
0.0440 0.0086 0.0030
-0.0095 -0.0299 0.0032
-0.0176 -0.0356 0.0084
-0.0063 -0.0185 0.0023
0.0293 -0.0084 0.0035
0.0421 -0.0017 0.0014
0.0353 -0.0011 -0.0115
0.0059 -0.0156 0.0045
-0.0007 -0.0141 0.0049
0.0142 0.0041 0.0100
0.0242 0.0024 0.0051
0.0432 0.0117 0.0144
0.0412 0.0113 0.0121
0.0334 0.0179 0.0070
0.0082 0.0279 0.0137
0.0130 0.0304 0.0126
0.0071 0.0318 0.0143
-0.0115 0.0485 0.0327
0.0015 0.0212 0.0062
0.0282 0.0105 -0.0152
0.1311 -0.0792 -0.0556
0.1733 0.0984 -0.0842
0.1378 0.1390 -0.0773
0.0401 0.1356 -0.0064
-0.1089 0.0818 0.0324

