-0.1670 0.0481 0.0346
-0.1744 0.0027 0.0422
-0.1693 0.0492 -0.0165
-0.1630 0.0308 -0.0116
-0.1395 0.0011 0.0125
-0.1641 -0.0243 0.0114
-0.1876 -0.0463 0.0295
-0.1576 -0.0550 0.0427
-0.0528 -0.0205 0.0101
-0.0107 -0.0332 -0.0016
0.0402 -0.0746 -0.0146
0.0479 -0.0734 -0.0283
0.0398 -0.0407 -0.0459
0.0301 -0.0002 -0.0368
0.0253 0.0060 -0.0219
0.0109 -0.0438 0.0086
-0.0191 -0.0757 0.0147
-0.0110 -0.0647 0.0158
0.0592 -0.0291 -0.0095
0.0981 0.0094 -0.0231
0.0826 0.0157 -0.0231
0.0482 0.0193 -0.0151
0.0447 -0.0135 -0.0125
0.0442 -0.0359 -0.0064
0.0300 -0.0570 0.0034
0.0308 -0.0203 -0.0032
0.0349 -0.0022 -0.0089
0.0390 -0.0183 0.0001
0.0244 -0.0413 0.0059
0.0226 -0.0437 0.0111
0.0104 -0.0314 0.0198
0.0027 -0.0130 0.0157
0.0057 -0.0060 0.0173
0.0493 0.0019 0.0116
0.0712 0.0255 0.0102
0.0563 0.0266 0.0145
-0.0001 0.0113 0.0198
-0.0161 -0.0101 0.0245
0.0165 -0.0067 0.0226
0.0502 0.0176 0.0068
0.0504 0.0412 0.0027
0.0428 0.0375 -0.0005
0.0568 0.0202 -0.0026
0.0647 0.0224 -0.0001
0.0493 0.0307 -0.0007
-0.0006 0.0224 0.0141
0.0013 0.0117 0.0114
0.0214 0.0005 0.0108
0.0738 0.0193 0.0197
0.0853 0.0342 0.0224
0.0839 0.0426 0.0227
0.0475 0.0405 0.0190
0.0263 0.0321 0.0156
-0.0048 0.0102 0.0083
0.0244 -0.0039 -0.0003
0.0453 0.0094 -0.0051
0.0623 0.0263 -0.0168
0.0513 0.0292 -0.0157
0.0436 0.0293 -0.0172
0.0299 0.0126 -0.0022
0.0288 0.0073 0.0131
0.0293 0.0102 0.0102
0.0298 0.0097 0.0141
0.0358 0.0112 0.0012
0.0436 0.0054 -0.0011
0.0621 0.0076 0.0020
0.0560 0.0107 0.0020
0.0285 0.0189 0.0071
0.0248 0.0159 -0.0012
0.0345 -0.0017 -0.0038
0.0571 -0.0192 -0.0137
0.0257 -0.0045 -0.0234
0.0122 -0.0056 -0.0181
0.0176 -0.0224 -0.0083
0.0295 -0.0134 -0.0159
0.0267 -0.0051 -0.0086
0.0334 -0.0016 -0.0076
0.0616 -0.0002 -0.0061
0.0533 0.0011 -0.0082
0.0119 0.0057 0.0052
0.0027 -0.0113 0.0044
0.0148 -0.0270 -0.0039
0.0308 -0.0233 -0.0080
0.0234 0.0036 -0.0132
0.0255 0.0121 -0.0144
0.0302 0.0101 -0.0144
0.0162 0.0128 -0.0121
0.0073 0.0111 -0.0142
0.0063 0.0153 -0.0178
0.0149 0.0037 -0.0184
0.0182 0.0091 -0.0145
0.0087 0.0274 -0.0053
-0.0031 0.0108 0.0042
-0.0052 0.0023 0.0073
-0.0117 -0.0123 0.0035
-0.0076 0.0067 0.0014
0.0040 0.0191 0.0096
0.0910 -0.0546 0.0108
0.1117 -0.0130 0.0017
0.0236 0.0799 0.0142
-0.0246 0.0447 0.0156
-0.0267 0.0411 -0.0005
-0.0241 0.0397 -0.0023
0.0038 0.0112 0.0095
0.0179 0.0044 0.0032
-0.0028 0.0393 0.0017
-0.0031 0.0689 -0.0030
0.0095 0.0598 -0.0058
-0.0054 0.0086 -0.0035
-0.0474 -0.0251 0.0158
-0.0545 -0.0202 0.0180
-0.0362 -0.0086 0.0158
-0.0139 -0.0018 0.0162
-0.0004 0.0085 0.0136
0.0039 0.0093 0.0061
-0.0184 -0.0127 0.0058
-0.0350 -0.0155 0.0034
-0.0352 -0.0141 -0.0018
-0.0170 -0.0190 -0.0155
-0.0074 -0.0156 -0.0203
0.0052 -0.0094 -0.0191
0.0162 0.0008 -0.0035
0.0209 0.0033 -0.0004
0.0311 0.0037 0.0068
0.0298 0.0018 0.0094
0.0346 -0.0053 0.0119
0.0509 0.0040 0.0084
0.0533 0.0216 0.0043
0.0321 0.0381 0.0006
0.0045 0.0103 0.0047
-0.0048 -0.0077 -0.0016
-0.0047 -0.0121 -0.0017
0.0190 0.0070 0.0077
0.0321 0.0143 0.0005
0.0242 0.0120 -0.0025
0.0006 -0.0052 0.0020
-0.0036 0.0071 0.0000
-0.0041 0.0219 0.0049
0.0087 0.0120 0.0112
0.0178 0.0115 0.0095
0.0082 0.0309 0.0061
-0.0075 0.0155 0.0046
-0.0116 0.0008 0.0057
-0.0026 -0.0169 0.0039
0.0380 -0.0097 0.0036
0.0506 0.0094 -0.0029
0.0432 0.0493 0.0088
0.0414 0.0361 0.0268
0.0413 0.0207 0.0216
0.0241 0.0060 0.0209
0.0109 0.0042 0.0163
0.0223 0.0287 0.0069
0.0412 0.0415 -0.0003
0.0311 0.0461 -0.0020
-0.0159 0.0499 0.0038
-0.0213 0.0952 0.0077
0.0208 0.1456 -0.0012
0.1318 0.1017 -0.0681
0.0370 0.0567 -0.0124
-0.0367 0.0552 0.0044
-0.1289 0.0080 0.0326
-0.0792 0.0090 0.0742
-0.0456 0.0239 0.0734
0.0545 0.1226 0.0093
0.1394 0.0665 -0.0107
0.1311 -0.0097 0.0086
0.0101 0.0058 0.0051
0.0066 -0.0233 0.0126
0.0163 -0.0480 0.0144
0.0673 -0.0102 -0.0032
0.0847 -0.0044 -0.0133
0.0807 -0.0064 -0.0068
0.0766 -0.0086 -0.0164
0.0720 -0.0123 -0.0277
0.0650 -0.0325 -0.0401
0.0487 -0.0296 -0.0185
0.0432 -0.0152 -0.0268
0.0458 0.0122 -0.0259
0.0512 0.0298 -0.0346
0.0543 0.0281 -0.0353
0.0547 0.0221 -0.0333
0.0024 0.0396 -0.0333
-0.0284 0.0429 -0.0275
-0.0507 0.0508 -0.0032
-0.0584 0.0734 0.0110
-0.0666 0.0867 0.0235
-0.0814 0.1260 0.0512
-0.0714 0.1406 0.0775
-0.0772 0.1626 0.0912
-0.0939 0.2158 0.1165
-0.0922 0.2567 0.1362
-0.0852 0.2875 0.1386
-0.0654 0.3454 0.1518
-0.0614 0.3831 0.1589
-0.0795 0.3944 0.1625
-0.1310 0.4193 0.1664
-0.1828 0.4201 0.1607
-0.1967 0.4336 0.1525
-0.2239 0.4758 0.1510
-0.2687 0.4853 0.1649
-0.3090 0.4808 0.1757
-0.3695 0.4678 0.1984
-0.3856 0.4403 0.2321
-0.3681 0.4249 0.2575
-0.3003 0.4045 0.3323
-0.2781 0.3978 0.3700
-0.3077 0.4182 0.4813
-0.3704 0.4259 0.5708
-0.3583 0.3829 0.6450
-0.3268 0.3657 0.6767
-0.2907 0.3529 0.6841
-0.2887 0.3482 0.6950
-0.2801 0.3367 0.7297
-0.2662 0.3409 0.7637
-0.2661 0.3504 0.8093
-0.2815 0.3686 0.8396
-0.3020 0.4513 0.9038
-0.2982 0.4076 0.8953
-0.2742 0.4361 0.9285
-0.2798 0.4623 0.9180
-0.2742 0.4841 0.9258
-0.2433 0.5281 0.9455
-0.1796 0.5956 0.9758
-0.1412 0.6045 0.9852
-0.1214 0.6435 1.0012
-0.1221 0.6906 1.0067
-0.1242 0.7083 1.0053
-0.1125 0.7231 1.0198
-0.1150 0.7358 1.0111
-0.1135 0.7348 0.9975
-0.0834 0.7688 0.9795
-0.0312 0.8199 0.9594
-0.0047 0.8347 0.9593
0.0149 0.9167 0.9587
0.0112 1.0190 0.9298
0.0052 1.0422 0.9211
-0.0083 1.0748 0.8933
-0.0055 1.0888 0.8758
-0.0081 1.0692 0.8610
-0.1093 0.9538 0.8113
-0.2958 0.6706 0.7550
-0.3687 0.5059 0.7431
-0.3816 0.4161 0.7580
-0.3003 0.4769 0.7583
0.0199 0.6799 0.7562
0.3408 0.8585 0.7402
0.3771 0.8952 0.7050
0.1947 0.8661 0.6372
-0.1538 0.7511 0.5829
-0.2902 0.6732 0.5703
-0.4038 0.5591 0.5721
-0.3742 0.5131 0.5989
-0.3335 0.5107 0.6259
-0.2401 0.4997 0.6356
-0.1827 0.4550 0.6344
-0.1806 0.4379 0.6355
-0.2203 0.3734 0.6568
-0.3114 0.2924 0.6647
-0.3549 0.2599 0.6683
-0.3770 0.2327 0.6583
-0.3608 0.2645 0.6032
-0.3668 0.2723 0.5723
-0.4138 0.2425 0.5232
-0.3919 0.2382 0.4720
-0.3617 0.2605 0.4322
-0.2623 0.3230 0.3492
-0.2099 0.3731 0.3026
-0.0999 0.4741 0.2196
0.0156 0.4909 0.1622
0.0757 0.4720 0.1498
0.1747 0.4278 0.1220
0.2389 0.3825 0.1087
0.2430 0.3776 0.1093
0.2114 0.4003 0.1309
0.1704 0.4440 0.1460
0.1552 0.4588 0.1325
0.2026 0.4960 0.1680
0.2501 0.4907 0.2803
0.2088 0.4686 0.3158
-0.0314 0.3526 0.4192
-0.2993 0.2640 0.5839
-0.3309 0.2714 0.6405
-0.1074 0.4074 0.7304
0.4121 0.7071 0.8283
0.6890 0.8393 0.8667
1.0319 0.9687 0.9777
0.9831 0.9855 1.1128
0.8154 0.9552 1.1694
0.2757 0.7044 1.2491
-0.0166 0.4726 1.2724
-0.4865 0.0144 1.2569
-0.5736 -0.3549 1.1807
-0.2605 -0.5440 1.0472
-0.0031 -0.5577 0.9940
0.3857 -0.1692 0.8852
0.4534 0.0635 0.7910
0.3517 0.4719 0.6282
0.0938 0.7610 0.5598
-0.0869 0.9382 0.5234
-0.1253 0.9760 0.5207
-0.1624 0.9057 0.5402
-0.1755 0.8442 0.5654
-0.2197 0.7054 0.5848
-0.2315 0.5266 0.5918
-0.2262 0.4360 0.5823
-0.1803 0.2921 0.5083
-0.0841 0.1987 0.3551
-0.0353 0.1296 0.2490
0.0220 -0.1123 0.0272
-0.0175 -0.4407 -0.2150
-0.0556 -0.5938 -0.3264
-0.0785 -0.8083 -0.5066
0.0589 -0.9417 -0.6341
0.1435 -1.0156 -0.6839
0.2454 -1.2226 -0.7675
0.2529 -1.5690 -0.8417
0.2404 -1.7551 -0.8853
0.2383 -2.0137 -1.0120
0.3491 -2.0914 -1.2124
0.4806 -2.0158 -1.3124
0.8695 -1.8170 -1.5023
0.9533 -1.6926 -1.6021
0.6148 -1.2608 -1.7125
-0.1617 -1.0214 -1.7533
-0.5215 -0.8136 -1.7615
-0.8165 -0.4812 -1.7454
-0.4448 -0.2985 -1.6056
-0.1316 -0.1628 -1.4983
0.4544 -0.2488 -1.2682
0.7838 -0.3644 -1.0368
0.8329 -0.4357 -0.9476
0.7714 -0.5245 -0.8109
0.6261 -0.4796 -0.8183
0.5102 -0.4307 -0.8473
0.3359 -0.3377 -0.8097
0.2013 -0.2594 -0.8105
0.1474 -0.2328 -0.8190
0.0593 -0.2018 -0.7527
0.0114 -0.1336 -0.5667
0.0213 -0.1124 -0.4400
0.0387 -0.0846 -0.1504
0.0246 -0.0568 0.1561
-0.0027 0.0008 0.3210
-0.0988 0.1849 0.6880
-0.2447 0.4035 1.0325
-0.3303 0.4713 1.1929
-0.4406 0.6382 1.4428
-0.3899 0.7713 1.4937
-0.3289 0.8098 1.4592
-0.2146 0.8783 1.3885
-0.1039 0.8407 1.3206
-0.0484 0.8443 1.2752
0.1189 0.9487 1.1647
0.4492 1.1752 1.1005
0.6240 1.3125 1.1080
0.7890 1.4956 1.2363
0.7238 1.4921 1.3211
0.3016 1.3245 1.4046
-0.2843 1.0144 1.4348
-0.5181 0.8259 1.4662
-0.6882 0.6088 1.4915
-0.4905 0.6240 1.4334
-0.3438 0.6429 1.3797
-0.1255 0.6256 1.2562
-0.0760 0.5881 1.1089
-0.0930 0.5813 1.0311
-0.1415 0.5946 0.8772
-0.1666 0.6254 0.7132
-0.1874 0.6123 0.6309
-0.2692 0.5265 0.4782
-0.3257 0.3838 0.3285
-0.3206 0.2784 0.2529
-0.2351 0.0689 0.0951
-0.1618 -0.0023 0.0076
0.0081 -0.1068 -0.1609
0.1371 -0.2030 -0.3326
0.1526 -0.2576 -0.4224
0.0788 -0.4779 -0.6020
-0.0541 -0.6766 -0.7460
-0.0966 -0.6756 -0.8278
-0.0959 -0.5676 -0.9764
-0.0480 -0.5485 -1.0543
-0.0172 -0.5558 -1.0870
0.0258 -0.6761 -1.1255
-0.0542 -1.0535 -1.0730
-0.1098 -1.3165 -1.0173
-0.0344 -1.7215 -0.9197
0.4775 -1.8368 -0.9630
0.8149 -1.7760 -1.0008
1.3046 -1.8185 -1.0898
1.2948 -2.0376 -1.1655
1.0989 -2.0344 -1.1125
0.6042 -2.5270 -1.2638
0.0854 -2.3366 -1.6456
-0.1096 -2.1289 -1.8387
-0.2835 -1.5862 -2.0968
-0.2187 -1.0496 -2.1383
-0.1654 -0.9042 -2.0962
-0.0887 -0.7866 -1.9659
-0.0476 -0.7718 -1.7983
-0.0547 -0.7619 -1.6964
-0.1255 -0.7481 -1.4637
-0.2613 -0.7723 -1.2055
-0.3024 -0.7848 -1.0748
-0.2866 -0.7067 -0.8374
-0.2444 -0.6101 -0.7395
-0.1651 -0.3696 -0.5476
-0.1244 -0.1948 -0.3193
-0.1052 -0.1392 -0.1849
-0.0244 -0.0310 0.1017
0.0703 0.1970 0.3780
0.0966 0.2998 0.4924
0.0748 0.3918 0.6792
0.0133 0.2647 0.7822
0.0084 0.2161 0.8235
0.1044 0.3365 0.8683
0.2206 0.6796 0.8457
0.2334 0.9057 0.8562
0.1209 1.1791 0.9403
-0.0310 0.9909 0.9989
-0.0290 0.8980 1.0155
0.2463 1.0423 1.0482
0.7061 1.7088 1.1319
0.8319 2.0075 1.1915
0.7296 2.3452 1.3589
0.2523 2.1542 1.5363
-0.0405 1.8596 1.6314
-0.5523 1.1373 1.8148
-0.7088 0.8607 1.9276
-0.8148 0.5657 2.1144
-0.5715 0.5995 2.2289
-0.0975 1.0740 2.2099
0.1010 1.3014 2.1417
0.2569 1.5198 1.9845
0.2444 1.5840 1.9355
0.1995 1.7156 1.8665
0.2067 1.8710 1.7594
0.2144 1.9456 1.7034
0.1904 2.0414 1.6168
0.0426 1.9200 1.5233
-0.0698 1.7657 1.4564
-0.2548 1.3664 1.2997
-0.2953 0.9664 1.0875
-0.2663 0.7749 0.9841
-0.1507 0.5263 0.8309
-0.0513 0.4479 0.7439
-0.0214 0.4038 0.7074
-0.0272 0.3483 0.5983
-0.1109 0.2023 0.4152
-0.1413 0.1357 0.3232
-0.1741 0.2306 0.1838
-0.3060 0.3577 0.0335
-0.4077 0.3348 -0.0240
-0.5416 0.3240 -0.0448
-0.5016 0.3246 0.0271
-0.4701 0.1765 0.0783
-0.4587 -0.5955 0.1412
-0.4272 -1.0278 0.1535
-0.0918 -1.2484 0.1446
0.5401 -0.6849 0.0344
0.8024 -0.3488 -0.0710
0.8536 -0.1488 -0.2452
0.2351 -0.5010 -0.4661
-0.6362 -0.9115 -0.8750
-0.9651 -1.0264 -1.1265
-1.1381 -0.9301 -1.5482
-0.9860 -0.7318 -1.6830
-0.4176 -0.2346 -1.7156
0.1139 0.1039 -1.5006
0.2554 0.2184 -1.3490
0.3063 0.3689 -1.0498
0.1968 0.4542 -0.7963
0.1435 0.4514 -0.6835
0.0823 0.3532 -0.5026
0.0772 0.2601 -0.4524
0.0734 0.1747 -0.4914
-0.0021 -0.0431 -0.5817
-0.1102 -0.0934 -0.5984
-0.1290 -0.0640 -0.5700
-0.0764 -0.0125 -0.4502
0.0712 0.0645 -0.2953
0.1548 0.1150 -0.2218
0.2783 0.2274 -0.0884
0.3311 0.1446 0.0083
0.3526 -0.0052 0.0173
0.3961 -0.3237 -0.0268
0.4310 -0.4098 -0.0681
0.5930 -0.3526 -0.1573
0.8420 -0.0981 -0.2259
0.9872 0.2140 -0.1865
0.9871 0.3504 -0.0890
0.8979 0.4903 0.2581
0.8141 0.3767 0.4349
0.6057 -0.2672 0.6567
0.5033 -0.8182 0.5649
0.5550 -0.7989 0.4039
0.8703 -0.2132 0.0267
1.1788 0.4112 -0.1691
1.2344 0.5745 -0.1586
1.1135 0.6172 -0.0425
0.7909 0.4346 0.0802
0.5675 0.3023 0.1278
0.0531 -0.0680 0.1905
-0.4550 -0.7450 0.1012
-0.6526 -1.1294 -0.0165
-0.8782 -1.6414 -0.3147
-0.9398 -1.9128 -0.6100
-0.8503 -1.9517 -0.7584
-0.3269 -1.4784 -1.0033
0.2938 -0.6306 -1.1178
0.4744 -0.2938 -1.1028
0.5365 0.0450 -0.9236
0.4854 0.0614 -0.8087
0.3321 -0.1301 -0.6707
0.2155 -0.4628 -0.6861
0.1310 -0.7986 -0.8142
0.0829 -0.9603 -0.9186
-0.0531 -1.2986 -1.1188
-0.1439 -1.4483 -1.1924
-0.3726 -1.6736 -1.3030
-0.6103 -1.7417 -1.4591
-0.7433 -1.8274 -1.6274
-0.7364 -1.8396 -1.6884
-0.6390 -1.7668 -1.7780
-0.5743 -1.7163 -1.8018
-0.4548 -1.6451 -1.8068
-0.4126 -1.6941 -1.8070
-0.3858 -1.7648 -1.7998
-0.2358 -1.8804 -1.7776
0.1006 -1.7633 -1.7402
0.2841 -1.6344 -1.7075
0.4557 -1.5554 -1.6856
0.2524 -1.7054 -1.6951
0.0109 -1.9559 -1.7305
-0.5584 -2.6898 -1.8946
-0.7476 -2.7237 -2.0241
-0.6285 -2.4187 -2.0706
-0.2021 -1.7337 -2.0137
-0.0432 -1.4614 -1.8861
-0.0615 -1.3664 -1.5639
-0.3149 -1.5388 -1.2522
-0.5149 -1.6560 -1.0789
-0.5476 -1.6783 -1.0472
-0.5183 -1.6395 -1.1085
-0.4636 -1.6534 -1.2943
-0.4457 -1.6779 -1.3981
-0.4182 -1.6313 -1.6052
-0.4121 -1.5470 -1.7166
-0.4179 -1.3197 -1.8899
-0.3678 -1.0339 -1.9307
-0.3206 -0.9374 -1.9107
-0.1823 -0.9055 -1.7771
-0.0544 -0.9396 -1.6202
-0.0219 -0.9509 -1.5870
-0.0034 -0.9662 -1.5764
0.0229 -1.0921 -1.5598
0.0617 -1.2101 -1.5359
0.1934 -1.3939 -1.4735
0.3473 -1.4385 -1.4189
0.3830 -1.3047 -1.3590
0.3474 -1.2365 -1.3405
0.2555 -1.1401 -1.3450
0.2210 -1.1293 -1.4003
0.2529 -1.1323 -1.4286
0.3949 -1.0870 -1.4380
0.4561 -1.0192 -1.3781
0.4147 -1.0376 -1.3247
0.2119 -1.1174 -1.2427
-0.0942 -1.1855 -1.2525
-0.2599 -1.1818 -1.2758
-0.5160 -1.2181 -1.3110
-0.6270 -1.2818 -1.3061
-0.6005 -1.3242 -1.2910
-0.3340 -1.2825 -1.2260
0.0633 -1.0486 -1.1117
0.1912 -1.0118 -1.0592
0.2193 -1.1813 -0.9534
0.1436 -1.4020 -0.8550
0.1252 -1.4459 -0.8437
0.1317 -1.4129 -0.8705
0.1346 -1.3343 -0.9327
0.0991 -1.3040 -0.9888
-0.0485 -1.3063 -1.1276
-0.1345 -1.3264 -1.2106
-0.2727 -1.3434 -1.3899
-0.2718 -1.2540 -1.5672
-0.2124 -1.1490 -1.6299
-0.0626 -0.9005 -1.6780
0.0205 -0.7026 -1.6415
0.0232 -0.6366 -1.6084
-0.0153 -0.5596 -1.5417
-0.1097 -0.5679 -1.4936
-0.1882 -0.5621 -1.4792
-0.3796 -0.5566 -1.4645
-0.5873 -0.5294 -1.4767
-0.6891 -0.5133 -1.4905
-0.8423 -0.4921 -1.4830
-0.8641 -0.4307 -1.3893
-0.8458 -0.4007 -1.3198
-0.8227 -0.3031 -1.1569
-0.7945 -0.2456 -0.9588
-0.7231 -0.2518 -0.8285
-0.4591 -0.2484 -0.5524
-0.1146 -0.2890 -0.3434
0.0496 -0.3047 -0.2818
0.2921 -0.3290 -0.2125
0.4510 -0.3155 -0.1368
0.4957 -0.2852 -0.1096
0.4846 -0.2730 -0.1057
0.4160 -0.3638 -0.1261
0.3865 -0.4374 -0.1429
0.3953 -0.6457 -0.1769
0.4294 -0.7285 -0.1688
0.4495 -0.8970 -0.1660
0.2816 -1.0775 -0.2660
0.1494 -1.1280 -0.3164
-0.0879 -1.0503 -0.3882
-0.2365 -0.9654 -0.4903
-0.2554 -1.0020 -0.5426
-0.0684 -1.1519 -0.6248
0.4374 -1.2246 -0.6001
0.7396 -1.2373 -0.5447
1.2015 -1.2912 -0.4550
1.2116 -1.3784 -0.5254
1.0354 -1.3748 -0.6519
0.4295 -1.1916 -1.0730
-0.2258 -0.7553 -1.5363
-0.4516 -0.5544 -1.7230
-0.6616 -0.3656 -1.9620
-0.7112 -0.4647 -2.0490
-0.7316 -0.6150 -2.0412
-0.7451 -0.9347 -1.9342
-0.6602 -1.1793 -1.7717
-0.5782 -1.2560 -1.6843
-0.3926 -1.1572 -1.5349
-0.3395 -0.8237 -1.4441
-0.3962 -0.7358 -1.4041
-0.6119 -0.6131 -1.3013
-0.7164 -0.5545 -1.2464
-0.7958 -0.4693 -1.1261
-0.6514 -0.3740 -0.9644
-0.5067 -0.3228 -0.8565
-0.2051 -0.2180 -0.6392
-0.0585 -0.0842 -0.4671
-0.0427 -0.0370 -0.3883
-0.0383 0.0520 -0.2289
0.0005 0.1440 -0.0986
0.0307 0.1663 -0.0327
0.1088 0.1628 0.0889
0.1997 0.2674 0.1867
0.2344 0.3203 0.2345
0.2074 0.2782 0.2931
0.1647 0.1968 0.3080
0.2073 0.2227 0.3121
0.4015 0.4143 0.3000
0.6078 0.7141 0.3402
0.6930 0.8680 0.4060
0.8160 1.1385 0.6224
0.8229 1.2838 0.8320
0.7348 1.2147 0.9029
0.3743 0.7710 1.0104
-0.1631 0.0688 0.9997
-0.4154 -0.2742 0.9395
-0.6720 -0.5874 0.8040
-0.5986 -0.5070 0.7649
-0.0580 0.0594 0.7723
0.5540 0.8221 0.8073
0.7085 1.0442 0.8633
0.6886 1.1076 1.0766
0.5351 0.8963 1.2296
0.4923 0.7693 1.2378
0.4633 0.5800 1.1074
0.4207 0.3862 0.8737
0.3635 0.2564 0.7476
0.1631 -0.0206 0.5062
-0.0882 -0.2511 0.2648
-0.1904 -0.3234 0.1492
-0.3030 -0.3597 -0.0361
-0.2679 -0.3469 -0.1270
-0.2168 -0.3565 -0.1319
-0.1587 -0.4027 -0.1103
-0.2562 -0.5074 -0.1303
-0.3187 -0.5321 -0.1475
-0.3791 -0.4713 -0.1538
-0.3660 -0.2656 -0.1332
-0.3990 -0.2383 -0.1581
-0.4999 -0.3399 -0.2309
-0.5675 -0.3814 -0.3682
-0.6168 -0.5145 -0.5159
-0.6554 -0.7910 -0.7890
-0.3152 -0.6489 -0.8448
0.0373 -0.4107 -0.7755
0.7830 -0.1309 -0.4717
1.0305 -0.2327 -0.3071
1.0565 -0.7989 -0.1589
0.5036 -1.4395 -0.4248
0.1202 -1.5764 -0.6813
-0.4446 -1.4012 -1.2630
-0.4730 -0.6886 -1.7033
-0.3597 -0.3222 -1.8166
-0.1265 0.0127 -1.8136
-0.0598 0.0203 -1.6147
-0.1162 -0.0431 -1.5042
-0.3369 -0.2272 -1.3305
-0.5482 -0.2763 -1.1699
-0.6313 -0.2882 -1.1007
-0.7465 -0.2659 -0.9759
-0.8279 -0.2886 -0.9015
-0.8534 -0.3404 -0.8744
-0.8211 -0.3897 -0.7687
-0.6461 -0.3527 -0.5870
-0.5111 -0.2844 -0.4666
-0.1905 -0.0832 -0.1494
0.1004 0.1579 0.2349
0.2020 0.2188 0.4198
0.2774 0.1593 0.6933
0.2869 0.0229 0.8175
0.2870 -0.0388 0.8165
0.3454 0.0149 0.7751
0.3843 0.1257 0.7257
0.3881 0.3830 0.5448
0.3116 0.7060 0.4221
0.2772 0.8190 0.4223
0.2560 0.7995 0.4928
0.3778 0.8114 0.6247
0.4957 0.9268 0.7245
0.7306 1.2822 0.9747
0.7658 1.4775 1.1835
0.6544 1.4398 1.2585
0.1768 1.0760 1.2908
-0.4182 0.4314 1.2004
-0.6542 0.1126 1.1452
-0.8091 -0.2173 1.0758
-0.3686 -0.0582 1.1642
0.0223 0.1885 1.2787
0.7069 0.7359 1.5200
0.8242 0.8382 1.7048
0.6999 0.7369 1.7652
0.3696 0.3857 1.7626
0.2213 0.1067 1.5887
0.2386 0.0438 1.4763
0.3668 0.1249 1.2500
0.3760 0.3134 1.0163
0.2958 0.3860 0.9117
0.0056 0.4396 0.7349
-0.2115 0.3698 0.5745
-0.2306 0.3684 0.4842
-0.1627 0.3347 0.3095
-0.1372 0.2881 0.2454
-0.1869 0.0754 0.1653
-0.3069 -0.1934 0.0903
-0.3359 -0.2547 0.0580
-0.3332 -0.1897 0.0150
-0.4489 -0.0958 -0.1139
-0.5508 -0.1040 -0.1842
-0.6638 -0.0755 -0.2599
-0.7296 -0.3286 -0.3738
-0.7568 -0.5762 -0.4224
-0.6199 -0.8771 -0.4424
-0.0884 -0.5803 -0.3255
0.2894 -0.2676 -0.1744
0.8414 0.0558 0.1575
0.7929 -0.3624 0.2939
0.5600 -0.7712 0.2310
-0.0855 -1.4344 -0.1638
-0.4908 -1.5260 -0.7183
-0.4785 -1.2984 -0.9807
-0.2242 -0.5820 -1.3823
-0.0975 -0.0621 -1.5181
-0.1441 0.1121 -1.5056
-0.3817 0.2181 -1.4162
-0.6186 0.1918 -1.3020
-0.6757 0.1751 -1.2445
-0.6755 0.1365 -1.1506
-0.6361 0.0146 -1.0760
-0.6452 -0.0723 -1.0465
-0.7087 -0.2284 -0.9817
-0.7392 -0.2143 -0.9419
-0.7581 -0.1009 -0.8329
-0.6104 0.0936 -0.5999
-0.4757 0.2098 -0.4386
-0.1631 0.3309 -0.0275
0.0926 0.3583 0.4069
0.1665 0.3451 0.5816
0.2325 0.2360 0.8248
0.2073 -0.0262 0.9066
0.1960 -0.1557 0.8914
0.2249 -0.2590 0.7947
0.3224 -0.1981 0.6635
0.3660 -0.1875 0.5853
0.4284 -0.0528 0.4547
0.4438 0.2677 0.4102
0.3850 0.3174 0.3890
0.2562 0.2981 0.4135
0.3778 0.5520 0.4754
0.5460 0.8184 0.5286
0.8940 1.4731 0.7110
0.9221 1.8015 0.9134
0.7699 1.7319 1.0115
0.2508 1.1698 1.1777
-0.3227 0.3418 1.2008
-0.5073 0.0171 1.2047
-0.5204 -0.1897 1.2375
-0.1362 0.0944 1.2613
0.0918 0.2868 1.2830
0.4135 0.6730 1.3761
0.4807 0.8106 1.4267
0.4727 0.9199 1.4790
0.4517 0.9383 1.4600
0.4673 0.9431 1.4274
0.4966 0.9358 1.3084
0.4410 0.8401 1.1217
0.3794 0.7532 1.0055
0.1924 0.5411 0.7618
0.0081 0.4091 0.5218
-0.0551 0.4019 0.4019
-0.1140 0.4936 0.1863
-0.1160 0.6391 0.0515
-0.1200 0.6597 0.0212
-0.1540 0.5726 -0.0070
-0.2655 0.3364 -0.0472
-0.3325 0.2578 -0.0733
-0.3857 0.1943 -0.0665
-0.3753 0.2359 0.0669
-0.4274 0.1573 0.1368
-0.6740 -0.1401 0.2146
-0.8204 -0.4230 0.1451
-0.7201 -0.4041 0.0649
-0.0485 0.2859 -0.0373
0.8571 1.0500 0.1625
1.1763 1.1512 0.3624
1.3629 0.7697 0.7484
1.2339 0.3459 0.8227
0.6933 -0.6809 0.6532
0.0604 -1.3023 0.1666
-0.1357 -1.3029 -0.0726
-0.1583 -0.6826 -0.4579
0.1178 0.2634 -0.6427
0.2217 0.6124 -0.6426
0.2392 0.8950 -0.4990
0.1550 0.8634 -0.2860
0.1177 0.7646 -0.1985
0.1251 0.5176 -0.0257
0.2148 0.3089 0.1435
0.2403 0.2184 0.2150
0.1308 0.0350 0.2889
-0.1283 -0.1325 0.2981
-0.2517 -0.2082 0.2761
-0.2954 -0.1644 0.2499
-0.0883 0.0291 0.3207
0.0529 0.0783 0.4008
0.3148 0.1152 0.6337
0.5233 0.2464 0.8184
0.6014 0.3614 0.8701
0.6973 0.6134 0.9289
0.6985 0.8050 0.9484
0.6815 0.8443 0.9609
0.6367 0.8162 0.9616
0.5501 0.7181 0.9281
0.4878 0.6716 0.9214
0.3648 0.5271 0.9299
0.3247 0.4850 0.9541
0.2991 0.6160 1.0658
0.1958 0.5930 1.2234
0.0616 0.3182 1.2447
-0.1093 -0.2763 1.2267
0.2010 -0.2409 1.1004
0.5123 0.1680 0.9996
0.9676 1.0754 0.8155
0.8482 1.5052 0.7657
0.9483 1.3468 1.1548
0.5080 0.5665 0.9256
-0.1370 0.7918 -0.4605
-0.2730 1.2795 -1.0726
-0.2283 2.9249 -2.2026
-0.0222 3.1525 -2.7661
0.1144 2.1813 -2.5358
0.4297 -0.4022 -1.0092
0.8099 -1.9091 0.0710
0.9733 -2.1044 0.2844
0.8787 -1.8346 0.6152
0.1828 -0.7165 0.6648
-0.1476 -0.0277 0.4803
-0.4288 1.0399 -0.0716
-0.1159 1.4634 -0.5082
0.0998 1.4545 -0.6550
0.3227 1.4002 -0.8877
0.3141 1.4890 -0.9286
0.1326 1.6958 -0.8012
0.0782 1.5354 -0.3292
0.0521 1.1500 -0.0929
-0.0559 0.1849 0.1927
-0.1541 -0.5383 0.2094
-0.1650 -0.7024 0.1468
-0.1437 -0.6505 -0.0517
-0.0906 -0.5452 -0.2005
-0.0643 -0.5112 -0.2299
-0.0532 -0.3442 -0.2225
-0.1744 -0.1746 -0.2249
-0.2564 -0.1100 -0.2637
-0.3504 -0.1051 -0.3847
-0.2665 -0.1760 -0.4358
-0.1667 -0.0788 -0.4279
0.0189 0.2432 -0.3546
-0.0023 0.3691 -0.2447
-0.0755 0.2978 -0.1910
-0.1772 0.0731 -0.0951
-0.1265 -0.1309 -0.0026
-0.0949 -0.1829 0.0097
-0.1146 -0.1718 0.0226
-0.2485 -0.2029 0.0546
-0.3187 -0.2495 0.0427
-0.3823 -0.2435 -0.0543
-0.3910 -0.2201 -0.1638
-0.3916 -0.1975 -0.1812
-0.3917 -0.1250 -0.1346
-0.3970 -0.0882 -0.0798
-0.4261 -0.1110 0.0311
-0.4194 -0.1887 0.1234
-0.3893 -0.2088 0.1713
-0.3186 -0.1957 0.2109
-0.3055 -0.1500 0.0915
-0.3359 -0.1235 0.0016
-0.4278 0.0014 -0.1528
-0.4920 0.0900 -0.2070
-0.5000 0.0932 -0.2103
-0.5246 -0.0212 -0.1309
-0.5778 -0.1625 0.0919
-0.5980 -0.2322 0.2034
-0.5494 -0.1432 0.3807
-0.3824 0.0888 0.5015
-0.2823 0.1832 0.5427
-0.0920 0.2787 0.6121
0.0602 0.2698 0.6649
0.1241 0.2671 0.6768
0.2274 0.3017 0.6646
0.2961 0.3542 0.6320
0.3094 0.3845 0.6084
0.2785 0.3759 0.5788
0.2303 0.3132 0.5647
0.2050 0.2801 0.5448
0.1506 0.2170 0.5026
0.1213 0.1950 0.4850
0.0451 0.2010 0.4648
-0.0825 0.1374 0.4409
-0.1399 0.0812 0.4315
-0.2080 -0.0562 0.4111
-0.1955 -0.1220 0.3753
-0.1633 -0.1336 0.3539
-0.0828 -0.1506 0.3031
-0.0302 -0.0848 0.2484
-0.0177 -0.0363 0.2218
-0.0091 0.0556 0.1655
0.0265 0.0637 0.1105
0.0629 0.0506 0.0815
0.1439 0.0242 0.0239
0.2134 -0.0052 -0.0359
0.2396 -0.0173 -0.0665
0.2870 -0.0209 -0.1040
0.2804 0.0336 -0.1007
0.2612 0.0570 -0.0858
0.2166 0.0979 -0.0658
0.2039 0.1150 -0.0498
0.2080 0.0930 -0.0487
0.2302 0.0610 -0.0465
0.2298 0.0693 -0.0691
0.2053 0.0665 -0.0830
0.1665 0.1047 -0.1046
0.1363 0.1507 -0.1335
0.1210 0.1396 -0.1428
0.0899 0.0908 -0.1484
0.0786 0.0597 -0.1494
0.0660 0.0394 -0.1545
0.0671 0.0622 -0.1599
0.0751 0.0785 -0.1572
0.1061 0.0527 -0.1365
0.1226 0.0363 -0.1265
0.1291 0.0367 -0.1270
0.1409 0.0344 -0.1301
0.1609 0.0326 -0.1483
0.1718 0.0421 -0.1641
0.1894 0.0789 -0.1989
0.1661 0.0673 -0.2251
0.1493 0.0282 -0.2187
0.1333 -0.0320 -0.2086
0.1340 -0.0510 -0.2387
0.1315 -0.0587 -0.2483
0.1321 -0.0591 -0.2406
0.1040 -0.0590 -0.2388
0.0898 -0.0576 -0.2310
0.0818 -0.0813 -0.2322
0.0771 -0.0968 -0.2265
0.0707 -0.0930 -0.2344
0.0519 -0.1071 -0.2539
0.0369 -0.1167 -0.2616
0.0388 -0.1094 -0.2558
0.0419 -0.0947 -0.2298
0.0200 -0.0925 -0.1887
-0.0053 -0.0936 -0.1681
-0.0428 -0.1084 -0.1223
-0.0477 -0.1129 -0.0917
-0.0610 -0.1316 -0.0409
-0.1093 -0.1267 0.0371
-0.1609 -0.1594 0.0746
-0.2515 -0.2383 0.1904
-0.3131 -0.3305 0.3225
-0.3384 -0.3523 0.3930
-0.3629 -0.2883 0.5424
-0.3086 -0.1703 0.6625
-0.2433 -0.1275 0.7333
-0.0803 -0.2344 0.8854
0.0085 -0.2732 0.9228
0.0271 -0.0975 0.8129
0.0727 0.2794 0.4123
0.1000 0.2990 0.0002
0.1025 0.2278 -0.1515
0.1351 0.0790 -0.3773
0.2009 -0.0450 -0.4736
0.2134 -0.0896 -0.4852
0.1544 -0.1268 -0.4597
0.0028 -0.1839 -0.4392
-0.0673 -0.2506 -0.4479
-0.1304 -0.4063 -0.4255
-0.0552 -0.5545 -0.3149
-0.0058 -0.5799 -0.2623
0.0106 -0.6310 -0.1740
-0.0186 -0.6698 -0.1061
-0.0357 -0.6402 0.0588
0.0311 -0.4562 0.2099
0.0319 -0.3322 0.2728
-0.1376 -0.1143 0.3255
-0.4437 -0.0312 0.2846
-0.5839 -0.0598 0.2551
-0.7085 -0.1155 0.2199
-0.5340 -0.0258 0.3877
-0.3982 0.0657 0.5504
-0.2120 0.2880 0.9618
-0.2994 0.3926 1.3202
-0.4037 0.3791 1.4151
-0.5428 0.2735 1.4143
-0.5019 0.2098 1.2511
-0.4328 0.2495 1.1368
-0.2067 0.4156 0.9391
0.0217 0.5833 0.8208
0.0621 0.6719 0.7964
-0.0535 0.7528 0.7515
-0.3142 0.7375 0.6541
-0.4424 0.6829 0.5920
-0.6129 0.4901 0.5423
-0.6420 0.2479 0.6688
-0.6106 0.1929 0.7754
-0.5186 0.2238 0.9713
-0.4248 0.3115 1.1757
-0.3928 0.3383 1.2586
-0.3597 0.3836 1.4189
-0.3632 0.3748 1.4882
-0.3604 0.3005 1.5766
-0.2230 0.1687 1.5053
-0.1413 0.1938 1.3905
-0.0756 0.3194 1.2521
-0.0626 0.3598 1.1897
-0.0478 0.3930 1.1246
0.0079 0.4670 1.0881
0.0605 0.5400 1.0640
0.1893 0.7269 0.9861
0.3385 0.8091 0.9028
0.4050 0.7928 0.8772
0.4471 0.7693 0.8435
0.3744 0.7982 0.8046
0.3047 0.8149 0.7781
0.1304 0.7693 0.7121
-0.0450 0.6302 0.6285
-0.1033 0.5723 0.5873
-0.1465 0.5092 0.5311
-0.1551 0.4519 0.5338
-0.1690 0.3911 0.5419
-0.1970 0.2308 0.5652
-0.1474 0.1509 0.5326
-0.0554 0.1956 0.5005
0.1484 0.3847 0.4301
0.2294 0.4363 0.3883
0.3240 0.4586 0.3734
0.3276 0.4361 0.3637
0.3157 0.4039 0.3352
0.3314 0.2940 0.2803
0.4156 0.2216 0.2454
0.4536 0.1885 0.2104
0.4178 0.0687 0.0962
0.2874 -0.1983 -0.0232
0.2346 -0.3528 -0.0546
0.1591 -0.5356 -0.0713
0.0518 -0.5345 -0.0780
-0.0059 -0.4632 -0.0922
-0.0995 -0.2015 -0.1576
-0.1207 0.0889 -0.1877
-0.1045 0.1804 -0.1824
-0.0465 0.1555 -0.1684
0.0518 0.0907 -0.1509
0.0760 0.0506 -0.1561
0.0400 -0.0833 -0.1591
-0.0028 -0.2206 -0.1215
-0.0040 -0.2121 -0.0955
-0.0922 -0.3085 -0.1059
-0.2782 -0.4079 -0.1374
-0.2827 -0.2238 -0.1223
-0.0467 0.4567 -0.0971
0.0707 0.7693 -0.0691
0.0975 0.8622 0.1103
-0.0919 0.4414 0.3540
-0.1878 0.1721 0.4442
-0.2436 -0.0812 0.5681
-0.1820 0.0280 0.6561
-0.1234 0.1167 0.6934
0.0598 0.3838 0.8432
0.3356 0.6249 0.8845
0.4600 0.7101 0.8656
0.5898 0.8179 0.8093
0.5574 0.7106 0.7794
0.4980 0.5275 0.7645
0.3848 0.1275 0.7604
0.3556 0.0475 0.7241
0.3759 0.1603 0.7018
0.5133 0.5808 0.6621
0.6341 0.9541 0.6794
0.6483 1.0052 0.7391
0.6535 0.8693 0.9309
0.6840 0.6836 1.1161
0.6677 0.5563 1.1478
0.5909 0.4471 1.1071
0.4811 0.4618 0.9388
0.3944 0.4117 0.8308
0.2230 0.3842 0.6142
0.1603 0.4981 0.3298
0.2074 0.7510 0.1453
0.3803 1.2282 -0.2556
0.4017 1.1489 -0.2080
0.4040 0.8490 0.0308
0.4485 0.2615 0.1527
0.4708 0.0288 0.1526
0.4344 -0.3570 0.0158
0.3173 -0.6011 -0.1862
0.2455 -0.6811 -0.2594
0.2007 -0.7382 -0.2699
0.4793 0.1208 -0.1821
0.6137 0.5286 -0.2022
0.5190 0.6088 -0.2826
0.3102 0.3709 -0.1663
0.2179 0.1658 -0.0690
0.1440 -0.0921 0.0567
0.1730 -0.1439 0.0902
0.1794 -0.0731 0.1009
0.1116 0.0505 0.1065
0.0190 -0.0078 0.0880
-0.0064 -0.0644 0.0643
0.0191 -0.1526 0.0045
0.1581 -0.0602 0.0149
0.2477 0.0073 0.0312
0.3247 0.0281 0.0415
0.2857 0.0234 0.0503
0.2244 -0.0074 0.0364
0.1333 0.0039 0.0002
0.0923 -0.0292 -0.0183
0.0670 -0.0529 -0.0343
0.0366 -0.1225 -0.0238
0.0408 -0.1404 -0.0229
0.0817 -0.1447 -0.0200
0.1083 -0.1323 -0.0165
0.1068 -0.1240 -0.0120
0.0552 -0.1484 -0.0191
0.0286 -0.1483 0.0055
0.0252 -0.1396 0.0067
0.0063 -0.1012 -0.0031
-0.0246 -0.0869 0.0020
-0.0463 -0.0880 0.0034
-0.0887 -0.0784 -0.0040
-0.0991 -0.0734 0.0086
-0.0878 -0.0810 0.0177
-0.0524 -0.0600 0.0292
-0.0361 -0.0445 0.0348
-0.0439 -0.0352 0.0333
-0.0682 -0.0191 0.0264
-0.0900 -0.0252 0.0196
-0.0900 -0.0437 0.0172
-0.0948 -0.0856 -0.0018
-0.0919 -0.0822 0.0013
-0.0744 -0.0673 0.0044
-0.0382 -0.0301 -0.0082
-0.0430 -0.0067 -0.0076
-0.0481 0.0068 0.0047
-0.0504 0.0196 0.0078
-0.0484 0.0206 0.0122
-0.0430 0.0082 0.0143
-0.0173 0.0118 0.0026
-0.0054 0.0107 0.0054
-0.0059 0.0281 0.0094
-0.0163 0.0494 0.0257
-0.0165 0.0710 0.0317
-0.0168 0.0817 0.0288
0.0078 0.0584 0.0246
0.0217 0.0587 0.0217
0.0427 0.0576 0.0199
0.0196 0.0640 0.0170
0.0049 0.0639 0.0180
-0.0155 0.0285 0.0112
-0.0280 0.0044 -0.0038
-0.0304 0.0130 -0.0078
-0.0194 0.0462 0.0101
0.0247 0.0405 0.0198
0.0422 0.0314 0.0166
0.0124 0.0188 0.0109
-0.0372 -0.0031 0.0292
-0.0395 -0.0113 0.0386
0.0090 -0.0025 0.0225
0.0328 0.0052 0.0064
0.0159 0.0047 0.0018
-0.0109 0.0285 0.0101
-0.0115 0.0238 0.0232
-0.0153 0.0238 0.0222
-0.0314 -0.0043 0.0233
-0.0352 -0.0160 0.0254
-0.0140 -0.0111 0.0104
-0.0022 0.0262 0.0155
0.0010 0.0368 0.0164
0.0164 0.0352 0.0243
0.0358 0.0333 0.0158
0.0330 0.0310 0.0155
0.0074 0.0288 0.0210
0.0018 -0.0033 0.0203
0.0123 -0.0217 0.0201
0.0303 0.0032 0.0281
0.0333 0.0276 0.0431
0.0313 0.0402 0.0583
0.0367 0.0734 0.0799
0.0466 0.0973 0.0990
0.0457 0.0906 0.1148
0.0408 0.0374 0.1354
0.0521 0.0222 0.1179
0.0621 0.0129 0.1237
0.1430 -0.1063 0.1094
0.1936 -0.0446 0.0431
0.1533 0.0288 0.0394
0.0277 0.1067 0.0330
-0.0477 0.1292 0.0406
-0.0677 0.0905 0.0449
-0.0785 -0.0235 0.0284
-0.0570 -0.0191 0.0166
-0.0278 0.0803 -0.0102
0.0033 0.1352 0.0006
0.0073 0.1571 -0.0062
0.0305 0.1208 -0.0026
0.0597 0.0348 0.0181
0.0575 -0.0089 0.0232
0.0062 -0.0611 0.0195
-0.0275 -0.0361 0.0165
-0.0162 -0.0118 0.0143
0.0165 0.0028 0.0094
0.0373 -0.0053 0.0193
0.0361 -0.0286 0.0146
0.0288 -0.0481 0.0191
-0.0169 -0.0283 0.0246
-0.0352 -0.0134 0.0234
-0.0359 -0.0246 0.0280
-0.0083 -0.0819 0.0123
-0.0024 -0.0971 0.0079
-0.0192 -0.0738 0.0012
-0.0397 -0.0146 0.0050
-0.0358 0.0114 0.0100
-0.0230 0.0488 -0.0064
-0.0210 0.0186 0.0024
-0.0206 -0.0122 0.0014
-0.0249 -0.0421 -0.0117
-0.0271 -0.0383 -0.0090
-0.0239 -0.0045 -0.0084
-0.0245 0.0139 -0.0055
-0.0154 -0.0057 0.0051
-0.0029 -0.0200 0.0064
0.0211 -0.0073 0.0013
0.0260 0.0023 -0.0036
0.0150 0.0034 -0.0100
-0.0038 0.0066 -0.0161
-0.0098 0.0162 -0.0127
0.0075 0.0250 -0.0180
0.0263 0.0219 -0.0258
0.0315 0.0156 -0.0190
0.0396 0.0121 -0.0125
0.0396 0.0174 -0.0090
0.0371 0.0165 -0.0091
0.0307 0.0060 -0.0036
0.0331 0.0278 -0.0081
0.0392 0.0359 -0.0112
0.0506 0.0289 -0.0112
0.0347 -0.0021 -0.0040
0.0229 -0.0092 -0.0024
0.0059 -0.0075 0.0086
0.0271 0.0164 0.0073
0.0325 0.0295 0.0066
0.0218 0.0177 0.0057
0.0153 -0.0030 0.0060
0.0219 -0.0101 0.0052
0.0205 -0.0046 -0.0081
-0.0120 0.0042 -0.0077
-0.0165 0.0110 -0.0037
0.0191 0.0144 -0.0053
0.0312 0.0235 -0.0073
0.0148 0.0175 0.0037
-0.0029 0.0065 0.0137
0.0029 0.0052 0.0135
0.0157 0.0069 0.0131
-0.0212 0.0290 0.0156
-0.0399 0.0321 0.0308
0.0437 0.1847 -0.0144
-0.0009 -0.0049 -0.0152
-0.0696 -0.0766 0.0498
-0.1386 -0.0958 0.0707
0.0464 0.0132 -0.0052

