0.0000 0.0000 0.0000
0.0000 0.0000 0.0000
0.0000 0.0000 0.0000
0.0000 0.0000 0.0000
0.0849 0.0094 0.0029
0.0987 -0.0017 -0.0018
0.1082 0.0078 0.0051
0.0847 0.0043 0.0024
0.0669 0.0073 0.0018
0.0372 -0.0062 0.0241
0.0230 0.0138 0.0449
0.0227 0.0404 0.0346
0.0072 0.0093 0.0168
0.0072 0.0093 0.0168
0.0226 -0.0893 0.0218
0.1369 -0.1963 0.0130
0.2807 -0.3367 0.0026
0.3250 -0.3902 0.0003
0.3459 -0.4023 -0.0033
0.1687 -0.2011 -0.0033
0.1570 -0.1476 -0.0071
0.1275 -0.0956 0.0184
0.1282 -0.0885 0.0499
0.1350 -0.0891 0.0332
0.1310 -0.0922 0.0288
0.1331 -0.0772 0.0262
0.1297 -0.0550 0.0086
0.1262 0.0094 -0.0154
0.1175 0.0497 -0.0155
0.1016 0.0563 -0.0060
0.0390 0.0408 0.0149
0.0278 0.0400 0.0146
0.0420 0.0374 0.0130
0.0622 0.0004 0.0157
0.0468 -0.0110 0.0133
0.0433 -0.0023 0.0096
0.0502 0.0002 0.0160
0.0401 -0.0236 0.0359
-0.0076 -0.0579 0.0352
-0.0604 0.0452 0.0149
0.1527 0.0277 -0.0224
0.1904 0.0050 -0.0451
0.0689 0.0425 -0.0365
-0.0195 0.0497 0.0111
0.0207 0.0525 0.0075
0.1000 0.0143 -0.0192
0.0848 -0.0042 -0.0015
0.0582 -0.0100 0.0024
0.0331 -0.0102 -0.0027
-0.0057 -0.0287 0.0048
0.0275 0.0230 -0.0159
0.0658 0.0073 -0.0347
0.0290 0.0319 -0.0322
-0.0036 0.0160 0.0000
-0.0131 0.0218 0.0192
-0.0369 0.0066 0.0631
-0.0423 0.0109 0.0844
-0.0170 0.0658 0.0906
0.0063 0.0943 0.0946
0.0548 0.0909 0.0784
0.0935 0.0738 0.0435
0.1278 0.0359 -0.0234
0.3652 0.0360 -0.2685
0.5765 0.0521 -0.2843
0.6001 0.0394 -0.2933
0.5639 0.0366 -0.3117
0.5028 0.1439 -0.2896
0.4780 0.2217 -0.2781
0.3947 0.3984 -0.2789
0.2015 0.5207 -0.2133
0.1079 0.5013 -0.1434
-0.0025 0.3256 -0.0190
0.0424 0.0664 0.0562
0.1013 -0.0384 0.0615
0.2226 -0.1408 0.0342
0.2499 -0.2734 0.0048
0.2121 -0.3003 0.0025
0.1330 -0.2879 0.0795
0.0820 -0.2257 0.1949
0.0091 -0.2084 0.2425
-0.2418 -0.1626 0.3448
-0.4221 -0.0680 0.3641
-0.4178 -0.0135 0.3149
-0.1467 0.1835 0.0127
-0.0213 0.0958 -0.0722
0.0804 -0.1004 -0.0869
-0.0205 -0.1402 -0.0389
-0.0971 -0.0595 -0.0273
-0.2547 0.1268 -0.0353
-0.3384 0.1283 0.0117
-0.3356 0.1272 0.0222
-0.2526 0.0962 0.0246
-0.1793 0.0051 0.0428
-0.1702 -0.0090 0.0453
-0.1724 0.0056 0.0442
-0.1628 0.0003 0.0366
-0.1531 -0.0032 0.0343
-0.1565 -0.0317 0.0200
-0.1495 -0.0562 0.0340
-0.1285 -0.0509 0.0282
-0.0644 -0.0252 -0.0146
-0.0132 -0.0408 -0.0150
0.0176 -0.0389 -0.0178
0.0442 -0.0105 -0.0398
0.0243 0.0353 -0.0420
0.0061 0.0506 -0.0414
-0.0033 0.0052 -0.0353
0.0196 -0.0426 -0.0295
0.0390 -0.0450 -0.0267
0.0589 -0.0170 -0.0150
0.0242 0.0280 0.0028
-0.0017 0.0408 0.0141
0.0072 0.0317 0.0233
0.0480 0.0286 0.0276
0.1147 0.0232 0.0120
0.1057 0.0022 0.0248
0.0906 -0.0067 0.0336
0.1026 0.0226 0.0401
0.1616 0.0311 0.0363
0.1730 0.0103 0.0298
0.1667 -0.0279 0.0419
0.1660 0.0018 0.0586
0.1807 0.0075 0.0736
0.2580 0.0187 0.0619
0.2991 0.0143 0.0341
0.2766 0.0078 0.0322
0.1749 -0.0138 0.0355
0.1251 -0.0147 0.0100
0.1244 -0.0132 -0.0054
0.1354 0.0138 -0.0317
0.1292 0.0147 -0.0349
0.1249 0.0196 -0.0297
0.1387 0.0285 -0.0414
0.1673 0.0093 -0.0519
0.1707 0.0107 -0.0410
0.1296 0.0136 -0.0248
0.1043 0.0145 -0.0100
0.1142 0.0177 -0.0044
0.1489 0.0213 -0.0087
0.1569 0.0227 -0.0016
0.1429 0.0239 0.0024
0.1278 0.0354 -0.0087
0.1245 0.0285 -0.0160
0.1258 0.0166 -0.0119
0.1386 -0.0123 -0.0187
0.1479 -0.0223 -0.0245
0.1704 -0.0648 -0.0359
0.1962 -0.0932 -0.0484
0.2141 -0.1032 -0.0574
0.2238 -0.0894 -0.0687
0.1932 -0.0672 -0.0710
0.1886 -0.0535 -0.0643
0.2200 -0.0165 -0.0613
0.2568 0.0326 -0.0685
0.2577 0.0336 -0.0610
0.2711 0.0204 -0.0414
0.2858 0.0165 -0.0460
0.2856 0.0179 -0.0365
0.2797 0.0393 -0.0216
0.2615 0.0737 -0.0203
0.2469 0.0711 -0.0173
0.2454 0.0409 -0.0173
0.2555 0.0366 -0.0290
0.2557 0.0334 -0.0266
0.2170 0.0134 -0.0167
0.1852 -0.0029 -0.0029
0.1804 -0.0029 -0.0077
0.1644 0.0109 -0.0198
0.1638 0.0107 -0.0157
0.1783 0.0189 -0.0094
0.1833 0.0010 -0.0047
0.1736 -0.0123 0.0061
0.1539 0.0097 0.0271
0.1282 0.0454 0.0212
0.1017 0.0710 0.0282
0.0597 0.0676 0.0321
0.0420 0.0261 0.0158
0.0431 0.0088 0.0065
0.0478 0.0051 -0.0015
0.0459 0.0245 -0.0016
0.0373 0.0335 -0.0050
0.0237 0.0285 0.0021
0.0238 0.0021 0.0018
0.0188 -0.0082 -0.0012
0.0051 -0.0248 0.0062
0.0098 -0.0283 0.0142
0.0240 -0.0202 0.0185
0.0359 0.0060 0.0123
0.0143 0.0129 0.0091
0.0033 0.0117 0.0103
0.0054 -0.0025 0.0076
0.0286 -0.0133 -0.0069
0.0349 -0.0135 -0.0097
0.0303 -0.0037 -0.0037
0.0270 -0.0036 -0.0021
0.0252 0.0057 0.0043
0.0291 0.0115 0.0052
0.0274 0.0258 -0.0046
0.0157 0.0226 -0.0040
0.0068 -0.0016 -0.0001
0.0162 -0.0019 0.0036
0.0360 0.0095 -0.0049
0.0339 0.0064 -0.0013
0.0320 0.0068 0.0020
0.0341 0.0091 0.0053
0.0362 0.0273 0.0067
0.0272 0.0328 0.0088
0.0115 0.0272 0.0138
0.0252 0.0126 0.0115
0.0351 0.0140 0.0010
0.0426 0.0129 -0.0018
0.0200 0.0139 0.0065
0.0078 0.0199 0.0087
0.0043 0.0046 0.0052
0.0188 -0.0055 -0.0165
0.0240 -0.0036 -0.0227
0.0291 0.0171 -0.0204
0.0267 0.0200 -0.0169
0.0241 0.0109 -0.0075
0.0041 -0.0103 0.0069
-0.0003 0.0057 0.0038
0.0032 0.0131 0.0022
0.0057 0.0085 -0.0052
-0.0004 0.0044 -0.0094
0.0002 -0.0115 -0.0076
0.0068 -0.0148 -0.0116
0.0044 -0.0055 -0.0167
0.0046 0.0142 -0.0219
0.0145 0.0204 -0.0198
0.0163 0.0211 -0.0172
0.0085 -0.0014 -0.0052
-0.0187 -0.0167 -0.0053
-0.0317 -0.0160 0.0009
-0.0233 0.0129 0.0064
0.0007 0.0278 0.0021
0.0053 0.0182 -0.0021
0.0153 0.0042 0.0006
0.0331 0.0014 0.0109
0.0339 0.0064 0.0038
0.0142 0.0115 -0.0049
0.0309 0.0020 -0.0112
0.0556 0.0062 -0.0100
0.0606 0.0075 -0.0037
0.0182 0.0137 -0.0027
-0.0025 0.0166 -0.0053
-0.0102 0.0144 -0.0073
0.0641 -0.0115 -0.0043
0.0943 0.0083 -0.0142
0.0740 0.0355 -0.0215
0.0450 0.0382 -0.0155
-0.0039 0.0357 -0.0051
-0.0165 0.0370 0.0118
-0.0141 0.0159 0.0138
0.0275 -0.0251 0.0219
0.0550 -0.0135 0.0146

