0.0563 0.0131 0.0106
0.0482 0.0208 0.0020
0.0431 0.0201 0.0072
0.0315 0.0152 0.0088
0.0144 0.0067 0.0107
0.0104 -0.0146 0.0111
0.0210 -0.0088 0.0119
0.0248 -0.0113 0.0117
0.0232 0.0035 0.0139
0.0263 0.0113 0.0095
0.0259 0.0071 0.0128
0.0232 0.0163 0.0196
0.0207 0.0259 0.0143
0.0070 0.0134 0.0162
-0.0067 0.0163 0.0194
-0.0110 0.0182 0.0190
-0.0248 -0.0042 0.0213
-0.0297 -0.0186 0.0171
-0.0198 -0.0163 0.0114
0.0023 -0.0094 -0.0068
0.0067 -0.0013 -0.0071
0.0000 0.0112 -0.0056
0.0040 0.0069 -0.0051
0.0179 -0.0021 -0.0065
0.0203 -0.0099 -0.0214
-0.0032 0.0003 -0.0086
-0.0213 -0.0046 -0.0017
-0.0152 -0.0045 0.0018
0.0143 -0.0200 0.0015
0.0247 -0.0153 0.0039
0.0132 0.0040 0.0147
-0.0046 0.0223 0.0046
-0.0151 0.0203 0.0027
-0.0036 -0.0046 -0.0015
0.0128 0.0064 -0.0149
0.0160 0.0091 -0.0079
0.0173 0.0076 -0.0045
0.0217 0.0000 -0.0131
0.0180 -0.0047 -0.0115
-0.0106 -0.0001 -0.0101
-0.0143 0.0078 0.0118
-0.0082 0.0260 0.0138
0.0006 0.0281 0.0178
0.0076 -0.0058 0.0126
0.0139 -0.0094 0.0117
0.0197 -0.0003 0.0138
0.0315 -0.0217 0.0176
0.0534 -0.0426 0.0099
0.0525 -0.0027 -0.0050
0.0314 0.0241 0.0015
-0.0029 0.0541 0.0107
-0.0091 0.0578 0.0118
-0.0116 0.0293 0.0277
-0.0087 0.0052 0.0342
0.0144 -0.0141 0.0278
0.0459 0.0065 0.0039
0.0503 0.0231 -0.0033
0.0366 0.0299 -0.0142
0.0140 0.0248 -0.0158
-0.0173 0.0029 0.0003
0.0057 -0.0233 0.0117
0.0317 -0.0193 0.0058
0.0438 0.0200 -0.0022
0.0013 0.0229 -0.0054
-0.0126 0.0219 -0.0073
0.0006 0.0048 0.0001
0.0182 -0.0134 0.0073
0.0164 -0.0153 0.0065
0.0044 -0.0002 0.0124
0.0092 0.0147 0.0145
0.0160 0.0129 0.0156
0.0219 0.0040 0.0070
0.0182 -0.0050 -0.0021
0.0241 0.0057 -0.0086
0.0293 0.0203 -0.0135
0.0033 0.0223 -0.0064
-0.0185 0.0128 -0.0006
-0.0259 -0.0279 0.0069
-0.0068 -0.0349 0.0098
0.0187 -0.0153 0.0077
0.0036 0.0248 0.0244
-0.0153 0.0377 0.0316
-0.0351 0.0201 0.0297
-0.0174 0.0055 0.0198
0.0024 0.0240 0.0163
0.0035 0.0254 0.0137
-0.0107 0.0336 0.0115
-0.0231 0.0261 0.0082
-0.0344 0.0071 0.0006
-0.0075 0.0117 0.0058
0.0024 0.0232 0.0054
-0.0100 0.0126 0.0100
-0.0175 0.0096 0.0132
-0.0079 0.0123 0.0106
0.0098 0.0093 0.0008
0.0097 0.0207 -0.0035
-0.0011 0.0298 -0.0009
-0.0174 0.0399 0.0077
-0.0065 0.0534 0.0037
-0.0129 0.0643 0.0011
-0.0328 0.0625 0.0116
-0.0702 0.0468 -0.0128
0.0571 0.1791 -0.1171
0.0875 0.0568 -0.1234
-0.0009 0.0247 0.0012
-0.0770 0.0506 0.0187
-0.1249 0.0121 0.0937
0.0754 0.0834 0.0119
0.0673 -0.0649 0.0197
0.0004 -0.0242 0.0402
-0.0462 0.0381 0.0413
0.0089 0.0255 0.0380
0.0385 0.0218 0.0305
0.0320 0.0190 0.0023
-0.0265 0.0015 0.0206
-0.0488 0.0013 0.0189
-0.0456 -0.0235 0.0072
-0.0060 -0.0123 0.0037
0.0057 -0.0003 -0.0042
-0.0140 0.0315 0.0058
-0.0612 0.0402 0.0170
-0.0790 0.0307 0.0178
-0.1079 0.0414 0.0058
-0.1186 0.0243 0.0132
-0.1188 0.0283 0.0148
-0.1415 0.0260 0.0240
-0.1916 0.0413 0.0171
-0.2078 0.0365 0.0149
-0.1981 0.0291 -0.0033
-0.1737 -0.0054 -0.0219
-0.1665 -0.0031 -0.0278
-0.1745 0.0244 -0.0313
-0.1803 0.0371 -0.0302
-0.1859 0.0337 -0.0365
-0.2270 0.0037 -0.0572
-0.2554 -0.0062 -0.0612
-0.2727 -0.0103 -0.0575
-0.2355 -0.0357 -0.0244
-0.2108 -0.0593 -0.0130
-0.1792 -0.0518 -0.0063
-0.2068 -0.0497 -0.0115
-0.2420 -0.0330 -0.0033
-0.3061 0.0049 0.0319
-0.2862 0.0245 0.0472
-0.2572 0.0102 0.0523
-0.1916 -0.0244 0.0575
-0.1469 -0.0601 0.0350
-0.1294 -0.0647 0.0189
-0.0958 -0.0484 0.0021
-0.0688 -0.0222 -0.0256
-0.0734 0.0010 -0.0422
-0.1037 0.0540 -0.0488
-0.0907 0.0513 -0.0352
-0.0713 0.0283 -0.0336
-0.0392 -0.0176 -0.0314
-0.0149 -0.0134 -0.0285
-0.0051 0.0152 -0.0274
-0.0560 0.0565 -0.0206
-0.1195 0.0225 0.0188
-0.1184 0.0007 0.0308
-0.0730 -0.0292 0.0334
-0.0407 -0.0144 0.0391
-0.0400 -0.0015 0.0435
-0.0525 0.0272 0.0539
-0.0501 0.0216 0.0526
-0.0593 0.0054 0.0447
-0.0930 0.0076 0.0346
-0.1001 0.0012 0.0362
-0.0924 0.0021 0.0359
-0.0658 -0.0041 0.0351
-0.0621 -0.0030 0.0342
-0.0887 0.0119 0.0314
-0.0902 0.0543 0.0301
-0.0923 0.0712 0.0247
-0.1177 0.1089 0.0590
-0.1505 0.1381 0.0777
-0.1623 0.1487 0.0784
-0.1542 0.1199 0.0755
-0.1112 0.1149 0.0603
-0.1041 0.1121 0.0561
-0.1303 0.1402 0.0714
-0.1879 0.1893 0.0960
-0.2189 0.2110 0.1158
-0.2762 0.2243 0.1629
-0.3322 0.2334 0.2055
-0.3376 0.2647 0.2281
-0.3054 0.3574 0.2673
-0.2573 0.4411 0.2926
-0.2316 0.4636 0.2928
-0.2075 0.4930 0.3092
-0.2859 0.5616 0.3174
-0.3788 0.6126 0.3216
-0.6232 0.6186 0.3267
-0.8603 0.4999 0.3214
-0.9558 0.3863 0.3286
-1.0739 0.1952 0.3578
-1.1059 0.1384 0.3633
-1.0929 0.1042 0.3971
-0.9666 0.0677 0.4234
-0.8455 0.0667 0.4615
-0.5757 0.0841 0.5715
-0.4291 0.1370 0.6913
-0.4443 0.1656 0.7556
-0.5987 0.1579 0.8609
-0.7306 0.1774 0.9073
-0.7272 0.2227 0.9093
-0.6590 0.3513 0.8431
-0.5920 0.4530 0.8325
-0.5775 0.4773 0.8218
-0.5145 0.4624 0.7524
-0.3385 0.4237 0.7074
-0.2595 0.4229 0.6922
-0.1593 0.4550 0.7063
-0.1681 0.4644 0.7693
-0.1281 0.4487 0.7700
-0.0539 0.3639 0.7883
-0.0533 0.3134 0.8439
-0.0741 0.3090 0.8688
-0.1068 0.3694 0.8938
-0.0712 0.4251 0.9425
-0.0611 0.4461 0.9685
-0.0686 0.5084 1.0293
-0.0718 0.6060 1.0924
-0.0242 0.8742 1.2665
0.0593 0.9634 1.4033
0.0800 0.9122 1.4399
0.0855 0.6636 1.3589
0.0885 0.3669 1.1162
0.0653 0.2980 1.0039
-0.0632 0.2774 0.8625
-0.2304 0.2191 0.7875
-0.3038 0.1860 0.7541
-0.3112 0.0677 0.7693
-0.0756 -0.0362 0.7855
0.1235 -0.0115 0.7521
0.5409 0.0715 0.5812
0.8368 0.2081 0.4370
0.8809 0.2900 0.3885
0.6908 0.4463 0.2345
0.2941 0.5509 0.0410
0.1237 0.5634 -0.0301
-0.0282 0.5327 -0.0876
0.0257 0.4530 -0.0988
0.0845 0.4202 -0.0868
0.1558 0.4065 -0.0426
0.1396 0.4430 0.0195
0.1075 0.4517 0.0400
0.0256 0.4601 0.0821
-0.0113 0.4520 0.1121
-0.0900 0.4103 0.1797
-0.1708 0.3227 0.2425
-0.2126 0.2713 0.2691
-0.2646 0.2102 0.3189
-0.2732 0.1748 0.3527
-0.2413 0.1560 0.3724
-0.1277 0.1159 0.4052
0.0038 0.0607 0.4085
0.0662 0.0535 0.3989
0.1864 0.1208 0.3762
0.2913 0.2564 0.3758
0.3116 0.3553 0.3884
0.2899 0.5290 0.4086
0.2543 0.6895 0.4682
0.2737 0.7680 0.4884
0.3167 0.7730 0.6028
0.1945 0.6671 0.7166
0.0797 0.6119 0.7612
-0.1925 0.4259 0.8610
-0.4431 0.3197 0.9399
-0.4984 0.3582 0.9673
-0.3109 0.5569 1.0199
0.3090 0.9216 1.1075
0.6473 1.1276 1.1555
0.9863 1.3925 1.2108
0.9175 1.4894 1.2421
0.3917 1.5668 1.3372
-0.3591 1.5272 1.4058
-0.7012 1.4039 1.4256
-1.0722 0.9909 1.4032
-0.9713 0.5441 1.2528
-0.8037 0.2477 1.1632
-0.3322 -0.1729 1.0064
0.1748 -0.1490 0.8814
0.3616 -0.0157 0.8412
0.5171 0.3462 0.8149
0.4209 0.7239 0.8560
0.3020 0.8675 0.8846
-0.0100 0.9714 0.9158
-0.2539 0.8350 0.8927
-0.3409 0.7306 0.8648
-0.4028 0.5062 0.7744
-0.3005 0.2969 0.6047
-0.1927 0.2025 0.4992
0.0898 0.1057 0.2863
0.2893 0.0456 0.0849
0.3061 0.0020 0.0056
0.1817 -0.1446 -0.1571
-0.0013 -0.3663 -0.3210
-0.0759 -0.4574 -0.3750
-0.2082 -0.5765 -0.4365
-0.2508 -0.6474 -0.4642
-0.2672 -0.9380 -0.4704
-0.2179 -1.2014 -0.4425
-0.2381 -1.5458 -0.5805
-0.1968 -1.7834 -0.7063
0.0841 -2.1807 -0.9777
0.3156 -2.2301 -1.1067
0.8230 -2.0532 -1.3515
1.0733 -1.5312 -1.5862
0.9905 -1.2159 -1.6675
0.3984 -0.7537 -1.7127
-0.4447 -0.4959 -1.7432
-0.9979 -0.3171 -1.8073
-1.0574 -0.2087 -1.8299
-0.7862 -0.0999 -1.8107
-0.5131 -0.0916 -1.7594
0.1155 -0.1376 -1.6543
0.6180 -0.2537 -1.5436
0.7609 -0.3334 -1.4650
0.7579 -0.4536 -1.2905
0.3551 -0.5108 -1.1076
0.0900 -0.4918 -0.9764
-0.2209 -0.3765 -0.7538
-0.1954 -0.2565 -0.5948
-0.0928 -0.2127 -0.5194
0.1662 -0.1382 -0.3460
0.3127 0.0032 -0.1280
0.3132 0.1146 -0.0009
0.2351 0.3735 0.2749
0.1644 0.6142 0.5912
0.1266 0.7176 0.7253
0.0227 0.7704 0.9439
-0.0688 0.7250 1.0207
-0.3235 0.5444 1.0718
-0.6003 0.3400 1.0922
-0.7047 0.3377 1.0713
-0.7442 0.5159 0.9840
-0.4189 0.6921 0.8680
-0.1857 0.6928 0.8480
0.6437 0.8163 0.7740
1.4880 1.0777 0.8158
1.7606 1.2081 0.9349
1.7309 1.2407 1.2279
0.7286 0.9776 1.3768
-0.0701 0.6798 1.4641
-1.2631 0.4450 1.6695
-1.5820 0.6136 1.6666
-1.5880 0.6246 1.5822
-1.2680 0.4465 1.4022
-0.5446 0.1753 1.1312
-0.1759 0.0764 0.9932
0.3722 -0.0551 0.7674
0.6154 -0.0369 0.5755
0.6264 -0.0039 0.4633
0.5357 0.0994 0.3232
0.2723 0.3275 0.1624
0.1396 0.3493 0.0903
-0.0202 0.3010 -0.0021
-0.0449 0.2624 -0.0573
0.0142 0.1692 -0.1453
0.1950 0.0077 -0.2192
0.3959 -0.2548 -0.3485
0.4385 -0.3901 -0.4118
0.3787 -0.6859 -0.4746
0.3165 -0.8024 -0.4905
0.1408 -0.8570 -0.5945
-0.1648 -0.8610 -0.7561
-0.3639 -0.9455 -0.8270
-0.7886 -1.2973 -0.9306
-1.0412 -1.6676 -0.9927
-0.9608 -1.7372 -1.0241
-0.2622 -1.6360 -1.1104
0.6859 -1.4793 -1.1808
1.0019 -1.3566 -1.2181
0.9666 -1.0241 -1.2584
0.2075 -0.8442 -1.3173
-0.2228 -0.9134 -1.3071
-0.9122 -1.0879 -1.3272
-1.0427 -0.8783 -1.3393
-0.8841 -0.6103 -1.3302
-0.2811 -0.0690 -1.2907
0.4117 0.1001 -1.2493
0.6781 0.0587 -1.2119
0.9420 -0.0989 -1.0831
0.8401 -0.2150 -0.9297
0.6746 -0.2045 -0.8550
0.2300 -0.1073 -0.6865
-0.0058 -0.0561 -0.6085
-0.3545 0.0998 -0.4827
-0.4558 0.2202 -0.3727
-0.3519 0.1662 -0.2468
-0.2520 0.1056 -0.1773
-0.0041 0.0496 0.0084
0.1245 0.0390 0.1355
0.3427 0.2098 0.4293
0.3654 0.4795 0.7042
0.3064 0.5788 0.8222
0.1306 0.6384 0.9886
-0.0670 0.5161 1.0571
-0.1363 0.5185 1.0654
-0.1423 0.6530 0.9969
-0.1075 0.6594 0.8760
-0.1382 0.7046 0.8666
-0.2348 0.9581 0.8723
-0.1393 1.3071 0.8852
0.0526 1.3716 0.9136
0.6283 1.4032 1.0499
1.1180 1.4259 1.2381
1.1863 1.4176 1.3515
0.8397 1.3879 1.5267
-0.0755 0.9973 1.5406
-0.6174 0.7729 1.5597
-1.4364 0.5985 1.6059
-1.6612 0.5823 1.5483
-1.5209 0.5628 1.5034
-0.8814 0.3777 1.3688
-0.4549 0.2404 1.2857
0.4060 0.0980 1.0832
0.9192 0.2175 0.8666
1.0097 0.2730 0.7785
0.9189 0.3647 0.6774
0.5865 0.3843 0.6491
0.3743 0.3799 0.6521
-0.0358 0.4221 0.6588
-0.2781 0.4798 0.6414
-0.3129 0.4922 0.6400
-0.2504 0.5070 0.6024
-0.0830 0.4614 0.5180
0.0487 0.4224 0.3371
0.0708 0.3956 0.2206
0.0313 0.3605 -0.0237
-0.0156 0.3429 -0.1360
-0.1035 0.2282 -0.3165
-0.1748 0.0244 -0.4208
-0.1787 -0.1091 -0.4556
-0.0838 -0.4331 -0.5070
-0.0424 -0.8471 -0.5093
-0.0397 -1.0666 -0.5156
0.1525 -1.4578 -0.5069
0.3991 -1.5115 -0.5257
1.0890 -1.3510 -0.6132
1.4974 -1.0264 -0.7345
1.2032 -0.6396 -0.8829
0.8031 -0.5313 -0.9683
-0.2509 -0.2322 -1.0883
-1.1149 0.1084 -1.1128
-1.3302 0.2045 -1.1109
-1.2387 0.1783 -1.0850
-0.9357 0.1027 -1.0216
0.0146 -0.0796 -0.8931
1.0677 -0.2823 -0.8009
1.4745 -0.3209 -0.7664
1.8996 -0.3701 -0.6854
1.6893 -0.2241 -0.6007
1.4161 -0.1440 -0.5497
0.6817 -0.0188 -0.4797
-0.0684 0.0362 -0.4514
-0.3644 0.0505 -0.4233
-0.6773 0.0383 -0.3825
-0.6169 -0.0828 -0.3699
-0.4809 -0.1175 -0.3380
-0.0982 -0.0809 -0.2101
0.2598 0.0388 -0.0093
0.3631 0.1109 0.0988
0.3078 0.2696 0.3236
0.1594 0.3453 0.4261
-0.2047 0.4353 0.5686
-0.3967 0.4202 0.6395
-0.4013 0.3881 0.6483
-0.2952 0.3571 0.6321
-0.1536 0.6503 0.4302
-0.0570 0.7566 0.2137
0.1060 0.8225 0.3843
0.3574 0.7119 0.2726
0.3551 0.5970 0.2620
0.2775 0.3429 0.2505
0.4754 0.2696 0.2207
0.6898 0.3392 0.2301
1.0948 0.5339 0.3621
1.1622 0.7579 0.5955
1.0505 0.8178 0.7350
0.5598 0.8389 0.9912
-0.2869 0.7582 1.1930
-0.7549 0.6398 1.2814
-1.5567 0.3602 1.4788
-1.9123 0.0589 1.5767
-1.8212 -0.0465 1.5906
-1.0692 -0.0093 1.5160
0.0388 0.1020 1.2939
0.5454 0.1544 1.1583
1.1701 0.2149 0.8156
1.2687 0.2864 0.4744
1.1243 0.3402 0.3267
0.5503 0.3221 0.0951
0.2344 0.2800 0.0292
-0.2815 0.1727 -0.0383
-0.5230 0.0317 -0.1143
-0.4847 -0.1256 -0.1860
-0.3863 -0.1706 -0.2438
-0.1038 -0.2284 -0.3729
0.0402 -0.2553 -0.4223
0.2634 -0.3070 -0.5588
0.3132 -0.4253 -0.6919
0.2829 -0.5123 -0.7485
0.1730 -0.7240 -0.8847
0.0844 -0.9113 -1.0030
0.0453 -0.9807 -1.0397
0.0147 -1.0072 -1.0572
0.1087 -0.8569 -0.9821
0.1757 -0.7513 -0.9034
0.2431 -0.6215 -0.7219
0.1941 -0.5983 -0.6045
0.1118 -0.5498 -0.5963
-0.2458 -0.4382 -0.7275
-0.7965 -0.7454 -0.9571
-0.9941 -1.0658 -1.0642
-0.9111 -1.8487 -1.3125
-0.1405 -2.1031 -1.5567
0.3571 -2.1086 -1.6798
1.0873 -2.0707 -1.8698
1.1190 -2.0728 -1.9990
0.8441 -2.0420 -2.0414
0.0262 -1.9244 -2.0349
-0.3627 -1.7850 -1.9965
-0.7613 -1.3196 -1.9327
-0.6487 -0.8400 -1.8349
-0.2056 -0.5649 -1.6278
0.0769 -0.5441 -1.5232
0.6045 -0.7547 -1.3333
0.9536 -1.0838 -1.1640
1.0328 -1.1735 -1.1053
0.9773 -1.2554 -1.0125
0.8743 -1.2767 -0.9558
0.6074 -1.2958 -0.8987
0.3535 -1.2811 -0.9037
0.2620 -1.2538 -0.8973
0.1926 -1.1668 -0.8675
0.2637 -1.0435 -0.7916
0.3354 -0.9962 -0.7368
0.4674 -0.9340 -0.6457
0.4761 -0.9345 -0.6213
0.4037 -0.9784 -0.6469
0.1234 -1.0577 -0.7246
-0.2298 -0.8583 -0.7415
-0.4194 -0.6650 -0.6988
-0.7420 -0.4033 -0.5296
-0.6909 -0.3139 -0.2645
-0.4780 -0.3155 -0.1369
0.1424 -0.3219 0.0155
0.6576 -0.3197 -0.0202
0.7672 -0.3479 -0.1112
0.6314 -0.4573 -0.3965
0.4301 -0.5482 -0.5466
-0.0461 -0.6878 -0.7716
-0.3534 -0.6363 -0.8547
-0.3652 -0.5706 -0.7270
-0.2667 -0.5437 -0.5999
-0.0892 -0.3066 -0.4198
-0.0459 -0.4069 -0.5022
0.1269 -0.6584 -0.2418
0.1762 -0.8268 -0.1531
0.1166 -0.8915 -0.2085
-0.0944 -0.9452 -0.2937
-0.2400 -0.8005 -0.4482
-0.2665 -0.7098 -0.5345
-0.2557 -0.5874 -0.7042
-0.1775 -0.5424 -0.8589
-0.1332 -0.5706 -0.9175
-0.0846 -0.6954 -0.9928
-0.0965 -0.8317 -1.0201
-0.1048 -0.9020 -1.0183
-0.1175 -1.0444 -1.0005
-0.1183 -1.1249 -0.9974
-0.1175 -1.1383 -1.0002
-0.0931 -1.1113 -0.9958
-0.0790 -1.0341 -1.0056
-0.0939 -1.0049 -1.0151
-0.1697 -0.9877 -1.0370
-0.2128 -0.9935 -1.0499
-0.2887 -1.0134 -1.0751
-0.3379 -1.0082 -1.0992
-0.3411 -0.9828 -1.1286
-0.3127 -0.9612 -1.1258
-0.2161 -0.8773 -1.0938
-0.1665 -0.8358 -1.0672
-0.0968 -0.7760 -1.0057
-0.0670 -0.7504 -0.9312
-0.0598 -0.7508 -0.8999
-0.0575 -0.7727 -0.8670
-0.0605 -0.7963 -0.8635
-0.0555 -0.8020 -0.8694
-0.0071 -0.7572 -0.8737
0.0990 -0.6719 -0.8908
0.1525 -0.6473 -0.8936
0.2277 -0.6510 -0.9128
0.2328 -0.7019 -0.9359
0.2180 -0.7332 -0.9360
0.1769 -0.7537 -0.9078
0.1442 -0.7436 -0.8421
0.1305 -0.7329 -0.7965
0.1130 -0.7386 -0.7159
0.0852 -0.7852 -0.6399
0.0720 -0.8261 -0.6115
0.0594 -0.9411 -0.5879
0.0746 -1.0945 -0.5890
0.0924 -1.1700 -0.5992
0.1476 -1.2705 -0.6431
0.1716 -1.3058 -0.6786
0.1625 -1.3826 -0.7555
0.0182 -1.5301 -0.8499
-0.2942 -1.7286 -0.9636
-0.4810 -1.7917 -1.0299
-0.6796 -1.8727 -1.1906
-0.6220 -1.9130 -1.2599
-0.1702 -2.0337 -1.3499
0.5082 -2.0450 -1.4025
0.8068 -2.0186 -1.4155
1.0920 -1.9095 -1.4539
0.8209 -1.7988 -1.5532
0.4849 -1.7977 -1.6435
-0.4262 -1.8463 -1.8768
-1.2792 -1.9119 -2.1965
-1.5413 -1.9605 -2.3763
-1.5241 -1.9445 -2.6825
-0.8967 -1.6901 -2.8185
-0.4801 -1.5515 -2.8325
0.2385 -1.4211 -2.7146
0.5677 -1.4467 -2.4808
0.5782 -1.4872 -2.3249
0.3826 -1.5524 -1.9640
0.0741 -1.5396 -1.6052
-0.0723 -1.4831 -1.4551
-0.2738 -1.2960 -1.2237
-0.2834 -1.0863 -1.0565
-0.2265 -1.0003 -0.9940
-0.0668 -0.8111 -0.9145
0.0084 -0.7158 -0.8837
0.1160 -0.5284 -0.8243
0.1468 -0.4229 -0.8014
0.1357 -0.4248 -0.7913
0.0928 -0.3976 -0.7650
0.0632 -0.1990 -0.7364
0.0699 -0.0424 -0.7068
0.1243 0.3380 -0.6011
0.1903 0.6624 -0.3765
0.1842 0.8031 -0.2418
-0.0641 0.6382 -0.0318
-0.5700 -0.2143 0.1311
-0.8488 -0.7744 0.2007
-1.0261 -1.2512 0.1411
-0.4778 -0.9861 0.0236
-0.0351 -0.6998 0.0402
0.8700 0.0201 0.2835
1.3768 0.5584 0.5864
1.3874 0.7569 0.6206
1.0518 0.7858 0.4949
0.5310 0.2092 0.3838
0.2140 -0.0217 0.2834
-0.4428 -0.2841 0.1478
-0.9253 -0.4130 0.1357
-1.0248 -0.4565 0.1390
-0.9816 -0.4355 0.2006
-0.6214 -0.3648 0.3281
-0.3662 -0.2977 0.3783
0.1388 -0.0705 0.3915
0.3231 0.0352 0.3673
0.4584 0.1222 0.3060
0.3307 0.1285 0.2269
0.2136 0.1066 0.1885
-0.0268 0.0328 0.1209
-0.1634 0.0042 0.0433
-0.1532 0.0132 -0.0032
-0.0143 0.0128 -0.1092
0.1887 -0.0720 -0.2160
0.2861 -0.1536 -0.2498
0.4454 -0.3063 -0.3115
0.4844 -0.4575 -0.3956
0.4685 -0.5024 -0.4404
0.4064 -0.4753 -0.4879
0.2894 -0.5580 -0.4868
0.2185 -0.6121 -0.5139
0.1397 -0.9447 -0.4700
0.2318 -1.6164 -0.4779
0.3799 -1.9310 -0.5837
0.8247 -2.0791 -0.9073
1.2896 -1.7626 -1.1307
1.3876 -1.5269 -1.2084
1.0568 -1.0871 -1.3037
0.6477 -0.9989 -1.3094
-0.2456 -1.1002 -1.2998
-0.8682 -1.2776 -1.4086
-1.0122 -1.2405 -1.4817
-0.9276 -1.1353 -1.4972
-0.5786 -0.8779 -1.4750
-0.3829 -0.7390 -1.4361
-0.1042 -0.5332 -1.2886
-0.0190 -0.4306 -1.0926
-0.0215 -0.4063 -0.9810
-0.0286 -0.3266 -0.7653
-0.0287 -0.2201 -0.5839
-0.0356 -0.1414 -0.4981
-0.0805 0.0606 -0.3749
-0.1362 0.2472 -0.2934
-0.1480 0.3286 -0.2631
-0.1077 0.4057 -0.1564
0.0468 0.3564 0.0097
0.0975 0.3821 0.0655
0.1776 0.5708 0.2269
0.1748 0.8294 0.4467
0.1313 0.9817 0.5241
-0.0229 1.1161 0.6661
-0.2779 1.0590 0.8743
-0.4346 1.0483 0.9577
-0.7453 1.0386 1.0009
-0.8685 1.0765 0.9718
-1.0048 1.2769 0.8404
-0.9021 1.1823 0.6810
-0.7424 1.0530 0.6356
-0.2499 0.9277 0.6042
0.3007 1.0402 0.7192
0.4799 1.0398 0.8304
0.4017 0.9308 1.0560
-0.2819 0.7715 1.1941
-0.7099 0.6427 1.2268
-1.3609 0.4267 1.2600
-1.4247 0.2693 1.2612
-1.2373 0.2338 1.2398
-0.6132 0.0800 1.1290
-0.0719 -0.0720 0.8925
0.0934 -0.1420 0.7884
0.1453 -0.1540 0.5960
0.0810 0.0526 0.4452
0.0214 0.1506 0.3855
-0.1710 0.2843 0.3043
-0.3425 0.2992 0.3001
-0.3549 0.2780 0.3056
-0.2170 0.2048 0.2427
0.0778 0.1819 0.1393
0.2405 0.1572 0.0955
0.4670 0.1101 0.0315
0.4475 -0.0329 -0.0616
0.3587 -0.1491 -0.1196
0.0829 -0.4406 -0.2604
-0.1175 -0.5976 -0.4188
-0.1541 -0.5600 -0.5059
-0.1722 -0.2898 -0.6456
-0.1821 -0.0884 -0.7136
-0.1321 0.1963 -0.8451
0.0293 -0.0019 -0.9720
0.2990 -0.5464 -1.0261
0.5237 -0.7311 -1.0178
1.0805 -0.8310 -0.9676
1.2820 -0.7768 -0.9446
1.2224 -0.7465 -0.9341
0.4610 -0.7334 -0.9489
-0.0688 -0.7391 -0.9898
-0.9139 -0.8417 -1.0549
-1.0548 -0.9878 -1.2079
-0.8581 -1.0473 -1.2566
-0.1901 -1.0338 -1.2349
0.3881 -0.7992 -1.1845
0.5215 -0.6480 -1.1447
0.4729 -0.3767 -1.0248
0.2121 -0.2561 -0.8454
0.0716 -0.2497 -0.7631
-0.1301 -0.2881 -0.6069
-0.1914 -0.2326 -0.4821
-0.1903 -0.1795 -0.4357
-0.1698 0.0042 -0.3660
-0.1590 0.0926 -0.3358
-0.1599 0.1984 -0.2424
-0.1695 0.2014 -0.0693
-0.1248 0.1972 0.1567
-0.0865 0.2291 0.2925
-0.0396 0.4192 0.5873
-0.0732 0.6003 0.8505
-0.1270 0.6513 0.9568
-0.2605 0.6778 1.1124
-0.2981 0.6433 1.1820
-0.2775 0.5582 1.2708
-0.1815 0.6813 1.2836
-0.1218 0.7669 1.2783
-0.1193 0.8665 1.2815
-0.2531 1.0527 1.2956
-0.2961 1.1975 1.2722
-0.1390 1.4469 1.2241
0.3352 1.4748 1.2751
0.5675 1.4839 1.3355
0.7321 1.4360 1.4758
0.3004 1.2773 1.5337
-0.0741 1.1945 1.5323
-0.8863 0.8568 1.4782
-1.4206 0.4502 1.4093
-1.4562 0.3030 1.3453
-1.0679 0.0056 1.1456
-0.3833 -0.2148 0.9140
-0.0471 -0.2098 0.8020
0.3539 -0.4790 0.7511
-0.2575 0.1921 0.4632
-0.3888 0.3176 0.4138
-0.1846 0.2925 0.5953
0.3029 0.5292 0.4520
0.4153 0.4294 0.5103
0.4721 0.2120 0.5463
0.4783 0.0637 0.5243
0.4712 0.0127 0.4904
0.4788 0.0044 0.3927
0.5154 0.0318 0.3487
0.6402 0.1082 0.2627
0.6550 0.0900 0.1412
0.5709 0.0402 0.0557
0.2894 -0.1324 -0.1656
0.0062 -0.3083 -0.4277
-0.1153 -0.3946 -0.5463
-0.3180 -0.5126 -0.7458
-0.4520 -0.5103 -0.8931
-0.5608 -0.5221 -0.9392
-0.8831 -0.4661 -0.9988
-0.9656 -0.5753 -1.0816
-0.7457 -0.7140 -1.1387
0.2081 -1.0925 -1.2615
1.1911 -1.4096 -1.2983
1.4284 -1.4881 -1.2950
1.2116 -1.5847 -1.2932
0.3202 -1.4484 -1.3575
-0.2196 -1.2884 -1.3752
-1.0795 -0.8597 -1.4598
-1.1897 -0.6112 -1.6436
-0.9740 -0.5140 -1.7030
-0.2540 -0.4614 -1.6681
0.1439 -0.4657 -1.6025
0.7230 -0.5366 -1.4692
0.8694 -0.5850 -1.3578
0.7775 -0.6055 -1.2583
0.3912 -0.6398 -1.0670
-0.0278 -0.5467 -0.9003
-0.1876 -0.4476 -0.8433
-0.3590 -0.2202 -0.7537
-0.3576 -0.0211 -0.6947
-0.3016 0.0601 -0.6663
-0.1157 0.1810 -0.6010
0.1136 0.2081 -0.5080
0.2276 0.2122 -0.4321
0.3732 0.2790 -0.2244
0.3750 0.4292 0.0185
0.3248 0.4855 0.1326
0.1644 0.5447 0.3346
-0.0068 0.5410 0.4824
-0.0779 0.4538 0.5234
-0.1637 0.2870 0.5181
-0.1795 0.2388 0.4770
-0.1675 0.2553 0.4500
-0.1788 0.2708 0.4594
-0.2774 0.3098 0.4679
-0.3063 0.3265 0.4444
-0.1946 0.4430 0.3601
-0.0520 0.4864 0.3306
0.2914 0.5345 0.3963
0.4401 0.5008 0.5997
0.2085 0.3685 0.7661
-0.0231 0.2291 0.8134
-0.6237 -0.1731 0.8560
-0.8842 -0.2916 0.8251
-1.0347 -0.2165 0.7007
-0.6918 -0.0956 0.5712
-0.4287 -0.0908 0.5310
0.1123 -0.1111 0.5023
0.5014 -0.1247 0.4966
0.5861 -0.1178 0.4873
0.5600 -0.0344 0.4665
0.3278 0.0102 0.4512
0.1840 -0.0028 0.4475
-0.0767 -0.0586 0.4336
-0.2392 -0.0862 0.4192
-0.2698 -0.1092 0.4160
-0.2687 -0.1053 0.3929
-0.1538 -0.0971 0.3098
-0.0550 -0.0686 0.2517
0.1697 -0.0252 0.1082
0.2776 -0.0361 0.0219
0.3922 -0.0826 -0.1407
0.3910 -0.1465 -0.2493
0.3643 -0.1832 -0.2792
0.3066 -0.2699 -0.2715
0.2736 -0.4285 -0.1687
0.1630 -0.7155 -0.0464
0.0180 -0.8811 -0.0218
-0.3836 -1.0931 -0.0085
-0.6615 -0.9800 -0.0797
-0.6129 -0.7549 -0.1205
-0.1381 -0.4522 -0.1676
0.2450 -0.3653 -0.1410
1.0711 -0.3258 -0.0361
1.5126 -0.4270 0.0689
1.4564 -0.4837 0.0905
0.8403 -0.4952 0.0620
-0.0825 -0.2254 -0.0167
-0.4875 0.0568 -0.0592
-0.9099 0.6488 -0.1317
-0.6502 1.0353 -0.1097
-0.3196 1.0479 -0.0639
0.4290 0.7905 0.0752
0.9438 0.5833 0.2435
1.0595 0.5802 0.3097
0.9618 0.6968 0.4050
0.5431 0.8677 0.4518
0.3078 0.9390 0.4918
-0.1081 1.0584 0.6289
-0.3396 1.2028 0.8037
-0.3721 1.2569 0.8919
-0.5833 1.3254 1.1187
-0.8296 1.5561 1.4417
-0.9710 1.6953 1.5865
-1.1900 1.9727 1.7808
-1.2292 1.9480 1.8540
-1.1605 1.8136 2.0271
-0.9471 1.6622 2.2691
-0.8021 1.6032 2.3805
-0.5379 1.5085 2.5440
-0.2892 1.4992 2.6206
-0.1808 1.4775 2.6211
-0.0699 1.3799 2.5339
-0.1719 1.2727 2.4142
-0.2591 1.2075 2.3853
-0.4900 0.9334 2.3969
-0.6642 0.8272 2.4565
-0.7057 0.8174 2.4699
-0.7578 0.8190 2.4754
-0.7899 0.8786 2.4436
-0.7738 0.8697 2.4043
-0.6297 0.8441 2.2787
-0.3449 0.8183 2.1031
-0.2018 0.8204 2.0167
0.0654 0.9118 1.9117
0.2065 1.0544 1.8120
0.1879 1.1123 1.7426
0.0296 1.2760 1.6240
-0.0791 1.3449 1.5660
-0.2154 1.4472 1.4631
-0.1660 1.5254 1.3767
0.0039 1.4646 1.3172
0.0690 1.4429 1.2926
0.0917 1.3867 1.2397
0.0681 1.3590 1.2388
0.0059 1.2501 1.3042
0.0137 1.0137 1.4004
0.0615 0.9171 1.4674
0.1429 0.9243 1.5448
0.1743 0.9720 1.4322
0.1838 0.9496 1.3612
0.2243 0.8059 1.2572
0.3160 0.8021 1.0631
0.3348 0.7331 0.9452
0.2984 0.5551 0.7711
0.3101 0.3683 0.6324
0.3798 0.2364 0.5761
0.5405 0.0445 0.5222
0.5695 0.1054 0.4982
0.5242 0.1387 0.4911
0.3554 0.0792 0.5077
0.1742 0.1613 0.5568
0.0916 0.1901 0.6050
0.0138 0.3067 0.7544
0.0668 0.3853 0.8418
0.1174 0.4467 0.8435
0.1877 0.4942 0.7831
0.2060 0.4377 0.7332
0.2279 0.3631 0.6141
0.2184 0.3611 0.5214
0.1690 0.3794 0.4796
0.1518 0.3864 0.4732
0.1022 0.3870 0.4943
0.0550 0.3776 0.5107
-0.1013 0.3836 0.5398
-0.2897 0.4556 0.5638
-0.3534 0.5357 0.5700
-0.4009 0.5990 0.5649
-0.4460 0.6175 0.5561
-0.4750 0.5963 0.5428
-0.4684 0.5102 0.5179
-0.3575 0.4730 0.4748
-0.2779 0.4475 0.4443
-0.0738 0.3487 0.3895
0.0576 0.3610 0.3131
0.0698 0.4189 0.2781
0.1032 0.5851 0.2453
0.1428 0.5999 0.2171
0.1557 0.6063 0.2318
0.1556 0.5637 0.2975
0.0813 0.4416 0.4058
0.0017 0.3223 0.5001
-0.2086 0.1134 0.6579
-0.3183 0.0041 0.6758
-0.4151 -0.2216 0.6298
-0.3198 -0.2983 0.5441
-0.2409 -0.2594 0.4909
-0.0652 -0.1637 0.4270
0.0969 -0.0069 0.4390
0.1551 0.0631 0.4567
0.2073 0.1808 0.4672
0.1085 0.2394 0.4105
0.0212 0.2600 0.3806
-0.0869 0.2451 0.3172
-0.0697 0.1605 0.2043
-0.0515 0.1365 0.1410
-0.0114 0.1254 0.0611
0.0288 0.1305 -0.0113
0.0382 0.1451 -0.0623
-0.0054 0.1955 -0.1234
-0.0189 0.2496 -0.0704
0.0414 0.2744 -0.0315
0.2881 0.3557 0.0562
0.6632 0.3731 0.1503
0.7574 0.3482 0.2434
0.8087 0.3630 0.3320
0.7667 0.3586 0.3317
0.7791 0.3380 0.3229
0.8980 0.2700 0.3271
1.0418 0.2039 0.3008
1.1059 0.1454 0.2924
1.2232 -0.0015 0.2709
1.2134 -0.1646 0.1963
1.1090 -0.2378 0.1652
0.8666 -0.2996 0.1539
0.7837 -0.2943 0.1552
0.6414 -0.1948 0.1465
0.5808 -0.2460 0.2124
0.6358 -0.2372 0.2506
0.8183 -0.1625 0.2636
0.8231 -0.1555 0.2462
0.7342 -0.1552 0.2550
0.4998 -0.0850 0.2944
0.2987 -0.0823 0.2762
0.2483 -0.1174 0.2480
0.2609 -0.1880 0.1847
0.3548 -0.2465 0.0787
0.3821 -0.2667 0.0286
0.4112 -0.2426 -0.0454
0.3932 -0.1686 -0.0980
0.3664 -0.1397 -0.1109
0.3001 -0.0911 -0.1159
0.2874 -0.0503 -0.1061
0.3014 -0.0393 -0.1003
0.2654 -0.0291 -0.0751
0.1351 0.0169 -0.0209
0.0695 0.0530 -0.0002
-0.0048 0.0526 0.0537
0.0088 0.0274 0.0670
0.1263 -0.0141 0.0374
0.2333 -0.0427 -0.0261
0.2563 -0.0091 -0.0598
0.2334 -0.0056 -0.0734
0.1778 -0.0066 -0.0822
0.1617 0.0090 -0.0913
0.1287 0.0062 -0.1075
0.1210 -0.0016 -0.1018
0.1333 -0.0074 -0.1005
0.1579 -0.0134 -0.1046
0.1898 -0.0060 -0.0772
0.2060 0.0041 -0.0697
0.1614 0.0421 -0.0653
0.0696 0.0740 -0.0350
0.0537 0.0816 -0.0249
0.1117 0.0643 -0.0326
0.1628 0.0636 -0.0461
0.1677 0.0681 -0.0534
0.1267 0.0427 -0.0485
0.0629 0.0048 -0.0588
0.0357 -0.0074 -0.0639
0.0116 0.0006 -0.0491
0.0284 0.0265 -0.0277
0.0377 0.0286 -0.0153
0.0408 0.0181 0.0033
0.0317 0.0149 0.0208
0.0357 0.0231 0.0214
0.0426 0.0430 0.0127
0.0437 0.0391 0.0112
0.0442 0.0255 0.0155
0.0602 -0.0032 0.0238
0.1015 -0.0164 0.0156
0.1178 -0.0184 0.0018
0.0673 -0.0142 -0.0130
0.0350 -0.0201 -0.0057
0.0264 -0.0285 -0.0090
0.0892 -0.0415 -0.0071
0.1180 -0.0432 -0.0093
0.1154 -0.0231 -0.0186
0.0809 0.0019 -0.0114
0.0808 0.0160 -0.0137
0.1015 0.0151 -0.0170
0.1111 0.0038 -0.0058
0.1094 0.0014 0.0049
0.1133 -0.0037 0.0092
0.1132 -0.0098 0.0017
0.1109 -0.0201 0.0048
0.0922 -0.0046 0.0234
0.0953 0.0381 0.0494
0.1016 0.0484 0.0525
0.1074 0.0360 0.0588
0.1097 0.0167 0.0445
0.1098 0.0053 0.0350
0.1082 0.0369 0.0166
0.0851 0.0520 0.0203
0.0764 0.0565 0.0190
0.0696 0.0422 -0.0169
0.0687 0.0367 -0.0294
0.0675 0.0220 -0.0292
0.0563 0.0239 -0.0180
0.0115 0.0130 -0.0027
-0.0101 0.0083 0.0068
-0.0140 0.0250 0.0116
-0.0054 0.0327 0.0135
0.0220 0.0584 0.0117
0.0339 0.0448 0.0112
0.0324 0.0312 0.0137
0.0265 -0.0056 0.0181
0.0245 -0.0092 0.0053
0.0208 0.0076 -0.0024
0.0431 0.0119 -0.0118
0.0765 0.0182 -0.0059
0.0788 0.0165 0.0021
0.0603 -0.0099 0.0162
0.0620 -0.0137 0.0242
0.0638 -0.0099 0.0185
0.0399 -0.0031 0.0257
0.0047 0.0003 0.0331
0.0019 0.0011 0.0259
0.0291 -0.0013 0.0095
0.0611 -0.0009 -0.0105
0.0590 0.0074 -0.0178
0.0146 0.0009 -0.0218
-0.0030 -0.0009 -0.0222
0.0059 0.0018 -0.0303
0.0325 0.0133 -0.0209
0.0261 0.0290 0.0163
0.0187 0.0311 0.0340
0.0267 -0.0062 0.0310
0.0429 -0.0284 0.0251
0.0419 -0.0254 0.0078
0.0202 0.0114 0.0154
0.0158 0.0265 0.0163
0.0266 0.0175 0.0187
0.0351 -0.0080 0.0238
0.0349 -0.0147 0.0181
0.0378 -0.0033 0.0093
0.0445 0.0132 -0.0033
0.0438 0.0192 -0.0018
0.0325 0.0390 0.0054
0.0337 0.0273 0.0033
0.0326 0.0236 0.0009
0.0276 0.0295 0.0074
0.0192 0.0255 0.0174
0.0151 0.0139 0.0136
0.0207 -0.0136 0.0005
0.0122 0.0075 0.0076
0.0033 0.0297 0.0165
0.0114 0.0447 0.0327
0.0369 0.0266 0.0148
0.0387 0.0189 0.0117
0.0262 0.0159 0.0025
0.0194 0.0316 0.0046
0.0263 0.0531 0.0010
0.0411 0.0333 -0.0015
0.0440 0.0237 0.0012
0.0234 0.0019 0.0088
0.0169 0.0049 0.0155
0.0208 0.0169 0.0198
0.0332 0.0482 0.0285
0.0407 0.0380 0.0262
0.0313 0.0181 0.0250
0.0116 -0.0069 0.0184
0.0220 0.0252 0.0093
0.0332 0.0452 0.0042
0.0302 0.0463 -0.0046
0.0201 0.0286 -0.0126
0.0184 0.0146 -0.0042
0.0120 0.0005 0.0109
0.0128 -0.0048 0.0004
0.0211 -0.0011 -0.0096
0.0287 0.0049 -0.0268
0.0065 0.0080 0.0124
0.0065 0.0080 0.0124
0.0162 -0.0030 0.0216
0.0196 0.0059 0.0211
0.0326 0.0163 0.0272
0.0467 -0.0024 0.0069
0.0229 -0.0148 0.0089
0.0076 -0.0060 0.0178
-0.0025 0.0055 0.0362
0.0035 0.0039 0.0258
0.0292 -0.0151 -0.0117
0.0293 -0.0102 -0.0170
0.0224 0.0011 -0.0116
0.0124 0.0378 0.0127
0.0047 0.0245 -0.0015
0.0011 0.0044 -0.0018
-0.0007 -0.0300 0.0055
-0.0186 -0.0432 0.0120
-0.0236 -0.0472 0.0130
-0.0117 -0.0290 0.0107
0.0024 -0.0062 0.0202
0.0034 -0.0016 0.0361
-0.0035 -0.0113 0.0441
-0.0009 -0.0471 0.0194
0.0073 -0.0504 0.0023
0.0269 -0.0141 -0.0131
0.0228 0.0199 -0.0020
0.0153 0.0156 0.0019
0.0205 -0.0068 0.0057
0.0353 0.0137 0.0081
0.0429 0.0367 0.0177
0.0449 0.0546 0.0202
0.0266 0.0245 0.0297
0.0221 0.0038 0.0297
0.0092 -0.0108 0.0251
0.0065 -0.0008 0.0254
0.0075 0.0335 0.0064
0.0152 0.0482 -0.0009
0.0213 0.0427 -0.0016
0.0285 0.0397 0.0031
0.0301 0.0313 0.0044
0.0351 0.0274 0.0143
0.0322 0.0228 0.0150
0.0329 0.0092 0.0153
0.0360 0.0077 0.0144
0.0430 0.0270 0.0106
0.0446 0.0324 0.0136
0.0326 0.0253 0.0153
0.0108 0.0144 0.0205
0.0284 0.0077 0.0135
0.0377 0.0115 0.0086
0.0330 0.0190 -0.0028
0.0268 0.0216 0.0029
0.0271 0.0227 0.0058
0.0173 0.0063 0.0128
0.0158 -0.0080 0.0001
0.0224 -0.0118 -0.0137
0.0405 -0.0033 -0.0183
0.0338 0.0102 -0.0133
0.0253 0.0105 -0.0184
0.0253 0.0064 -0.0276
0.0408 0.0135 -0.0296
0.0366 0.0081 -0.0157
0.0108 -0.0157 0.0128
0.0039 -0.0411 0.0131
0.0106 -0.0625 0.0009
0.0221 -0.0179 0.0124
0.0137 0.0325 0.0102
0.0129 0.0237 0.0091
0.0098 -0.0153 -0.0055
0.0053 -0.0292 -0.0186
0.0077 -0.0288 -0.0161
0.0305 -0.0160 -0.0250
0.0387 -0.0084 -0.0292
0.0205 0.0087 -0.0119
0.0126 0.0195 -0.0017
0.0155 0.0143 -0.0042
0.0117 -0.0106 -0.0046
-0.0050 -0.0180 -0.0014
-0.0120 -0.0147 0.0003
0.0151 0.0081 -0.0083
0.0429 0.0117 -0.0190
0.0369 0.0178 -0.0207
-0.0011 0.0034 -0.0115
-0.0033 0.0151 0.0024
-0.0016 0.0159 0.0028
0.0227 0.0221 -0.0036
0.0361 0.0228 -0.0135
0.0323 0.0333 -0.0151
-0.0020 0.0356 0.0017
-0.0317 0.0041 0.0181
-0.0318 -0.0029 0.0283
0.0082 -0.0092 0.0073
0.0294 0.0029 -0.0049
0.0351 0.0094 -0.0191
0.0172 0.0265 -0.0177
0.0069 0.0314 -0.0126
-0.0013 0.0243 -0.0083
-0.0162 -0.0089 -0.0058
-0.0207 -0.0109 -0.0107
-0.0288 0.0039 -0.0070
-0.0173 0.0211 -0.0098
-0.0087 0.0272 -0.0125
-0.0009 0.0123 -0.0065
-0.0174 0.0060 -0.0046
-0.0151 0.0021 -0.0061
-0.0053 -0.0158 -0.0093
0.0048 0.0128 -0.0134
-0.0029 0.0301 -0.0180
-0.0214 0.0308 -0.0224
-0.0138 0.0138 -0.0186
-0.0056 0.0037 -0.0233
0.0003 -0.0079 -0.0160
-0.0058 0.0171 -0.0051
-0.0093 0.0286 -0.0019
-0.0112 0.0395 0.0036
-0.0049 0.0222 0.0010
-0.0023 0.0104 0.0015
0.0164 0.0172 0.0024
0.0250 0.0246 -0.0002
0.0371 0.0283 -0.0228
0.0446 0.0260 -0.0186
0.0380 0.0323 -0.0152
0.0266 0.0393 -0.0044
0.0283 0.0427 0.0039
0.0306 0.0391 0.0099
0.0374 0.0246 0.0091
0.0376 0.0274 0.0100
0.0296 0.0295 0.0092
0.0039 0.0306 0.0089
-0.0024 0.0332 0.0095
-0.0022 0.0333 -0.0021
-0.0064 0.0322 -0.0293
-0.0242 0.0344 -0.0464
-0.0302 0.0324 -0.0489
-0.0224 0.0201 -0.0274
-0.0184 0.0180 -0.0134
-0.0223 0.0132 -0.0116
-0.0202 -0.0032 -0.0097
-0.0471 0.0362 -0.0212
-0.0697 0.0302 -0.0135
-0.0644 0.0079 0.0007
-0.0451 0.0105 -0.0051
-0.0103 -0.0085 -0.0125
-0.0104 -0.0038 -0.0156
-0.0409 -0.0084 -0.0048
-0.0406 -0.0047 0.0015
-0.0309 0.0043 -0.0197
-0.0329 0.0056 -0.0264
-0.0430 0.0114 -0.0313
-0.0373 0.0182 -0.0221
-0.0273 0.0213 -0.0178
0.0004 0.0088 -0.0073
0.0133 0.0204 -0.0260
0.0132 0.0184 -0.0332
-0.0249 0.0358 -0.0391
-0.0593 0.0628 -0.0318
-0.0600 0.0630 -0.0316
-0.0623 0.0470 -0.0261
-0.0051 0.1578 -0.0442
0.0239 0.0889 -0.1153
-0.0752 0.0101 -0.0283
-0.1610 -0.0958 0.0539
-0.1500 -0.0894 0.0671
-0.0314 -0.0724 0.0574
0.1342 0.0326 -0.0197

