0.4406 -0.7499 0.9575
0.4971 -0.7720 1.3351
-0.2261 -0.7443 1.2108
-0.2309 -0.7825 1.2151
-0.1839 -0.7858 1.1638
0.2948 -0.7656 1.0792
0.2911 -0.7662 1.1185
0.3430 -0.7659 1.4377
0.0629 -0.7712 1.1147
0.1017 -0.7710 1.4749
0.2523 -0.7790 1.1132
0.2670 -0.7056 1.7008
0.1824 -0.7362 0.9660
-0.0668 -0.7619 1.1290
-0.1439 -0.7902 1.5348
-0.1914 -0.7982 1.6087
-0.1551 -0.7670 1.3485
-0.1639 -0.7669 1.4027
0.4060 -0.7699 1.0833
0.4116 -0.7493 1.0881
0.4494 -0.7751 1.0037
0.0168 -0.6865 1.0808
-0.1919 -0.7488 1.3428
-0.0812 -0.7561 1.0191
0.2205 -0.7771 1.0586
0.4159 -0.7525 1.2324
0.3638 -0.7398 1.0704
0.0495 -0.7527 1.4039
-0.1843 -0.7555 1.1963
-0.0449 -0.7431 0.9957
-0.1264 -0.7618 1.2366
0.0498 -0.0039 0.1189
-0.0236 -0.0400 0.0357
-0.0027 -0.0135 0.0301
-0.0135 -0.0312 0.0488
-0.0120 -0.0002 0.0350
-0.0105 0.0166 -0.0235
-0.0074 -0.0256 0.0026
-0.0075 -0.0178 0.0033

