0.0000 0.0000 0.0000
0.0000 0.0000 0.0000
0.0000 0.0000 0.0000
0.0000 0.0000 0.0000
0.0416 -0.3603 -0.9104
0.0425 -0.3615 -0.9087
0.0452 -0.3593 -0.9181
0.0485 -0.3592 -0.9189
0.0507 -0.3559 -0.9170
0.0429 -0.3570 -0.9212
0.0490 -0.3631 -0.9200
0.0515 -0.3594 -0.9107
0.0400 -0.3541 -0.9083
0.0406 -0.3652 -0.9201
0.0388 -0.3550 -0.9042
0.0421 -0.3552 -0.9214
0.0498 -0.3586 -0.9159
0.0498 -0.3586 -0.9159
0.0482 -0.3564 -0.9053
0.0691 -0.3621 -0.9070
0.0422 -0.3322 -0.8850
0.0422 -0.3322 -0.8850
0.0812 -0.3474 -0.9249
0.0477 -0.3442 -0.8955
0.0506 -0.3669 -0.9118
0.0235 -0.3658 -0.9283
0.0070 -0.3406 -0.9441
0.0070 -0.3406 -0.9441
0.0161 -0.3599 -0.9179
-0.0047 -0.3697 -0.9094
-0.0179 -0.3746 -0.9156
-0.0113 -0.3855 -0.9109
-0.0113 -0.3855 -0.9109
-0.0214 -0.3669 -0.9098
-0.0265 -0.3743 -0.9427
-0.0396 -0.3907 -0.9370
-0.0438 -0.3872 -0.9081
-0.0475 -0.3828 -0.9029
-0.0475 -0.3828 -0.9029
-0.0539 -0.3962 -0.8939
-0.0567 -0.3954 -0.9166
-0.0641 -0.4033 -0.8804
-0.0726 -0.4068 -0.8965
-0.0984 -0.4213 -0.8541
-0.0984 -0.4213 -0.8541
-0.0946 -0.4165 -0.9342
-0.0771 -0.3886 -0.9550
-0.0720 -0.3951 -0.9084
-0.0583 -0.4082 -0.9025
-0.0372 -0.3637 -0.9523
-0.0372 -0.3637 -0.9523
-0.0146 -0.3737 -0.9279
-0.0137 -0.3851 -0.9103
-0.0426 -0.3975 -0.8720
-0.0595 -0.4426 -0.8388
-0.0761 -0.4161 -0.9119
-0.0761 -0.4161 -0.9119
-0.0835 -0.3929 -0.8800
-0.0775 -0.4279 -0.8954
-0.1012 -0.4165 -0.8956
-0.0812 -0.3930 -0.9621
-0.0484 -0.3965 -0.9262
-0.0484 -0.3965 -0.9262
-0.0438 -0.3994 -0.9427
-0.0607 -0.4066 -0.9364
-0.0555 -0.3884 -0.9506
-0.0237 -0.3791 -0.9487
0.0209 -0.3837 -0.9632
0.0209 -0.3837 -0.9632
0.0172 -0.3768 -0.9437
0.0139 -0.3979 -0.9082
0.0148 -0.3660 -0.9305
0.0416 -0.2980 -0.9492
0.0416 -0.2980 -0.9492
0.0690 -0.3755 -0.9422
0.0870 -0.3876 -0.9164
0.1088 -0.3696 -0.8641
0.1208 -0.3563 -0.8338
0.1132 -0.3577 -0.8494
0.1132 -0.3577 -0.8494
0.1252 -0.3056 -0.8789
0.1187 -0.2874 -0.9101
0.1146 -0.2922 -0.9336
0.1128 -0.2972 -0.9207
0.1154 -0.3098 -0.9106
0.1154 -0.3098 -0.9106
0.0921 -0.3138 -0.9063
0.0779 -0.3256 -0.9021
0.0723 -0.3298 -0.9135
0.0737 -0.3362 -0.9087
0.0660 -0.3299 -0.8917
0.0660 -0.3299 -0.8917
0.0743 -0.3341 -0.9058
0.0710 -0.3363 -0.9332
0.0777 -0.3251 -0.9288
0.0824 -0.3301 -0.9214
0.0824 -0.3301 -0.9214
0.0824 -0.3378 -0.9216
0.0742 -0.3359 -0.9405
0.0772 -0.3391 -0.9397
0.0751 -0.3341 -0.9325
0.0712 -0.3335 -0.9338
0.0712 -0.3335 -0.9338
0.0693 -0.3246 -0.9388
0.0728 -0.3277 -0.9296
0.0736 -0.3363 -0.9221
0.0675 -0.3346 -0.9264
0.0684 -0.3323 -0.9251
0.0684 -0.3323 -0.9251
0.0717 -0.3279 -0.9261
0.0778 -0.3364 -0.9148
0.0772 -0.3283 -0.9154
0.0815 -0.3327 -0.9193
0.0791 -0.3275 -0.9168
0.0791 -0.3275 -0.9168
0.0769 -0.3305 -0.9222
0.0768 -0.3331 -0.9331
0.0770 -0.3299 -0.9291
0.0743 -0.3298 -0.9324
0.0704 -0.3403 -0.9260
0.0704 -0.3403 -0.9260
0.0700 -0.3421 -0.9254
0.0768 -0.3445 -0.9360
0.0669 -0.3379 -0.9269
0.0578 -0.3401 -0.9235
0.0578 -0.3401 -0.9235
0.0526 -0.3486 -0.9135
0.0499 -0.3483 -0.9050
0.0523 -0.3513 -0.9165
0.0531 -0.3503 -0.9225
0.0488 -0.3434 -0.9344
0.0488 -0.3434 -0.9344
0.0597 -0.3431 -0.9412
0.0662 -0.3401 -0.9318
0.0594 -0.3424 -0.9288
0.0572 -0.3501 -0.9200
0.0537 -0.3451 -0.9040
0.0537 -0.3451 -0.9040
0.0609 -0.3542 -0.9154
0.0604 -0.3567 -0.9206
0.0542 -0.3523 -0.9227
0.0516 -0.3489 -0.9271
0.0493 -0.3468 -0.9261
0.0493 -0.3468 -0.9261
0.0479 -0.3543 -0.9187
0.0487 -0.3517 -0.9171
0.0489 -0.3528 -0.9201
0.0500 -0.3572 -0.9207
0.0561 -0.3550 -0.9193
0.0561 -0.3550 -0.9193
0.0549 -0.3580 -0.9252
0.0556 -0.3547 -0.9270
0.0534 -0.3568 -0.9255
0.0504 -0.3572 -0.9168
0.0504 -0.3572 -0.9168
0.0513 -0.3567 -0.9135
0.0501 -0.3599 -0.9141
0.0474 -0.3560 -0.9123
0.0452 -0.3598 -0.9248
0.0487 -0.3589 -0.9164
0.0487 -0.3589 -0.9164
0.0492 -0.3539 -0.9220
0.0488 -0.3565 -0.9197
0.0518 -0.3560 -0.9165
0.0563 -0.3607 -0.9068
0.0587 -0.3626 -0.9153
0.0587 -0.3626 -0.9153
0.0594 -0.3619 -0.9149
0.0575 -0.3656 -0.9015
0.0591 -0.3683 -0.9115
0.0579 -0.3688 -0.9199
0.0564 -0.3583 -0.9292
0.0564 -0.3583 -0.9292
0.0477 -0.3609 -0.9201
0.0464 -0.3616 -0.9051
0.0530 -0.3663 -0.9064
0.0545 -0.3646 -0.9185
0.0555 -0.3677 -0.9282
0.0555 -0.3677 -0.9282
0.0585 -0.3631 -0.9176
0.0574 -0.3619 -0.9162
0.0576 -0.3605 -0.9124
0.0530 -0.3656 -0.9122
0.0530 -0.3656 -0.9122
0.0535 -0.3672 -0.9045
0.0574 -0.3656 -0.8989
0.0613 -0.3706 -0.9060
0.0529 -0.3652 -0.9098
0.0532 -0.3643 -0.8918
0.0532 -0.3643 -0.8918
0.0529 -0.3610 -0.9148
0.0480 -0.3718 -0.9233
0.0523 -0.3828 -0.9391
0.0581 -0.3834 -0.9514
0.0641 -0.3741 -0.9215

