0.0000 0.0000 0.0000
0.0000 0.0000 0.0000
0.0000 0.0000 0.0000
0.0000 0.0000 0.0000
0.0000 0.0000 0.0000
0.0000 0.0000 0.0000
0.0000 0.0000 0.0000
0.0000 0.0000 0.0000
0.0000 0.0000 0.0000
0.0000 0.0000 0.0000
-0.0189 -0.0334 0.0384
-0.0113 -0.0516 0.0366
-0.0086 -0.0532 0.0275
-0.0041 -0.0454 0.0201
0.0173 -0.0330 0.0181
0.0290 -0.0586 0.0066
0.0290 -0.0586 0.0066
0.0387 -0.0731 -0.0216
0.0419 -0.0769 -0.0515
0.0480 -0.1464 -0.1432
0.0814 -0.1791 -0.1782
0.1058 -0.1956 -0.1733
0.1277 -0.2411 -0.2109
0.1379 -0.2496 -0.2381
0.1541 -0.2387 -0.2937
0.1743 -0.2481 -0.3635
0.1696 -0.2559 -0.4087
0.1624 -0.2682 -0.5045
0.1731 -0.2921 -0.5460
0.1943 -0.3408 -0.6050
0.2226 -0.3572 -0.6590
0.2310 -0.3688 -0.6882
0.2293 -0.4082 -0.7388
0.2208 -0.4243 -0.8148
0.2229 -0.4274 -0.8632
0.2706 -0.4089 -0.9349
0.3893 -0.4325 -0.9505
0.4249 -0.4392 -0.9642
0.3884 -0.4541 -1.0245
0.2666 -0.4650 -1.1256
0.2181 -0.4797 -1.1831
0.1768 -0.5202 -1.2587
0.2237 -0.5741 -1.2658
0.2546 -0.5986 -1.2678
0.2977 -0.5897 -1.2591
0.3153 -0.5393 -1.2490
0.3138 -0.5267 -1.2422
0.2987 -0.5175 -1.2222
0.2928 -0.4651 -1.1869
0.2985 -0.4419 -1.1813
0.3590 -0.4377 -1.1807
0.4101 -0.4863 -1.1660
0.4278 -0.4993 -1.1644
0.4660 -0.4696 -1.1893
0.4919 -0.4463 -1.2084
0.5519 -0.4176 -1.2441
0.5977 -0.4368 -1.2644
0.6077 -0.4441 -1.2669
0.6281 -0.4397 -1.2630
0.6376 -0.4649 -1.2593
0.6304 -0.5000 -1.2560
0.6053 -0.5727 -1.2388
0.5773 -0.6155 -1.2255
0.5548 -0.6128 -1.2133
0.4997 -0.5883 -1.1811
0.4234 -0.6005 -1.1521
0.3902 -0.5866 -1.1292
0.3446 -0.5374 -1.0675
0.3381 -0.4592 -0.9853
0.3412 -0.4225 -0.9307
0.3137 -0.3782 -0.8190
0.2596 -0.3149 -0.7280
0.2401 -0.2816 -0.6930
0.2223 -0.2414 -0.6315
0.2160 -0.2311 -0.5304
0.2097 -0.2274 -0.4836
0.1779 -0.1857 -0.4167
0.1366 -0.1425 -0.3869
0.1108 -0.1387 -0.3726
0.0755 -0.1351 -0.3133
0.0721 -0.1341 -0.2649
0.0685 -0.1318 -0.1527
0.0257 -0.1337 -0.0702
-0.0152 -0.1490 -0.0541
-0.0868 -0.1817 -0.0248
-0.1279 -0.1931 0.0316
-0.1406 -0.1677 0.0714
-0.1499 -0.0363 0.1478
-0.1372 0.1175 0.2140
-0.1357 0.1666 0.2423
-0.1665 0.1865 0.2612
-0.2131 0.1168 0.2774
-0.2278 0.0785 0.2857
-0.2412 0.0376 0.3204
-0.2400 0.0832 0.3895
-0.2287 0.1183 0.4189
-0.2110 0.1574 0.4239
-0.1961 0.1721 0.4153
-0.1729 0.1688 0.4112
-0.1241 0.1327 0.4201
-0.1077 0.1007 0.4227
-0.1024 0.1061 0.4125
-0.0822 0.1250 0.3923
-0.0551 0.1532 0.3894
-0.0393 0.1500 0.3834
-0.0068 0.1205 0.3553
-0.0067 0.1104 0.3020
-0.0162 0.0993 0.2651
-0.0410 0.0652 0.2086
-0.0541 0.0427 0.1803
-0.0490 0.0063 0.1356
-0.0411 -0.0360 0.0900
-0.0434 -0.0621 0.0674
-0.0636 -0.0783 0.0261
-0.0715 -0.0556 -0.0291
-0.0696 -0.0317 -0.0488
-0.0384 -0.0219 -0.0587
0.0087 -0.0555 -0.0501
0.0165 -0.0818 -0.0484
0.0223 -0.0920 -0.0553
-0.0046 -0.0795 -0.0834
-0.0217 -0.0756 -0.0998
-0.0417 -0.0616 -0.1215
-0.0366 -0.0356 -0.1209
-0.0225 -0.0245 -0.1134
0.0053 -0.0300 -0.0972
0.0066 -0.0505 -0.0925
-0.0043 -0.0617 -0.0959
-0.0110 -0.0585 -0.0945
-0.0130 -0.0483 -0.1011
-0.0202 -0.0385 -0.1006
-0.0393 -0.0263 -0.0948
-0.0632 -0.0249 -0.0839
-0.0678 -0.0156 -0.0791
-0.0850 -0.0456 -0.0725
-0.0909 -0.0298 -0.0385
-0.0685 -0.0192 -0.0106
-0.0119 -0.0059 0.0437
-0.0004 -0.0197 0.0685
-0.0199 -0.0727 0.0941
-0.0449 -0.0675 0.1002
-0.0423 -0.0285 0.1017
-0.0087 0.0744 0.1011
0.0192 0.1522 0.1018
0.0160 0.1658 0.0982
-0.0166 0.1497 0.0994
-0.0511 0.1172 0.1183
-0.0550 0.1117 0.1304
-0.0471 0.1364 0.1592
-0.0344 0.1533 0.1813
-0.0468 0.1501 0.1895
-0.0697 0.1254 0.2016
-0.0749 0.1086 0.2121
-0.0712 0.1176 0.2192
-0.0430 0.1672 0.2331
-0.0280 0.1739 0.2406
-0.0424 0.1491 0.2352
-0.0959 0.1164 0.2162
-0.1317 0.1474 0.2133
-0.1384 0.1775 0.2157
-0.1319 0.2033 0.2164
-0.1824 0.2095 0.2243
-0.2187 0.1876 0.2188
-0.2746 0.0594 0.1964
-0.2813 -0.0103 0.1912
-0.2780 -0.0881 0.2080
-0.3643 -0.0759 0.1992
-0.4681 -0.0695 0.1783
-0.7336 -0.0894 0.1348
-0.9254 -0.1920 0.1536
-0.9706 -0.2467 0.1862
-1.0622 -0.2947 0.2604
-1.3228 -0.1821 0.3221
-1.5340 -0.0843 0.3648
-2.0795 0.0917 0.4514
-2.7327 0.1742 0.4303
-3.2070 0.4402 0.4637
-4.6820 0.3007 0.7240
-5.4922 0.8202 0.3688
-5.5212 0.6089 -0.1422
-4.9112 0.1489 -0.9850
-3.2474 -0.0440 -1.2080
-2.3909 0.4245 -1.0282
-0.7600 0.7085 -0.1603
-0.0933 0.9144 0.9998
-0.1928 0.5026 1.3684
-0.0686 0.1131 1.5562
0.7620 0.3779 1.3234
1.1350 0.3746 1.2583
1.7263 0.1238 1.4422
2.0318 0.0460 1.6034
2.7370 0.0994 1.8821
3.4767 0.6416 1.9365
3.8613 0.7922 1.8388
4.2296 0.0823 1.7098
3.7164 -0.3888 1.9116
3.4164 -0.3654 2.0572
2.8766 -0.0891 2.0944
2.5177 0.1161 1.6216
2.4713 0.1460 1.3306
2.5002 0.0281 0.6897
2.4737 0.4004 0.4074
2.2867 0.9157 0.5096
1.6307 1.6757 0.9174
1.2994 2.3951 1.4781
1.1937 2.0398 1.5519
1.2079 0.1190 2.2122
1.1717 -0.7007 3.0170
1.2118 -0.7653 3.3045
0.8930 -0.0919 2.3592
0.9288 -0.6028 1.2004
0.8624 -0.7145 1.0039
0.5454 -0.6337 1.0877
0.6980 -0.9114 1.1452
0.8855 -1.1320 1.0315
1.2642 -0.9431 0.6000
1.2751 -0.7577 0.4230
0.8361 -0.6230 0.3309
0.3106 -0.6108 0.4878
0.1086 -0.6511 0.5814
-0.1385 -0.9215 0.7118
0.0754 -0.9166 0.5224
0.2654 -0.5936 0.3421
0.3530 -0.0379 0.1247
0.0054 0.0944 0.1649
-0.1878 0.0644 0.2089
-0.2417 -0.0022 -0.1156
0.0232 -0.0664 -0.4177
0.1679 -0.1699 -0.4158
0.2075 -0.2133 -0.2018
-0.0084 -0.0491 0.0020
-0.1229 0.0312 0.0601
-0.2555 0.1327 0.0729
-0.2267 0.3029 0.0489
-0.1964 0.4787 0.0516
-0.1951 0.5414 0.0479
-0.1898 0.3213 0.0592
-0.1670 0.2189 0.0698
-0.1569 0.1274 0.0757
-0.1401 0.1006 0.0829
-0.1088 0.0798 0.0733
-0.0474 -0.0041 0.0392
-0.0209 -0.1483 0.0327
-0.0021 -0.2403 0.0496
0.3060 -0.2227 -0.0508
0.6057 -0.1390 -0.1193
0.5250 -0.0955 -0.0603
0.3139 -0.0330 0.0654
0.2734 -0.0033 0.0942
0.2717 -0.0073 0.0710
0.2475 -0.0488 0.0524
0.2356 -0.0535 0.0613
0.2816 -0.0260 0.0597
0.3538 -0.0459 0.0343
0.3538 -0.0710 0.0235
0.2677 -0.1204 0.0479
0.1921 -0.0626 0.0771
0.1522 0.0167 0.0830
0.0518 0.2711 0.0776
-0.0480 0.3218 0.0908
-0.0729 0.2822 0.0950
-0.0799 0.1207 0.0672
-0.1626 -0.0423 0.0379
-0.0908 -0.0061 0.0267
0.0853 0.0487 -0.0390
0.2112 0.1113 -0.0730
0.2083 0.1207 -0.0681
0.0989 0.0662 -0.0602
0.0699 0.1253 -0.0943
0.0870 0.1289 -0.1087
0.1047 0.0597 -0.0812
0.0869 0.0326 -0.0521
0.0745 0.0225 -0.0417
0.0702 -0.0109 -0.0390
0.0615 -0.0395 -0.0462
-0.0805 -0.1427 -0.0499
0.1083 0.1288 -0.0538
0.1397 0.0910 -0.0734
0.0480 0.0820 -0.0312
-0.0190 0.0779 0.0162
-0.0135 0.0343 0.0001
-0.0231 -0.0179 -0.0245
-0.0734 -0.0807 -0.0288
-0.0567 -0.0875 -0.0257
0.0011 0.0116 -0.0776
0.0227 0.0231 -0.1186
0.0283 0.0396 -0.1226
0.0285 0.0322 -0.1567
0.0007 0.0055 -0.2015
-0.0237 0.0085 -0.1720
0.0165 -0.1048 -0.2025
0.1205 0.0250 -0.2321
0.0966 0.0355 -0.2141
0.0170 0.0260 -0.1847
0.0078 0.0682 -0.1843
0.0219 0.0811 -0.1672
0.0116 0.1088 -0.1374
-0.0193 0.0616 -0.1313
-0.0006 0.0531 -0.1207
0.0157 0.0691 -0.0972
-0.0010 0.1170 -0.0761
0.0054 0.1771 -0.0771
0.0084 0.2320 -0.0918
-0.0026 0.2310 -0.1023
-0.0199 0.1882 -0.0924
0.0030 0.1626 -0.0617
0.0039 0.1730 -0.0464
-0.0384 0.1926 -0.0224
-0.0691 0.1706 -0.0065
-0.0566 0.1449 -0.0042
-0.0293 0.0714 0.0071
-0.0527 0.0219 0.0263
-0.0592 0.0200 0.0279
-0.0496 0.0406 0.0162
-0.0622 0.0546 0.0256
-0.0865 0.0613 0.0371
-0.1178 0.0529 0.0327
-0.0803 -0.0123 0.0191
-0.0510 -0.0302 0.0178
-0.0129 -0.0057 0.0177
-0.0319 0.0027 0.0088
-0.0540 -0.0026 0.0043
-0.0451 -0.0095 0.0007
-0.0030 0.0101 0.0030
0.0015 0.0268 0.0007
0.0107 0.0138 0.0118
0.0538 -0.0295 0.0090
0.0626 -0.0404 0.0110
0.0492 -0.0423 0.0248
0.0326 -0.0483 0.0323
0.0026 -0.0318 0.0442
0.0179 -0.0107 0.0411
0.0349 -0.0050 0.0361
0.0491 -0.0267 0.0229
0.0218 -0.0598 0.0282
0.0069 -0.0568 0.0307
-0.0020 -0.0423 0.0285
-0.0125 -0.0268 0.0337
-0.0178 -0.0173 0.0363
-0.0356 0.0026 0.0252
-0.0155 -0.0143 0.0355
-0.0064 -0.0111 0.0452
-0.0237 0.0245 0.0519
-0.0697 0.0454 0.0563
-0.0817 0.0430 0.0563
-0.0696 0.0185 0.0467
-0.0415 0.0185 0.0375
-0.0343 0.0227 0.0390
-0.0511 0.0374 0.0530
-0.0963 0.0242 0.0487
-0.1081 0.0094 0.0481
-0.0974 -0.0078 0.0491
-0.1008 0.0228 0.0432
-0.1182 0.0429 0.0380
-0.1517 0.0781 0.0320
-0.1395 0.0846 0.0078
-0.1178 0.0674 -0.0137
-0.0388 0.0329 -0.0674
-0.0117 0.0425 -0.0790
-0.0387 0.1112 -0.0592
-0.1331 0.1892 -0.0252
-0.1607 0.1987 -0.0157
-0.1240 0.1389 0.0275
-0.1021 0.1132 0.0556
-0.1548 0.1155 0.0673
-0.2170 0.1201 0.1146
-0.1339 0.1849 0.1067
-0.0689 0.1739 0.1034
0.0286 0.0586 0.0853
0.1018 -0.0387 0.0603
0.1191 -0.0807 0.0438
0.1008 -0.1022 0.0331
0.0592 -0.0226 0.0337
0.0395 0.0285 0.0261
0.0128 0.0545 0.0032
0.0217 0.0139 0.0015
0.0229 -0.0057 0.0092
-0.0138 -0.0350 0.0143
-0.0533 -0.0465 0.0236
-0.0439 -0.0278 0.0290
-0.0015 -0.0085 0.0393
-0.0624 -0.0212 0.0655
-0.1176 0.0062 0.0922
-0.1699 0.0679 0.1090
-0.1693 0.0920 0.1029
-0.1587 0.0967 0.0987
-0.1323 0.0584 0.0848
-0.1050 0.0341 0.0661
-0.0484 0.0045 0.0223
-0.0173 0.0140 0.0142
-0.0113 0.0184 0.0148
-0.0465 -0.0291 -0.0026
-0.0497 -0.0540 0.0007
-0.0308 -0.0490 -0.0009
0.0171 -0.0348 -0.0031
0.0139 -0.0179 -0.0043
-0.0102 -0.0135 -0.0010
-0.0056 -0.0035 0.0054
0.0138 -0.0040 0.0026
0.0151 -0.0030 0.0044
0.0013 0.0093 0.0143
0.0018 0.0030 0.0127
0.0064 -0.0141 0.0100
0.0157 -0.0393 -0.0031
0.0167 -0.0417 -0.0157
0.0150 -0.0341 -0.0118
-0.0035 -0.0153 -0.0022
0.0185 -0.0028 -0.0008
0.0284 0.0015 0.0006
0.0327 0.0166 0.0055
0.0614 -0.0130 0.0108
0.0822 -0.0454 -0.0091
0.1238 -0.0451 -0.0329
0.1321 -0.0310 -0.0381
0.1545 -0.0088 -0.0223
0.1917 -0.0250 -0.0169
0.2130 -0.0479 -0.0164
0.2339 -0.0898 -0.0079
0.2186 -0.0867 -0.0125
0.2243 -0.0955 -0.0093
0.3083 -0.1359 0.0198
0.3414 -0.1109 -0.0023
0.3461 -0.1014 -0.0136
0.3636 -0.1350 -0.0302
0.4052 -0.1933 -0.0508
0.4259 -0.1862 -0.0562
0.4418 -0.1669 -0.0479
0.4544 -0.1646 -0.0483
0.4563 -0.1156 -0.0630
0.4962 -0.0834 -0.0886
0.4326 0.0159 -0.0318
0.3684 0.0055 -0.0269
0.2867 -0.0253 -0.0086
0.2700 -0.0265 0.0072
0.2533 -0.0114 0.0041
0.2021 0.0201 0.0030
0.1772 0.0055 0.0067
0.1807 -0.0096 0.0107
0.1768 -0.0155 0.0064
0.1329 0.0375 0.0054
0.1061 0.0782 0.0136
0.0553 0.1152 0.0275
0.0590 0.1053 0.0287
0.1031 0.0759 0.0287
0.1184 0.0839 0.0173
0.0954 0.0843 0.0105
0.0332 0.0868 0.0081
0.0298 0.0765 0.0161
0.0452 0.0678 0.0163
0.0532 0.0529 0.0203
0.0405 0.0499 0.0111
0.0373 0.0526 0.0056
0.0396 0.0394 0.0065
0.0378 0.0543 0.0083
0.0290 0.0649 0.0117
0.0244 0.0742 0.0107
0.0145 0.0650 0.0163
0.0105 0.0630 0.0174
0.0005 0.0382 0.0154
0.0056 0.0163 0.0026
0.0090 0.0192 -0.0054
-0.0185 0.0295 -0.0050
-0.0372 0.0305 -0.0129
-0.0271 0.0299 -0.0204
0.0102 0.0273 -0.0358
0.0135 0.0172 -0.0338
-0.0046 0.0162 -0.0288
-0.0263 0.0127 -0.0248
-0.0213 0.0143 -0.0248
0.0049 -0.0082 -0.0157
0.0177 -0.0125 -0.0181
0.0094 -0.0054 -0.0152
-0.0090 0.0151 -0.0004
-0.0204 0.0341 0.0047
-0.0193 0.0252 0.0020
-0.0036 0.0118 -0.0103
-0.0102 0.0120 -0.0105
-0.0155 0.0209 -0.0010
-0.0222 0.0383 0.0068
0.0022 0.0413 0.0072
0.0110 0.0316 0.0086
0.0016 0.0197 0.0130
0.0068 0.0276 0.0083
0.0108 0.0368 0.0049
0.0178 0.0409 0.0080
0.0324 0.0302 -0.0109
0.0278 0.0234 -0.0164
0.0085 0.0156 -0.0130
-0.0016 0.0151 0.0000
0.0067 0.0113 0.0014
0.0097 0.0188 -0.0043
0.0255 0.0282 -0.0027
0.0351 0.0273 -0.0074
0.0408 0.0110 -0.0150
0.0065 0.0100 -0.0126
-0.0057 -0.0033 -0.0019
-0.0063 -0.0130 0.0115
0.0027 -0.0176 0.0094
0.0326 -0.0029 0.0158
0.0498 0.0156 0.0285
0.0519 0.0140 0.0219
0.0469 -0.0051 0.0064
0.0587 -0.0111 -0.0073
0.0620 -0.0103 -0.0097
0.0314 0.0021 -0.0108
0.0117 0.0086 -0.0028
0.0205 0.0176 -0.0081
0.0456 -0.0009 -0.0136
0.0395 -0.0065 0.0048
0.0279 -0.0154 0.0083
0.0142 -0.0221 0.0169
0.0380 -0.0366 0.0163
0.0338 -0.0399 0.0152
0.0171 -0.0322 0.0203
0.0229 -0.0192 0.0184
0.0399 0.0144 0.0177
0.0627 0.0493 0.0027
0.0294 0.0777 0.0010
0.0166 0.0758 0.0015
0.0174 0.0326 0.0088
0.0196 0.0081 0.0009

