0.0130 0.0123 0.0026
0.0104 0.0340 0.0047
-0.0009 0.0335 0.0120
-0.0299 0.0285 0.0316
-0.0426 0.0188 0.0296
-0.0234 0.0338 0.0268
-0.0019 0.0491 0.0127
-0.0055 0.0466 0.0013
-0.0080 0.0423 0.0021
-0.0041 0.0186 0.0040
0.0030 -0.0045 0.0067
0.0081 -0.0022 0.0113
0.0252 0.0269 0.0146
0.0282 0.0365 0.0126
0.0276 0.0336 0.0093
0.0233 0.0164 0.0031
0.0182 0.0145 0.0012
0.0149 0.0182 0.0027
0.0034 0.0078 0.0043
0.0197 -0.0117 -0.0063
0.0311 -0.0144 -0.0100
0.0194 -0.0055 -0.0084
-0.0061 -0.0211 -0.0032
0.0059 -0.0229 -0.0064
0.0346 0.0036 -0.0163
0.0253 0.0230 0.0010
0.0082 0.0170 0.0039
0.0111 -0.0143 0.0048
0.0246 -0.0291 -0.0063
0.0359 -0.0233 -0.0048
0.0176 0.0001 0.0055
0.0097 0.0099 0.0047
0.0276 0.0058 -0.0091
0.0485 0.0055 -0.0117
0.0392 0.0002 -0.0108
0.0043 -0.0178 -0.0103
0.0058 -0.0114 -0.0035
0.0142 0.0026 -0.0025
0.0122 0.0214 -0.0108
0.0082 -0.0150 -0.0004
0.0150 -0.0303 -0.0048
0.0375 -0.0313 -0.0078
0.0307 0.0102 0.0118
0.0146 0.0324 0.0113
-0.0071 0.0206 0.0152
-0.0001 -0.0348 0.0128
0.0137 -0.0466 0.0112
0.0221 0.0089 0.0023
0.0234 0.0369 0.0130
0.0262 0.0279 0.0111
0.0078 0.0151 0.0100
0.0014 0.0177 0.0060
0.0071 0.0301 0.0035
0.0152 0.0222 0.0157
-0.0048 -0.0113 0.0174
-0.0121 -0.0224 0.0159
-0.0094 -0.0205 0.0159
0.0064 -0.0111 0.0094
0.0222 0.0102 0.0022
0.0015 0.0219 0.0025
-0.0007 0.0128 0.0054
0.0118 0.0030 0.0047
0.0361 -0.0142 -0.0078
0.0366 -0.0291 -0.0050
0.0220 -0.0196 0.0010
-0.0092 -0.0154 0.0097
-0.0069 -0.0339 0.0157
0.0183 -0.0464 0.0026
0.0059 -0.0182 0.0065
-0.0123 -0.0058 0.0055
0.0030 0.0088 0.0072
0.0215 -0.0025 -0.0008
0.0186 -0.0046 -0.0071
0.0017 -0.0091 -0.0069
0.0000 0.0097 0.0015
0.0139 0.0098 0.0050
0.0365 0.0064 -0.0027
0.0213 0.0253 0.0034
0.0116 0.0324 0.0085
0.0257 0.0355 0.0097
0.0251 0.0912 0.0019
0.0094 0.1045 -0.0053
0.0413 0.2490 -0.0324
0.0731 0.2285 -0.0966
0.0475 0.0555 -0.0805
-0.0696 -0.0184 0.0114
-0.1098 -0.0209 0.0415
-0.0605 -0.0197 0.0463
0.1125 0.0400 -0.0434
0.1431 0.0184 -0.0547
0.1346 -0.0328 0.0023
0.0773 0.0111 0.0142
0.0796 0.0138 0.0264
0.0998 0.0024 0.0408
0.1058 -0.0006 0.0351
0.0881 -0.0063 0.0321
0.0548 -0.0310 0.0410
0.0478 0.0071 0.0209
0.0366 0.0292 0.0096
0.0081 0.0558 0.0239
0.0060 0.0727 0.0231
0.0184 0.0762 0.0181
0.0334 0.0668 0.0027
0.0111 0.0934 0.0230
-0.0177 0.1352 0.0348
-0.0825 0.2295 0.0609
-0.1479 0.3429 0.0811
-0.1700 0.4120 0.0896
-0.2081 0.5851 0.1337
-0.3600 0.8373 0.2215
-0.5166 0.9998 0.2871
-0.8112 1.5171 0.6712
-1.1747 1.9905 0.9309
-1.3301 2.2068 0.9547
-1.4494 2.4993 1.0389
-1.2635 2.1035 1.1906
-1.1702 1.6442 1.1556
-0.9610 0.7803 0.9067
-0.8232 0.5682 0.6378
-0.8152 0.6491 0.5306
-0.7996 1.0376 0.3571
-0.7399 1.3634 0.0443
-0.6969 1.4344 -0.0948
-0.7592 1.5419 -0.0655
-0.9511 1.5497 0.0945
-1.5814 1.5403 1.0504
-2.0683 1.5576 2.1582
-2.2444 1.6880 2.6840
-2.3183 2.1927 3.2797
-1.9805 2.9169 3.1910
-1.4900 3.1628 2.3291
-0.8357 2.1575 1.2467
-0.5945 1.8220 0.7941
-0.6148 1.7575 0.6375
-0.8395 1.4983 0.4750
-1.0919 1.0223 0.3253
-1.0450 0.5632 0.4686
-0.8389 0.2919 0.4409
-0.9352 0.4853 0.0151
-0.9649 0.3707 -0.1080
-0.8612 0.1063 -0.2308
-0.8746 -0.1819 -0.2120
-0.8361 -0.2326 -0.1675
-0.1987 -0.1989 -0.0815
0.0124 -0.7989 0.0918
-0.2377 -0.7717 0.1481
-1.1070 0.5052 0.2142
-1.7060 1.4740 0.4205
-1.6814 1.4254 0.3668
-1.3322 0.9470 0.1609
-1.0330 0.6248 -0.0180
-0.9654 0.5370 -0.0869
-0.9448 0.4314 -0.1375
-0.9261 0.3567 -0.1450
-0.7319 0.0568 -0.1266
-0.3366 -0.3965 -0.1201
-0.1764 -0.6305 -0.0989
-0.0333 -0.9173 0.1062
0.1193 -1.3618 0.0939
0.3542 -2.1023 0.0685
0.8877 -3.7732 0.4164
1.0135 -4.7969 0.5011
0.8638 -4.6647 0.5150
0.0789 -2.9359 0.7488
-1.0930 -1.0350 1.1738
-1.6979 -0.2544 1.3035
-2.7139 0.8284 1.4132
-3.3960 1.3097 1.4153
-3.6648 0.9669 1.3884
-3.5991 0.3377 1.5009
-3.1734 0.1717 1.7121
-2.9297 0.1048 1.7714
-2.6460 0.3058 1.6024
-2.7423 0.7939 1.2095
-2.8563 1.0369 1.0125
-2.9552 1.2137 0.7020
-2.7967 1.1666 0.5851
-2.0848 0.9981 0.4305
-1.1584 0.8426 0.4079
-0.4265 0.6601 0.4505
-0.2074 0.4950 0.4983
-0.0006 0.0783 0.6237
0.0344 -0.1614 0.6297
0.1438 -0.5910 0.4397
0.3247 -0.9556 0.1608
0.5627 -1.0841 -0.0491
0.7125 -1.0651 -0.0940
1.0102 -0.8539 -0.1083
1.1251 -0.6748 -0.0840
1.2788 -0.2338 -0.0198
1.2613 0.1430 0.0423
1.2017 0.2640 0.0667
1.0273 0.3607 0.1394
0.7956 0.2613 0.2604
0.6713 0.2019 0.2824
0.4712 0.0723 0.1837
0.2702 -0.0010 -0.0207
0.1432 -0.0176 -0.1357
-0.1925 -0.0310 -0.3649
-0.5867 -0.0715 -0.5800
-0.7508 -0.1280 -0.6517
-0.9395 -0.1882 -0.7621
-0.9855 -0.2098 -0.8100
-0.9692 -0.2028 -0.8450
-0.7997 -0.0707 -0.7925
-0.5535 0.0779 -0.6832
-0.4447 0.1221 -0.6097
-0.3399 0.1943 -0.4618
-0.3349 0.2087 -0.3997
-0.3713 0.1144 -0.3542
-0.4178 -0.0293 -0.4096
-0.4399 -0.1066 -0.4377
-0.4040 -0.1556 -0.3904
-0.1734 -0.2868 -0.1407
-0.0293 -0.3057 0.0526
0.1461 -0.2362 0.4484
0.1141 -0.1655 0.7327
0.0777 -0.1869 0.8599
0.2044 -0.3136 1.0960
0.7249 -0.2811 1.3318
1.0717 -0.2232 1.4565
1.5728 -0.0485 1.6690
1.5421 0.1250 1.8124
1.3547 0.1767 1.8442
0.8463 0.1208 1.8633
0.4023 -0.1652 1.8254
0.2676 -0.3525 1.7746
0.1998 -0.6920 1.6260
0.3216 -0.8500 1.4697
0.3717 -0.8602 1.4266
0.2829 -0.7517 1.3960
0.1685 -0.6515 1.3908
-0.0035 -0.4855 1.3609
0.0419 -0.4849 1.3223
0.3348 -0.4428 1.2904
0.5049 -0.3900 1.2863
0.7578 -0.2141 1.3103
0.8363 -0.0038 1.2893
0.8442 0.0911 1.2432
0.8521 0.2017 1.0857
0.8454 0.2154 0.9889
0.8129 0.1860 0.7741
0.7426 0.1203 0.5296
0.6812 0.0849 0.3974
0.5352 0.0356 0.1431
0.3796 -0.0631 -0.0861
0.1905 -0.2149 -0.2937
0.0863 -0.2962 -0.4056
-0.1362 -0.4565 -0.6549
-0.2403 -0.5052 -0.7818
-0.4320 -0.5276 -1.0528
-0.6714 -0.4451 -1.2862
-0.7996 -0.3801 -1.3898
-1.0661 -0.2636 -1.6299
-1.4409 -0.2485 -2.0124
-1.6751 -0.2595 -2.2458
-1.9453 -0.2546 -2.6357
-1.4943 -0.1393 -2.7304
-0.9684 -0.0535 -2.6440
0.3706 0.0302 -2.2715
0.9466 0.0198 -2.0883
1.3977 -0.0477 -1.9474
1.0099 -0.0561 -2.1765
0.2995 0.0188 -2.6786
0.0083 0.0530 -2.9590
-0.2834 0.0428 -3.4182
-0.3280 0.0151 -3.5803
-0.3755 -0.0192 -3.7690
-0.4781 0.0075 -3.7504
-0.6100 0.1435 -3.5607
-0.6593 0.2335 -3.3954
-0.6659 0.3797 -2.9877
-0.6119 0.3880 -2.7695
-0.4380 0.2392 -2.3213
-0.3620 0.0752 -1.8436
-0.3940 0.0505 -1.6009
-0.5272 0.0520 -1.1179
-0.6146 0.0100 -0.6469
-0.6104 -0.0384 -0.4330
-0.5014 -0.1575 -0.0744
-0.2688 -0.2321 0.2134
-0.1084 -0.2337 0.3091
0.2663 -0.0565 0.4278
0.2625 0.0649 0.4256
0.1809 0.1855 0.4094
-0.0489 0.3623 0.3792
-0.1304 0.3831 0.3327
-0.1100 0.3667 0.2992
-0.0987 0.3659 0.2567
-0.1498 0.3976 0.2516
-0.3567 0.3965 0.3147
-0.4766 0.2026 0.4556
-0.4116 0.0569 0.5485
0.1403 -0.2119 0.8350
1.2609 -0.2441 1.2228
1.8858 -0.2054 1.4308
2.7071 -0.1370 1.7562
2.6196 -0.0998 1.9563
2.3096 -0.0756 2.0256
1.5025 -0.0225 2.1229
0.7645 0.0139 2.1254
0.5113 0.0099 2.0763
0.2521 -0.0542 1.9372
0.1457 -0.1172 1.8627
0.0985 -0.1302 1.8787
0.1363 -0.1469 2.0231
0.5025 -0.1271 2.2734
0.7540 -0.0764 2.3841
1.1282 0.0831 2.4649
1.1675 0.3698 2.3916
1.1048 0.5153 2.3307
0.9872 0.6668 2.1841
0.9334 0.6514 1.9861
0.9299 0.6216 1.8734
0.9543 0.5380 1.6183
0.9690 0.4642 1.4795
0.9194 0.3154 1.1600
0.6838 0.2412 0.8179
0.3301 0.1237 0.5063
0.1578 0.0258 0.3677
-0.2013 -0.2746 0.0894
-0.3861 -0.4216 -0.0649
-0.6731 -0.6541 -0.3351
-0.7371 -0.8446 -0.4399
-0.6853 -0.8986 -0.4354
-0.5217 -0.8663 -0.3816
-0.3944 -0.7275 -0.3411
-0.3692 -0.6420 -0.3574
-0.5001 -0.5613 -0.4822
-0.8807 -0.6760 -0.7621
-1.0373 -0.7289 -0.9355
-0.9669 -0.7366 -1.2708
-0.3330 -0.6245 -1.4855
0.0525 -0.5589 -1.5351
0.5766 -0.4224 -1.6048
0.5119 -0.4646 -1.7231
0.3154 -0.5199 -1.8258
-0.1859 -0.6400 -2.1408
-0.6311 -0.6344 -2.5158
-0.7691 -0.5444 -2.6767
-0.8146 -0.3362 -2.8952
-0.7024 -0.2488 -2.9274
-0.6720 -0.1934 -2.8716
-0.7570 -0.0392 -2.6780
-0.9187 0.1966 -2.4007
-0.9851 0.3023 -2.2459
-1.0407 0.4315 -1.9163
-1.0380 0.4814 -1.7554
-1.0071 0.5484 -1.4965
-1.0142 0.6149 -1.2364
-1.0269 0.6610 -1.0736
-1.0663 0.8131 -0.6935
-1.1197 1.0222 -0.3434
-1.0713 1.0934 -0.1915
-0.7053 0.9660 0.1162
-0.0160 0.5999 0.4558
0.3444 0.4100 0.6283
0.8230 0.1980 0.8863
0.8435 0.3044 0.9663
0.7156 0.4445 0.9559
0.3233 0.6326 0.9094
-0.1529 0.5552 0.8207
-0.3886 0.4296 0.7611
-0.6760 0.0988 0.6800
-0.3960 -0.0991 0.7914
-0.0393 -0.0632 0.9607
0.7927 0.2131 1.5278
1.2549 0.4795 2.1405
1.2812 0.5570 2.3879
1.0442 0.5664 2.7861
0.8391 0.4518 2.9169
0.3911 -0.0039 3.0029
0.0310 -0.6044 2.8651
-0.1725 -1.1151 2.5363
-0.2258 -1.2540 2.3369
-0.2676 -1.2920 1.9154
-0.2169 -1.1927 1.7019
0.1017 -0.7981 1.3636
0.6295 -0.2721 1.2667
0.8891 -0.0203 1.2983
1.2380 0.4048 1.3728
1.3478 0.7003 1.3288
1.3386 0.7859 1.2487
1.2196 0.8108 0.9974
1.0580 0.7205 0.6549
0.9590 0.6559 0.4725
0.7045 0.5361 0.1193
0.4227 0.4425 -0.1464
0.2973 0.4008 -0.2452
0.0659 0.3313 -0.3931
-0.1587 0.3158 -0.4987
-0.2769 0.2815 -0.5337
-0.4550 0.0855 -0.5402
-0.5058 -0.0826 -0.5184
-0.5550 -0.4969 -0.4428
-0.6364 -0.8804 -0.4229
-0.8366 -1.0774 -0.4874
-0.9201 -1.0542 -0.5537
-0.9999 -0.7258 -0.7834
-1.0049 -0.4323 -0.9178
-0.8927 0.2411 -1.0791
-0.3993 0.7784 -0.9729
0.4778 0.9585 -0.5983
0.9280 0.8828 -0.3632
1.4995 0.4513 0.0520
1.4493 -0.1960 0.2822
1.2456 -0.5237 0.2923
0.6378 -1.0077 0.0400
-0.0113 -1.0514 -0.5621
-0.2987 -0.9501 -0.9423
-0.6989 -0.4810 -1.6432
-0.8181 -0.2007 -1.8784
-0.8399 0.3127 -2.0111
-0.6612 0.5526 -1.6718
-0.5217 0.5679 -1.3804
-0.2074 0.5065 -0.8110
0.0241 0.4726 -0.4322
0.0711 0.4562 -0.3097
0.0507 0.4176 -0.1611
-0.0916 0.3398 -0.0670
-0.1580 0.2734 -0.0257
-0.2178 0.0775 0.0652
-0.1744 -0.1158 0.1608
-0.1239 -0.1714 0.2246
-0.0154 -0.2225 0.3672
0.1325 -0.2314 0.5215
0.2320 -0.2223 0.5926
0.4276 -0.1733 0.7111
0.4899 -0.1279 0.7474
0.4859 0.0053 0.7495
0.3321 0.1749 0.6936
0.2126 0.2150 0.6665
-0.1103 0.1553 0.5984
-0.3279 0.0175 0.4941
-0.2897 -0.0551 0.4616
0.1051 -0.0451 0.5190
0.6690 0.1600 0.7676
0.8863 0.2697 0.9414
1.1199 0.4580 1.3270
1.1761 0.5327 1.6421
1.1815 0.5199 1.7470
1.1103 0.3975 1.8281
0.8066 0.0970 1.7622
0.5559 -0.0835 1.6586
-0.0457 -0.4349 1.3081
-0.6055 -0.7577 0.8235
-0.8183 -0.9299 0.5459
-0.8668 -1.1317 0.0267
-0.2984 -0.9360 -0.2443
0.1265 -0.7441 -0.2114
1.1234 0.1041 0.3375
1.2553 0.4084 0.5566
1.2928 0.6704 0.7482
1.1835 1.0241 0.9809
1.0730 1.1259 1.0331
0.8089 1.1633 0.9862
0.5056 1.0143 0.8352
0.2072 0.7020 0.6463
0.0748 0.4990 0.5624
-0.1606 0.1560 0.3909
-0.2714 0.0719 0.3199
-0.5115 0.0091 0.2058
-0.7378 -0.0053 0.1483
-0.8198 -0.0316 0.1343
-0.9179 -0.1449 0.0992
-0.9589 -0.3028 0.0153
-0.9810 -0.3785 -0.0366
-0.9630 -0.4599 -0.1471
-0.7820 -0.4563 -0.2037
-0.6568 -0.4586 -0.1958
-0.4447 -0.4397 -0.1727
-0.3170 -0.3506 -0.2049
-0.3334 -0.3267 -0.2738
-0.6382 -0.2943 -0.4757
-1.2730 -0.4196 -0.6968
-1.5985 -0.5590 -0.8429
-1.7496 -0.6197 -1.2625
-1.0799 -0.5064 -1.5858
-0.5536 -0.4198 -1.6196
0.4277 -0.2237 -1.3897
0.8234 -0.1015 -0.9459
0.7781 -0.0928 -0.7299
0.3991 -0.1061 -0.4201
0.1295 -0.1278 -0.3509
-0.4251 -0.1057 -0.3463
-0.9584 -0.1704 -0.5130
-1.5068 -0.3103 -0.7567
-1.6525 -0.3219 -0.8539
-1.5013 -0.1005 -0.9330
-0.9898 0.2456 -0.6247
-0.7402 0.3747 -0.3191
-0.4015 0.4493 0.5116
-0.2130 0.3518 1.4312
-0.1524 0.2840 1.8319
-0.1026 0.2388 2.3516
-0.1105 0.2201 2.4956
-0.1459 0.1336 2.6696
-0.1444 -0.0721 2.8024
-0.1326 -0.2293 2.8742
-0.0443 -0.5304 3.0102
0.1373 -0.7264 3.0618
0.2287 -0.8107 3.0488
0.4220 -0.9582 2.9793
0.5458 -0.9994 2.9091
0.8119 -0.9930 2.6349
0.9854 -0.8818 2.2619
1.0630 -0.6773 1.9312
1.1066 -0.5848 1.8264
1.2414 -0.4470 1.7593
1.3872 -0.3761 1.7731
1.4489 -0.3388 1.7538
1.5174 -0.2591 1.6189
1.5218 -0.2916 1.4295
1.5203 -0.3732 1.3303
1.5141 -0.5815 1.1360
1.4092 -0.7423 0.9054
1.3136 -0.7403 0.7767
1.1541 -0.5588 0.5569
1.1233 -0.3806 0.4602
1.2355 0.0522 0.3554
1.6488 0.5211 0.4524
1.9175 0.7187 0.5535
2.3820 0.9967 0.7324
2.6140 1.2351 0.8537
2.6016 1.4372 0.9695
2.5332 1.5177 1.0272
2.3102 1.6113 1.1217
2.1802 1.6159 1.1634
1.8728 1.4932 1.2573
1.5136 1.2306 1.3726
1.3223 1.0688 1.4070
0.8849 0.7824 1.4175
0.2477 0.6358 1.3438
-0.0840 0.6305 1.2893
-0.5570 0.5890 1.1383
-0.6019 0.3795 1.0985
-0.4645 0.2795 1.1392
-0.0843 0.2810 1.3449
0.0454 0.3965 1.5007
0.0062 0.7716 1.8063
-0.4116 1.1301 2.0342
-0.9210 1.2892 2.2145
-1.0969 1.2644 2.3022
-1.2425 1.0499 2.4586
-1.2489 0.8916 2.5403
-1.2563 0.6278 2.7024
-1.3079 0.4709 2.8692
-1.3483 0.4048 2.9454
-1.4077 0.2452 3.1061
-1.2842 0.1474 3.2329
-1.1042 0.1654 3.2687
-0.6073 0.2913 3.2421
-0.2145 0.4497 3.0872
-0.1195 0.5176 2.9937
-0.0070 0.6970 2.8668
0.2151 0.8586 2.7736
0.3937 0.9062 2.7080
0.7490 0.9206 2.5308
0.9339 0.8422 2.3049
0.9718 0.7540 2.1918
1.0030 0.4147 2.0306
1.0176 0.1984 1.9447
1.0727 -0.1719 1.6674
1.0162 -0.4135 1.3215
0.6762 -0.5125 0.9989
0.3746 -0.5340 0.8505
-0.3659 -0.6045 0.5512
-0.6288 -0.6782 0.3919
-0.4584 -0.7204 0.1353
0.5457 -0.3787 0.1251
1.5342 0.1005 0.5068
1.7591 0.2621 0.7463
1.5717 0.3583 1.1770
1.2884 0.3536 1.3462
0.6850 0.2969 1.5052
0.2896 0.1017 1.4146
0.1882 -0.1238 1.1482
0.2043 -0.1667 0.9848
0.2268 -0.0417 0.7261
0.2014 0.0835 0.6800
0.0729 0.3439 0.7338
-0.0365 0.5157 0.9115
-0.0496 0.5210 1.0187
0.0030 0.4219 1.1673
0.0421 0.2755 1.2192
0.0191 0.2141 1.2359
-0.0920 0.1332 1.2662
-0.1547 0.1009 1.2750
-0.2351 0.0104 1.2784
-0.2080 -0.0258 1.2253
-0.1628 -0.0040 1.1793
-0.1178 0.1156 1.0661
-0.1817 0.2803 0.9541
-0.2415 0.4411 0.8079
-0.2340 0.4964 0.7285
-0.1470 0.5243 0.6047
-0.0897 0.4985 0.5660
0.0328 0.4320 0.4950
0.1055 0.3806 0.3951
0.1252 0.3852 0.3269
0.1400 0.4158 0.2100
0.1490 0.4207 0.1419
0.1465 0.4069 0.1332
0.1077 0.3449 0.1480
0.0106 0.3263 0.1712
-0.0607 0.3298 0.1726
-0.1649 0.3672 0.1724
-0.1751 0.4194 0.2336
-0.1983 0.4099 0.2837
-0.3056 0.3170 0.3544
-0.3336 0.0098 0.2964
-0.2394 -0.1933 0.2337
0.2399 -0.3883 0.0989
0.8613 -0.2039 -0.0715
1.1371 -0.0234 -0.0955
1.4758 0.2966 -0.0252
1.5342 0.4760 0.0757
1.4717 0.4609 0.1045
1.1920 0.2574 0.1035
0.6916 -0.0800 -0.0058
0.3574 -0.2306 -0.1018
-0.3877 -0.4471 -0.3592
-0.7350 -0.5289 -0.4920
-1.1907 -0.6703 -0.6403
-1.0120 -0.8067 -0.4534
-0.6998 -0.7999 -0.2486
0.0136 -0.6728 0.2152
0.4908 -0.4336 0.4874
0.5709 -0.2850 0.5458
0.5273 0.0443 0.5786
0.3322 0.2423 0.5995
0.2256 0.2650 0.6399
0.0369 0.1988 0.7400
-0.1042 0.0665 0.8451
-0.1623 0.0071 0.8607
-0.2610 -0.0171 0.8016
-0.3791 0.0026 0.7129
-0.4498 0.0110 0.6697
-0.5939 -0.0044 0.5938
-0.6844 -0.0568 0.5587
-0.6920 -0.1066 0.5235
-0.6541 -0.2433 0.3859
-0.6198 -0.4071 0.2445
-0.6339 -0.4959 0.2162
-0.6797 -0.5345 0.2387
-0.6952 -0.4230 0.2786
-0.6778 -0.1245 0.3426
-0.6838 -0.0347 0.2837
-0.6874 -0.2277 0.1011
-0.6767 -0.4189 -0.0083
-0.5688 -0.7998 -0.2267
-0.5051 -0.9137 -0.3779
-0.5651 -1.0055 -0.7984
-0.9278 -1.0670 -1.3064
-1.2508 -1.1642 -1.8580
-1.2558 -1.1308 -2.1265
-0.7451 -0.8283 -2.4956
0.1770 -0.4251 -2.5472
0.5603 -0.2809 -2.5184
0.8504 -0.1764 -2.5319
0.5057 -0.2899 -2.6310
0.1749 -0.3826 -2.7237
-0.5436 -0.5362 -3.0576
-0.8546 -0.5635 -3.2793
-1.2085 -0.5682 -3.6679
-1.1593 -0.6797 -3.8183
-1.0246 -0.7731 -3.7656
-0.7102 -1.0312 -3.4217
-0.5384 -1.2051 -2.8060
-0.5839 -1.1120 -2.5055
-0.9639 -0.5952 -2.0309
-1.2228 -0.3242 -1.8590
-1.6553 -0.1098 -1.7153
-1.7513 -0.3445 -1.7173
-1.6874 -0.5862 -1.6991
-1.6635 -0.6264 -1.6574
-1.5977 -0.5730 -1.5339
-1.5437 -0.5162 -1.4570
-1.4157 -0.4412 -1.2713
-1.2924 -0.4198 -1.1122
-1.2394 -0.3478 -1.0412
-1.1695 -0.0478 -0.9083
-1.0827 0.2464 -0.7766
-0.9982 0.3291 -0.6882
-0.7803 0.3416 -0.4424
-0.5473 0.3266 -0.1237
-0.4238 0.3679 0.0507
-0.2323 0.4261 0.3963
-0.2092 0.3794 0.7261
-0.2035 0.3791 0.8905
-0.0580 0.4975 1.1995
0.3508 0.7081 1.4686
0.6476 0.8513 1.5906
1.2091 1.1492 1.8242
1.5914 1.4184 2.1686
1.7085 1.5027 2.3745
1.8266 1.5531 2.8141
1.7366 1.4242 3.1830
1.6012 1.3521 3.3363
1.2437 1.2372 3.5858
1.0157 1.0449 3.6634
1.0016 0.9570 3.6045
1.1113 0.7982 3.3933
1.2373 0.7194 3.1042
1.2667 0.7138 2.9650
1.2951 0.7377 2.7401
1.3311 0.7493 2.6766
1.4745 0.7141 2.6572
1.6315 0.6550 2.6779
1.6860 0.6152 2.6726
1.6531 0.6433 2.6208
1.4602 0.7140 2.4503
1.3501 0.7319 2.3423
1.1345 0.6002 2.0918
0.9219 0.3247 1.8517
0.8160 0.1585 1.7341
0.5860 -0.0594 1.4912
0.2744 0.0965 1.3710
0.1255 0.1975 1.3703
-0.0616 0.1745 1.5056
-0.0479 -0.0886 1.6307
0.0094 -0.2402 1.6218
-0.0181 -0.3879 1.4768
-0.1060 -0.3932 1.1904
-0.0675 -0.3660 1.0005
0.0687 -0.1666 0.6514
0.1003 0.1113 0.3632
0.0242 0.1863 0.2204
-0.2337 0.0569 -0.0550
-0.2513 -0.0591 -0.1673
0.0953 -0.2651 -0.2593
0.6928 -0.3195 -0.1113
1.0217 -0.3002 0.1748
1.0156 -0.3405 0.3251
0.6964 -0.5420 0.5093
0.4264 -0.6856 0.4935
-0.1996 -0.9074 0.1878
-0.7188 -0.8841 -0.3620
-1.0447 -0.4941 -0.9909
-1.1222 -0.1677 -1.2697
-1.1057 0.5401 -1.6425
-0.9098 0.9563 -1.6929
-0.7845 1.0060 -1.6151
-0.5809 0.9127 -1.3268
-0.5084 0.8153 -1.1327
-0.4291 0.5835 -0.7589
-0.4101 0.3340 -0.4640
-0.3898 0.2260 -0.3524
-0.3268 0.0596 -0.1604
-0.2614 0.0634 0.0011
-0.2274 0.0943 0.0872
-0.1528 0.1158 0.2622
-0.0271 0.0557 0.4450
0.0695 0.0044 0.5392
0.3178 -0.0805 0.7171
0.4248 -0.1173 0.7989
0.5251 -0.2060 0.9267
0.5323 -0.3899 0.9984
0.5419 -0.4973 1.0127
0.5538 -0.6103 1.0297
0.3883 -0.6494 1.0015
0.2404 -0.6931 0.9698
-0.0339 -0.8530 0.8548
0.0699 -0.9800 0.7233
0.3536 -0.8759 0.7035
1.1407 -0.2924 0.8365
1.6868 0.4892 1.0957
1.7592 0.8013 1.2223
1.4856 1.0560 1.4409
0.8172 0.7646 1.5527
0.4366 0.4718 1.5486
-0.1269 -0.1905 1.4296
-0.2529 -0.6727 1.2846
-0.1724 -0.7435 1.2360
0.0808 -0.5207 1.2269
0.3001 -0.0687 1.3041
0.4051 0.1445 1.3497
0.6335 0.4217 1.4463
0.8601 0.4424 1.5390
0.9438 0.3869 1.5658
1.0165 0.2542 1.5749
0.9024 0.1560 1.5066
0.7943 0.1055 1.4340
0.5486 0.0215 1.1732
0.4373 -0.0134 0.9965
0.2709 -0.0193 0.5844
0.1730 0.1445 0.1938
0.0932 0.4169 -0.0891
0.0542 0.5464 -0.1796
-0.0147 0.6996 -0.2641
-0.1500 0.6684 -0.3080
-0.2666 0.5787 -0.3360
-0.5743 0.2884 -0.4365
-0.7285 0.1390 -0.4813
-0.9680 -0.1385 -0.5370
-0.9956 -0.3568 -0.5367
-0.9074 -0.4467 -0.5167
-0.6179 -0.6383 -0.5217
-0.5153 -0.8073 -0.5948
-0.5872 -0.8437 -0.6439
-0.8044 -0.9113 -0.8401
-0.8171 -0.9465 -1.1650
-0.7273 -0.9272 -1.3463
-0.5489 -0.8088 -1.6594
-0.5523 -0.7056 -1.8624
-0.6371 -0.6775 -1.9232
-0.8638 -0.6888 -1.9950
-0.9652 -0.6645 -2.0862
-0.9339 -0.6367 -2.1343
-0.7499 -0.5911 -2.2115
-0.5151 -0.6254 -2.1406
-0.4151 -0.6280 -2.0503
-0.3617 -0.4753 -1.8836
-0.4071 -0.3242 -1.9061
-0.5758 0.0816 -2.1913
-0.7678 0.4805 -2.5269
-0.8784 0.8432 -2.5932
-0.8524 1.0481 -2.4609
-0.6588 1.2989 -1.9182
-0.5330 1.4097 -1.5583
-0.3019 1.5103 -0.7074
0.0235 1.3768 -0.0771
0.2355 1.3544 0.2218
0.3398 1.3861 0.3257
0.4339 1.8887 0.5366
0.2393 2.3255 0.7427
-0.1848 2.4290 1.1897
-0.0445 1.8185 1.2801
0.2444 1.1855 1.2787
1.1046 0.0126 1.1737
1.5546 -0.4717 1.1731
1.4607 -0.4226 1.2283
0.8106 -0.0528 1.3929
0.0293 0.1884 1.6247
-0.1338 0.1183 1.7854
0.2834 -0.2498 2.2315
1.1074 -0.2212 2.7179
1.3758 -0.0192 2.9297
1.4242 0.6533 3.1426
1.2296 1.0496 3.1675
0.5454 1.6006 3.1391
-0.2364 1.4836 3.0424
-0.7216 0.6648 2.8190
-0.7456 0.2006 2.7256
-0.4485 -0.3570 2.6200
-0.2283 -0.4272 2.6321
0.2322 -0.2458 2.7210
0.5611 -0.0496 2.6763
0.6531 -0.0245 2.5778
0.8241 -0.2164 2.2240
0.8949 -0.5360 1.6673
0.8201 -0.6408 1.3176
0.4769 -0.3298 0.5652
-0.1341 0.2324 0.1154
-0.4280 0.5096 -0.3244
-0.8401 1.1597 -1.0546
-0.9319 1.3577 -1.4887
-0.8514 1.3200 -1.6892
-0.5914 1.0548 -1.9320
-0.4214 0.9439 -1.9064
-0.4062 0.9036 -1.8740
-0.5168 0.8789 -1.7508
-0.6608 0.6831 -1.5037
-0.6815 0.5048 -1.3628
-0.6267 -0.0117 -1.0675
-0.5554 -0.7076 -0.8170
-0.5338 -1.1028 -0.7305
-0.4549 -1.7027 -0.6062
-0.4283 -1.8338 -0.5986
-0.5539 -1.7492 -0.8293
-0.7650 -0.9372 -1.6341
-0.6387 -0.6265 -1.8853
-0.3697 -0.3080 -2.0769
0.4281 0.1427 -2.1786
0.7657 0.2138 -1.9652
1.2799 0.2480 -1.2362
1.5299 0.0631 -0.4812
1.5536 -0.1488 -0.2141
1.1936 -0.7159 -0.0975
0.5165 -1.3169 -0.2289
0.1221 -1.4029 -0.3428
-0.6355 -1.2127 -0.6165
-0.9595 -0.5815 -0.7055
-0.8855 -0.1395 -0.6264
-0.4445 0.6708 -0.1817
0.0486 0.9439 0.6431
0.2242 0.9200 1.1307
0.3176 0.9517 1.8855
0.0438 1.5238 1.9711
-0.1378 1.8664 1.8161
-0.3605 2.2304 1.3332
-0.2235 1.9549 0.8958
-0.0386 1.7139 0.7474
0.4138 1.2528 0.6286
0.7874 0.9553 0.6717
0.9105 0.8601 0.7050
1.0431 0.6826 0.7564
1.0908 0.4078 0.7896
1.1101 0.2586 0.7650
1.0626 0.0719 0.5971
0.9667 0.0167 0.4907
0.6779 0.0356 0.2982
0.4574 0.2620 0.0852
0.3992 0.4428 -0.0121
0.3616 0.8447 -0.0557
0.3191 1.1135 0.1798
0.2753 1.1976 0.4083
0.0988 1.2365 0.9638
-0.1612 1.2378 1.4642
-0.4622 1.3944 1.7619
-0.6179 1.4818 1.7455
-0.9526 1.3518 1.3441
-1.1241 1.1747 1.0934
-1.5204 0.6520 0.7011
-2.0149 0.1598 0.5272
-2.4433 -0.1126 0.4648
-2.3980 -0.1097 0.4835
-1.8012 0.0166 0.7113
-1.3466 0.2640 0.9659
-0.3809 0.8359 1.5931
0.3313 1.1442 1.9708
0.4977 1.2161 1.9877
0.3355 1.1544 1.7245
0.0014 0.9719 1.4539
-0.7378 0.6364 0.8929
-1.0015 0.4041 0.6002
-0.9100 0.2526 0.5525
-0.8168 0.1836 0.6204
-0.5923 0.0582 0.7935
-0.4577 0.0624 0.8676
-0.1640 -0.0064 1.0046
0.0528 0.2974 0.8624
0.0640 0.1234 0.7418
0.0080 -0.0230 0.6934
-0.2115 -0.0028 0.5062
-0.3982 0.0052 0.3934
-0.7896 -0.0294 0.2511
-1.0072 -0.2811 0.0799
-1.0320 -0.3086 -0.0827
-0.7451 -0.8860 -0.4171
0.0236 -1.2049 -0.7479
0.3891 -1.4133 -0.7853
1.0452 -1.7560 -0.4266
1.5725 -1.5907 0.0216
1.7358 -1.5039 0.1571
1.8129 -1.4830 0.3664
1.6068 -1.5674 0.4686
0.8394 -1.7055 0.7158
0.7606 -1.2995 0.7735
0.9932 -0.8590 0.6394
1.0048 -0.7292 0.6056
0.8247 -0.7273 0.5515
0.6684 -0.6874 0.4410
0.5770 -0.6434 0.3193
0.2970 -0.5158 0.0926
-0.0331 -0.3426 0.0388
-0.1571 -0.1181 0.2529
-0.1660 0.0091 0.3884
-0.1616 0.1500 0.5192
-0.0955 0.2886 0.6753
-0.0342 0.2835 0.7135
-0.0142 0.3198 0.7307
0.0437 0.3629 0.8275
0.0964 0.3879 0.9888
0.0964 0.3678 1.0471
0.0590 0.2162 1.0680
-0.0060 0.1014 0.9871
-0.0295 0.0144 0.9322
0.0823 0.0557 0.8651
0.3541 0.2820 0.8779
0.4790 0.3564 0.9282
0.6513 0.5238 1.1123
0.6860 0.6254 1.1995
0.7064 0.8158 1.2897
0.5799 1.0013 1.3161
0.4298 1.0741 1.3327
-0.0499 1.2580 1.3150
-0.5658 1.4331 1.1885
-0.6890 1.3941 1.1213
-0.4639 1.1449 1.0872
0.2283 0.9487 1.0993
0.6522 0.9272 1.1192
1.3423 1.0466 1.2194
1.6022 1.0484 1.3483
1.6421 0.9824 1.4042
1.7902 0.9519 1.4385
2.0127 0.8675 1.2972
2.1659 0.8542 1.1809
2.4230 0.8182 0.8966
2.4021 0.7666 0.6598
2.3012 0.7992 0.5919
2.0006 0.8660 0.5302
1.7062 0.8095 0.6015
1.6123 0.7398 0.6512
1.5447 0.5776 0.7030
1.5440 0.5108 0.6187
1.5273 0.5261 0.5477
1.3904 0.5074 0.4250
1.1524 0.3200 0.3545
1.0930 0.1882 0.3124
1.0913 0.0139 0.1532
1.0575 -0.0012 0.0515
0.8327 -0.0656 -0.0989
0.5218 -0.2180 -0.1258
0.3195 -0.2259 -0.1257
0.2619 -0.1381 -0.1355
0.2184 -0.0288 -0.1363
0.2020 -0.0184 -0.1156
0.1727 -0.0072 0.0124
0.1613 -0.0664 0.0637
0.1617 -0.1064 0.0549
0.1742 -0.0231 -0.0209
0.1186 -0.0094 -0.0114
0.0741 0.0066 0.0490
-0.0243 0.0131 0.1632
-0.0725 -0.0290 0.2285
-0.0881 -0.0616 0.2585
-0.0689 -0.1870 0.2941
-0.0079 -0.3026 0.2707
0.0617 -0.2332 0.2289
0.3258 0.0290 0.0061
0.3490 0.0913 -0.0760
0.2719 0.0767 -0.0638
0.0965 -0.1290 -0.0050
0.0327 -0.2562 0.0793
0.0487 -0.2795 0.1284
0.1249 -0.2992 0.2212
0.2211 -0.2899 0.2788
0.2521 -0.3230 0.2944
0.2233 -0.3734 0.3151
0.1798 -0.3655 0.3265
0.0952 -0.3408 0.3235
0.0598 -0.3133 0.2673
0.0520 -0.2407 0.1491
0.0643 -0.2023 0.0726
0.0713 -0.0866 -0.0439
0.0299 -0.0478 -0.0651
-0.0441 0.0165 -0.0313
-0.0158 0.0549 -0.0018
0.0124 0.0904 0.0023
0.0406 0.0922 0.0195
0.0854 0.0461 0.0182
0.1205 0.0332 0.0047
0.1650 0.0257 -0.0166
0.1403 0.0825 -0.0148
0.1321 0.1081 -0.0065
0.1358 0.1066 0.0061
0.1277 0.1378 0.0074
0.0867 0.1427 0.0089
0.0108 0.1548 0.0392
0.0251 0.1517 0.0604
0.0484 0.1243 0.0609
0.1064 0.0768 0.0633
0.0929 0.0849 0.0427
0.0655 0.0903 0.0435
0.0317 0.0782 0.0446
0.0388 0.0615 0.0394
0.0705 0.0299 0.0167
0.0462 0.0351 0.0096
0.0262 0.0466 0.0127
0.0294 0.0627 0.0021
0.0468 0.0639 -0.0176
0.0461 0.0602 -0.0146
0.0208 0.0295 -0.0138
0.0053 0.0385 -0.0142
0.0024 0.0474 -0.0040
-0.0024 0.0461 0.0096
0.0102 0.0594 0.0050
0.0213 0.0680 0.0001
0.0230 0.0495 -0.0057
0.0205 0.0434 -0.0077
0.0200 0.0552 -0.0102
0.0301 0.0624 -0.0048
0.0273 0.0467 -0.0043
0.0228 0.0469 -0.0012
0.0140 0.0307 0.0045
0.0152 0.0225 0.0151
0.0145 0.0313 0.0215
0.0125 0.0329 0.0360
0.0086 0.0238 0.0346
0.0163 0.0149 0.0336
0.0100 0.0196 0.0302
-0.0276 0.0103 0.0250
-0.0363 0.0089 0.0244
-0.0218 0.0131 0.0159
-0.0176 0.0022 0.0076
-0.0144 0.0023 0.0068
0.0049 0.0078 0.0080
0.0267 0.0161 0.0095
0.0707 0.0219 0.0052
0.0764 0.0359 0.0096
0.0734 0.0348 0.0118
0.0766 0.0142 0.0156
0.0609 -0.0062 0.0151
0.0550 -0.0093 0.0220
0.0603 -0.0202 0.0235
0.0688 -0.0079 0.0181
0.0717 -0.0027 0.0196
0.0761 0.0248 0.0264
0.0680 0.0346 0.0334
0.0656 0.0347 0.0326
0.0589 0.0228 0.0277
0.0553 0.0209 0.0143
0.0505 0.0296 0.0099
0.0570 0.0275 0.0087
0.0685 0.0172 0.0082
0.0656 0.0129 0.0101
0.0457 0.0437 0.0176
0.0332 0.0738 0.0136
0.0379 0.0700 0.0055
0.0349 0.0400 -0.0039
0.0126 -0.0081 -0.0066
0.0041 -0.0232 -0.0060
0.0106 -0.0194 -0.0108
0.0248 -0.0089 -0.0150
0.0470 0.0112 -0.0213
0.0550 0.0045 -0.0070
0.0431 -0.0104 -0.0053
0.0087 -0.0170 -0.0048
0.0083 -0.0292 -0.0051
0.0280 -0.0377 -0.0031
0.0685 -0.0101 -0.0168
0.0843 0.0210 -0.0200
0.0787 0.0167 -0.0209
0.0785 -0.0150 -0.0289
0.1054 -0.0452 -0.0356
0.1188 -0.0456 -0.0379
0.1173 -0.0112 -0.0522
0.0696 0.0242 -0.0523
0.0511 0.0253 -0.0503
0.0712 0.0084 -0.0333
0.1047 -0.0216 -0.0191
0.1059 -0.0298 -0.0162
0.0952 -0.0269 -0.0009
0.1009 -0.0456 0.0107
0.1149 -0.0440 0.0081
0.1254 -0.0387 -0.0011
0.1213 -0.0245 0.0119
0.1082 -0.0159 0.0240
0.0729 -0.0010 0.0264
0.0642 0.0028 0.0329
0.0720 0.0046 0.0384
0.0763 0.0071 0.0357
0.0769 0.0108 0.0311
0.1042 0.0228 0.0236
0.1045 0.0248 0.0316
0.0864 0.0246 0.0299
0.0395 0.0229 0.0277
0.0400 0.0070 0.0246
0.0481 0.0045 0.0203
0.0529 0.0036 0.0133
0.0582 0.0089 0.0108
0.0533 0.0110 0.0042
0.0437 0.0093 0.0090
0.0432 0.0170 0.0041
0.0542 0.0249 0.0002
0.0652 0.0277 -0.0001
0.0553 0.0250 -0.0016
0.0433 0.0246 0.0014
0.0507 0.0277 0.0016
0.0719 0.0037 0.0028
0.0727 -0.0021 0.0066
0.0581 0.0069 0.0122
0.0445 0.0181 0.0209
0.0520 0.0194 0.0176
0.0682 0.0069 0.0137
0.0406 0.0025 0.0075
0.0255 0.0007 0.0062
0.0230 0.0132 -0.0013
0.0599 0.0073 -0.0034
0.0649 0.0081 -0.0093
0.0363 0.0124 -0.0114
0.0301 0.0142 -0.0032
0.0390 0.0186 0.0005
0.0466 0.0300 0.0054
0.0439 0.0321 0.0058
0.0487 0.0326 0.0046
0.0538 0.0191 -0.0055
0.0494 0.0165 -0.0093
0.0252 0.0130 -0.0047
-0.0152 0.0144 0.0000
-0.0322 0.0215 0.0020
-0.0621 0.0375 -0.0010
-0.1164 0.0253 -0.0036
-0.1454 0.0140 -0.0013
-0.2253 0.0038 -0.0031
-0.3437 -0.0004 -0.0114
-0.4316 0.0008 -0.0113
-0.6459 0.0018 -0.0216
-0.8445 0.0195 -0.0587
-0.9515 0.0588 -0.0828
-1.1675 0.1766 -0.1163
-1.4840 0.3786 -0.1496
-1.6938 0.5019 -0.1821
-2.1462 0.7438 -0.2443
-2.6093 0.9366 -0.3064
-2.7944 0.9782 -0.3254
-3.1438 1.1101 -0.3049
-3.3205 1.1588 -0.1829
-3.7923 1.0488 0.2285
-4.1806 1.4338 0.2701
-4.2283 1.6529 0.2095
-4.0703 1.6748 0.0612
-3.7579 1.4767 -0.0901
-3.6658 1.2614 -0.1970
-3.6021 0.5355 -0.4785
-3.5317 -0.1084 -0.8008
-3.5000 -0.2850 -0.9765
-3.4365 -0.3850 -1.2542
-3.4567 -0.1927 -1.4623
-3.4656 -0.1460 -1.5317
-3.4407 -0.2457 -1.5202
-3.4544 -0.1633 -1.5126
-3.4585 0.1278 -1.4503
-3.4263 1.0900 -1.1469
-3.5714 1.2952 -0.9125
-3.5660 1.2324 -0.8590
-3.2114 0.8121 -0.7828
-2.5865 0.2403 -0.6661
-2.2550 0.0481 -0.5692
-1.6981 -0.2071 -0.2715
-1.5085 -0.3636 -0.1016
-1.1770 -0.6631 0.2956
-0.6733 -0.9007 0.6700
-0.3788 -1.0566 0.8098
0.1456 -1.0917 0.8735
0.3351 -0.9352 0.7756
0.4311 -0.8807 0.7721
0.7695 -0.7839 0.7749
1.1976 -0.7996 0.9012
1.3707 -0.8767 0.9982
1.5076 -0.9092 1.0530
1.3510 -0.7112 0.9686
1.1654 -0.5760 0.9467
0.7773 -0.2804 0.9587
0.4994 -0.1576 1.1316
0.4187 -0.1825 1.2809
0.2838 -0.3581 1.3618
0.4572 -0.3365 0.4559
0.6546 -0.1607 0.3003
0.8651 -0.1604 0.5713
0.9202 -0.1957 0.9437
0.9543 -0.1779 1.0876
0.9794 -0.0955 1.1873
0.8371 0.0146 1.0236
0.7040 0.0817 0.9159
0.4379 0.1746 0.9040
0.3565 0.3128 1.1487
0.3315 0.2751 1.2752
0.0790 0.1777 1.4573
0.0212 0.2150 1.4456
0.0127 0.2598 1.4349
0.0955 0.1314 1.3856
0.1443 0.0584 1.3416
0.2767 0.0376 1.2883
0.3831 0.0775 1.2904
0.4405 0.1571 1.2837
0.5188 0.3266 1.2198
0.4621 0.3117 1.1767
0.4052 0.2499 1.1676
0.3251 0.1664 1.2199
0.4577 0.1517 1.2061
0.4984 0.1638 1.1870
0.4795 0.2191 1.2092
0.4934 0.1825 1.2252
0.5198 0.1561 1.2290
0.5606 0.1300 1.2188
0.5778 0.1054 1.2485
0.5663 0.0953 1.2659
0.5469 0.1177 1.3244
0.5499 0.1699 1.4196
0.5714 0.1916 1.4828
0.6087 0.1790 1.5627
0.5575 0.1004 1.6044
0.5103 0.0522 1.6190
0.5832 -0.0444 1.6202
0.6159 -0.0353 1.6469
0.5907 -0.0461 1.7075
0.6220 -0.1562 1.7638
0.6327 -0.2519 1.8095
0.5695 -0.2933 1.8227
0.4735 -0.2773 1.8349
0.4977 -0.2596 1.8552
1.0264 -1.0636 1.9906
1.3689 -1.0515 2.0315
1.4732 -1.2818 2.0187
1.4987 -1.2994 2.0002
1.6750 -1.2664 1.9424
1.8892 -1.2572 1.7740
2.3775 -1.3720 0.9055
2.7736 -1.4770 0.4122
2.8663 -1.2989 0.4586
2.8923 -0.7128 0.8909
2.8464 0.0167 1.2153
2.7337 0.0541 1.1176
2.5696 -0.1437 0.7491
2.7015 -0.5234 0.4861
2.7768 -0.6551 0.3649
2.7419 -0.7002 0.1723
2.5044 -0.3940 0.0916
2.3889 -0.0569 0.1033
2.2360 0.3428 0.1042
2.0486 0.5022 0.1082
1.9221 0.5019 0.1489
1.6668 0.4019 0.2165
1.4293 0.2973 0.2472
1.2851 0.3260 0.2492
0.9716 0.4368 0.1926
0.8467 0.4353 0.1462
0.6933 0.4040 0.0893
0.6471 0.2927 0.0795
0.6390 0.2299 0.0904
0.6456 0.1519 0.1173
0.5914 0.1094 0.1542
0.5170 0.1433 0.1654
0.3262 0.1314 0.1829
0.1974 0.1529 0.2079
0.1581 0.1641 0.2119
0.1222 0.0806 0.2234
0.1224 -0.0227 0.2112
0.1106 -0.0628 0.1887
0.0449 -0.1186 0.1720
0.0016 -0.1289 0.1621
0.0033 -0.1303 0.1401
0.0603 -0.1334 0.0691
0.1154 -0.1390 0.0091
0.1021 -0.1196 -0.0100
0.0201 -0.0840 -0.0224
-0.0339 -0.0411 -0.0284
-0.0298 0.0040 -0.0251
-0.0382 0.0625 -0.0264
-0.0251 0.0485 -0.0081
0.0039 0.0341 0.0021
0.0012 -0.0354 0.0132
-0.0497 -0.0683 0.0082
-0.0521 -0.0455 0.0013
-0.0333 -0.0111 -0.0225
-0.0047 -0.0089 -0.0322
-0.0039 -0.0260 -0.0343
-0.0154 -0.0262 -0.0247
-0.0137 -0.0238 -0.0196
-0.0056 -0.0177 0.0050
-0.0114 -0.0200 0.0178
-0.0279 -0.0354 0.0235
-0.0329 -0.0364 0.0146
-0.0324 -0.0418 0.0132
-0.0527 -0.0806 0.0115
-0.0599 -0.1083 0.0119
-0.0561 -0.1004 0.0160
-0.0360 -0.0642 0.0244
-0.0112 -0.0375 0.0271
-0.0011 -0.0361 0.0249
-0.0008 -0.0112 0.0098
-0.0145 -0.0010 0.0009
-0.0300 -0.0073 -0.0088
-0.0318 -0.0272 -0.0171
-0.0218 -0.0460 -0.0174
-0.0074 -0.0528 -0.0062
0.0102 -0.0445 0.0037
0.0243 -0.0316 0.0206
0.0196 -0.0275 0.0246
0.0147 -0.0389 0.0177
0.0250 -0.0503 0.0015
0.0407 -0.0428 -0.0119
0.0416 -0.0504 -0.0189
0.0436 -0.0476 -0.0170
0.0231 -0.0155 -0.0243
0.0157 -0.0066 -0.0301
0.0097 -0.0064 -0.0403
-0.0012 -0.0163 -0.0437
-0.0463 -0.0625 -0.0405
-0.0492 -0.0833 -0.0336
-0.0422 -0.0856 -0.0338
-0.0382 -0.0415 -0.0345
-0.0305 0.0156 -0.0262
-0.0305 0.0156 -0.0262
-0.0212 -0.0061 -0.0102
-0.0323 -0.0364 -0.0216
-0.0486 -0.0433 -0.0380
-0.0578 -0.0576 -0.0689
-0.0541 -0.0440 -0.0885
-0.0657 -0.0367 -0.0966
-0.0860 -0.0352 -0.0990
-0.0847 -0.0652 -0.0940
-0.0915 -0.0787 -0.1138
-0.1346 -0.1426 -0.1717
-0.2022 -0.2132 -0.2626
-0.2531 -0.2498 -0.3063
-0.3741 -0.3535 -0.3938
-0.4354 -0.4201 -0.4366
-0.5555 -0.5958 -0.5108
-0.6157 -0.7801 -0.5808
-0.6364 -0.9039 -0.6240
-0.6528 -1.1877 -0.7072
-0.6448 -1.3206 -0.8196
-0.6767 -1.2891 -0.8895
-0.8611 -1.3121 -1.0593
-1.0332 -1.4504 -1.1211
-1.0742 -1.4799 -1.1493
-1.0598 -1.6031 -1.1864
-1.0127 -1.6934 -1.2699
-1.0147 -1.7585 -1.3023
-1.0829 -1.7321 -1.3713
-1.1204 -1.7930 -1.3509
-1.0209 -1.8741 -1.2977
-0.9022 -1.9053 -1.3219
-0.5253 -1.9084 -1.2733
-0.3786 -1.9549 -1.2573
-0.1969 -2.0213 -1.2264
-0.3132 -1.9805 -1.3201
-0.3444 -2.0218 -1.3722
-0.3293 -2.1766 -1.4354
-0.2750 -2.1730 -1.4669
-0.2769 -2.1991 -1.4491
-0.3049 -2.3167 -1.3099
-0.2468 -2.3250 -1.2335
-0.1519 -2.2675 -1.1564
0.3171 -2.0798 -1.0055
0.3171 -2.0798 -1.0055
0.3027 -2.8645 -1.1925
0.1337 -2.4702 -1.6565
0.2876 -1.8291 -1.8967
0.4156 -1.4589 -1.7127
0.4680 -1.0090 -1.1585
0.3242 -0.4294 -0.5420
0.2865 -0.2736 -0.3388
0.3797 -0.1823 -0.2466
0.4939 -0.1392 -0.2701
0.6696 -0.1254 -0.3342
0.6510 -0.1673 -0.3689
0.5887 -0.1866 -0.3778
0.3478 -0.2202 -0.4196
0.0903 -0.1064 -0.4281
0.0025 0.0149 -0.4157
0.0618 0.3168 -0.4136
0.2483 0.1108 -0.4634
0.3164 0.0175 -0.4684
0.3144 -0.1087 -0.4203
0.1809 -0.1140 -0.3539
0.1106 -0.0953 -0.3305
0.0732 -0.0447 -0.2632
0.1075 -0.0351 -0.2245
0.1464 -0.1121 -0.1880
0.1146 -0.1602 -0.1348
0.1149 -0.2069 -0.0602
0.1327 -0.1946 -0.0412
0.1507 -0.1001 0.0027
0.1110 -0.0541 0.0234
0.0484 -0.0575 0.0425
0.0446 -0.0642 0.0635
0.0587 -0.0802 0.0882
0.0801 -0.0731 0.0835
0.0619 -0.0229 0.0690
0.0471 -0.0136 0.0584
0.0584 -0.0426 0.0486
0.1165 -0.0172 0.0494
0.1326 -0.0027 0.0426
0.1028 0.0028 0.0299
0.0023 0.0219 0.0082
0.0023 0.0219 0.0082
-0.0144 0.0191 0.0074
0.0101 0.0038 0.0152
0.0368 0.0150 0.0175
0.0736 0.0595 0.0179
0.0909 0.1038 0.0243
0.0827 0.1148 0.0273
0.0512 0.1126 0.0244
0.0458 0.0850 0.0225
0.0409 0.0694 0.0157
0.0311 0.0803 0.0194
0.0088 0.0941 0.0208
0.0021 0.0894 0.0261
0.0025 0.0704 0.0162
0.0238 0.0615 0.0116
0.0762 0.0458 0.0113
0.0870 0.0300 -0.0107
0.0763 0.0415 -0.0092
0.0562 0.0573 0.0028
0.0843 0.0554 0.0008
0.0990 0.0554 -0.0082
0.1352 0.0747 -0.0133
0.1302 0.0930 -0.0173
0.1162 0.0900 -0.0230
0.1144 0.0567 -0.0350
0.1426 0.0064 -0.0496
0.1412 -0.0068 -0.0491
0.1067 -0.0120 -0.0289
0.0961 -0.0199 -0.0119
0.1038 -0.0360 -0.0100
0.1405 -0.0640 -0.0196
0.1470 -0.0718 -0.0235
0.1284 -0.0610 -0.0228
0.0732 -0.0400 -0.0256
0.0610 -0.0414 -0.0287
0.0690 -0.0467 -0.0237
0.0832 -0.0445 -0.0104
0.0512 -0.0294 -0.0012
0.0302 -0.0306 0.0054
0.0274 -0.0286 0.0117
0.0465 -0.0241 0.0166
0.0725 -0.0039 0.0162
0.0661 0.0233 0.0106
0.0584 0.0258 0.0076
0.0643 0.0018 0.0135
0.0943 -0.0525 0.0128
0.1092 -0.0641 -0.0001
0.1031 -0.0430 -0.0189
0.0656 -0.0253 -0.0205
0.0413 -0.0241 -0.0237
0.0230 -0.0409 -0.0343
0.0714 -0.0415 -0.0236
0.0909 -0.0356 -0.0238
0.0811 -0.0240 -0.0145
0.0397 0.0011 -0.0109
0.0187 0.0137 -0.0120
-0.0088 0.0122 -0.0112
-0.0011 0.0057 -0.0099
0.0074 0.0010 -0.0120
0.0237 -0.0001 -0.0012
0.0257 -0.0139 -0.0009
0.0313 -0.0172 -0.0081
0.0356 -0.0130 -0.0093
0.0315 -0.0022 0.0108
0.0268 0.0021 0.0150
0.0344 0.0056 0.0052
0.0358 0.0016 -0.0036
0.0444 -0.0331 -0.0132
0.0429 -0.0849 -0.0141
0.0533 -0.1033 -0.0222
0.0614 -0.0985 -0.0349
0.0570 -0.0672 -0.0344
0.0285 -0.0128 -0.0142
0.0221 0.0040 -0.0084
0.0334 0.0188 -0.0129
0.0415 0.0143 -0.0138
0.0474 -0.0041 -0.0123
0.0375 -0.0050 -0.0126
0.0365 -0.0076 -0.0148
0.0430 -0.0091 -0.0188
0.0580 -0.0089 -0.0108
0.0606 -0.0125 -0.0097
0.0525 -0.0285 -0.0234
0.0395 -0.0463 -0.0105
0.0417 -0.0475 -0.0019
0.0489 -0.0205 -0.0003
0.0487 0.0002 -0.0109
0.0503 -0.0085 -0.0110
0.0701 -0.0465 -0.0204
0.0889 -0.0561 -0.0151
0.0829 -0.0431 -0.0101
0.0439 0.0107 -0.0116
0.0262 0.0322 -0.0104
0.0214 0.0225 -0.0023
0.0275 0.0172 0.0044
0.0282 0.0218 0.0075
0.0419 0.0337 0.0052
0.0351 0.0516 -0.0013
0.0231 0.0560 -0.0021
0.0155 0.0461 -0.0033
0.0253 0.0230 -0.0152
0.0269 0.0267 -0.0255
0.0317 0.0364 -0.0180
0.0210 0.0486 -0.0126
0.0196 0.0458 -0.0058
0.0333 0.0462 -0.0020
0.0272 0.0418 0.0030
0.0222 0.0356 0.0120
0.0228 0.0257 0.0160
0.0394 0.0481 0.0066
0.0396 0.0625 0.0086
0.0147 0.0763 0.0153
-0.0054 0.0603 0.0218
0.0052 0.0494 0.0211
0.0322 0.0343 0.0041
0.0259 0.0477 0.0012
0.0131 0.0648 0.0057
-0.0149 0.0800 0.0156
0.0064 0.0474 0.0056
0.0257 0.0286 -0.0059
0.0331 0.0106 -0.0136
0.0177 0.0266 -0.0025
0.0218 0.0386 -0.0026
0.0492 0.0321 -0.0063
0.0594 0.0179 -0.0040
0.0461 0.0188 0.0052
0.0087 0.0147 0.0208
0.0093 0.0127 0.0183
0.0387 0.0021 0.0020
0.0375 0.0135 -0.0024
0.0285 0.0211 -0.0025
0.0162 0.0331 -0.0108
0.0112 0.0329 -0.0126
0.0147 0.0177 -0.0098
0.0246 0.0048 -0.0189
0.0168 0.0078 -0.0055
0.0031 0.0031 0.0019
-0.0102 -0.0135 0.0013
0.0143 -0.0147 -0.0030
0.0297 -0.0104 -0.0051
0.0391 0.0001 -0.0048
0.0163 0.0179 -0.0007
0.0039 0.0217 0.0014
0.0129 -0.0017 -0.0001
0.0263 -0.0350 -0.0020
0.0197 -0.0363 0.0010
-0.0054 -0.0302 0.0120
-0.0004 -0.0005 -0.0026
0.0155 -0.0026 -0.0059
0.0266 -0.0005 -0.0002
0.0052 0.0012 0.0112
-0.0006 -0.0138 0.0126
0.0320 -0.0173 0.0032
0.0526 -0.0269 -0.0125
0.0826 -0.0357 -0.0166
0.0660 -0.0181 -0.0223
0.0458 -0.0028 -0.0183
0.0216 0.0429 -0.0120
0.0518 0.0666 -0.0093
0.0623 0.0459 0.0000
0.0069 0.0060 0.0111
-0.0594 0.0178 0.0176
-0.0369 0.0169 0.0169
0.0547 -0.0104 -0.0107
0.0815 0.0266 -0.0053
0.0532 0.0320 0.0071
-0.0162 0.0150 0.0213
0.0077 -0.0164 0.0032
0.0305 -0.0246 0.0047
0.0555 -0.0039 0.0102
0.0316 0.0202 0.0106
0.0189 0.0184 0.0069
0.0123 -0.0098 0.0031
0.0153 -0.0157 0.0021
0.0153 -0.0151 0.0058
0.0147 -0.0061 -0.0059
0.0209 -0.0024 -0.0133
0.0388 -0.0112 -0.0161
0.0460 -0.0050 -0.0152
0.0398 0.0045 -0.0079
0.0200 -0.0044 -0.0028
0.0206 -0.0193 -0.0101
0.0245 -0.0233 -0.0122
0.0217 -0.0140 -0.0064
0.0029 0.0052 0.0031
0.0003 0.0002 0.0023
0.0098 -0.0087 -0.0004
0.0413 -0.0042 -0.0104
0.0477 0.0082 -0.0115
0.0386 0.0161 -0.0122
0.0169 0.0256 -0.0019
0.0053 0.0226 0.0009
0.0045 0.0136 0.0014
0.0019 -0.0099 -0.0007
0.0028 -0.0039 0.0058
0.0145 0.0052 0.0030
0.0273 0.0175 0.0076
0.0217 0.0203 0.0099
0.0123 0.0170 0.0112
0.0010 0.0092 -0.0017
0.0039 0.0096 -0.0029
0.0263 0.0053 -0.0011
0.0464 0.0063 0.0105
0.0398 0.0106 0.0202
0.0005 0.0164 0.0263
-0.0086 0.0094 0.0280
0.0103 0.0147 0.0279
0.0179 0.0253 0.0302
0.0085 0.0301 0.0333
-0.0154 0.0337 0.0418
0.0021 0.0082 0.0304
0.0164 0.0086 0.0206
0.0302 0.0320 0.0044
0.0220 0.0541 0.0031
0.0147 0.0804 0.0047
0.0104 0.0869 0.0068
0.0591 0.2259 -0.0263
0.0648 0.1395 -0.0855
-0.0473 -0.0159 0.0233
-0.1286 -0.0215 0.1169
-0.0987 0.0254 0.1109
0.0509 0.1416 0.0391

