0.0446 -0.7247 -0.6740
0.0476 -0.7311 -0.6603
0.0291 -0.7304 -0.6430
0.0417 -0.7263 -0.6507
0.0330 -0.7329 -0.6521
0.0365 -0.7366 -0.6551
0.0365 -0.7366 -0.6551
0.0381 -0.7323 -0.6554
0.0355 -0.7313 -0.6570
0.0397 -0.7322 -0.6650
0.0442 -0.7315 -0.6668
0.0442 -0.7315 -0.6668
0.0432 -0.7328 -0.6648
0.0394 -0.7367 -0.6625
0.0405 -0.7340 -0.6630
0.0410 -0.7362 -0.6563
0.0371 -0.7321 -0.6522
0.0371 -0.7321 -0.6522
0.0367 -0.7336 -0.6580
0.0328 -0.7351 -0.6585
0.0367 -0.7346 -0.6624
0.0397 -0.7313 -0.6605
0.0387 -0.7336 -0.6475
0.0387 -0.7336 -0.6475
0.0321 -0.7308 -0.6428
0.0370 -0.7354 -0.6487
0.0398 -0.7327 -0.6526
0.0408 -0.7356 -0.6540
0.0374 -0.7293 -0.6501
0.0374 -0.7293 -0.6501
0.0387 -0.7387 -0.6529
0.0451 -0.7310 -0.6565
0.0457 -0.7370 -0.6594
0.0337 -0.7405 -0.6446
0.0337 -0.7405 -0.6446
0.0379 -0.7398 -0.6472
0.0395 -0.7331 -0.6660
0.0380 -0.7305 -0.6666
0.0284 -0.7328 -0.6492
0.0302 -0.7425 -0.6434
0.0302 -0.7425 -0.6434
0.0395 -0.7383 -0.6489
0.0405 -0.7292 -0.6585
0.0365 -0.7322 -0.6554
0.0341 -0.7294 -0.6507
0.0332 -0.7346 -0.6455
0.0332 -0.7346 -0.6455
0.0365 -0.7323 -0.6393
0.0322 -0.7347 -0.6503
0.0394 -0.7346 -0.6623
0.0416 -0.7352 -0.6609
0.0359 -0.7304 -0.6597
0.0359 -0.7304 -0.6597
0.0370 -0.7378 -0.6669
0.0379 -0.7376 -0.6753
0.0329 -0.7357 -0.6658
0.0306 -0.7328 -0.6622
0.0287 -0.7324 -0.6621
0.0287 -0.7324 -0.6621
0.0358 -0.7380 -0.6579
0.0365 -0.7337 -0.6582
0.0391 -0.7274 -0.6526
0.0353 -0.7331 -0.6340
0.0353 -0.7331 -0.6340
0.0263 -0.7280 -0.6542
0.0377 -0.7393 -0.6774
0.0366 -0.7368 -0.6670
0.0432 -0.7296 -0.6695
0.0540 -0.7201 -0.6546
0.0540 -0.7201 -0.6546
0.0364 -0.7317 -0.6419
0.0279 -0.7322 -0.6520
0.0390 -0.7328 -0.6714
0.0352 -0.7349 -0.6610
0.0402 -0.7346 -0.6570
0.0402 -0.7346 -0.6570
0.0322 -0.7285 -0.6519
0.0320 -0.7304 -0.6606
0.0421 -0.7326 -0.6617
0.0383 -0.7315 -0.6620
0.0408 -0.7285 -0.6636
0.0408 -0.7285 -0.6636
0.0448 -0.7336 -0.6694
0.0395 -0.7296 -0.6665
0.0390 -0.7325 -0.6600
0.0336 -0.7289 -0.6578
0.0397 -0.7262 -0.6667
0.0397 -0.7262 -0.6667
0.0406 -0.7257 -0.6622
0.0387 -0.7286 -0.6583
0.0338 -0.7263 -0.6589
0.0402 -0.7264 -0.6642
0.0402 -0.7264 -0.6642
0.0398 -0.7257 -0.6664
0.0359 -0.7283 -0.6706
0.0354 -0.7252 -0.6687
0.0388 -0.7316 -0.6638
0.0401 -0.7280 -0.6669
0.0401 -0.7280 -0.6669
0.0403 -0.7268 -0.6679
0.0423 -0.7279 -0.6637
0.0429 -0.7319 -0.6604
0.0481 -0.7326 -0.6713
0.0461 -0.7270 -0.6662
0.0461 -0.7270 -0.6662
0.0395 -0.7225 -0.6476
0.0370 -0.7299 -0.6483
0.0454 -0.7321 -0.6563
0.0484 -0.7251 -0.6622
0.0405 -0.7198 -0.6682
0.0405 -0.7198 -0.6682
0.0428 -0.7248 -0.6734
0.0382 -0.7286 -0.6824
0.0416 -0.7276 -0.6710
0.0398 -0.7346 -0.6611
0.0368 -0.7392 -0.6526
0.0368 -0.7392 -0.6526
0.0484 -0.7375 -0.6669
0.0451 -0.7254 -0.6530
0.0435 -0.7370 -0.6643
0.0502 -0.7323 -0.6627
0.0502 -0.7323 -0.6627
0.0379 -0.7342 -0.6585
0.0361 -0.7310 -0.6539
0.0392 -0.7305 -0.6529
0.0382 -0.7273 -0.6530
0.0395 -0.7323 -0.6535
0.0395 -0.7323 -0.6535
0.0402 -0.7293 -0.6579
0.0440 -0.7289 -0.6605
0.0406 -0.7292 -0.6517
0.0328 -0.7341 -0.6508
0.0335 -0.7377 -0.6603
0.0335 -0.7377 -0.6603
0.0397 -0.7347 -0.6653
0.0394 -0.7337 -0.6593
0.0373 -0.7334 -0.6585
0.0371 -0.7346 -0.6562
0.0348 -0.7349 -0.6652
0.0348 -0.7349 -0.6652
0.0405 -0.7331 -0.6598
0.0367 -0.7328 -0.6553
0.0369 -0.7316 -0.6517
0.0414 -0.7311 -0.6516
0.0430 -0.7291 -0.6578
0.0430 -0.7291 -0.6578
0.0394 -0.7301 -0.6569
0.0408 -0.7315 -0.6494
0.0370 -0.7324 -0.6499
0.0424 -0.7299 -0.6621
0.0424 -0.7299 -0.6621
0.0437 -0.7347 -0.6689
0.0418 -0.7385 -0.6642
0.0442 -0.7397 -0.6613
0.0486 -0.7381 -0.6582
0.0445 -0.7338 -0.6520
0.0445 -0.7338 -0.6520
0.0443 -0.7381 -0.6578
0.0437 -0.7365 -0.6609
0.0391 -0.7318 -0.6580
0.0448 -0.7259 -0.6581
0.0483 -0.7368 -0.6494
0.0483 -0.7368 -0.6494
0.0318 -0.7245 -0.6284
0.0404 -0.7364 -0.6590
0.0337 -0.7324 -0.6616
0.0413 -0.7306 -0.6695
0.0420 -0.7337 -0.6608
0.0420 -0.7337 -0.6608
0.0472 -0.7312 -0.6607
0.0387 -0.7246 -0.6415
0.0367 -0.7353 -0.6624
0.0343 -0.7286 -0.6552
0.0354 -0.7394 -0.6544
0.0354 -0.7394 -0.6544
0.0344 -0.7374 -0.6535
0.0406 -0.7358 -0.6591
0.0387 -0.7336 -0.6589
0.0380 -0.7310 -0.6557
0.0380 -0.7310 -0.6557
0.0367 -0.7368 -0.6605
0.0351 -0.7351 -0.6561
0.0367 -0.7354 -0.6669
0.0400 -0.7340 -0.6672
0.0426 -0.7283 -0.6571
0.0426 -0.7283 -0.6571
0.0411 -0.7310 -0.6444
0.0392 -0.7313 -0.6601
0.0416 -0.7309 -0.6731
0.0412 -0.7312 -0.6617
0.0316 -0.7247 -0.6509
0.0316 -0.7247 -0.6509
0.0353 -0.7323 -0.6485
0.0418 -0.7339 -0.6494
0.0424 -0.7300 -0.6586
0.0476 -0.7317 -0.6555
0.0453 -0.7329 -0.6569
0.0453 -0.7329 -0.6569
0.0454 -0.7353 -0.6658
0.0424 -0.7381 -0.6710
0.0463 -0.7359 -0.6698
0.0522 -0.7352 -0.6612
0.0522 -0.7352 -0.6612
0.0483 -0.7330 -0.6492
0.0464 -0.7371 -0.6515
0.0444 -0.7317 -0.6653
0.0441 -0.7289 -0.6663
0.0455 -0.7281 -0.6597
0.0455 -0.7281 -0.6597
0.0467 -0.7262 -0.6582
0.0463 -0.7256 -0.6647
0.0438 -0.7282 -0.6569
0.0356 -0.7309 -0.6525
0.0399 -0.7344 -0.6573
0.0399 -0.7344 -0.6573
0.0453 -0.7320 -0.6628
0.0430 -0.7334 -0.6739
0.0394 -0.7346 -0.6703
0.0410 -0.7401 -0.6564
0.0443 -0.7336 -0.6570
0.0443 -0.7336 -0.6570
0.0468 -0.7332 -0.6591
0.0399 -0.7311 -0.6523
0.0456 -0.7379 -0.6575
0.0467 -0.7271 -0.6548
0.0445 -0.7214 -0.6609
0.0445 -0.7214 -0.6609
0.0403 -0.7249 -0.6502
0.0427 -0.7271 -0.6513
0.0455 -0.7303 -0.6539
0.0517 -0.7258 -0.6610
0.0471 -0.7298 -0.6622
0.0471 -0.7298 -0.6622
0.0433 -0.7358 -0.6515
0.0437 -0.7425 -0.6561
0.0468 -0.7350 -0.6637
0.0448 -0.7330 -0.6681
0.0448 -0.7330 -0.6681
0.0337 -0.7347 -0.6492
0.0376 -0.7443 -0.6465
0.0429 -0.7355 -0.6628
0.0508 -0.7336 -0.6679
0.0524 -0.7249 -0.6581
0.0524 -0.7249 -0.6581
0.0446 -0.7305 -0.6620
0.0402 -0.7319 -0.6658
0.0436 -0.7344 -0.6495
0.0450 -0.7172 -0.6194
0.0450 -0.7422 -0.6548
0.0450 -0.7422 -0.6548
0.0455 -0.7346 -0.6527
0.0410 -0.7416 -0.6659
0.0520 -0.7369 -0.6754
0.0455 -0.7296 -0.6489
0.0490 -0.7223 -0.6715
0.0372 -0.7396 -0.6413
0.0363 -0.7326 -0.6425
0.0445 -0.7351 -0.6597
0.0445 -0.7351 -0.6597
0.0440 -0.7334 -0.6622
0.0412 -0.7344 -0.6547
0.0451 -0.7376 -0.6461
0.0409 -0.7336 -0.6520
0.0434 -0.7357 -0.6640
0.0434 -0.7357 -0.6640
0.0345 -0.7337 -0.6582
0.0417 -0.7392 -0.6682
0.0425 -0.7329 -0.6632
0.0405 -0.7337 -0.6558
0.0370 -0.7355 -0.6514
0.0370 -0.7355 -0.6514
0.0406 -0.7361 -0.6522
0.0431 -0.7385 -0.6607
0.0416 -0.7354 -0.6582
0.0386 -0.7345 -0.6591
0.0399 -0.7343 -0.6549
0.0399 -0.7343 -0.6549
0.0441 -0.7334 -0.6541
0.0459 -0.7310 -0.6528
0.0419 -0.7302 -0.6505
0.0443 -0.7317 -0.6523
0.0419 -0.7318 -0.6526
0.0419 -0.7318 -0.6526
0.0457 -0.7325 -0.6494
0.0487 -0.7333 -0.6465
0.0433 -0.7356 -0.6584
0.0451 -0.7340 -0.6640
0.0451 -0.7340 -0.6640
0.0429 -0.7341 -0.6582
0.0395 -0.7318 -0.6542
0.0423 -0.7348 -0.6584
0.0396 -0.7320 -0.6590
0.0421 -0.7354 -0.6545
0.0421 -0.7354 -0.6545
0.0466 -0.7323 -0.6537
0.0438 -0.7331 -0.6636
0.0447 -0.7400 -0.6599
0.0450 -0.7377 -0.6527
0.0490 -0.7371 -0.6548
0.0490 -0.7371 -0.6548
0.0471 -0.7291 -0.6618
0.0354 -0.7292 -0.6548
0.0321 -0.7355 -0.6561
0.0379 -0.7410 -0.6646
0.0471 -0.7344 -0.6554
0.0471 -0.7344 -0.6554
0.0385 -0.7287 -0.6567
0.0475 -0.7226 -0.6729
0.0402 -0.7305 -0.6675
0.0380 -0.7356 -0.6546
0.0424 -0.7322 -0.6497
0.0424 -0.7322 -0.6497
0.0404 -0.7283 -0.6493
0.0423 -0.7307 -0.6565
0.0390 -0.7300 -0.6589
0.0434 -0.7342 -0.6627
0.0434 -0.7342 -0.6627
0.0442 -0.7314 -0.6621
0.0399 -0.7311 -0.6500
0.0365 -0.7354 -0.6501
0.0371 -0.7341 -0.6558
0.0401 -0.7307 -0.6689
0.0401 -0.7307 -0.6689
0.0481 -0.7313 -0.6705
0.0448 -0.7314 -0.6722
0.0451 -0.7308 -0.6664
0.0431 -0.7322 -0.6605
0.0381 -0.7341 -0.6571
0.0381 -0.7341 -0.6571
0.0433 -0.7316 -0.6624
0.0420 -0.7296 -0.6559
0.0399 -0.7283 -0.6483
0.0446 -0.7287 -0.6548
0.0452 -0.7267 -0.6667
0.0452 -0.7267 -0.6667
0.0423 -0.7238 -0.6637
0.0423 -0.7287 -0.6647
0.0435 -0.7287 -0.6714
0.0484 -0.7296 -0.6684
0.0454 -0.7342 -0.6595
0.0454 -0.7342 -0.6595
0.0462 -0.7320 -0.6554
0.0471 -0.7333 -0.6610
0.0455 -0.7277 -0.6659
0.0446 -0.7300 -0.6664
0.0446 -0.7300 -0.6664
0.0415 -0.7282 -0.6573
0.0443 -0.7310 -0.6517
0.0408 -0.7278 -0.6563
0.0402 -0.7234 -0.6669
0.0395 -0.7265 -0.6651
0.0395 -0.7265 -0.6651
0.0394 -0.7241 -0.6636
0.0445 -0.7260 -0.6631
0.0393 -0.7259 -0.6655
0.0388 -0.7260 -0.6606
0.0397 -0.7263 -0.6604
0.0397 -0.7263 -0.6604
0.0442 -0.7304 -0.6644
0.0416 -0.7258 -0.6672
0.0390 -0.7268 -0.6716
0.0408 -0.7256 -0.6721
0.0356 -0.7309 -0.6649
0.0356 -0.7309 -0.6649
0.0361 -0.7295 -0.6584
0.0427 -0.7312 -0.6736
0.0449 -0.7238 -0.6760
0.0410 -0.7267 -0.6732
0.0410 -0.7267 -0.6732
0.0383 -0.7220 -0.6673
0.0422 -0.7259 -0.6601
0.0390 -0.7201 -0.6601
0.0388 -0.7269 -0.6639
0.0424 -0.7268 -0.6724
0.0424 -0.7268 -0.6724
0.0466 -0.7227 -0.6797
0.0482 -0.7248 -0.6777
0.0479 -0.7280 -0.6658
0.0422 -0.7284 -0.6558
0.0426 -0.7338 -0.6604
0.0426 -0.7338 -0.6604
0.0435 -0.7304 -0.6597
0.0434 -0.7269 -0.6660
0.0484 -0.7265 -0.6712
0.0476 -0.7209 -0.6662
0.0448 -0.7240 -0.6626
0.0448 -0.7240 -0.6626
0.0441 -0.7262 -0.6669
0.0445 -0.7242 -0.6684
0.0453 -0.7251 -0.6588
0.0429 -0.7232 -0.6597
0.0439 -0.7261 -0.6640
0.0439 -0.7261 -0.6640
0.0451 -0.7253 -0.6644
0.0426 -0.7244 -0.6660
0.0459 -0.7236 -0.6674
0.0488 -0.7271 -0.6652
0.0488 -0.7271 -0.6652
0.0430 -0.7248 -0.6655
0.0470 -0.7275 -0.6621
0.0437 -0.7220 -0.6644
0.0488 -0.7277 -0.6649
0.0478 -0.7240 -0.6612
0.0478 -0.7240 -0.6612
0.0445 -0.7258 -0.6595
0.0454 -0.7228 -0.6593
0.0448 -0.7271 -0.6584
0.0463 -0.7249 -0.6567
0.0472 -0.7241 -0.6599
0.0472 -0.7241 -0.6599
0.0490 -0.7217 -0.6592
0.0494 -0.7181 -0.6540
0.0512 -0.7211 -0.6507
0.0458 -0.7144 -0.6473
0.0514 -0.7145 -0.6468
0.0514 -0.7145 -0.6468
0.0547 -0.7159 -0.6403
0.0678 -0.7172 -0.6365
0.0770 -0.7181 -0.6383
0.0777 -0.7035 -0.6315
0.0916 -0.7049 -0.6320
0.0916 -0.7049 -0.6320
0.0947 -0.7032 -0.6265
0.1153 -0.6992 -0.6212
0.1294 -0.6904 -0.6105
0.1345 -0.6830 -0.6143
0.1345 -0.6830 -0.6143
0.1508 -0.6690 -0.6369
0.1599 -0.6402 -0.6458
0.1721 -0.6202 -0.6001
0.1761 -0.6044 -0.5735
0.1889 -0.5875 -0.5480
0.1889 -0.5875 -0.5480
0.2069 -0.5868 -0.5212
0.2165 -0.5634 -0.5318
0.2359 -0.5440 -0.5465
0.2461 -0.5108 -0.5765
0.2401 -0.5028 -0.6000
0.2401 -0.5028 -0.6000
0.2666 -0.4798 -0.5872
0.2751 -0.4427 -0.6366
0.2975 -0.4328 -0.6468
0.2705 -0.3966 -0.6525
0.2841 -0.3729 -0.6873
0.2841 -0.3729 -0.6873
0.3073 -0.2963 -0.7127
0.2977 -0.2624 -0.7862
0.2552 -0.2610 -0.8851
0.2605 -0.2525 -0.9185
0.1976 -0.2191 -0.8974
0.1976 -0.2191 -0.8974
0.2350 -0.2420 -0.9599
0.1854 -0.1823 -0.9884
0.1238 -0.2009 -1.0805
0.1149 -0.1989 -1.1139
0.1149 -0.1989 -1.1139
0.0789 -0.1635 -1.1089
0.0374 -0.1342 -1.1468
0.0213 -0.1601 -1.1636
0.0072 -0.1712 -1.1833
0.0181 -0.1730 -1.2286
0.0181 -0.1730 -1.2286
0.0379 -0.1569 -1.2508
0.0607 -0.1167 -1.2663
0.0635 -0.1559 -1.2037
0.0877 -0.1458 -1.1881
0.2189 -0.1246 -0.9562
0.2189 -0.1246 -0.9562
0.1783 -0.0144 -1.1071
0.1816 -0.0357 -0.9892
0.2975 -0.0652 -1.0471
0.1614 0.0301 -0.9455
0.1583 -0.1478 -0.9884
0.1583 -0.1478 -0.9884
0.1663 -0.0546 -0.9533
0.1367 -0.0707 -1.0024
0.1414 -0.0448 -1.0578
0.1451 -0.0266 -1.0465
0.1212 -0.0372 -1.0447
0.1212 -0.0372 -1.0447
0.0970 -0.0631 -1.0560
0.0630 -0.1010 -1.1548
0.0387 -0.1124 -1.2194
0.0356 -0.0636 -1.2170
0.0356 -0.0636 -1.2170
0.0304 -0.0449 -1.1373
0.0202 -0.0696 -1.0562
-0.0110 -0.1297 -0.9722
-0.0400 -0.1435 -0.9040
-0.0549 -0.1047 -0.8376
-0.0549 -0.1047 -0.8376
-0.0795 -0.0948 -0.9224
-0.1243 -0.0989 -0.9482
-0.1471 -0.0421 -1.0006
-0.1574 -0.0175 -1.0810
-0.1819 0.0111 -1.1090
-0.1819 0.0111 -1.1090
-0.2278 0.0441 -1.0621
-0.2405 0.0035 -0.9822
-0.1909 -0.0171 -0.9527
-0.1532 -0.0067 -0.9043
-0.1523 -0.0396 -0.8455
-0.1523 -0.0396 -0.8455
-0.1452 -0.0813 -0.8038
-0.1384 -0.0850 -0.7827
-0.0723 -0.0794 -0.8347
-0.0496 -0.0797 -0.8956
-0.0496 -0.0797 -0.8956
-0.0526 -0.0743 -0.9219
-0.0413 -0.0391 -0.9318
-0.0171 -0.0276 -0.9932
0.0118 -0.0575 -1.0350
0.0118 -0.0575 -1.0350
0.0263 -0.0431 -1.0642
0.0415 -0.0478 -1.1018
0.0459 -0.0479 -1.1125
0.0496 -0.0387 -1.1027
0.0479 -0.0370 -1.0791
0.0479 -0.0370 -1.0791
0.0625 -0.0552 -1.0722
0.0692 -0.0675 -1.0669
0.0637 -0.0776 -1.0490
0.0621 -0.0768 -1.0423
0.0564 -0.0803 -1.0465
0.0564 -0.0803 -1.0465
0.0561 -0.0816 -1.0633
0.0430 -0.0711 -1.0793
0.0186 -0.0608 -1.0814
0.0063 -0.0478 -1.0787
-0.0011 -0.0261 -1.0827
-0.0011 -0.0261 -1.0827
0.0141 -0.0157 -1.0567
0.0296 0.0018 -1.0268
0.0472 0.0161 -1.1014
0.0750 -0.0062 -1.2005
0.0750 -0.0062 -1.2005
0.1006 0.0449 -1.2443
0.1095 0.0805 -1.1650
0.1293 0.1305 -0.9606
0.1324 0.0849 -0.8116
0.1340 0.0725 -0.7863
0.1340 0.0725 -0.7863
0.1691 0.0191 -0.8746
0.1335 -0.0368 -0.8353
0.0692 0.0009 -0.8755
0.0535 0.0085 -0.9455
0.0875 0.0100 -1.0438
0.0875 0.0100 -1.0438
0.0991 0.0262 -1.0883
0.1181 0.0427 -1.0934
0.1277 0.0438 -1.0356
0.1412 0.0230 -0.9522
0.1625 -0.0136 -0.8840
0.1625 -0.0136 -0.8840
0.1569 -0.0591 -0.8271
0.1403 -0.0948 -0.8053
0.1241 -0.1200 -0.8013
0.1115 -0.1448 -0.8237
0.1088 -0.1592 -0.8470
0.1088 -0.1592 -0.8470
0.1206 -0.1649 -0.8700
0.1377 -0.1761 -0.9069
0.1403 -0.1619 -0.9416
0.1526 -0.1448 -0.9665
0.1526 -0.1448 -0.9665
0.1676 -0.1333 -0.9962
0.1608 -0.1281 -1.0080
0.1442 -0.1376 -1.0278
0.1245 -0.1450 -1.0505
0.0936 -0.1361 -1.0352
0.0936 -0.1361 -1.0352
0.0830 -0.1343 -1.0119
0.0856 -0.1548 -0.9964
0.0692 -0.1541 -0.9990
0.0643 -0.1547 -1.0044
0.0561 -0.1509 -1.0155
0.0561 -0.1509 -1.0155
0.0173 -0.1228 -1.0520
-0.0135 -0.0942 -1.1450
-0.0030 -0.0608 -1.2237
0.0392 -0.0024 -1.2300
0.0884 0.0411 -1.0915
0.0884 0.0411 -1.0915
0.1086 0.0431 -0.8914
0.0666 -0.0042 -0.7878
0.0293 -0.0736 -0.7742
0.0302 -0.1494 -0.8476
0.0191 -0.1861 -0.8025
0.0191 -0.1861 -0.8025
0.0594 -0.1559 -0.8209
0.1375 -0.1012 -0.8855
0.2281 -0.0520 -0.9085
0.3335 -0.0443 -0.9134
0.3335 -0.0443 -0.9134
0.3954 -0.0437 -0.8842
0.4125 -0.0559 -0.8544
0.4093 -0.0786 -0.8276
0.4001 -0.0957 -0.8335
0.3714 -0.1141 -0.8644
0.3714 -0.1141 -0.8644
0.3175 -0.1064 -0.9162
0.2545 -0.1113 -0.9765
0.1924 -0.1218 -1.0294
0.1384 -0.1287 -1.0579
0.1063 -0.1317 -1.0545
0.1063 -0.1317 -1.0545
0.0986 -0.1584 -1.0357
0.0906 -0.1640 -1.0067
0.0793 -0.1703 -0.9762
0.0740 -0.1728 -0.9409
0.0895 -0.1794 -0.9286
0.0895 -0.1794 -0.9286
0.1200 -0.1829 -0.9447
0.1340 -0.1660 -0.9888
0.1354 -0.1508 -1.0365
0.1416 -0.1424 -1.0845
0.1492 -0.1453 -1.1230
0.1492 -0.1453 -1.1230
0.1334 -0.1460 -1.1669
0.1378 -0.1712 -1.1836
0.1330 -0.1845 -1.2453
0.0648 -0.1697 -1.3559
0.0648 -0.1697 -1.3559
0.0070 -0.1304 -1.4234
0.0194 -0.0988 -1.3811
0.0575 -0.0730 -1.1970
0.0560 -0.0623 -0.9707
0.0517 -0.0922 -0.8027
0.0517 -0.0922 -0.8027
0.0401 -0.1171 -0.6803
0.0298 -0.1293 -0.6004
0.0520 -0.1299 -0.6057
0.0426 -0.2151 -0.6112
0.0819 -0.2240 -0.7005
0.0819 -0.2240 -0.7005
0.0829 -0.2681 -0.7556
0.0952 -0.2527 -0.8427
0.1252 -0.2393 -0.9609
0.1696 -0.2167 -1.1025
0.1701 -0.1715 -1.1703
0.1701 -0.1715 -1.1703
0.1470 -0.1137 -1.0655
0.1590 -0.1156 -0.9675
0.1849 -0.1509 -0.8610
0.1825 -0.1976 -0.7684
0.1877 -0.2175 -0.7004
0.1877 -0.2175 -0.7004
0.1936 -0.2255 -0.6649
0.2066 -0.2519 -0.6805
0.2036 -0.2657 -0.7353
0.1836 -0.2720 -0.8193
0.1836 -0.2720 -0.8193
0.1702 -0.2769 -0.8982
0.1646 -0.2693 -0.9804
0.1527 -0.2725 -1.0370
0.1519 -0.2617 -1.0769
0.1421 -0.2595 -1.0645
0.1421 -0.2595 -1.0645
0.1450 -0.2594 -1.0181
0.1540 -0.2903 -0.9859
0.1651 -0.3018 -0.9634
0.1717 -0.3114 -0.9623
0.1648 -0.2998 -0.9677
0.1648 -0.2998 -0.9677
0.1582 -0.2859 -0.9914
0.1278 -0.2775 -1.0343
0.0858 -0.2982 -1.1040
0.0338 -0.3355 -1.1371
-0.0157 -0.3402 -1.1913
-0.0157 -0.3402 -1.1913
-0.0717 -0.3547 -1.2770
-0.1173 -0.3475 -1.3594
-0.1313 -0.3162 -1.3579
-0.1219 -0.2841 -1.2370
-0.1321 -0.2619 -1.0294
-0.1321 -0.2619 -1.0294
-0.1348 -0.2421 -0.8444
-0.1192 -0.2693 -0.7550
-0.1862 -0.3012 -0.7390
-0.1862 -0.3012 -0.7390
-0.1632 -0.3047 -0.8047
-0.1291 -0.3024 -0.8508
-0.0940 -0.2510 -0.9105
-0.0426 -0.2225 -0.9107
0.0118 -0.2160 -0.8544
0.0118 -0.2160 -0.8544
0.0708 -0.2576 -0.8144
0.1182 -0.3324 -0.8066
0.1222 -0.3764 -0.7812
0.1185 -0.3953 -0.7606
0.1292 -0.4268 -0.7747
0.1292 -0.4268 -0.7747
0.1207 -0.4527 -0.7891
0.1008 -0.4570 -0.8198
0.1033 -0.4610 -0.8228
0.1214 -0.4514 -0.8351
0.1230 -0.4378 -0.8559
0.1230 -0.4378 -0.8559
0.1104 -0.4244 -0.8821
0.0628 -0.4240 -0.9107
0.0119 -0.4166 -0.9633
-0.0167 -0.4184 -1.0373
-0.0167 -0.4184 -1.0373
-0.0153 -0.4170 -1.1064
-0.0024 -0.3817 -1.1131
0.0297 -0.3402 -1.0601
0.0734 -0.3169 -1.0044
0.0845 -0.2988 -0.9788
0.0845 -0.2988 -0.9788
0.0557 -0.2687 -0.9556
0.0367 -0.2491 -0.9053
0.0222 -0.2319 -0.8457
0.0042 -0.2391 -0.8140
-0.0202 -0.2814 -0.8193
-0.0749 -0.2981 -0.8540
-0.1181 -0.3061 -0.9220
-0.1317 -0.2830 -1.0009
-0.1228 -0.2492 -1.0475
-0.1140 -0.2317 -1.0594
-0.1140 -0.2317 -1.0594
-0.1322 -0.1994 -1.0243
-0.1068 -0.2055 -0.9952
-0.0964 -0.2045 -0.9613
-0.0986 -0.1848 -0.9517
-0.0938 -0.1768 -0.9558
-0.0938 -0.1768 -0.9558
-0.0769 -0.1682 -0.9744
-0.0579 -0.1590 -1.0048
-0.0412 -0.1423 -1.0157
-0.0285 -0.1303 -1.0459
-0.0285 -0.1303 -1.0459
-0.0375 -0.1300 -1.0852
-0.0391 -0.0997 -1.1164
-0.0182 -0.0849 -1.1087
0.0063 -0.0740 -1.0553
0.0477 -0.1019 -0.9893
0.0477 -0.1019 -0.9893
0.0981 -0.1545 -0.9335
0.1431 -0.1985 -0.8946
0.1831 -0.2490 -0.8842
0.2008 -0.2733 -0.9091
0.1950 -0.2930 -0.9455
0.1950 -0.2930 -0.9455
0.1722 -0.3211 -0.9989
0.1369 -0.3466 -1.0299
0.1098 -0.3680 -1.0468
0.0981 -0.3807 -1.0394
0.0880 -0.3690 -1.0130
0.0880 -0.3690 -1.0130
0.0933 -0.3531 -0.9539
0.1066 -0.3481 -0.8859
0.1217 -0.3604 -0.8304
0.1361 -0.3694 -0.7928
0.1432 -0.3698 -0.7868
0.1432 -0.3698 -0.7868
0.1440 -0.3688 -0.7896
0.1406 -0.3757 -0.8102
0.1306 -0.3864 -0.8246
0.1233 -0.4070 -0.8413
0.1233 -0.4070 -0.8413
0.1099 -0.4156 -0.8603
0.0897 -0.4173 -0.8838
0.0737 -0.4182 -0.9120
0.0515 -0.4165 -0.9424
0.0212 -0.4173 -0.9573
0.0212 -0.4173 -0.9573
0.0056 -0.4324 -0.9483
0.0102 -0.4142 -0.9162
0.0250 -0.4049 -0.8783
0.0408 -0.4058 -0.8417
0.0246 -0.4417 -0.8481
0.0246 -0.4417 -0.8481
-0.0282 -0.4702 -0.9100
-0.0769 -0.5023 -1.0519
-0.1264 -0.4836 -1.1357
-0.1276 -0.4310 -1.1125
-0.1036 -0.3838 -0.9219
-0.1036 -0.3838 -0.9219
-0.0415 -0.3923 -0.7583
0.0228 -0.4457 -0.6826
0.0645 -0.4797 -0.6234
0.0754 -0.4874 -0.6680
0.0851 -0.4647 -0.8153
0.0851 -0.4647 -0.8153
0.1212 -0.4226 -1.0236
0.1419 -0.3703 -1.1424
0.1630 -0.3039 -1.1423
0.2017 -0.2806 -1.0634
0.2017 -0.2806 -1.0634
0.2411 -0.2953 -0.9670
0.2547 -0.3278 -0.8530
0.2407 -0.3513 -0.7514
0.2393 -0.3650 -0.6930
0.2310 -0.3992 -0.6726
0.2310 -0.3992 -0.6726
0.2251 -0.4311 -0.6707
0.2211 -0.4642 -0.7063
0.2129 -0.4894 -0.7570
0.1948 -0.4973 -0.8090
0.1783 -0.5164 -0.8781
0.1783 -0.5164 -0.8781
0.1588 -0.5283 -0.9501
0.1293 -0.5231 -1.0023
0.1023 -0.5109 -1.0267
0.1197 -0.4978 -1.0629
0.1072 -0.4927 -1.0908
0.1072 -0.4927 -1.0908
0.0394 -0.4799 -1.0956
-0.0383 -0.4900 -1.0840
-0.0812 -0.5007 -1.0647
-0.1027 -0.5052 -1.0379
-0.1027 -0.5052 -1.0379
-0.1127 -0.4917 -1.0316
-0.1155 -0.4971 -1.0094
-0.0963 -0.4593 -1.0125
-0.0599 -0.4183 -1.0233
-0.0045 -0.3785 -1.0472
-0.0045 -0.3785 -1.0472
0.0450 -0.3186 -1.0197
0.0980 -0.2495 -0.9279
0.1019 -0.1953 -0.8080
0.0683 -0.1723 -0.7248
0.0223 -0.1915 -0.6917
0.0223 -0.1915 -0.6917
0.0054 -0.2555 -0.6674
0.0333 -0.2686 -0.6506
0.0921 -0.2736 -0.6648
0.1500 -0.2650 -0.6828
0.2123 -0.2720 -0.7210
0.2123 -0.2720 -0.7210
0.2433 -0.3023 -0.7083
0.2627 -0.3335 -0.6891
0.2722 -0.3906 -0.6830
0.2785 -0.4448 -0.7179
0.2879 -0.4696 -0.7981
0.2879 -0.4696 -0.7981
0.2853 -0.4689 -0.8837
0.2914 -0.4603 -0.9577
0.2687 -0.4500 -1.0029
0.2321 -0.4626 -1.0400
0.2321 -0.4626 -1.0400
0.1698 -0.4755 -1.0571
0.0947 -0.5084 -1.0615
0.0229 -0.5496 -1.0395
-0.0377 -0.5726 -1.0087
-0.0743 -0.5870 -0.9582
-0.0743 -0.5870 -0.9582
-0.0724 -0.5986 -0.9128
-0.0640 -0.6076 -0.9065
-0.0577 -0.5941 -0.9219
-0.0213 -0.5813 -0.9442
0.0393 -0.5563 -0.9707
0.0393 -0.5563 -0.9707
0.0860 -0.5191 -1.0280
0.1119 -0.4842 -1.1071
0.1457 -0.4569 -1.1634
0.1815 -0.4121 -1.1729
0.1961 -0.3470 -1.1156
0.1961 -0.3470 -1.1156
0.2225 -0.3292 -1.0373
0.2668 -0.3184 -0.9394
0.3121 -0.2923 -0.8295
0.3537 -0.2521 -0.7593
0.3944 -0.2569 -0.8005
0.3944 -0.2569 -0.8005
0.3617 -0.2491 -0.9052
0.3191 -0.2273 -1.0655
0.3078 -0.2062 -1.1961
0.2494 -0.1746 -1.2162
0.2494 -0.1746 -1.2162
0.1852 -0.1641 -1.1346
0.1574 -0.2028 -1.0060
0.1300 -0.2398 -0.8560
0.0818 -0.2580 -0.7275
0.0357 -0.2853 -0.6473
0.0357 -0.2853 -0.6473
-0.0054 -0.3239 -0.6028
-0.0363 -0.3250 -0.6240
-0.0688 -0.3192 -0.6594
-0.0965 -0.3080 -0.6919
-0.1011 -0.3147 -0.7191
-0.1011 -0.3147 -0.7191
-0.0926 -0.3453 -0.7489
-0.0820 -0.3733 -0.8079
-0.0846 -0.3771 -0.8711
-0.0941 -0.3617 -0.9069
-0.1065 -0.3716 -0.9469
-0.1065 -0.3716 -0.9469
-0.1239 -0.4090 -0.9768
-0.1268 -0.4327 -1.0027
-0.1071 -0.4389 -1.0234
-0.0790 -0.4776 -1.0685
-0.0696 -0.4477 -1.1427
-0.0696 -0.4477 -1.1427
-0.0301 -0.4470 -1.2043
0.0422 -0.4480 -1.1314
0.0786 -0.4428 -0.9463
0.0957 -0.4605 -0.8038
0.0957 -0.4605 -0.8038
0.0868 -0.4832 -0.7224
0.0530 -0.4980 -0.7040
0.0443 -0.5143 -0.7240
0.1040 -0.5029 -0.7646
0.1667 -0.4810 -0.7857
0.1667 -0.4810 -0.7857
0.2154 -0.4624 -0.7972
0.2434 -0.4427 -0.8163
0.2650 -0.4329 -0.8184
0.2507 -0.4349 -0.7922
0.2057 -0.4483 -0.7679
0.2057 -0.4483 -0.7679
0.1614 -0.4812 -0.7715
0.1125 -0.4981 -0.7838
0.0594 -0.5052 -0.8098
0.0011 -0.5043 -0.8358
-0.0686 -0.4914 -0.8746
-0.0686 -0.4914 -0.8746
-0.1036 -0.4736 -0.8826
-0.1129 -0.4684 -0.8866
-0.1315 -0.4410 -0.8946
-0.1614 -0.4377 -0.9157
-0.1539 -0.4199 -0.9320
-0.1539 -0.4199 -0.9320
-0.1285 -0.3866 -0.9126
-0.0905 -0.3559 -0.8977
-0.0573 -0.3223 -0.8752
-0.0071 -0.2890 -0.8757
-0.0071 -0.2890 -0.8757
0.0214 -0.2599 -0.8839
0.0450 -0.2314 -0.9267
0.0228 -0.1883 -1.0342
-0.0220 -0.1692 -1.1967
-0.0753 -0.1325 -1.3161
-0.0753 -0.1325 -1.3161
-0.0869 -0.0849 -1.3131
-0.0818 -0.0750 -1.2103
-0.0693 -0.1009 -1.0535
-0.0451 -0.1446 -0.9092
-0.0384 -0.1891 -0.8147
-0.0384 -0.1891 -0.8147
-0.0430 -0.2282 -0.8024
-0.0325 -0.2500 -0.8550
-0.0315 -0.2577 -0.9175
-0.0271 -0.2564 -0.9819
-0.0232 -0.2672 -1.0067
-0.0232 -0.2672 -1.0067
-0.0270 -0.2691 -0.9979
-0.0382 -0.2881 -0.9622
-0.0524 -0.3054 -0.9301
-0.0477 -0.3229 -0.9032
-0.0372 -0.3352 -0.9026
-0.0372 -0.3352 -0.9026
-0.0188 -0.3392 -0.9346
-0.0132 -0.3302 -0.9536
-0.0329 -0.3263 -0.9635
-0.0471 -0.3256 -0.9711
-0.0471 -0.3256 -0.9711
-0.0452 -0.3188 -1.0058
-0.0555 -0.3007 -1.0639
-0.1039 -0.2841 -1.1090
-0.0948 -0.3041 -1.1850
-0.0646 -0.3369 -1.1225
-0.0646 -0.3369 -1.1225
-0.0691 -0.1960 -1.0615
-0.0546 -0.3034 -0.9315
-0.1109 -0.3309 -0.8375
-0.1745 -0.3773 -0.7990
-0.1703 -0.3472 -0.7598
-0.1703 -0.3472 -0.7598
-0.1270 -0.2914 -0.8329
-0.1057 -0.2119 -0.9133
-0.1381 -0.2209 -0.9905
-0.1907 -0.3343 -1.0037
-0.1462 -0.3203 -0.9386
-0.1462 -0.3203 -0.9386
-0.1145 -0.3080 -0.8716
-0.1090 -0.2957 -0.9081
-0.1140 -0.2837 -0.9230
-0.1270 -0.2791 -0.9626
-0.1270 -0.2791 -0.9626
-0.1257 -0.2767 -0.9762
-0.1040 -0.2667 -0.9557
-0.0955 -0.2621 -0.9473
-0.0893 -0.2540 -0.9498
-0.0845 -0.2253 -0.9513
-0.0845 -0.2253 -0.9513
-0.0963 -0.2128 -0.9955
-0.1276 -0.1780 -1.0147
-0.1384 -0.1631 -1.0226
-0.1372 -0.1544 -0.9860
-0.1212 -0.1616 -0.9500
-0.1212 -0.1616 -0.9500
-0.1052 -0.1659 -0.9107
-0.0889 -0.1770 -0.8577
-0.0717 -0.1944 -0.8444
-0.0577 -0.1966 -0.9084
-0.0389 -0.1803 -1.0941
-0.0389 -0.1803 -1.0941
-0.0550 -0.1676 -1.2058
-0.0409 -0.1679 -1.2556
-0.0126 -0.1994 -1.2368
0.0298 -0.2310 -1.1973
0.0520 -0.2791 -1.1523
0.0520 -0.2791 -1.1523
0.0636 -0.2993 -1.1470
0.0461 -0.3118 -1.1457
0.0064 -0.3273 -1.0797
0.0114 -0.3816 -1.0015
0.0114 -0.3816 -1.0015
-0.0043 -0.4216 -0.9266
-0.0673 -0.4597 -0.9602
-0.1611 -0.4772 -0.9724
-0.2027 -0.4185 -0.9131
-0.1904 -0.4400 -0.8451
-0.1904 -0.4400 -0.8451
-0.1893 -0.4209 -0.8214
-0.5237 -0.3453 -0.8342
-0.2799 -0.4675 -0.8555
-0.2139 -0.4389 -0.7698
-0.1362 -0.4623 -0.7759
-0.1362 -0.4623 -0.7759
-0.0437 -0.4409 -0.7893
0.0076 -0.4071 -0.7467
0.0508 -0.4320 -0.6673
0.1083 -0.4101 -0.6295
0.1123 -0.4233 -0.6106
0.1123 -0.4233 -0.6106
0.1092 -0.4590 -0.6637
0.0843 -0.5002 -0.6780
0.0952 -0.5307 -0.6693
0.0624 -0.5705 -0.6438
0.0035 -0.6399 -0.6301
0.0035 -0.6399 -0.6301
-0.0285 -0.7069 -0.6584
-0.0260 -0.7146 -0.6600
-0.0327 -0.6913 -0.6631
-0.0044 -0.6835 -0.6462
-0.0197 -0.6927 -0.6667
-0.0197 -0.6927 -0.6667
-0.0318 -0.7115 -0.6664
0.0068 -0.6835 -0.7066
0.0100 -0.7102 -0.7145
0.0075 -0.7398 -0.7018
0.0075 -0.7398 -0.7018
0.0045 -0.7445 -0.6887
0.0096 -0.7395 -0.6949
0.0211 -0.7317 -0.6829
0.0210 -0.7185 -0.6914
0.0160 -0.7134 -0.7038
0.0160 -0.7134 -0.7038
0.0309 -0.7149 -0.6880
0.0286 -0.7118 -0.6750
0.0267 -0.6982 -0.6618
0.0185 -0.7091 -0.6426
0.0228 -0.7090 -0.6509
0.0228 -0.7090 -0.6509
0.0518 -0.7140 -0.6496
0.0496 -0.7095 -0.6334
0.0391 -0.7122 -0.6439
0.0328 -0.7107 -0.6473
0.0335 -0.7030 -0.6356
0.0335 -0.7030 -0.6356
0.0360 -0.7063 -0.6463
0.0298 -0.7139 -0.6791
0.0269 -0.7127 -0.6989
0.0162 -0.7050 -0.7054
0.0162 -0.7050 -0.7054
0.0204 -0.7148 -0.7021
0.0191 -0.7025 -0.6935
0.0176 -0.7118 -0.6939
0.0177 -0.7127 -0.6848
0.0187 -0.7082 -0.6911
0.0187 -0.7082 -0.6911
0.0184 -0.7135 -0.6952
0.0198 -0.7086 -0.6810
0.0293 -0.7131 -0.6883
0.0301 -0.7112 -0.6877
0.0324 -0.7071 -0.6736
0.0324 -0.7071 -0.6736
0.0327 -0.7020 -0.6769
0.0430 -0.7031 -0.6883
0.0429 -0.7080 -0.7011
0.0350 -0.7052 -0.6935
0.0325 -0.7047 -0.6826
0.0325 -0.7047 -0.6826
0.0352 -0.7086 -0.6847
0.0433 -0.7048 -0.6855
0.0405 -0.7001 -0.6900
0.0362 -0.7036 -0.6913
0.0361 -0.7068 -0.6763
0.0361 -0.7068 -0.6763
0.0356 -0.7054 -0.6690
0.0365 -0.7013 -0.6824
0.0384 -0.6980 -0.6986
0.0348 -0.6905 -0.7066
0.0348 -0.6905 -0.7066
0.0345 -0.6915 -0.6868
0.0361 -0.6917 -0.6803
0.0348 -0.6827 -0.6729
0.0392 -0.6789 -0.6692
0.0463 -0.6863 -0.6807
0.0463 -0.6863 -0.6807
0.0489 -0.6652 -0.6688
0.0474 -0.6502 -0.6399
0.0387 -0.6673 -0.6424
0.0503 -0.6482 -0.6523
0.0634 -0.6354 -0.6582
0.0634 -0.6354 -0.6582
0.0535 -0.6275 -0.6592
0.0619 -0.6439 -0.6814
0.0572 -0.6373 -0.6859
0.0576 -0.6369 -0.7024
0.0503 -0.6278 -0.7010
0.0503 -0.6278 -0.7010
0.0489 -0.6151 -0.6844
0.0445 -0.6110 -0.6930
0.0490 -0.5917 -0.7155
0.0631 -0.5857 -0.7062
0.0522 -0.5770 -0.6817
0.0522 -0.5770 -0.6817
0.0522 -0.5969 -0.7272
0.0697 -0.5730 -0.7791
0.0706 -0.5526 -0.8025
0.0558 -0.5662 -0.8230
0.0558 -0.5662 -0.8230
0.0546 -0.5613 -0.8555
0.0681 -0.5696 -0.8950
0.0670 -0.5677 -0.8862
0.0616 -0.5689 -0.8219
0.0612 -0.5480 -0.7296
0.0612 -0.5480 -0.7296
0.0592 -0.5235 -0.6277
0.0584 -0.4963 -0.5020
0.0683 -0.4537 -0.3927
0.0777 -0.4046 -0.3314
0.0928 -0.3213 -0.2956
0.0928 -0.3213 -0.2956
0.0855 -0.2671 -0.3174
0.0634 -0.2115 -0.3960
0.0060 -0.1217 -0.4912
0.0140 -0.0755 -0.6712
0.1085 -0.0628 -0.8703
0.1085 -0.0628 -0.8703
0.1256 0.0058 -0.9612
0.0826 0.0039 -1.0114
0.0158 0.0284 -1.0354
0.0599 0.0877 -1.1085
0.0599 0.0877 -1.1085
0.1597 0.0941 -1.2007
0.2313 0.0988 -1.1927
0.1812 0.1763 -1.1781
0.0988 0.1510 -1.1449
0.0957 0.1654 -1.1393
0.0957 0.1654 -1.1393
0.1236 0.2529 -1.0860
0.1540 0.3082 -1.0905
0.1581 0.3725 -1.1556
0.1271 0.4123 -1.1317
0.1408 0.4274 -1.1441
0.1408 0.4274 -1.1441
0.1571 0.4788 -1.0701
0.1691 0.5187 -1.0602
0.1912 0.5900 -1.0414
0.1714 0.6363 -0.9868
0.1664 0.7009 -0.9237
0.1664 0.7009 -0.9237
0.1645 0.7250 -0.8404
0.1245 0.7440 -0.7744
0.1430 0.7953 -0.7634
0.1344 0.7917 -0.7568
0.1403 0.8117 -0.7323
0.1403 0.8117 -0.7323
0.1237 0.8358 -0.7087
0.0906 0.8327 -0.6528
0.0962 0.8461 -0.6915
0.1208 0.8395 -0.7696
0.1208 0.8395 -0.7696
0.1216 0.8916 -0.8030
0.1076 0.9201 -0.8391
0.1167 0.9066 -0.9483
0.1135 0.9377 -1.0603
0.1352 0.9568 -1.1828
0.1352 0.9568 -1.1828
0.1389 0.9226 -1.3165
0.1024 0.9100 -1.3233
0.0737 0.8693 -1.3735
0.0590 0.8655 -1.4278
0.0571 0.8365 -1.4293
0.0571 0.8365 -1.4293
0.0754 0.8186 -1.3763
0.0578 0.7003 -1.3464
0.0363 0.6087 -1.2847
0.0387 0.5350 -1.2017
0.0835 0.4516 -1.1398
0.0835 0.4516 -1.1398
0.0836 0.3940 -1.0108
0.0794 0.3269 -0.9934
0.1152 0.3017 -0.9907
0.1411 0.2598 -0.9028
0.1075 0.2062 -0.8066
0.1075 0.2062 -0.8066
0.0965 0.1572 -0.7202
0.0672 0.1055 -0.6479
0.0639 0.0619 -0.6163
0.0718 -0.0003 -0.6060
0.0718 -0.0003 -0.6060
0.0473 -0.0654 -0.6259
0.0243 -0.1031 -0.6282
0.0230 -0.1302 -0.6625
0.0485 -0.1806 -0.6980
0.0436 -0.2412 -0.7458
0.0436 -0.2412 -0.7458
0.0313 -0.3002 -0.7527
0.0225 -0.3373 -0.7993
0.0356 -0.3729 -0.7656
-0.0224 -0.3967 -0.5722
0.0706 -0.4428 -0.8938
0.0706 -0.4428 -0.8938
0.0575 -0.4861 -0.8087
0.0244 -0.4589 -0.6927
0.0356 -0.4694 -0.7886
0.0079 -0.5258 -0.8134
0.0275 -0.5124 -0.7793
0.0275 -0.5124 -0.7793
0.0416 -0.5135 -0.6991
0.0530 -0.5584 -0.6767
0.0287 -0.5727 -0.6769
0.0459 -0.5888 -0.7050
0.0342 -0.6072 -0.7070
0.0342 -0.6072 -0.7070
0.0280 -0.5925 -0.6876
0.0347 -0.5874 -0.6855
0.0453 -0.6104 -0.7089
0.0375 -0.6174 -0.7410
0.0375 -0.6174 -0.7410
0.0147 -0.6111 -0.7166
0.0158 -0.6415 -0.6863
0.0107 -0.6504 -0.6509
0.0101 -0.6648 -0.6536
0.0220 -0.6595 -0.6779
0.0220 -0.6595 -0.6779
0.0059 -0.6561 -0.6897
0.0043 -0.6684 -0.7231
0.0250 -0.6629 -0.7083
0.0371 -0.6623 -0.6871
0.0275 -0.6741 -0.6955
0.0275 -0.6741 -0.6955
0.0243 -0.6801 -0.7085
0.0337 -0.6799 -0.7053
0.0336 -0.6806 -0.6822
0.0324 -0.6841 -0.6778
0.0357 -0.6852 -0.6726
0.0357 -0.6852 -0.6726
0.0324 -0.6915 -0.6924
0.0332 -0.6782 -0.6999
0.0381 -0.6866 -0.6988
0.0352 -0.6936 -0.6973
0.0314 -0.6916 -0.6860
0.0314 -0.6916 -0.6860
0.0348 -0.6938 -0.6840
0.0283 -0.6983 -0.6906
0.0214 -0.7027 -0.6963
0.0295 -0.6969 -0.6855
0.0295 -0.6969 -0.6855
0.0278 -0.6993 -0.6707
0.0244 -0.6966 -0.6745
0.0243 -0.7010 -0.6863
0.0216 -0.6864 -0.6686
0.0235 -0.7005 -0.6640
0.0235 -0.7005 -0.6640
0.0274 -0.7034 -0.6771
0.0350 -0.6973 -0.7013
0.0255 -0.6951 -0.6903
0.0249 -0.7028 -0.6691
0.0274 -0.7100 -0.6724
0.0274 -0.7100 -0.6724
0.0209 -0.7025 -0.6829
0.0245 -0.7119 -0.6978
0.0283 -0.7087 -0.7104
0.0344 -0.7038 -0.7011
0.0240 -0.7043 -0.6695
0.0240 -0.7043 -0.6695
0.0209 -0.7096 -0.6591
0.0191 -0.7067 -0.6809
0.0242 -0.7102 -0.6958
0.0284 -0.7128 -0.6871
0.0242 -0.7112 -0.6580
0.0242 -0.7112 -0.6580
0.0264 -0.7140 -0.6606
0.0266 -0.7173 -0.6740
0.0298 -0.7095 -0.6832
0.0352 -0.7147 -0.6800
0.0352 -0.7147 -0.6800
0.0344 -0.7173 -0.6672
0.0245 -0.7177 -0.6740
0.0229 -0.7217 -0.6859
0.0243 -0.7108 -0.6849
0.0163 -0.7168 -0.6771
0.0163 -0.7168 -0.6771
0.0188 -0.7195 -0.6725
0.0228 -0.7176 -0.6821
0.0251 -0.7131 -0.6909
0.0271 -0.7186 -0.6826
0.0215 -0.7174 -0.6702
0.0215 -0.7174 -0.6702
0.0221 -0.7224 -0.6685
0.0207 -0.7151 -0.6705
0.0214 -0.7216 -0.6772
0.0234 -0.7231 -0.6677
0.0314 -0.7234 -0.6642
0.0314 -0.7234 -0.6642
0.0278 -0.7219 -0.6617
0.0225 -0.7245 -0.6598
0.0352 -0.7256 -0.6712
0.0392 -0.7180 -0.6861
0.0392 -0.7180 -0.6861
0.0259 -0.7179 -0.6852
0.0205 -0.7189 -0.6640
0.0206 -0.7205 -0.6574
0.0247 -0.7187 -0.6692
0.0270 -0.7160 -0.6846
0.0270 -0.7160 -0.6846
0.0203 -0.7099 -0.6795
0.0221 -0.7221 -0.6713
0.0275 -0.7223 -0.6733
0.0270 -0.7227 -0.6846
0.0248 -0.7207 -0.6755
0.0248 -0.7207 -0.6755
0.0221 -0.7245 -0.6798
0.0251 -0.7224 -0.6916
0.0252 -0.7196 -0.6911
0.0289 -0.7191 -0.6864
0.0263 -0.7156 -0.6780
0.0263 -0.7156 -0.6780
0.0224 -0.7141 -0.6814
0.0267 -0.7145 -0.6869
0.0274 -0.7169 -0.6870
0.0220 -0.7049 -0.6750
0.0195 -0.7092 -0.6706
0.0195 -0.7092 -0.6706
0.0175 -0.7094 -0.6752
0.0220 -0.7081 -0.6849
0.0244 -0.7121 -0.6836
0.0238 -0.7164 -0.6654
0.0238 -0.7164 -0.6654
0.0220 -0.7079 -0.6616
0.0257 -0.7105 -0.6711
0.0260 -0.7180 -0.6865
0.0186 -0.7182 -0.6914
0.0224 -0.7187 -0.6866
0.0224 -0.7187 -0.6866
0.0275 -0.7196 -0.6804
0.0270 -0.7165 -0.6716
0.0239 -0.7192 -0.6715
0.0244 -0.7162 -0.6847
0.0251 -0.7178 -0.6937
0.0251 -0.7178 -0.6937
0.0294 -0.7117 -0.6914
0.0260 -0.7113 -0.6750
0.0236 -0.7198 -0.6679
0.0303 -0.7184 -0.6717
0.0256 -0.7136 -0.6714
0.0256 -0.7136 -0.6714
0.0255 -0.7117 -0.6696
0.0275 -0.7162 -0.6643
0.0257 -0.7171 -0.6602
0.0299 -0.7199 -0.6716
0.0301 -0.7161 -0.6713
0.0301 -0.7161 -0.6713
0.0288 -0.7127 -0.6749
0.0237 -0.7186 -0.6757
0.0340 -0.7192 -0.6804
0.0376 -0.7191 -0.6731
0.0376 -0.7191 -0.6731
0.0349 -0.7149 -0.6726
0.0323 -0.7229 -0.6682
0.0284 -0.7166 -0.6623
0.0303 -0.7257 -0.6707
0.0388 -0.7126 -0.6753
0.0388 -0.7126 -0.6753
0.0356 -0.7194 -0.6641
0.0305 -0.7254 -0.6538
0.0323 -0.7298 -0.6662
0.0363 -0.7162 -0.6741
0.0311 -0.7196 -0.6768
0.0311 -0.7196 -0.6768
0.0227 -0.7236 -0.6674
0.0241 -0.7257 -0.6677
0.0323 -0.7265 -0.6760
0.0291 -0.7248 -0.6803
0.0246 -0.7179 -0.6759
0.0246 -0.7179 -0.6759
0.0252 -0.7187 -0.6810
0.0236 -0.7168 -0.6811
0.0254 -0.7242 -0.6756
0.0278 -0.7290 -0.6583
0.0269 -0.7246 -0.6561
0.0269 -0.7246 -0.6561
0.0319 -0.7209 -0.6600
0.0307 -0.7176 -0.6711
0.0336 -0.7232 -0.6712
0.0337 -0.7223 -0.6635
0.0337 -0.7223 -0.6635
0.0319 -0.7213 -0.6626
0.0295 -0.7256 -0.6691
0.0270 -0.7266 -0.6721
0.0269 -0.7238 -0.6759
0.0344 -0.7258 -0.6720
0.0344 -0.7258 -0.6720
0.0364 -0.7271 -0.6607
0.0286 -0.7264 -0.6645
0.0296 -0.7229 -0.6715
0.0233 -0.7236 -0.6638
0.0227 -0.7259 -0.6562
0.0227 -0.7259 -0.6562
0.0265 -0.7272 -0.6675
0.0310 -0.7227 -0.6831
0.0247 -0.7210 -0.6751
0.0254 -0.7280 -0.6666
0.0291 -0.7290 -0.6683
0.0291 -0.7290 -0.6683
0.0254 -0.7225 -0.6731
0.0284 -0.7236 -0.6729
0.0299 -0.7280 -0.6641
0.0280 -0.7307 -0.6649
0.0301 -0.7274 -0.6735
0.0301 -0.7274 -0.6735
0.0343 -0.7271 -0.6722
0.0260 -0.7291 -0.6534
0.0334 -0.7264 -0.6567
0.0289 -0.7187 -0.6615
0.0289 -0.7187 -0.6615
0.0232 -0.7163 -0.6645
0.0231 -0.7227 -0.6727
0.0220 -0.7225 -0.6668
0.0215 -0.7197 -0.6715
0.0253 -0.7266 -0.6670
0.0253 -0.7266 -0.6670
0.0173 -0.7198 -0.6627
0.0128 -0.7311 -0.6865
0.0420 -0.7235 -0.6823
0.0340 -0.7323 -0.6665
0.0237 -0.7281 -0.6688
0.0237 -0.7281 -0.6688
0.0289 -0.7198 -0.6815
0.0256 -0.7279 -0.6716
0.0153 -0.7292 -0.6469
0.0185 -0.7331 -0.6571
0.0236 -0.7223 -0.6702
0.0236 -0.7223 -0.6702
0.0163 -0.7189 -0.6812
0.0261 -0.7123 -0.6935
0.0252 -0.7187 -0.6807
0.0335 -0.7200 -0.6702
0.0335 -0.7200 -0.6702
0.0231 -0.7200 -0.6680
0.0229 -0.7250 -0.6651
0.0260 -0.7279 -0.6656
0.0348 -0.7307 -0.6702
0.0323 -0.7238 -0.6726
0.0323 -0.7238 -0.6726
0.0304 -0.7230 -0.6641
0.0292 -0.7247 -0.6613
0.0224 -0.7260 -0.6711
0.0248 -0.7235 -0.6717
0.0265 -0.7207 -0.6676
0.0265 -0.7207 -0.6676
0.0264 -0.7218 -0.6754
0.0341 -0.7227 -0.6758
0.0295 -0.7223 -0.6652
0.0278 -0.7201 -0.6619
0.0304 -0.7275 -0.6653
0.0304 -0.7275 -0.6653
0.0270 -0.7240 -0.6694
0.0255 -0.7278 -0.6782
0.0330 -0.7167 -0.6753
0.0290 -0.7200 -0.6687
0.0279 -0.7283 -0.6610
0.0279 -0.7283 -0.6610
0.0316 -0.7256 -0.6616
0.0304 -0.7270 -0.6667
0.0305 -0.7264 -0.6678
0.0362 -0.7260 -0.6631
0.0362 -0.7260 -0.6631
0.0332 -0.7249 -0.6785
0.0323 -0.7271 -0.6706
0.0352 -0.7163 -0.6467
0.0453 -0.7242 -0.6696
0.0324 -0.7436 -0.6698
0.0324 -0.7436 -0.6698
0.0313 -0.7314 -0.6857
0.0405 -0.7202 -0.6848
0.0421 -0.7004 -0.6637

