0.0592 -0.0049 0.0420
0.0084 0.0225 0.0331
0.0171 0.0368 0.0222
0.0491 0.0325 0.0073
0.0274 0.0273 0.0042
0.0188 0.0223 0.0061
0.0200 0.0111 0.0026
0.0241 0.0081 0.0035
0.0186 0.0142 0.0005
-0.0013 0.0138 0.0019
0.0284 0.0091 0.0042
0.0418 0.0027 0.0010
0.0388 0.0145 0.0107
0.0307 0.0080 0.0102
0.0282 0.0006 0.0152
0.0162 -0.0160 0.0166
0.0196 -0.0087 0.0139
0.0211 -0.0046 0.0104
0.0211 0.0103 0.0008
0.0162 0.0039 0.0020
0.0248 -0.0033 0.0023
0.0337 -0.0239 0.0010
0.0292 -0.0204 0.0031
0.0240 0.0022 -0.0013
0.0214 0.0058 0.0016
0.0199 -0.0029 0.0059
0.0098 -0.0136 0.0094
0.0113 -0.0135 0.0109
0.0128 -0.0081 0.0078
0.0103 0.0196 0.0011
0.0074 0.0203 0.0053
0.0156 0.0089 0.0082
0.0429 -0.0186 0.0023
0.0112 0.0055 0.0075
-0.0152 0.0177 0.0046
-0.0294 0.0003 0.0136
0.0116 -0.0077 0.0115
0.0351 0.0073 0.0077
0.0471 0.0199 0.0058
-0.0082 0.0200 0.0134
-0.0222 0.0213 0.0185
-0.0013 0.0063 0.0166
0.0139 -0.0004 0.0121
0.0149 0.0049 0.0054
-0.0110 -0.0143 -0.0007
-0.0083 -0.0012 0.0063
-0.0067 0.0111 -0.0021
-0.0173 0.0217 0.0050
-0.0230 0.0099 0.0056
-0.0163 -0.0059 0.0069
0.0067 0.0001 0.0174
0.0157 0.0272 0.0102
0.0121 0.0292 0.0068
-0.0143 -0.0028 0.0104
-0.0153 -0.0195 0.0094
-0.0034 -0.0151 -0.0005
0.0148 0.0124 -0.0030
0.0209 0.0258 -0.0060
0.0294 0.0225 -0.0013
0.0125 -0.0066 0.0009
0.0079 -0.0104 -0.0005
0.0226 -0.1237 -0.0072
-0.0064 -0.0505 -0.0006
-0.0172 0.0096 -0.0001
0.0132 0.0674 0.0073
0.0132 0.0614 0.0238
-0.0013 0.0831 0.0340
0.0106 0.0555 0.0384
0.0507 -0.0155 0.0299
0.0343 0.0149 0.0230
-0.0074 0.0709 -0.0021
0.0002 0.0440 0.0053
-0.0004 0.0315 0.0058
-0.0176 0.0194 0.0101
0.0018 -0.0059 0.0076
0.0100 0.0054 -0.0014
0.0241 0.0349 -0.0061
0.0118 0.0264 0.0044
0.0024 0.0283 0.0063
0.0022 0.0271 0.0037
0.0034 0.0229 0.0037
0.0065 0.0212 0.0069
0.0150 0.0173 0.0125
0.0143 0.0174 0.0123
0.0050 -0.0068 0.0149
-0.0043 0.0174 0.0158
0.0010 0.0303 0.0128
0.0236 0.0178 0.0103
0.0143 0.0157 0.0072
0.0057 0.0177 0.0042
0.0054 0.0143 0.0033
0.0122 0.0007 0.0027
0.0079 -0.0015 -0.0026
0.0045 0.0155 -0.0017
0.0173 0.0243 -0.0138
0.0238 0.0112 -0.0142
0.0220 0.0002 -0.0069
0.0162 0.0102 -0.0051
0.0222 0.0121 -0.0050
0.0351 0.0026 -0.0079
0.0263 0.0116 -0.0104
0.0206 0.0228 -0.0078
0.0255 -0.0039 0.0035
0.0324 -0.0333 0.0101
0.0363 -0.0205 0.0058
0.0255 0.0016 0.0034
-0.0012 0.0071 0.0003
-0.0059 -0.0077 0.0039
-0.0027 -0.0142 0.0131
0.0273 -0.0227 0.0045
0.0506 -0.0240 -0.0048
0.0301 0.0166 -0.0074
0.0233 0.0126 -0.0011
0.0444 0.0037 0.0123
0.0514 0.0339 0.0082
0.0392 0.0476 0.0089
0.0455 0.0150 0.0219
0.0362 0.0265 0.0246
0.0270 0.0438 0.0233
0.0348 0.0292 0.0190
0.0340 0.0072 0.0128
0.0227 0.0006 0.0120
0.0078 0.0000 0.0095
0.0027 0.0044 0.0142
0.0121 0.0153 0.0150
0.0266 0.0315 0.0127
0.0176 0.0218 0.0124
0.0091 0.0156 0.0075
0.0089 0.0138 0.0099
0.0312 0.0034 0.0014
0.0294 0.0026 0.0043
0.0127 0.0155 0.0074
0.0036 0.0175 0.0090
0.0047 0.0053 0.0110
0.0126 -0.0059 0.0091
0.0199 -0.0001 0.0029
0.0237 -0.0015 0.0036
-0.0019 -0.0017 -0.0007
-0.0031 0.0008 0.0056
0.0182 -0.0041 -0.0042
0.0157 -0.0056 0.0020
0.0126 0.0008 -0.0033
0.0181 0.0228 -0.0042
0.0214 0.0065 -0.0018
0.0186 0.0048 -0.0032
0.0161 -0.0039 -0.0076
0.0111 -0.0081 0.0014
0.0020 -0.0098 0.0050
-0.0120 0.0226 0.0011
0.0115 0.0153 -0.0034
0.0187 0.0003 -0.0060
0.0161 0.0088 -0.0007
0.0085 0.0285 0.0008
0.0155 0.0167 0.0050
0.0336 0.0041 0.0090
0.0310 0.0207 0.0085
0.0257 0.0162 0.0069
0.0071 -0.0018 0.0089
0.0149 -0.0093 0.0083
0.0272 0.0099 0.0056
0.0366 0.0092 0.0088
0.0202 -0.0248 0.0262
0.0316 -0.0828 0.0136
0.0135 0.0085 0.0023
-0.0151 0.0367 0.0111
-0.0016 0.0396 0.0116
0.0143 0.0601 0.0199
0.0109 0.0694 0.0198
0.0049 0.0516 0.0283
0.0299 0.0166 0.0216
0.0259 0.0402 0.0206
-0.0005 0.0196 0.0168
0.0120 -0.0028 0.0202
0.0182 0.0005 0.0164
0.0098 0.0282 0.0174
-0.0018 0.0154 0.0200
-0.0100 0.0022 0.0216
-0.0063 0.0021 0.0184
0.0087 0.0053 -0.0011
0.0076 0.0055 0.0010
0.0153 0.0160 0.0021
-0.0024 0.0061 0.0054
-0.0105 -0.0010 0.0131
0.0073 -0.0051 0.0070
0.0404 0.0035 0.0011
0.0447 0.0175 -0.0009
0.0271 0.0412 -0.0001
-0.0003 0.0100 0.0033
-0.0036 -0.0188 -0.0009
0.0019 -0.0299 -0.0087
0.0205 0.0191 -0.0198
0.0289 0.0330 -0.0153
0.0081 0.0173 -0.0058
-0.0086 0.0094 -0.0038
-0.0029 -0.0051 -0.0083
0.0065 -0.0012 -0.0052
-0.0030 0.0036 -0.0087
0.0004 0.0109 -0.0009
0.0121 0.0126 0.0024
0.0202 0.0198 0.0109
0.0394 0.0201 0.0128
0.0424 0.0144 0.0121
0.0393 0.0155 0.0093
0.0180 0.0164 0.0003
0.0105 0.0263 0.0009
0.0202 0.0258 0.0069
0.0339 0.0255 0.0070
0.0140 0.0293 0.0085
0.0099 0.0360 0.0092
0.0271 0.0288 0.0003
0.0228 0.0033 0.0094
0.0188 0.0053 0.0067
0.0061 0.0172 -0.0050
0.0130 0.0252 -0.0035
0.0143 0.0236 -0.0049
0.0231 0.0239 0.0080
0.0422 -0.0006 0.0052
0.0385 -0.0061 0.0029
0.0126 -0.0033 0.0069
0.0260 0.0000 0.0004
0.0394 0.0029 0.0019
0.0470 -0.0059 -0.0053
0.0357 -0.0010 -0.0062
0.0106 -0.0133 0.0013
0.0056 -0.0124 0.0025
0.0219 -0.0133 -0.0009
0.0397 -0.0057 -0.0115
0.0211 0.0037 -0.0064
0.0062 0.0087 -0.0111
-0.0018 0.0055 -0.0050
0.0131 -0.0034 -0.0023
0.0305 0.0064 0.0000
0.0358 -0.0053 -0.0027
0.0004 0.0015 -0.0010
-0.0086 -0.0022 -0.0012
0.0010 -0.0133 -0.0015
0.0374 -0.0211 -0.0036
0.0509 -0.0134 -0.0060
0.0377 -0.0009 0.0012
0.0076 0.0109 0.0050
0.0037 0.0060 0.0042
0.0181 -0.0139 0.0029
0.0296 0.0015 -0.0040
0.0306 0.0248 -0.0036
0.0440 0.0279 0.0042
0.0343 0.0049 -0.0064
0.0133 0.0023 0.0029
0.0095 -0.0110 -0.0222
0.0081 -0.0119 0.0056
0.0062 -0.0048 0.0052
-0.0082 0.0163 0.0022
-0.0173 0.0121 0.0103
0.0035 -0.0036 0.0011
0.0345 0.0195 0.0049
0.0260 -0.0064 0.0008
-0.0049 -0.0316 -0.0009
0.0182 0.0262 0.0001
0.0220 0.0155 0.0128
0.0260 0.0051 0.0104
0.0242 -0.0166 0.0039
0.0030 -0.0175 0.0081
-0.0042 -0.0093 0.0061
-0.0074 -0.0162 -0.0019
0.0174 -0.0011 -0.0121
0.0223 0.0050 -0.0096
0.0156 0.0005 -0.0018
0.0134 -0.0090 0.0042
0.0172 -0.0211 0.0033
0.0187 -0.0267 -0.0039
0.0170 -0.0071 -0.0032
0.0159 -0.0037 -0.0013
0.0082 -0.0204 0.0008
0.0092 -0.0225 -0.0038
0.0170 -0.0193 -0.0044
0.0342 -0.0110 -0.0067
0.0371 -0.0060 -0.0007
0.0226 -0.0177 0.0077
0.0154 -0.0100 0.0133
0.0215 -0.0093 0.0110
0.0244 0.0099 0.0121
0.0136 0.0012 0.0181
0.0058 0.0122 0.0217
0.0117 0.0208 0.0188
0.0139 0.0024 0.0127
0.0003 0.0059 0.0106
-0.0110 0.0138 0.0063
0.0080 0.0017 0.0062
0.0102 0.0059 0.0102
0.0022 0.0299 0.0100
0.0116 0.0319 0.0097
0.0181 0.0318 0.0165
0.0097 0.0359 0.0098
0.0030 0.0352 0.0175
-0.0008 0.0307 0.0202
0.0020 0.0342 0.0113
0.0218 0.0354 0.0138
0.0310 0.0374 0.0114
0.0092 0.0507 0.0247
-0.0105 0.0339 0.0338
-0.0094 0.0223 0.0357
0.0159 0.0201 0.0262
0.0288 0.0429 0.0188
0.0207 0.0535 0.0246
0.0101 0.0513 0.0314
-0.0007 0.0464 0.0314
-0.0348 0.0596 0.0259
0.0076 0.0294 0.0203
0.0314 0.0290 0.0069
0.0377 0.0278 0.0098
0.0146 0.0204 0.0115
0.0002 0.0192 0.0179
-0.0032 0.0245 0.0150
0.0107 0.0279 0.0083
0.0122 0.0242 0.0059
-0.0068 0.0180 0.0056
-0.0131 0.0082 0.0033
-0.0093 0.0024 0.0038
0.0089 -0.0005 -0.0027
0.0058 -0.0030 -0.0033
-0.0086 -0.0028 -0.0025
-0.0211 0.0115 -0.0039
-0.0128 0.0019 0.0044
-0.0061 -0.0024 0.0039
0.0007 0.0019 0.0030
0.0123 -0.0180 -0.0033
0.0128 -0.0336 -0.0092
-0.0030 -0.0255 0.0004
0.0018 0.0141 -0.0016
0.0083 0.0259 0.0009
0.0298 0.0066 0.0096
0.0138 -0.0163 -0.0029
-0.0083 -0.0210 -0.0035
-0.0197 -0.0195 -0.0099
-0.0065 -0.0198 -0.0126
0.0177 -0.0197 -0.0117
0.0021 -0.0108 -0.0061
-0.0119 -0.0102 -0.0065
0.0026 -0.0073 -0.0001
0.0198 0.0030 -0.0008
0.0280 0.0033 0.0015
0.0142 -0.0024 0.0040
-0.0023 0.0037 0.0071
-0.0016 0.0005 0.0080
0.0043 -0.0090 0.0087
0.0156 0.0030 0.0144
0.0241 0.0174 0.0120
0.0127 0.0093 0.0128
-0.0144 0.0049 0.0153
-0.0137 0.0012 0.0151
0.0037 -0.0012 0.0129
-0.0044 0.0066 0.0197
-0.0031 0.0170 0.0183
0.0084 0.0296 0.0138
0.0234 0.0176 0.0146
0.0135 0.0175 0.0142
-0.0024 0.0035 0.0109
-0.0018 0.0092 0.0053
-0.0015 0.0192 0.0037
0.0022 0.0230 0.0040
-0.0003 0.0209 0.0005
0.0081 0.0194 0.0014
0.0120 -0.0028 0.0068
0.0169 -0.0030 0.0107
0.0219 0.0296 0.0044
0.0174 0.0345 0.0099
0.0180 0.0215 0.0109
0.0098 -0.0010 0.0050
0.0103 0.0004 -0.0044
0.0205 0.0018 -0.0123
0.0273 -0.0009 -0.0150
0.0147 0.0261 -0.0106
0.0086 0.0276 -0.0098
0.0089 0.0033 -0.0058
0.0116 -0.0005 -0.0026
0.0167 0.0062 -0.0051
0.0272 0.0071 -0.0018
0.0393 -0.0105 0.0027
0.0354 -0.0074 -0.0022
0.0209 0.0029 -0.0108
0.0213 0.0047 -0.0130
0.0215 0.0091 -0.0126
0.0181 0.0087 -0.0075
0.0119 -0.0017 -0.0074
0.0216 -0.0066 -0.0036
0.0241 -0.0090 -0.0095
0.0208 -0.0094 -0.0086
0.0147 -0.0103 -0.0084
0.0159 -0.0128 -0.0011
0.0195 -0.0102 0.0014
0.0121 -0.0145 0.0050
0.0017 -0.0127 0.0014
0.0026 -0.0146 -0.0033
0.0075 -0.0207 0.0028
0.0016 -0.0027 0.0114
0.0053 0.0039 0.0081
0.0216 -0.0047 0.0070
0.0100 0.0012 0.0056
0.0007 0.0033 0.0043
0.0091 -0.0036 0.0087
0.0074 0.0009 0.0052
0.0027 0.0091 0.0131
0.0083 0.0054 0.0157
0.0084 0.0070 0.0170
0.0000 0.0029 0.0226
0.0024 0.0156 0.0297
0.0042 0.0262 0.0247
0.0029 0.0285 0.0294
-0.0072 0.0265 0.0289
-0.0140 0.0242 0.0338
-0.0172 0.0319 0.0369
-0.0164 0.0577 0.0380
-0.0043 0.0568 0.0370
-0.0144 0.0538 0.0370
-0.0467 0.0641 0.0403
-0.0468 0.0640 0.0389
-0.0492 0.0863 0.0521
-0.0645 0.1141 0.0670
-0.0752 0.1139 0.0770
-0.0855 0.1110 0.1028
-0.1119 0.1230 0.1122
-0.1372 0.1315 0.1277
-0.1777 0.1445 0.1494
-0.1770 0.2142 0.1888
-0.1762 0.2572 0.2143
-0.1911 0.3742 0.2793
-0.2762 0.5092 0.3186
-0.3246 0.5133 0.3609
-0.3645 0.5042 0.4325
-0.3879 0.5284 0.4629
-0.3994 0.5838 0.4943
-0.4044 0.7168 0.5785
-0.4572 0.8934 0.6402
-0.5180 1.0099 0.6746
-0.6797 1.2014 0.8026
-0.8449 1.3456 0.8791
-0.9377 1.3951 0.9226
-1.0660 1.4568 0.9809
-1.1508 1.5600 1.0119
-1.2288 1.6529 1.0324
-1.4603 1.8649 1.0740
-1.6979 1.9285 1.1247
-1.8120 1.8827 1.1405
-2.0055 1.7204 1.2457
-2.1004 1.6107 1.2506
-2.1235 1.2388 1.2741
-2.0364 0.9786 1.3211
-2.0348 0.9232 1.3133
-2.0255 0.7604 1.2368
-1.9500 0.4363 1.1622
-1.9021 0.1928 1.2783
-1.7901 -0.0212 1.1618
-1.6655 -0.3636 1.0621
-1.6901 -0.4115 1.0240
-1.8195 -0.5178 0.9566
-1.8585 -0.5079 0.9090
-1.7726 -0.4562 0.8867
-1.4922 -0.3506 0.8171
-1.2870 -0.2968 0.7179
-1.2618 -0.2857 0.6783
-1.3382 -0.2412 0.6702
-1.3681 -0.1105 0.6897
-1.3608 -0.0359 0.6903
-1.2906 0.1091 0.6010
-1.0881 0.2637 0.5739
-0.9631 0.3112 0.5715
-0.8021 -0.2307 0.6235
-0.5433 0.1090 0.6490
-0.3820 0.0669 0.5797
-0.0154 0.0764 0.8507
0.2192 0.0787 0.8224
0.6140 -0.3318 0.6507
0.5895 -0.8255 0.7930
0.5425 -0.8957 0.7515
0.5836 -1.0016 0.4990
0.5841 -1.1199 0.2608
0.5852 -1.0859 0.2481
0.6346 -0.9592 0.2389
0.6828 -0.6882 0.2798
0.6383 -0.5820 0.3277
0.3898 -0.4943 0.3852
-0.0407 -0.6151 0.2942
-0.2386 -0.6465 0.2399
-0.3897 -0.5528 0.1631
-0.1956 -0.1699 0.1855
-0.0360 0.1133 0.2713
0.1937 0.6410 0.5176
0.2217 0.9340 0.6671
0.1581 0.9903 0.6803
-0.0557 1.0367 0.6907
-0.0142 0.9405 0.5820
0.0597 0.7056 0.5169
0.1753 0.2356 0.4758
0.1929 -0.1404 0.3821
0.1617 -0.3017 0.3026
0.0986 -0.5443 0.1820
0.0863 -0.5004 0.2035
0.1314 -0.3619 0.2676
0.2141 0.1244 0.5565
0.2476 0.3198 0.6638
0.2401 0.4298 0.6875
0.1235 0.4244 0.5401
0.0407 0.4088 0.4662
-0.1306 0.2995 0.3841
-0.3049 0.2053 0.3289
-0.4926 0.0672 0.3070
-0.7291 -0.3398 0.3405
-0.7982 -0.6070 0.3146
-0.7791 -0.6460 0.2790
-0.6658 -0.4533 0.1712
-0.6380 -0.2882 0.0700
-0.6620 -0.0914 -0.0103
-0.7620 0.0290 0.0346
-0.7998 0.0729 0.0625
-0.7964 0.1067 0.1392
-0.6712 0.1003 0.2381
-0.5698 0.1274 0.2817
-0.3189 0.2507 0.3286
-0.0939 0.4401 0.3643
-0.0125 0.4913 0.3943
0.0933 0.4814 0.4785
0.1583 0.4326 0.5440
0.1789 0.4204 0.5476
0.2002 0.4274 0.5618
0.2011 0.3833 0.6039
0.2103 0.3363 0.6319
0.2500 0.2291 0.6950
0.2873 0.1959 0.7091
0.3816 0.1963 0.7058
0.4706 0.2621 0.6638
0.5085 0.2816 0.6390
0.5563 0.3491 0.5920
0.5715 0.4855 0.5518
0.5344 0.4694 0.5036
0.2183 0.1151 0.3602
-0.1710 -0.2543 0.2812
-0.2473 -0.3033 0.2528
-0.1230 0.0015 0.3712
0.3298 0.6097 0.6646
0.6218 0.8836 0.8154
1.0970 1.1659 1.1109
1.3544 0.7864 1.1902
1.2917 0.3428 1.1207
0.9030 -0.5303 0.9701
0.4289 -0.7854 0.7265
0.2101 -0.7067 0.5850
-0.0979 -0.4140 0.2841
-0.2891 -0.2662 0.0241
-0.3529 -0.2122 -0.0489
-0.3591 -0.0974 -0.0770
-0.1561 0.0896 -0.0029
-0.0120 0.2196 0.0346
0.2544 0.4455 0.1061
0.4070 0.4118 0.1979
0.4249 0.3306 0.2431
0.3635 0.1287 0.2978
0.3100 0.0393 0.2945
0.1816 -0.0635 0.2354
0.0368 -0.0231 0.1409
-0.0271 0.0417 0.0883
-0.1488 0.1498 -0.0344
-0.2611 0.1783 -0.1391
-0.2860 0.1809 -0.1824
-0.2756 0.1944 -0.2879
-0.2394 0.1864 -0.3204
-0.2127 0.1475 -0.3064
-0.1126 0.0674 -0.2644
0.0093 -0.0057 -0.2320
0.0733 -0.0512 -0.2252
0.1805 -0.1089 -0.2420
0.2374 -0.0010 -0.2813
0.2379 0.0653 -0.2902
0.2466 0.0955 -0.3148
0.3061 -0.0341 -0.3580
0.3349 -0.1281 -0.3915
0.3654 -0.2857 -0.4718
0.3356 -0.3935 -0.5655
0.2659 -0.4403 -0.6341
-0.0317 -0.5930 -0.8685
-0.3729 -0.6987 -1.1416
-0.4500 -0.6398 -1.2380
-0.3231 -0.2166 -1.1945
-0.1067 0.1137 -1.0489
0.4789 0.6986 -0.5748
0.9288 0.8777 -0.1090
1.0956 0.7217 0.0541
1.2472 0.0939 0.0389
0.9403 -0.6758 -0.3754
0.6524 -0.8200 -0.6515
-0.0685 -0.6498 -1.2143
-0.7188 -0.0876 -1.5888
-0.9516 0.2103 -1.6933
-1.1405 0.7663 -1.6910
-1.0767 1.0340 -1.3497
-0.9609 1.0617 -1.1024
-0.6237 0.9070 -0.6005
-0.2785 0.5785 -0.1687
-0.1521 0.3764 -0.0019
-0.0477 -0.0654 0.2449
-0.1190 -0.3900 0.4455
-0.1767 -0.4875 0.5378
-0.2680 -0.5441 0.6801
-0.2769 -0.4863 0.7647
-0.2464 -0.4170 0.7750
-0.1432 -0.1420 0.7555
-0.0560 0.1105 0.7373
-0.0545 0.2056 0.7308
-0.1030 0.3347 0.6919
-0.1092 0.4081 0.6744
-0.0859 0.4342 0.6751
-0.0379 0.4186 0.6721
-0.0219 0.3644 0.6733
-0.0310 0.2000 0.6400
-0.0273 0.0435 0.6311
0.0555 -0.0787 0.7023
0.1366 -0.1266 0.7430
0.3499 -0.2065 0.8074
0.4626 -0.2288 0.8373
0.5935 -0.2357 0.8943
0.5963 -0.0753 0.8962
0.5582 0.0079 0.8806
0.3298 -0.1035 0.7824
0.1117 -0.3485 0.5914
0.1482 -0.3824 0.4778
0.4927 -0.2444 0.3578
1.0966 0.0858 0.4906
1.4240 0.2539 0.5944
1.9277 0.4169 0.7922
2.0781 0.2442 0.8973
2.0264 0.0837 0.9027
1.7979 -0.2119 0.8845
1.5064 -0.5533 0.7884
1.2979 -0.6614 0.7657
0.8841 -0.7137 0.6042
0.4059 -0.8042 0.2564
0.1783 -0.7550 0.0873
-0.2830 -0.4606 -0.2273
-0.6909 -0.3859 -0.4621
-0.8639 -0.4415 -0.5668
-1.0082 -0.5832 -0.6994
-0.9312 -0.5756 -0.7122
-0.6037 -0.1614 -0.6559
-0.2781 0.3919 -0.4949
-0.1639 0.5593 -0.4104
-0.0624 0.6468 -0.3009
-0.1008 0.5706 -0.2458
-0.1316 0.5135 -0.2434
-0.2548 0.3856 -0.2524
-0.4579 0.2380 -0.2354
-0.5642 0.1574 -0.2190
-0.6980 -0.0140 -0.1796
-0.6909 -0.2018 -0.1466
-0.6388 -0.2888 -0.1419
-0.4833 -0.4337 -0.1506
-0.3621 -0.4837 -0.1613
-0.3147 -0.4628 -0.1620
-0.1909 -0.2939 -0.1440
-0.0243 0.0304 -0.0743
0.0397 0.1977 -0.0337
0.1078 0.3757 0.0653
0.1547 0.3655 0.1370
0.1622 0.3110 0.1530
0.1586 0.1651 0.1926
0.1361 0.0641 0.2049
0.1195 0.0121 0.2166
0.1090 -0.1200 0.2891
0.1383 -0.2783 0.3456
0.1700 -0.2960 0.3471
0.2293 -0.2420 0.2977
0.2185 -0.2458 0.2287
0.1032 -0.3867 0.0030
-0.0297 -0.5550 -0.3016
-0.0327 -0.5284 -0.4289
0.1991 -0.2471 -0.5368
0.7322 0.2186 -0.4588
1.0497 0.4800 -0.3850
1.5870 0.7581 -0.2072
1.8860 0.5100 -0.1091
1.9262 0.1820 -0.1248
1.5664 -1.3317 -0.5761
1.3376 -1.6747 -0.8479
0.7269 -2.0832 -1.3095
0.1966 -1.9269 -1.6620
0.0284 -1.6883 -1.7897
-0.1384 -0.9359 -1.8462
-0.1490 -0.1515 -1.6799
-0.1332 0.0958 -1.5446
-0.0693 0.1561 -1.2585
0.0699 -0.0439 -1.0814
0.1553 -0.1850 -1.0213
0.2681 -0.3923 -0.8767
0.1902 -0.5384 -0.7074
0.1403 -0.5461 -0.6396
0.0618 -0.4546 -0.5980
0.0317 -0.3604 -0.5946
-0.0254 -0.1688 -0.5323
-0.0300 -0.0636 -0.3939
-0.0032 -0.0508 -0.3130
0.0727 -0.0732 -0.1639
0.1592 -0.1171 -0.0726
0.1765 -0.1363 -0.0576
0.0964 -0.2179 -0.1360
-0.0912 -0.3509 -0.2671
-0.1606 -0.4111 -0.3245
-0.1408 -0.3602 -0.4616
-0.0140 -0.0104 -0.5973
0.0277 0.1809 -0.6139
0.0078 0.3150 -0.5882
-0.0697 0.2249 -0.5458
-0.0741 0.1542 -0.5160
0.0822 0.0877 -0.4342
0.3472 0.1217 -0.3592
0.4533 0.1277 -0.3237
0.4480 -0.0523 -0.2726
0.1151 -0.5107 -0.3960
-0.1359 -0.7191 -0.6753
-0.2840 -0.7806 -1.0242
-0.3238 -0.7542 -1.1884
-0.3288 -0.6187 -1.4291
-0.1863 -0.4376 -1.5575
-0.0701 -0.3606 -1.6097
0.1469 -0.3594 -1.7565
0.2066 -0.4575 -1.8339
0.2436 -0.6987 -1.9801
0.2455 -0.9249 -2.1116
0.2558 -0.9892 -2.1785
0.2886 -1.1002 -2.3237
0.2954 -1.2394 -2.4392
0.2810 -1.2947 -2.4935
0.2284 -1.3553 -2.5699
0.1545 -1.4442 -2.6638
0.1120 -1.4732 -2.7370
0.0320 -1.5057 -2.9178
-0.0437 -1.4579 -3.0746
-0.0634 -1.3576 -3.1081
-0.0453 -1.1037 -3.0742
0.0151 -0.9244 -2.9716
0.0387 -0.8911 -2.9139
0.0244 -0.8927 -2.7790
-0.0782 -0.9904 -2.6106
-0.1287 -1.0552 -2.5116
-0.1848 -1.1689 -2.3126
-0.1652 -1.2297 -2.0951
-0.1077 -1.2558 -1.9949
0.0734 -1.2644 -1.8638
0.1815 -1.1865 -1.8211
0.1982 -1.1396 -1.8162
0.2249 -0.9593 -1.8396
0.2628 -0.8476 -1.8549
0.3761 -0.5996 -1.8822
0.4357 -0.3648 -1.8688
0.4269 -0.2821 -1.8546
0.3758 -0.2092 -1.8404
0.3204 -0.2289 -1.8170
0.3033 -0.2741 -1.7851
0.2646 -0.3422 -1.7170
0.2236 -0.3377 -1.6518
0.2069 -0.3016 -1.6058
0.1760 -0.2209 -1.5031
0.1724 -0.2076 -1.4212
0.1714 -0.2273 -1.3821
0.1378 -0.2836 -1.3145
0.0707 -0.3063 -1.2345
0.0455 -0.3137 -1.1833
0.0622 -0.2927 -1.0782
0.1355 -0.2511 -1.0105
0.1827 -0.2150 -1.0024
0.2697 -0.1508 -0.9861
0.2610 -0.1708 -0.9128
0.2561 -0.1969 -0.8433
0.3071 -0.3810 -0.6622
0.3712 -0.7675 -0.4514
0.3822 -1.0343 -0.4022
0.2415 -1.7285 -0.4441
0.1611 -2.1222 -0.5300
0.2669 -2.1622 -0.5791
0.7890 -1.8553 -0.6039
1.1103 -1.5783 -0.5730
1.5269 -1.1081 -0.4837
1.3653 -1.1338 -0.4429
1.1126 -1.2622 -0.4615
0.4441 -1.5292 -0.6180
-0.2695 -1.6723 -0.8798
-0.5758 -1.6896 -1.0033
-1.0112 -1.7624 -1.2278
-1.0552 -1.6410 -1.3884
-0.9052 -1.4241 -1.4189
-0.4651 -0.7587 -1.3429
-0.0647 -0.0852 -1.1806
0.0558 0.1226 -1.1227
0.0892 0.3263 -1.0825
-0.0234 0.4091 -1.0813
-0.0822 0.4471 -1.0975
-0.1873 0.4526 -1.1536
-0.2998 0.3962 -1.1720
-0.3485 0.3649 -1.1699
-0.3903 0.2394 -1.1245
-0.3673 0.1098 -1.0541
-0.3525 0.0892 -1.0455
-0.3510 0.1159 -1.0685
-0.3758 0.1165 -1.0823
-0.3854 0.1116 -1.0899
-0.3630 0.0966 -1.1182
-0.2895 0.0801 -1.1064
-0.2343 0.0561 -1.0817
-0.0776 -0.1019 -0.9696
0.0269 -0.2177 -0.8742
0.2926 -0.4607 -0.6705
0.5779 -0.6686 -0.5384
0.6926 -0.7605 -0.5217
0.8188 -0.9202 -0.5708
0.7504 -1.0501 -0.6881
0.6075 -1.0963 -0.7763
0.2064 -1.0261 -0.9653
-0.1280 -0.8375 -1.1648
-0.2391 -0.7963 -1.2632
-0.3840 -0.8313 -1.4419
-0.4597 -0.8335 -1.5009
-0.4077 -0.7697 -1.4571
-0.0572 -0.5167 -1.2316
0.4671 -0.2739 -0.8540
0.7064 -0.2437 -0.6687
0.9799 -0.4128 -0.3929
0.8708 -0.7391 -0.3540
0.6956 -0.8501 -0.4262
0.2198 -0.8446 -0.7273
-0.3818 -0.5440 -1.0241
-0.6530 -0.3067 -1.0818
-0.9699 0.1448 -1.0980
-0.9899 0.4783 -1.0306
-0.9161 0.6323 -0.9605
-0.7476 0.7434 -0.7895
-0.7122 0.7123 -0.7065
-0.7697 0.5599 -0.5552
-0.8837 0.3428 -0.4379
-0.9228 0.2399 -0.4028
-0.9470 0.1197 -0.3120
-0.8965 0.0986 -0.1362
-0.8391 0.1248 -0.0135
-0.6588 0.2202 0.2612
-0.3926 0.2298 0.5250
-0.2329 0.2078 0.6437
0.0520 0.1256 0.8314
0.2905 0.0475 0.9483
0.4072 0.0115 0.9553
0.6247 0.0182 0.8415
0.6895 0.0891 0.6963
0.6572 0.1175 0.6232
0.5484 0.1115 0.4800
0.4559 0.0574 0.2751
0.4067 0.0557 0.1575
0.2896 0.1252 -0.0175
0.2132 0.1873 -0.0700
0.1929 0.1336 -0.0570
0.1606 -0.0898 -0.0203
0.1852 -0.1520 0.0468
0.2595 -0.0786 0.1122
0.4809 0.1680 0.2737
0.5778 0.3069 0.3561
0.6435 0.4291 0.5279
0.6390 0.4288 0.6721
0.6521 0.4595 0.7378
0.6662 0.5595 0.8806
0.4406 0.5508 1.0164
0.2288 0.3897 1.0553
-0.2158 0.1012 1.0552
-0.4916 -0.1404 0.9754
-0.5161 -0.2396 0.9466
-0.2816 -0.3046 0.9887
0.1797 0.0383 1.0883
0.4025 0.3225 1.1328
0.6607 0.7295 1.1843
0.7208 0.8118 1.2077
0.7119 0.8064 1.1962
0.7303 0.6851 1.1280
0.6823 0.3458 0.9416
0.6064 0.1600 0.8255
0.4218 -0.1771 0.6237
0.2797 -0.2640 0.5208
0.2515 -0.2020 0.4812
0.2391 0.0225 0.3759
0.1415 0.2713 0.2438
0.0744 0.3277 0.2008
-0.0311 0.2358 0.1283
-0.0593 0.0739 0.0129
-0.0449 -0.0050 -0.0272
-0.0088 -0.1029 -0.0705
0.0150 -0.2130 -0.0529
0.0321 -0.2738 -0.0274
0.0458 -0.3934 -0.0664
0.0059 -0.4728 -0.1558
-0.2444 -0.5224 -0.3535
-0.6438 -0.5456 -0.4911
-0.8371 -0.5593 -0.5540
-0.9935 -0.4723 -0.5544
-0.6748 -0.0509 -0.3561
-0.3729 0.2158 -0.1867
0.2066 0.5718 0.1971
0.4933 0.3329 0.5401
0.5201 0.0811 0.6516
0.4127 -0.4237 0.6829
0.1820 -0.5822 0.5232
0.0588 -0.5253 0.4116
-0.1487 -0.2594 0.2389
-0.3297 0.0772 0.1738
-0.4153 0.2325 0.1806
-0.4781 0.4555 0.2821
-0.3765 0.5097 0.4780
-0.2870 0.5015 0.6220
-0.1182 0.4978 0.9401
-0.0252 0.5293 1.2162
-0.0147 0.5263 1.3242
-0.0213 0.4634 1.4747
-0.0587 0.3964 1.5798
-0.0931 0.3923 1.6202
-0.1461 0.4077 1.7035
-0.1454 0.4175 1.7327
-0.1004 0.5195 1.7551
-0.0123 0.6062 1.7990
0.0369 0.6065 1.8220
0.1071 0.5400 1.8404
0.1826 0.5043 1.8020
0.2348 0.4873 1.7506
0.3436 0.5381 1.6093
0.3705 0.6495 1.5460
0.3631 0.7255 1.5466
0.3587 0.9429 1.5578
0.3622 1.0686 1.6022
0.3435 1.1065 1.6313
0.2188 1.0650 1.6990
0.0898 0.7942 1.8213
0.0139 0.5361 1.8436
-0.1419 0.1200 1.7658
-0.0991 0.0475 1.6942
0.0088 0.1555 1.6953
0.3114 0.5061 1.7436
0.5742 0.8468 1.7536
0.6274 0.9310 1.7183
0.5253 0.9203 1.5890
0.1869 0.7959 1.4043
0.0065 0.6869 1.2912
-0.3256 0.5413 0.9975
-0.5516 0.5261 0.7327
-0.6142 0.5581 0.6282
-0.6338 0.6519 0.4991
-0.5914 0.6877 0.4569
-0.4596 0.7303 0.4115
-0.3536 0.7357 0.3893
-0.3372 0.7460 0.3707
-0.3467 0.7966 0.2936
-0.4289 0.7739 0.2359
-0.4608 0.7300 0.2245
-0.3935 0.5336 0.2467
-0.2266 0.2454 0.2390
-0.1394 0.1296 0.2224
-0.0054 -0.0341 0.2013
-0.0152 -0.1713 0.1604
-0.0459 -0.2687 0.1470
-0.1267 -0.4482 0.1130
-0.2037 -0.4772 0.0750
-0.2445 -0.4691 0.0417
-0.3758 -0.5556 0.1168
-0.3059 -0.3797 0.1764
-0.1966 -0.3172 0.1250
0.1140 -0.1917 0.2839
0.3254 -0.1840 0.6331
0.2019 -0.0969 0.8254
-0.4749 -0.1108 1.1560
-1.3471 -0.1590 1.1476
-1.6486 -0.1926 0.9997
-1.4935 -0.1290 0.4907
-0.9948 -0.0047 0.1918
0.1214 0.0721 0.0377
0.4931 -0.0855 0.5601
0.3468 -0.1179 0.8001
-0.0302 0.0391 0.9512
-0.1032 0.2859 0.8624
-0.0635 0.3803 0.7803
0.0655 0.4124 0.6409
0.1859 0.3097 0.5133
0.2537 0.3047 0.4625
0.3549 0.3532 0.3905
0.2918 0.3489 0.3821
0.2209 0.3544 0.4005
0.1025 0.3812 0.4626
0.0709 0.3064 0.4706
0.0643 0.2100 0.4697
0.1423 0.0656 0.4765
0.2564 0.0229 0.4895
0.3055 0.0339 0.5055
0.4169 0.0738 0.5743
0.5733 0.0361 0.6398
0.6607 0.0059 0.6331
0.7796 -0.0219 0.5927
0.6506 0.0043 0.5326
0.4693 0.0359 0.5145
0.0529 0.0236 0.5351
-0.1087 -0.1301 0.5439
-0.0749 -0.0690 0.4929
0.0786 0.2134 0.3696
0.1157 0.4017 0.3442
0.1055 0.8543 0.4284
0.0715 1.0821 0.6023
0.0979 1.1021 0.6786
0.2488 0.9686 0.7571
0.5197 0.8628 0.7320
0.6969 0.8879 0.7149
0.9900 0.9794 0.7493
1.0684 0.8655 0.8637
1.0195 0.7525 0.9048
0.8246 0.4512 0.9107
0.9243 0.3295 0.7016
1.0654 0.4540 0.5081
1.1767 0.5583 0.1721
1.0374 0.4743 0.1145
0.8974 0.4124 0.1345
0.8069 0.3548 -0.1652
1.1312 0.9898 -0.4680
1.2555 0.8099 -0.4563
1.3513 0.5970 -0.3232
1.3483 0.1711 -0.1852
1.3584 0.0018 -0.1130
1.4048 -0.2722 0.0685
1.3004 -0.3932 0.2040
1.2117 -0.4385 0.2552
1.0289 -0.4653 0.2540
0.8520 -0.3613 0.1967
0.7645 -0.3167 0.2257
0.7522 -0.1951 0.2474
0.7612 -0.0988 0.1952
0.7182 0.0356 0.0635
0.6551 0.1381 0.0571
0.5864 0.1634 0.0350
0.4026 0.1463 0.0027
0.2550 0.0341 0.0656
0.2397 -0.0197 0.0651
0.2639 -0.0644 -0.0194
0.2321 -0.1150 0.0071
0.1800 -0.1773 0.0352
0.1259 -0.0962 0.0090
0.2017 0.0485 -0.0532
0.2615 0.1048 -0.0491
0.2845 0.1857 0.0100
0.1477 0.1861 0.0558
0.1144 0.2202 0.0797
0.1583 0.2456 0.0737
0.1838 0.2410 0.0368
0.1775 0.2534 0.0384
0.1725 0.3172 0.0529
0.1977 0.2884 0.0621
0.1976 0.2347 0.0634
0.1696 0.1643 0.0626
0.1592 0.1675 0.0466
0.1572 0.1796 0.0453
0.1233 0.2284 0.0348
0.1040 0.2325 0.0313
0.0824 0.1805 0.0403
0.0311 0.1024 0.0555
-0.0057 0.0847 0.0475
-0.1003 0.0816 0.0406
-0.1313 0.0735 0.0502
-0.1408 0.0834 0.0513
-0.1304 0.0716 0.0712
-0.1681 0.0492 0.0852
-0.1814 0.0665 0.0975
-0.1592 0.1036 0.0993
-0.1270 0.0719 0.0734
-0.1081 0.0457 0.0635
-0.0716 0.0182 0.0546
-0.0397 0.0179 0.0381
-0.0260 0.0181 0.0301
-0.0191 0.0400 0.0156
-0.0135 0.0263 0.0029
0.0041 0.0127 -0.0027
0.0229 0.0223 -0.0135
0.0149 0.0335 -0.0129
0.0030 0.0439 -0.0129
-0.0060 0.0384 -0.0103
0.0001 0.0296 -0.0224
0.0025 0.0410 -0.0320
0.0064 0.0502 -0.0309
0.0194 0.0186 -0.0318
0.0429 0.0006 -0.0263
0.0901 -0.0292 -0.0128
0.0843 -0.0275 -0.0123
0.0456 -0.0020 -0.0101
0.0236 -0.0237 -0.0151
0.0284 -0.0326 -0.0117
0.0648 -0.0377 -0.0121
0.0806 -0.0187 -0.0245
0.0671 -0.0064 -0.0205
-0.0089 0.0182 -0.0154
-0.0801 0.0235 -0.0100
-0.1009 0.0098 -0.0115
-0.0793 -0.0078 0.0070
-0.0303 0.0090 0.0021
-0.0400 0.0272 -0.0008
-0.1024 0.0461 -0.0071
-0.1303 0.0874 -0.0091
-0.1233 0.0959 -0.0061
-0.1548 0.0697 -0.0164
-0.2233 0.0411 0.0025
-0.2337 0.0293 0.0076
-0.2170 0.0442 0.0013
-0.3001 0.1060 -0.0266
-0.3416 0.1006 -0.0181
-0.3858 0.0529 -0.0137
-0.3724 0.0401 -0.0086
-0.3781 0.0628 -0.0188
-0.3817 0.0656 -0.0124
-0.3665 0.0233 0.0023
-0.3637 0.0013 0.0011
-0.4037 -0.0056 -0.0026
-0.4111 -0.0084 -0.0066
-0.4270 0.0312 -0.0195
-0.4826 0.0961 -0.0102
-0.4972 0.1295 -0.0102
-0.4414 0.1620 -0.0118
-0.3854 0.1019 -0.0118
-0.4260 0.0550 -0.0155
-0.6154 -0.0342 -0.0177
-0.6636 -0.1060 -0.0018
-0.6275 -0.1309 -0.0082
-0.5648 -0.1216 -0.0027
-0.5583 -0.0485 -0.0259
-0.5685 -0.0235 -0.0468
-0.5339 -0.0271 -0.0220
-0.4369 -0.0191 -0.0247
-0.4004 -0.0140 -0.0138
-0.3804 -0.0002 0.0148
-0.4534 0.0675 0.0251
-0.5440 0.1169 0.0313
-0.7763 0.2228 0.0632
-1.0112 0.2882 0.0879
-1.1033 0.2608 0.1139
-1.1726 0.0451 0.1809
-1.3481 -0.2096 0.2114
-1.4565 -0.2769 0.2616
-1.6892 -0.1965 0.2810
-1.8509 -0.0474 0.2490
-2.3240 0.3896 0.0439
-2.6064 0.3487 -0.0228
-2.5446 0.2291 0.0553
-2.0038 0.1579 0.2623
-1.7699 0.2866 0.1928
-1.8323 0.4217 0.1521
-2.0397 0.7187 0.0173
-2.1098 0.7056 0.0158
-2.1359 0.4390 0.1285
-2.0377 0.0465 0.2055
-1.7791 -0.0662 0.2323
-1.6726 0.0039 0.2150
-1.7715 0.1103 0.1168
-2.3080 0.1937 0.0502
-2.6027 0.2427 0.0395
-2.8034 0.2054 0.0942
-2.5200 0.2381 0.0344
-2.3935 0.2527 -0.0302
-2.2664 0.4844 -0.0831
-2.2186 0.5485 0.0177
-2.2502 0.5196 0.0465
-2.3828 0.4239 0.0159
-2.5386 0.2851 0.0516
-2.5877 0.1945 0.0894
-2.4914 0.0787 0.1268
-2.4486 -0.0705 0.0612
-2.5402 -0.1165 0.0338
-2.6367 -0.1340 0.0339
-2.5941 -0.1798 -0.0009
-2.5190 -0.2590 -0.1293
-2.3208 -0.2574 -0.1634
-2.1346 -0.2757 -0.1394
-1.8056 -0.2697 -0.1684
-1.5919 -0.1959 -0.1382
-1.5440 -0.1841 -0.1246
-1.5148 -0.1187 -0.1300
-1.3482 -0.0861 -0.1274
-1.1580 -0.1168 -0.1017
-0.6444 -0.1311 -0.1341
-0.2099 -0.1999 -0.2160
0.0262 -0.2159 -0.1984
0.6326 -0.2313 -0.2162
1.3257 -0.3398 -0.2548
1.7195 -0.3869 -0.2522
2.5644 -0.2784 -0.2458
3.2103 -0.0437 -0.2311
3.4697 0.0463 -0.2027
4.0216 0.0235 -0.1924
4.4932 -0.0510 -0.0967
4.6276 -0.0335 -0.1085
4.6725 0.0575 -0.1232
4.5463 0.0317 -0.1137
4.4478 0.0588 -0.0950
4.2956 0.1329 -0.0517
4.1235 0.1703 0.0035
3.9722 0.2411 0.0278
3.6706 0.2419 0.1103
3.5775 0.1047 0.1590
3.6047 -0.1122 0.2505
3.5794 -0.2188 0.1876
3.4667 -0.2787 0.1557
3.0950 -0.4437 0.1278
2.7053 -0.3714 0.0765
2.5711 -0.2874 0.0344
2.3577 -0.0732 -0.0596
2.0097 0.0206 -0.1567
1.7791 -0.0145 -0.1780
1.3814 -0.1468 -0.1608
1.1685 -0.1297 -0.1637
1.1456 -0.1441 -0.1623
1.2345 -0.2626 -0.1754
1.2742 -0.3720 -0.1242
1.1958 -0.3622 -0.1249
0.9454 -0.3606 -0.1299
0.8399 -0.3407 -0.0698
0.7824 -0.2650 -0.0575
0.4574 0.0916 -0.0921
0.4234 -0.3345 -0.0940
0.4582 -0.3275 -0.1120
0.4982 -0.2326 -0.1655
0.4540 -0.0812 -0.0548
0.4018 -0.1723 -0.0550
0.4656 -0.2227 -0.0756
0.5632 -0.2122 -0.0991
0.7073 -0.1003 -0.1830
0.6536 -0.0751 -0.1817
0.5901 -0.0559 -0.1528
0.4613 -0.0328 -0.1173
0.3766 -0.0981 -0.1140
0.3287 -0.1217 -0.1299
0.3065 -0.0816 -0.1317
0.3612 -0.0188 -0.1067
0.3955 -0.0250 -0.0847
0.4411 -0.1348 -0.0470
0.5016 -0.2071 -0.0709
0.5183 -0.1736 -0.0898
0.5266 -0.0993 -0.0872
0.4744 -0.0858 -0.0791
0.4162 -0.0321 -0.0692
0.3005 0.0724 -0.0508
0.2629 0.1016 -0.0511
0.2383 0.1236 -0.0604
0.2075 0.1216 -0.0717
0.2192 0.0881 -0.0500
0.2200 0.0645 -0.0378
0.1841 0.0224 -0.0166
0.0981 -0.0064 -0.0010
0.0865 0.0155 0.0031
0.1308 0.0465 -0.0071
0.1825 0.0586 0.0051
0.1729 0.0550 0.0170
0.1307 0.0507 0.0292
0.1076 0.0487 0.0271
0.0875 0.0423 0.0243
0.1062 0.0507 0.0076
0.1244 0.0501 -0.0009
0.1489 0.0107 -0.0082
0.1491 -0.0106 0.0026
0.1470 -0.0192 0.0030
0.1422 -0.0131 -0.0193
0.1457 0.0031 -0.0124
0.1384 0.0051 -0.0090
0.1456 -0.0001 0.0062
0.1367 0.0022 0.0110
0.1179 0.0051 0.0126
0.0668 0.0196 0.0039
0.0397 0.0271 0.0125
0.0581 0.0199 0.0228
0.0978 0.0263 0.0208
0.0664 0.0420 0.0152
0.0451 0.0524 0.0153
0.0212 0.0127 0.0212
0.0488 -0.0461 0.0213
0.0704 -0.0470 0.0179
0.0782 -0.0470 0.0236
0.0546 -0.0155 0.0367
0.0403 0.0356 0.0393
0.0195 0.1091 0.0392
0.0274 0.1114 0.0424
0.0544 0.0429 0.0392
0.0872 -0.0330 0.0248
0.0905 -0.0318 0.0210
0.0513 0.0306 0.0116
0.0134 0.0532 0.0017
0.0148 0.0486 0.0045
0.0449 0.0224 0.0133
0.0749 0.0102 0.0104
0.0784 0.0211 0.0058
0.0425 0.0446 0.0091
0.0085 0.0537 0.0249
0.0150 0.0450 0.0226
0.0469 0.0364 0.0156
0.0780 0.0286 0.0219
0.0730 0.0319 0.0319
0.0284 0.0373 0.0381
0.0076 0.0225 0.0265
0.0200 0.0118 0.0192
0.0493 -0.0176 0.0184
0.0545 -0.0014 0.0223
0.0417 0.0214 0.0151
0.0190 0.0364 0.0145
0.0319 0.0371 0.0169
0.0455 0.0288 0.0056
0.0656 -0.0016 -0.0002
0.0476 -0.0064 -0.0076
0.0393 0.0010 0.0008
0.0404 0.0105 0.0065
0.0390 0.0183 0.0031
0.0371 0.0012 0.0086
0.0398 0.0030 0.0145
0.0467 0.0126 0.0165
0.0607 -0.0058 0.0171
0.0429 0.0035 0.0109
0.0244 0.0078 0.0142
-0.0004 0.0018 0.0249
0.0106 -0.0018 0.0340
0.0307 -0.0033 0.0339
0.0507 0.0022 0.0257
0.0115 0.0064 0.0176
-0.0276 0.0104 0.0093
-0.0729 0.0039 0.0134
-0.0354 -0.0036 0.0176
-0.0138 0.0057 0.0090
-0.0095 0.0144 -0.0020
-0.0382 0.0312 0.0047
-0.0395 0.0420 0.0120
-0.0136 0.0426 0.0124
-0.0411 0.0393 0.0041
-0.0723 0.0327 0.0141
-0.0802 0.0178 0.0226
-0.0271 0.0115 0.0218
-0.0014 0.0124 0.0154
0.0183 0.0194 0.0116
0.0213 0.0297 0.0119
0.0286 0.0435 0.0076
0.0317 0.0421 0.0032
0.0298 0.0228 0.0076
0.0351 -0.0167 0.0154
0.0529 -0.0189 0.0024
0.0550 -0.0165 -0.0036
0.0370 0.0029 -0.0041
0.0388 0.0127 -0.0012
0.0505 0.0094 -0.0031
0.0487 -0.0092 0.0004
0.0232 -0.0095 0.0103
0.0154 -0.0054 0.0076
0.0112 0.0087 -0.0076
0.0056 0.0165 -0.0048
0.0090 0.0033 -0.0056
0.0301 -0.0013 -0.0078
0.0178 -0.0033 -0.0045
0.0126 -0.0042 -0.0026
0.0230 0.0046 -0.0037
0.0213 0.0298 -0.0069
0.0110 0.0415 -0.0041
-0.0067 0.0408 0.0018
0.0208 0.0060 0.0094
0.0418 -0.0093 0.0082
0.0687 -0.0005 0.0029
0.0549 0.0146 -0.0056
0.0373 0.0250 -0.0026
0.0162 0.0061 -0.0010
0.0212 -0.0055 -0.0034
0.0258 -0.0188 -0.0160
0.0296 -0.0134 -0.0108
0.0304 -0.0131 -0.0103
0.0141 0.0074 -0.0103
0.0062 0.0012 -0.0117
0.0168 0.0016 -0.0110
0.0265 0.0157 -0.0051
0.0258 0.0346 -0.0104
0.0293 0.0397 -0.0066
0.0364 0.0195 0.0008
0.0517 0.0252 0.0075
0.0525 0.0227 0.0083
0.0489 0.0231 0.0065
0.0414 0.0044 -0.0044
0.0175 0.0008 -0.0047
-0.0085 0.0239 0.0066
0.0319 0.0190 0.0020
0.0580 0.0158 0.0064
0.0563 0.0052 0.0016
-0.0015 0.0126 0.0090
-0.0144 0.0007 0.0147
-0.0083 -0.0204 0.0138
0.0137 -0.0172 0.0163
0.0221 -0.0057 0.0123
0.0291 0.0298 0.0067
0.0167 0.0174 0.0141
0.0188 0.0004 0.0159
0.0248 -0.0315 0.0135
0.0212 -0.0328 0.0039
0.0045 -0.0134 -0.0003
0.0337 0.0116 -0.0083
0.0618 0.0244 -0.0141
0.0704 0.0007 -0.0102
0.0215 -0.0165 -0.0029
0.0029 -0.0148 -0.0022
0.0069 0.0000 -0.0010
0.0434 -0.0003 -0.0026
0.0472 0.0002 -0.0085
0.0221 -0.0120 -0.0025
0.0051 -0.0324 -0.0027
0.0023 -0.0260 -0.0010
0.0081 -0.0077 -0.0031
0.0138 -0.0046 0.0019
0.0147 0.0048 0.0031
0.0336 0.0126 0.0007
0.0343 -0.0083 0.0038
0.0224 -0.0106 0.0013
-0.0045 -0.0032 -0.0078
0.0125 -0.0108 -0.0062
0.0248 -0.0177 -0.0080
0.0369 -0.0157 -0.0091
0.0057 0.0092 -0.0106
-0.0101 0.0168 -0.0057
0.0079 0.0062 0.0040
0.0440 0.0051 0.0075
0.0481 0.0042 0.0047
0.0166 -0.0027 0.0056
-0.0042 -0.0105 0.0111
-0.0062 0.0039 0.0116
0.0369 0.0115 -0.0006
0.0449 0.0082 -0.0012
0.0240 0.0077 -0.0045
0.0121 0.0020 0.0028
0.0155 0.0134 0.0020
0.0416 0.0249 0.0138
0.0510 0.0268 0.0079
0.0368 0.0213 0.0059
-0.0027 -0.0050 0.0195
-0.0091 -0.0015 0.0205
0.0023 -0.0005 0.0163
0.0140 -0.0150 0.0087
0.0182 -0.0104 0.0156
0.0120 0.0158 0.0129
-0.0019 0.0374 0.0124
0.0062 0.0225 0.0142
-0.0070 0.0409 0.0114
-0.0313 0.1122 0.0045
0.0399 0.0458 0.0109
0.0565 0.0081 0.0187
-0.0080 0.0088 0.0289
-0.0213 0.0339 0.0163
-0.0004 0.0193 0.0003
0.0416 -0.0157 0.0096
0.0405 -0.0238 0.0125
0.0101 0.0209 0.0131
-0.0073 0.0218 0.0157
-0.0119 0.0068 0.0050
-0.0218 0.0167 0.0032
0.0054 0.0032 -0.0050
0.0162 -0.0137 -0.0062
0.0109 0.0059 -0.0027
0.0106 0.0095 -0.0077
0.0141 0.0089 -0.0029
0.0303 0.0005 -0.0008
0.0310 0.0208 0.0061
0.0154 0.0252 0.0138
0.0038 0.0148 0.0294
0.0171 -0.0078 0.0119
0.0240 -0.0140 0.0028
0.0190 -0.0096 -0.0067
0.0072 0.0145 -0.0061
0.0115 0.0180 -0.0027
0.0270 0.0176 0.0013
0.0258 0.0325 -0.0010
0.0203 0.0230 -0.0024
0.0084 0.0071 0.0003
0.0281 -0.0004 0.0018
0.0396 0.0155 0.0041
0.0415 0.0203 0.0005
0.0237 0.0138 0.0076
0.0058 0.0022 0.0011
-0.0067 0.0050 0.0052
-0.0012 0.0095 0.0034
0.0330 0.0040 0.0036
0.0424 0.0134 -0.0009
0.0352 0.0266 0.0011
0.0144 0.0236 -0.0033
0.0067 0.0177 0.0022
0.0111 0.0150 0.0037
0.0094 0.0194 -0.0019
0.0098 0.0244 -0.0067
0.0115 0.0303 -0.0091
0.0215 0.0340 -0.0012
0.0240 0.0419 -0.0058
0.0570 0.1016 -0.0217
0.0490 0.0200 -0.0286
-0.0358 -0.0049 0.0077
-0.0802 -0.0022 0.0158
-0.0836 0.0429 0.0364
0.0442 0.0793 -0.0117
0.1092 0.0842 -0.0295

