-0.1680 -0.6358 0.5075
-0.3044 -0.6131 0.5338
-0.2415 -0.6384 0.4410
-0.0577 -0.6471 0.6481
-0.2855 -0.6063 0.4135
-0.2133 -0.6202 0.5305
-0.2496 -0.6203 0.4768
-0.3587 -0.5920 0.4967
-0.4085 -0.5699 0.4305
-0.3746 -0.5986 0.5256
-0.1973 -0.6264 0.7013
-0.1670 -0.6302 0.7064
-0.1892 -0.6513 0.7488
-0.3284 -0.6091 0.5415
-0.3998 -0.5846 0.3903
-0.1973 -0.6184 0.6625
-0.3789 -0.6539 0.5415
-0.2002 -0.6432 0.5865
0.1271 -0.2530 0.1165
0.0966 -0.2073 0.2275
0.0355 -0.2471 0.2232
0.1398 -0.1475 0.1257
-0.2472 -0.3514 0.3957
0.0649 -0.3578 0.0873
-0.1344 -0.3549 0.3086
0.1208 -0.6454 0.7305
-0.0246 -0.5828 0.7665
-0.1051 -0.6507 0.7779
-0.1740 -0.5677 0.6684
-0.4294 -0.6515 0.7760
-0.3929 -0.6353 0.6851
-0.6398 -0.6420 0.6528
0.0800 -0.5925 0.8044
-0.2364 -0.5498 0.4884
0.0603 -0.2258 0.5452
0.1301 -0.1630 0.2305
0.0868 -0.1999 0.1337
0.0558 -0.5665 0.6007
-0.3412 -0.6223 0.5999
-0.3061 -0.5657 0.5462
-0.2004 -0.5517 0.4703
-0.1611 -0.5299 0.4153
-0.0001 -0.5669 0.5401
0.0189 -0.5709 0.7827
-0.2296 -0.5434 0.5833
0.0721 -0.1399 0.1464
0.1305 -0.0918 0.1172
-0.1917 -0.5756 0.4186
-0.2159 -0.6282 0.6718
-0.2694 -0.5694 0.5852
0.1312 -0.0870 0.1225
-0.1899 -0.5818 0.4275
0.0747 -0.6384 0.8920
-0.5328 -0.6226 0.4668
-0.0720 -0.6388 0.8627
-0.1367 -0.5929 0.4927
0.0876 -0.6536 0.7993
-0.3287 -0.6500 0.8135
-0.4462 -0.6362 0.4369
0.0619 -0.6239 0.8962
-0.2067 -0.6635 0.8611
-0.4257 -0.6308 0.7891
-0.2656 -0.6650 0.4749
-0.0312 -0.5704 0.6076
-0.0440 -0.6417 0.6545
-0.5097 -0.5873 0.6567
0.0055 -0.6418 0.8882
-0.4339 -0.6168 0.3464
-0.2035 -0.5748 0.4127
-0.2387 -0.6646 0.4765
-0.0208 -0.6434 0.6164
-0.3084 -0.6288 0.3921
0.0287 -0.3631 0.4707
-0.5805 -0.6527 1.2991
-0.2100 -0.6521 1.1699
-0.5901 -0.6724 0.9434
-0.3304 -0.6522 1.0856
-0.0336 -0.6283 0.8348
-0.1700 -0.6433 0.9769
-0.0556 -0.6663 0.7108
-0.1653 -0.6332 0.7488
-0.4749 -0.6468 0.8252
-0.5562 -0.6671 0.6795
-0.3595 -0.6429 0.5515
0.0438 -0.5800 0.8263
-0.1311 -0.6526 0.7706
-0.0642 -0.6569 0.6074
0.1230 -0.6461 0.7280
0.2422 -1.1259 0.7552
0.2786 -1.0891 0.7714
0.0489 -0.6547 0.9414
-0.1583 -0.6620 1.0647
-0.3077 -0.6407 0.5570
-0.2986 -0.6306 0.4432
-0.4141 -0.6387 0.5408
-0.5601 -0.6501 0.6329
-0.2375 -0.6468 0.4598
-0.0314 -0.6454 1.0658
0.2569 -1.0923 0.6530
-0.3415 -0.6007 0.6788
0.2369 -1.2143 0.7559
-0.3300 -0.6532 0.9360
-0.5464 -0.6575 0.5064
0.1361 -0.0398 0.1369
-0.2318 -0.6539 0.9758
-0.6564 -0.6639 0.8764
-0.0887 -0.6446 0.5784
0.1247 -0.0142 0.1366
0.1250 -0.0126 0.1386
-0.7450 -0.6449 0.7743
-0.6523 -0.6221 0.6594
-0.5583 -0.6142 0.5346
-0.6173 -0.6207 0.6357
0.0777 -0.6157 0.8621
-0.5127 -0.6262 0.4894
0.1204 -0.5950 0.6817
-0.4350 -0.6396 0.7976
-0.3466 -0.6404 0.5877
-0.3924 -0.5775 0.8925
0.0113 -0.6173 0.8577
-0.3721 -0.6457 0.6104
0.0049 -0.6241 0.8503
-0.3922 -0.6150 0.7455
-0.3814 -0.6691 0.6944
-0.4004 -0.6197 0.6042
-0.4586 -0.6222 0.4821
-0.0490 -0.6298 0.8275
-1.5892 -0.6989 1.4223
-0.2415 -0.5697 0.9169
-0.2803 -0.5837 0.9878
-0.7421 -0.6544 1.2167
0.0529 -0.6219 0.8985
0.1531 -0.6092 0.7317
-0.6987 -0.6858 2.2098
-1.5890 -0.7336 1.5049
-0.2197 -0.6193 0.4441
-1.6344 -0.7462 1.4561
-0.1495 -0.6012 0.7158
-0.5605 -0.6674 0.6802
-0.4635 -0.6430 0.5426
-0.0992 -0.6011 0.6798
-0.4465 -0.5705 0.4225
-0.6143 -0.6187 0.6351
-0.1462 -0.6107 0.5069
-0.3460 -0.5781 0.6372
-0.0578 -0.6389 0.8863
-0.2197 -0.5789 0.4745
-0.5352 -0.6254 0.4685
-0.4115 -0.6345 0.6148
-0.3792 -0.6186 0.5725
-0.4539 -0.5662 0.4247
-0.0987 -0.6298 0.7545
0.0338 -0.6219 0.9066
-0.5146 -0.6220 0.5994
0.0506 -0.6410 0.9222
0.0073 -0.6419 0.8862
-0.3092 -0.6276 1.0516
-0.2994 -0.6611 1.0391
-0.5265 -0.6410 0.4965
-0.1911 -0.4646 1.8205
0.0496 -0.6364 0.6714

