0.0000 0.0000 0.0000
0.0000 0.0000 0.0000
0.0000 0.0000 0.0000
0.0595 0.0629 -0.0047
0.0773 0.0711 -0.0282
0.0303 0.0454 -0.0441
0.0231 0.0552 -0.0452
0.0249 0.0246 -0.0246
0.0095 0.0022 0.0018
-0.0057 0.0118 0.0152
-0.0421 0.0201 0.0390
-0.0829 -0.0148 0.0631
-0.0882 -0.0243 0.0698
-0.0561 -0.0303 0.0785
-0.0561 -0.0303 0.0785
0.0101 -0.1077 0.0863
0.0524 -0.1582 0.0790
0.0719 -0.1656 0.0600
0.0853 -0.1201 0.0545
0.0941 -0.0536 0.0500
0.0842 -0.0633 0.0256
0.1078 -0.0625 0.0057
0.1549 -0.0370 -0.0190
0.1301 -0.0247 -0.0146
0.0593 -0.0271 0.0156
0.0294 -0.0251 0.0159
0.0166 0.0012 -0.0099
0.0327 0.0140 -0.0299
0.0672 -0.0141 -0.0500
0.0463 -0.0580 -0.0426
0.0321 -0.0728 -0.0425
0.0181 -0.0922 -0.0456
0.0139 -0.0969 -0.0374
0.0101 -0.0890 -0.0278
-0.0034 -0.0535 -0.0183
-0.0149 -0.0100 -0.0254
-0.0230 -0.0079 -0.0183
-0.0324 -0.0276 0.0009
-0.0950 -0.0999 0.0038
-0.0104 -0.0116 -0.0083
0.1397 0.0137 -0.0561
0.0804 -0.0049 -0.0314
0.0380 -0.0027 -0.0335
0.1071 0.0543 -0.0196
0.1799 0.0500 -0.0118
0.1268 0.0334 -0.0037
-0.0531 0.0390 0.0400
-0.1642 -0.0339 0.0245
-0.1413 -0.0255 0.0106
0.1056 0.0671 0.0097
0.2146 0.0837 0.0138
0.1490 0.0854 0.0219
-0.0810 0.0823 0.0322
-0.1116 0.0795 0.0153
-0.1123 0.0886 0.0010
-0.0566 0.0881 -0.0171
-0.0301 0.0857 -0.0231
-0.0331 0.0468 -0.0229
-0.0823 -0.0169 -0.0123
-0.0989 -0.0330 -0.0142
-0.0570 0.0291 -0.0512
0.0718 0.0588 -0.0690
0.1033 0.0343 -0.0623
0.0997 -0.0267 -0.0251
0.0752 -0.0269 -0.0102
0.0740 -0.0038 -0.0186
0.0723 0.0249 -0.0399
0.0566 0.0205 -0.0527
0.0358 0.0072 -0.0526
0.0125 -0.0057 -0.0357
-0.0035 0.0067 -0.0147
-0.0046 0.0280 -0.0051
-0.0056 0.0575 0.0210
-0.0154 0.0598 0.0268
-0.0264 0.0571 0.0214
-0.0409 0.0326 0.0098
-0.0443 0.0168 -0.0029
-0.0653 0.0044 -0.0083
-0.1031 0.0101 0.0110
-0.0881 0.0467 0.0213
-0.0758 0.0674 0.0131
-0.0748 0.0915 0.0410
-0.0801 0.0951 0.0683
-0.0952 0.0981 0.0945
-0.1478 0.0805 0.0676
-0.1791 0.0628 0.0637
-0.2145 0.0844 0.0548
-0.1575 0.0762 0.0517
-0.1000 0.0709 0.0536
0.0028 0.0906 0.0417
-0.0323 0.0673 0.0179
-0.0775 0.0380 0.0192
-0.1045 0.0201 0.0153
-0.0127 0.0580 -0.0060
0.0336 0.0620 -0.0148
0.0846 0.0363 -0.0120
0.0640 0.0076 -0.0012
0.0416 0.0039 -0.0046
0.0191 0.0353 0.0003
0.0122 0.0233 -0.0036
0.0112 0.0078 0.0005
0.0302 -0.0234 -0.0006
0.0530 -0.0101 0.0117
0.0549 0.0104 0.0185
0.0472 0.0261 0.0144
0.0445 0.0089 0.0044
0.0351 0.0009 0.0041
0.0222 0.0123 0.0123
0.0284 0.0329 0.0129
0.0307 0.0280 0.0139
0.0489 0.0143 0.0164
0.0583 0.0175 0.0147
0.0695 0.0399 0.0185
0.0393 0.0297 0.0208
0.0175 0.0255 0.0183
-0.0049 0.0248 0.0136
0.0153 0.0396 0.0030
0.0307 0.0465 0.0018
0.0419 0.0405 0.0006
0.0133 0.0257 0.0053
-0.0054 0.0178 0.0049
-0.0089 0.0023 0.0075
0.0258 -0.0086 0.0111
0.0285 -0.0009 0.0059
0.0017 0.0242 0.0002
-0.0345 0.0147 -0.0023
-0.0253 0.0005 0.0059
0.0257 0.0070 0.0097
0.0347 0.0064 -0.0062
0.0187 0.0087 -0.0014
-0.0021 0.0021 0.0017
0.0016 0.0060 0.0009
0.0010 0.0119 0.0008
0.0000 0.0170 -0.0020
0.0121 0.0124 0.0008
0.0225 0.0179 -0.0038
0.0158 0.0097 -0.0102
-0.0006 0.0025 -0.0091
-0.0193 0.0037 -0.0062
0.0020 0.0160 -0.0161
0.0151 0.0189 -0.0204
0.0202 0.0187 -0.0222
0.0021 0.0275 -0.0216
-0.0032 0.0210 -0.0179
0.0073 0.0044 -0.0083
0.0322 0.0127 -0.0053
0.0386 0.0169 -0.0134
0.0033 0.0124 -0.0132
-0.0182 0.0016 -0.0133
-0.0170 0.0054 -0.0167
-0.0005 0.0002 -0.0162
0.0181 -0.0079 -0.0139
0.0217 0.0028 -0.0214
0.0129 0.0112 -0.0169
0.0048 0.0135 -0.0106
-0.0032 0.0158 -0.0135
-0.0152 0.0060 -0.0070
-0.0150 0.0060 -0.0053
-0.0081 0.0094 -0.0087
-0.0126 0.0169 -0.0099
-0.0314 0.0308 -0.0093
-0.0346 0.0336 -0.0080
-0.0396 0.0348 -0.0138
-0.0511 0.0108 -0.0195
-0.0531 0.0123 -0.0168
-0.0364 0.0245 -0.0102
-0.0183 0.0345 -0.0041
-0.0289 0.0396 -0.0063
-0.0536 0.0377 -0.0171
-0.0602 0.0287 -0.0215
-0.0742 0.0062 -0.0196
-0.0719 -0.0136 -0.0124
-0.0540 -0.0108 -0.0115
-0.0275 -0.0214 -0.0088
-0.0267 -0.0229 0.0034
-0.0245 -0.0136 0.0085
-0.0081 0.0091 0.0029
0.0162 0.0155 -0.0036
0.0268 0.0046 -0.0027
0.0425 0.0047 -0.0068
0.0447 0.0122 -0.0053
0.0390 0.0257 0.0080
0.0360 0.0338 0.0129
0.0392 0.0253 0.0084
0.0446 0.0226 0.0076
0.0392 0.0194 -0.0003
-0.0046 0.0306 0.0024
-0.0186 0.0383 0.0061
-0.0069 0.0132 0.0089
0.0259 -0.0120 0.0037
0.0306 -0.0143 0.0046
0.0211 -0.0006 0.0105
0.0174 0.0041 0.0112
0.0264 0.0341 0.0117
0.0308 0.0247 0.0109
0.0312 0.0184 0.0076
0.0185 -0.0058 -0.0033
0.0098 -0.0104 0.0039
0.0085 0.0005 0.0009
0.0080 0.0175 0.0027
0.0137 0.0127 0.0092
0.0169 0.0110 0.0076
0.0054 0.0087 0.0056
-0.0037 -0.0078 0.0042
0.0012 -0.0199 -0.0001
0.0120 -0.0255 -0.0014
0.0124 0.0066 0.0057
0.0144 0.0122 0.0050
0.0208 0.0145 0.0141
0.0177 0.0113 0.0043
0.0204 0.0062 0.0044
0.0250 0.0004 0.0014
0.0309 0.0164 0.0025
0.0212 0.0304 0.0073
-0.0058 0.0198 0.0074
-0.0105 -0.0088 0.0095
-0.0023 -0.0095 0.0088
0.0097 -0.0069 0.0066
0.0126 0.0100 0.0082
0.0087 0.0157 0.0077
0.0105 0.0218 0.0074
0.0185 0.0197 0.0057
0.0214 0.0173 0.0080
0.0100 0.0052 0.0171
0.0145 -0.0005 0.0201
0.0173 -0.0191 0.0211
0.0272 -0.0156 0.0291
0.0354 -0.0124 0.0339
0.0450 0.0168 0.0339
0.0283 0.0383 0.0163
0.0116 0.0357 -0.0033
-0.0230 0.0109 0.0007
-0.0343 -0.0084 -0.0117
-0.0250 -0.0076 -0.0176
-0.0034 0.0015 -0.0047
-0.0236 -0.0023 0.0027
-0.0468 -0.0015 -0.0014
-0.0625 0.0160 0.0042
-0.0372 0.0249 -0.0186
-0.0255 0.0189 -0.0189
-0.0131 0.0097 -0.0082
0.0140 -0.0067 -0.0006
0.0310 -0.0120 0.0065
0.0538 -0.0219 0.0253
0.0606 -0.0253 0.0455
0.0642 -0.0270 0.0506
0.0428 -0.0863 0.0426
0.0235 -0.1370 0.0382
0.0291 -0.1955 0.0087
0.1270 -0.1428 -0.0185
0.2743 -0.0392 -0.0430
0.3184 0.0079 -0.0453
0.2822 0.0267 -0.0364
0.2284 0.0135 -0.0358
0.1059 0.0343 -0.0551
-0.0014 0.0751 -0.0537
-0.0346 0.1342 -0.0446
-0.0716 0.1240 -0.0307
-0.0815 0.0862 0.0016
-0.0978 0.0441 0.0103
-0.1441 0.0070 0.0305
-0.1694 -0.0019 0.0423
-0.1753 -0.0079 0.0445
-0.1847 -0.0341 0.0537
-0.1885 -0.1278 0.0200
-0.1845 -0.2298 -0.0198
-0.1113 -0.1686 -0.0522
-0.0805 -0.1133 -0.0458
-0.0836 -0.0589 -0.0195
-0.1130 0.0234 0.0064
-0.1463 0.0143 -0.0057
-0.1482 -0.0051 -0.0285
-0.1370 -0.0287 -0.0726
-0.1063 -0.0299 -0.0751
-0.0863 -0.0393 -0.0631
-0.0577 -0.0280 -0.0538
-0.0455 0.0048 -0.0483
-0.0497 0.0628 -0.0258
-0.0608 0.0306 -0.0185
-0.0500 -0.0053 -0.0159
0.0130 -0.0883 -0.0049
0.0815 -0.0830 0.0093
0.0881 -0.0586 0.0167
0.0491 0.0037 0.0364
0.0220 -0.0138 0.0310
0.0500 -0.0419 0.0302
0.1396 -0.1206 0.0445
0.2080 -0.0919 0.0523
0.1905 -0.0806 0.0552
0.0922 -0.0576 0.0627
0.0228 -0.0894 0.0390
0.0223 -0.1278 0.0180
0.0882 -0.1683 -0.0010
0.1884 -0.1220 -0.0384
0.2214 -0.0618 -0.0548
0.2347 0.0457 -0.0696
0.1658 0.1089 -0.1108
0.1094 0.1140 -0.1129
-0.0137 0.0572 -0.1002
-0.1312 0.0176 -0.0187
-0.1672 0.0077 0.0290
-0.1545 0.0289 0.1287
-0.1080 0.0610 0.1890
0.0071 0.1118 0.2719
0.0872 0.1280 0.2726
0.0982 0.1160 0.2494
0.0706 0.1189 0.2010
0.0171 0.1664 0.1061
-0.0320 0.1986 0.0876
-0.1323 0.1445 0.1257
-0.1056 0.1427 0.1876
-0.0604 0.1598 0.1960
0.0002 0.1149 0.2037
0.0343 0.0178 0.2099
0.0555 -0.0393 0.2055
0.1069 -0.0680 0.1849
0.1452 0.0380 0.1341
0.1385 0.0854 0.0944
0.0741 0.1660 0.0460
-0.0041 0.2191 0.0277
-0.0200 0.2359 0.0239
-0.0012 0.1959 0.0336
0.0601 0.1642 0.0515
0.0959 0.1573 0.0505
0.1167 0.1160 0.0396
0.0622 0.0701 0.0052
0.0073 0.0481 -0.0243
-0.1099 0.0175 -0.0661
-0.2091 -0.0066 -0.0915
-0.2264 0.0154 -0.0961
-0.2392 0.0592 -0.1184
-0.2290 0.0471 -0.1233
-0.1809 -0.0011 -0.1005
-0.0895 -0.0399 -0.0729
-0.0281 -0.0453 -0.0641
0.0736 -0.0177 -0.0602
0.0778 0.0641 -0.0663
0.0511 0.0946 -0.0734
-0.0102 0.1250 -0.1211
-0.0414 0.0808 -0.1865
-0.0404 0.0414 -0.2144
0.0020 -0.0357 -0.2552
0.0658 -0.1190 -0.2076
0.1151 -0.1281 -0.1509
0.2295 -0.1588 -0.0287
0.2524 -0.0910 0.0695
0.2109 -0.0389 0.0985
0.1025 0.0499 0.1312
0.0488 0.0049 0.0966
0.0534 -0.0512 0.0673
0.0910 -0.1647 0.0070
0.1015 -0.2273 0.0116
0.1009 -0.2111 0.0139
0.1225 -0.1622 0.0072
0.1363 -0.1420 0.0136
0.1203 -0.1384 0.0278
0.0343 -0.1412 0.0472
-0.0159 -0.1256 0.0490
-0.0939 -0.0656 0.0542
-0.0915 -0.0438 0.0680
-0.0807 -0.0625 0.0685
-0.1157 -0.0772 0.0523
-0.1172 -0.0828 0.0312
-0.0811 -0.0748 0.0218
-0.0019 -0.0390 0.0033
0.0044 -0.0364 0.0102
-0.0127 -0.0175 0.0113
-0.0539 0.0061 0.0120
-0.0551 0.1011 0.0211
-0.0485 0.1535 0.0190
-0.0411 0.2196 0.0401
-0.0641 0.2622 0.0429
-0.0782 0.2414 0.0385
-0.0899 0.2152 0.0527
-0.0606 0.2323 0.0595
-0.0550 0.2444 0.0575
-0.0449 0.2074 0.0475
-0.0218 0.1420 0.0208
-0.0226 0.1216 0.0174
-0.0232 0.0683 0.0319
-0.0170 0.0664 0.0368
-0.0272 0.0965 0.0488
-0.0411 0.1585 0.0850
-0.0449 0.1964 0.0799
-0.0552 0.1940 0.0947
-0.1158 0.1936 0.1142
-0.1541 0.1730 0.1125
-0.1777 0.1240 0.1237
-0.1216 0.0415 0.1214
-0.0779 -0.0120 0.1101
-0.0541 -0.1105 0.0859
-0.0689 -0.0979 0.0749
-0.0783 -0.0731 0.0472
-0.0726 -0.0806 -0.0026
-0.0751 -0.1440 -0.0321
-0.0778 -0.1482 -0.0369
-0.0503 -0.1148 -0.0418
0.0286 -0.1001 -0.0471
0.0676 -0.0831 -0.0500
0.1405 -0.0270 -0.0419
0.2051 0.0132 -0.0464
0.2270 0.0140 -0.0581
0.2555 -0.0038 -0.0677
0.2858 -0.0859 -0.0450
0.3118 -0.1177 -0.0445
0.3702 -0.0687 -0.0544
0.3800 -0.0003 -0.0392
0.3758 0.0288 -0.0218
0.3518 0.0611 -0.0085
0.3697 0.1840 0.0188
0.3789 0.2233 0.0080
0.2874 0.2809 0.0287
0.0262 0.2240 0.0082
-0.0645 0.1757 -0.0239
-0.0906 0.0331 -0.0725
-0.0476 -0.0311 -0.0825
0.0690 -0.1460 -0.1293
0.1066 -0.1488 -0.1800
0.0809 -0.1161 -0.1596
0.0176 -0.0317 -0.1087
-0.0554 0.0160 -0.1078
-0.0965 0.0127 -0.1045
-0.1385 0.0393 -0.0911
-0.0494 0.0655 -0.0743
0.0184 0.0266 -0.0710
0.1204 -0.0887 -0.0378
0.0788 -0.1373 0.0191
0.0274 -0.1277 0.0393
0.0000 -0.0689 0.0380
0.0438 -0.0466 -0.0102
0.0476 -0.0796 -0.0195
0.0319 -0.1402 -0.0090
0.0563 -0.1276 0.0008
0.0764 -0.1107 -0.0062
0.0883 -0.0889 -0.0214
0.0699 -0.0898 -0.0153
0.0564 -0.0797 -0.0089
0.0382 -0.0724 -0.0216
0.0307 -0.0206 -0.0109
0.0429 0.0198 -0.0121
0.0600 0.0595 -0.0307
0.0595 0.0668 -0.0350
0.0308 0.0671 -0.0418
0.0041 0.0378 -0.0378
0.0106 0.0183 -0.0275
0.0524 0.0587 -0.0235
0.1074 0.0723 -0.0213
0.1340 0.0402 -0.0230
0.2124 0.0247 -0.0163
0.2748 0.0048 -0.0260
0.2819 -0.0012 -0.0374
0.2713 0.0165 -0.0540
0.2487 0.0405 -0.0905
0.2451 0.0420 -0.1031
0.2791 0.0407 -0.0873
0.3441 0.0536 -0.0736
0.3494 0.0693 -0.0772
0.2655 0.0433 -0.0697
0.1917 0.0134 -0.0302
0.1864 0.0083 -0.0236
0.2043 0.0103 -0.0271
0.2073 0.0113 -0.0303
0.1958 0.0160 -0.0285
0.1722 -0.0003 -0.0083
0.1692 -0.0192 -0.0003
0.1663 -0.0377 -0.0023
0.1484 -0.0229 0.0108
0.1270 -0.0098 0.0123
0.0939 -0.0067 0.0260
0.0967 0.0023 0.0294
0.1040 0.0025 0.0285
0.1200 0.0112 0.0262
0.0711 0.0393 0.0164
0.0265 0.0315 0.0193
-0.0276 0.0241 0.0214
-0.0034 0.0294 0.0273
0.0315 0.0372 0.0267
0.0754 0.0480 0.0215
0.0639 0.0316 0.0207
0.0400 0.0313 0.0155
-0.0037 0.0086 0.0107
0.0157 -0.0125 0.0053
0.0265 -0.0126 0.0005
0.0416 -0.0132 0.0094
0.0501 -0.0029 0.0210
0.0573 0.0061 0.0266
0.0479 0.0040 0.0221
0.0290 0.0205 0.0364
0.0344 0.0222 0.0378
0.0458 0.0128 0.0230
0.0468 -0.0049 0.0128
0.0410 -0.0100 0.0082
0.0211 0.0017 -0.0011
-0.0080 0.0061 -0.0024
-0.0084 0.0065 -0.0014
0.0166 0.0156 -0.0132
0.0365 0.0272 -0.0149
0.0305 0.0237 -0.0192
0.0080 0.0228 -0.0098
0.0084 0.0208 -0.0099
0.0221 0.0013 -0.0023
0.0147 -0.0034 0.0109
0.0111 0.0019 0.0097
0.0384 -0.0049 0.0147
0.0490 -0.0062 0.0136
0.0416 -0.0014 0.0147
0.0196 -0.0069 0.0120
0.0252 -0.0135 0.0142
0.0394 -0.0029 0.0138
0.0595 0.0120 0.0041
0.0523 0.0214 0.0070
0.0397 0.0212 0.0081
0.0059 -0.0102 0.0063
0.0164 -0.0097 0.0095
0.0249 0.0033 0.0122
0.0331 0.0336 0.0115
0.0272 0.0211 0.0029
0.0370 0.0167 0.0017
0.0487 0.0020 -0.0046
0.0256 0.0125 -0.0082
0.0078 0.0225 -0.0069
0.0080 0.0230 -0.0001
0.0251 -0.0064 0.0114
0.0309 -0.0237 0.0152
0.0317 -0.0214 0.0145
0.0222 0.0025 0.0149
0.0037 0.0323 0.0206
0.0096 0.0071 0.0117
0.0200 -0.0164 0.0051
0.0439 -0.0386 0.0075
0.0451 0.0037 0.0058
0.0386 0.0260 0.0076
0.0265 0.0295 0.0077
0.0309 -0.0002 -0.0024
0.0349 -0.0131 0.0000
0.0349 0.0073 -0.0037
0.0219 0.0220 -0.0049
0.0274 0.0144 0.0019
0.0618 -0.0072 0.0063
0.0608 0.0096 -0.0006
0.0417 0.0117 0.0010
0.0116 0.0123 0.0143
0.0340 0.0132 0.0050
0.0588 0.0131 0.0019
0.0725 0.0214 0.0030
0.0239 0.0232 0.0151
0.0010 0.0212 0.0153
0.0133 -0.0012 0.0080
0.0509 0.0155 0.0034
0.0536 0.0329 -0.0012
0.0182 0.0347 -0.0067
0.0085 0.0134 -0.0034
0.0374 -0.0221 -0.0060
0.0623 -0.0012 -0.0067
0.0427 0.0189 -0.0084
0.0044 0.0243 0.0003
0.0272 0.0136 -0.0019
0.0403 0.0208 -0.0087
0.0510 0.0191 -0.0085
0.0365 0.0012 0.0031
0.0295 0.0027 0.0047
0.0198 0.0182 -0.0009
0.0105 0.0111 -0.0072
0.0069 -0.0008 -0.0125
0.0311 -0.0157 -0.0108
0.0539 0.0000 -0.0118
0.0495 0.0065 -0.0115
0.0254 -0.0179 -0.0060
0.0028 -0.0082 -0.0099
0.0054 -0.0019 -0.0022
0.0271 -0.0068 0.0088
0.0074 -0.0193 0.0216
-0.0041 -0.0259 0.0256
-0.0051 -0.0078 0.0115
-0.0022 -0.0048 0.0091
-0.0020 -0.0022 0.0039
0.0424 -0.0727 -0.0016
0.0785 -0.0483 -0.0128
0.0605 -0.0145 -0.0079
0.0053 0.0416 0.0058
-0.0134 0.0390 0.0141
-0.0053 -0.0179 0.0208
-0.0093 -0.0278 0.0194
-0.0187 -0.0110 0.0184
-0.0582 0.0589 0.0237
-0.0720 0.0385 0.0391
-0.0601 -0.0008 0.0440
-0.0046 -0.0404 0.0327

