0.0238 -0.8179 -0.5881
0.0378 -0.8220 -0.5665
0.0311 -0.8157 -0.5631
0.0311 -0.8157 -0.5631
0.0328 -0.8050 -0.5586
0.0306 -0.8085 -0.5571
0.0294 -0.8178 -0.5489
0.0281 -0.8217 -0.5509
0.0261 -0.8165 -0.5665
0.0261 -0.8165 -0.5665
0.0345 -0.8148 -0.5652
0.0402 -0.8175 -0.5591
0.0345 -0.8120 -0.5601
0.0386 -0.8111 -0.5597
0.0431 -0.8154 -0.5529
0.0431 -0.8154 -0.5529
0.0342 -0.8144 -0.5568
0.0388 -0.8150 -0.5619
0.0405 -0.8106 -0.5583
0.0351 -0.8125 -0.5585
0.0351 -0.8125 -0.5585
0.0376 -0.8206 -0.5524
0.0350 -0.8129 -0.5487
0.0320 -0.8107 -0.5477
0.0326 -0.8101 -0.5509
0.0355 -0.8138 -0.5471
0.0355 -0.8138 -0.5471
0.0337 -0.8127 -0.5472
0.0362 -0.8157 -0.5518
0.0383 -0.8193 -0.5564
0.0371 -0.8137 -0.5622
0.0339 -0.8091 -0.5616
0.0339 -0.8091 -0.5616
0.0293 -0.8137 -0.5649
0.0277 -0.8097 -0.5562
0.0315 -0.8135 -0.5522
0.0385 -0.8204 -0.5512
0.0330 -0.8156 -0.5583
0.0330 -0.8156 -0.5583
0.0249 -0.8113 -0.5540
0.0293 -0.8150 -0.5544
0.0320 -0.8139 -0.5540
0.0334 -0.8148 -0.5579
0.0341 -0.8141 -0.5576
0.0341 -0.8141 -0.5576
0.0388 -0.8165 -0.5509
0.0372 -0.8161 -0.5499
0.0373 -0.8177 -0.5552
0.0378 -0.8153 -0.5502
0.0378 -0.8153 -0.5502
0.0374 -0.8131 -0.5513
0.0377 -0.8107 -0.5611
0.0429 -0.8199 -0.5665
0.0430 -0.8122 -0.5639
0.0380 -0.8126 -0.5542
0.0380 -0.8126 -0.5542
0.0371 -0.8163 -0.5474
0.0448 -0.8211 -0.5505
0.0479 -0.8128 -0.5536
0.0314 -0.8098 -0.5624
0.0329 -0.8142 -0.5556
0.0329 -0.8142 -0.5556
0.0357 -0.8201 -0.5548
0.0376 -0.8180 -0.5674
0.0404 -0.8132 -0.5612
0.0396 -0.8098 -0.5503
0.0398 -0.8119 -0.5490
0.0398 -0.8119 -0.5490
0.0368 -0.8191 -0.5607
0.0380 -0.8157 -0.5684
0.0357 -0.8142 -0.5622
0.0335 -0.8102 -0.5584
0.0356 -0.8148 -0.5611
0.0356 -0.8148 -0.5611
0.0329 -0.8180 -0.5603
0.0295 -0.8188 -0.5591
0.0315 -0.8136 -0.5574
0.0371 -0.8148 -0.5524
0.0383 -0.8163 -0.5535
0.0383 -0.8163 -0.5535
0.0377 -0.8111 -0.5666
0.0311 -0.8088 -0.5608
0.0347 -0.8105 -0.5495
0.0398 -0.8131 -0.5564
0.0391 -0.8096 -0.5652
0.0391 -0.8096 -0.5652
0.0367 -0.8081 -0.5640
0.0313 -0.8067 -0.5513
0.0341 -0.8066 -0.5506
0.0415 -0.8057 -0.5570
0.0415 -0.8057 -0.5570
0.0408 -0.8102 -0.5516
0.0349 -0.8156 -0.5489
0.0300 -0.8133 -0.5562
0.0340 -0.8095 -0.5625
0.0356 -0.8110 -0.5656
0.0356 -0.8110 -0.5656
0.0373 -0.8123 -0.5593
0.0357 -0.8219 -0.5638
0.0373 -0.8204 -0.5733
0.0323 -0.8148 -0.5640
0.0283 -0.8127 -0.5550
0.0310 -0.8163 -0.5636
0.0310 -0.8163 -0.5636
0.0253 -0.8199 -0.5661
0.0237 -0.8183 -0.5659
0.0333 -0.8109 -0.5624
0.0406 -0.8121 -0.5659
0.0406 -0.8121 -0.5659
0.0414 -0.8090 -0.5618
0.0305 -0.8127 -0.5503
0.0292 -0.8134 -0.5558
0.0318 -0.8066 -0.5646
0.0318 -0.8066 -0.5646
0.0331 -0.8082 -0.5626
0.0356 -0.8116 -0.5614
0.0313 -0.8116 -0.5621
0.0332 -0.8154 -0.5573
0.0360 -0.8233 -0.5615
0.0382 -0.8160 -0.5575
0.0382 -0.8160 -0.5575
0.0303 -0.8114 -0.5608
0.0329 -0.8136 -0.5591
0.0348 -0.8187 -0.5560
0.0355 -0.8188 -0.5601
0.0355 -0.8188 -0.5601
0.0341 -0.8130 -0.5565
0.0354 -0.8111 -0.5538
0.0356 -0.8103 -0.5545
0.0368 -0.8116 -0.5527
0.0383 -0.8141 -0.5535
0.0383 -0.8141 -0.5535
0.0386 -0.8115 -0.5588
0.0397 -0.8146 -0.5613
0.0434 -0.8146 -0.5630
0.0329 -0.8130 -0.5565
0.0341 -0.8146 -0.5588
0.0341 -0.8146 -0.5588
0.0344 -0.8152 -0.5562
0.0383 -0.8204 -0.5560
0.0363 -0.8198 -0.5554
0.0358 -0.8174 -0.5636
0.0358 -0.8174 -0.5636
0.0377 -0.8197 -0.5610
0.0308 -0.8159 -0.5593
0.0296 -0.8129 -0.5579
0.0326 -0.8124 -0.5506
0.0398 -0.8098 -0.5530
0.0338 -0.8089 -0.5486
0.0338 -0.8089 -0.5486
0.0357 -0.8104 -0.5436
0.0377 -0.8129 -0.5429
0.0387 -0.8128 -0.5450
0.0314 -0.8128 -0.5488
0.0314 -0.8128 -0.5488
0.0265 -0.8124 -0.5492
0.0366 -0.8206 -0.5676
0.0453 -0.8201 -0.5778
0.0340 -0.8196 -0.5590
0.0225 -0.8186 -0.5428
0.0225 -0.8186 -0.5428
0.0276 -0.8190 -0.5493
0.0328 -0.8198 -0.5567
0.0387 -0.8231 -0.5566
0.0386 -0.8148 -0.5556
0.0314 -0.8065 -0.5562
0.0314 -0.8065 -0.5562
0.0394 -0.8171 -0.5552
0.0452 -0.8158 -0.5519
0.0397 -0.8102 -0.5468
0.0377 -0.8087 -0.5519
0.0462 -0.8153 -0.5165
0.0462 -0.8153 -0.5165
0.0261 -0.8132 -0.5336
0.0243 -0.8232 -0.5551
0.0262 -0.8325 -0.5664
0.0363 -0.8180 -0.5830
0.0363 -0.8180 -0.5830
0.0455 -0.8209 -0.5610
0.0344 -0.8035 -0.5282
0.0345 -0.8047 -0.5405
0.0209 -0.8285 -0.5603
0.0267 -0.8167 -0.5595
0.0267 -0.8167 -0.5595
0.0258 -0.8246 -0.5608
0.0244 -0.8140 -0.5574
0.0305 -0.8135 -0.5526
0.0296 -0.8110 -0.5521
0.0269 -0.8110 -0.5647
0.0269 -0.8110 -0.5647
0.0292 -0.8152 -0.5719
0.0338 -0.8194 -0.5662
0.0345 -0.8076 -0.5640
0.0341 -0.8155 -0.5575
0.0339 -0.8197 -0.5552
0.0339 -0.8197 -0.5552
0.0313 -0.8196 -0.5577
0.0253 -0.8148 -0.5599
0.0343 -0.8120 -0.5581
0.0372 -0.8148 -0.5549
0.0330 -0.8159 -0.5596
0.0330 -0.8159 -0.5596
0.0336 -0.8134 -0.5614
0.0336 -0.8134 -0.5614
0.0324 -0.8062 -0.5532
0.0277 -0.8100 -0.5542
0.0277 -0.8100 -0.5542
0.0356 -0.8144 -0.5540
0.0368 -0.8213 -0.5593
0.0320 -0.8117 -0.5554
0.0295 -0.8053 -0.5504
0.0318 -0.8131 -0.5535
0.0318 -0.8131 -0.5535
0.0317 -0.8234 -0.5629
0.0293 -0.8207 -0.5603
0.0284 -0.8202 -0.5560
0.0326 -0.8161 -0.5561
0.0348 -0.8106 -0.5647
0.0348 -0.8106 -0.5647
0.0307 -0.8143 -0.5586
0.0254 -0.8179 -0.5468
0.0246 -0.8080 -0.5468
0.0304 -0.8138 -0.5568
0.0343 -0.8078 -0.5560
0.0343 -0.8078 -0.5560
0.0347 -0.8151 -0.5559
0.0315 -0.8156 -0.5574
0.0335 -0.8156 -0.5595
0.0329 -0.8112 -0.5461
0.0346 -0.8112 -0.5609
0.0346 -0.8112 -0.5609
0.0266 -0.8185 -0.5585
0.0281 -0.8211 -0.5688
0.0337 -0.8062 -0.5728
0.0330 -0.8124 -0.5525
0.0330 -0.8124 -0.5525
0.0333 -0.8086 -0.5459
0.0336 -0.8153 -0.5581
0.0425 -0.8175 -0.5658
0.0293 -0.8164 -0.5600
0.0284 -0.8232 -0.5587
0.0284 -0.8232 -0.5587
0.0416 -0.8170 -0.5651
0.0393 -0.8163 -0.5629
0.0369 -0.8216 -0.5676
0.0363 -0.8164 -0.5641
0.0279 -0.8141 -0.5628
0.0279 -0.8141 -0.5628
0.0340 -0.8171 -0.5527
0.0355 -0.8182 -0.5578
0.0377 -0.8157 -0.5656
0.0392 -0.8138 -0.5582
0.0391 -0.8115 -0.5533
0.0391 -0.8115 -0.5533
0.0329 -0.8117 -0.5552
0.0356 -0.8143 -0.5499
0.0333 -0.8122 -0.5527
0.0343 -0.8148 -0.5509
0.0343 -0.8148 -0.5509
0.0341 -0.8164 -0.5515
0.0300 -0.8140 -0.5585
0.0283 -0.8167 -0.5583
0.0269 -0.8144 -0.5571
0.0289 -0.8227 -0.5554
0.0289 -0.8227 -0.5554
0.0301 -0.8148 -0.5611
0.0335 -0.8157 -0.5550
0.0299 -0.8130 -0.5495
0.0291 -0.8098 -0.5409
0.0343 -0.8107 -0.5470
0.0343 -0.8107 -0.5470
0.0463 -0.8116 -0.5437
0.0451 -0.8077 -0.5507
0.0385 -0.8026 -0.5393
0.0264 -0.8110 -0.5153
0.0285 -0.8215 -0.5550
0.0285 -0.8215 -0.5550
0.0299 -0.8280 -0.5696
0.0347 -0.8280 -0.5932
0.0558 -0.8143 -0.5638
0.0319 -0.8201 -0.5466
0.0327 -0.8116 -0.5410
0.0327 -0.8116 -0.5410
0.0226 -0.8290 -0.5469
0.0317 -0.8301 -0.5566
0.0363 -0.8217 -0.5606
0.0410 -0.8177 -0.5715
0.0346 -0.8094 -0.5565
0.0346 -0.8094 -0.5565
0.0294 -0.8121 -0.5615
0.0286 -0.8172 -0.5507
0.0266 -0.8175 -0.5484
0.0294 -0.8138 -0.5441
0.0294 -0.8138 -0.5441
0.0374 -0.8167 -0.5479
0.0395 -0.8237 -0.5538
0.0382 -0.8241 -0.5567
0.0372 -0.8213 -0.5504
0.0343 -0.8157 -0.5543
0.0343 -0.8157 -0.5543
0.0363 -0.8193 -0.5538
0.0336 -0.8166 -0.5536
0.0276 -0.8153 -0.5582
0.0330 -0.8179 -0.5561
0.0346 -0.8191 -0.5490
0.0346 -0.8191 -0.5490
0.0302 -0.8171 -0.5488
0.0352 -0.8137 -0.5520
0.0363 -0.8236 -0.5531
0.0383 -0.8192 -0.5511
0.0383 -0.8192 -0.5511
0.0404 -0.8186 -0.5425
0.0397 -0.8179 -0.5423
0.0412 -0.8213 -0.5546
0.0386 -0.8183 -0.5553
0.0326 -0.8138 -0.5344
0.0326 -0.8138 -0.5344
0.0414 -0.8185 -0.5504
0.0394 -0.8191 -0.5538
0.0374 -0.8215 -0.5626
0.0336 -0.8204 -0.5615
0.0375 -0.8264 -0.5784
0.0375 -0.8264 -0.5784
0.0385 -0.8248 -0.5246
0.0318 -0.8291 -0.5184
0.0429 -0.8208 -0.5277
0.0383 -0.8171 -0.5335
0.0383 -0.8171 -0.5335
0.0530 -0.8186 -0.5530
0.0452 -0.8101 -0.5417
0.0458 -0.8209 -0.5527
0.0387 -0.8170 -0.5426
0.0352 -0.8176 -0.5466
0.0352 -0.8176 -0.5466
0.0373 -0.8167 -0.5485
0.0394 -0.8197 -0.5481
0.0345 -0.8196 -0.5493
0.0291 -0.8135 -0.5488
0.0291 -0.8135 -0.5488
0.0374 -0.8181 -0.5604
0.0316 -0.8091 -0.5471
0.0331 -0.8163 -0.5441
0.0351 -0.8174 -0.5447
0.0348 -0.8167 -0.5448
0.0348 -0.8167 -0.5448
0.0406 -0.8164 -0.5540
0.0430 -0.8135 -0.5560
0.0335 -0.8214 -0.5523
0.0310 -0.8208 -0.5507
0.0284 -0.8173 -0.5530
0.0284 -0.8173 -0.5530
0.0309 -0.8249 -0.5704
0.0280 -0.8203 -0.5664
0.0271 -0.8165 -0.5620
0.0258 -0.8170 -0.5695
0.0217 -0.8234 -0.5663
0.0217 -0.8234 -0.5663
0.0242 -0.8239 -0.5629
0.0298 -0.8145 -0.5604
0.0283 -0.8154 -0.5592
0.0238 -0.8192 -0.5589
0.0238 -0.8194 -0.5613
0.0238 -0.8194 -0.5613
0.0238 -0.8200 -0.5595
0.0257 -0.8192 -0.5595
0.0284 -0.8135 -0.5625
0.0311 -0.8090 -0.5624
0.0311 -0.8090 -0.5624
0.0280 -0.8073 -0.5593
0.0298 -0.8103 -0.5563
0.0258 -0.8084 -0.5496
0.0284 -0.8134 -0.5476
0.0304 -0.8121 -0.5468
0.0304 -0.8121 -0.5468
0.0269 -0.8141 -0.5470
0.0303 -0.8140 -0.5506
0.0343 -0.8189 -0.5560
0.0346 -0.8176 -0.5511
0.0302 -0.8216 -0.5566
0.0302 -0.8216 -0.5566
0.0293 -0.8232 -0.5608
0.0346 -0.8151 -0.5545
0.0401 -0.8134 -0.5620
0.0400 -0.8115 -0.5519
0.0412 -0.8116 -0.5514
0.0412 -0.8116 -0.5514
0.0393 -0.8080 -0.5525
0.0357 -0.8085 -0.5462
0.0416 -0.8179 -0.5500
0.0471 -0.8161 -0.5550
0.0471 -0.8161 -0.5550
0.0452 -0.8149 -0.5540
0.0414 -0.8168 -0.5541
0.0350 -0.8156 -0.5587
0.0354 -0.8165 -0.5756
0.0349 -0.8155 -0.5662
0.0323 -0.8154 -0.5662
0.0323 -0.8154 -0.5662
0.0389 -0.8165 -0.5761
0.0383 -0.8130 -0.5669
0.0334 -0.8132 -0.5623
0.0321 -0.8127 -0.5557
0.0321 -0.8127 -0.5557
0.0324 -0.8109 -0.5526
0.0416 -0.8056 -0.5534
0.0511 -0.8082 -0.5502
0.0511 -0.8111 -0.5475
0.0502 -0.8053 -0.5502
0.0502 -0.8053 -0.5502
0.0501 -0.8037 -0.5488
0.0500 -0.8109 -0.5385
0.0540 -0.8160 -0.5459
0.0538 -0.8188 -0.5535
0.0547 -0.8279 -0.5441
0.0547 -0.8279 -0.5441
0.0558 -0.8324 -0.5591
0.0658 -0.8224 -0.5586
0.0591 -0.8223 -0.5479
0.0498 -0.8262 -0.5600
0.0498 -0.8262 -0.5600
0.0471 -0.8265 -0.5562
0.0489 -0.8188 -0.5603
0.0548 -0.8130 -0.5724
0.0546 -0.8172 -0.5681
0.0512 -0.8163 -0.5520
0.0512 -0.8163 -0.5520
0.0497 -0.8179 -0.5536
0.0560 -0.8133 -0.5538
0.0591 -0.8114 -0.5463
0.0602 -0.8144 -0.5461
0.0663 -0.8110 -0.5432
0.0663 -0.8110 -0.5432
0.0630 -0.8103 -0.5438
0.0559 -0.8076 -0.5268
0.0555 -0.8031 -0.5261
0.0615 -0.8051 -0.5232
0.0628 -0.7966 -0.5289
0.0628 -0.7966 -0.5289
0.0572 -0.8080 -0.5535
0.0706 -0.8046 -0.5522
0.0667 -0.8098 -0.5580
0.0723 -0.8131 -0.5555
0.0742 -0.8115 -0.5649
0.0742 -0.8115 -0.5649
0.0683 -0.8181 -0.5682
0.0680 -0.8232 -0.5651
0.0697 -0.8245 -0.5567
0.0766 -0.8199 -0.5569
0.0831 -0.8173 -0.5640
0.0831 -0.8173 -0.5640
0.0875 -0.8224 -0.5738
0.0844 -0.8170 -0.5784
0.0762 -0.8206 -0.5930
0.0766 -0.8203 -0.5777
0.0766 -0.8203 -0.5777
0.0691 -0.8238 -0.5685
0.0585 -0.8241 -0.5635
0.0562 -0.8236 -0.5716
0.0605 -0.8213 -0.5731
0.0507 -0.8239 -0.5519
0.0507 -0.8239 -0.5519
0.0481 -0.8223 -0.5317
0.0526 -0.8330 -0.5353
0.0555 -0.8311 -0.5310
0.0657 -0.8142 -0.5174
0.0626 -0.8256 -0.5316
0.0626 -0.8256 -0.5316
0.0572 -0.8113 -0.5230
0.0534 -0.8110 -0.5342
0.0519 -0.8102 -0.5344
0.0548 -0.8072 -0.5439
0.0503 -0.8080 -0.5517
0.0503 -0.8080 -0.5517
0.0463 -0.8117 -0.5526
0.0515 -0.8096 -0.5564
0.0573 -0.8079 -0.5556
0.0580 -0.8057 -0.5485
0.0580 -0.8057 -0.5485
0.0506 -0.8078 -0.5431
0.0449 -0.8123 -0.5439
0.0498 -0.8148 -0.5517
0.0562 -0.8065 -0.5554
0.0535 -0.8042 -0.5624
0.0636 -0.7957 -0.5493
0.0636 -0.7957 -0.5493
0.0692 -0.8069 -0.5517
0.0573 -0.8139 -0.5608
0.0566 -0.8186 -0.5686
0.0621 -0.8201 -0.5724
0.0608 -0.8185 -0.5670
0.0608 -0.8185 -0.5670
0.0517 -0.8218 -0.5648
0.0486 -0.8308 -0.5704
0.0517 -0.8321 -0.5686
0.0666 -0.8330 -0.5829
0.0666 -0.8330 -0.5829
0.0679 -0.8210 -0.5757
0.0658 -0.8165 -0.5562
0.0559 -0.8106 -0.5375
0.0513 -0.8129 -0.5595
0.0333 -0.8088 -0.5607
0.0333 -0.8088 -0.5607
0.0381 -0.8101 -0.5598
0.0476 -0.8117 -0.5578
0.0531 -0.8073 -0.5497
0.0515 -0.8091 -0.5528
0.0515 -0.8091 -0.5528
0.0467 -0.8131 -0.5564
0.0527 -0.8241 -0.5446
0.0627 -0.8242 -0.5391
0.0741 -0.8193 -0.5321
0.0838 -0.8271 -0.5327
0.0838 -0.8271 -0.5327
0.0820 -0.8141 -0.5208
0.0849 -0.8020 -0.5117
0.0868 -0.7822 -0.5158
0.0864 -0.7756 -0.5233
0.0826 -0.7721 -0.5228
0.0826 -0.7721 -0.5228
0.0881 -0.7690 -0.5229
0.1010 -0.7681 -0.5197
0.1249 -0.7705 -0.5172
0.1380 -0.7747 -0.5094
0.1542 -0.7632 -0.5028
0.1542 -0.7632 -0.5028
0.1829 -0.7588 -0.5141
0.1905 -0.7641 -0.5065
0.2099 -0.7442 -0.4969
0.2117 -0.7408 -0.4989
0.2119 -0.7292 -0.4874
0.2119 -0.7292 -0.4874
0.1968 -0.7507 -0.5530
0.1980 -0.7556 -0.5757
0.2131 -0.7687 -0.5907
0.2234 -0.7775 -0.6115
0.2234 -0.7775 -0.6115
0.1992 -0.7843 -0.6123
0.1903 -0.7875 -0.6189
0.1995 -0.7596 -0.6124
0.2007 -0.7438 -0.5892
0.1862 -0.7634 -0.5974
0.1862 -0.7634 -0.5974
0.1698 -0.7488 -0.6189
0.1739 -0.7315 -0.6086
0.1733 -0.7406 -0.6035
0.1620 -0.7580 -0.6181
0.1562 -0.7590 -0.6684
0.1562 -0.7590 -0.6684
0.1303 -0.7587 -0.6650
0.1197 -0.7541 -0.6684
0.1164 -0.7680 -0.6944
0.1061 -0.7507 -0.7081
0.0840 -0.7341 -0.7147
0.0840 -0.7341 -0.7147
0.0649 -0.7414 -0.7157
0.0653 -0.6971 -0.7256
0.0564 -0.7299 -0.7568
0.0364 -0.7080 -0.7520
0.0272 -0.6741 -0.7497
0.0272 -0.6741 -0.7497
0.0207 -0.6646 -0.7546
0.0098 -0.6373 -0.7612
-0.0100 -0.6209 -0.7438
-0.0437 -0.6055 -0.7194
-0.0437 -0.6055 -0.7194
-0.0527 -0.5913 -0.6384
-0.0455 -0.5351 -0.5626
-0.0143 -0.4893 -0.5828
-0.0007 -0.5140 -0.6814
0.0267 -0.5287 -0.7980
0.0267 -0.5287 -0.7980
0.0383 -0.5314 -0.8846
0.0227 -0.5533 -0.9368
-0.0072 -0.5621 -0.9570
-0.0497 -0.5735 -0.8843
-0.0507 -0.6106 -0.8600
-0.0507 -0.6106 -0.8600
-0.0218 -0.6063 -0.8933
-0.0052 -0.5804 -0.9412
-0.0070 -0.5727 -0.9965
-0.0263 -0.5633 -1.0089
-0.0385 -0.5363 -0.9702
-0.0385 -0.5363 -0.9702
-0.0203 -0.5013 -0.9498
-0.0255 -0.5134 -0.9165
-0.0432 -0.5203 -0.8656
-0.0361 -0.5060 -0.8134
-0.0291 -0.4921 -0.8102
-0.0291 -0.4921 -0.8102
-0.0491 -0.4796 -0.7858
-0.0543 -0.4980 -0.8141
-0.0603 -0.5154 -0.8172
-0.0777 -0.5265 -0.8096
-0.0777 -0.5265 -0.8096
-0.0987 -0.5402 -0.8271
-0.0965 -0.5429 -0.8507
-0.0965 -0.5470 -0.8601
-0.1057 -0.5479 -0.8441
-0.1088 -0.5449 -0.8521
-0.1088 -0.5449 -0.8521
-0.1031 -0.5447 -0.8728
-0.0882 -0.5587 -0.8669
-0.0841 -0.5445 -0.8490
-0.0733 -0.5369 -0.8565
-0.0713 -0.5273 -0.8505
-0.0713 -0.5273 -0.8505
-0.0686 -0.5178 -0.8282
-0.0518 -0.5080 -0.8404
-0.0216 -0.4925 -0.8727
-0.0036 -0.4658 -0.8671
-0.0036 -0.4658 -0.8671
0.0249 -0.4638 -0.8315
0.0611 -0.4533 -0.8076
0.1286 -0.4815 -0.7804
0.1811 -0.5182 -0.8017
0.1997 -0.4290 -0.8866
0.1757 -0.3028 -1.0739
0.1757 -0.3028 -1.0739
0.1326 -0.2921 -1.1285
0.0990 -0.3435 -1.0131
0.1203 -0.3987 -0.8103
0.1725 -0.4190 -0.7425
0.1799 -0.4294 -0.7977
0.1799 -0.4294 -0.7977
0.2131 -0.3801 -0.8825
0.1511 -0.3622 -0.9702
0.0529 -0.3287 -1.0087
0.0098 -0.3404 -0.9743
0.0098 -0.3404 -0.9743
-0.0255 -0.3379 -0.9187
-0.0563 -0.3418 -0.8899
-0.0748 -0.3501 -0.8865
-0.0858 -0.3619 -0.8717
-0.0824 -0.3654 -0.8614
-0.0824 -0.3654 -0.8614
-0.0852 -0.3772 -0.8325
-0.0799 -0.3814 -0.8145
-0.0690 -0.3870 -0.8150
-0.0481 -0.3917 -0.8216
-0.0182 -0.3784 -0.8330
-0.0182 -0.3784 -0.8330
0.0173 -0.3851 -0.8464
0.0387 -0.3994 -0.8691
0.0236 -0.4184 -0.8856
-0.0048 -0.4273 -0.9532
-0.0048 -0.4273 -0.9532
-0.0300 -0.4167 -1.0162
-0.0566 -0.3882 -1.0508
-0.0866 -0.3921 -1.0473
-0.0914 -0.3615 -1.0925
-0.0915 -0.3526 -1.0963
-0.0915 -0.3526 -1.0963
-0.0757 -0.3775 -1.0539
-0.0733 -0.3681 -1.0543
-0.0587 -0.2911 -1.1527
-0.0611 -0.1939 -1.1913
-0.0576 -0.1922 -1.1146
-0.0576 -0.1922 -1.1146
-0.0528 -0.1969 -0.8314
-0.0626 -0.2007 -0.6269
-0.0925 -0.2633 -0.5735
-0.1081 -0.2687 -0.6628
-0.1474 -0.2701 -0.7581
-0.1474 -0.2701 -0.7581
-0.0826 -0.2713 -0.9771
0.0002 -0.2513 -1.1633
0.0658 -0.2952 -1.1695
0.1386 -0.3137 -0.9881
0.1386 -0.3137 -0.9881
0.1599 -0.3320 -0.8619
0.1862 -0.3709 -0.8111
0.1839 -0.3878 -0.8036
0.1866 -0.4050 -0.8171
0.1875 -0.4278 -0.8521
0.1640 -0.4250 -0.8609
0.1640 -0.4250 -0.8609
0.1350 -0.4140 -0.8942
0.1011 -0.3990 -0.9318
0.0628 -0.3834 -0.9592
0.0339 -0.3579 -1.0084
0.0339 -0.3579 -1.0084
0.0113 -0.3374 -1.0255
-0.0083 -0.3310 -1.0172
-0.0241 -0.3259 -1.0025
-0.0229 -0.3275 -0.9703
-0.0059 -0.3389 -0.9632
-0.0059 -0.3389 -0.9632
0.0303 -0.3541 -0.9901
0.0592 -0.3504 -1.0094
0.0813 -0.3630 -1.0091
0.0798 -0.3865 -0.9653
0.0792 -0.3839 -0.9232
0.0792 -0.3839 -0.9232
0.0690 -0.4294 -0.8843
0.0626 -0.4620 -0.8781
0.1053 -0.3069 -1.1353
0.0670 -0.2032 -1.3576
-0.0004 -0.2131 -1.2826
-0.0004 -0.2131 -1.2826
-0.0427 -0.2687 -0.8866
-0.0085 -0.3032 -0.5920
0.0420 -0.3115 -0.4648
0.0786 -0.3151 -0.5146
0.0910 -0.2947 -0.7374
0.0910 -0.2947 -0.7374
0.1039 -0.2173 -0.9777
0.1269 -0.1791 -1.2148
0.0825 -0.2076 -1.2323
-0.0128 -0.2263 -1.1366
-0.0128 -0.2263 -1.1366
-0.0655 -0.2576 -0.9840
-0.0862 -0.2766 -0.8955
-0.1064 -0.3080 -0.8075
-0.1140 -0.3104 -0.7823
-0.1122 -0.3127 -0.7982
-0.1122 -0.3127 -0.7982
-0.0750 -0.3133 -0.8578
-0.0461 -0.3140 -0.9106
-0.0126 -0.3148 -0.9424
0.0163 -0.3313 -0.9528
0.0236 -0.3534 -0.9564
0.0236 -0.3534 -0.9564
0.0290 -0.3660 -0.9572
0.0374 -0.3631 -0.9630
0.0467 -0.3545 -0.9791
0.0368 -0.3492 -0.9828
0.0368 -0.3492 -0.9828
0.0131 -0.3549 -0.9686
-0.0138 -0.3704 -0.9259
-0.0358 -0.3811 -0.8856
-0.0370 -0.3822 -0.8873
-0.0299 -0.3897 -0.8891
-0.0299 -0.3897 -0.8891
-0.0171 -0.3839 -0.8856
-0.0013 -0.3904 -0.8839
0.0114 -0.3945 -0.8975
0.0230 -0.3952 -0.9129
0.0421 -0.3938 -0.9116
0.0421 -0.3938 -0.9116
0.0665 -0.3919 -0.9101
0.0873 -0.3957 -0.9028
0.0959 -0.4288 -0.8805
0.1010 -0.4697 -0.8484
0.0754 -0.5245 -0.8022
0.0754 -0.5245 -0.8022
0.0500 -0.5491 -0.7966
0.0171 -0.4272 -0.9120
0.0154 -0.2915 -1.1515
-0.0140 -0.2311 -1.2011
-0.0699 -0.2274 -1.1144
-0.0699 -0.2274 -1.1144
-0.1150 -0.2162 -0.9095
-0.1245 -0.2302 -0.7866
-0.1267 -0.2493 -0.7384
-0.1141 -0.2496 -0.7635
-0.1141 -0.2496 -0.7635
-0.0885 -0.2523 -0.8176
-0.0788 -0.2481 -0.8959
-0.0602 -0.2224 -0.9631
-0.0447 -0.1703 -1.0406
-0.0544 -0.1475 -1.0666
-0.0544 -0.1475 -1.0666
-0.0777 -0.1447 -1.0504
-0.1149 -0.1542 -0.9968
-0.1357 -0.1679 -0.9588
-0.1380 -0.2013 -0.9594
-0.1737 -0.2184 -0.9900
-0.1737 -0.2184 -0.9900
-0.2009 -0.2233 -1.0247
-0.2157 -0.2219 -1.0861
-0.2191 -0.1979 -1.1126
-0.2285 -0.1772 -1.1371
-0.2280 -0.1861 -1.1601
-0.2280 -0.1861 -1.1601
-0.2300 -0.2149 -1.1717
-0.2470 -0.2257 -1.1474
-0.2447 -0.2627 -1.1208
-0.2259 -0.2700 -1.1193
-0.2259 -0.2700 -1.1193
-0.1943 -0.2613 -1.0835
-0.1727 -0.2525 -1.0303
-0.1426 -0.2668 -0.9834
-0.1120 -0.2744 -0.9552
-0.0859 -0.2753 -0.9409
-0.0859 -0.2753 -0.9409
-0.0673 -0.2907 -0.9317
-0.0621 -0.3163 -0.9196
-0.0513 -0.3444 -0.9157
-0.0542 -0.3704 -0.8693
-0.0781 -0.4068 -0.8335
-0.0781 -0.4068 -0.8335
-0.0605 -0.4694 -0.8603
-0.0536 -0.4992 -0.8194
-0.0604 -0.5176 -0.8018
-0.0316 -0.5348 -0.8015
-0.0217 -0.5647 -0.7836
-0.0217 -0.5647 -0.7836
-0.0135 -0.6090 -0.7830
0.0238 -0.6391 -0.7649
0.0515 -0.6494 -0.7284
0.0680 -0.6669 -0.7280
0.0691 -0.6731 -0.7023
0.0691 -0.6731 -0.7023
0.0576 -0.6624 -0.6956
0.0580 -0.6449 -0.6826
0.0400 -0.6264 -0.6859
0.0284 -0.6184 -0.6923
0.0154 -0.6272 -0.6861
0.0154 -0.6272 -0.6861
0.0031 -0.6340 -0.7049
0.0115 -0.6582 -0.7122
0.0190 -0.6604 -0.6895
0.0221 -0.6538 -0.6720
0.0139 -0.6749 -0.6636
0.0139 -0.6749 -0.6636
0.0035 -0.7046 -0.6381
-0.0034 -0.7076 -0.6237
0.0022 -0.7190 -0.6142
0.0126 -0.7208 -0.6199
0.0126 -0.7208 -0.6199
0.0136 -0.7311 -0.6265
0.0161 -0.7408 -0.6287
0.0103 -0.7469 -0.6150
-0.0002 -0.7430 -0.6037
-0.0101 -0.7335 -0.5990
-0.0101 -0.7335 -0.5990
-0.0253 -0.7313 -0.5801
-0.0309 -0.7344 -0.5629
-0.0296 -0.7433 -0.5590
-0.0345 -0.7601 -0.5524
-0.0332 -0.7656 -0.5734
-0.0332 -0.7656 -0.5734
-0.0404 -0.7621 -0.5900
-0.0431 -0.7664 -0.5853
-0.0448 -0.7765 -0.5897
-0.0434 -0.7713 -0.5826
-0.0449 -0.7652 -0.5782
-0.0449 -0.7652 -0.5782
-0.0426 -0.7747 -0.5844
-0.0434 -0.7819 -0.6031
-0.0640 -0.7844 -0.5891
-0.0712 -0.7955 -0.5683
-0.0712 -0.7955 -0.5683
-0.0674 -0.8017 -0.5625
-0.0637 -0.8039 -0.5650
-0.0628 -0.8069 -0.5779
-0.0554 -0.8120 -0.5920
-0.0549 -0.8120 -0.5954
-0.0549 -0.8120 -0.5954
-0.0488 -0.8040 -0.5959
-0.0457 -0.7981 -0.5963
-0.0444 -0.8020 -0.5984
-0.0489 -0.8247 -0.6017
-0.0588 -0.8292 -0.6156
-0.0588 -0.8292 -0.6156
-0.0560 -0.8007 -0.6426
-0.0785 -0.8188 -0.6324
-0.1040 -0.8294 -0.6305
-0.1083 -0.8348 -0.5979
-0.1059 -0.8212 -0.5853
-0.1059 -0.8212 -0.5853
-0.0958 -0.7735 -0.6298
-0.0808 -0.7206 -0.6777
-0.0857 -0.6733 -0.7101
-0.1158 -0.6419 -0.7192
-0.1158 -0.6419 -0.7192
-0.1447 -0.6470 -0.7005
-0.1803 -0.6824 -0.6355
-0.2020 -0.6918 -0.6035
-0.1924 -0.6820 -0.6263
-0.1712 -0.6697 -0.6690
-0.1712 -0.6697 -0.6690
-0.1400 -0.6542 -0.6870
-0.1160 -0.6762 -0.6568
-0.1047 -0.7035 -0.6402
-0.0926 -0.7090 -0.6443
-0.0744 -0.7083 -0.6728
-0.0744 -0.7083 -0.6728
-0.0580 -0.7265 -0.6621
-0.0501 -0.7356 -0.6335
-0.0489 -0.7357 -0.5875
-0.0482 -0.7263 -0.5787
-0.0584 -0.7245 -0.5690
-0.0584 -0.7245 -0.5690
-0.0722 -0.7221 -0.5626
-0.0914 -0.7249 -0.5548
-0.1091 -0.7156 -0.5512
-0.1188 -0.7125 -0.5372
-0.1173 -0.7089 -0.5276
-0.1173 -0.7089 -0.5276
-0.1007 -0.6969 -0.5353
-0.0738 -0.6815 -0.5448
-0.0500 -0.6530 -0.5553
-0.0095 -0.6456 -0.5744
-0.0095 -0.6456 -0.5744
0.0210 -0.6608 -0.6202
0.0466 -0.7009 -0.6333
0.0703 -0.7192 -0.6692
0.0995 -0.7079 -0.7122
0.1261 -0.6936 -0.7625
0.1261 -0.6936 -0.7625
0.1540 -0.7010 -0.8021
0.1755 -0.6581 -0.7827
0.1956 -0.6412 -0.7534
0.1731 -0.6532 -0.7390
0.1583 -0.5974 -0.7501
0.1583 -0.5974 -0.7501
0.1565 -0.5279 -0.8185
0.1589 -0.4986 -0.8808
0.1490 -0.4831 -0.8477
0.1400 -0.4875 -0.7588
0.1501 -0.5174 -0.6746
0.1501 -0.5174 -0.6746
0.1871 -0.5383 -0.6541
0.2260 -0.5712 -0.6909
0.2745 -0.5459 -0.8052
0.3155 -0.4662 -0.9913
0.3277 -0.4215 -1.1315
0.3277 -0.4215 -1.1315
0.2994 -0.3993 -1.1644
0.2308 -0.3666 -1.0955
0.1211 -0.3389 -1.0188
0.0336 -0.3464 -0.9222
0.0336 -0.3464 -0.9222
-0.0141 -0.3672 -0.8369
-0.0395 -0.3721 -0.7633
-0.0448 -0.3719 -0.7330
-0.0352 -0.3977 -0.7830
-0.0273 -0.4020 -0.8602
-0.0273 -0.4020 -0.8602
-0.0022 -0.3965 -0.8828
0.0234 -0.4081 -0.9283
0.0412 -0.4253 -0.9632
0.0539 -0.4226 -1.0077
0.0592 -0.4168 -1.0478
0.0592 -0.4168 -1.0478
0.0499 -0.3976 -1.0573
0.0436 -0.3847 -1.0729
0.0237 -0.3868 -1.0587
0.0270 -0.3665 -1.0656
0.0216 -0.3513 -1.0656
0.0216 -0.3513 -1.0656
0.0125 -0.3250 -1.0540
0.0107 -0.3198 -1.0256
0.0057 -0.3426 -1.0033
0.0005 -0.3390 -1.0003
0.0005 -0.3390 -1.0003
0.0044 -0.3479 -1.0169
0.0553 -0.2121 -1.1865
0.1226 -0.0602 -1.3209
0.1398 0.0308 -1.2921
0.1006 0.0035 -1.0559
0.0508 -0.0702 -0.7479
0.0508 -0.0702 -0.7479
0.0240 -0.1808 -0.5609
0.0256 -0.2175 -0.4833
0.0473 -0.1752 -0.6237
0.0903 -0.1337 -0.8916
0.0903 -0.1337 -0.8916
0.1452 -0.0965 -1.1038
0.2122 -0.1142 -1.1820
0.2813 -0.1868 -1.1770
0.2959 -0.2816 -1.0260
0.2843 -0.3065 -0.8451
0.2843 -0.3065 -0.8451
0.2597 -0.3414 -0.7304
0.2531 -0.3724 -0.7155
0.2426 -0.3797 -0.7589
0.2367 -0.3687 -0.7684
0.2281 -0.3375 -0.8042
0.2281 -0.3375 -0.8042
0.1929 -0.3064 -0.8143
0.2038 -0.2663 -0.8705
0.1637 -0.2220 -0.8979
0.1469 -0.2133 -0.8862
0.1469 -0.2133 -0.8862
0.1077 -0.1978 -1.0089
0.1358 -0.2406 -0.8400
0.1997 -0.1944 -1.0303
0.2001 -0.1255 -1.0394
0.2269 -0.1497 -1.0461
0.2269 -0.1497 -1.0461
0.2630 -0.1234 -1.0560
0.3040 -0.1107 -1.0260
0.3425 -0.1335 -1.0218
0.3208 -0.2612 -0.9988
0.3430 -0.2615 -1.0323
0.3430 -0.2615 -1.0323
0.4142 -0.0433 -1.0638
0.3974 0.1553 -1.1819
0.2592 0.1800 -1.2616
0.1635 0.1610 -1.1761
0.0963 0.1298 -0.9011
0.0963 0.1298 -0.9011
0.0893 0.0283 -0.6539
0.1180 -0.0683 -0.5672
0.1714 -0.1742 -0.5777
0.2659 -0.1941 -0.6938
0.2350 -0.1863 -1.0063
0.2350 -0.1863 -1.0063
0.1981 -0.0547 -1.3137
0.1387 -0.0961 -1.4090
0.0843 -0.1374 -1.1871
0.0173 -0.1926 -1.0152
-0.0816 -0.2534 -0.8671
-0.0816 -0.2534 -0.8671
-0.1652 -0.2751 -0.8462
-0.1587 -0.3466 -0.7964
-0.1606 -0.3902 -0.8505
-0.1086 -0.3580 -0.8425
-0.1086 -0.3580 -0.8425
-0.1155 -0.2701 -0.9656
0.0329 -0.4826 -0.9358
0.0284 -0.4209 -1.0128
-0.0155 -0.3186 -1.0002
-0.0385 -0.3552 -0.9820
-0.0385 -0.3552 -0.9820
-0.0579 -0.3741 -0.9323
-0.0823 -0.3509 -0.9302
-0.0763 -0.3107 -1.0338
-0.0725 -0.2512 -1.2328
-0.0580 -0.2470 -1.3170
-0.0580 -0.2470 -1.3170
-0.0450 -0.2867 -1.2984
-0.0255 -0.3335 -1.1691
-0.0084 -0.3506 -1.0719
0.0034 -0.3845 -1.0583
0.0156 -0.4198 -1.0323
0.0156 -0.4198 -1.0323
0.0370 -0.4265 -1.0094
0.0355 -0.4312 -0.9968
0.0770 -0.4093 -0.9436
0.1087 -0.3711 -0.9178
0.1869 -0.3527 -0.9201
0.1869 -0.3527 -0.9201
0.2076 -0.3354 -0.8507
0.2090 -0.3094 -0.8157
0.2187 -0.2866 -0.8068
0.2412 -0.2752 -0.7850
0.2412 -0.2752 -0.7850
0.2623 -0.2614 -0.7487
0.2336 -0.2425 -0.7569
0.1723 -0.2410 -0.7633
0.1379 -0.2353 -0.7608
0.1107 -0.2256 -0.7317
0.1107 -0.2256 -0.7317
0.0726 -0.2392 -0.6940
0.0325 -0.2349 -0.6826
0.0071 -0.2383 -0.6949
0.0138 -0.2476 -0.7767
0.0395 -0.2346 -0.8336
0.0395 -0.2346 -0.8336
0.0408 -0.2187 -0.8614
0.0411 -0.2164 -0.9133
0.0378 -0.2053 -0.9559
0.0451 -0.2122 -0.9960
0.0427 -0.2380 -1.0005
0.0427 -0.2380 -1.0005
0.0239 -0.2522 -0.9901
0.0142 -0.2717 -0.9713
0.0176 -0.2730 -0.9885
0.0241 -0.2840 -1.0354
0.0297 -0.2567 -1.1114
0.0297 -0.2567 -1.1114
0.0266 -0.1812 -1.2101
0.0179 -0.1686 -1.2758
-0.0264 -0.1943 -1.2259
-0.0454 -0.2347 -1.0594
-0.0454 -0.2347 -1.0594
-0.0505 -0.2685 -0.9254
-0.0203 -0.2937 -0.9029
0.0272 -0.2860 -0.9860
0.0838 -0.2502 -1.0983
0.0830 -0.2370 -1.1241
0.0830 -0.2370 -1.1241
0.0780 -0.2588 -1.1039
0.0686 -0.3000 -1.0222
0.0828 -0.3497 -0.9537
0.0991 -0.3830 -0.9387
0.1113 -0.3772 -0.9393
0.1113 -0.3772 -0.9393
0.1156 -0.3634 -0.9583
0.1091 -0.3747 -0.9481
0.0974 -0.3686 -0.9205
0.0927 -0.3678 -0.9134
0.0897 -0.3760 -0.8938
0.0897 -0.3760 -0.8938
0.0919 -0.3976 -0.8916
0.0801 -0.4037 -0.8639
0.0719 -0.4104 -0.8702
0.0666 -0.3706 -0.9033
0.0666 -0.3706 -0.9033
0.0695 -0.3347 -0.9811
0.0724 -0.3374 -1.0039
0.0571 -0.3736 -1.0106
0.0436 -0.4145 -0.9815
0.0306 -0.4317 -0.9102
0.0306 -0.4317 -0.9102
-0.0023 -0.4608 -0.9296
-0.0086 -0.4967 -0.9070
-0.0073 -0.5013 -0.9075
-0.0198 -0.5066 -0.8686
-0.0256 -0.5627 -0.8868
-0.0256 -0.5627 -0.8868
-0.0094 -0.5789 -0.9250
-0.0039 -0.5795 -0.9413
-0.0131 -0.5699 -0.8942
-0.0208 -0.5615 -0.8534
-0.0356 -0.5690 -0.8191
-0.0356 -0.5690 -0.8191
-0.0269 -0.5571 -0.7791
-0.0126 -0.5510 -0.7511
-0.0377 -0.5650 -0.6791
-0.0165 -0.5645 -0.6746
-0.0165 -0.5645 -0.6746
-0.0035 -0.5936 -0.6621
-0.0081 -0.6212 -0.6942
0.0070 -0.6388 -0.7048
0.0032 -0.6217 -0.6839
0.0037 -0.6747 -0.6485
0.0037 -0.6747 -0.6485
0.0285 -0.7113 -0.6111
-0.0234 -0.6580 -0.6344
-0.0014 -0.7205 -0.6449
-0.0085 -0.7333 -0.6470
-0.0305 -0.7294 -0.6079
-0.0305 -0.7294 -0.6079
-0.0300 -0.7376 -0.5642
-0.0075 -0.7622 -0.5577
-0.0001 -0.7671 -0.5577
0.0276 -0.7695 -0.5738
0.0287 -0.7561 -0.5601
0.0287 -0.7561 -0.5601
0.0201 -0.7596 -0.5768
0.0139 -0.7818 -0.6105
0.0084 -0.7650 -0.6263
0.0194 -0.7610 -0.6262
0.0110 -0.7702 -0.5962
0.0110 -0.7702 -0.5962
-0.0041 -0.7767 -0.6045
0.0055 -0.7926 -0.6122
0.0105 -0.7822 -0.6032
0.0077 -0.7803 -0.5888
0.0039 -0.7977 -0.5924
0.0039 -0.7977 -0.5924
-0.0031 -0.8006 -0.5975
-0.0027 -0.7867 -0.5748
-0.0020 -0.7871 -0.5466
-0.0147 -0.7878 -0.5570
-0.0147 -0.7878 -0.5570
-0.0122 -0.7865 -0.5742
0.0045 -0.7807 -0.6019
0.0017 -0.7787 -0.5953
-0.0095 -0.7705 -0.5695
-0.0145 -0.7689 -0.5681
-0.0145 -0.7689 -0.5681
-0.0095 -0.7732 -0.5881
0.0002 -0.7890 -0.6095
0.0038 -0.7719 -0.5929
-0.0063 -0.7743 -0.5698
-0.0237 -0.7872 -0.5440
-0.0237 -0.7872 -0.5440
-0.0242 -0.7868 -0.5332
-0.0090 -0.7880 -0.5560
-0.0114 -0.7865 -0.5453
-0.0179 -0.7860 -0.5215
-0.0084 -0.7949 -0.5149
-0.0084 -0.7949 -0.5149
-0.0072 -0.7941 -0.5297
-0.0033 -0.7845 -0.5393
0.0014 -0.7936 -0.5477
0.0139 -0.7994 -0.5523
0.0107 -0.7940 -0.5484
0.0107 -0.7940 -0.5484
0.0110 -0.8036 -0.5555
0.0133 -0.8059 -0.5578
0.0090 -0.8141 -0.5663
0.0151 -0.8201 -0.5781
0.0151 -0.8201 -0.5781
0.0156 -0.8136 -0.5774
0.0091 -0.8131 -0.5780
0.0104 -0.8185 -0.5690
0.0136 -0.8252 -0.5728
0.0143 -0.8190 -0.5698
0.0143 -0.8190 -0.5698
0.0118 -0.8120 -0.5569
0.0134 -0.8145 -0.5484
0.0174 -0.8202 -0.5559
0.0087 -0.8115 -0.5523
0.0089 -0.8199 -0.5456
0.0089 -0.8199 -0.5456
0.0126 -0.8192 -0.5442
0.0085 -0.8094 -0.5478
0.0154 -0.8123 -0.5571
0.0180 -0.8117 -0.5579
0.0180 -0.8117 -0.5579
0.0106 -0.8120 -0.5473
0.0183 -0.8156 -0.5470
0.0206 -0.8212 -0.5479
0.0161 -0.8245 -0.5381
0.0196 -0.8226 -0.5437
0.0227 -0.8252 -0.5454
0.0227 -0.8252 -0.5454
0.0199 -0.8245 -0.5509
0.0224 -0.8239 -0.5512
0.0245 -0.8251 -0.5507
0.0276 -0.8180 -0.5483
0.0276 -0.8180 -0.5483
0.0187 -0.8245 -0.5391
0.0195 -0.8293 -0.5410
0.0257 -0.8199 -0.5296
0.0223 -0.8277 -0.5287
0.0263 -0.8286 -0.5262
0.0263 -0.8286 -0.5262
0.0349 -0.8279 -0.5222
0.0297 -0.8236 -0.5174
0.0215 -0.8257 -0.5243
0.0274 -0.8303 -0.5303
0.0287 -0.8280 -0.5329
0.0287 -0.8280 -0.5329
0.0237 -0.8276 -0.5316
0.0217 -0.8340 -0.5319
0.0260 -0.8317 -0.5396
0.0273 -0.8276 -0.5402
0.0273 -0.8276 -0.5402
0.0237 -0.8305 -0.5380
0.0232 -0.8404 -0.5369
0.0244 -0.8336 -0.5438
0.0228 -0.8316 -0.5490
0.0242 -0.8356 -0.5474
0.0242 -0.8356 -0.5474
0.0297 -0.8362 -0.5492
0.0253 -0.8237 -0.5387
0.0291 -0.8299 -0.5370
0.0261 -0.8282 -0.5422
0.0217 -0.8215 -0.5436
0.0217 -0.8215 -0.5436
0.0273 -0.8294 -0.5375
0.0221 -0.8322 -0.5363
0.0217 -0.8283 -0.5258
0.0215 -0.8250 -0.5316
0.0255 -0.8254 -0.5488
0.0255 -0.8254 -0.5488
0.0285 -0.8216 -0.5533
0.0240 -0.8197 -0.5539
0.0174 -0.8297 -0.5543
0.0131 -0.8195 -0.5484
0.0137 -0.8191 -0.5485
0.0137 -0.8191 -0.5485
0.0161 -0.8197 -0.5463
0.0167 -0.8268 -0.5415
0.0159 -0.8307 -0.5318
0.0142 -0.8256 -0.5164
0.0142 -0.8256 -0.5164
0.0156 -0.8229 -0.5137
0.0122 -0.8301 -0.5138
0.0134 -0.8331 -0.5223
0.0275 -0.8260 -0.5213
0.0214 -0.8258 -0.5300
0.0214 -0.8258 -0.5300
0.0146 -0.8281 -0.5397
0.0215 -0.8273 -0.5339
0.0311 -0.8271 -0.5310
0.0211 -0.8238 -0.5386
0.0146 -0.8279 -0.5405
0.0146 -0.8279 -0.5405
0.0148 -0.8286 -0.5298
0.0163 -0.8290 -0.5285
0.0188 -0.8295 -0.5341
0.0150 -0.8339 -0.5403
0.0192 -0.8364 -0.5351
0.0192 -0.8364 -0.5351
0.0170 -0.8296 -0.5311
0.0180 -0.8343 -0.5321
0.0113 -0.8318 -0.5379
0.0051 -0.8276 -0.5413
0.0148 -0.8346 -0.5476
0.0148 -0.8346 -0.5476
0.0216 -0.8402 -0.5382
0.0269 -0.8353 -0.5378
0.0198 -0.8317 -0.5372
0.0193 -0.8357 -0.5397
0.0193 -0.8357 -0.5397
0.0220 -0.8331 -0.5476
0.0164 -0.8270 -0.5380
0.0155 -0.8254 -0.5311
0.0206 -0.8341 -0.5332
0.0194 -0.8312 -0.5327
0.0194 -0.8312 -0.5327
0.0158 -0.8276 -0.5319
0.0156 -0.8277 -0.5306
0.0245 -0.8292 -0.5340
0.0176 -0.8320 -0.5389
0.0139 -0.8304 -0.5335
0.0139 -0.8304 -0.5335
0.0197 -0.8331 -0.5326
0.0198 -0.8317 -0.5344
0.0175 -0.8302 -0.5414
0.0243 -0.8347 -0.5395
0.0240 -0.8348 -0.5314
0.0240 -0.8348 -0.5314
0.0228 -0.8320 -0.5336
0.0105 -0.8241 -0.5323
0.0121 -0.8329 -0.5277
0.0226 -0.8343 -0.5297
0.0168 -0.8253 -0.5330
0.0168 -0.8253 -0.5330
0.0175 -0.8296 -0.5265
0.0137 -0.8327 -0.5221
0.0199 -0.8342 -0.5292
0.0213 -0.8395 -0.5211
0.0200 -0.8372 -0.5152
0.0200 -0.8372 -0.5152
0.0204 -0.8360 -0.5240
0.0222 -0.8367 -0.5340
0.0121 -0.8347 -0.5273
0.0058 -0.8302 -0.5167
0.0058 -0.8302 -0.5167
0.0161 -0.8327 -0.5264
0.0234 -0.8327 -0.5428
0.0190 -0.8250 -0.5412
0.0118 -0.8270 -0.5318
0.0170 -0.8322 -0.5295
0.0170 -0.8322 -0.5295
0.0127 -0.8310 -0.4973
0.0154 -0.8432 -0.5159
0.0159 -0.8491 -0.5250
0.0205 -0.8358 -0.5201
0.0116 -0.8440 -0.5477
0.0116 -0.8440 -0.5477
0.0208 -0.8251 -0.5317
0.0332 -0.8227 -0.5191
0.0149 -0.8366 -0.5190
0.0121 -0.8377 -0.5300
0.0256 -0.8363 -0.5444
0.0256 -0.8363 -0.5444
0.0134 -0.8417 -0.5305
0.0120 -0.8394 -0.5213
0.0179 -0.8438 -0.5180
0.0249 -0.8407 -0.5235
0.0241 -0.8334 -0.5265
0.0241 -0.8334 -0.5265
0.0156 -0.8366 -0.5287
0.0224 -0.8367 -0.5398
0.0111 -0.8363 -0.5351
0.0112 -0.8369 -0.5236
0.0112 -0.8369 -0.5236
0.0231 -0.8380 -0.5195
0.0169 -0.8339 -0.5203
0.0092 -0.8322 -0.5258
0.0094 -0.8320 -0.5309
0.0174 -0.8361 -0.5250
0.0174 -0.8361 -0.5250
0.0207 -0.8342 -0.5245
0.0166 -0.8334 -0.5333
0.0196 -0.8378 -0.5301
0.0194 -0.8337 -0.5237
0.0200 -0.8342 -0.5253
0.0200 -0.8342 -0.5253
0.0223 -0.8380 -0.5248
0.0223 -0.8351 -0.5262
0.0189 -0.8326 -0.5230
0.0212 -0.8295 -0.5234
0.0212 -0.8295 -0.5234
0.0203 -0.8313 -0.5174
0.0194 -0.8344 -0.5153
0.0294 -0.8383 -0.5175
0.0240 -0.8342 -0.5196
0.0257 -0.8324 -0.5293
0.0257 -0.8324 -0.5293
0.0244 -0.8355 -0.5364
0.0168 -0.8404 -0.5340
0.0157 -0.8283 -0.5126
0.0173 -0.8401 -0.5303
0.0132 -0.8489 -0.5397
0.0132 -0.8489 -0.5397
0.0191 -0.8306 -0.5437
0.0132 -0.8313 -0.5563
0.0276 -0.8304 -0.5299
0.0148 -0.8335 -0.5125
0.0164 -0.8390 -0.5227
0.0164 -0.8390 -0.5227
0.0152 -0.8313 -0.5206
0.0199 -0.8400 -0.5285
0.0239 -0.8377 -0.5300
0.0240 -0.8324 -0.5302
0.0229 -0.8335 -0.5327
0.0229 -0.8335 -0.5327
0.0266 -0.8389 -0.5291
0.0225 -0.8311 -0.5317
0.0215 -0.8305 -0.5386
0.0219 -0.8283 -0.5382
0.0219 -0.8283 -0.5382
0.0252 -0.8359 -0.5314
0.0234 -0.8332 -0.5270
0.0246 -0.8287 -0.5302
0.0231 -0.8404 -0.5272
0.0155 -0.8370 -0.5233
0.0155 -0.8370 -0.5233
0.0186 -0.8320 -0.5265
0.0245 -0.8330 -0.5321
0.0190 -0.8310 -0.5274
0.0224 -0.8377 -0.5341
0.0314 -0.8387 -0.5351
0.0314 -0.8387 -0.5351
0.0280 -0.8308 -0.5346
0.0200 -0.8305 -0.5258
0.0196 -0.8318 -0.5199
0.0235 -0.8377 -0.5334
0.0291 -0.8329 -0.5374
0.0291 -0.8329 -0.5374
0.0204 -0.8282 -0.5311
0.0170 -0.8330 -0.5279
0.0249 -0.8326 -0.5305
0.0258 -0.8288 -0.5313
0.0247 -0.8342 -0.5290
0.0247 -0.8342 -0.5290
0.0251 -0.8342 -0.5252
0.0263 -0.8336 -0.5352
0.0253 -0.8282 -0.5339
0.0261 -0.8273 -0.5327
0.0261 -0.8273 -0.5327
0.0280 -0.8354 -0.5334
0.0231 -0.8366 -0.5331
0.0193 -0.8294 -0.5250
0.0198 -0.8372 -0.5223
0.0273 -0.8365 -0.5186
0.0273 -0.8365 -0.5186
0.0305 -0.8315 -0.5209
0.0251 -0.8278 -0.5330
0.0237 -0.8359 -0.5325
0.0202 -0.8362 -0.5214
0.0206 -0.8363 -0.5248
0.0206 -0.8363 -0.5248
0.0279 -0.8291 -0.5377
0.0312 -0.8254 -0.5468
0.0253 -0.8325 -0.5441
0.0173 -0.8304 -0.5141
0.0204 -0.8119 -0.5191
0.0204 -0.8119 -0.5191
0.0224 -0.8425 -0.5278
0.0206 -0.8333 -0.5289
0.0241 -0.8497 -0.5662
0.0256 -0.8416 -0.5687
0.0256 -0.8416 -0.5687
0.0334 -0.8031 -0.5230

