0.0080 -0.8414 -0.5029
0.0162 -0.8434 -0.5134
0.0153 -0.8458 -0.5154
0.0134 -0.8483 -0.5178
0.0172 -0.8477 -0.5070
0.0155 -0.8497 -0.5047
0.0155 -0.8497 -0.5047
0.0187 -0.8555 -0.5032
0.0149 -0.8503 -0.5089
0.0182 -0.8513 -0.5112
0.0198 -0.8508 -0.5142
0.0177 -0.8514 -0.5123
0.0177 -0.8514 -0.5123
0.0247 -0.8495 -0.5011
0.0200 -0.8461 -0.5103
0.0235 -0.8517 -0.5139
0.0147 -0.8451 -0.5090
0.0203 -0.8435 -0.5201
0.0203 -0.8435 -0.5201
0.0237 -0.8407 -0.5050
0.0166 -0.8383 -0.4972
0.0143 -0.8395 -0.4899
0.0132 -0.8456 -0.5027
0.0195 -0.8432 -0.4996
0.0195 -0.8432 -0.4996
0.0167 -0.8440 -0.4933
0.0224 -0.8468 -0.4966
0.0283 -0.8465 -0.5033
0.0200 -0.8571 -0.5136
0.0200 -0.8571 -0.5136
0.0204 -0.8552 -0.5089
0.0218 -0.8497 -0.5099
0.0179 -0.8475 -0.5170
0.0232 -0.8454 -0.5312
0.0233 -0.8386 -0.5130
0.0233 -0.8386 -0.5130
0.0209 -0.8407 -0.4984
0.0172 -0.8449 -0.5033
0.0181 -0.8435 -0.5107
0.0169 -0.8430 -0.5199
0.0180 -0.8415 -0.5206
0.0180 -0.8415 -0.5206
0.0304 -0.8435 -0.5191
0.0229 -0.8383 -0.5258
0.0192 -0.8429 -0.5203
0.0186 -0.8497 -0.5222
0.0151 -0.8473 -0.5187
0.0151 -0.8473 -0.5187
0.0110 -0.8511 -0.5229
0.0309 -0.8345 -0.5182
0.0182 -0.8358 -0.4933
0.0373 -0.8126 -0.5384
0.0373 -0.8126 -0.5384
0.0286 -0.8984 -0.5543
0.0254 -0.8363 -0.5236
0.0327 -0.8392 -0.5427
0.0302 -0.8204 -0.4848
0.0200 -0.8154 -0.5374
0.0201 -0.8622 -0.5268
0.0201 -0.8622 -0.5268
0.0292 -0.8246 -0.5273
0.0232 -0.8336 -0.5164
0.0265 -0.8363 -0.5170
0.0265 -0.8363 -0.5170
0.0293 -0.8407 -0.5281
0.0324 -0.8254 -0.5258
0.0330 -0.8297 -0.5271
0.0269 -0.8342 -0.5141
0.0310 -0.8291 -0.5091
0.0310 -0.8291 -0.5091
0.0356 -0.8230 -0.5110
0.0384 -0.8173 -0.5065
0.0376 -0.8163 -0.5038
0.0363 -0.8044 -0.4946
0.0370 -0.8059 -0.4934
0.0370 -0.8059 -0.4934
0.0311 -0.7931 -0.4944
0.0307 -0.7951 -0.5110
0.0302 -0.7910 -0.5057
0.0305 -0.7862 -0.5113
0.0305 -0.7862 -0.5113
0.0377 -0.7735 -0.5044
0.0528 -0.7793 -0.5312
0.0774 -0.7723 -0.5439
0.0891 -0.7690 -0.5493
0.0958 -0.7503 -0.5479
0.0958 -0.7503 -0.5479
0.0401 -0.7601 -0.5503
0.0762 -0.7782 -0.5550
0.0081 -0.7741 -0.6470
0.0681 -0.7565 -0.5248
0.0705 -0.7446 -0.5808
0.0705 -0.7446 -0.5808
0.1077 -0.7059 -0.5591
0.1610 -0.6667 -0.5654
0.2030 -0.6317 -0.5805
0.2198 -0.5830 -0.5612
0.2324 -0.5731 -0.5143
0.2324 -0.5731 -0.5143
0.2509 -0.5868 -0.4601
0.2761 -0.5749 -0.4297
0.3089 -0.5244 -0.4533
0.3429 -0.4716 -0.5123
0.3517 -0.4258 -0.5963
0.3456 -0.4277 -0.7085
0.3071 -0.4226 -0.8065
0.2626 -0.3989 -0.9114
0.2596 -0.4151 -0.9392
0.2765 -0.4335 -0.9138
0.2765 -0.4335 -0.9138
0.2782 -0.5388 -0.9505
0.2274 -0.6039 -0.9771
0.1798 -0.5896 -0.9549
0.1715 -0.5875 -0.9476
0.1715 -0.5875 -0.9476
0.1748 -0.6002 -0.9318
0.1647 -0.6145 -0.9504
0.1379 -0.6131 -0.9726
0.1143 -0.5788 -0.9686
0.0970 -0.5704 -0.9855
0.0970 -0.5704 -0.9855
0.0596 -0.5854 -1.0172
-0.0070 -0.5930 -1.0245
-0.0634 -0.5988 -1.0351
-0.1042 -0.5905 -1.0398
-0.1283 -0.5821 -1.0527
-0.1283 -0.5821 -1.0527
-0.1414 -0.5869 -1.0290
-0.1351 -0.5969 -0.9958
-0.1066 -0.5859 -0.9929
-0.0541 -0.5708 -1.0286
0.0194 -0.5329 -1.1004
0.0194 -0.5329 -1.1004
0.0692 -0.5095 -1.1562
0.0798 -0.4860 -1.2451
0.0298 -0.4097 -1.3745
-0.0288 -0.3093 -1.4267
-0.0396 -0.2516 -1.3152
-0.0396 -0.2516 -1.3152
0.0094 -0.2288 -1.0977
0.0364 -0.2535 -0.9059
0.0511 -0.2891 -0.7493
0.0406 -0.3107 -0.6486
0.0406 -0.3107 -0.6486
0.0246 -0.3396 -0.6052
0.0246 -0.3396 -0.6052
0.0143 -0.3359 -0.6323
0.0148 -0.3374 -0.6805
0.0032 -0.3333 -0.6975
-0.0016 -0.3365 -0.7425
-0.0222 -0.3704 -0.7615
-0.0506 -0.3937 -0.7830
-0.0888 -0.4255 -0.7760
-0.1396 -0.4678 -0.7934
-0.1396 -0.4678 -0.7934
-0.1946 -0.5124 -0.8195
-0.2559 -0.5483 -0.8082
-0.3092 -0.5759 -0.8098
-0.3425 -0.6006 -0.8046
-0.3551 -0.6161 -0.8006
-0.3551 -0.6161 -0.8006
-0.3550 -0.6270 -0.7811
-0.3365 -0.6473 -0.7653
-0.3158 -0.6601 -0.7834
-0.2832 -0.6621 -0.8138
-0.2832 -0.6621 -0.8138
-0.2459 -0.6519 -0.8260
-0.2035 -0.6485 -0.8695
-0.1487 -0.6306 -0.9258
-0.0921 -0.5774 -0.9196
-0.0268 -0.5708 -0.8569
-0.0268 -0.5708 -0.8569
0.0756 -0.6280 -0.7816
0.1580 -0.6616 -0.7666
0.2189 -0.7156 -0.7832
0.2527 -0.7143 -0.7791
0.2492 -0.6191 -0.8471
0.2492 -0.6191 -0.8471
0.2388 -0.5616 -0.9234
0.2316 -0.5106 -0.9426
0.2906 -0.4851 -0.8648
0.3480 -0.4935 -0.7895
0.3890 -0.5650 -0.7290
0.3890 -0.5650 -0.7290
0.3964 -0.5821 -0.7494
0.3346 -0.5440 -0.7663
0.2247 -0.5109 -0.8008
0.1232 -0.4979 -0.8534
0.0304 -0.4810 -0.8609
0.0304 -0.4810 -0.8609
-0.0458 -0.4642 -0.8107
-0.0855 -0.4465 -0.7454
-0.1043 -0.4652 -0.7138
-0.1125 -0.5054 -0.6741
-0.1125 -0.5054 -0.6741
-0.1043 -0.5381 -0.6377
-0.0934 -0.5755 -0.6343
-0.1066 -0.5985 -0.6680
-0.1258 -0.6088 -0.6984
-0.1185 -0.6229 -0.7262
-0.1185 -0.6229 -0.7262
-0.1055 -0.6257 -0.7285
-0.1104 -0.6357 -0.7469
-0.1220 -0.6527 -0.7485
-0.1251 -0.6860 -0.7798
-0.1417 -0.7072 -0.8200
-0.1417 -0.7072 -0.8200
-0.1847 -0.7097 -0.8641
-0.2266 -0.6921 -0.9052
-0.2200 -0.7108 -0.9073
-0.2186 -0.6996 -0.9409
-0.2619 -0.6908 -0.9667
-0.2619 -0.6908 -0.9667
-0.2820 -0.7121 -0.9117
-0.3074 -0.6883 -0.9929
-0.4048 -0.5712 -1.1015
-0.4667 -0.4172 -1.0512
-0.4667 -0.4172 -1.0512
-0.4615 -0.3707 -0.8456
-0.3761 -0.4300 -0.7203
-0.2956 -0.4906 -0.6123
-0.2841 -0.4615 -0.5386
-0.2855 -0.4646 -0.6033
-0.2855 -0.4646 -0.6033
-0.2502 -0.4426 -0.6952
-0.1059 -0.3467 -0.6852
-0.0043 -0.3789 -0.6536
0.0648 -0.4498 -0.6186
0.0648 -0.4498 -0.6186
0.1034 -0.5163 -0.6019
0.1246 -0.5650 -0.5990
0.1422 -0.6041 -0.6425
0.1473 -0.6475 -0.7135
0.1328 -0.6634 -0.8025
0.1328 -0.6634 -0.8025
0.1331 -0.6466 -0.8642
0.1481 -0.6408 -0.9039
0.1585 -0.6444 -0.8945
0.1784 -0.6521 -0.8975
0.1988 -0.6891 -0.8515
0.1988 -0.6891 -0.8515
0.2142 -0.7219 -0.8238
0.2031 -0.7422 -0.8452
0.1577 -0.7256 -0.8986
0.1028 -0.6853 -0.9317
0.1028 -0.6853 -0.9317
0.1125 -0.7073 -0.9283
0.1453 -0.6909 -0.9445
0.1649 -0.6967 -0.8577
0.2375 -0.7288 -0.8225
0.2746 -0.7252 -0.8664
0.2746 -0.7252 -0.8664
0.2620 -0.6185 -0.9422
0.2331 -0.5218 -0.9240
0.2371 -0.4613 -0.8449
0.2791 -0.4722 -0.7607
0.3163 -0.4909 -0.7135
0.3163 -0.4909 -0.7135
0.3320 -0.5116 -0.7339
0.2864 -0.4642 -0.8277
0.1750 -0.4030 -1.0152
0.0801 -0.3750 -1.1353
-0.0293 -0.3121 -1.0687
-0.0293 -0.3121 -1.0687
-0.0818 -0.2640 -0.9513
-0.1055 -0.3212 -0.8390
-0.1849 -0.3862 -0.6242
-0.2041 -0.4550 -0.5831
-0.2041 -0.4550 -0.5831
-0.2213 -0.5123 -0.5906
-0.2465 -0.5460 -0.6288
-0.2810 -0.5718 -0.6370
-0.3040 -0.6000 -0.6868
-0.3040 -0.6000 -0.6868
-0.3292 -0.6238 -0.7108
-0.3481 -0.6411 -0.7048
-0.3574 -0.6681 -0.7258
-0.3549 -0.7148 -0.7552
-0.3540 -0.7163 -0.8155
-0.3540 -0.7163 -0.8155
-0.3578 -0.6931 -0.8493
-0.3408 -0.6901 -0.8826
-0.3372 -0.7001 -0.9033
-0.3875 -0.6497 -0.9562
-0.4236 -0.6658 -0.9675
-0.4236 -0.6658 -0.9675
-0.4481 -0.6427 -0.9501
-0.4951 -0.5351 -1.1035
-0.5207 -0.4256 -1.1597
-0.5223 -0.3544 -1.0638
-0.4851 -0.3601 -0.8765
-0.4851 -0.3601 -0.8765
-0.4149 -0.4466 -0.7925
-0.3863 -0.4411 -0.7265
-0.3808 -0.4030 -0.7706
-0.3542 -0.3521 -0.7896
-0.3143 -0.2758 -0.7462
-0.3143 -0.2758 -0.7462
-0.2292 -0.2810 -0.7109
-0.1406 -0.3247 -0.6815
-0.0803 -0.3659 -0.6355
-0.0214 -0.4394 -0.6173
-0.0214 -0.4394 -0.6173
0.0474 -0.5253 -0.6238
0.1086 -0.5707 -0.6783
0.1547 -0.5824 -0.7442
0.1885 -0.5684 -0.8145
0.2316 -0.5770 -0.8740
0.2316 -0.5770 -0.8740
0.2823 -0.5922 -0.8683
0.3174 -0.6107 -0.8735
0.3346 -0.6536 -0.8523
0.3340 -0.6859 -0.8223
0.3307 -0.7173 -0.8078
0.3307 -0.7173 -0.8078
0.3266 -0.7418 -0.8215
0.3287 -0.7556 -0.8312
0.3429 -0.7648 -0.8274
0.3516 -0.7566 -0.8496
0.3652 -0.7911 -0.8779
0.3652 -0.7911 -0.8779
0.3622 -0.7836 -0.9437
0.3075 -0.6400 -1.0308
0.2599 -0.4867 -1.0241
0.2703 -0.3923 -0.8779
0.3003 -0.3633 -0.6965
0.3003 -0.3633 -0.6965
0.3248 -0.3983 -0.5782
0.3681 -0.4333 -0.5237
0.3865 -0.4574 -0.6021
0.3339 -0.4465 -0.7562
0.3339 -0.4465 -0.7562
0.2128 -0.3865 -0.9801
0.1082 -0.3568 -1.1516
-0.0235 -0.3033 -1.1424
-0.1631 -0.2727 -0.9716
-0.2321 -0.2971 -0.9501
-0.2321 -0.2971 -0.9501
-0.2802 -0.3696 -0.9150
-0.3074 -0.4035 -0.7806
-0.2981 -0.4269 -0.6777
-0.2831 -0.5118 -0.6313
-0.2831 -0.5118 -0.6313
-0.2787 -0.5275 -0.6384
-0.2732 -0.5499 -0.6722
-0.2936 -0.5797 -0.6991
-0.3047 -0.6410 -0.7935
-0.3143 -0.6822 -0.9130
-0.3143 -0.6822 -0.9130
-0.3448 -0.6376 -1.0136
-0.3698 -0.5969 -1.0610
-0.3788 -0.6487 -1.0978
-0.3880 -0.6860 -1.1033
-0.3907 -0.6553 -1.1438
-0.3982 -0.5113 -1.2224
-0.4320 -0.2972 -1.2538
-0.3886 -0.2098 -1.0853
-0.3080 -0.2129 -0.8604
-0.3080 -0.2129 -0.8604
-0.2300 -0.3015 -0.6657
-0.1495 -0.4059 -0.5303
-0.1358 -0.4664 -0.4593
-0.1424 -0.5119 -0.5331
-0.1216 -0.5124 -0.7322
-0.1216 -0.5124 -0.7322
-0.0757 -0.4135 -0.7977
-0.0193 -0.3338 -0.8055
0.0665 -0.3806 -0.7843
0.1349 -0.4458 -0.7304
0.1871 -0.5033 -0.6661
0.1871 -0.5033 -0.6661
0.2293 -0.5592 -0.6609
0.2748 -0.6189 -0.6856
0.3047 -0.6479 -0.7283
0.3318 -0.6570 -0.7677
0.3500 -0.6370 -0.8200
0.3500 -0.6370 -0.8200
0.3763 -0.6164 -0.8864
0.3939 -0.5697 -0.9083
0.4099 -0.5563 -0.9155
0.4292 -0.5859 -0.9096
0.4292 -0.5859 -0.9096
0.4388 -0.6148 -0.9292
0.4256 -0.6197 -0.9965
0.4011 -0.6373 -1.0585
0.3648 -0.6381 -1.1217
0.3385 -0.6431 -1.1372
0.3385 -0.6431 -1.1372
0.2602 -0.5056 -1.1694
0.1601 -0.3429 -1.1816
0.0898 -0.2652 -1.0437
0.0538 -0.2371 -0.8172
0.0431 -0.2645 -0.6644
0.0658 -0.3722 -0.5492
0.0769 -0.4395 -0.4969
0.0687 -0.4601 -0.5636
0.0395 -0.4709 -0.6800
0.0180 -0.4546 -0.8345
0.0180 -0.4546 -0.8345
-0.0115 -0.4064 -1.0087
-0.0536 -0.3791 -1.1657
-0.1144 -0.3810 -1.1782
-0.1497 -0.3839 -1.1102
-0.1531 -0.4054 -0.9993
-0.1531 -0.4054 -0.9993
-0.1494 -0.4320 -0.8670
-0.1699 -0.4509 -0.7819
-0.1858 -0.4746 -0.7483
-0.1593 -0.4921 -0.7513
-0.1593 -0.4921 -0.7513
-0.0995 -0.4746 -0.7841
-0.0486 -0.4563 -0.8091
-0.0029 -0.4441 -0.8440
0.0268 -0.4567 -0.8182
0.0220 -0.4833 -0.8178
0.0220 -0.4833 -0.8178
-0.0145 -0.5218 -0.8349
-0.0616 -0.5222 -0.8575
-0.1144 -0.5251 -0.9183
-0.1802 -0.5161 -0.9763
-0.2194 -0.5589 -0.9641
-0.2194 -0.5589 -0.9641
-0.2585 -0.6421 -0.9515
-0.3393 -0.5638 -1.1469
-0.3950 -0.3811 -1.2976
-0.4056 -0.2493 -1.2601
-0.4235 -0.2342 -1.0295
-0.4235 -0.2342 -1.0295
-0.4155 -0.3357 -0.8915
-0.3375 -0.4605 -0.8078
-0.2774 -0.5002 -0.6995
-0.2485 -0.4850 -0.7111
-0.1979 -0.4188 -0.9305
-0.1979 -0.4188 -0.9305
-0.1116 -0.3240 -1.0758
0.0351 -0.1990 -1.1393
0.1522 -0.1947 -1.0748
0.1964 -0.2276 -1.0225
0.1964 -0.2276 -1.0225
0.2166 -0.2796 -0.9330
0.2425 -0.3334 -0.8720
0.2544 -0.4043 -0.8136
0.2235 -0.4437 -0.7470
0.1734 -0.4886 -0.6812
0.1734 -0.4886 -0.6812
0.1610 -0.5439 -0.6995
0.1021 -0.4941 -0.5276
0.0845 -0.4767 -0.4732
0.1424 -0.5686 -0.5408
0.1796 -0.6287 -0.6546
0.1796 -0.6287 -0.6546
0.1384 -0.6476 -0.8218
0.0034 -0.6197 -0.9445
-0.1279 -0.5365 -0.9680
-0.1530 -0.4960 -0.8916
-0.0418 -0.5166 -0.7759
-0.0418 -0.5166 -0.7759
0.0835 -0.5767 -0.6711
0.2592 -0.7649 -0.6243
0.2054 -0.7332 -0.7769
0.2054 -0.7332 -0.7769
0.0726 -0.6269 -0.9601
-0.0136 -0.5270 -1.0060
-0.0356 -0.4887 -1.0132
0.0192 -0.5169 -0.9454
0.0542 -0.5584 -0.8580
0.0542 -0.5584 -0.8580
0.0508 -0.5758 -0.7595
0.0307 -0.5750 -0.6872
0.0189 -0.5795 -0.6526
0.0307 -0.6129 -0.7184
0.0310 -0.6042 -0.7459
0.0310 -0.6042 -0.7459
0.0797 -0.5827 -0.7945
0.1506 -0.6058 -0.8487
0.1809 -0.6286 -0.8955
0.1801 -0.6404 -0.9283
0.1641 -0.6286 -0.9133
0.1641 -0.6286 -0.9133
0.1234 -0.5701 -0.9273
0.0825 -0.5381 -0.9273
0.0441 -0.4982 -0.8889
0.0297 -0.4967 -0.8041
0.0431 -0.5195 -0.7282
0.0431 -0.5195 -0.7282
0.0703 -0.5576 -0.6922
0.0874 -0.5768 -0.6779
0.0982 -0.5958 -0.7054
0.1048 -0.6257 -0.7489
0.0756 -0.6196 -0.8116
0.0756 -0.6196 -0.8116
0.0122 -0.6194 -0.9255
-0.0543 -0.6164 -0.9921
-0.1008 -0.5788 -0.9911
-0.1182 -0.5612 -0.9056
-0.1182 -0.5612 -0.9056
-0.1066 -0.5530 -0.8070
-0.0750 -0.5695 -0.7183
-0.0514 -0.5651 -0.6480
-0.0406 -0.5705 -0.6053
-0.0307 -0.5974 -0.6128
-0.0307 -0.5974 -0.6128
-0.0360 -0.6205 -0.6404
-0.0336 -0.6241 -0.6585
-0.0210 -0.6246 -0.7192
-0.0083 -0.6323 -0.7611
0.0066 -0.6319 -0.7911
0.0066 -0.6319 -0.7911
0.0163 -0.6398 -0.8218
0.0237 -0.6451 -0.8707
0.0267 -0.6332 -0.8948
0.0237 -0.6158 -0.8983
0.0178 -0.6117 -0.9009
0.0178 -0.6117 -0.9009
0.0031 -0.6139 -0.8694
-0.0060 -0.6161 -0.8070
0.0184 -0.6491 -0.7404
0.0518 -0.6790 -0.7305
0.0518 -0.6790 -0.7305
0.0823 -0.7099 -0.7285
0.0774 -0.7110 -0.7577
0.0442 -0.6854 -0.8726
0.0093 -0.6518 -0.9244
-0.0239 -0.5846 -0.8994
-0.0239 -0.5846 -0.8994
-0.0174 -0.5464 -0.8400
0.0142 -0.5452 -0.7621
0.0509 -0.5381 -0.6672
0.0815 -0.5236 -0.5942
0.0940 -0.5128 -0.6009
0.0940 -0.5128 -0.6009
0.1140 -0.5243 -0.6395
0.1354 -0.5202 -0.6819
0.1340 -0.5034 -0.7240
0.1267 -0.4745 -0.7996
0.1422 -0.4388 -0.8626
0.1422 -0.4388 -0.8626
0.1596 -0.4315 -0.8309
0.1726 -0.4547 -0.7691
0.1777 -0.5098 -0.7364
0.1675 -0.5512 -0.7085
0.1675 -0.5512 -0.7085
0.1457 -0.5538 -0.7201
0.1256 -0.5715 -0.7560
0.1057 -0.5862 -0.7926
0.0913 -0.6027 -0.8179
0.0906 -0.6097 -0.8312
0.0906 -0.6097 -0.8312
0.0918 -0.6111 -0.8286
0.0948 -0.5962 -0.8361
0.1218 -0.6076 -0.8567
0.1464 -0.6063 -0.9038
0.1762 -0.6124 -0.9513
0.1762 -0.6124 -0.9513
0.1823 -0.5963 -1.0409
0.1708 -0.5659 -1.1056
0.1447 -0.5197 -1.1978
0.0993 -0.4693 -1.2559
0.0339 -0.3708 -1.3609
-0.0385 -0.2548 -1.4047
-0.0904 -0.1667 -1.2815
-0.1334 -0.1291 -1.0626
-0.1592 -0.1869 -0.8986
-0.1837 -0.2488 -0.7605
-0.1837 -0.2488 -0.7605
-0.1993 -0.2568 -0.6909
-0.1822 -0.2902 -0.6859
-0.1206 -0.2859 -0.6364
-0.0280 -0.2480 -0.5959
-0.0280 -0.2480 -0.5959
0.0406 -0.2578 -0.5796
0.1067 -0.3123 -0.6327
0.1557 -0.3580 -0.6599
0.1768 -0.3874 -0.6650
0.1765 -0.4263 -0.6865
0.1765 -0.4263 -0.6865
0.1802 -0.4839 -0.7373
0.1850 -0.5223 -0.7803
0.2009 -0.5375 -0.8473
0.2334 -0.5396 -0.9140
0.2608 -0.5452 -0.9438
0.2608 -0.5452 -0.9438
0.2872 -0.5484 -0.9405
0.3094 -0.5505 -0.9506
0.3166 -0.5591 -0.9555
0.3080 -0.5731 -0.9714
0.2994 -0.5884 -0.9962
0.2994 -0.5884 -0.9962
0.2907 -0.5912 -1.0119
0.2825 -0.5795 -1.0059
0.2810 -0.6025 -0.9745
0.2866 -0.6026 -0.9883
0.2855 -0.5786 -1.0101
0.2855 -0.5786 -1.0101
0.2909 -0.4805 -1.0557
0.2755 -0.3607 -1.0105
0.3009 -0.3077 -0.8716
0.3324 -0.3265 -0.7052
0.3628 -0.3768 -0.5920
0.3628 -0.3768 -0.5920
0.3762 -0.4110 -0.6308
0.3331 -0.3725 -0.7894
0.2209 -0.2273 -0.9520
0.2209 -0.2273 -0.9520
0.1587 -0.2141 -1.0004
0.0747 -0.2563 -0.9679
0.0055 -0.2778 -0.8826
-0.0363 -0.3262 -0.8083
-0.0501 -0.3776 -0.7388
-0.0501 -0.3776 -0.7388
-0.0670 -0.4084 -0.6701
-0.0796 -0.4389 -0.6589
-0.0707 -0.4798 -0.6737
-0.0489 -0.4805 -0.6899
-0.0050 -0.4654 -0.7291
-0.0050 -0.4654 -0.7291
0.0271 -0.4606 -0.7483
0.0383 -0.4540 -0.7837
0.0431 -0.4675 -0.8565
0.0278 -0.4489 -0.9730
0.0009 -0.4228 -1.1138
0.0009 -0.4228 -1.1138
-0.0134 -0.4263 -1.1713
-0.0591 -0.4084 -1.1957
-0.1013 -0.4296 -1.3106
-0.1385 -0.3424 -1.3961
-0.1385 -0.3424 -1.3961
-0.1433 -0.1851 -1.4197
-0.1187 -0.1496 -1.2149
-0.0709 -0.2300 -1.0197
-0.0583 -0.3384 -0.9073
-0.1026 -0.3289 -0.8897
-0.1026 -0.3289 -0.8897
-0.1499 -0.3157 -0.9049
-0.1243 -0.2936 -0.8398
-0.0335 -0.2549 -0.7294
0.0494 -0.2678 -0.6432
0.1297 -0.3029 -0.5886
0.1297 -0.3029 -0.5886
0.1991 -0.3335 -0.5374
0.2437 -0.3537 -0.5055
0.2771 -0.3952 -0.5160
0.2993 -0.4273 -0.5725
0.3117 -0.4314 -0.6495
0.3117 -0.4314 -0.6495
0.3291 -0.4197 -0.7869
0.3591 -0.4086 -0.9125
0.3914 -0.3821 -0.9865
0.4022 -0.3672 -1.0600
0.3965 -0.3845 -1.1083
0.3965 -0.3845 -1.1083
0.3815 -0.4171 -1.1260
0.3509 -0.4368 -1.1504
0.2948 -0.4489 -1.1920
0.2306 -0.4648 -1.2048
0.2306 -0.4648 -1.2048
0.2059 -0.4735 -1.1944
0.2327 -0.4590 -1.1773
0.2840 -0.4516 -1.1362
0.2979 -0.3502 -1.1408
0.2800 -0.2737 -1.0309
0.2800 -0.2737 -1.0309
0.2745 -0.2645 -0.8654
0.2887 -0.3138 -0.6817
0.3183 -0.3674 -0.5981
0.3273 -0.3834 -0.6435
0.2962 -0.3516 -0.7902
0.2962 -0.3516 -0.7902
0.2448 -0.3150 -1.0067
0.2169 -0.2488 -1.2059
0.2176 -0.1982 -1.1159
0.2309 -0.2014 -1.0457
0.1996 -0.2286 -0.9045
0.1996 -0.2286 -0.9045
0.1664 -0.2519 -0.8131
0.1268 -0.2941 -0.7538
0.0649 -0.3249 -0.7162
0.0081 -0.3546 -0.6882
0.0081 -0.3546 -0.6882
-0.0119 -0.3788 -0.6832
-0.0231 -0.4014 -0.6821
-0.0318 -0.4020 -0.7074
-0.0294 -0.4002 -0.7285
-0.0210 -0.3985 -0.7557
-0.0210 -0.3985 -0.7557
-0.0172 -0.3806 -0.7847
-0.0136 -0.3653 -0.8132
-0.0009 -0.3449 -0.8816
0.0082 -0.3710 -0.9535
-0.0148 -0.3360 -1.0721
-0.0148 -0.3360 -1.0721
-0.0447 -0.3633 -1.2185
-0.0792 -0.3159 -1.3394
-0.1310 -0.2298 -1.4322
-0.1698 -0.2323 -1.2834
-0.1972 -0.3047 -1.0660
-0.1972 -0.3047 -1.0660
-0.2088 -0.4052 -0.9079
-0.2277 -0.4052 -0.8104
-0.2103 -0.4135 -0.8433
-0.1229 -0.3616 -0.8770
-0.0062 -0.2780 -0.8298
-0.0062 -0.2780 -0.8298
0.1093 -0.2616 -0.7718
0.2251 -0.2593 -0.6835
0.2976 -0.2595 -0.5993
0.3295 -0.2986 -0.5734
0.3609 -0.3398 -0.5701
0.3609 -0.3398 -0.5701
0.3633 -0.3420 -0.6133
0.3728 -0.3757 -0.6607
0.3314 -0.4268 -0.7023
0.3824 -0.3256 -0.8169
0.3824 -0.3256 -0.8169
0.3803 -0.4452 -0.8458
0.3546 -0.3930 -0.8567
0.2834 -0.4157 -0.9698
0.2070 -0.4345 -1.0093
0.1495 -0.4873 -1.1015
0.1495 -0.4873 -1.1015
0.1057 -0.5163 -1.1714
0.0133 -0.5527 -1.3434
-0.0656 -0.5162 -1.3814
-0.0530 -0.5068 -1.2966
-0.0530 -0.5068 -1.2966
0.0234 -0.5446 -1.2003
0.0903 -0.4736 -1.0987
0.1803 -0.3747 -0.9591
0.2973 -0.3435 -0.8177
0.3943 -0.3508 -0.6801
0.3943 -0.3508 -0.6801
0.4575 -0.3730 -0.6050
0.4745 -0.3764 -0.6555
0.4451 -0.3139 -0.7769
0.3889 -0.2279 -1.0452
0.3889 -0.2279 -1.0452
0.3712 -0.1494 -1.2378
0.3324 -0.1173 -1.2246
0.2806 -0.1530 -1.1232
0.2108 -0.2179 -0.9397
0.1881 -0.2762 -0.7694
0.1881 -0.2762 -0.7694
0.1481 -0.3235 -0.6644
0.1334 -0.3688 -0.6113
0.1280 -0.3860 -0.5925
0.1342 -0.4086 -0.5711
0.1374 -0.4076 -0.5995
0.1374 -0.4076 -0.5995
0.1297 -0.4055 -0.6069
0.1165 -0.3988 -0.6435
0.1116 -0.4143 -0.6888
0.1072 -0.4377 -0.7687
0.0873 -0.4292 -0.8945
0.0873 -0.4292 -0.8945
0.0645 -0.4257 -0.9877
0.0561 -0.4442 -1.0661
0.0643 -0.5319 -1.0977
0.0600 -0.5530 -1.1474
0.0551 -0.5271 -1.2428
0.0551 -0.5271 -1.2428
0.0234 -0.3885 -1.2999
0.0115 -0.3832 -1.1913
0.0301 -0.4685 -1.0039
0.0605 -0.5233 -0.8476
0.0605 -0.5233 -0.8476
0.0907 -0.5146 -0.7162
0.1325 -0.5030 -0.6856
0.1582 -0.4772 -0.7318
0.2129 -0.4229 -0.7340
0.2799 -0.3712 -0.7044
0.2799 -0.3712 -0.7044
0.3583 -0.3736 -0.6456
0.4279 -0.3957 -0.5687
0.4442 -0.4457 -0.5066
0.4276 -0.4847 -0.4686
0.3974 -0.5069 -0.4974
0.3974 -0.5069 -0.4974
0.3443 -0.5156 -0.6099
0.2829 -0.5047 -0.7240
0.2212 -0.4646 -0.8893
0.1627 -0.4450 -1.0732
0.0915 -0.4054 -1.1380
0.0915 -0.4054 -1.1380
0.0300 -0.3865 -1.1853
-0.0092 -0.3960 -1.1368
-0.0251 -0.3944 -1.0544
-0.0225 -0.3925 -0.9617
-0.0152 -0.3777 -0.8700
-0.0152 -0.3777 -0.8700
0.0046 -0.3660 -0.8107
0.0467 -0.3510 -0.7764
0.0946 -0.3250 -0.7754
0.1402 -0.3227 -0.7922
0.1402 -0.3227 -0.7922
0.1955 -0.3366 -0.7791
0.2290 -0.3890 -0.7724
0.1868 -0.4033 -0.8935
0.0749 -0.3433 -1.2254
0.0215 -0.2995 -1.3953
0.0215 -0.2995 -1.3953
-0.0152 -0.1474 -1.5463
-0.0448 -0.0586 -1.4373
-0.0111 -0.0795 -1.2360
0.0213 -0.1334 -1.0391
0.0809 -0.1804 -0.9054
0.0809 -0.1804 -0.9054
0.0836 -0.1971 -0.8296
0.0659 -0.2187 -0.7892
0.0586 -0.2293 -0.7758
0.0722 -0.2342 -0.7646
0.0914 -0.2216 -0.7509
0.0914 -0.2216 -0.7509
0.1039 -0.2218 -0.7640
0.0985 -0.2291 -0.7871
0.0911 -0.2365 -0.8031
0.0898 -0.2630 -0.8151
0.1001 -0.2951 -0.8300
0.1001 -0.2951 -0.8300
0.1235 -0.3324 -0.8521
0.1296 -0.3487 -0.8893
0.1315 -0.3499 -0.9465
0.1316 -0.3336 -1.0066
0.1316 -0.3336 -1.0066
0.1474 -0.3267 -1.1202
0.1678 -0.3421 -1.1978
0.1233 -0.2470 -1.2717
0.0704 -0.2116 -1.2457
0.0600 -0.2468 -1.1454
0.0600 -0.2468 -1.1454
0.0663 -0.3253 -1.0438
0.0448 -0.3759 -0.9501
0.0114 -0.3958 -0.9021
-0.0376 -0.4272 -0.9333
-0.0769 -0.4303 -0.9689
-0.0769 -0.4303 -0.9689
-0.0978 -0.4174 -0.9880
-0.1053 -0.4124 -0.9893
-0.0949 -0.4177 -0.9614
-0.0784 -0.4240 -0.8712
-0.0599 -0.4310 -0.8223
-0.0599 -0.4310 -0.8223
-0.0554 -0.4146 -0.8086
-0.0496 -0.3897 -0.8181
-0.0210 -0.3767 -0.8431
-0.0143 -0.3696 -0.8746
-0.0297 -0.3548 -0.9039
-0.0297 -0.3548 -0.9039
-0.0364 -0.3608 -0.9336
-0.0302 -0.3892 -0.9332
-0.0275 -0.4095 -0.9431
-0.0571 -0.3895 -0.9891
-0.1185 -0.3556 -1.0235
-0.1185 -0.3556 -1.0235
-0.1392 -0.3476 -1.0116
-0.0830 -0.3616 -0.8812
-0.0406 -0.3743 -0.8375
-0.0406 -0.3743 -0.8375
-0.0067 -0.3892 -0.8345
0.0309 -0.4001 -0.8714
0.0567 -0.4008 -0.9072
0.0787 -0.3964 -0.9296
0.0855 -0.4010 -0.9578
0.0855 -0.4010 -0.9578
0.0986 -0.4273 -0.9956
0.0787 -0.4030 -0.9573
0.0499 -0.4129 -0.9180
0.0252 -0.4557 -0.8839
-0.0018 -0.4653 -0.8127
-0.0018 -0.4653 -0.8127
-0.0281 -0.4755 -0.7798
-0.0324 -0.4958 -0.7683
-0.0272 -0.5067 -0.7307
-0.0216 -0.5236 -0.7455
-0.0216 -0.5236 -0.7455
-0.0406 -0.5098 -0.7922
-0.0626 -0.4749 -0.8217
-0.0677 -0.4387 -0.9194
-0.0713 -0.4057 -0.9819
-0.0696 -0.3834 -0.9559
-0.0696 -0.3834 -0.9559
-0.0341 -0.4055 -0.8399
0.0183 -0.4716 -0.7498
0.0804 -0.5427 -0.7531
0.1079 -0.5425 -0.8257
0.0575 -0.5206 -0.9208
0.0575 -0.5206 -0.9208
0.0325 -0.5706 -1.0029
0.0815 -0.6303 -1.0450
0.1239 -0.6760 -1.0252
0.1476 -0.7227 -1.0053
0.1626 -0.7764 -1.0527
0.1626 -0.7764 -1.0527
0.1338 -0.7768 -1.1474
0.0689 -0.6954 -1.1834
0.0292 -0.6454 -1.2342
0.0032 -0.6300 -1.1941
-0.0321 -0.6149 -1.0438
-0.0321 -0.6149 -1.0438
-0.0272 -0.6356 -0.9007
-0.0235 -0.6783 -0.7717
-0.0353 -0.6605 -0.6079
-0.0406 -0.6342 -0.4771
-0.0406 -0.6342 -0.4771
-0.0151 -0.6039 -0.4553
-0.0110 -0.6033 -0.5717
-0.0675 -0.5397 -0.5003
-0.0558 -0.5011 -0.5386
0.0098 -0.5328 -0.5031
0.0098 -0.5328 -0.5031
0.0186 -0.5090 -0.5878
-0.0322 -0.5190 -0.5764
-0.0795 -0.4839 -0.5638
-0.0541 -0.5418 -0.5812
-0.0275 -0.5847 -0.5715
-0.0275 -0.5847 -0.5715
-0.0367 -0.6077 -0.5395
-0.0716 -0.6457 -0.5524
-0.0570 -0.6817 -0.5638
-0.0470 -0.7001 -0.5559
-0.0236 -0.7232 -0.5437
-0.0236 -0.7232 -0.5437
0.0082 -0.7297 -0.5367
0.0271 -0.7418 -0.5368
0.0345 -0.7487 -0.5618
0.0336 -0.7469 -0.5849
0.0349 -0.7587 -0.5804
0.0349 -0.7587 -0.5804
0.0242 -0.7944 -0.6146
0.0454 -0.7894 -0.6022
0.0630 -0.7760 -0.5978
0.0745 -0.7766 -0.5837
0.0745 -0.7766 -0.5837
0.0746 -0.7826 -0.5966
0.0552 -0.7888 -0.6388
0.0596 -0.7924 -0.6609
0.0607 -0.7748 -0.6480
0.0674 -0.7721 -0.6537
0.0674 -0.7721 -0.6537
0.0642 -0.7841 -0.6256
0.0496 -0.7927 -0.6189
0.0393 -0.7857 -0.6119
0.0537 -0.7875 -0.6126
0.0241 -0.7892 -0.6213
0.0241 -0.7892 -0.6213
0.0211 -0.7996 -0.6062
0.0230 -0.7948 -0.6153
0.0248 -0.7894 -0.5941
0.0170 -0.7985 -0.6019
0.0135 -0.7907 -0.6272
0.0135 -0.7907 -0.6272
0.0143 -0.7689 -0.6125
0.0189 -0.7717 -0.6029
0.0158 -0.7773 -0.5967
0.0035 -0.7757 -0.6121
0.0035 -0.7757 -0.6121
0.0052 -0.7783 -0.6122
0.0123 -0.7913 -0.6056
0.0192 -0.8021 -0.5951
0.0126 -0.7960 -0.5765
0.0104 -0.8024 -0.5729
0.0104 -0.8024 -0.5729
0.0132 -0.8058 -0.5748
0.0158 -0.8072 -0.5809
0.0106 -0.8097 -0.5797
0.0097 -0.8166 -0.5634
0.0154 -0.8035 -0.5635
0.0154 -0.8035 -0.5635
0.0177 -0.8092 -0.5693
0.0112 -0.8096 -0.5612
0.0072 -0.8094 -0.5681
0.0082 -0.8096 -0.5689
0.0069 -0.8142 -0.5794
0.0069 -0.8142 -0.5794
0.0063 -0.8212 -0.5782
0.0067 -0.8212 -0.5623
0.0003 -0.8171 -0.5584
0.0072 -0.8141 -0.5541
0.0077 -0.8188 -0.5591
0.0077 -0.8188 -0.5591
0.0025 -0.8159 -0.5534
-0.0031 -0.8203 -0.5451
0.0063 -0.8183 -0.5481
0.0035 -0.8188 -0.5359
0.0035 -0.8188 -0.5359
0.0011 -0.8229 -0.5414
0.0038 -0.8229 -0.5522
0.0111 -0.8277 -0.5689
0.0129 -0.8253 -0.5568
0.0107 -0.8213 -0.5387
0.0107 -0.8213 -0.5387
0.0061 -0.8232 -0.5312
0.0010 -0.8306 -0.5248
-0.0027 -0.8333 -0.5345
0.0036 -0.8341 -0.5439
0.0018 -0.8336 -0.5344
0.0018 -0.8336 -0.5344
0.0055 -0.8267 -0.5284
0.0197 -0.8407 -0.5255
0.0158 -0.8365 -0.5311
0.0053 -0.8243 -0.5290
0.0046 -0.8373 -0.5351
0.0046 -0.8373 -0.5351
0.0092 -0.8389 -0.5400
0.0054 -0.8309 -0.5371
-0.0005 -0.8300 -0.5210
-0.0048 -0.8359 -0.5249
-0.0020 -0.8354 -0.5230
-0.0020 -0.8354 -0.5230
0.0060 -0.8322 -0.5193
0.0110 -0.8271 -0.5136
0.0110 -0.8360 -0.5270
0.0053 -0.8351 -0.5235
0.0053 -0.8351 -0.5235
-0.0012 -0.8351 -0.5187
0.0014 -0.8453 -0.5193
0.0085 -0.8416 -0.5219
0.0078 -0.8318 -0.5216
0.0079 -0.8271 -0.5199
0.0079 -0.8271 -0.5199
0.0049 -0.8434 -0.5108
0.0075 -0.8415 -0.5143
0.0126 -0.8419 -0.5310
0.0116 -0.8373 -0.5320
0.0006 -0.8305 -0.5174
0.0006 -0.8305 -0.5174
0.0025 -0.8303 -0.5107
0.0038 -0.8415 -0.5134
0.0078 -0.8394 -0.5187
0.0148 -0.8463 -0.5244
0.0133 -0.8474 -0.5202
0.0133 -0.8474 -0.5202
0.0117 -0.8391 -0.5218
0.0091 -0.8402 -0.5157
0.0090 -0.8465 -0.5164
0.0105 -0.8387 -0.5211
0.0058 -0.8313 -0.5222
0.0058 -0.8313 -0.5222
0.0035 -0.8417 -0.5090
-0.0010 -0.8410 -0.5106
0.0028 -0.8337 -0.5127
0.0053 -0.8323 -0.5201
0.0053 -0.8323 -0.5201
0.0016 -0.8479 -0.5162
0.0106 -0.8420 -0.5094
0.0151 -0.8419 -0.5160
0.0104 -0.8468 -0.5241
0.0084 -0.8516 -0.5221
0.0084 -0.8516 -0.5221
0.0108 -0.8485 -0.5255
0.0106 -0.8375 -0.5315
0.0022 -0.8338 -0.5286
0.0014 -0.8427 -0.5215
0.0101 -0.8476 -0.5300
0.0101 -0.8476 -0.5300
0.0100 -0.8412 -0.5305
0.0050 -0.8369 -0.5209
-0.0017 -0.8367 -0.5125
0.0037 -0.8452 -0.5220
0.0037 -0.8332 -0.5180
0.0037 -0.8332 -0.5180
0.0129 -0.8393 -0.5220
0.0124 -0.8396 -0.5162
0.0054 -0.8309 -0.5176
0.0073 -0.8409 -0.5258
0.0073 -0.8409 -0.5258
0.0013 -0.8453 -0.5261
0.0164 -0.8452 -0.5247
0.0219 -0.8365 -0.5253
0.0118 -0.8310 -0.5243
0.0004 -0.8406 -0.5047
0.0004 -0.8406 -0.5047
0.0055 -0.8562 -0.5144
0.0114 -0.8447 -0.5287
0.0048 -0.8313 -0.5224
0.0025 -0.8317 -0.5221
0.0082 -0.8372 -0.5219
0.0082 -0.8372 -0.5219
0.0046 -0.8341 -0.5189
0.0024 -0.8356 -0.5145
0.0077 -0.8559 -0.5197
0.0119 -0.8461 -0.5242
0.0117 -0.8358 -0.5268
0.0117 -0.8358 -0.5268
0.0100 -0.8401 -0.5187
0.0119 -0.8489 -0.5213
0.0185 -0.8360 -0.5068
0.0266 -0.8431 -0.5151
0.0105 -0.8473 -0.5144
0.0105 -0.8473 -0.5144
0.0052 -0.8435 -0.5263
0.0081 -0.8464 -0.5484
0.0106 -0.8476 -0.5384
0.0264 -0.8325 -0.4981
0.0264 -0.8325 -0.4981
0.0165 -0.8256 -0.4966
0.0105 -0.8284 -0.5158
0.0074 -0.8387 -0.5250
0.0088 -0.8454 -0.5323
0.0108 -0.8398 -0.5285
0.0108 -0.8398 -0.5285
0.0131 -0.8365 -0.5123
0.0127 -0.8327 -0.5041
0.0115 -0.8414 -0.5069
0.0102 -0.8468 -0.5200
0.0149 -0.8351 -0.5179
0.0149 -0.8351 -0.5179
0.0211 -0.8359 -0.5170
0.0150 -0.8307 -0.5205
0.0121 -0.8298 -0.5231
0.0084 -0.8340 -0.5282
0.0093 -0.8328 -0.5378
0.0093 -0.8328 -0.5378
0.0076 -0.8333 -0.5345
0.0015 -0.8334 -0.5306
0.0034 -0.8466 -0.5313
0.0047 -0.8415 -0.5367
0.0076 -0.8455 -0.5433
0.0076 -0.8455 -0.5433
0.0107 -0.8366 -0.5427
0.0061 -0.8347 -0.5443
0.0041 -0.8398 -0.5412
-0.0059 -0.8395 -0.5343
-0.0059 -0.8395 -0.5343
0.0002 -0.8287 -0.5433
0.0070 -0.8221 -0.5458
0.0032 -0.8288 -0.5289
0.0056 -0.8263 -0.5229
0.0073 -0.8273 -0.5302
0.0073 -0.8273 -0.5302
0.0016 -0.8367 -0.5323
0.0032 -0.8351 -0.5334
0.0069 -0.8326 -0.5336
0.0089 -0.8335 -0.5333
0.0124 -0.8306 -0.5307
0.0124 -0.8306 -0.5307
0.0113 -0.8288 -0.5335
0.0108 -0.8277 -0.5414
0.0067 -0.8372 -0.5435
0.0062 -0.8213 -0.5311
-0.0044 -0.8217 -0.5244
-0.0044 -0.8217 -0.5244
0.0005 -0.8256 -0.5362
0.0056 -0.8218 -0.5102
0.0115 -0.8241 -0.5235
0.0116 -0.8244 -0.5364
0.0203 -0.8148 -0.5491
0.0203 -0.8148 -0.5491
0.0150 -0.8197 -0.5413
0.0087 -0.8279 -0.5316
0.0149 -0.8314 -0.5493
0.0140 -0.8252 -0.5526
0.0140 -0.8252 -0.5526
0.0063 -0.8311 -0.5507
0.0052 -0.8360 -0.5519
-0.0038 -0.8231 -0.5621
0.0052 -0.8196 -0.5562
0.0232 -0.7690 -0.3701
0.0232 -0.7690 -0.3701
0.0342 -0.8796 -0.6412
-0.0154 -0.8345 -0.5784
-0.0045 -0.8070 -0.5917
0.0270 -0.8069 -0.5361

