0.0000 0.0000 0.0000
0.0000 0.0000 0.0000
0.0000 0.0000 0.0000
0.0000 0.0000 0.0000
-0.0146 -0.6446 -0.6433
-0.0065 -0.6705 -0.6794
-0.0013 -0.6887 -0.6697
-0.0111 -0.6784 -0.6349
-0.0092 -0.6903 -0.6217
0.0031 -0.7058 -0.6418
0.0008 -0.7119 -0.6598
-0.0099 -0.7151 -0.6578
-0.0154 -0.7085 -0.6472
-0.0048 -0.7140 -0.6525
-0.0125 -0.7286 -0.6595
-0.0230 -0.7412 -0.6514
-0.0230 -0.7412 -0.6514
-0.0207 -0.7419 -0.6082
-0.0100 -0.7527 -0.6139
-0.0040 -0.7557 -0.6468
-0.0153 -0.7485 -0.6575
-0.0153 -0.7485 -0.6575
-0.0263 -0.7667 -0.6316
-0.0259 -0.7746 -0.6342
-0.0353 -0.7723 -0.6263
-0.0277 -0.7699 -0.6199
-0.0277 -0.7699 -0.6199
-0.0184 -0.7645 -0.6139
-0.0288 -0.7565 -0.6255
-0.0368 -0.7560 -0.6273
-0.0238 -0.7593 -0.6072
-0.0121 -0.7610 -0.6200
-0.0121 -0.7610 -0.6200
-0.0109 -0.7608 -0.6483
-0.0028 -0.7575 -0.6461
0.0080 -0.7635 -0.6300
0.0135 -0.7642 -0.6095
0.0012 -0.7725 -0.5632
0.0012 -0.7725 -0.5632
-0.0205 -0.7468 -0.6626
-0.0121 -0.7866 -0.6331
-0.0103 -0.7560 -0.6180
-0.0050 -0.7558 -0.6461
0.0065 -0.7735 -0.6369
0.0065 -0.7735 -0.6369
0.0284 -0.7738 -0.6280
0.0284 -0.7989 -0.5963
-0.0060 -0.7755 -0.6163
-0.0027 -0.7828 -0.6754
-0.0297 -0.8206 -0.6270
-0.0297 -0.8206 -0.6270
-0.0121 -0.8253 -0.6437
-0.0039 -0.8095 -0.6642
0.0082 -0.8481 -0.6501
-0.0328 -0.7922 -0.6945
-0.0112 -0.8732 -0.6468
-0.0300 -0.8673 -0.6833
-0.0171 -0.8342 -0.6702
0.0213 -0.8408 -0.6860
0.0318 -0.7997 -0.6746
0.0318 -0.7997 -0.6746
0.0363 -0.7717 -0.6528
0.0480 -0.7547 -0.6118
0.0610 -0.7654 -0.5878
0.0516 -0.7555 -0.6006
0.0392 -0.7400 -0.6292
0.0392 -0.7400 -0.6292
0.0541 -0.7258 -0.6092
0.0597 -0.7184 -0.6098
0.0440 -0.7480 -0.6072
0.0415 -0.7178 -0.5818
0.0561 -0.7362 -0.6013
0.0561 -0.7362 -0.6013
0.0415 -0.7497 -0.5960
0.0280 -0.7223 -0.5564
0.0382 -0.7245 -0.5657
0.0371 -0.7375 -0.5892
0.0297 -0.7341 -0.5890
0.0297 -0.7341 -0.5890
0.0283 -0.7274 -0.5813
0.0126 -0.7497 -0.5760
0.0018 -0.7517 -0.5721
0.0082 -0.7554 -0.5708
0.0082 -0.7554 -0.5708
0.0052 -0.7341 -0.5643
-0.0062 -0.7375 -0.5925
0.0029 -0.7684 -0.5940
0.0083 -0.7607 -0.5931
0.0149 -0.7768 -0.6248
0.0149 -0.7768 -0.6248
0.0126 -0.7584 -0.5979
0.0129 -0.7681 -0.5979
0.0193 -0.7901 -0.6121
0.0205 -0.7745 -0.6222
0.0370 -0.7789 -0.6290
0.0370 -0.7789 -0.6290
0.0313 -0.7690 -0.6160
0.0148 -0.7651 -0.6079
0.0125 -0.7807 -0.6019
0.0170 -0.7810 -0.6080
0.0226 -0.7764 -0.6139
0.0226 -0.7764 -0.6139
0.0177 -0.7708 -0.6244
0.0129 -0.7839 -0.6200
0.0168 -0.7801 -0.6126
0.0127 -0.7641 -0.6076
0.0176 -0.7735 -0.6134
0.0176 -0.7735 -0.6134
0.0129 -0.7730 -0.5945
0.0114 -0.7756 -0.5971
0.0199 -0.7685 -0.6143
0.0179 -0.7673 -0.6016
0.0179 -0.7673 -0.6016
0.0148 -0.7641 -0.5900
0.0136 -0.7746 -0.5982
0.0121 -0.7707 -0.6010
0.0166 -0.7753 -0.6097
0.0204 -0.7805 -0.6212
0.0204 -0.7805 -0.6212
0.0181 -0.7696 -0.6204
0.0118 -0.7815 -0.6109
0.0097 -0.7814 -0.6119
0.0107 -0.7779 -0.6158
0.0129 -0.7797 -0.6302
0.0129 -0.7797 -0.6302
0.0105 -0.7748 -0.6498
0.0120 -0.7744 -0.6716
0.0153 -0.7665 -0.6652
0.0160 -0.7722 -0.6619
0.0070 -0.7654 -0.6293
0.0070 -0.7654 -0.6293
0.0078 -0.7699 -0.6018
0.0081 -0.7756 -0.5874
0.0101 -0.7813 -0.5973
0.0021 -0.7643 -0.5867
0.0099 -0.7806 -0.6018
0.0099 -0.7806 -0.6018
0.0099 -0.7821 -0.5877
0.0074 -0.7808 -0.5749
0.0170 -0.7975 -0.5864
0.0114 -0.7987 -0.5778
0.0114 -0.7987 -0.5778
0.0096 -0.8037 -0.5748
0.0221 -0.8140 -0.5639
0.0153 -0.8132 -0.5474
0.0092 -0.8302 -0.5525
0.0013 -0.8310 -0.5364
0.0013 -0.8310 -0.5364
0.0017 -0.8382 -0.5401
0.0008 -0.8311 -0.5278
0.0049 -0.8292 -0.5285
0.0077 -0.8255 -0.5249
0.0021 -0.8310 -0.5197
0.0040 -0.8361 -0.5191
0.0142 -0.8284 -0.5273
0.0153 -0.8349 -0.5314
0.0155 -0.8371 -0.5236
0.0183 -0.8327 -0.5245
0.0183 -0.8327 -0.5245
0.0089 -0.8274 -0.5334
0.0134 -0.8390 -0.5411
0.0180 -0.8364 -0.5349
0.0156 -0.8317 -0.5352
0.0156 -0.8317 -0.5352
0.0150 -0.8419 -0.5378
0.0166 -0.8355 -0.5238
0.0149 -0.8416 -0.5311
0.0048 -0.8370 -0.5329
0.0071 -0.8297 -0.5523
0.0071 -0.8297 -0.5523
0.0032 -0.8382 -0.5339
0.0062 -0.8364 -0.5257
0.0164 -0.8389 -0.5263
0.0085 -0.8300 -0.5224
0.0079 -0.8423 -0.5211
0.0079 -0.8423 -0.5211
0.0135 -0.8410 -0.5245
0.0133 -0.8319 -0.5267
0.0181 -0.8370 -0.5234
0.0164 -0.8323 -0.5244
0.0130 -0.8398 -0.5231
0.0130 -0.8398 -0.5231
0.0121 -0.8414 -0.5307
0.0121 -0.8372 -0.5181
0.0090 -0.8322 -0.5251
0.0136 -0.8369 -0.5284
0.0136 -0.8336 -0.5182
0.0136 -0.8336 -0.5182
0.0149 -0.8327 -0.5277
0.0150 -0.8339 -0.5258
0.0104 -0.8356 -0.5212
0.0120 -0.8425 -0.5137
0.0120 -0.8425 -0.5137
0.0201 -0.8373 -0.5144
0.0218 -0.8390 -0.5247
0.0240 -0.8416 -0.5168
0.0235 -0.8391 -0.5251
0.0153 -0.8365 -0.5308
0.0153 -0.8365 -0.5308
0.0128 -0.8413 -0.5349
0.0184 -0.8420 -0.5224
0.0205 -0.8381 -0.5164
0.0213 -0.8401 -0.5245
0.0208 -0.8461 -0.5265
0.0208 -0.8461 -0.5265
0.0238 -0.8407 -0.5216
0.0226 -0.8391 -0.5266
0.0210 -0.8321 -0.5286
0.0240 -0.8383 -0.5182
0.0199 -0.8422 -0.5178
0.0199 -0.8422 -0.5178
0.0169 -0.8490 -0.5208
0.0187 -0.8429 -0.5264
0.0211 -0.8405 -0.5148
0.0229 -0.8422 -0.5255
0.0194 -0.8395 -0.5266
0.0194 -0.8395 -0.5266
0.0204 -0.8426 -0.5159
0.0188 -0.8406 -0.5097
0.0283 -0.8406 -0.5204
0.0264 -0.8396 -0.5269
0.0264 -0.8396 -0.5269
0.0195 -0.8385 -0.5097
0.0161 -0.8455 -0.5091
0.0146 -0.8401 -0.5160
0.0170 -0.8433 -0.5156
0.0145 -0.8438 -0.5218
0.0145 -0.8438 -0.5218
0.0223 -0.8402 -0.5276
0.0243 -0.8398 -0.5225
0.0174 -0.8448 -0.5139
0.0132 -0.8474 -0.5114
0.0209 -0.8457 -0.5184
0.0209 -0.8457 -0.5184
0.0171 -0.8385 -0.5097
0.0208 -0.8486 -0.5077
0.0274 -0.8431 -0.5108
0.0265 -0.8370 -0.5262
0.0131 -0.8394 -0.5160
0.0131 -0.8394 -0.5160
0.0177 -0.8448 -0.4965
0.0229 -0.8499 -0.5100
0.0299 -0.8392 -0.5146
0.0314 -0.8450 -0.5230
0.0307 -0.8422 -0.5101
0.0307 -0.8422 -0.5101
0.0326 -0.8478 -0.5125
0.0312 -0.8483 -0.5163
0.0277 -0.8392 -0.5036
0.0243 -0.8506 -0.5111
0.0243 -0.8506 -0.5111
0.0267 -0.8506 -0.5195
0.0329 -0.8453 -0.5243
0.0325 -0.8412 -0.5112
0.0299 -0.8408 -0.4993
0.0286 -0.8490 -0.5030
0.0286 -0.8490 -0.5030
0.0296 -0.8455 -0.5148
0.0260 -0.8468 -0.5117
0.0294 -0.8535 -0.5088
0.0317 -0.8487 -0.5091
0.0329 -0.8451 -0.5134
0.0329 -0.8451 -0.5134
0.0225 -0.8362 -0.5021
0.0203 -0.8479 -0.5063
0.0288 -0.8502 -0.4984
0.0255 -0.8463 -0.5085
0.0298 -0.8413 -0.5170
0.0298 -0.8413 -0.5170
0.0213 -0.8457 -0.5089
0.0215 -0.8550 -0.5084
0.0188 -0.8506 -0.5081
0.0121 -0.8435 -0.5133
0.0121 -0.8435 -0.5133
0.0126 -0.8486 -0.5233
0.0205 -0.8518 -0.5300
0.0243 -0.8459 -0.5181
0.0209 -0.8379 -0.5130
0.0240 -0.8430 -0.4985
0.0240 -0.8430 -0.4985
0.0250 -0.8509 -0.4906
0.0230 -0.8455 -0.5006
0.0231 -0.8455 -0.5098
0.0267 -0.8552 -0.5154
0.0301 -0.8479 -0.5179
0.0301 -0.8479 -0.5179
0.0238 -0.8427 -0.5127
0.0190 -0.8474 -0.5046
0.0130 -0.8501 -0.5004
0.0175 -0.8457 -0.5139
0.0224 -0.8484 -0.5217
0.0224 -0.8484 -0.5217
0.0291 -0.8490 -0.5128
0.0294 -0.8426 -0.5095
0.0307 -0.8441 -0.4953
0.0235 -0.8432 -0.4878
0.0246 -0.8483 -0.5116
0.0246 -0.8483 -0.5116
0.0262 -0.8517 -0.5192
0.0235 -0.8465 -0.5043
0.0194 -0.8478 -0.5158
0.0080 -0.8414 -0.5029

