-0.0161 0.0482 -0.0248
-0.0152 0.0482 -0.0250
-0.0150 0.0481 -0.0251
-0.0152 0.0481 -0.0250
-0.0154 0.0481 -0.0250
-0.0153 0.0480 -0.0251
-0.0133 0.0482 -0.0261
-0.0128 0.0482 -0.0264
-0.0127 0.0481 -0.0265
-0.0127 0.0481 -0.0266
-0.0127 0.0481 -0.0267
-0.0130 0.0481 -0.0267
-0.0141 0.0481 -0.0267
-0.0145 0.0481 -0.0267
-0.0146 0.0482 -0.0267
-0.0147 0.0482 -0.0267
-0.0148 0.0483 -0.0267
-0.0149 0.0483 -0.0267
-0.0156 0.0483 -0.0277
-0.0159 0.0483 -0.0280
-0.0161 0.0484 -0.0282
-0.0162 0.0485 -0.0283
-0.0163 0.0485 -0.0283
-0.0164 0.0486 -0.0284
-0.0166 0.0483 -0.0289
-0.0168 0.0481 -0.0291
-0.0169 0.0480 -0.0292
-0.0170 0.0478 -0.0292
-0.0171 0.0477 -0.0292
-0.0171 0.0475 -0.0292
-0.0168 0.0481 -0.0292
-0.0168 0.0481 -0.0291
-0.0168 0.0480 -0.0290
-0.0169 0.0479 -0.0289
-0.0171 0.0477 -0.0288
-0.0172 0.0476 -0.0286
-0.0177 0.0474 -0.0284
-0.0180 0.0472 -0.0282
-0.0182 0.0471 -0.0281
-0.0183 0.0470 -0.0279
-0.0185 0.0469 -0.0278
-0.0187 0.0468 -0.0276
-0.0184 0.0470 -0.0278
-0.0184 0.0469 -0.0277
-0.0186 0.0468 -0.0275
-0.0187 0.0467 -0.0273
-0.0189 0.0466 -0.0271
-0.0191 0.0464 -0.0269
-0.0194 0.0462 -0.0276
-0.0197 0.0461 -0.0277
-0.0199 0.0459 -0.0276
-0.0201 0.0458 -0.0274
-0.0203 0.0457 -0.0272
-0.0206 0.0457 -0.0270
-0.0208 0.0450 -0.0271
-0.0211 0.0447 -0.0270
-0.0212 0.0445 -0.0268
-0.0215 0.0444 -0.0265
-0.0218 0.0443 -0.0261
-0.0221 0.0442 -0.0258
-0.0220 0.0435 -0.0264
-0.0222 0.0432 -0.0265
-0.0227 0.0428 -0.0261
-0.0231 0.0427 -0.0258
-0.0234 0.0425 -0.0257
-0.0239 0.0421 -0.0261
-0.0243 0.0419 -0.0261
-0.0247 0.0417 -0.0258
-0.0250 0.0414 -0.0255
-0.0255 0.0412 -0.0252
-0.0259 0.0410 -0.0249
-0.0263 0.0394 -0.0256
-0.0268 0.0387 -0.0256
-0.0272 0.0382 -0.0253
-0.0278 0.0377 -0.0249
-0.0283 0.0372 -0.0245
-0.0292 0.0364 -0.0241
-0.0307 0.0346 -0.0240
-0.0317 0.0334 -0.0235
-0.0326 0.0323 -0.0227
-0.0335 0.0311 -0.0219
-0.0344 0.0298 -0.0210
-0.0355 0.0281 -0.0202
-0.0377 0.0257 -0.0201
-0.0391 0.0236 -0.0193
-0.0403 0.0215 -0.0182
-0.0414 0.0194 -0.0170
-0.0426 0.0171 -0.0157
-0.0440 0.0148 -0.0147
-0.0456 0.0129 -0.0148
-0.0475 0.0103 -0.0139
-0.0495 0.0075 -0.0127
-0.0513 0.0045 -0.0114
-0.0533 0.0015 -0.0099
-0.0574 -0.0047 -0.0068
-0.0596 -0.0080 -0.0050
-0.0619 -0.0116 -0.0032
-0.0645 -0.0154 -0.0013
-0.0676 -0.0196 0.0007
-0.0753 -0.0290 0.0040
-0.0805 -0.0347 0.0062
-0.0805 -0.0347 0.0062
-0.0860 -0.0408 0.0078
-0.0921 -0.0476 0.0095
-0.0989 -0.0553 0.0114
-0.1064 -0.0639 0.0134
-0.1148 -0.0735 0.0153
-0.1239 -0.0838 0.0169
-0.1337 -0.0948 0.0180
-0.1441 -0.1062 0.0185
-0.1549 -0.1178 0.0184
-0.1658 -0.1293 0.0174
-0.1765 -0.1396 0.0155
-0.1875 -0.1501 0.0130
-0.1989 -0.1605 0.0100
-0.2109 -0.1707 0.0068
-0.2233 -0.1806 0.0034
-0.2360 -0.1901 0.0000
-0.2484 -0.1987 -0.0038
-0.2613 -0.2073 -0.0072
-0.2746 -0.2155 -0.0104
-0.2882 -0.2235 -0.0133
-0.3021 -0.2310 -0.0160
-0.3162 -0.2381 -0.0184
-0.3304 -0.2434 -0.0216
-0.3448 -0.2490 -0.0238
-0.3595 -0.2542 -0.0253
-0.3742 -0.2589 -0.0261
-0.3889 -0.2629 -0.0263
-0.4036 -0.2666 -0.0259
-0.4179 -0.2704 -0.0254
-0.4324 -0.2729 -0.0235
-0.4470 -0.2747 -0.0208
-0.4618 -0.2760 -0.0173
-0.4767 -0.2769 -0.0131
-0.5073 -0.2777 -0.0032
-0.5233 -0.2777 0.0009
-0.5391 -0.2764 0.0059
-0.5549 -0.2741 0.0110
-0.5705 -0.2706 0.0160
-0.6000 -0.2595 0.0251
-0.6139 -0.2522 0.0290
-0.6273 -0.2442 0.0322
-0.6405 -0.2364 0.0349
-0.6405 -0.2364 0.0349
-0.6537 -0.2291 0.0374
-0.6669 -0.2226 0.0397
-0.6802 -0.2171 0.0420
-0.6933 -0.2142 0.0420
-0.7065 -0.2112 0.0439
-0.7197 -0.2086 0.0466
-0.7328 -0.2067 0.0495
-0.7458 -0.2055 0.0525
-0.7596 -0.2057 0.0527
-0.7726 -0.2059 0.0547
-0.7853 -0.2064 0.0571
-0.7978 -0.2071 0.0598
-0.8100 -0.2080 0.0628
-0.8221 -0.2091 0.0661
-0.8344 -0.2102 0.0676
-0.8462 -0.2113 0.0714
-0.8579 -0.2125 0.0766
-0.8695 -0.2136 0.0829
-0.8810 -0.2147 0.0904
-0.8930 -0.2161 0.0984
-0.9061 -0.2182 0.1062
-0.9181 -0.2194 0.1163
-0.9298 -0.2204 0.1280
-0.9414 -0.2213 0.1409
-0.9531 -0.2219 0.1548
-0.9661 -0.2227 0.1691
-0.9820 -0.2240 0.1829
-0.9949 -0.2241 0.1983
-1.0067 -0.2236 0.2145
-1.0179 -0.2227 0.2309
-1.0289 -0.2214 0.2472
-1.0401 -0.2201 0.2629
-1.0520 -0.2188 0.2777
-1.0644 -0.2179 0.2923
-1.0776 -0.2172 0.3065
-1.0914 -0.2164 0.3201
-1.1056 -0.2156 0.3331
-1.1342 -0.2132 0.3570
-1.1484 -0.2114 0.3676
-1.1627 -0.2095 0.3770
-1.1773 -0.2077 0.3852
-1.1925 -0.2062 0.3922
-1.2084 -0.2051 0.3982
-1.2233 -0.2047 0.4044
-1.2396 -0.2043 0.4089
-1.2563 -0.2038 0.4124
-1.2729 -0.2033 0.4152
-1.2894 -0.2028 0.4177
-1.3056 -0.2023 0.4200
-1.3184 -0.1980 0.4234
-1.3330 -0.1965 0.4260
-1.3479 -0.1963 0.4284
-1.3631 -0.1968 0.4308
-1.3783 -0.1978 0.4333
-1.3936 -0.1992 0.4361
-1.4026 -0.1980 0.4356
-1.4161 -0.1991 0.4379
-1.4311 -0.2010 0.4412
-1.4466 -0.2030 0.4451
-1.4623 -0.2051 0.4493
-1.4781 -0.2072 0.4538
-1.4867 -0.2075 0.4538
-1.5004 -0.2090 0.4573
-1.5159 -0.2107 0.4620
-1.5320 -0.2124 0.4674
-1.5483 -0.2138 0.4733
-1.5628 -0.2153 0.4786
-1.5741 -0.2170 0.4822
-1.5887 -0.2175 0.4885
-1.6042 -0.2172 0.4960
-1.6199 -0.2163 0.5042
-1.6355 -0.2148 0.5130
-1.6652 -0.2098 0.5319
-1.6769 -0.2052 0.5408
-1.6893 -0.2008 0.5522
-1.7008 -0.1962 0.5648
-1.7116 -0.1915 0.5780
-1.7116 -0.1915 0.5780
-1.7311 -0.1833 0.6054
-1.7389 -0.1800 0.6186
-1.7481 -0.1782 0.6343
-1.7574 -0.1774 0.6512
-1.7662 -0.1772 0.6686
-1.7742 -0.1774 0.6862
-1.7815 -0.1780 0.7033
-1.7886 -0.1792 0.7200
-1.7958 -0.1811 0.7361
-1.8033 -0.1838 0.7517
-1.8113 -0.1872 0.7671
-1.8197 -0.1911 0.7822
-1.8244 -0.1949 0.7942
-1.8324 -0.1991 0.8078
-1.8416 -0.2033 0.8218
-1.8516 -0.2074 0.8356
-1.8619 -0.2110 0.8490
-1.8726 -0.2142 0.8618
-1.8845 -0.2155 0.8708
-1.8965 -0.2173 0.8814
-1.9091 -0.2192 0.8922
-1.9224 -0.2209 0.9028
-1.9365 -0.2223 0.9131
-1.9512 -0.2234 0.9231
-1.9632 -0.2261 0.9313
-1.9776 -0.2270 0.9404
-1.9930 -0.2268 0.9496
-2.0089 -0.2261 0.9586
-2.0253 -0.2249 0.9672
-2.0413 -0.2233 0.9752
-2.0566 -0.2212 0.9823
-2.0743 -0.2192 0.9896
-2.0929 -0.2169 0.9965
-2.1119 -0.2142 1.0028
-2.1309 -0.2110 1.0081
-2.1693 -0.2046 1.0160
-2.1891 -0.2019 1.0187
-2.2074 -0.2005 1.0203
-2.2274 -0.1991 1.0212
-2.2478 -0.1978 1.0214
-2.2478 -0.1978 1.0214
-2.2871 -0.1945 1.0194
-2.3051 -0.1922 1.0171
-2.3218 -0.1896 1.0144
-2.3375 -0.1872 1.0113
-2.3525 -0.1853 1.0080
-2.3669 -0.1840 1.0047
-2.3789 -0.1838 1.0014
-2.3919 -0.1841 0.9988
-2.4051 -0.1849 0.9969
-2.4183 -0.1862 0.9958
-2.4315 -0.1879 0.9956
-2.4443 -0.1900 0.9962
-2.4564 -0.1925 0.9976
-2.4693 -0.1948 1.0000
-2.4824 -0.1972 1.0034
-2.4958 -0.1995 1.0077
-2.5094 -0.2018 1.0131
-2.5229 -0.2043 1.0193
-2.5363 -0.2071 1.0263
-2.5503 -0.2091 1.0348
-2.5646 -0.2106 1.0443
-2.5790 -0.2115 1.0549
-2.5932 -0.2119 1.0663
-2.6072 -0.2133 1.0788
-2.6205 -0.2165 1.0925
-2.6342 -0.2167 1.1073
-2.6476 -0.2157 1.1233
-2.6603 -0.2138 1.1408
-2.6719 -0.2111 1.1598
-2.6816 -0.2080 1.1796
-2.6892 -0.2052 1.2001
-2.6967 -0.2016 1.2215
-2.7039 -0.1981 1.2437
-2.7109 -0.1952 1.2670
-2.7174 -0.1929 1.2914
-2.7224 -0.1914 1.3165
-2.7258 -0.1908 1.3416
-2.7283 -0.1897 1.3670
-2.7301 -0.1889 1.3923
-2.7314 -0.1889 1.4173
-2.7325 -0.1898 1.4419
-2.7336 -0.1917 1.4661
-2.7346 -0.1964 1.4895
-2.7360 -0.2003 1.5128
-2.7378 -0.2042 1.5358
-2.7399 -0.2081 1.5584
-2.7421 -0.2119 1.5802
-2.7446 -0.2155 1.6013
-2.7442 -0.2210 1.6192
-2.7467 -0.2246 1.6376
-2.7506 -0.2275 1.6555
-2.7559 -0.2299 1.6727
-2.7623 -0.2321 1.6893
-2.7689 -0.2348 1.7046
-2.7752 -0.2382 1.7184
-2.7840 -0.2402 1.7329
-2.7944 -0.2415 1.7474
-2.8058 -0.2424 1.7617
-2.8184 -0.2428 1.7756
-2.8314 -0.2431 1.7885
-2.8446 -0.2433 1.8002
-2.8597 -0.2425 1.8122
-2.8754 -0.2412 1.8238
-2.8914 -0.2393 1.8345
-2.9076 -0.2371 1.8440
-2.9228 -0.2347 1.8518
-2.9368 -0.2325 1.8580
-2.9541 -0.2319 1.8641
-2.9733 -0.2327 1.8697
-2.9938 -0.2346 1.8746
-3.0150 -0.2372 1.8787
-3.0354 -0.2400 1.8820
-3.0541 -0.2422 1.8848
-3.0732 -0.2438 1.8863
-3.0915 -0.2446 1.8868
-3.1088 -0.2450 1.8868
-3.1088 -0.2450 1.8868
-3.1252 -0.2455 1.8865
-3.1679 -0.2480 1.8862
-3.1810 -0.2495 1.8871
-3.1942 -0.2514 1.8889
-3.2075 -0.2538 1.8915
-3.2339 -0.2599 1.8994
-3.2472 -0.2634 1.9044
-3.2606 -0.2671 1.9103
-3.2742 -0.2709 1.9169
-3.2742 -0.2709 1.9169
-3.2879 -0.2745 1.9244
-3.3017 -0.2775 1.9327
-3.3133 -0.2793 1.9424
-3.3258 -0.2805 1.9529
-3.3384 -0.2808 1.9642
-3.3509 -0.2803 1.9763
-3.3634 -0.2792 1.9893
-3.3751 -0.2771 2.0035
-3.3853 -0.2739 2.0191
-3.3947 -0.2698 2.0356
-3.4027 -0.2649 2.0528
-3.4095 -0.2597 2.0701
-3.4155 -0.2549 2.0874
-3.4207 -0.2505 2.1039
-3.4253 -0.2468 2.1195
-3.4314 -0.2452 2.1368
-3.4384 -0.2451 2.1554
-3.4456 -0.2460 2.1749
-3.4523 -0.2471 2.1951
-3.4574 -0.2478 2.2148
-3.4604 -0.2482 2.2333
-3.4644 -0.2490 2.2522
-3.4690 -0.2504 2.2707
-3.4742 -0.2526 2.2885
-3.4802 -0.2554 2.3055
-3.4862 -0.2583 2.3212
-3.4918 -0.2611 2.3352
-3.4995 -0.2644 2.3498
-3.5085 -0.2677 2.3642
-3.5184 -0.2709 2.3782
-3.5291 -0.2739 2.3914
-3.5523 -0.2788 2.4143
-3.5644 -0.2806 2.4220
-3.5780 -0.2821 2.4302
-3.5928 -0.2834 2.4375
-3.6087 -0.2843 2.4438
-3.6422 -0.2845 2.4525
-3.6589 -0.2832 2.4546
-3.6764 -0.2813 2.4565
-3.6941 -0.2786 2.4578
-3.6941 -0.2786 2.4578
-3.7114 -0.2754 2.4585
-3.7280 -0.2715 2.4586
-3.7436 -0.2672 2.4580
-3.7586 -0.2630 2.4566
-3.7731 -0.2592 2.4545
-3.7875 -0.2566 2.4518
-3.8022 -0.2552 2.4487
-3.8173 -0.2552 2.4454
-3.8328 -0.2564 2.4418
-3.8471 -0.2577 2.4364
-3.8621 -0.2597 2.4323
-3.8770 -0.2617 2.4288
-3.8912 -0.2631 2.4256
-3.9047 -0.2637 2.4227
-3.9149 -0.2629 2.4156
-3.9260 -0.2617 2.4114
-3.9370 -0.2602 2.4082
-3.9478 -0.2585 2.4054
-3.9585 -0.2569 2.4029
-3.9693 -0.2554 2.4011
-3.9806 -0.2541 2.4004
-3.9921 -0.2533 2.3999
-4.0038 -0.2529 2.3998
-4.0158 -0.2526 2.4001
-4.0277 -0.2524 2.4006
-4.0401 -0.2523 2.4022
-4.0534 -0.2525 2.4054
-4.0655 -0.2524 2.4069
-4.0773 -0.2523 2.4080
-4.0892 -0.2522 2.4092
-4.1013 -0.2522 2.4109
-4.1261 -0.2516 2.4164
-4.1388 -0.2508 2.4205
-4.1517 -0.2496 2.4252
-4.1651 -0.2482 2.4308
-4.1789 -0.2466 2.4378
-4.1925 -0.2442 2.4468
-4.2080 -0.2413 2.4621
-4.2203 -0.2368 2.4760
-4.2308 -0.2315 2.4903
-4.2408 -0.2264 2.5051
-4.2508 -0.2220 2.5205
-4.2612 -0.2184 2.5367
-4.2740 -0.2157 2.5584
-4.2853 -0.2134 2.5787
-4.2955 -0.2112 2.5996
-4.3039 -0.2086 2.6213
-4.3101 -0.2054 2.6432
-4.3141 -0.2019 2.6660
-4.3164 -0.1985 2.6899
-4.3179 -0.1952 2.7096
-4.3190 -0.1923 2.7269
-4.3199 -0.1896 2.7423
-4.3208 -0.1871 2.7564
-4.3222 -0.1847 2.7709
-4.3242 -0.1825 2.7871
-4.3253 -0.1807 2.8006
-4.3257 -0.1790 2.8130
-4.3257 -0.1777 2.8249
-4.3255 -0.1772 2.8364
-4.3260 -0.1777 2.8485
-4.3277 -0.1796 2.8616
-4.3295 -0.1813 2.8728
-4.3313 -0.1830 2.8831
-4.3327 -0.1846 2.8926
-4.3331 -0.1860 2.9015
-4.3323 -0.1874 2.9104
-4.3302 -0.1891 2.9199
-4.3279 -0.1906 2.9275
-4.3256 -0.1923 2.9344
-4.3237 -0.1943 2.9410
-4.3226 -0.1967 2.9477
-4.3210 -0.1995 2.9545
-4.3182 -0.2025 2.9613
-4.3158 -0.2051 2.9672
-4.3128 -0.2071 2.9719
-4.3093 -0.2087 2.9754
-4.3053 -0.2099 2.9778
-4.3012 -0.2111 2.9794
-4.2959 -0.2116 2.9821
-4.2911 -0.2127 2.9835
-4.2862 -0.2141 2.9843
-4.2810 -0.2158 2.9848
-4.2756 -0.2177 2.9853
-4.2698 -0.2198 2.9856
-4.2601 -0.2181 2.9869
-4.2525 -0.2191 2.9869
-4.2455 -0.2207 2.9862
-4.2389 -0.2224 2.9850
-4.2323 -0.2238 2.9832
-4.2247 -0.2240 2.9819
-4.2153 -0.2225 2.9812
-4.2077 -0.2224 2.9786
-4.2007 -0.2227 2.9750
-4.1938 -0.2230 2.9705
-4.1870 -0.2234 2.9654
-4.1803 -0.2238 2.9599
-4.1706 -0.2268 2.9552
-4.1630 -0.2285 2.9499
-4.1562 -0.2299 2.9444
-4.1497 -0.2314 2.9388
-4.1433 -0.2328 2.9333
-4.1366 -0.2343 2.9275
-4.1291 -0.2359 2.9214
-4.1222 -0.2371 2.9153
-4.1154 -0.2377 2.9086
-4.1085 -0.2377 2.9013
-4.1015 -0.2373 2.8932
-4.0940 -0.2370 2.8845
-4.0859 -0.2373 2.8755
-4.0780 -0.2375 2.8664
-4.0702 -0.2378 2.8573
-4.0622 -0.2386 2.8483
-4.0539 -0.2397 2.8392
-4.0455 -0.2411 2.8301
-4.0367 -0.2425 2.8206
-4.0275 -0.2444 2.8114
-4.0180 -0.2466 2.8023
-4.0083 -0.2489 2.7930
-3.9984 -0.2511 2.7836
-3.9883 -0.2533 2.7741
-3.9779 -0.2554 2.7644
-3.9675 -0.2571 2.7546
-3.9570 -0.2584 2.7445
-3.9465 -0.2593 2.7340
-3.9360 -0.2598 2.7231
-3.9248 -0.2601 2.7116
-3.9127 -0.2604 2.6996
-3.9013 -0.2604 2.6877
-3.8899 -0.2604 2.6758
-3.8783 -0.2604 2.6640
-3.8665 -0.2604 2.6522
-3.8542 -0.2603 2.6405
-3.8416 -0.2597 2.6289
-3.8287 -0.2593 2.6170
-3.8156 -0.2587 2.6046
-3.8025 -0.2577 2.5917
-3.7897 -0.2565 2.5781
-3.7771 -0.2549 2.5645
-3.7648 -0.2533 2.5510
-3.7522 -0.2524 2.5374
-3.7394 -0.2522 2.5237
-3.7264 -0.2527 2.5101
-3.7132 -0.2538 2.4966
-3.7002 -0.2551 2.4834
-3.6873 -0.2565 2.4708
-3.6743 -0.2587 2.4578
-3.6614 -0.2614 2.4445
-3.6487 -0.2642 2.4312
-3.6365 -0.2672 2.4178
-3.6249 -0.2698 2.4051
-3.6139 -0.2722 2.3935
-3.6027 -0.2753 2.3815
-3.5911 -0.2788 2.3695
-3.5792 -0.2827 2.3576
-3.5671 -0.2867 2.3456
-3.5423 -0.2946 2.3213
-3.5295 -0.2984 2.3090
-3.5164 -0.3020 2.2966
-3.5029 -0.3056 2.2842
-3.4890 -0.3091 2.2717
-3.4602 -0.3157 2.2468
-3.4453 -0.3185 2.2345
-3.4302 -0.3210 2.2223
-3.4302 -0.3210 2.2223
-3.4147 -0.3229 2.2102
-3.3991 -0.3243 2.1982
-3.3834 -0.3251 2.1862
-3.3678 -0.3240 2.1766
-3.3525 -0.3227 2.1654
-3.3377 -0.3205 2.1534
-3.3240 -0.3172 2.1410
-3.3114 -0.3126 2.1283
-3.2999 -0.3067 2.1163
-3.2892 -0.3000 2.1058
-3.2798 -0.2935 2.0936
-3.2712 -0.2877 2.0808
-3.2630 -0.2829 2.0675
-3.2552 -0.2793 2.0533
-3.2478 -0.2768 2.0380
-3.2414 -0.2759 2.0254
-3.2352 -0.2755 2.0098
-3.2293 -0.2759 1.9934
-3.2236 -0.2770 1.9769
-3.2177 -0.2791 1.9608
-3.2125 -0.2816 1.9461
-3.2085 -0.2844 1.9336
-3.2026 -0.2880 1.9195
-3.1959 -0.2921 1.9048
-3.1887 -0.2965 1.8900
-3.1811 -0.3011 1.8751
-3.1735 -0.3058 1.8608
-3.1660 -0.3105 1.8474
-3.1575 -0.3146 1.8332
-3.1484 -0.3182 1.8189
-3.1387 -0.3212 1.8048
-3.1282 -0.3237 1.7910
-3.1051 -0.3274 1.7642
-3.0925 -0.3285 1.7511
-3.0793 -0.3289 1.7381
-3.0657 -0.3288 1.7253
-3.0517 -0.3280 1.7126
-3.0222 -0.3254 1.6875
-3.0072 -0.3242 1.6755
-2.9915 -0.3220 1.6632
-2.9757 -0.3192 1.6512
-2.9599 -0.3158 1.6396
-2.9599 -0.3158 1.6396
-2.9441 -0.3122 1.6287
-2.9279 -0.3088 1.6186
-2.9110 -0.3062 1.6092
-2.8932 -0.3045 1.6004
-2.8747 -0.3038 1.5919
-2.8560 -0.3037 1.5836
-2.8375 -0.3038 1.5757
-2.8208 -0.3034 1.5703
-2.8040 -0.3029 1.5637
-2.7876 -0.3019 1.5569
-2.7717 -0.3008 1.5502
-2.7561 -0.2998 1.5436
-2.7423 -0.2992 1.5395
-2.7308 -0.2990 1.5394
-2.7170 -0.2993 1.5342
-2.7025 -0.3002 1.5269
-2.6877 -0.3018 1.5184
-2.6727 -0.3039 1.5091
-2.6597 -0.3057 1.5031
-2.6495 -0.3066 1.5026
-2.6358 -0.3093 1.4947
-2.6210 -0.3128 1.4844
-2.6058 -0.3167 1.4730
-2.5904 -0.3207 1.4612
-2.5762 -0.3244 1.4525
-2.5640 -0.3274 1.4486
-2.5502 -0.3303 1.4386
-2.5363 -0.3327 1.4263
-2.5226 -0.3343 1.4132
-2.5094 -0.3351 1.3993
-2.4984 -0.3353 1.3869
-2.4907 -0.3348 1.3769
-2.4821 -0.3324 1.3632
-2.4741 -0.3288 1.3484
-2.4665 -0.3247 1.3336
-2.4589 -0.3207 1.3187
-2.4512 -0.3177 1.3045
-2.4434 -0.3158 1.2910
-2.4368 -0.3137 1.2751
-2.4312 -0.3115 1.2581
-2.4263 -0.3095 1.2407
-2.4217 -0.3081 1.2233
-2.4168 -0.3076 1.2067
-2.4115 -0.3081 1.1914
-2.4056 -0.3099 1.1755
-2.3990 -0.3128 1.1594
-2.3917 -0.3167 1.1435
-2.3836 -0.3215 1.1277
-2.3743 -0.3271 1.1121
-2.3636 -0.3333 1.0970
-2.3532 -0.3397 1.0817
-2.3426 -0.3458 1.0668
-2.3315 -0.3515 1.0525
-2.3198 -0.3564 1.0387
-2.3068 -0.3608 1.0260
-2.2920 -0.3646 1.0146
-2.2777 -0.3673 1.0032
-2.2630 -0.3691 0.9919
-2.2481 -0.3700 0.9808
-2.2330 -0.3698 0.9697
-2.2171 -0.3690 0.9580
-2.1999 -0.3677 0.9454
-2.1836 -0.3652 0.9338
-2.1675 -0.3620 0.9227
-2.1514 -0.3582 0.9119
-2.1354 -0.3538 0.9015
-2.1190 -0.3493 0.8913
-2.1016 -0.3453 0.8812
-2.0845 -0.3411 0.8724
-2.0669 -0.3377 0.8642
-2.0486 -0.3354 0.8565
-2.0300 -0.3340 0.8489
-1.9934 -0.3318 0.8332
-1.9761 -0.3296 0.8254
-1.9595 -0.3264 0.8180
-1.9433 -0.3224 0.8113
-1.9274 -0.3183 0.8052
-1.9115 -0.3144 0.7997
-1.8943 -0.3120 0.7934
-1.8781 -0.3092 0.7879
-1.8625 -0.3067 0.7825
-1.8471 -0.3046 0.7768
-1.8318 -0.3032 0.7705
-1.8165 -0.3025 0.7637
-1.7997 -0.3020 0.7544
-1.7839 -0.3024 0.7458
-1.7685 -0.3033 0.7371
-1.7533 -0.3047 0.7280
-1.7383 -0.3066 0.7185
-1.7230 -0.3089 0.7078
-1.7075 -0.3117 0.6954
-1.6928 -0.3149 0.6841
-1.6787 -0.3183 0.6731
-1.6650 -0.3216 0.6621
-1.6520 -0.3246 0.6507
-1.6384 -0.3278 0.6381
-1.6237 -0.3313 0.6236
-1.6126 -0.3320 0.6102
-1.6035 -0.3308 0.5970
-1.5956 -0.3283 0.5839
-1.5883 -0.3253 0.5707
-1.5801 -0.3232 0.5566
-1.5706 -0.3229 0.5410
-1.5629 -0.3221 0.5250
-1.5562 -0.3213 0.5080
-1.5504 -0.3204 0.4903
-1.5453 -0.3195 0.4725
-1.5393 -0.3195 0.4549
-1.5316 -0.3209 0.4377
-1.5249 -0.3226 0.4219
-1.5181 -0.3251 0.4072
-1.5105 -0.3286 0.3932
-1.5023 -0.3329 0.3798
-1.4838 -0.3435 0.3543
-1.4736 -0.3493 0.3422
-1.4628 -0.3551 0.3303
-1.4514 -0.3610 0.3189
-1.4391 -0.3672 0.3080
-1.4391 -0.3672 0.3080
-1.4123 -0.3792 0.2872
-1.3981 -0.3845 0.2772
-1.3981 -0.3845 0.2772
-1.3836 -0.3890 0.2671
-1.3689 -0.3925 0.2569
-1.3540 -0.3951 0.2463
-1.3391 -0.3967 0.2354
-1.3193 -0.3975 0.2228
-1.3030 -0.3966 0.2106
-1.2881 -0.3943 0.1982
-1.2736 -0.3910 0.1856
-1.2590 -0.3870 0.1728
-1.2433 -0.3824 0.1594
-1.2261 -0.3776 0.1453
-1.2102 -0.3728 0.1324
-1.1943 -0.3683 0.1205
-1.1778 -0.3643 0.1093
-1.1602 -0.3610 0.0988
-1.1413 -0.3587 0.0885
-1.1209 -0.3573 0.0781
-1.1014 -0.3559 0.0687
-1.0827 -0.3540 0.0602
-1.0649 -0.3509 0.0526
-1.0478 -0.3464 0.0461
-1.0303 -0.3412 0.0397
-1.0121 -0.3361 0.0326
-0.9949 -0.3310 0.0278
-0.9780 -0.3264 0.0237
-0.9614 -0.3224 0.0195
-0.9449 -0.3192 0.0150
-0.9275 -0.3172 0.0083
-0.9086 -0.3166 -0.0015
-0.8912 -0.3162 -0.0086
-0.8742 -0.3164 -0.0149
-0.8573 -0.3173 -0.0209
-0.8404 -0.3190 -0.0269
-0.8226 -0.3206 -0.0348
-0.8036 -0.3219 -0.0458
-0.7862 -0.3245 -0.0537
-0.7697 -0.3275 -0.0607
-0.7539 -0.3303 -0.0675
-0.7387 -0.3325 -0.0741
-0.7233 -0.3342 -0.0818
-0.7074 -0.3354 -0.0913
-0.6930 -0.3359 -0.0992
-0.6796 -0.3354 -0.1068
-0.6675 -0.3338 -0.1144
-0.6563 -0.3311 -0.1217
-0.6453 -0.3283 -0.1294
-0.6336 -0.3268 -0.1383
-0.6223 -0.3240 -0.1455
-0.6109 -0.3215 -0.1525
-0.5993 -0.3195 -0.1597
-0.5876 -0.3181 -0.1671
-0.5758 -0.3168 -0.1750
-0.5638 -0.3154 -0.1833
-0.5516 -0.3147 -0.1898
-0.5390 -0.3147 -0.1948
-0.5256 -0.3153 -0.1984
-0.5113 -0.3169 -0.2009
-0.4959 -0.3188 -0.2030
-0.4795 -0.3210 -0.2051
-0.4623 -0.3249 -0.2058
-0.4444 -0.3297 -0.2057
-0.4260 -0.3349 -0.2050
-0.4074 -0.3401 -0.2039
-0.3881 -0.3445 -0.2035
-0.3680 -0.3474 -0.2046
-0.3495 -0.3501 -0.2033
-0.3320 -0.3522 -0.2011
-0.3150 -0.3537 -0.1984
-0.2984 -0.3546 -0.1956
-0.2809 -0.3547 -0.1939
-0.2616 -0.3540 -0.1940
-0.2447 -0.3542 -0.1924
-0.2286 -0.3550 -0.1902
-0.2129 -0.3563 -0.1878
-0.1974 -0.3581 -0.1851
-0.1818 -0.3598 -0.1827
-0.1660 -0.3612 -0.1807
-0.1511 -0.3639 -0.1768
-0.1368 -0.3673 -0.1717
-0.1227 -0.3712 -0.1660
-0.1091 -0.3753 -0.1602
-0.0956 -0.3787 -0.1558
-0.0824 -0.3806 -0.1534
-0.0716 -0.3807 -0.1504
-0.0628 -0.3794 -0.1473
-0.0555 -0.3774 -0.1443
-0.0493 -0.3751 -0.1410
-0.0435 -0.3735 -0.1379
-0.0373 -0.3729 -0.1351
-0.0325 -0.3722 -0.1324
-0.0282 -0.3717 -0.1300
-0.0242 -0.3716 -0.1278
-0.0204 -0.3720 -0.1258
-0.0172 -0.3724 -0.1236
-0.0147 -0.3725 -0.1211
-0.0123 -0.3743 -0.1188
-0.0103 -0.3769 -0.1165
-0.0086 -0.3801 -0.1142
-0.0073 -0.3838 -0.1118
-0.0069 -0.3869 -0.1092
-0.0079 -0.3888 -0.1063
-0.0080 -0.3925 -0.1033
-0.0079 -0.3969 -0.1002
-0.0080 -0.4015 -0.0969
-0.0081 -0.4060 -0.0936
-0.0094 -0.4097 -0.0902
-0.0123 -0.4121 -0.0869
-0.0142 -0.4145 -0.0834
-0.0161 -0.4164 -0.0800
-0.0184 -0.4174 -0.0770
-0.0211 -0.4176 -0.0742
-0.0254 -0.4167 -0.0714
-0.0318 -0.4146 -0.0685
-0.0363 -0.4133 -0.0653
-0.0401 -0.4123 -0.0620
-0.0432 -0.4115 -0.0587
-0.0458 -0.4107 -0.0555
-0.0497 -0.4083 -0.0493
-0.0510 -0.4067 -0.0465
-0.0521 -0.4048 -0.0436
-0.0530 -0.4028 -0.0408
-0.0535 -0.4009 -0.0378
-0.0536 -0.3978 -0.0316
-0.0534 -0.3967 -0.0284
-0.0531 -0.3958 -0.0251
-0.0529 -0.3951 -0.0217
-0.0527 -0.3945 -0.0183
-0.0526 -0.3939 -0.0151
-0.0525 -0.3932 -0.0119
-0.0525 -0.3932 -0.0119
-0.0566 -0.3929 -0.0093
-0.0579 -0.3922 -0.0065
-0.0583 -0.3913 -0.0036
-0.0582 -0.3902 -0.0010
-0.0577 -0.3887 0.0011
-0.0624 -0.3852 0.0026
-0.0635 -0.3827 0.0038
-0.0633 -0.3805 0.0048
-0.0627 -0.3786 0.0058
-0.0619 -0.3771 0.0067
-0.0615 -0.3758 0.0076
-0.0618 -0.3744 0.0084
-0.0616 -0.3733 0.0092
-0.0613 -0.3721 0.0098
-0.0612 -0.3709 0.0104
-0.0615 -0.3696 0.0108
-0.0624 -0.3682 0.0111
-0.0641 -0.3667 0.0111
-0.0656 -0.3648 0.0110
-0.0671 -0.3629 0.0110
-0.0686 -0.3609 0.0110
-0.0701 -0.3591 0.0112
-0.0718 -0.3574 0.0110
-0.0738 -0.3555 0.0102
-0.0753 -0.3543 0.0104
-0.0765 -0.3533 0.0111
-0.0775 -0.3527 0.0121
-0.0782 -0.3522 0.0131
-0.0789 -0.3518 0.0136
-0.0799 -0.3514 0.0131
-0.0803 -0.3508 0.0131
-0.0808 -0.3500 0.0129
-0.0813 -0.3490 0.0123
-0.0821 -0.3481 0.0116
-0.0830 -0.3476 0.0110
-0.0847 -0.3462 0.0094
-0.0862 -0.3460 0.0091
-0.0877 -0.3461 0.0093
-0.0894 -0.3460 0.0094
-0.0913 -0.3454 0.0097
-0.0937 -0.3440 0.0100
-0.0970 -0.3422 0.0096
-0.1005 -0.3393 0.0102
-0.1042 -0.3354 0.0113
-0.1081 -0.3306 0.0128
-0.1121 -0.3246 0.0144
-0.1165 -0.3172 0.0158
-0.1217 -0.3084 0.0166
-0.1261 -0.2986 0.0171
-0.1303 -0.2877 0.0170
-0.1344 -0.2762 0.0165
-0.1383 -0.2645 0.0159
-0.1421 -0.2527 0.0152
-0.1456 -0.2412 0.0147
-0.1488 -0.2305 0.0147
-0.1517 -0.2208 0.0155
-0.1543 -0.2119 0.0166
-0.1567 -0.2036 0.0179
-0.1590 -0.1955 0.0188
-0.1614 -0.1878 0.0193
-0.1633 -0.1811 0.0200
-0.1650 -0.1753 0.0208
-0.1667 -0.1703 0.0215
-0.1682 -0.1659 0.0220
-0.1283 -0.1213 0.0286
-0.0298 -0.0193 0.0440
0.0008 0.0145 0.0486
0.0100 0.0264 0.0497
0.0127 0.0311 0.0497
0.0136 0.0332 0.0494
0.0139 0.0342 0.0487
0.0138 0.0346 0.0475
0.0143 0.0348 0.0467
0.0150 0.0349 0.0463
0.0159 0.0346 0.0460
0.0168 0.0341 0.0460
0.0171 0.0337 0.0461
0.0163 0.0335 0.0462
0.0166 0.0329 0.0463
0.0173 0.0322 0.0464
0.0182 0.0314 0.0466
0.0192 0.0307 0.0468
0.0197 0.0298 0.0469
0.0196 0.0289 0.0466
0.0199 0.0280 0.0468
0.0204 0.0272 0.0471
0.0209 0.0264 0.0476
0.0214 0.0258 0.0480
0.0213 0.0253 0.0483
0.0203 0.0251 0.0483
0.0201 0.0248 0.0483
0.0201 0.0246 0.0485
0.0202 0.0244 0.0486
0.0203 0.0242 0.0488
0.0199 0.0241 0.0491
0.0185 0.0240 0.0492
0.0180 0.0240 0.0494
0.0178 0.0240 0.0497
0.0177 0.0240 0.0500
0.0176 0.0241 0.0503
0.0173 0.0242 0.0508
0.0165 0.0244 0.0513
0.0162 0.0246 0.0517
0.0161 0.0247 0.0519
0.0159 0.0249 0.0522
0.0158 0.0249 0.0524
0.0156 0.0250 0.0522
0.0150 0.0252 0.0514
0.0148 0.0254 0.0510
0.0147 0.0256 0.0508
0.0145 0.0258 0.0506
0.0143 0.0259 0.0504
0.0140 0.0261 0.0498
0.0133 0.0263 0.0484
0.0129 0.0264 0.0478
0.0126 0.0266 0.0474
0.0123 0.0268 0.0472
0.0121 0.0270 0.0470
0.0118 0.0272 0.0468
0.0111 0.0273 0.0457
0.0107 0.0276 0.0452
0.0103 0.0278 0.0449
0.0100 0.0280 0.0446
0.0096 0.0282 0.0443
0.0070 0.0285 0.0431
0.0010 0.0287 0.0405
-0.0011 0.0290 0.0393
-0.0019 0.0293 0.0387
-0.0024 0.0296 0.0382
-0.0027 0.0299 0.0377
-0.0025 0.0302 0.0368
-0.0016 0.0305 0.0352
-0.0015 0.0307 0.0343
-0.0016 0.0310 0.0337
-0.0017 0.0313 0.0332
-0.0018 0.0315 0.0327
-0.0017 0.0317 0.0321
-0.0014 0.0318 0.0313
-0.0014 0.0320 0.0307
-0.0015 0.0323 0.0302
-0.0016 0.0326 0.0296
-0.0017 0.0329 0.0291
-0.0017 0.0332 0.0286
-0.0013 0.0337 0.0283
-0.0013 0.0340 0.0279
-0.0013 0.0342 0.0275
-0.0014 0.0345 0.0271
-0.0014 0.0348 0.0268
-0.0013 0.0353 0.0261
-0.0008 0.0362 0.0251
-0.0007 0.0366 0.0246
-0.0008 0.0369 0.0243
-0.0009 0.0372 0.0240
-0.0010 0.0375 0.0237
-0.0010 0.0380 0.0232
-0.0009 0.0388 0.0225
-0.0009 0.0393 0.0221
-0.0009 0.0396 0.0218
-0.0010 0.0399 0.0215
-0.0010 0.0402 0.0213
-0.0013 0.0407 0.0207
-0.0020 0.0416 0.0194
-0.0023 0.0419 0.0189
-0.0024 0.0422 0.0186
-0.0025 0.0424 0.0184
-0.0025 0.0426 0.0183
-0.0025 0.0428 0.0181
-0.0033 0.0437 0.0160
-0.0036 0.0442 0.0152
-0.0037 0.0444 0.0148
-0.0038 0.0446 0.0146
-0.0038 0.0447 0.0144
-0.0037 0.0448 0.0143
-0.0035 0.0448 0.0141
-0.0035 0.0449 0.0140
-0.0035 0.0450 0.0138
-0.0035 0.0451 0.0137
-0.0035 0.0452 0.0136
-0.0036 0.0450 0.0137
-0.0036 0.0444 0.0138
-0.0036 0.0442 0.0139
-0.0036 0.0441 0.0139
-0.0036 0.0441 0.0139
-0.0036 0.0442 0.0139
-0.0037 0.0442 0.0139
-0.0040 0.0448 0.0129
-0.0041 0.0451 0.0126
-0.0042 0.0452 0.0125
-0.0043 0.0453 0.0125
-0.0043 0.0453 0.0125
-0.0044 0.0451 0.0129
-0.0044 0.0445 0.0137
-0.0043 0.0442 0.0141
-0.0043 0.0441 0.0143
-0.0042 0.0440 0.0145
-0.0042 0.0439 0.0147
-0.0041 0.0438 0.0149
-0.0041 0.0436 0.0151
-0.0040 0.0435 0.0153
-0.0040 0.0434 0.0156
-0.0040 0.0434 0.0159
-0.0039 0.0433 0.0162
-0.0040 0.0432 0.0166
-0.0042 0.0430 0.0172
-0.0043 0.0430 0.0175
-0.0042 0.0430 0.0178
-0.0041 0.0430 0.0181
-0.0041 0.0430 0.0183
-0.0042 0.0431 0.0182
-0.0045 0.0432 0.0175
-0.0045 0.0433 0.0175
-0.0044 0.0433 0.0176
-0.0043 0.0433 0.0177
-0.0042 0.0433 0.0179
-0.0043 0.0433 0.0178
-0.0047 0.0433 0.0173
-0.0048 0.0433 0.0172
-0.0047 0.0432 0.0172
-0.0046 0.0432 0.0173
-0.0045 0.0432 0.0174
-0.0048 0.0432 0.0174
-0.0054 0.0431 0.0171
-0.0056 0.0430 0.0171
-0.0056 0.0430 0.0171
-0.0056 0.0430 0.0172
-0.0056 0.0430 0.0173
-0.0057 0.0429 0.0173
-0.0059 0.0428 0.0172
-0.0059 0.0427 0.0172
-0.0059 0.0426 0.0172
-0.0057 0.0426 0.0171
-0.0056 0.0425 0.0171
-0.0056 0.0425 0.0171
-0.0059 0.0425 0.0170
-0.0060 0.0425 0.0170
-0.0059 0.0425 0.0169
-0.0059 0.0425 0.0168
-0.0058 0.0425 0.0168
-0.0059 0.0424 0.0170
-0.0062 0.0422 0.0176
-0.0063 0.0421 0.0178
-0.0064 0.0420 0.0178
-0.0064 0.0420 0.0178
-0.0063 0.0420 0.0177
-0.0065 0.0421 0.0176
-0.0068 0.0420 0.0177
-0.0070 0.0420 0.0176
-0.0071 0.0420 0.0174
-0.0071 0.0419 0.0172
-0.0071 0.0418 0.0170
-0.0072 0.0418 0.0169
-0.0076 0.0417 0.0170
-0.0077 0.0416 0.0168
-0.0078 0.0416 0.0166
-0.0077 0.0415 0.0164
-0.0077 0.0414 0.0162
-0.0079 0.0413 0.0161
-0.0082 0.0413 0.0161
-0.0084 0.0412 0.0160
-0.0085 0.0411 0.0159
-0.0086 0.0409 0.0158
-0.0087 0.0407 0.0156
-0.0089 0.0405 0.0156
-0.0094 0.0403 0.0158
-0.0096 0.0402 0.0158
-0.0098 0.0400 0.0156
-0.0098 0.0398 0.0155
-0.0099 0.0397 0.0153
-0.0102 0.0395 0.0154
-0.0107 0.0394 0.0161
-0.0109 0.0393 0.0162
-0.0110 0.0392 0.0161
-0.0111 0.0392 0.0160
-0.0112 0.0393 0.0158
-0.0115 0.0392 0.0155
-0.0119 0.0390 0.0149
-0.0121 0.0390 0.0145
-0.0122 0.0390 0.0142
-0.0123 0.0390 0.0139
-0.0123 0.0390 0.0137
-0.0126 0.0389 0.0134
-0.0131 0.0387 0.0132
-0.0133 0.0386 0.0130
-0.0134 0.0386 0.0128
-0.0135 0.0385 0.0126
-0.0136 0.0385 0.0124
-0.0136 0.0384 0.0121
-0.0135 0.0387 0.0113
-0.0135 0.0387 0.0108
-0.0136 0.0387 0.0105
-0.0137 0.0387 0.0102
-0.0138 0.0387 0.0098
-0.0138 0.0386 0.0099
-0.0138 0.0382 0.0105
-0.0139 0.0380 0.0106
-0.0139 0.0378 0.0105
-0.0139 0.0375 0.0104
-0.0140 0.0372 0.0103
-0.0140 0.0370 0.0102
-0.0144 0.0366 0.0104
-0.0145 0.0363 0.0103
-0.0147 0.0359 0.0103
-0.0148 0.0356 0.0102
-0.0149 0.0352 0.0100
-0.0152 0.0348 0.0095
-0.0158 0.0343 0.0083
-0.0161 0.0340 0.0077
-0.0162 0.0337 0.0074
-0.0162 0.0336 0.0071
-0.0161 0.0333 0.0068

