0.0000 0.0000 0.0000
0.0000 0.0000 0.0000
0.0000 0.0000 0.0000
0.0000 0.0000 0.0000
0.0000 0.0000 0.0000
0.0000 0.0000 0.0000
0.0000 0.0000 0.0000
0.0000 0.0000 0.0000
-0.0713 0.0464 -0.0416
-0.0306 0.0000 -0.0380
0.0359 -0.0225 -0.0484
0.0622 -0.0248 -0.0438
0.0552 -0.0425 -0.0291
0.0465 -0.0428 -0.0405
0.0600 -0.0457 -0.0310
0.0613 -0.0981 -0.0007
0.0755 -0.1473 0.0232
0.1663 -0.2279 0.0355
0.2466 -0.3805 0.0245
0.2874 -0.4396 -0.0038
0.2990 -0.3825 -0.0186
0.2922 -0.3145 -0.0090
0.2343 -0.2638 0.0293
-0.1894 -0.0144 -0.0027
0.0403 0.0384 0.0500
0.0761 0.1079 0.0397
0.1015 0.0939 0.0820
0.0618 0.0205 0.0681
0.0289 0.0206 0.0569
-0.1015 -0.0239 0.0289
-0.1146 0.0742 -0.0169
-0.0592 0.0604 -0.0173
0.0294 0.0355 -0.0355
-0.0053 -0.0096 -0.0565
-0.0460 -0.0035 -0.0754
-0.1643 0.0849 -0.1327
-0.1822 0.2419 -0.1566
-0.0730 0.2186 -0.1084
-0.0731 0.1812 -0.0997
-0.0923 0.1106 -0.0936
-0.1594 -0.0279 -0.0711
-0.1962 -0.0429 -0.0586
-0.1828 -0.0727 -0.0746
0.0655 -0.1086 -0.1084
0.2033 -0.0300 -0.2380
0.3107 0.2512 -0.6417
0.1203 0.2303 -0.5819
-0.0329 0.2644 -0.4369
-0.2157 0.3451 -0.1858
-0.1728 0.4566 -0.1176
-0.2189 0.3404 -0.0789
-0.2554 -0.0301 -0.0260
-0.2855 -0.1589 0.0069
-0.3280 -0.2486 0.0966
-0.3445 -0.1330 0.1217
-0.3574 0.0709 0.1933
-0.4726 0.2727 0.2436
-0.5681 0.1848 0.1751
-0.5592 0.0913 0.1392
-0.4573 -0.0390 0.1169
-0.3763 0.0029 0.1107
-0.3590 0.0171 0.1169
-0.3541 -0.0072 0.1313
-0.3193 0.0135 0.1451
-0.2289 -0.0068 0.1395
-0.1608 -0.0682 0.0921
-0.1459 -0.0564 0.0599
-0.0894 0.0393 0.0438
0.0475 0.0498 0.0520
0.1176 0.0109 0.0435
0.1855 -0.0526 0.0194
0.1500 -0.0805 0.0166
0.1050 -0.0976 0.0150
0.0278 -0.0809 0.0240
0.0325 -0.0935 0.0247
0.0389 -0.1106 0.0190
0.0355 -0.1269 0.0134
0.0247 -0.0967 0.0064
0.0190 -0.0933 0.0049
0.0306 -0.1046 0.0148
0.0992 -0.1114 0.0306
0.1594 -0.1066 0.0397
0.2998 -0.0846 0.0516
0.2623 -0.0233 0.0287
0.1713 0.0068 0.0333
-0.0136 0.0209 0.0663
-0.0810 0.0083 0.0768
-0.0718 0.0179 0.0681
-0.0366 0.0508 0.0493
0.0095 0.0623 0.0360
0.0309 0.0831 0.0256
0.0398 0.0952 0.0326
0.0254 0.0292 0.0400
0.0038 0.0063 0.0355
-0.0253 -0.0094 0.0279
-0.0233 -0.0018 0.0197
0.0099 -0.0183 0.0127
0.0463 -0.0064 0.0141
0.0498 0.0213 0.0228
0.0108 0.0591 0.0223
-0.0449 0.0438 0.0268
-0.0392 0.0278 0.0263
0.0038 0.0136 0.0094
0.0191 -0.0078 0.0035
0.0132 -0.0034 0.0041
0.0182 0.0081 -0.0007
0.0188 0.0204 -0.0006
0.0111 0.0154 -0.0001
-0.0127 0.0041 -0.0014
-0.0109 0.0122 0.0016
-0.0024 0.0188 -0.0039
0.0093 0.0227 -0.0063
0.0080 0.0032 -0.0045
-0.0054 -0.0093 -0.0039
-0.0166 0.0071 0.0010
-0.0045 -0.0050 -0.0002
-0.0007 -0.0117 -0.0062
-0.0141 0.0017 -0.0064
0.0069 0.0290 -0.0084
0.0215 0.0257 -0.0195
0.0297 0.0157 -0.0241
0.0305 0.0151 -0.0138
0.0299 0.0167 -0.0105
0.0201 0.0064 -0.0132
0.0143 0.0064 -0.0113
0.0296 -0.0043 -0.0135
0.0709 -0.0029 -0.0249
0.0855 0.0092 -0.0327
0.0732 0.0426 -0.0300
0.0315 0.0552 -0.0205
0.0035 0.0509 -0.0177
-0.0337 0.0143 -0.0147
-0.0083 0.0069 -0.0127
0.0118 0.0151 -0.0045
0.0410 0.0306 -0.0188
0.0309 0.0494 -0.0194
0.0148 0.0329 -0.0070
-0.0252 0.0163 0.0108
-0.0551 0.0122 0.0410
-0.0547 0.0104 0.0508
-0.0194 0.0151 0.0647
-0.0030 0.0152 0.0643
-0.0096 0.0188 0.0673
-0.0358 0.0024 0.0777
-0.0631 -0.0024 0.0651
-0.0732 0.0002 0.0694
-0.0675 -0.0130 0.0719
-0.0391 -0.0241 0.0618
-0.0277 -0.0366 0.0558
-0.0093 -0.0305 0.0486
0.0113 -0.0517 0.0408
0.0122 -0.0797 0.0436
0.0029 -0.0042 0.0479
0.0168 0.0352 0.0389
0.0113 0.0254 0.0261
-0.0013 0.0227 0.0190
-0.0067 0.0115 0.0120
0.0435 0.0178 0.0142
0.0749 0.0108 0.0117
0.1007 0.0317 0.0090
0.0808 0.0455 0.0179
0.0626 0.0440 0.0168
0.0327 0.0317 0.0191
0.0338 0.0325 0.0095
0.0400 0.0366 0.0091
0.0251 0.0499 0.0068
-0.0029 0.0627 0.0191
-0.0086 0.0471 0.0216
-0.0056 0.0043 0.0188
0.0102 -0.0055 0.0075
0.0196 0.0003 0.0037
0.0354 0.0370 -0.0073
0.0308 0.0561 0.0020
0.0297 0.0585 0.0040
0.0318 0.0364 0.0088
0.0216 0.0183 0.0076
0.0138 0.0119 0.0052
-0.0051 0.0156 -0.0151
-0.0104 0.0233 -0.0174
0.0096 0.0378 -0.0173
0.0103 0.0391 -0.0029
-0.0067 0.0369 0.0049
-0.0387 0.0213 0.0088
-0.0288 0.0128 0.0021
0.0064 0.0157 -0.0031
0.0676 0.0037 -0.0153
0.0462 0.0135 -0.0224
0.0200 0.0163 -0.0147
0.0053 0.0118 -0.0031
0.0220 -0.0032 -0.0007
0.0247 0.0046 -0.0045
0.0108 0.0148 -0.0088
-0.0133 0.0028 -0.0109
-0.0199 -0.0003 -0.0181
-0.0160 -0.0155 -0.0182
0.0173 -0.0376 -0.0232
0.0324 -0.0572 -0.0263
0.0409 -0.0708 -0.0314
0.0359 -0.0854 -0.0352
0.0474 -0.0841 -0.0337
0.0795 -0.0581 -0.0411
0.0821 -0.0392 -0.0336
0.0792 -0.0232 -0.0243
0.0562 -0.0013 -0.0057
0.0411 0.0115 -0.0035
0.0036 -0.0162 -0.0005
-0.0084 -0.0542 -0.0001
0.0070 -0.0445 -0.0079
0.0496 0.0023 -0.0157
0.0621 0.0250 -0.0109
0.0483 0.0217 -0.0098
0.0126 0.0097 0.0020
-0.0027 -0.0226 0.0078
0.0000 -0.0280 0.0095
0.0157 -0.0196 0.0091
0.0363 0.0064 0.0013
0.0483 0.0232 -0.0055
0.0384 0.0198 -0.0056
0.0206 0.0052 0.0081
0.0251 0.0011 0.0051
0.0416 -0.0009 -0.0111
0.0460 -0.0106 -0.0139
0.0429 -0.0130 -0.0122
0.0359 0.0072 -0.0107
0.0355 0.0173 -0.0033
0.0252 0.0100 -0.0037
0.0125 -0.0070 0.0031
0.0218 -0.0058 -0.0048
0.0321 -0.0033 -0.0029
0.0454 -0.0249 -0.0003
0.0321 -0.0107 -0.0051
0.0284 -0.0064 -0.0025
0.0502 -0.0221 -0.0020
0.0583 -0.0248 -0.0039
0.0427 0.0131 -0.0113
0.0282 0.0182 -0.0004
0.0208 0.0106 0.0074
0.0241 0.0079 0.0044
0.0243 -0.0028 0.0017
0.0315 -0.0039 -0.0048
0.0345 0.0029 -0.0194
0.0330 0.0235 -0.0109
0.0271 0.0191 -0.0048
0.0557 -0.1004 0.0185
0.1408 -0.0591 -0.0139
0.1426 -0.0129 -0.0214
0.0988 0.0506 -0.0104
-0.0271 0.0766 -0.0071
-0.1004 0.0924 0.0110
-0.1375 0.0557 0.0245
-0.0281 0.0155 0.0265

