0.6608 0.0112 -1.3594
0.6609 0.0109 -1.3589
0.6610 0.0108 -1.3588
0.6609 0.0108 -1.3587
0.6609 0.0109 -1.3585
0.6608 0.0109 -1.3584
0.6608 0.0109 -1.3583
0.6635 0.0116 -1.3583
0.6643 0.0119 -1.3582
0.6646 0.0119 -1.3581
0.6647 0.0119 -1.3580
0.6648 0.0118 -1.3580
0.6649 0.0125 -1.3581
0.6650 0.0143 -1.3584
0.6650 0.0147 -1.3585
0.6651 0.0148 -1.3585
0.6651 0.0147 -1.3585
0.6652 0.0146 -1.3584
0.6653 0.0145 -1.3584
0.6652 0.0155 -1.3583
0.6652 0.0158 -1.3583
0.6652 0.0159 -1.3583
0.6652 0.0159 -1.3583
0.6653 0.0158 -1.3583
0.6654 0.0157 -1.3583
0.6651 0.0161 -1.3584
0.6651 0.0163 -1.3584
0.6650 0.0163 -1.3585
0.6650 0.0164 -1.3585
0.6650 0.0164 -1.3585
0.6650 0.0165 -1.3585
0.6646 0.0171 -1.3584
0.6644 0.0173 -1.3584
0.6643 0.0174 -1.3585
0.6643 0.0175 -1.3585
0.6642 0.0175 -1.3584
0.6642 0.0176 -1.3584
0.6640 0.0175 -1.3586
0.6639 0.0175 -1.3586
0.6639 0.0175 -1.3586
0.6638 0.0176 -1.3587
0.6637 0.0177 -1.3587
0.6637 0.0178 -1.3587
0.6639 0.0175 -1.3587
0.6640 0.0173 -1.3587
0.6640 0.0173 -1.3587
0.6640 0.0172 -1.3587
0.6640 0.0172 -1.3587
0.6639 0.0172 -1.3588
0.6638 0.0175 -1.3589
0.6636 0.0177 -1.3589
0.6636 0.0178 -1.3589
0.6635 0.0178 -1.3589
0.6635 0.0178 -1.3589
0.6635 0.0177 -1.3590
0.6635 0.0177 -1.3590
0.6635 0.0176 -1.3590
0.6635 0.0175 -1.3590
0.6635 0.0175 -1.3591
0.6635 0.0174 -1.3591
0.6635 0.0174 -1.3592
0.6634 0.0176 -1.3591
0.6634 0.0177 -1.3591
0.6634 0.0177 -1.3592
0.6633 0.0178 -1.3592
0.6633 0.0178 -1.3593
0.6633 0.0178 -1.3593
0.6633 0.0179 -1.3592
0.6632 0.0179 -1.3591
0.6632 0.0180 -1.3591
0.6632 0.0180 -1.3591
0.6632 0.0179 -1.3591
0.6632 0.0179 -1.3591
0.6631 0.0179 -1.3591
0.6630 0.0179 -1.3591
0.6629 0.0179 -1.3591
0.6629 0.0178 -1.3591
0.6630 0.0178 -1.3590
0.6630 0.0177 -1.3589
0.6629 0.0178 -1.3588
0.6628 0.0179 -1.3588
0.6628 0.0179 -1.3588
0.6628 0.0179 -1.3588
0.6628 0.0179 -1.3588
0.6629 0.0179 -1.3588
0.6626 0.0179 -1.3588
0.6625 0.0179 -1.3588
0.6624 0.0180 -1.3588
0.6624 0.0181 -1.3589
0.6624 0.0181 -1.3589
0.6624 0.0181 -1.3589
0.6620 0.0184 -1.3589
0.6619 0.0186 -1.3590
0.6618 0.0188 -1.3591
0.6616 0.0191 -1.3592
0.6615 0.0193 -1.3593
0.6613 0.0196 -1.3594
0.6608 0.0200 -1.3594
0.6606 0.0202 -1.3595
0.6605 0.0204 -1.3597
0.6605 0.0206 -1.3598
0.6605 0.0206 -1.3600
0.6602 0.0208 -1.3603
0.6593 0.0212 -1.3606
0.6591 0.0214 -1.3609
0.6590 0.0214 -1.3612
0.6590 0.0215 -1.3615
0.6590 0.0215 -1.3617
0.6590 0.0215 -1.3621
0.6577 0.0223 -1.3622
0.6573 0.0227 -1.3625
0.6570 0.0228 -1.3628
0.6569 0.0229 -1.3632
0.6568 0.0229 -1.3636
0.6568 0.0228 -1.3640
0.6565 0.0223 -1.3640
0.6564 0.0221 -1.3643
0.6563 0.0220 -1.3646
0.6563 0.0219 -1.3650
0.6562 0.0218 -1.3654
0.6561 0.0217 -1.3659
0.6558 0.0207 -1.3661
0.6556 0.0203 -1.3665
0.6554 0.0201 -1.3670
0.6553 0.0199 -1.3675
0.6551 0.0197 -1.3679
0.6549 0.0194 -1.3684
0.6544 0.0195 -1.3687
0.6541 0.0193 -1.3692
0.6539 0.0191 -1.3696
0.6537 0.0188 -1.3701
0.6535 0.0184 -1.3705
0.6532 0.0181 -1.3709
0.6527 0.0178 -1.3710
0.6524 0.0174 -1.3712
0.6521 0.0170 -1.3714
0.6519 0.0166 -1.3715
0.6516 0.0161 -1.3714
0.6512 0.0156 -1.3712
0.6508 0.0153 -1.3709
0.6505 0.0147 -1.3703
0.6502 0.0141 -1.3692
0.6498 0.0134 -1.3679
0.6493 0.0127 -1.3662
0.6487 0.0119 -1.3641
0.6477 0.0112 -1.3619
0.6466 0.0104 -1.3591
0.6454 0.0095 -1.3560
0.6440 0.0084 -1.3524
0.6424 0.0071 -1.3485
0.6406 0.0055 -1.3441
0.6383 0.0038 -1.3391
0.6358 0.0017 -1.3337
0.6329 -0.0005 -1.3279
0.6298 -0.0027 -1.3217
0.6263 -0.0050 -1.3151
0.6227 -0.0074 -1.3082
0.6187 -0.0089 -1.3012
0.6147 -0.0107 -1.2938
0.6106 -0.0122 -1.2862
0.6064 -0.0132 -1.2786
0.6021 -0.0135 -1.2712
0.5978 -0.0130 -1.2642
0.5937 -0.0124 -1.2576
0.5897 -0.0113 -1.2513
0.5860 -0.0101 -1.2453
0.5828 -0.0091 -1.2395
0.5800 -0.0082 -1.2339
0.5776 -0.0075 -1.2284
0.5752 -0.0071 -1.2231
0.5732 -0.0067 -1.2178
0.5715 -0.0064 -1.2123
0.5698 -0.0061 -1.2067
0.5679 -0.0058 -1.2008
0.5658 -0.0054 -1.1945
0.5633 -0.0048 -1.1879
0.5605 -0.0043 -1.1808
0.5573 -0.0038 -1.1732
0.5536 -0.0035 -1.1649
0.5495 -0.0034 -1.1560
0.5451 -0.0034 -1.1463
0.5405 -0.0034 -1.1356
0.5352 -0.0039 -1.1244
0.5293 -0.0045 -1.1127
0.5231 -0.0051 -1.1003
0.5164 -0.0057 -1.0875
0.5094 -0.0061 -1.0743
0.5027 -0.0059 -1.0607
0.4954 -0.0059 -1.0468
0.4877 -0.0059 -1.0325
0.4795 -0.0057 -1.0181
0.4708 -0.0052 -1.0038
0.4616 -0.0043 -0.9896
0.4526 -0.0038 -0.9750
0.4430 -0.0030 -0.9610
0.4331 -0.0024 -0.9473
0.4231 -0.0022 -0.9338
0.4129 -0.0024 -0.9205
0.4026 -0.0029 -0.9074
0.3927 -0.0036 -0.8943
0.3821 -0.0042 -0.8814
0.3713 -0.0048 -0.8687
0.3601 -0.0053 -0.8561
0.3487 -0.0056 -0.8437
0.3370 -0.0056 -0.8317
0.3254 -0.0045 -0.8203
0.3134 -0.0038 -0.8091
0.3014 -0.0033 -0.7982
0.2895 -0.0032 -0.7876
0.2777 -0.0035 -0.7773
0.2663 -0.0044 -0.7673
0.2556 -0.0050 -0.7575
0.2450 -0.0064 -0.7480
0.2346 -0.0082 -0.7387
0.2245 -0.0101 -0.7297
0.2147 -0.0120 -0.7210
0.2052 -0.0140 -0.7122
0.1959 -0.0159 -0.7031
0.1872 -0.0176 -0.6947
0.1788 -0.0193 -0.6866
0.1709 -0.0211 -0.6785
0.1634 -0.0230 -0.6703
0.1566 -0.0257 -0.6615
0.1506 -0.0291 -0.6520
0.1447 -0.0318 -0.6431
0.1390 -0.0345 -0.6343
0.1338 -0.0371 -0.6253
0.1289 -0.0398 -0.6161
0.1245 -0.0425 -0.6066
0.1206 -0.0453 -0.5968
0.1171 -0.0469 -0.5851
0.1140 -0.0491 -0.5740
0.1115 -0.0513 -0.5628
0.1094 -0.0534 -0.5512
0.1078 -0.0553 -0.5392
0.1111 -0.0587 -0.5286
0.1121 -0.0606 -0.5162
0.1126 -0.0615 -0.5028
0.1133 -0.0618 -0.4888
0.1142 -0.0615 -0.4741
0.1155 -0.0605 -0.4589
0.1186 -0.0614 -0.4424
0.1207 -0.0600 -0.4258
0.1226 -0.0572 -0.4090
0.1244 -0.0532 -0.3922
0.1265 -0.0479 -0.3755
0.1288 -0.0417 -0.3591
0.1318 -0.0357 -0.3422
0.1348 -0.0292 -0.3263
0.1378 -0.0228 -0.3111
0.1406 -0.0171 -0.2963
0.1431 -0.0124 -0.2821
0.1452 -0.0088 -0.2681
0.1473 -0.0067 -0.2544
0.1484 -0.0056 -0.2413
0.1490 -0.0054 -0.2287
0.1491 -0.0060 -0.2166
0.1492 -0.0071 -0.2050
0.1493 -0.0085 -0.1939
0.1500 -0.0111 -0.1828
0.1509 -0.0134 -0.1722
0.1522 -0.0157 -0.1617
0.1540 -0.0182 -0.1512
0.1561 -0.0210 -0.1404
0.1586 -0.0242 -0.1292
0.1600 -0.0286 -0.1175
0.1626 -0.0326 -0.1052
0.1656 -0.0366 -0.0924
0.1691 -0.0406 -0.0791
0.1729 -0.0444 -0.0653
0.1771 -0.0478 -0.0511
0.1790 -0.0518 -0.0365
0.1829 -0.0547 -0.0218
0.1877 -0.0569 -0.0068
0.1931 -0.0585 0.0084
0.1987 -0.0599 0.0238
0.2047 -0.0610 0.0393
0.2108 -0.0620 0.0552
0.2152 -0.0655 0.0706
0.2212 -0.0672 0.0867
0.2279 -0.0681 0.1032
0.2352 -0.0684 0.1198
0.2430 -0.0683 0.1367
0.2508 -0.0688 0.1510
0.2594 -0.0680 0.1670
0.2686 -0.0665 0.1834
0.2783 -0.0642 0.1996
0.2885 -0.0615 0.2155
0.2991 -0.0583 0.2306
0.3097 -0.0564 0.2426
0.3211 -0.0536 0.2551
0.3332 -0.0509 0.2672
0.3461 -0.0486 0.2786
0.3598 -0.0473 0.2892
0.3742 -0.0471 0.2991
0.3881 -0.0488 0.3052
0.4028 -0.0504 0.3125
0.4173 -0.0519 0.3197
0.4312 -0.0529 0.3266
0.4442 -0.0534 0.3333
0.4559 -0.0536 0.3397
0.4663 -0.0538 0.3457
0.4766 -0.0531 0.3522
0.4866 -0.0522 0.3589
0.4963 -0.0517 0.3660
0.5059 -0.0516 0.3736
0.5150 -0.0526 0.3814
0.5237 -0.0546 0.3896
0.5328 -0.0570 0.3988
0.5422 -0.0600 0.4087
0.5516 -0.0635 0.4193
0.5609 -0.0675 0.4306
0.5795 -0.0761 0.4546
0.5885 -0.0805 0.4669
0.5976 -0.0848 0.4803
0.6065 -0.0888 0.4945
0.6150 -0.0921 0.5092
0.6233 -0.0946 0.5246
0.6313 -0.0963 0.5405
0.6390 -0.0971 0.5569
0.6464 -0.0972 0.5740
0.6535 -0.0963 0.5913
0.6603 -0.0942 0.6086
0.6666 -0.0909 0.6257
0.6727 -0.0867 0.6422
0.6810 -0.0831 0.6581
0.6874 -0.0788 0.6740
0.6932 -0.0748 0.6901
0.6986 -0.0717 0.7064
0.7036 -0.0696 0.7232
0.7116 -0.0685 0.7413
0.7168 -0.0678 0.7585
0.7206 -0.0670 0.7751
0.7237 -0.0660 0.7908
0.7263 -0.0644 0.8057
0.7289 -0.0626 0.8198
0.7333 -0.0606 0.8334
0.7367 -0.0592 0.8467
0.7402 -0.0587 0.8599
0.7440 -0.0590 0.8732
0.7484 -0.0602 0.8867
0.7534 -0.0620 0.9003
0.7605 -0.0629 0.9137
0.7673 -0.0646 0.9272
0.7744 -0.0666 0.9407
0.7822 -0.0684 0.9540
0.7907 -0.0700 0.9671
0.7999 -0.0715 0.9800
0.8099 -0.0700 0.9930
0.8204 -0.0704 1.0056
0.8314 -0.0712 1.0180
0.8429 -0.0719 1.0302
0.8550 -0.0726 1.0423
0.8676 -0.0729 1.0541
0.8812 -0.0730 1.0678
0.8949 -0.0725 1.0798
0.9088 -0.0714 1.0911
0.9232 -0.0696 1.1020
0.9378 -0.0672 1.1126
0.9526 -0.0642 1.1229
0.9672 -0.0604 1.1324
0.9826 -0.0576 1.1438
0.9966 -0.0528 1.1526
1.0100 -0.0470 1.1599
1.0229 -0.0411 1.1666
1.0352 -0.0354 1.1730
1.0482 -0.0311 1.1795
1.0608 -0.0270 1.1857
1.0737 -0.0236 1.1916
1.0869 -0.0213 1.1974
1.1002 -0.0200 1.2034
1.1136 -0.0198 1.2097
1.1271 -0.0209 1.2158
1.1402 -0.0230 1.2230
1.1527 -0.0262 1.2310
1.1647 -0.0305 1.2399
1.1762 -0.0357 1.2499
1.1870 -0.0417 1.2610
1.1975 -0.0484 1.2726
1.2070 -0.0550 1.2855
1.2156 -0.0614 1.2993
1.2233 -0.0672 1.3138
1.2305 -0.0721 1.3287
1.2370 -0.0761 1.3438
1.2434 -0.0794 1.3606
1.2494 -0.0815 1.3764
1.2553 -0.0827 1.3919
1.2613 -0.0833 1.4072
1.2676 -0.0833 1.4224
1.2751 -0.0833 1.4388
1.2841 -0.0833 1.4569
1.2921 -0.0827 1.4731
1.2997 -0.0818 1.4889
1.3070 -0.0806 1.5047
1.3138 -0.0792 1.5207
1.3203 -0.0773 1.5367
1.3274 -0.0740 1.5551
1.3334 -0.0708 1.5712
1.3388 -0.0675 1.5864
1.3434 -0.0644 1.6010
1.3475 -0.0617 1.6156
1.3510 -0.0598 1.6305
1.3540 -0.0587 1.6459
1.3576 -0.0568 1.6625
1.3606 -0.0567 1.6785
1.3636 -0.0574 1.6939
1.3665 -0.0581 1.7086
1.3693 -0.0584 1.7224
1.3717 -0.0580 1.7351
1.3743 -0.0559 1.7475
1.3760 -0.0543 1.7587
1.3772 -0.0528 1.7693
1.3783 -0.0517 1.7793
1.3793 -0.0509 1.7890
1.3805 -0.0496 1.7985
1.3820 -0.0500 1.8082
1.3837 -0.0514 1.8181
1.3859 -0.0537 1.8281
1.3886 -0.0564 1.8383
1.3917 -0.0595 1.8484
1.3940 -0.0604 1.8542
1.3974 -0.0631 1.8627
1.4013 -0.0664 1.8720
1.4054 -0.0699 1.8814
1.4095 -0.0733 1.8907
1.4130 -0.0767 1.8986
1.4159 -0.0803 1.9047
1.4197 -0.0827 1.9123
1.4238 -0.0844 1.9202
1.4281 -0.0855 1.9282
1.4325 -0.0863 1.9362
1.4423 -0.0869 1.9520
1.4476 -0.0866 1.9595
1.4530 -0.0866 1.9637
1.4582 -0.0859 1.9696
1.4632 -0.0849 1.9757
1.4632 -0.0849 1.9757
1.4680 -0.0838 1.9820
1.4726 -0.0828 1.9882
1.4771 -0.0822 1.9945
1.4816 -0.0820 2.0010
1.4863 -0.0823 2.0076
1.4913 -0.0833 2.0143
1.4964 -0.0848 2.0212
1.5015 -0.0867 2.0281
1.5058 -0.0886 2.0326
1.5095 -0.0904 2.0387
1.5123 -0.0918 2.0454
1.5140 -0.0929 2.0525
1.5146 -0.0935 2.0598
1.5144 -0.0939 2.0672
1.5130 -0.0952 2.0729
1.5114 -0.0959 2.0801
1.5095 -0.0965 2.0880
1.5073 -0.0972 2.0961
1.5048 -0.0980 2.1044
1.4987 -0.0994 2.1120
1.4942 -0.1006 2.1201
1.4900 -0.1019 2.1283
1.4854 -0.1032 2.1363
1.4804 -0.1044 2.1442
1.4749 -0.1056 2.1516
1.4683 -0.1054 2.1595
1.4616 -0.1058 2.1662
1.4548 -0.1064 2.1722
1.4475 -0.1070 2.1776
1.4399 -0.1077 2.1824
1.4319 -0.1085 2.1874
1.4237 -0.1094 2.1928
1.4155 -0.1097 2.1961
1.4074 -0.1095 2.1981
1.3993 -0.1092 2.1991
1.3913 -0.1087 2.1991
1.3834 -0.1086 2.1991
1.3756 -0.1091 2.1992
1.3677 -0.1093 2.1977
1.3597 -0.1096 2.1953
1.3518 -0.1100 2.1922
1.3437 -0.1107 2.1885
1.3437 -0.1107 2.1885
1.3354 -0.1116 2.1841
1.3274 -0.1123 2.1807
1.3191 -0.1130 2.1749
1.3106 -0.1135 2.1675
1.3022 -0.1137 2.1587
1.2937 -0.1137 2.1484
1.2853 -0.1137 2.1366
1.2765 -0.1124 2.1246
1.2680 -0.1120 2.1106
1.2597 -0.1120 2.0952
1.2516 -0.1122 2.0789
1.2436 -0.1125 2.0616
1.2359 -0.1128 2.0437
1.2269 -0.1122 2.0269
1.2193 -0.1122 2.0085
1.2123 -0.1123 1.9894
1.2058 -0.1124 1.9699
1.1997 -0.1124 1.9502
1.1940 -0.1122 1.9304
1.1872 -0.1091 1.9116
1.1817 -0.1079 1.8923
1.1768 -0.1072 1.8732
1.1722 -0.1069 1.8545
1.1677 -0.1067 1.8362
1.1631 -0.1069 1.8184
1.1569 -0.1054 1.8010
1.1513 -0.1059 1.7840
1.1454 -0.1074 1.7673
1.1390 -0.1098 1.7508
1.1322 -0.1128 1.7346
1.1250 -0.1160 1.7185
1.1174 -0.1188 1.7031
1.1103 -0.1214 1.6876
1.1039 -0.1234 1.6720
1.0980 -0.1247 1.6562
1.0927 -0.1257 1.6400
1.0876 -0.1262 1.6235
1.0828 -0.1263 1.6070
1.0782 -0.1259 1.5913
1.0737 -0.1248 1.5766
1.0693 -0.1232 1.5628
1.0649 -0.1212 1.5498
1.0604 -0.1194 1.5374
1.0554 -0.1177 1.5246
1.0503 -0.1167 1.5125
1.0448 -0.1166 1.5008
1.0388 -0.1171 1.4894
1.0323 -0.1184 1.4783
1.0251 -0.1205 1.4677
1.0180 -0.1217 1.4571
1.0100 -0.1243 1.4471
1.0015 -0.1277 1.4374
0.9927 -0.1313 1.4280
0.9837 -0.1350 1.4188
0.9748 -0.1385 1.4096
0.9664 -0.1412 1.3995
0.9578 -0.1440 1.3900
0.9490 -0.1466 1.3807
0.9401 -0.1492 1.3714
0.9309 -0.1516 1.3619
0.9214 -0.1539 1.3525
0.9113 -0.1575 1.3404
0.9007 -0.1603 1.3300
0.8893 -0.1627 1.3202
0.8773 -0.1651 1.3106
0.8646 -0.1673 1.3012
0.8513 -0.1693 1.2918
0.8379 -0.1721 1.2828
0.8239 -0.1739 1.2737
0.8096 -0.1750 1.2646
0.7956 -0.1754 1.2551
0.7821 -0.1750 1.2453
0.7692 -0.1737 1.2350
0.7581 -0.1746 1.2250
0.7471 -0.1729 1.2140
0.7367 -0.1701 1.2025
0.7270 -0.1668 1.1904
0.7179 -0.1633 1.1779
0.7100 -0.1601 1.1655
0.7034 -0.1575 1.1535
0.6969 -0.1549 1.1401
0.6908 -0.1527 1.1258
0.6853 -0.1511 1.1109
0.6804 -0.1499 1.0954
0.6761 -0.1491 1.0795
0.6746 -0.1486 1.0657
0.6718 -0.1479 1.0503
0.6688 -0.1468 1.0344
0.6659 -0.1452 1.0184
0.6634 -0.1432 1.0025
0.6612 -0.1408 0.9867
0.6616 -0.1395 0.9728
0.6609 -0.1374 0.9578
0.6600 -0.1353 0.9423
0.6590 -0.1333 0.9267
0.6579 -0.1316 0.9109
0.6566 -0.1303 0.8950
0.6567 -0.1295 0.8800
0.6555 -0.1288 0.8644
0.6537 -0.1284 0.8486
0.6515 -0.1281 0.8328
0.6489 -0.1278 0.8172
0.6458 -0.1276 0.8018
0.6427 -0.1280 0.7874
0.6386 -0.1279 0.7729
0.6337 -0.1275 0.7587
0.6281 -0.1269 0.7450
0.6216 -0.1259 0.7317
0.6142 -0.1247 0.7188
0.6060 -0.1227 0.7066
0.5970 -0.1214 0.6943
0.5871 -0.1206 0.6817
0.5762 -0.1203 0.6688
0.5641 -0.1206 0.6556
0.5510 -0.1216 0.6421
0.5373 -0.1230 0.6286
0.5231 -0.1244 0.6156
0.5087 -0.1255 0.6031
0.4943 -0.1263 0.5914
0.4803 -0.1266 0.5802
0.4668 -0.1263 0.5691
0.4537 -0.1258 0.5577
0.4411 -0.1249 0.5472
0.4289 -0.1242 0.5369
0.4169 -0.1240 0.5264
0.4052 -0.1245 0.5155
0.3936 -0.1256 0.5043
0.3824 -0.1263 0.4925
0.3716 -0.1281 0.4806
0.3613 -0.1305 0.4684
0.3518 -0.1333 0.4559
0.3429 -0.1363 0.4429
0.3348 -0.1395 0.4294
0.3264 -0.1426 0.4144
0.3190 -0.1457 0.3997
0.3121 -0.1485 0.3850
0.3054 -0.1512 0.3703
0.2985 -0.1534 0.3555
0.2913 -0.1553 0.3408
0.2837 -0.1570 0.3255
0.2757 -0.1582 0.3106
0.2674 -0.1591 0.2956
0.2586 -0.1600 0.2803
0.2494 -0.1609 0.2646
0.2399 -0.1619 0.2484
0.2296 -0.1624 0.2311
0.2198 -0.1628 0.2136
0.2105 -0.1626 0.1956
0.2017 -0.1614 0.1773
0.1935 -0.1588 0.1589
0.1859 -0.1548 0.1406
0.1790 -0.1508 0.1220
0.1732 -0.1453 0.1037
0.1686 -0.1393 0.0852
0.1649 -0.1336 0.0664
0.1621 -0.1283 0.0471
0.1598 -0.1239 0.0272
0.1578 -0.1202 0.0070
0.1565 -0.1162 -0.0127
0.1557 -0.1120 -0.0317
0.1551 -0.1074 -0.0499
0.1549 -0.1023 -0.0673
0.1545 -0.0969 -0.0838
0.1540 -0.0915 -0.0997
0.1537 -0.0864 -0.1150
0.1533 -0.0817 -0.1299
0.1524 -0.0779 -0.1445
0.1508 -0.0749 -0.1591
0.1484 -0.0729 -0.1738
0.1451 -0.0722 -0.1873
0.1408 -0.0720 -0.2019
0.1357 -0.0723 -0.2170
0.1298 -0.0732 -0.2323
0.1233 -0.0747 -0.2479
0.1162 -0.0768 -0.2636
0.1097 -0.0796 -0.2773
0.1023 -0.0828 -0.2926
0.0945 -0.0864 -0.3083
0.0865 -0.0902 -0.3241
0.0785 -0.0941 -0.3398
0.0704 -0.0978 -0.3551
0.0633 -0.1021 -0.3701
0.0559 -0.1051 -0.3845
0.0488 -0.1073 -0.3982
0.0418 -0.1090 -0.4116
0.0349 -0.1103 -0.4248
0.0278 -0.1114 -0.4378
0.0207 -0.1131 -0.4529
0.0129 -0.1135 -0.4655
0.0046 -0.1126 -0.4767
-0.0037 -0.1108 -0.4867
-0.0116 -0.1083 -0.4962
-0.0190 -0.1056 -0.5054
-0.0262 -0.1037 -0.5186
-0.0331 -0.1022 -0.5293
-0.0400 -0.1015 -0.5392
-0.0472 -0.1015 -0.5489
-0.0545 -0.1025 -0.5584
-0.0618 -0.1043 -0.5681
-0.0683 -0.1066 -0.5805
-0.0743 -0.1098 -0.5917
-0.0793 -0.1138 -0.6031
-0.0834 -0.1185 -0.6150
-0.0865 -0.1239 -0.6278
-0.0888 -0.1297 -0.6426
-0.0905 -0.1356 -0.6600
-0.0910 -0.1426 -0.6768
-0.0904 -0.1500 -0.6940
-0.0887 -0.1574 -0.7119
-0.0861 -0.1643 -0.7305
-0.0826 -0.1704 -0.7496
-0.0787 -0.1761 -0.7712
-0.0739 -0.1805 -0.7918
-0.0686 -0.1837 -0.8123
-0.0630 -0.1858 -0.8328
-0.0574 -0.1868 -0.8533
-0.0519 -0.1871 -0.8739
-0.0458 -0.1872 -0.8953
-0.0403 -0.1867 -0.9164
-0.0348 -0.1859 -0.9377
-0.0289 -0.1849 -0.9592
-0.0225 -0.1836 -0.9810
-0.0153 -0.1817 -1.0028
-0.0068 -0.1799 -1.0244
0.0022 -0.1762 -1.0448
0.0120 -0.1713 -1.0639
0.0226 -0.1658 -1.0818
0.0342 -0.1605 -1.0986
0.0471 -0.1557 -1.1148
0.0614 -0.1519 -1.1307
0.0760 -0.1497 -1.1462
0.0911 -0.1485 -1.1613
0.1065 -0.1478 -1.1759
0.1218 -0.1470 -1.1897
0.1371 -0.1452 -1.2024
0.1523 -0.1408 -1.2133
0.1674 -0.1366 -1.2230
0.1826 -0.1322 -1.2314
0.1980 -0.1279 -1.2386
0.2136 -0.1241 -1.2449
0.2289 -0.1205 -1.2501
0.2439 -0.1172 -1.2545
0.2589 -0.1148 -1.2589
0.2734 -0.1132 -1.2632
0.2875 -0.1121 -1.2674
0.3011 -0.1114 -1.2717
0.3139 -0.1110 -1.2759
0.3260 -0.1106 -1.2798
0.3379 -0.1111 -1.2838
0.3494 -0.1122 -1.2878
0.3604 -0.1137 -1.2916
0.3710 -0.1155 -1.2953
0.3811 -0.1176 -1.2990
0.3902 -0.1199 -1.3031
0.3990 -0.1223 -1.3072
0.4076 -0.1248 -1.3115
0.4157 -0.1273 -1.3160
0.4234 -0.1292 -1.3206
0.4302 -0.1301 -1.3252
0.4357 -0.1307 -1.3301
0.4404 -0.1296 -1.3349
0.4448 -0.1278 -1.3396
0.4492 -0.1261 -1.3444
0.4541 -0.1247 -1.3492
0.4603 -0.1237 -1.3540
0.4679 -0.1231 -1.3588
0.4750 -0.1232 -1.3643
0.4822 -0.1237 -1.3703
0.4894 -0.1243 -1.3764
0.4968 -0.1248 -1.3825
0.5042 -0.1251 -1.3883
0.5142 -0.1243 -1.3931
0.5231 -0.1241 -1.3972
0.5321 -0.1242 -1.4006
0.5415 -0.1243 -1.4032
0.5513 -0.1245 -1.4051
0.5618 -0.1245 -1.4068
0.5730 -0.1243 -1.4083
0.5836 -0.1239 -1.4093
0.5941 -0.1233 -1.4099
0.6044 -0.1226 -1.4102
0.6146 -0.1218 -1.4105
0.6245 -0.1212 -1.4108
0.6343 -0.1209 -1.4110
0.6439 -0.1202 -1.4111
0.6532 -0.1193 -1.4112
0.6621 -0.1184 -1.4113
0.6707 -0.1174 -1.4114
0.6782 -0.1165 -1.4112
0.6846 -0.1159 -1.4106
0.6912 -0.1150 -1.4108
0.6975 -0.1142 -1.4113
0.7034 -0.1135 -1.4119
0.7087 -0.1128 -1.4126
0.7134 -0.1121 -1.4135
0.7154 -0.1115 -1.4131
0.7181 -0.1108 -1.4137
0.7209 -0.1103 -1.4146
0.7235 -0.1102 -1.4155
0.7258 -0.1105 -1.4163
0.7278 -0.1113 -1.4171
0.7065 -0.0438 -1.3686
0.7004 -0.0230 -1.3547
0.6992 -0.0168 -1.3519
0.6996 -0.0154 -1.3525
0.7005 -0.0154 -1.3541
0.7014 -0.0157 -1.3561
0.7021 -0.0168 -1.3584
0.7029 -0.0173 -1.3605
0.7035 -0.0176 -1.3623
0.7041 -0.0178 -1.3638
0.7044 -0.0179 -1.3651
0.7045 -0.0180 -1.3659
0.7040 -0.0181 -1.3666
0.7034 -0.0181 -1.3672
0.7028 -0.0179 -1.3678
0.7021 -0.0174 -1.3688
0.7014 -0.0169 -1.3699
0.7009 -0.0166 -1.3709
0.7001 -0.0158 -1.3716
0.6997 -0.0155 -1.3722
0.6995 -0.0154 -1.3727
0.6992 -0.0153 -1.3730
0.6988 -0.0150 -1.3731
0.6983 -0.0147 -1.3733
0.6976 -0.0144 -1.3735
0.6969 -0.0139 -1.3735
0.6962 -0.0135 -1.3734
0.6956 -0.0132 -1.3732
0.6950 -0.0129 -1.3729
0.6944 -0.0127 -1.3726
0.6939 -0.0126 -1.3724
0.6933 -0.0124 -1.3720
0.6928 -0.0122 -1.3717
0.6923 -0.0121 -1.3713
0.6919 -0.0120 -1.3710
0.6915 -0.0119 -1.3706
0.6910 -0.0121 -1.3702
0.6906 -0.0122 -1.3698
0.6902 -0.0122 -1.3695
0.6899 -0.0123 -1.3692
0.6896 -0.0125 -1.3689
0.6893 -0.0125 -1.3687
0.6888 -0.0127 -1.3683
0.6885 -0.0128 -1.3680
0.6881 -0.0129 -1.3678
0.6878 -0.0130 -1.3675
0.6875 -0.0131 -1.3673
0.6871 -0.0133 -1.3670
0.6868 -0.0137 -1.3664
0.6863 -0.0138 -1.3660
0.6859 -0.0138 -1.3657
0.6855 -0.0139 -1.3654
0.6852 -0.0139 -1.3651
0.6849 -0.0137 -1.3647
0.6845 -0.0130 -1.3643
0.6842 -0.0128 -1.3639
0.6840 -0.0127 -1.3636
0.6838 -0.0127 -1.3632
0.6836 -0.0127 -1.3628
0.6834 -0.0126 -1.3624
0.6830 -0.0126 -1.3629
0.6827 -0.0125 -1.3627
0.6826 -0.0124 -1.3624
0.6824 -0.0122 -1.3620
0.6822 -0.0119 -1.3615
0.6820 -0.0115 -1.3611
0.6816 -0.0123 -1.3603
0.6814 -0.0122 -1.3598
0.6814 -0.0120 -1.3592
0.6813 -0.0117 -1.3587
0.6813 -0.0113 -1.3583
0.6813 -0.0109 -1.3578
0.6816 -0.0111 -1.3574
0.6817 -0.0110 -1.3570
0.6817 -0.0108 -1.3567
0.6817 -0.0106 -1.3564
0.6817 -0.0104 -1.3561
0.6817 -0.0103 -1.3558
0.6818 -0.0103 -1.3555
0.6818 -0.0102 -1.3553
0.6818 -0.0102 -1.3552
0.6818 -0.0101 -1.3550
0.6817 -0.0101 -1.3550
0.6816 -0.0100 -1.3549
0.6815 -0.0099 -1.3548
0.6815 -0.0098 -1.3547
0.6815 -0.0098 -1.3547
0.6815 -0.0098 -1.3547
0.6815 -0.0097 -1.3547
0.6815 -0.0097 -1.3548
0.6816 -0.0097 -1.3547
0.6817 -0.0097 -1.3548
0.6817 -0.0096 -1.3550
0.6817 -0.0096 -1.3551
0.6818 -0.0096 -1.3553
0.6818 -0.0095 -1.3555
0.6816 -0.0093 -1.3555
0.6816 -0.0093 -1.3556
0.6816 -0.0092 -1.3557
0.6816 -0.0092 -1.3558
0.6817 -0.0092 -1.3559
0.6817 -0.0093 -1.3560
0.6816 -0.0090 -1.3560
0.6816 -0.0089 -1.3560
0.6816 -0.0087 -1.3561
0.6816 -0.0086 -1.3561
0.6816 -0.0084 -1.3562
0.6817 -0.0082 -1.3562
0.6820 -0.0088 -1.3561
0.6821 -0.0089 -1.3560
0.6822 -0.0089 -1.3560
0.6823 -0.0089 -1.3559
0.6824 -0.0088 -1.3559
0.6825 -0.0088 -1.3559
0.6825 -0.0088 -1.3557
0.6826 -0.0088 -1.3556
0.6827 -0.0088 -1.3555
0.6828 -0.0087 -1.3554
0.6829 -0.0087 -1.3553
0.6830 -0.0087 -1.3551
0.6830 -0.0087 -1.3550
0.6830 -0.0087 -1.3549
0.6831 -0.0086 -1.3548
0.6832 -0.0085 -1.3547
0.6833 -0.0085 -1.3546
0.6834 -0.0085 -1.3545
0.6834 -0.0086 -1.3541
0.6835 -0.0086 -1.3540
0.6835 -0.0085 -1.3539
0.6836 -0.0084 -1.3538
0.6837 -0.0083 -1.3538
0.6838 -0.0082 -1.3538
0.6841 -0.0084 -1.3538
0.6842 -0.0084 -1.3539
0.6843 -0.0083 -1.3540
0.6844 -0.0083 -1.3541
0.6844 -0.0082 -1.3542
0.6845 -0.0081 -1.3543
0.6845 -0.0082 -1.3542
0.6845 -0.0082 -1.3543
0.6845 -0.0081 -1.3544
0.6845 -0.0081 -1.3545
0.6845 -0.0081 -1.3546
0.6845 -0.0080 -1.3547
0.6846 -0.0080 -1.3547
0.6847 -0.0080 -1.3548
0.6847 -0.0079 -1.3549
0.6847 -0.0079 -1.3550
0.6847 -0.0078 -1.3551
0.6848 -0.0078 -1.3550
0.6849 -0.0080 -1.3547
0.6849 -0.0079 -1.3547
0.6849 -0.0078 -1.3547
0.6849 -0.0077 -1.3548
0.6849 -0.0076 -1.3549
0.6849 -0.0076 -1.3550
0.6849 -0.0077 -1.3552
0.6849 -0.0078 -1.3553
0.6849 -0.0077 -1.3554
0.6849 -0.0077 -1.3556
0.6848 -0.0076 -1.3557
0.6848 -0.0075 -1.3558
0.6848 -0.0076 -1.3559
0.6847 -0.0076 -1.3560
0.6846 -0.0075 -1.3561
0.6846 -0.0074 -1.3562
0.6845 -0.0072 -1.3564
0.6844 -0.0070 -1.3565
0.6844 -0.0069 -1.3565
0.6843 -0.0067 -1.3566
0.6842 -0.0066 -1.3566
0.6842 -0.0066 -1.3567
0.6842 -0.0066 -1.3568
0.6842 -0.0066 -1.3569
0.6843 -0.0066 -1.3569
0.6843 -0.0067 -1.3569
0.6844 -0.0068 -1.3568
0.6845 -0.0069 -1.3568
0.6845 -0.0069 -1.3568
0.6845 -0.0070 -1.3569
0.6845 -0.0071 -1.3571
0.6844 -0.0071 -1.3571
0.6844 -0.0070 -1.3572
0.6844 -0.0070 -1.3573
0.6843 -0.0068 -1.3573
0.6842 -0.0066 -1.3572
0.6842 -0.0064 -1.3572
0.6842 -0.0063 -1.3572
0.6842 -0.0062 -1.3573
0.6843 -0.0062 -1.3573
0.6843 -0.0062 -1.3574
0.6843 -0.0064 -1.3574
0.6843 -0.0063 -1.3574
0.6843 -0.0062 -1.3574
0.6844 -0.0062 -1.3575
0.6844 -0.0061 -1.3575
0.6844 -0.0061 -1.3576
0.6842 -0.0062 -1.3578
0.6842 -0.0063 -1.3579

