0.0000 0.0000 0.0000
0.0000 0.0000 0.0000
0.0000 0.0000 0.0000
0.0000 0.0000 0.0000
0.0000 0.0000 0.0000
0.0000 0.0000 0.0000
0.0000 0.0000 0.0000
0.0000 0.0000 0.0000
0.0000 0.0000 0.0000
0.0000 0.0000 0.0000
0.0000 0.0000 0.0000
0.0000 0.0000 0.0000
0.0000 0.0000 0.0000
0.0000 0.0000 0.0000
0.0000 0.0000 0.0000
0.0000 0.0000 0.0000
0.0000 0.0000 0.0000
0.0000 0.0000 0.0000
0.0000 0.0000 0.0000
0.0000 0.0000 0.0000
0.0000 0.0000 0.0000
0.0000 0.0000 0.0000
0.0000 0.0000 0.0000
0.0000 0.0000 0.0000
0.0000 0.0000 0.0000
0.0000 0.0000 0.0000
0.0000 0.0000 0.0000
0.0000 0.0000 0.0000
0.0000 0.0000 0.0000
0.0000 0.0000 0.0000
0.0000 0.0000 0.0000
0.0000 0.0000 0.0000
0.0000 0.0000 0.0000
0.0000 0.0000 0.0000
0.0000 0.0000 0.0000
0.0000 0.0000 0.0000
0.0000 0.0000 0.0000
0.0000 0.0000 0.0000
0.0000 0.0000 0.0000
0.0000 0.0000 0.0000
0.0000 0.0000 0.0000
0.0000 0.0000 0.0000
0.0000 0.0000 0.0000
0.0000 0.0000 0.0000
0.0000 0.0000 0.0000
0.0000 0.0000 0.0000
0.0000 0.0000 0.0000
0.0000 0.0000 0.0000
0.0000 0.0000 0.0000
0.0000 0.0000 0.0000
0.0000 0.0000 0.0000
0.0000 0.0000 0.0000
0.0000 0.0000 0.0000
0.0000 0.0000 0.0000
0.0000 0.0000 0.0000
0.0000 0.0000 0.0000
0.0000 0.0000 0.0000
0.0000 0.0000 0.0000
0.0000 0.0000 0.0000
0.0000 0.0000 0.0000
0.0000 0.0000 0.0000
0.0000 0.0000 0.0000
0.0000 0.0000 0.0000
0.0000 0.0000 0.0000
0.0000 0.0000 0.0000
0.0000 0.0000 0.0000
0.0000 0.0000 0.0000
0.0000 0.0000 0.0000
0.0000 0.0000 0.0000
0.0000 0.0000 0.0000
0.0000 0.0000 0.0000
0.0000 0.0000 0.0000
0.0000 0.0000 0.0000
0.0000 0.0000 0.0000
0.0000 0.0000 0.0000
0.0000 0.0000 0.0000
0.0000 0.0000 0.0000
0.0000 0.0000 0.0000
0.0000 0.0000 0.0000
0.0000 0.0000 0.0000
0.0000 0.0000 0.0000
0.0000 0.0000 0.0000
0.0000 0.0000 0.0000
0.0000 0.0000 0.0000
0.0000 0.0000 0.0000
0.0000 0.0000 0.0000
0.0000 0.0000 0.0000
0.0000 0.0000 0.0000
0.0000 0.0000 0.0000
0.0000 0.0000 0.0000
0.0000 0.0000 0.0000
0.0000 0.0000 0.0000
0.0000 0.0000 0.0000
0.0000 0.0000 0.0000
0.0000 0.0000 0.0000
0.0000 0.0000 0.0000
0.0000 0.0000 0.0000
0.0000 0.0000 0.0000
0.0000 0.0000 0.0000
0.0000 0.0000 0.0000
0.0000 0.0000 0.0000
0.0000 0.0000 0.0000
0.0000 0.0000 0.0000
0.0000 0.0000 0.0000
0.0000 0.0000 0.0000
0.0000 0.0000 0.0000
0.0000 0.0000 0.0000
0.0000 0.0000 0.0000
0.0000 0.0000 0.0000
0.0000 0.0000 0.0000
0.0000 0.0000 0.0000
0.0000 0.0000 0.0000
0.0000 0.0000 0.0000
0.0000 0.0000 0.0000
0.0000 0.0000 0.0000
0.0000 0.0000 0.0000
0.0000 0.0000 0.0000
0.0000 0.0000 0.0000
0.0000 0.0000 0.0000
0.0000 0.0000 0.0000
0.0000 0.0000 0.0000
0.0000 0.0000 0.0000
0.0000 0.0000 0.0000
0.0000 0.0000 0.0000
0.0000 0.0000 0.0000
0.0000 0.0000 0.0000
0.0000 0.0000 0.0000
0.0000 0.0000 0.0000
0.0000 0.0000 0.0000
0.0000 0.0000 0.0000
0.0000 0.0000 0.0000
0.0000 0.0000 0.0000
0.0000 0.0000 0.0000
0.0000 0.0000 0.0000
0.0000 0.0000 0.0000
0.0000 0.0000 0.0000
0.0000 0.0000 0.0000
0.0000 0.0000 0.0000
0.0000 0.0000 0.0000
0.0000 0.0000 0.0000
0.0000 0.0000 0.0000
-0.0045 0.0000 0.0091
-0.0092 -0.0002 0.0183
-0.0140 -0.0007 0.0277
-0.0188 -0.0013 0.0371
-0.0030 -0.0262 -0.0116
0.0568 -0.1001 -0.1841
0.0761 -0.1270 -0.2427
0.0826 -0.1390 -0.2651
0.0852 -0.1462 -0.2763
0.0864 -0.1518 -0.2841
0.0873 -0.1567 -0.2908
0.0883 -0.1614 -0.2975
0.0960 -0.1155 -0.4798
0.1002 -0.1032 -0.5467
0.1037 -0.1016 -0.5775
0.1070 -0.1032 -0.5971
0.1102 -0.1056 -0.6133
0.1095 -0.0926 -0.6922
0.1119 -0.0899 -0.7292
0.1154 -0.0903 -0.7531
0.1194 -0.0913 -0.7729
0.1236 -0.0922 -0.7915
0.1277 -0.0927 -0.8098
0.1282 -0.0884 -0.8470
0.1311 -0.0865 -0.8716
0.1350 -0.0853 -0.8925
0.1393 -0.0842 -0.9122
0.1437 -0.0832 -0.9316
0.1483 -0.0820 -0.9512
0.1433 -0.0695 -0.9691
0.1447 -0.0632 -0.9875
0.1479 -0.0580 -1.0052
0.1514 -0.0523 -1.0218
0.1548 -0.0462 -1.0377
0.1582 -0.0405 -1.0533
0.1517 -0.0284 -1.0418
0.1520 -0.0228 -1.0480
0.1546 -0.0203 -1.0600
0.1578 -0.0197 -1.0742
0.1608 -0.0202 -1.0891
0.1634 -0.0207 -1.1041
0.1662 -0.0238 -1.1159
0.1684 -0.0242 -1.1286
0.1702 -0.0234 -1.1414
0.1714 -0.0221 -1.1542
0.1720 -0.0206 -1.1670
0.1802 -0.0211 -1.1726
0.2046 -0.0253 -1.1630
0.2131 -0.0270 -1.1684
0.2162 -0.0282 -1.1789
0.2174 -0.0297 -1.1914
0.2180 -0.0314 -1.2047
0.2184 -0.0331 -1.2185
0.2675 -0.0393 -1.2434
0.2849 -0.0424 -1.2609
0.2927 -0.0446 -1.2762
0.2976 -0.0466 -1.2909
0.3020 -0.0483 -1.3054
0.3065 -0.0499 -1.3198
0.3114 -0.0513 -1.3344
0.3143 -0.0523 -1.3365
0.3126 -0.0529 -1.3134
0.3160 -0.0531 -1.3149
0.3211 -0.0532 -1.3241
0.3270 -0.0529 -1.3357
0.3332 -0.0526 -1.3481
0.3383 -0.0508 -1.3532
0.3407 -0.0464 -1.3439
0.3465 -0.0452 -1.3495
0.3537 -0.0453 -1.3598
0.3617 -0.0459 -1.3715
0.3702 -0.0461 -1.3831
0.3770 -0.0439 -1.3855
0.3800 -0.0380 -1.3707
0.3876 -0.0339 -1.3709
0.3971 -0.0306 -1.3756
0.4073 -0.0281 -1.3814
0.4181 -0.0268 -1.3875
0.4278 -0.0256 -1.3872
0.4343 -0.0233 -1.3743
0.4448 -0.0243 -1.3743
0.4567 -0.0267 -1.3784
0.4692 -0.0298 -1.3835
0.4819 -0.0330 -1.3883
0.4930 -0.0354 -1.3860
0.5004 -0.0367 -1.3707
0.5112 -0.0377 -1.3667
0.5231 -0.0385 -1.3659
0.5354 -0.0395 -1.3659
0.5478 -0.0409 -1.3659
0.5580 -0.0423 -1.3588
0.5637 -0.0432 -1.3382
0.5733 -0.0448 -1.3307
0.5839 -0.0467 -1.3272
0.5946 -0.0486 -1.3248
0.6051 -0.0505 -1.3227
0.6132 -0.0515 -1.3161
0.6169 -0.0507 -1.3009
0.6242 -0.0515 -1.2947
0.6326 -0.0528 -1.2914
0.6411 -0.0542 -1.2891
0.6493 -0.0554 -1.2872
0.6561 -0.0547 -1.2830
0.6600 -0.0503 -1.2742
0.6659 -0.0484 -1.2704
0.6723 -0.0470 -1.2683
0.6785 -0.0455 -1.2669
0.6845 -0.0437 -1.2659
0.6869 -0.0399 -1.2626
0.6829 -0.0322 -1.2550
0.6847 -0.0280 -1.2526
0.6881 -0.0250 -1.2522
0.6917 -0.0225 -1.2528
0.6951 -0.0203 -1.2539
0.6955 -0.0163 -1.2527
0.6901 -0.0083 -1.2464
0.6899 -0.0047 -1.2467
0.6910 -0.0027 -1.2496
0.6926 -0.0015 -1.2537
0.6942 -0.0008 -1.2587
0.6930 -0.0001 -1.2639
0.6864 0.0008 -1.2683
0.6857 0.0004 -1.2746
0.6868 -0.0004 -1.2814
0.6881 -0.0011 -1.2884
0.6892 -0.0012 -1.2954
0.6886 -0.0001 -1.3020
0.6854 0.0021 -1.3082
0.6843 0.0037 -1.3147
0.6842 0.0048 -1.3211
0.6843 0.0056 -1.3273
0.6846 0.0061 -1.3333
0.6843 0.0070 -1.3391
0.6829 0.0086 -1.3450
0.6824 0.0095 -1.3501
0.6823 0.0101 -1.3546
0.6823 0.0106 -1.3587
0.6824 0.0109 -1.3625
0.6820 0.0120 -1.3655
0.6808 0.0147 -1.3676
0.6804 0.0157 -1.3701
0.6802 0.0162 -1.3727
0.6801 0.0165 -1.3752
0.6800 0.0167 -1.3776
0.6797 0.0176 -1.3796
0.6791 0.0196 -1.3811
0.6787 0.0205 -1.3827
0.6783 0.0209 -1.3843
0.6780 0.0211 -1.3857
0.6777 0.0211 -1.3870
0.6771 0.0214 -1.3881
0.6761 0.0223 -1.3890
0.6757 0.0224 -1.3898
0.6755 0.0221 -1.3905
0.6754 0.0217 -1.3911
0.6754 0.0211 -1.3917
0.6755 0.0205 -1.3921
0.6755 0.0200 -1.3924
0.6755 0.0193 -1.3927
0.6754 0.0187 -1.3930
0.6752 0.0182 -1.3932
0.6749 0.0179 -1.3935
0.6744 0.0177 -1.3934
0.6733 0.0177 -1.3930
0.6727 0.0177 -1.3928
0.6722 0.0175 -1.3927
0.6719 0.0171 -1.3924
0.6716 0.0168 -1.3920
0.6713 0.0164 -1.3914
0.6706 0.0160 -1.3905
0.6704 0.0158 -1.3896
0.6705 0.0155 -1.3888
0.6706 0.0153 -1.3880
0.6707 0.0152 -1.3873
0.6711 0.0147 -1.3859
0.6719 0.0134 -1.3833
0.6721 0.0133 -1.3821
0.6720 0.0135 -1.3813
0.6719 0.0138 -1.3807
0.6718 0.0140 -1.3802
0.6716 0.0143 -1.3795
0.6709 0.0151 -1.3783
0.6708 0.0154 -1.3777
0.6708 0.0156 -1.3772
0.6709 0.0157 -1.3767
0.6710 0.0158 -1.3762
0.6708 0.0159 -1.3757
0.6701 0.0163 -1.3750
0.6699 0.0163 -1.3744
0.6699 0.0164 -1.3738
0.6698 0.0164 -1.3733
0.6697 0.0163 -1.3728
0.6697 0.0161 -1.3718
0.6697 0.0155 -1.3700
0.6696 0.0153 -1.3690
0.6694 0.0151 -1.3683
0.6693 0.0150 -1.3677
0.6691 0.0149 -1.3672
0.6688 0.0147 -1.3666
0.6684 0.0144 -1.3660
0.6682 0.0141 -1.3656
0.6681 0.0139 -1.3651
0.6680 0.0137 -1.3647
0.6679 0.0135 -1.3643
0.6677 0.0132 -1.3639
0.6675 0.0128 -1.3635
0.6673 0.0126 -1.3630
0.6672 0.0124 -1.3626
0.6670 0.0122 -1.3622
0.6668 0.0121 -1.3618
0.6664 0.0120 -1.3612
0.6657 0.0119 -1.3604
0.6654 0.0119 -1.3599
0.6652 0.0119 -1.3596
0.6651 0.0120 -1.3592
0.6649 0.0120 -1.3589
0.6647 0.0119 -1.3588
0.6642 0.0117 -1.3589
0.6640 0.0116 -1.3589
0.6638 0.0117 -1.3588
0.6637 0.0117 -1.3587
0.6636 0.0117 -1.3586
0.6633 0.0115 -1.3586
0.6627 0.0109 -1.3588
0.6624 0.0108 -1.3588
0.6623 0.0107 -1.3588
0.6622 0.0107 -1.3588
0.6620 0.0108 -1.3588
0.6617 0.0111 -1.3589
0.6612 0.0117 -1.3593
0.6610 0.0119 -1.3594
0.6609 0.0120 -1.3595
0.6609 0.0121 -1.3595
0.6608 0.0122 -1.3595
0.6608 0.0121 -1.3596
0.6607 0.0120 -1.3598
0.6607 0.0119 -1.3599
0.6607 0.0119 -1.3600
0.6607 0.0119 -1.3600
0.6607 0.0119 -1.3600
0.6607 0.0118 -1.3600
0.6606 0.0117 -1.3598
0.6606 0.0117 -1.3597
0.6606 0.0116 -1.3596
0.6607 0.0115 -1.3596
0.6607 0.0114 -1.3596

