-0.0054 0.1035 0.0164
-0.0055 0.1036 0.0164
-0.0057 0.1038 0.0163
-0.0059 0.1039 0.0162
-0.0060 0.1040 0.0161
-0.0061 0.1041 0.0161
-0.0063 0.1042 0.0162
-0.0063 0.1043 0.0162
-0.0064 0.1043 0.0162
-0.0064 0.1043 0.0161
-0.0064 0.1043 0.0161
-0.0064 0.1042 0.0160
-0.0061 0.1043 0.0161
-0.0061 0.1042 0.0160
-0.0061 0.1042 0.0159
-0.0061 0.1042 0.0158
-0.0062 0.1041 0.0158
-0.0062 0.1041 0.0157
-0.0061 0.1042 0.0159
-0.0061 0.1042 0.0159
-0.0061 0.1041 0.0159
-0.0061 0.1040 0.0159
-0.0061 0.1039 0.0158
-0.0060 0.1039 0.0157
-0.0056 0.1040 0.0162
-0.0054 0.1041 0.0163
-0.0054 0.1041 0.0163
-0.0053 0.1040 0.0163
-0.0053 0.1040 0.0162
-0.0052 0.1040 0.0161
-0.0051 0.1039 0.0165
-0.0050 0.1038 0.0167
-0.0049 0.1037 0.0167
-0.0049 0.1037 0.0168
-0.0049 0.1037 0.0168
-0.0048 0.1036 0.0169
-0.0047 0.1036 0.0171
-0.0046 0.1036 0.0172
-0.0046 0.1036 0.0172
-0.0046 0.1036 0.0172
-0.0046 0.1037 0.0172
-0.0045 0.1037 0.0172
-0.0044 0.1036 0.0174
-0.0044 0.1036 0.0175
-0.0044 0.1036 0.0175
-0.0043 0.1037 0.0174
-0.0044 0.1038 0.0174
-0.0043 0.1038 0.0173
-0.0044 0.1038 0.0175
-0.0044 0.1037 0.0176
-0.0044 0.1037 0.0175
-0.0044 0.1037 0.0175
-0.0044 0.1037 0.0174
-0.0044 0.1037 0.0173
-0.0045 0.1037 0.0175
-0.0045 0.1037 0.0175
-0.0045 0.1036 0.0174
-0.0045 0.1037 0.0173
-0.0045 0.1037 0.0172
-0.0046 0.1038 0.0171
-0.0043 0.1036 0.0173
-0.0043 0.1035 0.0174
-0.0042 0.1035 0.0173
-0.0042 0.1036 0.0173
-0.0043 0.1037 0.0172
-0.0043 0.1037 0.0171
-0.0043 0.1037 0.0175
-0.0044 0.1037 0.0176
-0.0044 0.1037 0.0177
-0.0044 0.1036 0.0177
-0.0044 0.1035 0.0177
-0.0045 0.1035 0.0177
-0.0044 0.1034 0.0179
-0.0044 0.1033 0.0180
-0.0044 0.1032 0.0180
-0.0044 0.1031 0.0180
-0.0044 0.1029 0.0180
-0.0043 0.1028 0.0181
-0.0041 0.1027 0.0183
-0.0040 0.1026 0.0184
-0.0040 0.1025 0.0185
-0.0040 0.1024 0.0184
-0.0041 0.1023 0.0183
-0.0039 0.1024 0.0184
-0.0038 0.1024 0.0184
-0.0038 0.1024 0.0185
-0.0038 0.1023 0.0185
-0.0037 0.1023 0.0185
-0.0036 0.1023 0.0186
-0.0035 0.1023 0.0186
-0.0035 0.1023 0.0185
-0.0035 0.1024 0.0184
-0.0035 0.1025 0.0184
-0.0035 0.1025 0.0183
-0.0034 0.1026 0.0184
-0.0033 0.1026 0.0184
-0.0033 0.1026 0.0183
-0.0032 0.1026 0.0182
-0.0032 0.1025 0.0181
-0.0032 0.1025 0.0180
-0.0029 0.1024 0.0181
-0.0029 0.1023 0.0181
-0.0028 0.1022 0.0181
-0.0028 0.1021 0.0180
-0.0027 0.1020 0.0179
-0.0026 0.1019 0.0179
-0.0025 0.1018 0.0179
-0.0024 0.1018 0.0178
-0.0024 0.1017 0.0178
-0.0024 0.1017 0.0177
-0.0023 0.1017 0.0176
-0.0023 0.1017 0.0175
-0.0023 0.1019 0.0175
-0.0022 0.1019 0.0175
-0.0022 0.1019 0.0174
-0.0022 0.1019 0.0174
-0.0022 0.1019 0.0173
-0.0022 0.1017 0.0172
-0.0020 0.1014 0.0171
-0.0019 0.1013 0.0169
-0.0019 0.1012 0.0168
-0.0019 0.1011 0.0167
-0.0019 0.1010 0.0165
-0.0020 0.1009 0.0164
-0.0016 0.1007 0.0160
-0.0015 0.1005 0.0157
-0.0015 0.1004 0.0155
-0.0015 0.1003 0.0154
-0.0015 0.1002 0.0152
-0.0015 0.1001 0.0151
-0.0016 0.1005 0.0146
-0.0016 0.1006 0.0143
-0.0017 0.1007 0.0141
-0.0017 0.1007 0.0139
-0.0018 0.1006 0.0138
-0.0019 0.1006 0.0136
-0.0019 0.1006 0.0134
-0.0017 0.1006 0.0137
-0.0017 0.1006 0.0136
-0.0017 0.1006 0.0135
-0.0017 0.1006 0.0133
-0.0018 0.1006 0.0132
-0.0017 0.1003 0.0130
-0.0017 0.1002 0.0128
-0.0018 0.1002 0.0126
-0.0018 0.1002 0.0125
-0.0019 0.1002 0.0123
-0.0020 0.1002 0.0122
-0.0020 0.1002 0.0125
-0.0021 0.1003 0.0126
-0.0022 0.1003 0.0126
-0.0023 0.1004 0.0126
-0.0025 0.1005 0.0125
-0.0027 0.1006 0.0124
-0.0030 0.1007 0.0121
-0.0032 0.1009 0.0120
-0.0035 0.1010 0.0120
-0.0037 0.1011 0.0121
-0.0039 0.1011 0.0122
-0.0042 0.1012 0.0125
-0.0043 0.1015 0.0129
-0.0045 0.1016 0.0134
-0.0049 0.1016 0.0140
-0.0053 0.1015 0.0148
-0.0058 0.1013 0.0157
-0.0064 0.1012 0.0169
-0.0073 0.1014 0.0180
-0.0081 0.1014 0.0194
-0.0090 0.1012 0.0212
-0.0101 0.1009 0.0231
-0.0113 0.1005 0.0253
-0.0126 0.1002 0.0278
-0.0142 0.1010 0.0305
-0.0159 0.1010 0.0335
-0.0176 0.1007 0.0367
-0.0195 0.1003 0.0402
-0.0216 0.0999 0.0440
-0.0238 0.0994 0.0482
-0.0269 0.0994 0.0528
-0.0299 0.0990 0.0577
-0.0330 0.0986 0.0631
-0.0364 0.0981 0.0688
-0.0402 0.0976 0.0748
-0.0443 0.0970 0.0812
-0.0485 0.0962 0.0879
-0.0532 0.0954 0.0949
-0.0583 0.0946 0.1023
-0.0637 0.0936 0.1100
-0.0695 0.0925 0.1180
-0.0756 0.0911 0.1264
-0.0819 0.0896 0.1350
-0.0888 0.0881 0.1438
-0.0961 0.0865 0.1528
-0.1038 0.0849 0.1618
-0.1117 0.0831 0.1710
-0.1199 0.0813 0.1801
-0.1283 0.0798 0.1890
-0.1370 0.0779 0.1980
-0.1459 0.0760 0.2070
-0.1549 0.0741 0.2160
-0.1641 0.0723 0.2250
-0.1731 0.0705 0.2342
-0.1819 0.0686 0.2437
-0.1910 0.0670 0.2530
-0.2003 0.0656 0.2620
-0.2097 0.0643 0.2709
-0.2189 0.0631 0.2798
-0.2280 0.0620 0.2886
-0.2370 0.0613 0.2971
-0.2456 0.0605 0.3056
-0.2539 0.0597 0.3141
-0.2618 0.0589 0.3226
-0.2693 0.0580 0.3312
-0.2765 0.0571 0.3399
-0.2842 0.0568 0.3485
-0.2911 0.0559 0.3574
-0.2978 0.0547 0.3665
-0.3042 0.0533 0.3758
-0.3105 0.0518 0.3852
-0.3164 0.0502 0.3946
-0.3218 0.0485 0.4042
-0.3271 0.0470 0.4139
-0.3322 0.0457 0.4237
-0.3372 0.0448 0.4335
-0.3419 0.0441 0.4436
-0.3465 0.0437 0.4539
-0.3491 0.0430 0.4640
-0.3527 0.0429 0.4744
-0.3564 0.0434 0.4849
-0.3600 0.0442 0.4954
-0.3635 0.0453 0.5060
-0.3667 0.0466 0.5166
-0.3666 0.0464 0.5264
-0.3684 0.0474 0.5368
-0.3707 0.0489 0.5473
-0.3731 0.0506 0.5576
-0.3755 0.0525 0.5677
-0.3779 0.0544 0.5776
-0.3760 0.0552 0.5843
-0.3769 0.0564 0.5930
-0.3788 0.0575 0.6023
-0.3810 0.0585 0.6116
-0.3835 0.0594 0.6209
-0.3861 0.0602 0.6302
-0.3856 0.0617 0.6361
-0.3871 0.0622 0.6446
-0.3890 0.0620 0.6543
-0.3910 0.0613 0.6646
-0.3931 0.0601 0.6753
-0.3952 0.0587 0.6863
-0.3941 0.0580 0.6937
-0.3952 0.0569 0.7035
-0.3971 0.0556 0.7141
-0.3992 0.0543 0.7250
-0.4013 0.0530 0.7362
-0.4032 0.0515 0.7476
-0.4050 0.0500 0.7593
-0.4031 0.0502 0.7698
-0.4031 0.0492 0.7817
-0.4033 0.0478 0.7942
-0.4034 0.0463 0.8071
-0.4032 0.0450 0.8204
-0.4003 0.0437 0.8327
-0.3987 0.0426 0.8461
-0.3973 0.0418 0.8601
-0.3958 0.0411 0.8745
-0.3942 0.0406 0.8891
-0.3923 0.0403 0.9038
-0.3884 0.0406 0.9160
-0.3855 0.0410 0.9300
-0.3829 0.0416 0.9447
-0.3806 0.0424 0.9599
-0.3786 0.0434 0.9756
-0.3768 0.0444 0.9916
-0.3740 0.0465 1.0046
-0.3724 0.0487 1.0196
-0.3711 0.0511 1.0351
-0.3698 0.0538 1.0503
-0.3685 0.0570 1.0650
-0.3672 0.0607 1.0789
-0.3650 0.0658 1.0898
-0.3635 0.0696 1.1026
-0.3625 0.0722 1.1162
-0.3620 0.0739 1.1304
-0.3619 0.0748 1.1446
-0.3619 0.0756 1.1579
-0.3615 0.0767 1.1699
-0.3615 0.0773 1.1824
-0.3613 0.0775 1.1950
-0.3610 0.0773 1.2077
-0.3603 0.0768 1.2205
-0.3594 0.0759 1.2335
-0.3573 0.0754 1.2453
-0.3556 0.0743 1.2585
-0.3539 0.0729 1.2723
-0.3522 0.0713 1.2866
-0.3503 0.0696 1.3012
-0.3485 0.0679 1.3160
-0.3458 0.0672 1.3320
-0.3437 0.0659 1.3475
-0.3419 0.0645 1.3629
-0.3404 0.0630 1.3785
-0.3390 0.0614 1.3944
-0.3377 0.0599 1.4105
-0.3355 0.0588 1.4251
-0.3339 0.0573 1.4413
-0.3326 0.0558 1.4579
-0.3314 0.0544 1.4748
-0.3303 0.0535 1.4917
-0.3293 0.0530 1.5087
-0.3275 0.0531 1.5237
-0.3263 0.0530 1.5403
-0.3251 0.0530 1.5574
-0.3236 0.0535 1.5743
-0.3217 0.0545 1.5908
-0.3193 0.0562 1.6064
-0.3162 0.0565 1.6189
-0.3126 0.0588 1.6324
-0.3083 0.0618 1.6461
-0.3032 0.0643 1.6600
-0.2974 0.0662 1.6741
-0.2909 0.0675 1.6880
-0.2839 0.0687 1.6987
-0.2771 0.0703 1.7106
-0.2706 0.0721 1.7227
-0.2643 0.0738 1.7350
-0.2583 0.0750 1.7475
-0.2524 0.0757 1.7603
-0.2474 0.0767 1.7712
-0.2422 0.0766 1.7839
-0.2371 0.0758 1.7975
-0.2321 0.0744 1.8117
-0.2272 0.0726 1.8261
-0.2224 0.0705 1.8407
-0.2182 0.0696 1.8510
-0.2136 0.0678 1.8643
-0.2089 0.0659 1.8785
-0.2041 0.0642 1.8930
-0.1993 0.0627 1.9078
-0.1942 0.0614 1.9227
-0.1890 0.0603 1.9378
-0.1837 0.0591 1.9499
-0.1782 0.0583 1.9642
-0.1725 0.0578 1.9794
-0.1668 0.0576 1.9948
-0.1611 0.0577 2.0101
-0.1558 0.0587 2.0205
-0.1503 0.0597 2.0341
-0.1449 0.0610 2.0488
-0.1398 0.0624 2.0641
-0.1351 0.0642 2.0794
-0.1306 0.0665 2.0945
-0.1269 0.0677 2.1063
-0.1230 0.0707 2.1191
-0.1191 0.0744 2.1320
-0.1152 0.0782 2.1452
-0.1117 0.0814 2.1588
-0.1087 0.0838 2.1729
-0.1060 0.0847 2.1848
-0.1039 0.0858 2.1981
-0.1021 0.0872 2.2112
-0.1004 0.0887 2.2238
-0.0984 0.0902 2.2360
-0.0960 0.0913 2.2478
-0.0921 0.0943 2.2570
-0.0882 0.0952 2.2680
-0.0841 0.0950 2.2799
-0.0797 0.0941 2.2924
-0.0752 0.0926 2.3053
-0.0706 0.0919 2.3177
-0.0659 0.0930 2.3285
-0.0614 0.0920 2.3413
-0.0570 0.0903 2.3547
-0.0527 0.0883 2.3684
-0.0486 0.0863 2.3824
-0.0446 0.0844 2.3966
-0.0406 0.0836 2.4094
-0.0369 0.0823 2.4235
-0.0332 0.0809 2.4381
-0.0295 0.0796 2.4532
-0.0258 0.0784 2.4684
-0.0221 0.0774 2.4838
-0.0195 0.0720 2.4993
-0.0161 0.0702 2.5148
-0.0123 0.0698 2.5304
-0.0082 0.0700 2.5460
-0.0039 0.0705 2.5617
0.0007 0.0714 2.5772
0.0047 0.0720 2.5931
0.0094 0.0738 2.6077
0.0144 0.0766 2.6213
0.0196 0.0802 2.6340
0.0252 0.0839 2.6464
0.0312 0.0869 2.6588
0.0362 0.0883 2.6704
0.0426 0.0894 2.6827
0.0494 0.0906 2.6947
0.0562 0.0921 2.7061
0.0627 0.0938 2.7171
0.0689 0.0953 2.7280
0.0735 0.0974 2.7382
0.0785 0.0983 2.7494
0.0836 0.0985 2.7612
0.0885 0.0980 2.7735
0.0931 0.0969 2.7863
0.0974 0.0953 2.7994
0.1006 0.0921 2.8130
0.1041 0.0897 2.8266
0.1075 0.0874 2.8402
0.1106 0.0853 2.8540
0.1136 0.0834 2.8678
0.1165 0.0813 2.8820
0.1194 0.0787 2.8968
0.1225 0.0771 2.9110
0.1257 0.0759 2.9252
0.1292 0.0749 2.9393
0.1328 0.0740 2.9536
0.1365 0.0734 2.9680
0.1412 0.0722 2.9828
0.1451 0.0718 2.9972
0.1485 0.0720 3.0116
0.1515 0.0724 3.0260
0.1542 0.0731 3.0405
0.1566 0.0740 3.0551
0.1587 0.0752 3.0694
0.1615 0.0758 3.0847
0.1636 0.0778 3.0981
0.1653 0.0809 3.1103
0.1667 0.0844 3.1221
0.1679 0.0878 3.1340
0.1696 0.0907 3.1450
0.1701 0.0927 3.1575
0.1698 0.0939 3.1705
0.1688 0.0949 3.1833
0.1675 0.0958 3.1956
0.1660 0.0968 3.2073
0.1665 0.0974 3.2186
0.1661 0.0981 3.2293
0.1657 0.0986 3.2397
0.1658 0.0988 3.2502
0.1661 0.0985 3.2609
0.1667 0.0977 3.2722
0.1689 0.0969 3.2833
0.1703 0.0954 3.2953
0.1715 0.0936 3.3077
0.1724 0.0918 3.3202
0.1733 0.0900 3.3327
0.1740 0.0884 3.3451
0.1760 0.0868 3.3582
0.1770 0.0853 3.3709
0.1778 0.0840 3.3836
0.1786 0.0827 3.3964
0.1793 0.0815 3.4094
0.1800 0.0800 3.4227
0.1806 0.0781 3.4366
0.1813 0.0769 3.4502
0.1820 0.0761 3.4639
0.1828 0.0758 3.4776
0.1836 0.0757 3.4913
0.1846 0.0759 3.5052
0.1851 0.0760 3.5198
0.1863 0.0769 3.5336
0.1878 0.0784 3.5464
0.1895 0.0810 3.5580
0.1916 0.0845 3.5686
0.1940 0.0881 3.5787
0.1968 0.0913 3.5890
0.1987 0.0931 3.6005
0.2019 0.0941 3.6118
0.2056 0.0946 3.6230
0.2093 0.0951 3.6336
0.2127 0.0958 3.6435
0.2137 0.0965 3.6542
0.2150 0.0973 3.6639
0.2159 0.0981 3.6733
0.2162 0.0989 3.6827
0.2158 0.0994 3.6923
0.2149 0.0996 3.7022
0.2130 0.1001 3.7148
0.2113 0.0999 3.7260
0.2096 0.0992 3.7367
0.2078 0.0984 3.7473
0.2059 0.0974 3.7578
0.2039 0.0964 3.7682
0.2029 0.0949 3.7826
0.2013 0.0940 3.7942
0.1996 0.0933 3.8047
0.1980 0.0928 3.8149
0.1967 0.0923 3.8251
0.1960 0.0913 3.8371
0.1963 0.0897 3.8521
0.1963 0.0888 3.8645
0.1963 0.0882 3.8760
0.1964 0.0879 3.8873
0.1968 0.0879 3.8985
0.1981 0.0892 3.9202
0.1996 0.0866 3.9333
0.2008 0.0870 3.9445
0.2018 0.0887 3.9552
0.2027 0.0910 3.9658
0.2033 0.0934 3.9764
0.2035 0.0959 3.9869
0.2034 0.0986 3.9967
0.2031 0.1016 4.0058
0.2025 0.1048 4.0141
0.2014 0.1076 4.0221
0.1996 0.1097 4.0301
0.1970 0.1109 4.0383
0.1944 0.1124 4.0485
0.1902 0.1119 4.0579
0.1848 0.1099 4.0669
0.1788 0.1071 4.0755
0.1724 0.1038 4.0834
0.1670 0.1007 4.0958
0.1616 0.0980 4.1037
0.1567 0.0960 4.1098
0.1523 0.0944 4.1151
0.1482 0.0929 4.1203
0.1443 0.0915 4.1258
0.1421 0.0900 4.1363
0.1388 0.0887 4.1440
0.1350 0.0875 4.1511
0.1311 0.0866 4.1579
0.1273 0.0861 4.1645
0.1235 0.0860 4.1708
0.1222 0.0867 4.1831
0.1195 0.0875 4.1912
0.1163 0.0884 4.1978
0.1127 0.0892 4.2043
0.1089 0.0897 4.2108
0.1051 0.0894 4.2191
0.1021 0.0882 4.2300
0.0980 0.0887 4.2368
0.0937 0.0904 4.2417
0.0894 0.0926 4.2456
0.0852 0.0946 4.2494
0.0809 0.0964 4.2538
0.0767 0.0977 4.2594
0.0727 0.0981 4.2649
0.0689 0.0978 4.2707
0.0654 0.0972 4.2765
0.0624 0.0967 4.2818
0.0597 0.0966 4.2865
0.0547 0.0938 4.2960
0.0512 0.0926 4.3018
0.0481 0.0916 4.3064
0.0447 0.0903 4.3107
0.0411 0.0888 4.3148
0.0372 0.0873 4.3185
0.0325 0.0849 4.3246
0.0281 0.0835 4.3285
0.0238 0.0827 4.3314
0.0197 0.0823 4.3338
0.0155 0.0823 4.3359
0.0115 0.0824 4.3380
0.0084 0.0852 4.3397
0.0047 0.0862 4.3417
0.0008 0.0865 4.3439
-0.0035 0.0866 4.3460
-0.0079 0.0865 4.3478
-0.0126 0.0864 4.3493
-0.0166 0.0893 4.3526
-0.0212 0.0902 4.3541
-0.0261 0.0905 4.3548
-0.0308 0.0907 4.3551
-0.0354 0.0909 4.3551
-0.0399 0.0911 4.3551
-0.0448 0.0929 4.3562
-0.0490 0.0935 4.3566
-0.0527 0.0939 4.3569
-0.0560 0.0944 4.3571
-0.0590 0.0951 4.3574
-0.0616 0.0960 4.3576
-0.0637 0.0989 4.3590
-0.0652 0.1012 4.3594
-0.0662 0.1034 4.3596
-0.0669 0.1055 4.3598
-0.0673 0.1071 4.3602
-0.0679 0.1082 4.3608
-0.0689 0.1086 4.3615
-0.0694 0.1088 4.3622
-0.0699 0.1087 4.3625
-0.0703 0.1084 4.3625
-0.0708 0.1079 4.3621
-0.0713 0.1072 4.3610
-0.0729 0.1043 4.3597
-0.0739 0.1029 4.3575
-0.0749 0.1022 4.3546
-0.0761 0.1016 4.3510
-0.0776 0.1009 4.3467
-0.0796 0.1002 4.3418
-0.0817 0.0995 4.3361
-0.0839 0.0972 4.3297
-0.0864 0.0961 4.3224
-0.0890 0.0952 4.3140
-0.0917 0.0945 4.3046
-0.0943 0.0938 4.2940
-0.0976 0.0924 4.2823
-0.1001 0.0915 4.2695
-0.1021 0.0907 4.2558
-0.1037 0.0900 4.2412
-0.1048 0.0892 4.2260
-0.1055 0.0883 4.2101
-0.1054 0.0859 4.1938
-0.1051 0.0846 4.1770
-0.1044 0.0836 4.1600
-0.1032 0.0829 4.1427
-0.1016 0.0822 4.1252
-0.0996 0.0815 4.1077
-0.0964 0.0809 4.0904
-0.0935 0.0801 4.0726
-0.0904 0.0793 4.0545
-0.0869 0.0783 4.0361
-0.0830 0.0774 4.0175
-0.0784 0.0763 3.9989
-0.0728 0.0750 3.9807
-0.0674 0.0739 3.9620
-0.0617 0.0729 3.9431
-0.0558 0.0719 3.9243
-0.0497 0.0710 3.9056
-0.0372 0.0693 3.8690
-0.0310 0.0683 3.8511
-0.0250 0.0674 3.8335
-0.0191 0.0664 3.8162
-0.0133 0.0654 3.7992
-0.0133 0.0654 3.7992
-0.0015 0.0637 3.7659
0.0044 0.0630 3.7497
0.0108 0.0619 3.7345
0.0165 0.0611 3.7189
0.0218 0.0604 3.7031
0.0269 0.0600 3.6876
0.0317 0.0598 3.6724
0.0365 0.0602 3.6578
0.0413 0.0610 3.6436
0.0461 0.0622 3.6298
0.0506 0.0633 3.6161
0.0550 0.0640 3.6021
0.0592 0.0643 3.5881
0.0651 0.0648 3.5745
0.0700 0.0648 3.5607
0.0748 0.0649 3.5470
0.0794 0.0651 3.5337
0.0839 0.0653 3.5206
0.0885 0.0647 3.5080
0.0925 0.0640 3.4951
0.0960 0.0630 3.4822
0.0991 0.0616 3.4691
0.1018 0.0599 3.4559
0.1042 0.0577 3.4427
0.1091 0.0545 3.4292
0.1118 0.0516 3.4159
0.1136 0.0490 3.4025
0.1150 0.0464 3.3892
0.1159 0.0439 3.3757
0.1167 0.0411 3.3623
0.1174 0.0376 3.3490
0.1174 0.0353 3.3352
0.1168 0.0334 3.3213
0.1157 0.0320 3.3070
0.1143 0.0309 3.2925
0.1102 0.0298 3.2628
0.1070 0.0301 3.2501
0.1039 0.0303 3.2355
0.1007 0.0307 3.2202
0.0973 0.0314 3.2047
0.0904 0.0335 3.1729
0.0843 0.0353 3.1633
0.0843 0.0353 3.1633
0.0800 0.0368 3.1487
0.0765 0.0384 3.1322
0.0733 0.0402 3.1151
0.0705 0.0424 3.0981
0.0680 0.0451 3.0814
0.0658 0.0483 3.0652
0.0640 0.0522 3.0495
0.0629 0.0565 3.0343
0.0624 0.0609 3.0192
0.0627 0.0650 3.0040
0.0630 0.0684 2.9922
0.0646 0.0712 2.9776
0.0670 0.0734 2.9621
0.0698 0.0753 2.9466
0.0728 0.0769 2.9313
0.0757 0.0783 2.9163
0.0790 0.0799 2.9061
0.0815 0.0808 2.8932
0.0836 0.0812 2.8793
0.0852 0.0811 2.8650
0.0865 0.0804 2.8503
0.0876 0.0791 2.8351
0.0885 0.0771 2.8191
0.0890 0.0758 2.8047
0.0896 0.0732 2.7882
0.0900 0.0700 2.7710
0.0904 0.0668 2.7535
0.0905 0.0636 2.7357
0.0901 0.0590 2.7197
0.0897 0.0557 2.7023
0.0892 0.0531 2.6844
0.0886 0.0510 2.6661
0.0878 0.0491 2.6474
0.0863 0.0456 2.6298
0.0838 0.0396 2.6143
0.0820 0.0370 2.5962
0.0803 0.0360 2.5772
0.0783 0.0358 2.5578
0.0761 0.0360 2.5380
0.0736 0.0366 2.5179
0.0687 0.0319 2.5045
0.0647 0.0321 2.4872
0.0606 0.0347 2.4695
0.0563 0.0390 2.4523
0.0515 0.0441 2.4357
0.0461 0.0492 2.4192
0.0392 0.0508 2.4083
0.0321 0.0530 2.3933
0.0245 0.0547 2.3771
0.0165 0.0561 2.3610
0.0082 0.0575 2.3455
0.0000 0.0586 2.3304
-0.0081 0.0577 2.3234
-0.0157 0.0573 2.3111
-0.0228 0.0568 2.2969
-0.0295 0.0556 2.2819
-0.0357 0.0538 2.2662
-0.0415 0.0513 2.2500
-0.0479 0.0476 2.2443
-0.0536 0.0439 2.2310
-0.0591 0.0401 2.2152
-0.0646 0.0363 2.1986
-0.0700 0.0327 2.1817
-0.0755 0.0294 2.1645
-0.0832 0.0303 2.1615
-0.0894 0.0291 2.1489
-0.0951 0.0277 2.1331
-0.1006 0.0265 2.1161
-0.1061 0.0255 2.0984
-0.1117 0.0251 2.0830
-0.1177 0.0252 2.0718
-0.1232 0.0255 2.0559
-0.1287 0.0261 2.0385
-0.1341 0.0269 2.0206
-0.1392 0.0280 2.0025
-0.1446 0.0301 1.9864
-0.1506 0.0338 1.9737
-0.1556 0.0370 1.9584
-0.1601 0.0404 1.9425
-0.1643 0.0442 1.9268
-0.1681 0.0479 1.9110
-0.1714 0.0513 1.8948
-0.1746 0.0554 1.8830
-0.1770 0.0581 1.8678
-0.1789 0.0601 1.8519
-0.1805 0.0621 1.8362
-0.1822 0.0642 1.8210
-0.1841 0.0663 1.8063
-0.1864 0.0685 1.7958
-0.1894 0.0699 1.7828
-0.1931 0.0705 1.7688
-0.1975 0.0703 1.7542
-0.2024 0.0692 1.7389
-0.2078 0.0673 1.7230
-0.2133 0.0650 1.7103
-0.2191 0.0620 1.6948
-0.2249 0.0587 1.6782
-0.2308 0.0551 1.6612
-0.2367 0.0516 1.6440
-0.2427 0.0482 1.6268
-0.2484 0.0445 1.6114
-0.2542 0.0415 1.5948
-0.2601 0.0389 1.5776
-0.2661 0.0365 1.5600
-0.2721 0.0344 1.5421
-0.2782 0.0328 1.5242
-0.2825 0.0289 1.5093
-0.2883 0.0274 1.4922
-0.2948 0.0269 1.4744
-0.3017 0.0270 1.4564
-0.3091 0.0279 1.4390
-0.3161 0.0294 1.4232
-0.3223 0.0309 1.4095
-0.3299 0.0350 1.3960
-0.3384 0.0396 1.3828
-0.3476 0.0436 1.3694
-0.3576 0.0465 1.3556
-0.3676 0.0486 1.3423
-0.3770 0.0507 1.3301
-0.3870 0.0529 1.3182
-0.3968 0.0551 1.3067
-0.4063 0.0570 1.2952
-0.4152 0.0584 1.2835
-0.4235 0.0589 1.2713
-0.4293 0.0583 1.2626
-0.4359 0.0572 1.2505
-0.4424 0.0555 1.2369
-0.4486 0.0531 1.2225
-0.4545 0.0503 1.2075
-0.4601 0.0470 1.1921
-0.4644 0.0479 1.1812
-0.4693 0.0457 1.1668
-0.4741 0.0426 1.1512
-0.4788 0.0395 1.1351
-0.4832 0.0367 1.1189
-0.4876 0.0343 1.1027
-0.4903 0.0333 1.0906
-0.4941 0.0319 1.0755
-0.4983 0.0305 1.0593
-0.5026 0.0294 1.0427
-0.5069 0.0287 1.0260
-0.5109 0.0283 1.0090
-0.5151 0.0303 0.9930
-0.5185 0.0312 0.9763
-0.5212 0.0322 0.9595
-0.5234 0.0336 0.9431
-0.5251 0.0358 0.9272
-0.5262 0.0386 0.9120
-0.5266 0.0401 0.8951
-0.5266 0.0429 0.8796
-0.5262 0.0458 0.8642
-0.5252 0.0480 0.8483
-0.5235 0.0495 0.8320
-0.5214 0.0507 0.8150
-0.5193 0.0520 0.7977
-0.5165 0.0534 0.7820
-0.5136 0.0550 0.7674
-0.5109 0.0568 0.7536
-0.5088 0.0583 0.7402
-0.5067 0.0601 0.7134
-0.5065 0.0600 0.6996
-0.5068 0.0590 0.6852
-0.5073 0.0574 0.6703
-0.5079 0.0554 0.6551
-0.5091 0.0509 0.6243
-0.5096 0.0486 0.6088
-0.5096 0.0486 0.6088
-0.5103 0.0463 0.5933
-0.5111 0.0440 0.5777
-0.5121 0.0418 0.5621
-0.5134 0.0398 0.5464
-0.5150 0.0379 0.5307
-0.5171 0.0378 0.5153
-0.5194 0.0366 0.4994
-0.5220 0.0355 0.4833
-0.5250 0.0346 0.4671
-0.5285 0.0340 0.4508
-0.5319 0.0353 0.4361
-0.5360 0.0361 0.4206
-0.5406 0.0374 0.4054
-0.5456 0.0398 0.3912
-0.5509 0.0435 0.3781
-0.5566 0.0486 0.3651
-0.5626 0.0546 0.3515
-0.5691 0.0589 0.3385
-0.5761 0.0618 0.3255
-0.5833 0.0642 0.3128
-0.5903 0.0665 0.3007
-0.5969 0.0691 0.2894
-0.6031 0.0700 0.2733
-0.6084 0.0721 0.2610
-0.6129 0.0742 0.2497
-0.6167 0.0757 0.2383
-0.6197 0.0765 0.2265
-0.6223 0.0765 0.2134
-0.6247 0.0755 0.1988
-0.6260 0.0743 0.1849
-0.6266 0.0727 0.1710
-0.6267 0.0709 0.1570
-0.6262 0.0689 0.1429
-0.6256 0.0668 0.1283
-0.6253 0.0648 0.1128
-0.6239 0.0630 0.0983
-0.6219 0.0614 0.0840
-0.6197 0.0599 0.0697
-0.6172 0.0585 0.0555
-0.6145 0.0573 0.0411
-0.6135 0.0556 0.0232
-0.6112 0.0543 0.0074
-0.6083 0.0532 -0.0078
-0.6049 0.0523 -0.0226
-0.6011 0.0520 -0.0372
-0.5967 0.0523 -0.0513
-0.5930 0.0533 -0.0670
-0.5877 0.0548 -0.0811
-0.5814 0.0566 -0.0947
-0.5741 0.0584 -0.1078
-0.5661 0.0607 -0.1199
-0.5575 0.0636 -0.1306
-0.5490 0.0668 -0.1425
-0.5400 0.0704 -0.1520
-0.5304 0.0737 -0.1606
-0.5204 0.0763 -0.1689
-0.5098 0.0779 -0.1770
-0.4989 0.0785 -0.1848
-0.4883 0.0788 -0.1936
-0.4773 0.0783 -0.2005
-0.4665 0.0775 -0.2060
-0.4561 0.0767 -0.2104
-0.4464 0.0760 -0.2139
-0.4376 0.0756 -0.2168
-0.4304 0.0780 -0.2192
-0.4237 0.0785 -0.2218
-0.4176 0.0781 -0.2247
-0.4119 0.0770 -0.2280
-0.4064 0.0754 -0.2317
-0.4012 0.0735 -0.2361
-0.3964 0.0718 -0.2417
-0.3909 0.0689 -0.2465
-0.3853 0.0655 -0.2511
-0.3796 0.0620 -0.2556
-0.3738 0.0582 -0.2603
-0.3622 0.0506 -0.2701
-0.3569 0.0465 -0.2749
-0.3523 0.0418 -0.2793
-0.3471 0.0385 -0.2846
-0.3417 0.0362 -0.2904
-0.3311 0.0337 -0.3040
-0.3262 0.0334 -0.3117
-0.3262 0.0334 -0.3117
-0.3217 0.0338 -0.3197
-0.3179 0.0353 -0.3277
-0.3151 0.0377 -0.3355
-0.3129 0.0409 -0.3429
-0.3112 0.0443 -0.3497
-0.3100 0.0456 -0.3578
-0.3084 0.0477 -0.3642
-0.3063 0.0495 -0.3699
-0.3035 0.0506 -0.3754
-0.3000 0.0507 -0.3808
-0.2982 0.0500 -0.3878
-0.2941 0.0484 -0.3935
-0.2889 0.0462 -0.3983
-0.2831 0.0436 -0.4023
-0.2769 0.0410 -0.4056
-0.2702 0.0384 -0.4081
-0.2655 0.0376 -0.4089
-0.2588 0.0356 -0.4099
-0.2512 0.0332 -0.4107
-0.2430 0.0305 -0.4112
-0.2344 0.0278 -0.4111
-0.2257 0.0256 -0.4104
-0.2171 0.0245 -0.4089
-0.2082 0.0231 -0.4067
-0.1993 0.0221 -0.4039
-0.1906 0.0215 -0.4006
-0.1822 0.0212 -0.3970
-0.1740 0.0216 -0.3937
-0.1656 0.0225 -0.3913
-0.1582 0.0232 -0.3878
-0.1514 0.0237 -0.3840
-0.1449 0.0240 -0.3803
-0.1387 0.0240 -0.3765
-0.1274 0.0238 -0.3690
-0.1223 0.0236 -0.3651
-0.1165 0.0235 -0.3635
-0.1118 0.0231 -0.3602
-0.1075 0.0224 -0.3562
-0.1035 0.0214 -0.3520
-0.0997 0.0202 -0.3478
-0.0962 0.0188 -0.3434
-0.0928 0.0173 -0.3392
-0.0897 0.0159 -0.3349
-0.0869 0.0146 -0.3308
-0.0843 0.0135 -0.3268
-0.0817 0.0118 -0.3246
-0.0795 0.0108 -0.3215
-0.0776 0.0102 -0.3181
-0.0758 0.0097 -0.3148
-0.0741 0.0093 -0.3115
-0.0725 0.0089 -0.3084
-0.0715 0.0090 -0.3055
-0.0702 0.0091 -0.3027
-0.0687 0.0094 -0.3002
-0.0672 0.0100 -0.2979
-0.0660 0.0110 -0.2957
-0.0649 0.0122 -0.2937
-0.0627 0.0115 -0.2951
-0.0610 0.0119 -0.2949
-0.0591 0.0121 -0.2945
-0.0569 0.0120 -0.2941
-0.0544 0.0115 -0.2937
-0.0514 0.0102 -0.2943
-0.0475 0.0077 -0.2967
-0.0454 0.0076 -0.2967
-0.0439 0.0086 -0.2958
-0.0428 0.0099 -0.2944
-0.0416 0.0110 -0.2928
-0.0405 0.0112 -0.2918
-0.0395 0.0099 -0.2921
-0.0379 0.0093 -0.2913
-0.0360 0.0087 -0.2903
-0.0338 0.0079 -0.2892
-0.0316 0.0068 -0.2881
-0.0296 0.0052 -0.2872
-0.0279 0.0027 -0.2869
-0.0262 0.0010 -0.2860
-0.0246 -0.0003 -0.2848
-0.0232 -0.0013 -0.2836
-0.0220 -0.0022 -0.2825
-0.0215 -0.0027 -0.2819
-0.0218 -0.0029 -0.2821
-0.0216 -0.0031 -0.2821
-0.0212 -0.0031 -0.2822
-0.0208 -0.0030 -0.2826
-0.0205 -0.0028 -0.2832
-0.0204 -0.0027 -0.2844
-0.0206 -0.0027 -0.2861
-0.0203 -0.0025 -0.2875
-0.0197 -0.0023 -0.2888
-0.0193 -0.0018 -0.2897
-0.0192 -0.0009 -0.2902
-0.0196 0.0003 -0.2905
-0.0209 0.0011 -0.2910
-0.0219 0.0024 -0.2910
-0.0227 0.0038 -0.2907
-0.0234 0.0051 -0.2902
-0.0241 0.0064 -0.2895
-0.0247 0.0078 -0.2887
-0.0251 0.0092 -0.2875
-0.0257 0.0108 -0.2866
-0.0264 0.0124 -0.2858
-0.0274 0.0140 -0.2851
-0.0284 0.0155 -0.2843
-0.0296 0.0167 -0.2834
-0.0312 0.0174 -0.2820
-0.0327 0.0176 -0.2808
-0.0345 0.0175 -0.2795
-0.0362 0.0172 -0.2779
-0.0376 0.0168 -0.2759
-0.0385 0.0163 -0.2737
-0.0390 0.0158 -0.2712
-0.0391 0.0149 -0.2689
-0.0392 0.0143 -0.2665
-0.0395 0.0146 -0.2639
-0.0399 0.0157 -0.2612
-0.0408 0.0203 -0.2552
-0.0410 0.0234 -0.2521
-0.0410 0.0269 -0.2487
-0.0409 0.0307 -0.2451
-0.0407 0.0348 -0.2416
-0.0406 0.0442 -0.2350
-0.0406 0.0492 -0.2321
-0.0406 0.0492 -0.2321
-0.0417 0.0531 -0.2296
-0.0423 0.0576 -0.2273
-0.0427 0.0621 -0.2251
-0.0429 0.0664 -0.2231
-0.0430 0.0702 -0.2214
-0.0428 0.0735 -0.2197
-0.0423 0.0761 -0.2181
-0.0417 0.0783 -0.2165
-0.0411 0.0802 -0.2151
-0.0406 0.0820 -0.2137
-0.0392 0.0842 -0.2130
-0.0385 0.0856 -0.2119
-0.0378 0.0865 -0.2106
-0.0373 0.0871 -0.2093
-0.0367 0.0875 -0.2080
-0.0361 0.0874 -0.2067
-0.0355 0.0864 -0.2052
-0.0351 0.0864 -0.2040
-0.0348 0.0865 -0.2029
-0.0344 0.0868 -0.2020
-0.0341 0.0871 -0.2012
-0.0340 0.0876 -0.2002
-0.0344 0.0883 -0.1991
-0.0343 0.0888 -0.1982
-0.0340 0.0894 -0.1974
-0.0337 0.0900 -0.1966
-0.0332 0.0906 -0.1958
-0.0333 0.0916 -0.1953
-0.0347 0.0934 -0.1951
-0.0350 0.0945 -0.1946
-0.0348 0.0955 -0.1940
-0.0345 0.0964 -0.1934
-0.0342 0.0972 -0.1928
-0.0337 0.0988 -0.1915
-0.0338 0.0996 -0.1909
-0.0334 0.1002 -0.1901
-0.0330 0.1006 -0.1894
-0.0326 0.1010 -0.1886
-0.0322 0.1013 -0.1879
-0.0319 0.1017 -0.1872
-0.0315 0.1020 -0.1866
-0.0312 0.1023 -0.1862
-0.0309 0.1027 -0.1858
-0.0305 0.1030 -0.1856
-0.0301 0.1033 -0.1856
-0.0307 0.1034 -0.1852
-0.0306 0.1037 -0.1852
-0.0303 0.1040 -0.1853
-0.0300 0.1043 -0.1856
-0.0296 0.1045 -0.1859
-0.0296 0.1052 -0.1860
-0.0304 0.1064 -0.1858
-0.0305 0.1069 -0.1859
-0.0303 0.1072 -0.1862
-0.0300 0.1075 -0.1864
-0.0297 0.1076 -0.1867
-0.0295 0.1078 -0.1868
-0.0295 0.1081 -0.1862
-0.0294 0.1084 -0.1861
-0.0292 0.1085 -0.1862
-0.0290 0.1087 -0.1864
-0.0288 0.1088 -0.1866
-0.0286 0.1088 -0.1869
-0.0282 0.1087 -0.1871
-0.0280 0.1087 -0.1874
-0.0278 0.1088 -0.1877
-0.0277 0.1088 -0.1880
-0.0275 0.1089 -0.1883
-0.0275 0.1088 -0.1887
-0.0274 0.1087 -0.1892
-0.0274 0.1086 -0.1895
-0.0274 0.1087 -0.1898
-0.0274 0.1087 -0.1901
-0.0274 0.1087 -0.1903
-0.0274 0.1087 -0.1906
-0.0272 0.1086 -0.1909
-0.0272 0.1085 -0.1912
-0.0272 0.1086 -0.1914
-0.0273 0.1087 -0.1916
-0.0273 0.1087 -0.1919
-0.0274 0.1088 -0.1921
-0.0266 0.1084 -0.1922
-0.0264 0.1083 -0.1924
-0.0263 0.1084 -0.1927
-0.0263 0.1086 -0.1929
-0.0264 0.1089 -0.1932
-0.0264 0.1092 -0.1934
-0.0265 0.1093 -0.1941
-0.0266 0.1095 -0.1945
-0.0267 0.1098 -0.1948
-0.0268 0.1101 -0.1951
-0.0268 0.1104 -0.1954
-0.0270 0.1105 -0.1956
-0.0273 0.1101 -0.1956
-0.0274 0.1101 -0.1958
-0.0274 0.1102 -0.1960
-0.0275 0.1103 -0.1963
-0.0274 0.1104 -0.1965
-0.0273 0.1106 -0.1970
-0.0271 0.1107 -0.1979
-0.0269 0.1108 -0.1983
-0.0268 0.1108 -0.1986
-0.0267 0.1108 -0.1988
-0.0265 0.1108 -0.1990
-0.0262 0.1108 -0.1991
-0.0258 0.1106 -0.1992
-0.0256 0.1107 -0.1994
-0.0254 0.1108 -0.1996
-0.0252 0.1109 -0.1998
-0.0250 0.1111 -0.2001
-0.0248 0.1113 -0.2003
-0.0246 0.1113 -0.2004
-0.0245 0.1116 -0.2005
-0.0243 0.1118 -0.2007
-0.0242 0.1122 -0.2009
-0.0241 0.1125 -0.2009
-0.0239 0.1128 -0.2010
-0.0239 0.1129 -0.2012
-0.0238 0.1132 -0.2012
-0.0237 0.1134 -0.2012
-0.0236 0.1137 -0.2011
-0.0235 0.1139 -0.2010
-0.0233 0.1141 -0.2008
-0.0229 0.1138 -0.2008
-0.0226 0.1137 -0.2007
-0.0224 0.1137 -0.2006
-0.0223 0.1138 -0.2005
-0.0221 0.1138 -0.2004
-0.0219 0.1137 -0.2003
-0.0217 0.1134 -0.2007
-0.0215 0.1132 -0.2007
-0.0213 0.1131 -0.2007
-0.0212 0.1130 -0.2006
-0.0210 0.1130 -0.2006
-0.0209 0.1129 -0.2005
-0.0213 0.1127 -0.2006
-0.0214 0.1126 -0.2007
-0.0214 0.1126 -0.2007
-0.0213 0.1125 -0.2008
-0.0213 0.1125 -0.2009
-0.0213 0.1125 -0.2010
-0.0204 0.1124 -0.2011
-0.0201 0.1123 -0.2012
-0.0199 0.1123 -0.2013
-0.0198 0.1123 -0.2015
-0.0197 0.1123 -0.2016
-0.0196 0.1124 -0.2017
-0.0192 0.1124 -0.2015
-0.0190 0.1125 -0.2014
-0.0189 0.1125 -0.2015
-0.0189 0.1125 -0.2015
-0.0189 0.1126 -0.2016
-0.0189 0.1125 -0.2017
-0.0188 0.1121 -0.2017
-0.0188 0.1120 -0.2017
-0.0188 0.1120 -0.2017
-0.0189 0.1122 -0.2018
-0.0190 0.1123 -0.2018
-0.0191 0.1125 -0.2019
-0.0193 0.1126 -0.2020
-0.0194 0.1128 -0.2020
-0.0195 0.1129 -0.2020
-0.0195 0.1130 -0.2021
-0.0196 0.1132 -0.2021
-0.0197 0.1133 -0.2021
-0.0194 0.1132 -0.2021
-0.0193 0.1132 -0.2021
-0.0193 0.1132 -0.2021
-0.0193 0.1132 -0.2021
-0.0193 0.1133 -0.2021
-0.0193 0.1134 -0.2021
-0.0190 0.1133 -0.2020
-0.0189 0.1133 -0.2020
-0.0189 0.1133 -0.2020
-0.0189 0.1133 -0.2020
-0.0189 0.1134 -0.2020
-0.0187 0.1133 -0.2020
-0.0185 0.1132 -0.2020
-0.0184 0.1132 -0.2020
-0.0183 0.1132 -0.2020
-0.0183 0.1132 -0.2021
-0.0183 0.1133 -0.2021
-0.0182 0.1133 -0.2021
-0.0180 0.1133 -0.2021
-0.0180 0.1134 -0.2021
-0.0179 0.1134 -0.2022
-0.0178 0.1134 -0.2022
-0.0178 0.1135 -0.2023
-0.0177 0.1135 -0.2023
-0.0174 0.1134 -0.2024
-0.0173 0.1134 -0.2024
-0.0173 0.1135 -0.2024
-0.0173 0.1136 -0.2024
-0.0173 0.1137 -0.2025
-0.0172 0.1138 -0.2025
-0.0170 0.1140 -0.2025
-0.0170 0.1140 -0.2025
-0.0169 0.1140 -0.2025
-0.0169 0.1140 -0.2025
-0.0169 0.1140 -0.2024
-0.0169 0.1141 -0.2024
-0.0169 0.1142 -0.2024
-0.0169 0.1142 -0.2024
-0.0168 0.1142 -0.2024
-0.0168 0.1143 -0.2024
-0.0168 0.1144 -0.2024
-0.0168 0.1145 -0.2025
-0.0166 0.1141 -0.2021
-0.0165 0.1140 -0.2020
-0.0165 0.1141 -0.2019
-0.0165 0.1142 -0.2019
-0.0165 0.1142 -0.2019
-0.0165 0.1143 -0.2019
-0.0163 0.1145 -0.2018
-0.0163 0.1146 -0.2018
-0.0163 0.1147 -0.2018
-0.0163 0.1148 -0.2017
-0.0163 0.1148 -0.2017
-0.0163 0.1149 -0.2016
-0.0160 0.1144 -0.2015
-0.0159 0.1143 -0.2015
-0.0158 0.1143 -0.2015
-0.0158 0.1143 -0.2015
-0.0157 0.1144 -0.2015
-0.0154 0.1142 -0.2012
-0.0153 0.1141 -0.2011
-0.0152 0.1141 -0.2012
-0.0151 0.1142 -0.2012
-0.0151 0.1142 -0.2013
-0.0151 0.1143 -0.2013
-0.0154 0.1145 -0.2013
-0.0155 0.1147 -0.2013
-0.0155 0.1148 -0.2014
-0.0156 0.1149 -0.2014
-0.0156 0.1150 -0.2014
-0.0157 0.1150 -0.2014
-0.0159 0.1149 -0.2012
-0.0160 0.1149 -0.2012
-0.0160 0.1150 -0.2011
-0.0161 0.1150 -0.2010
-0.0161 0.1151 -0.2009
-0.0160 0.1151 -0.2008
-0.0159 0.1150 -0.2005
-0.0159 0.1149 -0.2004
-0.0159 0.1149 -0.2002
-0.0159 0.1149 -0.2001
-0.0160 0.1149 -0.1999
-0.0159 0.1149 -0.1997
-0.0155 0.1148 -0.1995
-0.0154 0.1148 -0.1993
-0.0153 0.1147 -0.1992
-0.0153 0.1146 -0.1990
-0.0152 0.1145 -0.1988
-0.0151 0.1144 -0.1986
-0.0146 0.1142 -0.1985
-0.0144 0.1141 -0.1984
-0.0142 0.1140 -0.1983
-0.0141 0.1140 -0.1983
-0.0140 0.1140 -0.1982
-0.0140 0.1141 -0.1982
-0.0141 0.1142 -0.1982
-0.0141 0.1143 -0.1983
-0.0141 0.1143 -0.1983
-0.0140 0.1144 -0.1984
-0.0139 0.1144 -0.1984
-0.0138 0.1144 -0.1985
-0.0138 0.1144 -0.1984
-0.0138 0.1144 -0.1985
-0.0137 0.1144 -0.1985
-0.0137 0.1145 -0.1985
-0.0136 0.1145 -0.1985
-0.0136 0.1146 -0.1985
-0.0136 0.1146 -0.1984
-0.0136 0.1147 -0.1984
-0.0136 0.1148 -0.1984
-0.0136 0.1149 -0.1984
-0.0136 0.1151 -0.1983
-0.0136 0.1151 -0.1983
-0.0137 0.1150 -0.1982
-0.0137 0.1150 -0.1981
-0.0138 0.1150 -0.1980
-0.0138 0.1150 -0.1980
-0.0138 0.1150 -0.1979
-0.0136 0.1148 -0.1978
-0.0131 0.1144 -0.1975
-0.0129 0.1142 -0.1974

