0.0306 0.0381 0.0181
0.0240 0.0458 0.0160
0.0305 0.0208 0.0174
0.0194 -0.0218 0.0030
-0.0131 -0.0045 0.0052
-0.0161 0.0095 0.0000
0.0153 0.0116 0.0005
0.0262 0.0075 -0.0085
0.0157 0.0196 -0.0077
0.0048 0.0384 -0.0091
0.0091 0.0252 0.0052
0.0082 0.0100 0.0112
0.0131 0.0110 0.0020
0.0171 0.0406 -0.0014
0.0147 0.0476 0.0018
-0.0063 0.0310 0.0142
-0.0138 0.0124 0.0179
-0.0170 -0.0150 0.0072
-0.0177 -0.0109 -0.0144
-0.0206 -0.0026 -0.0137
-0.0060 -0.0005 -0.0055
0.0060 0.0089 -0.0042
0.0058 0.0096 -0.0008
-0.0101 0.0164 -0.0005
0.0082 -0.0072 0.0092
0.0140 -0.0074 0.0100
-0.0006 0.0113 0.0109
-0.0160 0.0003 0.0134
-0.0114 -0.0093 0.0114
0.0004 -0.0153 0.0108
0.0072 -0.0133 0.0050
0.0106 -0.0061 0.0060
0.0070 -0.0025 0.0067
0.0063 -0.0114 -0.0011
0.0124 -0.0058 0.0060
0.0124 -0.0004 0.0064
0.0168 0.0000 0.0043
0.0189 0.0037 0.0088
0.0272 0.0065 0.0040
0.0260 0.0103 0.0081
0.0258 0.0056 0.0149
0.0370 0.0065 0.0072
0.0318 -0.0030 0.0012
0.0207 -0.0043 0.0028
0.0041 0.0164 -0.0048
0.0042 0.0110 0.0010
0.0283 -0.0135 0.0053
0.0415 -0.0153 0.0011
0.0387 -0.0111 0.0058
0.0336 0.0122 0.0170
0.0249 0.0261 0.0177
0.0154 0.0195 0.0142
0.0064 -0.0103 0.0018
0.0153 -0.0206 -0.0072
0.0399 -0.0141 -0.0075
0.0580 0.0047 -0.0005
0.0223 0.0339 0.0095
0.0108 0.0286 0.0093
0.0250 0.0064 0.0063
0.0554 0.0028 0.0055
0.0487 0.0156 0.0108
0.0129 0.0361 0.0084
0.0169 -0.0012 -0.0030
0.0200 -0.0152 -0.0039
0.0047 -0.0130 -0.0111
0.0030 0.0088 -0.0025
0.0142 0.0067 0.0017
0.0119 0.0172 0.0152
0.0040 0.0285 0.0077
0.0032 0.0304 0.0053
0.0130 0.0764 -0.0012
0.0238 0.0316 -0.0230
0.0099 0.0200 0.0060
-0.0040 -0.0079 0.0286
-0.0205 -0.0153 0.0384
-0.0523 -0.0099 0.0383
-0.0047 0.0303 0.0035
0.0333 0.0557 -0.0165
0.0752 0.0353 -0.0192
0.0227 0.0085 -0.0026
-0.0272 -0.0132 0.0179
-0.0040 -0.0112 0.0100
0.0046 -0.0055 0.0088
0.0100 0.0086 -0.0003
0.0118 0.0189 -0.0042
0.0272 0.0113 -0.0021
0.0242 -0.0173 0.0032
0.0129 -0.0114 0.0032
0.0151 -0.0008 -0.0014
0.0173 -0.0030 -0.0010
0.0146 -0.0077 0.0008
0.0039 -0.0076 0.0004
0.0142 0.0030 0.0025
0.0167 0.0145 0.0029
0.0163 0.0110 0.0039
0.0113 0.0096 0.0054
-0.0017 -0.0004 0.0120
0.0098 0.0092 0.0076
0.0140 0.0105 -0.0007
0.0169 0.0128 -0.0068
0.0034 -0.0009 -0.0075
-0.0019 -0.0091 -0.0041
0.0086 -0.0095 0.0006
0.0209 0.0308 0.0015
0.0226 0.0513 0.0030
0.0193 0.0263 -0.0064
0.0065 -0.0097 0.0008
-0.0099 -0.0171 -0.0012
-0.0049 0.0143 0.0009
0.0083 0.0015 -0.0011
0.0106 -0.0093 0.0005
0.0165 -0.0091 -0.0006
0.0248 0.0216 0.0029
0.0271 0.0350 0.0059
0.0152 0.0301 0.0187
0.0073 0.0080 0.0085
0.0040 0.0036 0.0047
0.0114 0.0186 -0.0041
0.0222 0.0249 -0.0068
0.0165 0.0152 -0.0035
0.0001 0.0031 -0.0034
0.0054 0.0015 0.0009
0.0136 0.0095 0.0025
0.0316 0.0358 0.0078
0.0313 0.0312 0.0030
-0.0031 0.0401 0.0049
-0.0020 0.0393 -0.0014
0.0036 0.0279 -0.0020
0.0169 0.0080 0.0051
0.0182 0.0184 -0.0005
0.0199 0.0241 0.0010
0.0175 0.0311 -0.0063
0.0201 0.0310 0.0000
0.0267 0.0303 0.0037
0.0284 0.0159 0.0043
0.0176 0.0204 0.0052
0.0243 0.0152 -0.0019
0.0219 0.0115 0.0029
0.0118 0.0107 0.0038
0.0053 0.0063 0.0112
0.0107 0.0154 0.0116
0.0348 0.0358 0.0104
0.0391 0.0347 0.0114
0.0194 0.0124 0.0241
0.0098 0.0111 0.0190
0.0171 0.0208 0.0229
0.0412 0.0226 0.0207
0.0337 0.0239 0.0210
0.0246 0.0270 0.0214
0.0216 0.0182 0.0305
0.0382 0.0094 0.0291
0.0453 0.0242 0.0332
0.0239 0.0707 0.0416
0.0191 0.0749 0.0407
0.0057 0.0479 0.0679
0.0272 0.0688 0.0803
0.0229 0.0782 0.0989
0.0082 0.1131 0.1202
0.0034 0.1425 0.1424
-0.0046 0.1474 0.1516
-0.0221 0.1492 0.1666
-0.0187 0.1696 0.1909
-0.0127 0.1839 0.2102
-0.0360 0.2313 0.2212
-0.0507 0.2799 0.2458
-0.0492 0.2879 0.2599
-0.0640 0.2891 0.2853
-0.0719 0.3240 0.3175
-0.0738 0.3663 0.3354
-0.0683 0.4401 0.3794
-0.0774 0.4704 0.4344
-0.0953 0.4833 0.4610
-0.1155 0.5080 0.5204
-0.1162 0.5703 0.5915
-0.1185 0.6097 0.6255
-0.1416 0.6668 0.7032
-0.1498 0.6827 0.7772
-0.1448 0.6874 0.8089
-0.1321 0.7081 0.8605
-0.1225 0.7405 0.8814
-0.1194 0.8070 0.9172
-0.1502 0.8832 0.9582
-0.1568 0.9130 0.9818
-0.1695 0.9696 1.0300
-0.2038 1.0162 1.0861
-0.2225 1.0115 1.1127
-0.2257 0.9942 1.1632
-0.1526 0.9447 1.2068
-0.1235 0.9091 1.2011
-0.1453 0.8959 1.2033
-0.2340 0.8998 1.1884
-0.2879 0.8956 1.1805
-0.3367 0.8769 1.1711
-0.2998 0.9143 1.1821
-0.2632 0.9554 1.1885
-0.2280 1.0011 1.2059
-0.2828 0.9818 1.2318
-0.3062 0.9516 1.2341
-0.3193 0.8697 1.2548
-0.2731 0.8149 1.2560
-0.2641 0.7793 1.2376
-0.2751 0.6644 1.2175
-0.2743 0.5741 1.1492
-0.2619 0.5467 1.1123
-0.2029 0.5161 1.0359
-0.1604 0.5153 0.9972
-0.1036 0.5165 0.9294
-0.1114 0.5262 0.8682
-0.1219 0.5260 0.8424
-0.1135 0.5158 0.8233
-0.1013 0.4886 0.8111
-0.1023 0.4659 0.7919
-0.1143 0.3663 0.7522
-0.1168 0.2605 0.6808
-0.1128 0.2308 0.6339
-0.0835 0.2509 0.5435
-0.0250 0.2705 0.4853
0.0187 0.2646 0.4589
0.0984 0.2485 0.4320
0.1270 0.2172 0.3990
0.1108 0.2091 0.3719
0.0743 0.1940 0.3202
0.1144 0.1010 0.2643
0.1652 0.0488 0.2319
0.2385 -0.0157 0.1700
0.2379 -0.0804 0.1523
0.2160 -0.1317 0.1570
0.1471 -0.1748 0.2023
0.1029 -0.1040 0.2187
0.0788 -0.0241 0.2187
0.0493 0.1452 0.1847
0.1428 0.2504 0.0750
0.2211 0.2240 0.0006
0.2288 0.2106 -0.1690
0.1459 0.1502 -0.2214
-0.0075 0.0833 -0.2103
-0.0146 0.0552 -0.1492
0.0231 0.0488 -0.0633
0.1290 0.0714 0.0889
0.1564 0.1343 0.1773
0.1240 0.1830 0.2125
0.0219 0.3112 0.2346
-0.0649 0.3921 0.2385
-0.1119 0.3914 0.2379
-0.2067 0.3219 0.2487
-0.1824 0.2226 0.2705
-0.1309 0.1800 0.2900
-0.0430 0.0955 0.2814
-0.0180 0.0692 0.2971
-0.0268 0.0836 0.2942
-0.0339 0.1042 0.2957
-0.0056 0.0818 0.2949
0.0019 0.0820 0.2726
-0.0220 0.1111 0.2114
-0.0282 0.2001 0.1521
-0.0108 0.2318 0.1213
0.0597 0.2836 0.0602
0.1395 0.2765 0.0062
0.1643 0.2571 -0.0113
0.1794 0.2100 -0.0415
0.1725 0.1928 -0.0502
0.1629 0.1186 -0.0761
0.1762 0.0856 -0.1011
0.2003 0.1165 -0.1124
0.3099 0.2063 -0.1201
0.4039 0.2837 -0.0652
0.4134 0.3309 -0.0220
0.2616 0.3728 0.0835
0.0221 0.2572 0.1611
-0.0417 0.1260 0.1708
-0.0896 -0.1783 0.1641
-0.1299 -0.3213 0.1754
-0.1397 -0.3436 0.1663
0.0338 -0.1547 0.1797
0.5113 0.1477 0.1717
0.6832 0.2763 0.1638
0.6769 0.4423 0.1668
0.3119 0.3977 0.1625
0.0583 0.2832 0.1884
-0.3592 0.0508 0.2365
-0.4241 -0.1110 0.2114
-0.3514 -0.1381 0.1694
-0.1992 -0.1820 0.0860
-0.1796 -0.2493 -0.0126
-0.1911 -0.2686 -0.0566
-0.1649 -0.2248 -0.1252
-0.0667 -0.1727 -0.1631
-0.0238 -0.1498 -0.1598
0.0015 -0.0916 -0.1187
-0.0138 -0.0664 -0.0914
-0.0804 -0.0342 -0.0355
-0.1305 -0.0335 -0.0391
-0.1298 -0.0495 -0.0541
-0.0692 -0.0622 -0.0559
0.0410 -0.0476 -0.0875
0.0791 -0.0539 -0.1058
0.1070 -0.0955 -0.1221
0.1398 -0.1289 -0.1495
0.1619 -0.1371 -0.1695
0.1733 -0.1757 -0.2098
0.1219 -0.1689 -0.2456
0.0869 -0.1600 -0.2544
0.0628 -0.1000 -0.2107
0.1679 -0.0461 -0.0974
0.2421 -0.0044 -0.0334
0.2455 0.0069 0.0087
-0.0534 -0.1219 0.0254
-0.1899 -0.2312 -0.0036
-0.3213 -0.4452 -0.0928
-0.2881 -0.4906 -0.2153
-0.2010 -0.5241 -0.2897
0.0856 -0.6087 -0.3506
0.4625 -0.6327 -0.4161
0.5661 -0.6072 -0.4976
0.3366 -0.5662 -0.6580
0.0220 -0.5221 -0.7098
-0.5055 -0.3422 -0.8066
-0.4510 -0.1839 -0.8074
-0.2544 -0.1311 -0.7441
0.1737 -0.1182 -0.6087
0.2744 -0.1178 -0.4668
0.2409 -0.0828 -0.4035
0.2092 0.0134 -0.3357
0.1912 0.0577 -0.2936
0.1764 0.0415 -0.2716
0.0451 -0.0048 -0.3146
-0.1473 -0.0941 -0.3681
-0.2126 -0.1634 -0.3780
-0.2400 -0.1790 -0.3742
-0.2111 -0.0994 -0.3189
-0.1945 -0.0637 -0.2626
-0.1313 -0.0228 -0.1271
-0.0321 0.0380 0.0063
0.0279 0.0544 0.0577
0.1237 0.1009 0.1194
0.2056 0.1552 0.1439
0.2572 0.1821 0.1438
0.2995 0.1971 0.1410
0.2003 0.1442 0.0930
0.1437 0.1132 0.0541
0.1173 0.0555 -0.0470
0.2360 0.0662 -0.1245
0.2359 0.0410 -0.0932
0.0379 0.0509 0.0641
-0.0898 0.0088 0.1389
-0.3068 -0.1441 0.3168
-0.3449 -0.1881 0.3749
-0.2626 -0.1536 0.3744
0.1954 0.1170 0.3958
0.6960 0.5697 0.3791
0.7698 0.7490 0.3769
0.5635 0.8755 0.3913
0.0599 0.6452 0.3827
-0.2187 0.4665 0.4022
-0.5071 0.1297 0.4541
-0.3309 -0.1292 0.3887
-0.1857 -0.2684 0.3435
-0.0405 -0.4589 0.2269
-0.0036 -0.4206 0.0764
0.0447 -0.3242 0.0188
0.1434 -0.0360 -0.0846
0.1296 0.2570 -0.1260
0.0634 0.3392 -0.0999
-0.0952 0.3020 -0.0367
-0.1848 0.1602 0.0136
-0.1817 0.0789 0.0370
-0.1070 -0.0768 0.0424
-0.0680 -0.0959 0.0664
-0.0555 -0.0647 0.0691
-0.0246 -0.0229 0.0506
0.0474 -0.0184 0.0578
0.0938 -0.0354 0.0596
0.1879 -0.1061 0.0416
0.2078 -0.1511 0.0370
0.1547 -0.2427 0.0217
0.0808 -0.3011 0.0165
0.0713 -0.3145 0.0325
0.1044 -0.2535 0.0679
0.2097 -0.1379 0.1179
0.2083 -0.1084 0.0928
0.0359 -0.0999 0.0311
-0.1498 -0.2988 -0.0214
-0.2204 -0.4056 -0.0665
-0.3342 -0.5112 -0.1412
-0.2273 -0.5103 -0.1421
-0.0110 -0.4940 -0.1080
0.5819 -0.3803 -0.1142
0.7928 -0.2871 -0.2542
0.6308 -0.3191 -0.3459
-0.0297 -0.3280 -0.5247
-0.5475 -0.3155 -0.6452
-0.5450 -0.2822 -0.6628
-0.1500 -0.0818 -0.5941
0.2385 0.0838 -0.4765
0.2861 0.1417 -0.4091
0.2125 0.2381 -0.2957
0.1747 0.2662 -0.2399
0.1276 0.2685 -0.1676
0.0361 0.2613 -0.1166
-0.0225 0.2614 -0.1006
-0.1284 0.2471 -0.1240
-0.1806 0.2127 -0.1093
-0.1631 0.1826 -0.0832
-0.1184 0.1684 -0.0007
-0.1251 0.1852 0.1185
-0.1332 0.1857 0.1948
-0.0769 0.1355 0.3068
0.0387 0.0805 0.3696
0.0869 0.0872 0.3714
0.1593 0.1468 0.3358
0.2298 0.3131 0.2962
0.2577 0.4256 0.2894
0.2788 0.5906 0.2862
0.2461 0.6160 0.3098
0.2283 0.6316 0.3230
0.2191 0.6287 0.3062
0.0652 0.4782 0.2905
-0.0815 0.3763 0.3140
-0.3431 0.1122 0.3456
-0.5139 -0.0055 0.3342
-0.5161 0.0154 0.3094
-0.1854 0.1711 0.3000
0.4196 0.4078 0.3865
0.6592 0.5632 0.4605
0.7063 0.8450 0.5478
0.5264 0.9349 0.5811
0.0134 0.9566 0.6502
-0.3710 0.7861 0.7068
-0.4442 0.6984 0.7268
-0.4149 0.3431 0.6687
-0.3048 -0.0216 0.5550
-0.2596 -0.1999 0.5093
-0.1756 -0.3630 0.3652
0.0373 -0.2454 0.2177
0.1493 -0.1353 0.1785
0.1904 0.0740 0.1874
0.0410 0.2784 0.2662
-0.0455 0.3358 0.3009
-0.1816 0.3573 0.3267
-0.1974 0.3135 0.2960
-0.1549 0.2612 0.2921
-0.0375 0.1496 0.2950
0.0472 0.0984 0.2613
0.0787 0.0914 0.2383
0.1533 0.0873 0.1723
0.2160 0.1413 0.1129
0.2426 0.1528 0.0834
0.3010 0.0948 0.0183
0.2631 -0.0216 -0.0269
0.1995 -0.0822 -0.0389
0.0885 -0.1941 -0.0191
0.0765 -0.2176 0.0107
0.1113 -0.2028 0.0617
0.0246 -0.1692 0.0910
-0.0688 -0.1569 0.0922
-0.2581 -0.2289 0.0535
-0.4330 -0.4279 0.0249
-0.4425 -0.5466 0.0227
-0.1219 -0.6934 0.1074
0.5722 -0.5819 0.1047
0.8640 -0.4620 0.0501
0.9164 -0.3271 -0.1455
0.2683 -0.2691 -0.3696
-0.1305 -0.2222 -0.4932
-0.5799 -0.1581 -0.6475
-0.4724 0.0237 -0.6253
-0.2991 0.1794 -0.5708
-0.0344 0.4789 -0.3888
0.0836 0.6810 -0.1466
0.1468 0.6641 -0.0435
0.2479 0.4986 0.1253
0.1928 0.2905 0.2355
0.1305 0.2308 0.2556
0.0110 0.2351 0.2361
-0.0530 0.2891 0.1660
-0.0675 0.3021 0.1517
-0.0625 0.3252 0.1567
-0.0810 0.3758 0.2092
-0.1063 0.4072 0.2507
-0.1063 0.4438 0.3536
-0.0700 0.4201 0.4069
0.0313 0.3651 0.4694
0.0944 0.3424 0.4521
0.1078 0.3603 0.4251
0.1393 0.3699 0.3535
0.1247 0.3974 0.2870
0.1096 0.4080 0.2646
0.0629 0.4199 0.2495
0.0417 0.3966 0.2470
0.0446 0.3794 0.2352
0.0705 0.2853 0.2031
0.1111 0.1033 0.2091
0.0916 0.0495 0.2383
0.1026 0.0819 0.3254
0.3058 0.2029 0.4541
0.3402 0.2887 0.5091
0.1311 0.3162 0.5750
-0.1302 0.1234 0.5699
-0.1259 0.0211 0.5493
0.2537 0.0354 0.4762
0.6661 0.2117 0.4320
0.7447 0.3257 0.4375
0.6810 0.5742 0.5734
0.4127 0.7519 0.7137
0.2320 0.8079 0.7584
-0.2331 0.7975 0.8306
-0.4770 0.7289 0.8917
-0.8981 0.5652 0.9433
-1.1798 0.3620 0.8911
-1.1736 0.2565 0.8465
-0.8417 0.0738 0.6878
-0.3855 0.0198 0.4642
-0.2111 0.0729 0.3619
-0.0392 0.2838 0.2093
0.0092 0.4451 0.2311
0.0070 0.4963 0.2695
-0.0373 0.5639 0.3611
-0.1479 0.5274 0.4276
-0.1752 0.5040 0.4218
-0.0705 0.3709 0.3986
0.1387 0.2601 0.3582
0.2293 0.2264 0.2994
0.3731 0.2369 0.1803
0.4208 0.3611 0.1000
0.3879 0.4466 0.0448
0.1198 0.6062 -0.0313
-0.2667 0.7542 -0.0358
-0.3633 0.7358 0.0033
-0.1697 0.4338 0.1630
0.3455 -0.1304 0.3037
0.4998 -0.3733 0.3413
0.5184 -0.6556 0.3438
0.4494 -0.6014 0.3669
0.3898 -0.4413 0.3393
0.0926 -0.0615 0.2520
-0.1298 0.1115 0.2182
-0.3911 0.3847 0.1080
-0.2292 0.4791 0.0502
-0.0334 0.4965 0.0424
0.3398 0.5327 -0.0293
0.2814 0.5562 -0.0266
0.1282 0.5976 -0.0021
-0.1760 0.6449 0.0487
-0.3648 0.5463 0.1521
-0.4065 0.4950 0.2237
-0.4173 0.4324 0.3638
-0.3279 0.4217 0.5077
-0.2736 0.4068 0.5729
-0.1541 0.3462 0.6377
-0.0253 0.3159 0.6563
0.0415 0.3285 0.6284
0.1255 0.4343 0.5434
0.0748 0.5644 0.4850
0.0364 0.6271 0.4771
-0.0067 0.7496 0.5234
-0.0014 0.8062 0.6439
0.0201 0.8407 0.7281
0.0100 0.8505 0.8592
-0.0259 0.7948 0.9670
-0.0194 0.7654 1.0046
0.0543 0.7671 1.0493
0.1034 0.7898 1.0588
0.0839 0.7900 1.0677
-0.0760 0.7584 1.0495
-0.1325 0.7445 1.0284
-0.1264 0.7587 0.9641
-0.0658 0.7786 0.9021
-0.0715 0.7780 0.8789
-0.1330 0.7673 0.8797
-0.0630 0.6767 0.8690
0.0682 0.5800 0.8560
0.3156 0.4075 0.8015
0.3838 0.3550 0.7088
0.3443 0.3785 0.6778
0.2016 0.4707 0.6184
0.0848 0.6142 0.5957
0.0487 0.6706 0.6062
-0.0035 0.6724 0.6583
-0.1004 0.6195 0.6822
-0.1643 0.6004 0.6821
-0.2769 0.5346 0.7065
-0.3024 0.4594 0.7475
-0.2580 0.4301 0.7740
-0.1483 0.4015 0.8447
-0.1282 0.4822 0.9162
-0.1568 0.5476 0.9525
-0.2125 0.6817 1.0416
-0.1586 0.7576 1.1280
-0.1037 0.7990 1.1807
-0.0540 0.9445 1.2504
-0.0636 1.0197 1.2776
-0.0615 1.1449 1.3515
-0.0584 1.2569 1.4416
-0.0647 1.2801 1.4833
-0.0735 1.2601 1.4984
-0.0426 1.1660 1.5144
-0.0409 1.1136 1.5109
-0.0550 1.0538 1.5099
-0.0746 1.0579 1.5152
-0.0783 1.0733 1.5361
-0.0296 1.0995 1.5707
0.0317 1.1186 1.5960
0.0586 1.1586 1.6019
0.0777 1.2888 1.6273
0.0895 1.4516 1.6548
0.0878 1.5089 1.6712
0.0380 1.5719 1.6679
-0.0810 1.5177 1.6573
-0.1166 1.4708 1.6641
-0.1080 1.3985 1.6670
-0.0702 1.3721 1.6826
-0.0664 1.3688 1.6808
-0.0739 1.3837 1.6785
-0.0503 1.3726 1.6514
-0.0214 1.3597 1.6321
0.0321 1.2826 1.5960
0.0766 1.2432 1.4994
0.0721 1.2388 1.4285
0.0204 1.2393 1.2876
-0.0008 1.2647 1.2137
-0.0102 1.3484 1.0701
-0.0117 1.3634 0.9771
-0.0126 1.3334 0.9422
0.0274 1.2397 0.8893
0.0976 1.1670 0.8299
-0.0025 1.0092 0.7313
-0.1706 0.8840 0.6896
-0.2322 0.8279 0.6387
-0.2459 0.7861 0.5567
-0.1045 0.8438 0.4962
0.0275 0.8714 0.4712
0.2617 0.8929 0.4566
0.2221 0.9019 0.4640
0.1181 0.8804 0.4839
-0.1257 0.8356 0.5385
-0.3077 0.6776 0.6351
-0.3508 0.5694 0.7006
-0.2958 0.3900 0.7885
-0.1140 0.2942 0.8344
-0.0509 0.3239 0.8443
-0.0191 0.4199 0.8307
-0.0495 0.4483 0.8317
-0.1333 0.4636 0.8204
-0.1963 0.4510 0.7682
-0.2306 0.4452 0.7349
-0.3461 0.4777 0.6370
-0.4265 0.4570 0.5556
-0.4263 0.4123 0.5361
-0.3650 0.3285 0.5227
-0.3055 0.3101 0.4931
-0.2819 0.3132 0.4788
-0.2511 0.2999 0.4367
-0.2027 0.2902 0.3957
-0.1713 0.2902 0.3814
-0.0906 0.3113 0.3181
-0.0027 0.3278 0.2803
0.0527 0.3382 0.2702
0.1940 0.3380 0.2397
0.2706 0.3575 0.1848
0.2751 0.3571 0.1505
0.2831 0.3534 0.1433
0.3553 0.3590 0.1395
0.4914 0.4055 0.1719
0.4573 0.4925 0.2398
0.3827 0.5321 0.2895
0.1169 0.5174 0.3870
-0.0916 0.3977 0.4608
-0.1440 0.3375 0.4624
-0.2151 0.1938 0.3932
-0.2244 0.1336 0.3336
0.1273 0.2774 0.3327
0.3049 0.4193 0.4002
0.5553 0.7250 0.6153
0.5258 0.8847 0.8367
0.4195 0.8792 0.9079
0.0778 0.7200 1.0168
-0.1871 0.4916 0.9989
-0.2343 0.3636 0.9501
-0.2152 0.1117 0.7924
-0.1655 -0.0342 0.6011
-0.1410 -0.0557 0.5040
-0.0641 -0.0794 0.3421
0.0093 0.0422 0.2672
0.0602 0.1073 0.2470
0.1385 0.2118 0.2770
0.0535 0.2725 0.3692
-0.0493 0.2697 0.4225
-0.3136 0.2166 0.4861
-0.5066 0.1385 0.5191
-0.4844 0.0990 0.4883
-0.3326 0.0229 0.4163
-0.2341 0.0153 0.3051
-0.2039 0.0440 0.2441
-0.0495 0.0620 0.1132
0.0648 0.0279 0.0703
0.2254 -0.0780 0.0499
0.2122 -0.0902 0.0161
0.1552 -0.0687 0.0030
0.0698 -0.0482 0.0024
0.1277 -0.0804 0.0158
0.2126 -0.1084 0.0354
0.2659 -0.2060 0.0552
-0.0033 -0.3715 0.0444
-0.1848 -0.4040 0.0097
-0.4307 -0.3556 -0.0753
-0.3927 -0.4011 -0.1445
-0.2083 -0.4897 -0.1204
0.4469 -0.5683 -0.0897
1.0372 -0.5173 -0.1742
1.1146 -0.5525 -0.2631
0.7273 -0.5894 -0.4886
-0.0166 -0.5701 -0.7887
-0.2883 -0.5147 -0.9320
-0.3059 -0.3824 -1.1123
-0.0067 -0.1636 -1.1385
0.0832 -0.0766 -1.0907
0.1339 0.0569 -0.9416
0.1429 0.0703 -0.7295
0.1465 0.0328 -0.6110
0.1051 -0.0169 -0.4107
-0.0596 -0.0834 -0.2623
-0.1485 -0.1158 -0.2281
-0.3076 -0.2266 -0.2714
-0.4156 -0.2890 -0.3151
-0.4040 -0.3009 -0.3389
-0.3011 -0.2852 -0.3918
-0.2683 -0.2545 -0.3886
-0.2321 -0.1156 -0.3207
-0.1343 0.0221 -0.2196
-0.0480 0.0534 -0.1394
0.1202 0.0739 0.0054
0.1945 0.1536 0.1014
0.2022 0.2011 0.1280
0.2195 0.2444 0.1406
0.1952 0.2177 0.1131
0.2005 0.1886 0.0976
0.2334 0.1084 0.0042
0.0681 0.0152 -0.0296
-0.0628 -0.0288 -0.0131
-0.1940 -0.0935 0.0446
-0.1637 -0.1362 0.1074
-0.0831 -0.0605 0.1265
0.2612 0.2466 0.1478
0.6041 0.6269 0.2475
0.6677 0.7714 0.2934
0.5542 0.9503 0.4311
0.1476 0.8510 0.4641
-0.1026 0.6635 0.4718
-0.3802 0.2434 0.4507
-0.3440 0.0198 0.4086
-0.0779 -0.3841 0.3227
0.1468 -0.6152 0.2056
0.1904 -0.6432 0.1503
0.2350 -0.5361 0.0536
0.2675 -0.2578 -0.0209
0.2477 -0.0783 -0.0336
0.0952 0.2768 -0.0266
-0.0813 0.4128 -0.0169
-0.1635 0.3572 -0.0024
-0.2892 0.1205 -0.0086
-0.3492 -0.0710 -0.0288
-0.3550 -0.1297 -0.0394
-0.2595 -0.1510 -0.0841
-0.1195 -0.1257 -0.1616
-0.0456 -0.1370 -0.1944
0.1100 -0.2337 -0.2058
0.1213 -0.3474 -0.2307
0.0644 -0.3851 -0.2304
-0.0009 -0.4406 -0.2074
0.0624 -0.4538 -0.1552
0.1019 -0.4053 -0.1139
0.0850 -0.2881 -0.1075
-0.2182 -0.2758 -0.1695
-0.4078 -0.3844 -0.2212
-0.5962 -0.6757 -0.2883
-0.2834 -0.8808 -0.2771
0.0840 -0.9519 -0.2668
0.8621 -0.8100 -0.2942
1.0513 -0.6703 -0.3677
0.8336 -0.5235 -0.5513
0.0223 -0.4117 -0.7392
-0.3336 -0.3475 -0.8347
-0.3834 -0.2837 -0.9708
0.0841 -0.1266 -1.0098
0.2645 -0.1011 -0.9866
0.3664 -0.0443 -0.8546
0.3110 0.0250 -0.7180
0.2741 0.0280 -0.6482
0.1705 -0.0323 -0.4674
-0.0253 -0.0807 -0.2804
-0.1100 -0.0791 -0.2179
-0.1659 -0.0213 -0.1790
-0.2061 0.0223 -0.1780
-0.2496 0.0581 -0.1775
-0.3301 0.0809 -0.1492
-0.3634 0.0716 -0.0770
-0.3724 0.0748 -0.0133
-0.3259 0.0983 0.1331
-0.1711 0.0845 0.2815
-0.0739 0.0831 0.3438
0.0451 0.1656 0.4133
0.0691 0.2478 0.4396
0.0995 0.3025 0.4376
0.1607 0.4289 0.4233
0.1667 0.4925 0.4082
0.1130 0.5739 0.4015
-0.0753 0.4083 0.3975
-0.2194 0.2621 0.3987
-0.4376 -0.0937 0.3843
-0.5118 -0.2272 0.4081
-0.4393 -0.1123 0.4561
-0.0068 0.4507 0.5671
0.5998 1.0015 0.7544
0.7537 1.1846 0.8548
0.6400 1.2980 1.0049
0.1256 1.0558 1.1000
-0.1847 0.9049 1.1321
-0.5805 0.6222 1.1450
-0.5267 0.3761 1.0548
-0.4163 0.2467 0.9997
-0.1778 -0.0928 0.8828
0.0213 -0.2777 0.6804
0.0974 -0.2673 0.5930
0.2396 -0.0565 0.4348
0.2527 0.2935 0.3235
0.1806 0.4562 0.2948
-0.0341 0.6704 0.2932
-0.1539 0.6289 0.3907
-0.1695 0.5456 0.4405
-0.1453 0.3325 0.5117
-0.0540 0.2188 0.5548
-0.0133 0.1844 0.5337
0.0058 0.1642 0.4151
0.0181 0.1349 0.3195
0.0572 -0.0084 0.1311
0.1343 -0.1580 -0.0202
0.1702 -0.2154 -0.1020
0.0264 -0.3324 -0.2710
0.0135 -0.3320 -0.2705
0.0602 -0.3362 -0.2654
-0.0511 -0.2939 -0.2725
-0.1998 -0.2691 -0.2617
-0.4331 -0.2694 -0.2757
-0.3685 -0.4187 -0.2629
-0.1833 -0.6011 -0.2333
0.4374 -0.8098 -0.1718
0.9383 -0.6591 -0.2747
0.9762 -0.5568 -0.3624
0.5554 -0.3485 -0.5128
-0.1563 -0.2021 -0.6528
-0.3469 -0.1483 -0.7317
-0.2778 0.0079 -0.7571
0.0722 0.1982 -0.6455
0.2605 0.2618 -0.5958
0.5218 0.3569 -0.4608
0.5192 0.2959 -0.3438
0.4398 0.2283 -0.2564
0.2187 0.1851 -0.1577
0.0716 0.1721 -0.0910
0.0252 0.1581 -0.0755
-0.0578 0.1941 -0.0608
-0.0925 0.2051 -0.0506
-0.1370 0.2408 -0.0037
-0.1509 0.3285 0.0868
-0.1393 0.3647 0.1552
-0.0905 0.4071 0.3216
-0.0768 0.3687 0.5190
-0.0698 0.3553 0.6119
-0.0208 0.3545 0.7377
0.0650 0.3881 0.8454
0.0999 0.4315 0.8867
0.1040 0.5409 0.9460
0.0381 0.7476 0.9787
-0.0120 0.9263 0.9831
-0.0853 1.2874 1.0352
-0.0391 1.4930 1.0923
0.0365 1.4838 1.1371
0.1151 1.4013 1.2422
-0.0404 1.2265 1.3671
-0.2496 1.0898 1.4303
-0.6876 0.9706 1.5913
-0.6318 1.1689 1.7934
-0.3415 1.2936 1.8434
0.4242 1.4421 1.9185
0.6761 1.4798 1.9606
0.6981 1.5584 2.0102
0.3423 1.5582 1.9418
0.1329 1.5022 1.9087
-0.2174 1.4131 1.8523
-0.5110 1.4058 1.8886
-0.5854 1.4676 1.9245
-0.5513 1.5170 1.9016
-0.4130 1.3081 1.8220
-0.2864 1.1807 1.7973
0.0031 1.0089 1.6619
0.2147 1.0510 1.4330
0.2645 1.1694 1.3085
0.3216 1.3498 1.1098
0.2388 1.4591 1.0009
0.1496 1.4483 0.9776
-0.0391 1.3296 0.9846
-0.2570 1.0883 1.0241
-0.3563 0.9152 1.0556
-0.4413 0.4947 1.1017
-0.4267 0.2102 1.0791
-0.4435 0.1367 1.0585
-0.4568 0.0291 1.0162
-0.4188 -0.0331 0.9504
-0.3909 -0.0572 0.9318
-0.2990 -0.0203 0.8975
-0.1702 0.2687 0.7844
-0.1033 0.4338 0.6996
-0.0027 0.6705 0.5176
-0.1934 0.5940 0.2707
-0.4515 0.3458 0.1466
-0.8410 -0.3656 -0.0642
-0.8026 -0.5971 -0.1763
-0.3193 -0.7184 -0.3658
0.1618 -0.6416 -0.2885
0.2847 -0.5854 -0.2106
0.4081 -0.3954 0.2450
0.4340 -0.2583 0.2985
0.3083 0.1138 0.3570
0.0205 0.3927 0.2287
-0.1529 0.4631 0.1582
-0.5068 0.5243 0.0454
-0.7723 0.5537 -0.0240
-0.7957 0.5935 -0.0305
-0.6333 0.6767 0.0007
-0.3915 0.6842 0.1192
-0.2927 0.7057 0.2078
-0.1828 0.8417 0.3756
-0.2207 1.1337 0.5516
-0.2816 1.3361 0.6335
-0.4191 1.5819 0.8279
-0.4352 1.4997 1.0941
-0.4027 1.3928 1.2130
-0.2791 1.2384 1.3775
-0.1339 1.2234 1.5256
-0.0792 1.2453 1.5789
0.0492 1.3305 1.6599
0.2105 1.3436 1.6809
0.2605 1.3445 1.6920
0.2621 1.4281 1.6851
0.2083 1.4749 1.6352
-0.0336 1.5049 1.4999
-0.2306 1.4630 1.3729
-0.2746 1.3919 1.3080
-0.2840 1.1594 1.2447
-0.2406 0.9290 1.2470
-0.2080 0.8237 1.2483
-0.1199 0.7115 1.2897
-0.1252 0.7052 1.3081
-0.1567 0.7588 1.2971
-0.2462 0.8256 1.2144
-0.3320 0.7589 1.0605
-0.3927 0.6606 0.9604
-0.4992 0.3789 0.7193
-0.5460 0.1104 0.5089
-0.5255 0.0351 0.4255
-0.4217 -0.0212 0.2996
-0.2734 -0.1084 0.3146
-0.1873 -0.1787 0.3375
-0.0658 -0.2098 0.4419
-0.0355 -0.1729 0.5259
-0.0367 -0.1282 0.5389
0.0022 -0.0247 0.4807
0.0347 0.0603 0.4039
0.0652 0.1846 0.1813
-0.0166 -0.0353 -0.0543
-0.0367 -0.2421 -0.1370
0.0794 -0.6016 -0.2518
0.3043 -0.5658 -0.3220
0.3897 -0.4419 -0.3458
0.3359 -0.0106 -0.2963
-0.0578 0.1618 -0.1420
-0.2708 0.1722 -0.0896
-0.5079 0.0503 0.0113
-0.3854 -0.0694 0.1028
-0.2221 -0.0725 0.1461
0.0709 -0.0127 0.2926
0.1821 0.0548 0.4632
0.1880 0.0702 0.5241
0.1618 0.0546 0.5672
0.1088 0.1390 0.4881
0.0767 0.1755 0.4114
-0.0360 0.2165 0.2395
-0.1779 0.1573 0.0906
-0.2180 0.1027 0.0437
-0.2530 0.0360 -0.0026
-0.2793 0.0382 0.0347
-0.2756 0.0453 0.0863
-0.2200 0.0672 0.1979
-0.1100 0.1203 0.2884
-0.0540 0.1694 0.3287
0.0307 0.2669 0.3785
0.0573 0.2907 0.3823
0.0812 0.2667 0.3783
0.0830 0.2261 0.3501
0.0900 0.2327 0.3297
0.1465 0.2640 0.2784
0.2008 0.3407 0.2270
0.2002 0.4126 0.2156
0.1384 0.5785 0.2289
0.0083 0.5833 0.2880
-0.0457 0.5066 0.3453
-0.0691 0.2341 0.4384
0.1086 0.0071 0.4495
0.2097 0.0017 0.4408
0.3129 0.1415 0.3827
0.3010 0.2252 0.2524
0.2503 0.1817 0.1910
0.1042 -0.0904 0.0408
-0.0054 -0.3849 -0.1912
-0.0386 -0.5287 -0.3122
-0.0820 -0.7355 -0.5509
-0.1066 -0.8472 -0.7562
-0.1083 -0.8510 -0.8089
-0.0805 -0.7288 -0.8709
-0.0402 -0.5178 -0.9855
-0.0049 -0.4592 -1.0400
0.0022 -0.5287 -1.1105
0.0273 -0.7653 -1.0357
0.0638 -1.1632 -0.7861
-0.0506 -1.0809 -0.5334
-0.1931 -0.9686 -0.4670
-0.6722 -0.6759 -0.4043
-0.9991 -0.3181 -0.3591
-0.9737 -0.1181 -0.3120
-0.5768 0.2969 -0.1819
-0.0395 0.5883 -0.0548
0.2361 0.5402 0.0008
0.6558 0.3993 0.1467
0.6785 0.2888 0.2988
0.5778 0.2451 0.3773
0.3933 0.2801 0.5457
0.4582 0.1769 0.5200
0.6354 0.2247 0.4187
0.7847 0.2720 0.2718
0.8393 0.2459 0.2262
0.9098 0.2730 0.1723
0.9358 0.2720 0.1024
0.8975 0.2756 0.0556
0.8231 0.3116 0.0102
0.4539 0.5246 -0.0153
0.3458 0.5809 -0.0014
0.3462 0.5091 -0.0113
0.3500 0.2534 -0.0191
0.2680 0.1197 0.0264
0.2063 0.1074 0.0374
0.1203 0.1030 0.0466
0.0432 0.0482 0.0288
0.0207 0.0180 0.0293
0.0343 -0.0375 0.0465
0.0583 -0.0437 0.0817
0.0770 -0.0114 0.0917
0.1071 0.1130 0.1035
0.1207 0.1830 0.1051
0.1181 0.1519 0.1181
0.1400 0.0698 0.1273
0.1748 0.0637 0.1305
0.1885 0.0573 0.1195
0.2133 0.0725 0.0893
0.2114 0.1168 0.0717
0.1977 0.1485 0.0676
0.1952 0.2306 0.0592
0.2625 0.2632 0.0416
0.2885 0.2427 0.0308
0.3027 0.2087 0.0319
0.3197 0.2303 0.0407
0.3272 0.2652 0.0441
0.3214 0.3195 0.0443
0.2370 0.3084 0.0453
0.1755 0.2886 0.0462
0.0899 0.2530 0.0715
0.0799 0.2260 0.0770
0.0856 0.1479 0.0812
0.0886 0.0578 0.0595
0.1055 -0.0011 0.0533
0.1257 -0.0773 0.0345
0.1160 -0.0799 0.0125
0.1171 -0.0782 -0.0044
0.1142 -0.0878 -0.0283
0.1300 -0.0925 -0.0446
0.1469 -0.0931 -0.0393
0.1610 -0.0992 -0.0316
0.1471 -0.1001 -0.0227
0.1285 -0.1058 -0.0224
0.0911 -0.0916 -0.0268
0.0915 -0.0508 -0.0292
0.0937 -0.0320 -0.0253
0.0749 -0.0389 -0.0140
0.0540 -0.0463 -0.0051
0.0494 -0.0344 -0.0049
0.0479 -0.0037 -0.0030
0.0225 -0.0080 -0.0014
0.0114 -0.0239 0.0061
0.0078 -0.0685 0.0026
0.0110 -0.0661 -0.0188
0.0133 -0.0527 -0.0273
-0.0040 -0.0094 -0.0454
-0.0061 0.0170 -0.0505
0.0213 0.0244 -0.0322
0.0382 0.0096 -0.0170
0.0360 0.0084 -0.0183
0.0048 0.0224 -0.0140
-0.0044 0.0356 -0.0070
0.0055 0.0387 -0.0041
0.0196 0.0259 -0.0031
0.0153 0.0138 0.0004
0.0122 0.0196 -0.0031
0.0119 0.0114 -0.0137
0.0232 0.0272 -0.0223
0.0168 0.0231 -0.0260
0.0010 0.0118 -0.0297
0.0088 -0.0105 -0.0380
0.0204 -0.0105 -0.0421
0.0416 0.0095 -0.0361
0.0248 0.0162 -0.0328
0.0179 0.0077 -0.0314
0.0244 0.0048 -0.0246
0.0605 0.0120 -0.0237
0.0732 0.0162 -0.0137
0.0745 0.0301 -0.0017
0.0707 0.0140 -0.0068
0.0747 -0.0034 -0.0055
0.0898 -0.0290 -0.0187
0.0911 -0.0290 -0.0263
0.0808 -0.0226 -0.0257
0.0635 -0.0186 -0.0298
0.0619 -0.0085 -0.0298
0.0781 -0.0248 -0.0295
0.0725 -0.0210 -0.0299
0.0577 -0.0067 -0.0360
0.0334 0.0063 -0.0292
0.0158 -0.0158 -0.0116
0.0182 -0.0227 -0.0077
0.0218 -0.0129 -0.0093
0.0101 0.0011 -0.0125
0.0051 -0.0007 -0.0128
0.0019 -0.0247 -0.0064
-0.0171 -0.0228 -0.0063
-0.0286 -0.0053 -0.0051
-0.0235 -0.0076 -0.0126
0.0006 -0.0190 -0.0207
0.0100 -0.0283 -0.0294
0.0272 -0.0359 -0.0454
0.0349 -0.0212 -0.0485
0.0374 -0.0104 -0.0460
0.0510 -0.0042 -0.0365
0.0723 0.0095 -0.0197
0.0794 0.0203 -0.0147
0.0851 0.0313 0.0036
0.0701 0.0331 0.0155
0.0599 0.0261 0.0201
0.0610 0.0171 0.0223
0.0681 0.0229 0.0237
0.0770 0.0195 0.0262
0.0606 0.0356 0.0340
0.0412 0.0456 0.0357
0.0346 0.0305 0.0255
0.0392 0.0386 0.0205
0.0290 0.0541 0.0067
0.0123 0.0402 0.0110
0.0085 0.0336 0.0128
-0.0051 0.0231 0.0132
-0.0220 0.0444 0.0110
-0.0288 0.0609 0.0137
-0.0395 0.0917 0.0179
-0.0181 0.0737 0.0283
-0.0128 0.0561 0.0262
-0.0191 0.0363 0.0234
-0.0232 0.0109 0.0227
-0.0139 -0.0094 0.0253
0.0137 -0.0179 0.0210
0.0036 0.0044 0.0131
-0.0062 0.0073 0.0080
0.0036 0.0123 0.0054
0.0137 -0.0022 0.0012
0.0090 -0.0088 -0.0021
0.0034 0.0065 -0.0040
0.0052 0.0317 -0.0031
0.0088 0.0359 0.0014
0.0145 0.0224 0.0014
0.0095 0.0078 0.0011
0.0003 -0.0161 -0.0013
-0.0061 -0.0258 -0.0050
-0.0055 -0.0283 -0.0100
0.0069 -0.0174 -0.0046
0.0190 -0.0052 0.0064
0.0197 -0.0054 0.0044
0.0096 0.0029 0.0127
0.0168 0.0295 0.0146
0.0188 0.0301 0.0170
0.0292 -0.0085 0.0185
0.0280 -0.0149 0.0102
0.0314 0.0043 0.0074
0.0316 0.0265 0.0057
0.0366 0.0175 0.0127
0.0324 0.0128 0.0128
0.0251 0.0285 0.0134
0.0236 0.0414 0.0058
0.0204 0.0378 0.0079
0.0110 0.0008 0.0100
0.0037 -0.0124 0.0024
0.0049 0.0042 -0.0023
0.0058 0.0230 -0.0030
0.0125 0.0240 0.0078
0.0184 0.0280 0.0093
0.0343 0.0276 0.0025
0.0273 0.0371 -0.0005
0.0136 0.0448 0.0062
0.0108 0.0210 0.0106
0.0183 0.0114 0.0165
0.0132 0.0051 0.0103
0.0030 -0.0078 0.0070
0.0034 -0.0141 0.0088
0.0080 -0.0088 0.0076
0.0082 0.0258 0.0023
0.0110 0.0351 0.0043
0.0277 0.0117 0.0073
0.0144 -0.0046 0.0142
0.0047 0.0068 0.0147
-0.0047 0.0146 0.0126
0.0155 0.0088 0.0134
0.0273 0.0023 0.0100
0.0210 0.0157 0.0151
0.0048 0.0144 0.0168
0.0088 0.0000 0.0220
0.0219 -0.0084 0.0134
0.0164 -0.0149 0.0144
0.0098 0.0016 0.0124
0.0140 0.0232 0.0126
0.0127 0.0199 0.0093
0.0105 0.0003 0.0126
0.0021 0.0083 0.0064
-0.0007 0.0251 0.0087
-0.0036 0.0208 0.0185
0.0087 -0.0018 0.0216
0.0137 -0.0161 0.0199
0.0154 -0.0032 0.0195
0.0103 0.0329 0.0129
0.0108 0.0415 0.0148
0.0285 0.0317 0.0240
0.0319 0.0064 0.0267
0.0228 0.0159 0.0191
0.0138 0.0192 0.0157
0.0292 0.0067 0.0140
0.0293 0.0043 0.0072
0.0270 0.0223 0.0113
0.0207 0.0252 0.0159
0.0164 0.0223 0.0234
0.0132 0.0197 0.0216
0.0261 0.0211 0.0176
0.0282 0.0254 0.0233
0.0145 0.0113 0.0243
-0.0011 -0.0171 0.0195
-0.0013 -0.0096 0.0171
0.0117 0.0060 0.0150
0.0172 0.0107 0.0038
0.0148 -0.0074 0.0060
-0.0035 -0.0295 -0.0006
0.0062 -0.0151 -0.0068
0.0448 -0.0382 -0.0103
0.0521 -0.0151 0.0030
0.0402 -0.0138 0.0001
0.0274 -0.0440 0.0099
0.0197 -0.0337 0.0158
0.0137 -0.0046 0.0074
0.0139 0.0478 0.0130
0.0099 0.0914 0.0099
0.0125 0.0799 0.0167
0.0287 0.0038 0.0289
0.0312 0.0159 0.0191
0.0160 0.0367 0.0131
-0.0089 -0.0009 0.0141
0.0104 -0.0056 0.0120
0.0180 0.0062 0.0075
0.0260 0.0504 0.0119
0.0183 0.0481 0.0200
0.0117 0.0402 0.0213
0.0058 0.0059 0.0197
0.0066 0.0182 0.0167
0.0104 0.0303 0.0189
0.0142 0.0351 0.0302
0.0109 0.0570 0.0200
-0.0031 0.0503 0.0222
-0.0054 0.0179 0.0239
-0.0002 0.0401 0.0151
-0.0125 0.0404 0.0114
-0.0282 0.0358 0.0102
-0.0341 0.0066 0.0044
-0.0352 -0.0444 0.0051
-0.0160 -0.0431 0.0092
-0.0101 -0.0119 0.0044
-0.0045 0.0466 -0.0009
0.0032 0.0314 0.0026
0.0110 0.0006 0.0030
0.0153 -0.0340 0.0053
0.0145 -0.0193 -0.0103
0.0164 -0.0134 -0.0173
0.0164 -0.0209 -0.0150
0.0185 -0.0361 -0.0017
0.0196 -0.0262 0.0009
0.0152 0.0037 0.0005
0.0052 0.0102 -0.0031
0.0017 0.0011 0.0002
0.0110 -0.0260 0.0018
0.0222 -0.0315 -0.0119
0.0204 -0.0311 -0.0127
0.0198 -0.0139 -0.0113
0.0190 0.0035 -0.0009
0.0302 -0.0090 0.0008
0.0372 -0.0193 0.0079
0.0181 0.0148 0.0006
0.0136 0.0182 0.0038
0.0190 0.0008 0.0091
0.0271 0.0057 0.0138
0.0365 0.0059 0.0113
0.0205 0.0166 0.0133
0.0059 0.0118 0.0130
-0.0008 0.0166 0.0200
0.0523 0.0195 -0.0202
0.0239 -0.0537 0.0100
-0.0350 -0.0446 0.0223
-0.0115 -0.0184 0.0081
0.0176 -0.0070 0.0062
0.0514 0.0006 -0.0101
0.0460 0.0159 -0.0133

