0.0000 0.0000 0.0000
0.0000 0.0000 0.0000
0.0000 0.0000 0.0000
0.0000 0.0000 0.0000
0.0000 0.0000 0.0000
0.0000 0.0000 0.0000
0.0000 0.0000 0.0000
0.0000 0.0000 0.0000
0.0000 0.0000 0.0000
0.0000 0.0000 0.0000
0.0000 0.0000 0.0000
0.0000 0.0000 0.0000
0.8631 0.3545 1.7967
0.9763 0.2080 1.9543
1.0158 0.1255 2.0811
1.0920 0.1743 2.1927
1.1407 0.2681 2.2480
1.2076 0.5839 2.3636
1.2492 0.9302 2.4303
1.2778 1.0863 2.4410
1.3479 1.2863 2.4243
1.3945 1.4150 2.3417
1.4027 1.6244 2.1960
1.3747 1.6949 1.9481
1.2974 1.6173 1.9055
1.0657 1.3554 1.8934
0.8994 1.1570 1.8759
0.8526 1.1303 1.8351
0.7958 1.2131 1.6859
0.7332 1.2669 1.5510
0.6878 1.2515 1.5257
0.6280 1.1565 1.5187
0.5144 1.0629 1.4819
0.4237 0.9993 1.4653
0.2294 0.8699 1.4435
0.1522 0.8558 1.4514
-0.0092 1.0550 1.5294
-0.1238 1.4832 1.6273
-0.1094 1.6394 1.6183
0.0661 1.6212 1.4802
0.3192 1.0761 1.2498
0.3751 0.7509 1.1373
0.3101 0.2906 0.9920
0.1563 0.2858 1.0072
0.0569 0.4596 1.0840
-0.1555 0.8963 1.2838
-0.2614 1.0396 1.4264
-0.2596 0.9589 1.4402
-0.1941 0.5905 1.3682
-0.1629 0.2191 1.2057
-0.1428 0.0998 1.1309
-0.0785 0.0732 1.0268
0.0137 0.2637 1.0034
0.0625 0.3697 1.0103
0.1202 0.4742 1.0503
0.0990 0.4167 1.1310
0.0701 0.3513 1.1937
-0.0248 0.2814 1.3378
-0.1267 0.3733 1.4164
-0.1558 0.4417 1.4166
-0.1968 0.4811 1.3392
-0.2448 0.4112 1.1850
-0.2619 0.3792 1.0901
-0.2388 0.3808 0.9045
-0.2088 0.4083 0.8084
-0.1152 0.4633 0.6087
0.0137 0.4517 0.4171
0.0567 0.4308 0.3401
0.1109 0.4048 0.2738
0.1365 0.3880 0.3377
0.1367 0.3829 0.3970
0.1422 0.3087 0.4963
0.1831 0.2399 0.5243
0.1979 0.2483 0.5364
0.1965 0.2614 0.5715
0.2173 0.2806 0.5882
0.2217 0.2807 0.6024
0.1958 0.2872 0.6420
0.1636 0.3007 0.6551
0.1472 0.2908 0.6458
0.0771 0.2268 0.6339
0.0278 0.1779 0.6056
0.0097 0.1579 0.5875
-0.0208 0.1561 0.5280
-0.0133 0.2048 0.4182
-0.0186 0.2396 0.3608
-0.0391 0.2875 0.2936
-0.0785 0.3142 0.2618
-0.0864 0.3343 0.2561
-0.1252 0.4076 0.2628
-0.1598 0.4499 0.2743
-0.1691 0.3365 0.2797
-0.1621 -0.0794 0.2118
-0.2040 -0.2045 0.2146
-0.3857 0.0191 0.2760
-0.5544 0.4077 0.2927
-0.5173 0.3866 0.2766
-0.2800 -0.0198 0.1727
0.0174 -0.4100 -0.0869
0.1401 -0.4893 -0.2270
0.2101 -0.4686 -0.4248
0.0776 -0.2935 -0.4326
-0.0153 -0.1575 -0.3492
-0.1779 0.1002 -0.1187
-0.3257 0.2054 0.0643
-0.3695 0.1502 0.0893
-0.2918 -0.1784 -0.0710
-0.2201 -0.5714 -0.3598
-0.1816 -0.6556 -0.5071
-0.0519 -0.5969 -0.7415
0.0996 -0.4205 -0.8773
0.1281 -0.3401 -0.9094
0.1277 -0.2851 -0.9024
0.0945 -0.3138 -0.7946
0.0657 -0.3110 -0.7329
-0.0357 -0.1987 -0.6546
-0.0630 0.0076 -0.5860
-0.0085 0.0871 -0.5346
0.1545 0.1281 -0.4274
0.2499 0.1355 -0.4132
0.3900 0.0851 -0.4356
0.4167 0.1507 -0.4523
0.4268 0.2282 -0.4409
0.5110 0.3548 -0.3767
0.6372 0.3636 -0.3440
0.6798 0.3594 -0.3597
0.6795 0.4766 -0.4622
0.5704 0.8114 -0.5736
0.2873 1.4622 -0.7871
-0.4126 0.0006 -0.6617
-0.0238 -0.0110 0.9906
-0.0326 0.2348 0.5359
0.2718 0.0511 -0.4664
0.4923 -0.4933 -0.7623
0.5837 -0.5405 -0.6566
0.3544 0.2941 -0.4005
-0.1208 0.1462 -0.4036
-0.2486 0.0323 -0.3910
-0.2082 -0.4425 -0.4122
0.2690 -1.0463 -0.4120
0.5065 -1.2258 -0.3835
0.6809 -1.2907 -0.2576
0.4771 -0.9174 0.0483
0.3983 -0.5972 0.1779
0.3392 0.0749 0.1517
0.3286 0.3501 0.0489
0.3778 0.4868 -0.1027
0.5373 -0.0074 -0.2484
0.6196 -0.1765 -0.2858
0.6577 -0.2706 -0.2755
0.4721 -0.2258 -0.1799
0.0391 0.0284 -0.0262
-0.0454 0.1059 -0.0569
-0.0345 0.0628 -0.0687
0.0414 -0.0131 -0.0658
0.1545 -0.0217 -0.0711
0.1828 -0.0644 -0.0629
0.1868 -0.1211 0.0025
0.1711 -0.1266 0.0111
0.1870 -0.1268 0.0090
0.2167 -0.0948 -0.0174
0.2868 -0.0957 -0.0020
0.3477 -0.0850 0.0017
0.3479 -0.0871 -0.0031
-0.1044 -0.2499 -0.0759
-0.0850 0.1466 -0.1001
0.0828 0.1938 -0.1367
0.1258 0.0752 -0.0950
0.0537 0.0773 -0.0668
0.0566 0.1685 0.0102
0.1703 0.2005 0.0122
0.1670 0.2035 0.0134
-0.0624 0.1363 0.0721
-0.3030 0.0057 0.1131
-0.3198 0.1904 0.1502
-0.0468 0.1717 0.0583
-0.0123 0.1424 0.0136
-0.1674 0.1873 -0.0896
-0.3922 0.1666 -0.0617
-0.4376 0.1220 -0.0474
-0.3922 0.2815 -0.0646
-0.2548 0.4094 -0.0838
-0.2721 0.4229 -0.0713
-0.4506 0.4455 -0.0459
-0.6704 0.4541 -0.0202
-0.7342 0.4513 -0.0030
-0.6691 0.4482 0.0520
-0.5001 0.6367 -0.0155
-0.3722 0.6464 -0.0228
-0.0771 0.3771 -0.0265
0.2623 0.0523 -0.0075
0.4048 -0.1295 -0.0044
0.5818 -0.3453 -0.0103
0.5595 -0.3793 -0.0096
0.4822 -0.3816 0.0100
0.2562 -0.1849 0.1211
0.0368 0.0610 0.2763
-0.0504 0.1754 0.3094
-0.0699 0.3833 0.2916
-0.0276 0.3145 0.2747
0.0596 0.0156 0.1861
0.1252 -0.1415 0.0596
0.1338 -0.1632 0.0217
0.1191 -0.1485 -0.0025
0.1514 -0.1070 0.0086
0.1760 -0.1287 0.0029
0.1593 -0.1060 -0.0107
0.0388 -0.0004 0.0058
0.0049 0.0759 0.0281
-0.0078 0.2121 0.0510
0.0115 0.2948 0.0644
0.0132 0.2719 0.0579
0.0206 0.1292 0.0255
0.0065 0.0633 0.0018
-0.0131 0.0224 -0.0009
0.0285 0.0352 -0.0101
0.0961 0.0133 -0.0419
0.1003 -0.0210 -0.0505
0.0412 -0.0920 -0.0522
-0.0286 -0.0453 -0.0534
-0.0222 0.0004 -0.0437
0.0257 0.1101 -0.0524
0.0407 0.0638 -0.0517
0.0233 0.0038 -0.0443
0.0041 -0.0323 -0.0317
-0.0101 0.0095 -0.0356
-0.0147 0.0287 -0.0264
0.0185 0.0862 -0.0206
0.0458 0.0792 -0.0338
0.0705 0.0539 -0.0335
0.0622 0.0228 -0.0402
0.0595 -0.0058 -0.0473
0.0805 -0.0955 -0.0411
0.1033 -0.0853 -0.0340
0.1043 -0.0612 -0.0371
0.1022 -0.0154 -0.0347
0.1172 -0.0359 -0.0313
0.1242 -0.0611 -0.0350
0.1227 -0.0823 -0.0488
0.1138 -0.0804 -0.0504
0.1169 -0.0459 -0.0548
0.1165 -0.0179 -0.0429
0.0899 -0.0194 -0.0216
0.0731 -0.0056 -0.0214
0.0417 0.0090 -0.0120
0.0086 -0.0027 -0.0080
-0.0005 -0.0160 -0.0221
0.0264 -0.0492 -0.0224
0.0809 -0.0427 -0.0336
0.0951 -0.0144 -0.0353
0.0799 0.0186 -0.0328
0.0680 0.0087 -0.0232
0.0840 0.0097 -0.0128
0.1308 0.0025 -0.0201
0.1066 0.0162 -0.0235
0.0742 0.0406 -0.0123
0.0685 0.0336 -0.0039
0.0807 0.0184 0.0198
0.0742 0.0261 0.0167
0.0605 0.0384 0.0177
0.0404 0.0325 0.0179
0.0393 -0.0055 0.0031
0.0428 0.0044 0.0002
0.0389 0.0313 -0.0023
0.0167 0.0327 0.0062
0.0139 0.0146 0.0101
0.0361 0.0069 0.0050
0.0504 0.0013 0.0052
0.0409 -0.0009 0.0057
0.0519 0.0117 0.0124
0.0816 0.0040 -0.0090
0.0754 0.0153 -0.0099
0.0429 0.0508 0.0063
0.0418 0.0329 -0.0017
0.0384 0.0276 -0.0110
0.0297 0.0142 -0.0090
0.0495 0.0076 -0.0072
0.0589 0.0016 -0.0039
0.0366 -0.0133 -0.0047
-0.0159 0.0083 0.0058
-0.0245 0.0055 0.0079
0.0149 -0.0065 0.0241
0.0399 -0.0263 0.0211
0.0540 -0.0194 0.0197
0.0319 0.0034 0.0218
0.0130 0.0152 0.0232
-0.0106 0.0037 0.0181
0.0049 -0.0035 0.0075
0.0173 -0.0060 -0.0010
0.0625 -0.0072 0.0143
0.0756 -0.0306 -0.0014
0.0632 -0.0419 -0.0032
0.0330 -0.0234 0.0009
0.0262 0.0252 0.0139
0.0219 0.0444 0.0191
0.0131 0.0117 0.0184
0.0180 -0.0122 0.0093
0.0191 -0.0162 -0.0011
0.0453 0.0101 -0.0131
0.0380 0.0333 -0.0135
0.0152 0.0551 -0.0042
0.0030 0.0366 0.0271
0.0597 -0.0040 0.0088
0.0827 -0.0118 -0.0003
0.1019 -0.0096 -0.0033
0.0636 0.0200 -0.0093
0.0418 0.0295 -0.0039
0.0580 0.0287 0.0052
0.0768 0.0489 0.0012
0.0372 0.0865 0.0100
-0.0274 0.0630 0.0538
-0.0234 0.0343 0.0552

