60.00
60.00
60.00
60.00
60.00
60.00
60.00
60.00
60.00
60.00
60.00
60.00
60.00
60.00
60.00
60.00
60.00
60.00
60.00
60.00
60.00
60.00
60.00
60.00
60.00
60.00
60.00
60.00
28.74
65.77
28.25
68.50
28.52
66.98
28.08
69.50
28.32
68.09
28.22
68.65
28.37
67.79
28.82
28.56
73.41
29.18
63.58
28.67
66.15
28.64
66.31
60.00
60.00
60.00
60.00
60.00
60.00
60.00
60.00
60.00
60.00
60.00
60.00
60.00
60.00
60.00
60.00
60.00
60.00
60.00
60.00
60.00
60.00
60.00
60.00
60.00
60.00
60.00
60.00
60.00
60.00
60.00
60.00
60.00
60.00
60.00
60.00
60.00
60.00
60.00
60.00
60.00
60.00
60.00
60.00
60.00
60.00
60.00
60.00
60.00
60.00
60.00
60.00
60.00
60.00
60.00
60.00
60.00
60.00
60.00
60.00
60.00
60.00
60.00
60.00
60.00
60.00
60.00
60.00
60.00
60.00
60.00
60.00
60.00
60.00
60.00
60.00
60.00
60.00
60.00
60.00
60.00
60.00
60.00
60.00
60.00
60.00
60.00
60.00
60.00
60.00
60.00
60.00
60.00
60.00
60.00
60.00
60.00
60.00
60.00
60.00
60.00
60.00
60.00
60.00
60.00
60.00
60.00
60.00
60.00
60.00
60.00
60.00
60.00
60.00
60.00
60.00
60.00
60.00
60.00
60.00
60.00
60.00
60.00
60.00
60.00
60.00
60.00
60.00
60.00
60.00
60.00
60.00
60.00
60.00
60.00
60.00
60.00
60.00
60.00
60.00
60.00
60.00
60.00
60.00
60.00
60.00
60.00
60.00
60.00
60.00
60.00
60.00
60.00
60.00
60.00
60.00
60.00
60.00
60.00
60.00
60.00
60.00
60.00
60.00
60.00
60.00
60.00
60.00
60.00
60.00
60.00
60.00
60.00
60.00
60.00
60.00
60.00
60.00
60.00
60.00
60.00
60.00
60.00
60.00
60.00
60.00
60.00
60.00
60.00
60.00
60.00
60.00
60.00
60.00
60.00
60.00
60.00
60.00
60.00
60.00
60.00
60.00
60.00
60.00
60.00
60.00
60.00
60.00
60.00
60.00
60.00
60.00
60.00
60.00
60.00
60.00
60.00
60.00
60.00
60.00
60.00
60.00
60.00
60.00
60.00
60.00
60.00
60.00
60.00
60.00
60.00
60.00
60.00
60.00
60.00
60.00
60.00
60.00
60.00
60.00
60.00
60.00
60.00
60.00
60.00
60.00
60.00
60.00
60.00
60.00
60.00
60.00
60.00
60.00
60.00
60.00
60.00
60.00
60.00
60.00
60.00
60.00
60.00
60.00
60.00
60.00
60.00
60.00
60.00
60.00
60.00
60.00
60.00
60.00
60.00
60.00
60.00
60.00
60.00
60.00
60.00
60.00
60.00
60.00
60.00
60.00
60.00
60.00
60.00
60.00
60.00
60.00
59.48
30.18
60.01
60.01
60.01
60.01
60.01
60.01
60.01
60.01
60.01
60.01
60.01
60.01
60.01
60.01
60.01
60.01
60.01
60.01
60.01
60.01
60.01
60.01
60.01
60.01
60.01
60.01
60.01
60.01
60.01
60.01
60.01
60.01
60.01
60.01
60.01
60.01
60.01
60.01
30.00
60.01
60.01
60.01
60.01
60.01
60.01
60.01
60.01
60.01
60.01
60.01
60.01
60.01
60.01
60.01
60.01
60.01
60.01
60.01
60.01
60.01
60.01
60.01
60.01
60.01
60.01
60.01
60.01
60.01
60.01
60.01
60.01
60.01
60.01
60.01
60.01
60.01
60.01
60.01
60.01
60.01
30.00
60.01
60.01
60.01
60.01
60.01
60.01
60.01
60.01
60.01
60.01
60.01
60.01
60.01
60.01
60.01
60.01
60.01
60.01
60.01
60.01
60.01
60.01
60.01
60.01
60.01
60.01
60.01
60.01
60.01
60.01
60.01
60.01
60.01
60.01
60.01
60.01
60.01
60.01
60.01
60.01
60.01
60.01
60.01
60.01
60.01
60.01
60.01
60.01
60.01
60.01
60.01
60.01
60.01
60.01
30.00
60.01
60.01
60.01
60.01
60.01
60.01
60.01
60.01
60.01
60.01
60.01
60.01
60.01
60.01
60.01
60.01
60.01
60.01
60.01
60.01
60.01
60.01
60.01
60.01
60.01
60.01
60.01
60.01
60.01
60.01
60.01
60.01
60.01
60.01
30.00
60.01
60.01
60.01
60.01
60.01
60.01
60.01
60.01
60.01
60.01
60.01
60.01
60.01
60.01
60.01
60.01
60.01
60.01
60.01
60.01
60.01
60.01
60.01
60.01
60.01
60.01
60.01
60.01
60.01
60.01
60.01
60.01
60.01
60.01
30.00
60.01
60.01
60.01
60.01
60.01
60.01
60.01
60.01
60.01
60.01
60.01
60.01
60.01
60.01
60.01
60.01
60.01
60.01
60.01
60.01
60.01
60.01
60.01
60.01
60.01
60.01
60.01
60.01
60.01
60.01
60.01
60.01
60.01
60.01
30.00
60.01
60.01
60.01
60.01
60.01
60.01
60.01
60.01
60.01
60.01
60.01
60.01
60.01
60.01
60.01
60.01
60.01
60.01
60.01
60.01
60.01
60.01
60.01
60.01
60.01
60.01
60.01
60.01
60.01
60.01
60.01
60.01
60.01
60.01
60.01
60.01
60.01
60.01
60.01
60.01
60.01
30.00
60.01
60.01
60.01
60.01
60.01
60.01
60.01
60.01
60.01
60.01
60.01
60.01
60.01
60.01
60.01
60.01
60.01
60.01
60.01
60.01
60.01
60.01
60.01
60.01
60.01
60.01
60.01
60.01
60.01
60.01
60.01
60.01
60.01
60.01
60.01
60.01
60.01
60.01
60.01
60.01
60.01
60.01
60.01
60.01
60.01
30.00
60.01
60.01
60.01
60.01
60.01
60.01
60.01
60.01
60.01
60.01
60.01
60.01
60.01
60.01
60.01
60.01
60.01
60.01
60.01
60.01
60.01
60.01
60.01
60.01
60.01
60.01
60.01
60.01
60.01
60.01
60.01
60.01
60.01
60.01
60.01
60.01
60.01
60.01
60.01
60.01
60.01
60.01
60.01
60.01
60.01
60.01
60.01
60.01
60.01
60.01
60.01
60.01
60.01
60.01
60.01
60.01
60.01
60.01
60.01
60.01
60.01
60.01
60.01
60.01
60.01
60.01
60.01
60.01
60.01
60.01
60.01
60.01
60.01
60.01
60.01
60.01
60.01
60.01
60.01
60.01
60.01
60.01
60.01
60.01
60.01
60.01
60.01
60.01
60.01
60.01
60.01
60.01
60.01
60.01
60.01
60.01
60.01
60.01
60.01
60.01
60.01
60.01
60.01
58.98
60.97
60.00
60.00
60.00
60.00
60.00
60.00
60.00
60.00
60.00
60.00
60.00
60.00
60.00
60.00
60.00
60.00
60.00
60.00
60.00
60.00
60.00
60.00
60.00
60.00
60.00
60.00
60.00
60.00
60.00
60.00
60.00
60.00
60.00
60.00
60.00
60.00
60.00
60.00
60.00
60.00
60.00
60.00
60.00
60.00
60.00
60.00
60.00
60.00
60.00
60.00
60.00
60.00
60.00
60.00
60.00
60.00
60.00
60.00
60.00
60.00
60.00
60.00
60.00
60.00
60.00
60.00
60.00
60.00
60.00
60.00
60.00
60.00
60.00
60.00
60.00
60.00
60.00
60.00
60.00
60.00
60.00
60.00
60.00
60.00
60.00
60.00
60.00
60.00
60.00
60.00
60.00
60.00
60.00
60.00
60.00
60.00
60.00
60.00
60.00
60.00
60.00
60.00
60.00
60.00
60.00
60.00
60.00
60.00
60.00
60.00
60.00
60.00
60.00
60.00
60.00
60.00
60.00
60.00
60.00
60.00
60.00
60.00
60.00
60.00
60.00
60.00
60.00
60.00
60.00
60.00
60.00
60.00
60.00
60.00
60.00
60.00
60.00
60.00
60.00
60.00
60.00
60.00
60.00
60.00
60.00
60.00
60.00
60.00
60.00
60.00
60.00
60.00
60.00
60.00
60.00
60.00
60.00
60.00
60.00
60.00
60.00
60.00
60.00
60.00
60.00
60.00
60.00
60.00
60.00
60.00
60.00
60.00
60.00
60.00
60.00
60.00
60.00
60.00
60.00
60.00
60.00
60.00
60.00
60.00
60.00
60.00
60.00
60.00
60.00
60.00
60.00
60.00
60.00
60.00
60.00
60.00
60.00
60.00
60.00
60.00
60.00
60.00
60.00
60.00
60.00
60.00
60.00
60.00
60.00
60.00
60.00
60.00
60.00
60.00
60.00
60.00
60.00
60.00
60.00
60.00
60.00
60.00
60.00
60.00
60.00
60.00
60.00
60.00
60.00
60.00
60.00
60.00
60.00
60.00
60.00
60.00
60.00
60.00
60.00
60.00
60.00
60.00
60.00
60.00
60.00
60.00
60.00
60.00
60.00
60.00
60.00
60.00
60.00
60.00
60.00
60.00
60.00
60.00
60.00
60.00
60.00
60.00
60.00
60.00
60.00
60.00
60.00
60.00
60.00
60.00
60.00
60.00
60.00
60.00
60.00
60.00
60.00
60.00
60.00
60.00
60.00
60.00
60.00
60.00
60.00
60.00
60.00
60.00
60.00
60.00
60.00
60.00
60.00
60.00
60.00
60.00
60.00
60.00
60.00
60.00
60.00
60.00
60.00

