-0.0058 0.0191 0.0268
-0.0079 0.0010 0.0222
-0.0009 -0.0356 -0.0033
0.0125 -0.0266 -0.0096
0.0160 -0.0163 -0.0081
0.0036 -0.0040 0.0051
-0.0068 -0.0257 0.0047
0.0001 -0.0294 0.0053
0.0189 -0.0041 0.0104
0.0137 0.0050 0.0170
0.0054 -0.0056 0.0254
0.0035 -0.0248 0.0227
0.0180 -0.0191 0.0114
0.0272 -0.0146 -0.0065
0.0166 0.0014 0.0018
0.0115 0.0090 0.0034
0.0096 0.0054 0.0139
0.0139 -0.0037 0.0114
0.0102 -0.0024 0.0057
0.0122 0.0097 0.0110
0.0072 0.0055 0.0068
0.0029 -0.0013 0.0108
0.0050 0.0018 0.0090
0.0037 0.0130 0.0080
0.0031 0.0098 0.0137
-0.0175 0.0233 0.0153
-0.0099 0.0309 0.0175
-0.0018 0.0267 0.0114
0.0113 0.0249 0.0037
-0.0023 0.0229 0.0059
0.0099 0.0388 0.0070
0.0098 0.0344 0.0054
0.0005 0.0086 0.0111
0.0129 0.0112 0.0104
0.0150 0.0434 0.0067
0.0073 0.0501 0.0102
0.0230 0.0696 0.0149
0.0327 0.0738 0.0099
0.0766 0.0661 -0.0325
0.0357 0.0205 0.0018
-0.1414 -0.0194 0.0686
-0.0569 -0.0085 0.0579
0.1538 -0.0207 0.0016
-0.0296 -0.0467 0.0225
-0.0207 -0.0582 0.0223
0.0397 -0.0599 0.0453
0.0191 -0.0665 0.0495
0.0031 -0.0639 0.0359
0.0072 -0.0611 0.0299
-0.0095 -0.0306 0.0148
-0.0139 -0.0289 0.0038
-0.0123 -0.0186 -0.0147
0.0063 -0.0118 -0.0217
0.0189 0.0060 -0.0228
0.0370 0.0227 -0.0132
0.0368 0.0108 -0.0056
0.0306 -0.0008 0.0079
0.0248 -0.0003 0.0171
0.0263 0.0048 0.0179
0.0333 0.0143 0.0166
0.0395 0.0135 0.0272
0.0351 -0.0087 0.0363
0.0158 -0.0377 0.0306
0.0042 -0.0596 0.0199
0.0050 -0.0530 0.0147
0.0286 -0.0206 -0.0015
0.0500 0.0001 -0.0099
0.0467 0.0082 -0.0099
0.0205 0.0055 -0.0059
0.0102 0.0083 -0.0097
0.0178 0.0144 -0.0158
0.0346 0.0221 -0.0233
0.0153 0.0346 -0.0120
-0.0091 0.0463 -0.0048
-0.0521 0.0518 0.0023
-0.0571 0.0305 0.0013
-0.0523 0.0305 0.0027
-0.0348 0.0622 -0.0036
-0.0150 0.1080 -0.0045
-0.0064 0.1431 -0.0017
-0.0192 0.1836 0.0177
-0.0560 0.2185 0.0561
-0.0813 0.2512 0.0753
-0.1256 0.3303 0.1184
-0.1140 0.3797 0.1614
-0.0948 0.4002 0.1841
-0.0896 0.4588 0.2330
-0.1104 0.4891 0.2586
-0.1474 0.5614 0.3211
-0.1737 0.6142 0.3813
-0.1826 0.6850 0.4378
-0.1857 0.7260 0.4605
-0.1895 0.7938 0.5178
-0.1800 0.8365 0.5475
-0.1800 0.9094 0.5752
-0.2105 0.9540 0.6122
-0.2310 0.9772 0.6301
-0.2914 1.0234 0.6625
-0.3788 1.0498 0.6800
-0.4393 1.0421 0.6732
-0.5833 0.9545 0.6448
-0.7394 0.8106 0.6155
-0.7776 0.7639 0.6208
-0.7448 0.7332 0.6806
-0.6270 0.7721 0.7967
-0.5873 0.8224 0.8456
-0.6088 0.8750 0.9003
-0.6558 0.8076 0.9259
-0.6606 0.7223 0.9352
-0.6482 0.5592 0.9403
-0.7074 0.3993 0.9211
-0.7600 0.3178 0.9288
-0.8732 0.1917 0.9347
-0.9644 0.1626 0.9649
-1.0064 0.1972 1.0011
-1.0722 0.4059 1.2905
-1.1311 0.5062 1.6221
-1.1989 0.5523 1.9414
-1.2021 0.5388 1.9192
-1.0997 0.4612 1.7371
-0.7462 0.7207 1.3145
-0.3811 0.5594 1.0094
-0.3473 0.5708 1.0230
-0.4762 0.4402 1.1289
-0.5777 0.5178 1.1902
-0.5598 0.5593 1.2006
-0.3956 0.6545 1.2213
-0.1626 0.6808 1.2295
-0.0484 0.7028 1.2216
0.1245 0.6986 1.1346
0.2292 0.6640 1.0313
0.2675 0.6538 0.9972
0.3304 0.7033 0.9299
0.3514 0.6899 0.8351
0.3195 0.6258 0.7307
0.1602 0.7888 0.4967
0.0505 0.8200 0.4350
-0.2867 0.8132 0.3297
-0.5200 0.4259 0.2822
-0.4330 0.2279 0.3172
-0.3052 0.1237 0.3485
0.0529 0.1969 0.3653
0.2649 0.3133 0.3515
0.6253 0.5295 0.3220
0.7290 0.7869 0.3342
0.5884 1.1442 0.3725
0.4789 1.2854 0.3822
0.3100 1.4766 0.3450
0.1972 1.3324 0.2756
0.1197 1.1016 0.2760
-0.1104 0.4618 0.2805
-0.2252 0.2247 0.2848
-0.3418 0.0088 0.2735
-0.3034 -0.2114 0.2799
-0.2779 -0.2545 0.3076
-0.2923 -0.2771 0.3914
-0.3877 -0.3101 0.5301
-0.4788 -0.3064 0.5988
-0.5874 -0.2094 0.6814
-0.5660 -0.1146 0.7323
-0.5292 -0.1255 0.7251
-0.5412 -0.1705 0.6857
-0.6182 -0.3100 0.5728
-0.6394 -0.4109 0.5453
-0.5306 -0.6304 0.3875
-0.3971 -0.7351 0.2748
-0.0080 -0.5300 0.0079
0.4359 -0.0341 -0.1138
0.7573 0.3953 -0.1794
0.7503 0.6319 -0.1416
0.4241 0.7617 -0.0386
0.0285 0.8234 0.0263
-0.0817 0.8469 0.0854
-0.1170 0.8173 0.1874
-0.0242 0.6782 0.2043
0.0085 0.5574 0.1851
0.0139 0.2697 0.1236
0.0105 0.1006 0.1144
-0.0007 -0.1713 0.1367
-0.1438 -0.2683 0.1625
-0.2905 -0.2218 0.1613
-0.7254 -0.0688 0.0781
-1.0417 0.0186 -0.0785
-1.0438 0.1168 -0.1728
-0.7636 0.4032 -0.3081
-0.3191 0.7540 -0.1536
-0.1449 0.8552 0.0202
0.0029 0.8348 0.3971
-0.0907 0.4832 0.6497
-0.1980 0.1087 0.6659
-0.3595 -0.4734 0.4302
-0.3608 -0.6178 0.0116
-0.3337 -0.6189 -0.1407
-0.1893 -0.4590 -0.1655
0.1061 -0.1502 0.0561
0.2710 -0.0261 0.1883
0.5222 0.0567 0.3916
0.6881 -0.0637 0.4524
0.7837 -0.1143 0.4308
0.9900 -0.0735 0.3207
1.0615 -0.0296 0.2501
1.0709 0.0942 0.0999
0.8703 0.2480 -0.0200
0.6892 0.3113 -0.0633
0.2013 0.3307 -0.1577
-0.3389 0.2735 -0.2458
-0.5764 0.1961 -0.2999
-0.9143 0.0549 -0.4248
-1.0529 -0.1055 -0.5049
-1.0513 -0.2262 -0.5383
-0.9316 -0.3994 -0.5572
-0.6994 -0.5917 -0.5028
-0.5700 -0.6375 -0.4421
-0.3304 -0.5693 -0.2868
-0.1511 -0.5021 -0.1231
-0.0607 -0.4731 -0.0358
0.1591 -0.3765 0.1410
0.3614 -0.4940 0.2732
0.4299 -0.6562 0.2756
0.6207 -0.9880 0.2122
0.9406 -1.2053 0.1499
1.0913 -1.3581 0.1423
1.1503 -1.8424 0.0869
1.0639 -2.1171 -0.0181
0.8840 -2.2598 -0.3618
0.9326 -1.5095 -0.6246
1.0101 -0.4830 -0.6011
0.9492 -0.1571 -0.4826
0.6060 -0.1034 -0.1729
0.3882 -0.3300 -0.0534
0.0121 -0.8673 0.0325
-0.2452 -1.0851 -0.1202
-0.3507 -0.9544 -0.2640
-0.6261 -0.5235 -0.6166
-1.0920 -0.2777 -0.9258
-1.3498 -0.2040 -1.0325
-1.7313 -0.0155 -1.1707
-1.8002 0.2324 -1.2532
-1.7352 0.3668 -1.2485
-1.4750 0.5879 -1.0856
-1.1520 0.6647 -0.7024
-0.9823 0.6449 -0.4612
-0.6140 0.4919 0.0364
-0.1765 0.1954 0.4834
0.0753 0.0764 0.6658
0.5367 -0.0729 0.9317
0.8483 -0.1495 1.0905
0.9451 -0.1400 1.1429
1.0272 -0.0418 1.2141
1.0139 0.0582 1.2391
0.8815 0.2979 1.2732
0.6420 0.4046 1.2510
0.4101 0.3308 1.0997
0.3409 0.2851 0.9651
0.3176 0.2474 0.6554
0.3266 0.4520 0.3484
0.2903 0.5614 0.1973
0.1539 0.6117 -0.0191
0.0116 0.5369 -0.1262
-0.0366 0.4276 -0.1400
-0.0280 0.0226 -0.1445
0.0595 -0.2074 -0.1593
0.4327 -0.2007 -0.1815
0.8613 0.4318 -0.0540
0.9863 0.8213 0.1091
0.8934 1.4048 0.5320
0.3629 1.4155 0.8479
0.0157 1.1890 0.9253
-0.4984 0.4883 0.9173
-0.4857 0.1158 0.6943
-0.3172 0.0894 0.5592
0.0622 0.1042 0.4181
0.2541 0.0758 0.5157
0.2794 0.0776 0.5972
0.3226 0.1686 0.7780
0.3964 0.3400 0.9976
0.4369 0.4398 1.0920
0.4488 0.5866 1.1944
0.4137 0.6364 1.1983
0.2319 0.7398 1.1184
-0.0354 0.8507 0.9092
-0.3017 1.0832 0.5932
-0.4234 1.2501 0.4172
-0.5966 1.5635 0.0960
-0.6360 1.6268 -0.0258
-0.6193 1.5092 -0.1846
-0.5231 1.1396 -0.2769
-0.4618 0.9261 -0.3039
-0.3187 0.5321 -0.3615
-0.2077 0.0207 -0.4542
-0.1617 -0.2888 -0.5100
-0.0275 -0.7545 -0.6063
0.1942 -0.8578 -0.5358
0.2736 -0.7554 -0.4456
0.2226 -0.5532 -0.2720
0.0499 -0.3571 -0.1337
-0.0084 -0.2461 -0.0826
-0.1129 -0.2213 -0.0938
-0.2882 -0.6240 -0.3608
-0.3471 -0.9034 -0.5956
0.0622 -1.1470 -1.2370
0.3300 -1.0401 -1.3142
0.5724 -0.8895 -1.2828
0.9501 -0.5998 -0.8732
1.0381 -0.5539 -0.6176
0.9000 -0.8341 -0.3289
0.4811 -1.3108 -0.3919
-0.0315 -1.4280 -0.7873
-0.2848 -1.2464 -1.1094
-0.8213 -0.5115 -1.9876
-1.0628 -0.1606 -2.4629
-1.3441 0.2025 -3.2679
-1.3341 0.5608 -3.7869
-1.2750 0.7636 -3.8022
-1.1935 0.9899 -3.3892
-1.2195 0.7844 -2.6683
-1.2574 0.6279 -2.2259
-1.3060 0.2317 -1.2849
-1.1850 -0.1354 -0.6059
-1.0214 -0.2144 -0.4051
-0.5297 -0.2090 -0.1674
0.0316 -0.1676 0.0240
0.2757 -0.1660 0.1464
0.6437 -0.1876 0.4635
0.8496 -0.2388 0.7878
0.9105 -0.2130 0.9054
0.9563 -0.0531 1.0135
0.8302 0.0140 0.9384
0.6880 -0.0233 0.8580
0.3823 -0.1442 0.6244
0.2067 -0.1992 0.3844
0.1730 -0.1900 0.2930
0.1008 -0.2018 0.1265
0.0550 -0.2169 0.0600
-0.0025 -0.2938 -0.0012
0.0974 -0.4040 0.0401
0.3650 -0.3522 0.1376
0.5251 -0.1981 0.2146
0.7646 0.2247 0.4555
0.8275 0.6180 0.8101
0.7983 0.7338 1.0180
0.6117 0.6620 1.3671
0.2709 0.0330 1.5642
0.1306 -0.3737 1.6185
0.2310 -1.0520 1.6962
0.6223 -1.1598 1.6341
1.0598 -0.5562 1.4803
1.1704 -0.1545 1.3710
1.0860 0.5911 1.2570
0.9652 0.9444 1.2583
0.7573 1.4941 1.3183
0.6827 1.6894 1.3851
0.6911 1.6639 1.4067
0.7622 1.5789 1.4289
0.7216 1.1666 1.4174
0.5971 1.0007 1.4257
0.2266 0.7719 1.4092
-0.1733 0.6660 1.1827
-0.3553 0.6571 1.0452
-0.5527 0.7026 0.8660
-0.5398 0.7128 0.7831
-0.5088 0.7482 0.7644
-0.3586 1.2450 0.7099
-0.2314 1.4310 0.6135
-0.2829 1.3636 0.5566
-0.5286 1.1678 0.3943
-0.5948 1.0412 0.2477
-0.5167 0.9855 0.2082
-0.2996 0.7688 0.1314
-0.1201 0.3599 -0.0121
-0.0553 0.1154 -0.1018
0.0166 -0.0732 -0.3146
-0.1736 -0.0728 -0.7730
-0.2680 -0.0861 -1.1318
-0.0383 -0.2178 -1.8469
0.2806 -0.2507 -2.0898
0.9710 -0.1429 -2.1614
1.2578 -0.0761 -1.6462
1.1794 -0.1448 -1.2601
0.7333 -0.4972 -0.5181
0.1751 -1.1480 -0.0725
-0.0470 -1.4705 -0.0116
-0.2167 -1.8280 -0.1593
0.0413 -1.5874 -0.5932
0.1309 -0.9990 -0.6458
-0.1136 -0.2657 -0.4572
-0.3449 0.1882 -0.3366
-0.7932 1.0868 -0.1247
-0.9975 1.5880 0.1157
-1.0306 1.6499 0.2656
-1.0573 1.4695 0.5995
-1.0305 1.0897 0.9586
-0.9965 0.8948 1.1372
-0.9200 0.6042 1.4694
-0.8097 0.4471 1.7878
-0.7430 0.4447 1.9395
-0.5739 0.4946 2.2817
-0.3599 0.6300 2.7017
-0.2278 0.7045 2.9321
0.0541 0.7505 3.4057
0.2966 0.5462 3.8287
0.4111 0.3248 4.0192
0.6027 -0.0613 4.3880
0.6375 -0.1279 4.5142
0.6460 -0.0247 4.4614
0.7580 0.0493 3.6616
0.7887 0.1443 3.3396
0.7089 0.4446 2.9155
0.7140 0.5510 2.7216
0.7688 0.4629 2.7214
0.8915 0.1958 2.7886
0.9499 -0.0281 2.8604
0.9156 -0.1138 2.8688
0.7597 -0.2371 2.7367
0.5911 -0.3275 2.4009
0.5422 -0.4377 2.1804
0.5881 -0.7658 1.7406
0.8830 -0.9046 1.4389
1.0305 -0.7628 1.3548
1.1687 -0.1079 1.2755
1.0733 0.6889 1.2053
0.9669 1.0522 1.1532
0.7520 1.6273 1.0215
0.6835 1.8862 0.9078
0.7093 1.8758 0.8718
0.5932 1.7169 0.9288
0.4933 1.7135 0.9444
0.2558 1.7488 0.9523
0.1404 1.7881 0.9337
-0.0367 1.9188 0.8595
-0.2440 2.1260 0.7360
-0.3958 2.2529 0.6646
-0.7100 2.5083 0.5540
-0.9563 2.6052 0.5337
-1.0352 2.5793 0.5679
-1.0876 2.3496 0.7140
-0.9408 2.0917 0.9646
-0.8198 1.9830 1.1119
-0.5693 1.8401 1.4822
-0.4304 1.7046 1.9033
-0.3954 1.5932 2.1081
-0.3183 1.2452 2.4426
-0.1873 0.7771 2.6300
-0.1285 0.5525 2.6675
-0.0516 0.2372 2.6389
-0.0576 0.1480 2.5014
-0.0937 0.1656 2.4172
-0.1803 0.2466 2.2248
-0.2691 0.2749 2.0595
-0.3219 0.2460 1.9898
-0.4388 0.1706 1.8555
-0.5113 0.0327 1.6511
-0.5229 -0.0675 1.5050
-0.5157 -0.2047 1.0916
-0.3619 0.0087 0.6130
-0.2355 0.2924 0.4075
-0.0567 1.0112 0.1828
-0.0475 1.3592 0.2022
-0.1829 1.8646 0.4423
-0.3898 1.8036 0.8078
-0.4415 1.5729 1.0054
-0.3904 0.9382 1.2679
-0.2784 0.4101 1.2445
-0.2237 0.2824 1.1562
-0.1310 0.3642 0.9270
-0.1158 0.7101 0.7810
-0.1432 0.9050 0.7572
-0.2749 1.1097 0.7724
-0.3500 1.0162 0.7804
-0.3302 0.8565 0.7597
-0.1960 0.4222 0.7129
-0.0510 0.1066 0.6724
0.0140 0.0173 0.6369
0.0272 0.0379 0.6219
0.0379 0.1015 0.5763
0.0330 0.1454 0.5442
0.0188 0.1974 0.4468
0.0054 0.2370 0.3091
-0.0125 0.2409 0.2312
-0.0425 0.3034 0.0641
-0.1032 0.4843 -0.1505
-0.1362 0.5304 -0.1896
-0.1543 0.4494 -0.1538
-0.1440 0.3736 -0.1234
-0.0946 0.1808 -0.0579
-0.0732 0.0876 -0.0162
0.0169 -0.1324 0.0956
0.1676 -0.3816 0.2295
0.2510 -0.4903 0.3091
0.4285 -0.6235 0.4830
0.5629 -0.6339 0.6517
0.5680 -0.6312 0.6969
0.4535 -0.6407 0.6879
0.3543 -0.7149 0.6275
0.4118 -0.7150 0.6199
0.6891 -0.4254 0.6953
0.8919 0.3087 0.8716
0.8838 0.6994 0.9791
0.6966 1.2081 1.1774
0.3990 1.2535 1.3416
0.2179 1.1283 1.3829
-0.1343 0.5739 1.4086
-0.3718 -0.0695 1.2620
-0.3170 -0.2589 1.1723
0.0891 -0.2243 0.9887
0.4484 0.2531 0.9386
0.4739 0.4987 0.9840
0.3244 0.8336 1.1370
0.3157 0.8421 1.1978
0.4332 0.7793 1.1704
0.6857 0.6124 1.0710
0.7678 0.5344 1.0377
0.7942 0.4049 0.9977
0.5039 0.3331 0.8764
0.5039 0.3331 0.8764
0.3018 0.0891 0.5466
0.2839 0.0231 0.4409
0.1604 0.0479 0.2447
-0.0124 0.2212 0.0787
-0.0913 0.2457 0.0143
-0.2476 0.0902 -0.0861
-0.4277 -0.1928 -0.2025
-0.4981 -0.3427 -0.2657
-0.5621 -0.5335 -0.3407
-0.5360 -0.5731 -0.3631
-0.5503 -0.5648 -0.3780
-0.6162 -0.5291 -0.4222
-0.6068 -0.5883 -0.4980
-0.6272 -0.6069 -0.5877
-0.7717 -0.5047 -0.8586
-0.6091 -0.1307 -1.0466
-0.3567 0.1050 -1.0631
0.1251 0.5443 -0.9487
0.2411 0.6985 -0.7108
0.2293 0.5847 -0.6043
0.1057 0.0759 -0.4112
0.0222 -0.3348 -0.3546
-0.1673 -0.8984 -0.5230
-0.2678 -0.7634 -0.7481
-0.3695 -0.3342 -0.9242
-0.5201 0.0665 -1.0860
-0.4577 0.4096 -1.3411
-0.4354 0.5032 -1.3519
-0.3363 0.5324 -1.3136
-0.2140 0.4438 -1.1272
-0.1643 0.4212 -0.9956
-0.1564 0.4134 -0.6908
-0.1898 0.3658 -0.3727
-0.2073 0.2772 -0.2354
-0.1632 0.0111 -0.0128
0.0013 -0.1802 0.1725
0.0865 -0.1605 0.2849
0.2007 -0.1917 0.4138
0.2608 -0.2075 0.4775
0.3859 -0.2451 0.6076
0.4322 -0.2809 0.6986
0.4182 -0.2691 0.7314
0.3350 -0.2512 0.7282
0.2946 -0.1653 0.6925
0.2755 -0.0662 0.6869
0.1056 0.0749 0.6794
-0.1013 0.0052 0.6144
-0.1098 -0.0762 0.5697
0.1030 -0.2252 0.4927
0.2970 -0.1645 0.4773
0.7198 0.3115 0.5159
0.8973 0.8852 0.6239
0.8370 1.1428 0.6715
0.4787 1.4355 0.7223
-0.0550 1.1869 0.7070
-0.3049 0.8849 0.6756
-0.6596 0.1225 0.5790
-0.6165 -0.4437 0.4881
-0.4447 -0.5721 0.4767
-0.0558 -0.4074 0.5458
0.1964 0.1083 0.7062
0.2557 0.3380 0.7828
0.2889 0.6581 0.8638
0.3338 0.7371 0.7980
0.3849 0.7130 0.7409
0.4521 0.5821 0.6323
0.3321 0.5217 0.4966
0.1431 0.5311 0.3503
0.0678 0.6077 0.2224
-0.0519 0.6197 -0.0431
-0.1979 0.7256 -0.3670
-0.2166 0.8183 -0.4557
-0.2454 0.8882 -0.4736
-0.4201 0.9672 -0.4871
-0.5321 0.9351 -0.5036
-0.7213 0.7047 -0.5487
-0.8095 0.2406 -0.6067
-0.8408 -0.0267 -0.6142
-0.9712 -0.4137 -0.6434
-1.1469 -0.4640 -0.7014
-1.1745 -0.3453 -0.6925
-1.2194 -0.0614 -0.6622
-1.3241 0.0176 -0.8059
-1.3026 -0.0626 -0.9377
-0.8620 -0.4183 -1.0512
0.0269 -0.7350 -0.7998
0.4532 -0.8856 -0.5556
0.8980 -1.2284 0.0113
0.7896 -1.5439 0.3305
0.6539 -1.6931 0.3190
0.4898 -1.8816 0.0028
0.5265 -1.7265 -0.4960
0.5560 -1.4953 -0.7163
0.5016 -0.9284 -1.0224
0.2567 -0.3439 -1.1362
0.0890 -0.1061 -1.1417
-0.2024 0.2444 -1.0746
-0.3506 0.4348 -0.9547
-0.3804 0.4585 -0.8783
-0.3901 0.4298 -0.6995
-0.3910 0.3716 -0.4896
-0.4152 0.3443 -0.3824
-0.4848 0.3554 -0.1764
-0.4945 0.3822 -0.0764
-0.4157 0.3542 0.1345
-0.2220 0.2150 0.3594
-0.1115 0.1345 0.4700
0.0915 0.0193 0.6695
0.2383 0.0237 0.8785
0.3624 -0.0205 1.0780
0.3956 -0.0401 1.1467
0.3570 -0.0392 1.1564
0.1753 0.2074 1.0027
-0.0819 0.3748 0.8380
-0.3324 0.3734 0.7144
-0.8361 0.3236 0.4227
-0.9245 0.1799 0.1692
-0.7825 0.0729 0.0575
-0.2937 0.1007 -0.1075
0.1573 0.3217 0.0029
0.2859 0.5331 0.2133
0.1893 0.9929 0.6383
-0.5259 1.2478 1.1724
-1.0241 1.2675 1.3821
-1.7030 0.9799 1.4219
-1.5803 0.4570 1.2362
-1.1310 0.3437 1.1704
0.0425 0.4380 0.9715
0.4681 0.4946 0.8671
0.8691 0.1841 0.8864
0.8498 -0.1239 1.1084
0.7529 -0.1713 1.2317
0.5610 -0.0608 1.4915
0.5578 0.1375 1.6405
0.6346 0.2144 1.6639
0.8607 0.3549 1.6672
1.0923 0.4473 1.5656
1.1952 0.4586 1.4687
1.3455 0.3907 1.2376
1.3714 0.2828 0.9631
1.2752 0.2253 0.8039
0.3531 0.3441 0.4064
-0.4103 0.3831 0.1440
-0.6262 0.4073 0.0469
-0.7165 0.5325 -0.0483
-0.6920 0.4560 -0.0687
-0.7458 0.2913 -0.0634
-0.8857 -0.2790 0.0131
-1.0770 -0.4087 -0.0070
-1.2867 -0.3783 -0.1324
-1.7515 -0.4980 -0.5744
-1.6253 -0.8778 -1.0161
-1.2316 -0.7269 -1.0968
-0.2103 0.2073 -0.6793
0.2562 0.8266 0.3672
0.1676 0.6078 0.9164
-0.1983 -0.5382 1.6486
-0.3001 -1.1669 1.6975
0.0789 -1.8180 0.3879
0.2244 -1.5352 0.0579
0.3850 -0.8277 -0.2232
0.2981 -0.0973 -0.0743
0.1914 0.1268 0.0981
0.0201 0.1865 0.5017
0.0505 -0.0463 0.8020
0.1722 -0.1603 0.8923
0.5105 -0.3423 1.0104
0.7333 -0.6093 1.1159
0.8117 -0.7181 1.1973
1.0041 -0.8901 1.4372
1.2329 -0.8403 1.6106
1.3280 -0.7582 1.6389
1.4715 -0.4817 1.6369
1.4616 0.0084 1.6657
1.3481 0.2305 1.6835
0.9853 0.5248 1.6699
0.6337 0.5991 1.5631
0.5043 0.5514 1.4823
0.3487 0.4348 1.3249
0.2699 0.3476 1.2326
0.2684 0.3933 1.2051
0.3716 0.7500 1.2347
0.4496 0.9878 1.2976
0.5420 1.2579 1.4917
0.5123 1.2618 1.6843
0.4721 1.1958 1.7526
0.3924 1.0711 1.8050
0.3195 1.0533 1.7869
0.2877 1.0487 1.7665
0.2085 0.9230 1.6672
0.0637 0.5429 1.5288
-0.0181 0.2523 1.4494
-0.0397 -0.1449 1.2834
0.2643 0.0849 1.1660
0.4522 0.4067 1.1482
0.5622 0.9844 1.1972
0.2265 0.9987 1.2519
0.0299 0.8834 1.2303
-0.1501 0.6464 1.0488
-0.1040 0.4594 0.7627
-0.0688 0.4291 0.6182
-0.0486 0.4653 0.4302
-0.1160 0.5704 0.4408
-0.1662 0.6197 0.4931
-0.2050 0.6914 0.6089
-0.1499 0.6392 0.6624
-0.1146 0.5687 0.6650
-0.0916 0.3856 0.6208
-0.1419 0.2232 0.5253
-0.1707 0.1906 0.4747
-0.1670 0.1731 0.3774
-0.1561 0.1560 0.3258
-0.1887 0.0548 0.2301
-0.2867 -0.1896 0.1028
-0.3424 -0.3574 0.0082
-0.3916 -0.6646 -0.2037
-0.2472 -0.6310 -0.3485
-0.1108 -0.4837 -0.3822
0.1294 -0.2301 -0.2942
0.1585 -0.2448 -0.0776
0.1098 -0.3272 0.0235
0.0713 -0.3145 0.1918
0.1836 0.0306 0.3281
0.2697 0.2223 0.4020
0.3719 0.4741 0.6213
0.3138 0.4446 0.8324
0.2604 0.3101 0.8854
0.2207 -0.0376 0.8646
0.3466 -0.0744 0.7361
0.4118 0.0293 0.6393
0.5030 0.3543 0.4736
0.5917 0.7092 0.4574
0.6384 0.8144 0.5072
0.7338 0.9094 0.6773
0.7865 0.7955 0.7887
0.7776 0.7461 0.7899
0.7431 0.8361 0.7331
0.7255 0.9558 0.6936
0.6149 1.0749 0.6631
0.4788 0.9502 0.7192
0.4139 0.7926 0.7903
0.4403 0.7381 0.8062
0.6489 0.7701 0.8375
0.7989 0.8225 0.8499
1.0670 0.7972 0.8633
1.1926 0.6300 0.8746
1.2056 0.5404 0.8516
1.1843 0.3845 0.7103
1.0839 0.4347 0.5052
0.9878 0.4604 0.4225
0.7666 0.3885 0.3310
0.5987 0.2555 0.2875
0.5666 0.2025 0.2567
0.6259 0.3413 0.1868
0.6890 0.7290 0.1623
0.6532 0.8543 0.1989
0.4319 0.8317 0.3419
0.1480 0.5547 0.4624
0.0619 0.3394 0.4612
0.2279 0.3231 0.2565
0.4673 0.3845 0.1082
0.5347 0.4049 0.0764
0.5083 0.2850 0.0626
0.3818 -0.0115 0.0773
0.3358 -0.1533 0.0783
0.2439 -0.2771 0.0805
0.2067 -0.2197 0.0883
0.1818 -0.0636 0.1140
0.1842 0.0254 0.1635
0.1705 0.0387 0.1874
0.1286 -0.0131 0.1889
0.1272 -0.0449 0.1079
0.1380 -0.0113 0.0647
0.1477 0.1253 0.0194
0.0876 0.1017 0.0410
0.0671 0.0943 0.0753
0.0518 0.0760 0.1071
0.0921 0.0459 0.0829
0.1176 0.0417 0.0668
0.1311 0.1000 0.0325
0.0988 0.1506 0.0403
0.0780 0.1559 0.0449
0.0456 0.1271 0.0403
0.0157 0.1049 0.0239
0.0040 0.0925 0.0135
-0.0116 0.0928 -0.0081
-0.0092 0.1201 -0.0286
-0.0119 0.1009 -0.0404
-0.0317 0.0300 -0.0464
-0.0581 0.0082 -0.0439
-0.0663 0.0096 -0.0498
-0.0704 0.0386 -0.0723
-0.0258 0.0499 -0.0425
-0.0072 0.0519 -0.0271
0.0043 0.0331 -0.0114
0.0074 0.0152 0.0005
-0.0331 -0.0568 0.0027
-0.0627 -0.0615 -0.0088
-0.0694 -0.0462 -0.0090
-0.0575 -0.0199 -0.0033
-0.0468 0.0087 -0.0147
-0.0525 -0.0064 -0.0126
-0.0429 0.0189 0.0310
-0.0352 -0.0273 0.0148
-0.0253 -0.0478 0.0172
-0.0029 -0.0822 0.0158
0.0244 -0.0655 -0.0077
0.0480 -0.0455 -0.0174
0.1096 -0.0223 -0.0277
0.1394 -0.0062 -0.0209
0.1286 0.0031 -0.0216
0.0984 0.0087 -0.0159
0.1125 -0.0071 -0.0076
0.1318 -0.0115 -0.0047
0.1461 0.0049 -0.0186
0.1097 0.0327 -0.0001
0.0915 0.0365 0.0111
0.0752 0.0484 0.0218
0.0813 0.0546 0.0280
0.0714 0.0539 0.0346
0.0494 0.0671 0.0439
0.0378 0.0596 0.0447
0.0271 0.0108 0.0469
0.0154 -0.0037 0.0394
0.0087 0.0039 0.0399
-0.0040 -0.0154 0.0347
-0.0229 -0.0392 0.0055
-0.0173 -0.0152 0.0230
0.0099 -0.0252 -0.0121
0.0317 0.0125 -0.0199
0.0283 0.0074 -0.0083
0.0111 0.0244 -0.0244
0.0136 0.0288 -0.0206
0.0188 0.0253 -0.0128
0.0348 0.0223 -0.0024
0.0418 0.0234 0.0129
0.0510 0.0248 0.0239
0.0590 0.0478 0.0382
0.0531 0.0300 0.0364
0.0539 0.0131 0.0331
0.0611 -0.0067 0.0243
0.0667 -0.0105 0.0014
0.0709 -0.0086 -0.0052
0.0844 -0.0098 -0.0201
0.0943 -0.0061 -0.0090
0.0876 -0.0105 -0.0025
0.0542 0.0060 -0.0033
0.0494 0.0256 0.0035
0.0577 0.0376 0.0189
0.0458 0.0013 0.0199
0.0452 -0.0119 0.0134
0.0703 -0.0200 0.0048
0.1026 0.0257 0.0056
0.0909 0.0428 0.0137
0.0413 0.0411 0.0312
0.0295 -0.0023 0.0225
0.0500 -0.0147 0.0206
0.0717 -0.0278 0.0220
0.0328 -0.0279 0.0174
0.0149 -0.0184 0.0141
0.0119 -0.0117 0.0094
0.0310 0.0051 0.0170
0.0411 0.0052 0.0094
0.0394 0.0040 -0.0026
0.0281 0.0027 -0.0085
0.0240 0.0130 -0.0107
0.0236 0.0178 -0.0080
0.0281 -0.0036 0.0012
0.0378 -0.0061 0.0023
0.0441 0.0008 -0.0004
0.0260 -0.0026 0.0076
0.0283 -0.0064 0.0052
0.0570 -0.0029 -0.0072
0.0877 0.0299 -0.0049
0.0808 0.0404 0.0005
0.0481 0.0269 0.0076
0.0404 0.0239 0.0088
0.0533 0.0183 0.0015
0.0474 0.0316 0.0026
0.0423 0.0368 -0.0005
0.0430 0.0326 -0.0028
0.0397 0.0053 -0.0068
0.0347 -0.0020 -0.0074
0.0342 0.0098 -0.0015
0.0422 0.0244 -0.0123
0.0426 0.0327 -0.0154
0.0327 0.0139 -0.0136
0.0181 -0.0027 -0.0073
0.0250 -0.0049 -0.0035
0.0420 -0.0044 0.0055
0.0444 0.0312 0.0135
0.0365 0.0485 0.0173
0.0261 0.0316 0.0213
0.0337 0.0101 0.0157
0.0400 0.0154 0.0116
0.0388 0.0172 0.0043
0.0163 0.0010 0.0004
0.0059 -0.0076 -0.0056
0.0106 -0.0137 -0.0101
0.0234 -0.0184 -0.0066
0.0319 -0.0140 -0.0009
0.0385 0.0048 -0.0063
0.0231 0.0231 -0.0051
0.0174 0.0172 0.0006
0.0184 -0.0143 0.0051
0.0297 -0.0158 0.0005
0.0440 -0.0178 -0.0068
0.0139 -0.0082 0.0025
0.0085 -0.0057 0.0088
0.0275 -0.0024 0.0103
0.0481 -0.0223 0.0067
0.0450 -0.0241 0.0052
0.0339 -0.0101 0.0125
0.0254 -0.0024 0.0153
0.0283 0.0011 0.0132
0.0387 -0.0088 0.0083
0.0515 -0.0139 -0.0043
0.0577 -0.0030 -0.0078
0.0561 0.0154 -0.0003
0.0504 0.0162 0.0022
0.0451 0.0056 0.0011
0.0353 -0.0023 -0.0020
0.0374 0.0148 -0.0075
0.0350 0.0118 -0.0081
0.0399 -0.0036 -0.0034
0.0388 0.0018 -0.0064
0.0245 0.0084 -0.0032
0.0236 0.0104 0.0039
0.0397 -0.0022 -0.0012
0.0404 -0.0125 -0.0017
0.0276 -0.0072 -0.0090
0.0185 0.0044 -0.0074
0.0180 0.0186 -0.0009
0.0261 0.0317 0.0039
0.0323 0.0318 0.0043
0.0388 0.0339 0.0032
0.0359 0.0298 -0.0003
0.0268 0.0210 -0.0010
0.0126 0.0130 0.0099
0.0153 0.0275 0.0152
0.0234 0.0298 0.0116
0.0351 0.0380 0.0152
0.0166 0.0289 0.0209
0.0093 0.0208 0.0265
0.0073 -0.0008 0.0221
0.0175 0.0051 0.0149
0.0330 -0.0179 0.0144
0.0867 -0.0327 -0.0033
0.0890 0.0051 -0.0182
0.0675 0.0264 -0.0250
0.0199 0.0698 -0.0181
-0.0182 0.1124 -0.0076
-0.0325 0.1076 0.0006
-0.0565 0.0045 0.0272
-0.0245 -0.0405 0.0276
0.0088 -0.0442 0.0227
0.0602 0.0105 0.0050
0.0461 0.0468 0.0076
0.0273 0.0402 0.0085
0.0032 0.0049 0.0050
0.0005 -0.0146 0.0021
0.0057 -0.0273 -0.0087
0.0081 -0.0346 -0.0062
0.0132 -0.0219 -0.0060
0.0195 0.0101 -0.0159
0.0179 0.0107 -0.0060
0.0226 0.0154 -0.0020
0.0352 0.0211 0.0042
0.0247 0.0198 0.0107
0.0123 0.0128 0.0113
0.0164 0.0033 0.0100
0.0271 -0.0003 0.0013
0.0188 -0.0031 0.0043
-0.0034 0.0001 0.0137
0.0072 0.0177 0.0140
0.0149 0.0165 0.0119
0.0401 0.0092 0.0006
0.0364 0.0138 -0.0144
0.0217 0.0153 -0.0140
-0.0082 0.0110 -0.0090
-0.0018 0.0080 -0.0031
0.0095 0.0156 0.0046
0.0295 0.0129 0.0097
0.0129 0.0107 0.0123
-0.0014 0.0136 0.0123
-0.0201 0.0141 0.0116
-0.0152 -0.0080 0.0114
-0.0034 -0.0109 0.0104
0.0174 0.0015 0.0152
0.0222 0.0100 0.0132
0.0043 0.0148 0.0125
-0.0046 0.0072 0.0087
0.0031 0.0023 0.0063
0.0243 0.0041 0.0003
0.0067 0.0076 0.0090
-0.0023 0.0102 0.0103
0.0150 0.0118 0.0022
0.0244 -0.0064 -0.0029
0.0202 -0.0047 -0.0019
0.0039 0.0043 0.0042
0.0174 -0.0047 0.0076
0.0236 -0.0070 0.0087
0.0263 -0.0019 0.0009
0.0156 -0.0065 -0.0014
0.0052 -0.0177 -0.0005
-0.0021 -0.0302 0.0024
0.0032 -0.0148 -0.0121
0.0139 -0.0033 -0.0188
0.0075 -0.0034 -0.0203
-0.0074 0.0072 -0.0144
-0.0090 -0.0019 -0.0123
-0.0046 -0.0442 -0.0052
0.0024 -0.0601 0.0026
0.0088 -0.0429 0.0103
0.0226 0.0023 0.0216
0.0268 0.0131 0.0282
0.0286 0.0114 0.0313
-0.0073 -0.0449 0.0221
-0.0247 -0.0680 0.0187
0.0731 -0.1384 -0.0045
0.1352 0.0034 -0.0324
0.1079 0.0627 -0.0219
0.0165 0.0762 -0.0072
-0.0187 0.0653 0.0136
-0.0077 0.0557 0.0174
-0.0041 0.0104 0.0236
-0.0192 -0.0145 0.0321
-0.0061 0.0138 0.0315
0.0312 0.0664 0.0216
0.0498 0.0540 0.0012
0.0465 0.0372 -0.0016
0.0128 0.0023 -0.0071
-0.0104 -0.0131 -0.0063
0.0010 -0.0076 -0.0082
0.0437 0.0192 -0.0202
0.0607 0.0295 -0.0202
0.0554 0.0310 -0.0120
0.0272 0.0163 -0.0090
0.0319 0.0035 -0.0003
0.0344 0.0017 0.0038
0.0251 0.0014 0.0136
0.0184 0.0011 0.0158
0.0187 -0.0011 0.0136
0.0216 -0.0070 0.0077
0.0197 -0.0089 0.0076
0.0192 -0.0064 0.0025
0.0190 -0.0025 -0.0002
0.0162 -0.0007 -0.0073
0.0045 0.0158 -0.0021
0.0118 0.0043 -0.0086
0.0170 -0.0096 -0.0104
0.0128 -0.0263 -0.0043
0.0129 -0.0006 -0.0057
0.0144 0.0142 0.0004
0.0244 0.0202 0.0154
0.0265 0.0119 0.0171
0.0227 0.0021 0.0186
0.0179 0.0089 0.0197
0.0209 0.0392 0.0253
0.0213 0.0537 0.0237
0.0231 0.0620 0.0126
0.0513 0.1518 -0.0119
0.0890 0.1245 -0.0449
0.0583 -0.0130 -0.0002
-0.0970 -0.0546 0.0511
-0.1739 -0.0346 0.0597
-0.0587 0.0085 0.0345

