0.0342 -0.0733 0.0369
0.0259 -0.0832 0.0418
0.0163 -0.0821 0.0315
0.0111 -0.0463 0.0014
0.0119 -0.0357 -0.0096
0.0069 0.0078 -0.0155
-0.0242 -0.0382 0.0180
-0.0154 -0.0400 0.0284
0.0213 0.0035 0.0102
0.0466 0.0437 0.0217
0.0325 0.0618 0.0178
-0.0429 0.0678 0.0136
-0.0641 0.0139 0.0067
-0.0607 0.0035 0.0086
-0.0893 0.0199 0.0094
-0.1052 0.0381 0.0280
-0.0759 0.0453 0.0301
0.0043 0.0324 -0.0034
0.0258 0.0391 -0.0315
0.0101 0.0314 -0.0278
-0.0357 -0.0026 0.0000
-0.0394 -0.0254 0.0225
-0.0167 -0.0232 0.0216
0.0542 0.0166 0.0118
0.0385 0.0472 0.0038
0.0006 0.0362 0.0143
-0.0448 0.0099 0.0287
-0.0257 -0.0181 0.0228
0.0347 -0.0378 -0.0054
0.0263 -0.0127 -0.0035
-0.0018 -0.0001 0.0138
-0.0010 0.0358 0.0284
0.0550 0.0588 0.0195
0.0494 0.0694 0.0097
-0.0141 0.0555 0.0054
-0.0569 0.0051 0.0126
-0.0527 -0.0255 0.0222
-0.0204 -0.0370 0.0479
-0.0111 0.0064 0.0542
-0.0192 0.0178 0.0437
-0.0383 0.0443 0.0138
-0.0075 0.0279 0.0027
0.0236 0.0213 0.0054
0.0478 -0.0066 0.0221
0.0183 0.0087 0.0206
-0.0083 0.0334 0.0290
-0.0057 0.0719 0.0355
0.1780 0.1665 -0.0784
0.1689 0.1152 -0.0755
0.0592 -0.0348 0.0120
-0.0682 -0.0521 0.0583
-0.0796 -0.0135 0.0527
-0.0414 0.0580 0.0538
0.0183 0.0854 0.0196
0.0565 0.1163 -0.0303
0.0078 -0.0110 0.0050
0.0563 0.0090 0.0031
0.0588 0.0015 -0.0104
0.0371 0.0148 0.0139
0.0315 0.0440 0.0035
0.0386 0.0496 0.0025
0.0531 0.0113 0.0037
0.0349 -0.0195 0.0082
0.0344 -0.0135 0.0044
0.0754 -0.0051 0.0129
0.1035 0.0533 0.0067
0.0640 0.0587 0.0001
-0.0457 0.0311 0.0188
-0.0782 -0.0201 0.0374
-0.0675 -0.0279 0.0399
-0.0038 -0.0137 0.0371
0.0756 0.0360 0.0287
0.0951 0.0507 0.0238
0.0450 0.0723 0.0168
-0.0107 0.0618 0.0255
-0.0818 0.0464 0.0368
-0.0807 0.0554 0.0239
-0.0611 0.0573 0.0109
-0.0182 0.0318 0.0012
0.0120 0.0423 -0.0123
0.0182 0.0532 -0.0110
0.0278 0.1067 -0.0070
-0.0079 0.1347 -0.0114
-0.0587 0.1251 0.0089
-0.1101 0.0918 0.0550
-0.0710 0.1083 0.0502
-0.0530 0.1368 0.0450
-0.0705 0.1643 0.0691
-0.1204 0.1771 0.0944
-0.1373 0.1973 0.1021
-0.1483 0.2593 0.1403
-0.1469 0.3563 0.1873
-0.1514 0.4187 0.2200
-0.1930 0.5641 0.2858
-0.2698 0.7481 0.3769
-0.2900 0.8412 0.4089
-0.2928 0.9956 0.4590
-0.2929 1.0676 0.5599
-0.2794 1.0999 0.6083
-0.1740 1.1619 0.6593
-0.0319 1.3162 0.6568
-0.0179 1.3911 0.6339
-0.1587 1.4822 0.6067
-0.2953 1.4867 0.6151
-0.5826 1.3626 0.6439
-0.7183 0.9963 0.6718
-0.7305 0.8267 0.6948
-0.6831 0.5785 0.7851
-0.4969 0.4831 0.9373
-0.3878 0.4720 1.0102
-0.2997 0.4280 1.1280
-0.4852 0.2067 1.2135
-0.6261 0.0864 1.2605
-0.6885 -0.1303 1.3365
-0.4493 -0.2202 1.4085
-0.3078 -0.1947 1.3869
-0.1211 -0.0290 1.3125
-0.0782 0.0564 1.3215
-0.0687 0.0116 1.3045
-0.1078 -0.1970 1.2786
-0.3049 -0.5456 1.1082
-0.2740 -0.6220 0.9669
0.1029 0.9572 1.3650
0.6567 1.0436 1.3639
0.7718 1.1558 1.2506
0.7172 0.5145 0.9569
0.5075 0.5627 0.7672
0.4361 0.7484 0.7489
0.3743 1.3185 0.8269
0.3244 1.5812 0.8772
0.1129 1.9003 0.9375
-0.1512 1.8520 1.0164
-0.6220 1.4645 1.2642
-0.9392 1.4246 1.4101
-1.2576 1.2324 1.6767
-1.1980 1.0640 1.6244
-1.0736 0.9072 1.5331
-0.8796 0.4469 1.2001
-0.8074 0.1718 1.0422
-0.6616 -0.1549 0.8446
-0.4078 0.3220 0.7420
-0.1639 0.7542 0.6023
0.3476 1.5006 0.1674
0.4758 1.9724 0.1456
0.3702 1.9706 0.2148
0.0654 1.7814 0.3458
-0.1867 1.4989 0.4511
-0.2427 1.4232 0.5135
-0.2325 1.2900 0.6632
-0.1636 0.8604 0.8428
-0.0877 0.5248 0.8992
0.1552 0.0192 0.8720
0.4089 -0.3871 0.6571
0.4745 -0.5460 0.5241
0.4186 -0.4586 0.2984
0.2040 -0.2099 0.2069
0.0615 -0.1517 0.2184
-0.1045 -0.0977 0.3435
-0.0957 0.0001 0.3695
0.0141 0.1105 0.3017
0.1703 0.1818 0.1561
0.2147 0.2286 0.0905
0.1797 0.1476 0.0738
0.1236 -0.0234 0.1355
0.1569 -0.0251 0.1300
0.2465 0.1418 0.0300
0.3047 0.2782 -0.0738
0.3136 0.3178 -0.1093
0.2582 0.4116 -0.1489
0.1300 0.3643 -0.1100
0.0967 0.2374 -0.0721
0.1337 0.0089 0.0059
0.2665 0.0848 0.1151
0.2971 0.3047 0.1891
0.0837 0.7473 0.3348
-0.5098 0.5981 0.3452
-0.8093 0.3718 0.3323
-1.0642 -0.0392 0.2507
-0.8123 0.0777 0.1095
-0.5829 0.2767 0.0763
-0.1183 0.7039 0.2059
0.1475 0.8694 0.5064
0.1987 0.8166 0.6627
0.1573 0.4397 0.8992
0.1135 0.2295 0.9760
0.0511 -0.0341 1.0261
-0.0516 -0.0444 0.9212
-0.3109 0.0855 0.7846
-0.4735 0.1919 0.7567
-0.7094 0.3943 0.7742
-0.7544 0.4555 0.7983
-0.7435 0.4279 0.8459
-0.5975 0.1631 0.9103
-0.4684 0.0825 0.9363
-0.2108 0.1007 0.9335
0.0053 0.3033 0.9804
0.0784 0.4306 1.0194
0.1175 0.5097 1.0237
0.0371 0.3819 0.9454
-0.0262 0.2868 0.8709
-0.0685 0.2337 0.7133
-0.0275 0.3576 0.5481
-0.0232 0.4034 0.4676
-0.1055 0.3557 0.3351
-0.2100 0.1604 0.2279
-0.2204 0.0886 0.1762
-0.1875 -0.1375 0.0634
-0.1941 -0.5120 -0.0326
-0.1898 -0.6424 -0.0718
-0.0777 -0.5997 -0.1169
0.1164 -0.3823 -0.1620
0.1841 -0.3377 -0.2085
0.1835 -0.4412 -0.4037
0.1004 -0.6302 -0.5796
-0.1198 -1.2367 -1.0548
0.0296 -1.3203 -1.4121
0.7776 -0.7223 -1.4106
1.2232 -0.4149 -1.2735
1.7609 -0.5107 -1.0058
1.7664 -0.8659 -0.9536
1.2752 -1.9105 -1.1200
0.4048 -2.9066 -1.5811
-0.1919 -3.0838 -2.1269
-0.2788 -2.8677 -2.3589
-0.0739 -2.1965 -2.6014
0.1053 -1.8602 -2.5889
0.3131 -1.3809 -2.3550
0.2448 -1.2234 -2.0316
0.1532 -1.1580 -1.8831
-0.0265 -0.9965 -1.6718
-0.1177 -0.9037 -1.5591
-0.1392 -0.9071 -1.5215
-0.2249 -0.9831 -1.5033
-0.3291 -1.0685 -1.5003
-0.3724 -1.0543 -1.4987
-0.4023 -0.8875 -1.4564
-0.3542 -0.5246 -1.3308
-0.3147 -0.3330 -1.2326
-0.2523 -0.0009 -0.9626
-0.2418 0.1131 -0.7803
-0.2270 0.1371 -0.3605
-0.1332 0.0022 0.0231
-0.0663 -0.0165 0.1617
-0.0046 0.0544 0.4048
-0.0854 0.0798 0.5439
-0.1339 0.0973 0.5429
-0.1200 0.3131 0.4433
-0.0225 0.6335 0.3809
-0.0022 0.7455 0.4168
-0.0017 1.0522 0.6187
0.0242 1.4607 0.9411
0.0522 1.6566 1.1242
0.0432 1.8939 1.4583
-0.1583 1.7001 1.6817
-0.3199 1.4410 1.7424
-0.6075 0.7568 1.7241
-0.6842 0.1525 1.5436
-0.6188 0.0196 1.4638
-0.2863 0.3845 1.4029
0.0438 1.2959 1.4063
0.1025 1.6855 1.4521
0.0358 1.8943 1.6387
-0.0176 1.7005 1.7902
0.0189 1.5820 1.7919
0.1991 1.4217 1.6964
0.3732 1.3344 1.5877
0.3917 1.2504 1.5343
0.3064 1.0197 1.4310
0.2502 0.8760 1.3761
0.1779 0.5335 1.1720
0.1123 0.3567 0.8471
0.0858 0.3544 0.6824
0.0371 0.4065 0.4401
-0.0484 0.4441 0.3152
-0.1001 0.4596 0.2890
-0.1935 0.2681 0.2403
-0.2230 -0.0864 0.1655
-0.1942 -0.2709 0.1110
-0.0490 -0.5647 0.0366
-0.0670 -0.6989 -0.0876
-0.1916 -0.7879 -0.2029
-0.5022 -1.0943 -0.5271
-0.5202 -1.4361 -0.9259
-0.3118 -1.4553 -1.0903
0.5111 -1.1591 -1.2076
1.3789 -0.6809 -0.9197
1.5812 -0.5814 -0.7133
1.3762 -0.6457 -0.4393
0.6287 -1.2534 -0.4570
0.2097 -1.6714 -0.6013
-0.3631 -2.2347 -1.0842
-0.3127 -2.3884 -1.5995
-0.0724 -2.3709 -1.7753
0.4318 -1.8870 -1.9358
0.3521 -1.1910 -1.9352
0.1108 -0.8836 -1.8534
-0.4095 -0.4752 -1.5515
-0.5636 -0.4172 -1.3826
-0.5764 -0.4423 -1.1026
-0.3849 -0.5816 -0.9642
-0.3152 -0.7512 -0.9683
-0.3831 -0.8097 -1.0008
-0.6015 -0.7652 -1.0518
-0.7019 -0.6357 -1.0472
-0.7866 -0.3203 -0.9691
-0.6072 -0.0263 -0.7849
-0.4343 0.1515 -0.6461
-0.1183 0.3926 -0.2800
0.0181 0.4065 0.1466
0.0344 0.4399 0.3382
-0.0625 0.5425 0.5902
-0.2245 0.4948 0.7536
-0.2765 0.5054 0.8346
-0.3138 0.5536 0.9405
-0.2543 0.5904 0.9587
-0.1906 0.5951 0.9190
0.0117 0.7237 0.8786
0.3507 1.2303 1.0890
0.5056 1.5344 1.3233
0.5929 1.9916 1.9488
0.4754 2.0754 2.2350
-0.0691 1.8074 2.6122
-0.7325 1.0700 2.6720
-0.9376 0.6560 2.5861
-0.9926 0.0676 2.2615
-0.6857 -0.1345 1.9192
-0.4371 0.0223 1.7871
0.0728 0.6767 1.7079
0.3431 1.1737 1.9668
0.3501 1.2533 2.1933
0.2557 1.1241 2.5900
0.2468 0.8618 2.6292
0.3155 0.8552 2.5055
0.4785 0.9999 2.1301
0.5244 0.9127 1.8163
0.4928 0.7974 1.7184
0.4171 0.6262 1.5190
0.3772 0.7000 1.2398
0.3534 0.7686 1.0792
0.3149 0.9190 0.7919
0.2524 0.9563 0.5848
0.2189 0.9378 0.5257
0.0953 0.7857 0.4591
-0.0793 0.4808 0.4316
-0.2225 0.3126 0.4039
-0.6852 -0.3006 0.1936
-0.9257 -0.6802 -0.0005
-1.1253 -1.1443 -0.5305
-0.7397 -0.9517 -1.1532
-0.0186 -0.2177 -1.5739
0.3873 0.2311 -1.5562
1.0940 1.0587 -0.9625
1.2783 1.2824 -0.4925
1.1570 1.1523 0.4200
0.5925 0.3434 0.9378
0.2430 -0.2343 0.9723
-0.3038 -1.1815 0.5508
-0.4054 -1.4012 -0.4050
-0.2850 -1.2978 -0.9668
0.1197 -0.9616 -1.8556
0.4895 -0.5697 -2.1510
0.5993 -0.4908 -2.0994
0.6782 -0.5277 -1.7414
0.6178 -0.6787 -1.2878
0.5491 -0.7584 -1.1357
0.4187 -0.7811 -1.0426
0.3253 -0.7316 -1.1644
0.2608 -0.7271 -1.2698
0.0738 -0.8844 -1.5186
-0.0671 -1.0839 -1.7577
-0.0671 -1.0919 -1.8355
0.0546 -0.9372 -1.8641
0.1409 -0.8363 -1.7932
0.2674 -0.6741 -1.4859
0.2673 -0.5863 -1.0304
0.2567 -0.5690 -0.5475
0.3013 -0.5420 -0.3479
0.4393 -0.4245 -0.0873
0.4796 -0.3582 0.0408
0.4365 -0.3227 0.0654
0.2574 -0.2052 0.0358
0.1563 -0.1573 0.0091
-0.0070 -0.2360 -0.0814
0.0167 -0.4966 -0.2610
0.1287 -0.5619 -0.3665
0.4847 -0.2744 -0.4587
0.7738 0.4457 -0.2930
0.7876 0.8292 -0.0881
0.4698 1.3958 0.4462
-0.1168 1.5794 0.9351
-0.4285 1.5321 1.0919
-0.9589 1.1505 1.1349
-1.2361 0.4934 0.7986
-1.2042 0.2128 0.5190
-0.8201 0.3666 -0.0923
-0.5439 0.6775 -0.5163
-0.5774 0.6057 -0.5793
-0.6946 0.1813 -0.3591
-0.4962 0.1089 0.0967
-0.3329 0.1329 0.3227
-0.1378 0.1442 0.6629
0.0649 0.3919 0.7655
0.2260 0.4914 0.7241
0.5057 0.5181 0.4762
0.5500 0.4390 0.2691
0.4568 0.0630 -0.2221
0.2699 -0.4860 -0.6512
0.1950 -0.7308 -0.8262
0.0908 -1.1879 -1.1244
0.0239 -1.5555 -1.3487
0.0258 -1.7576 -1.4257
0.0604 -1.9818 -1.5477
0.0862 -1.8349 -1.6000
0.0919 -1.6234 -1.5852
0.0343 -1.1902 -1.5319
-0.0566 -1.1087 -1.4712
-0.0836 -1.1310 -1.4854
-0.1341 -1.1431 -1.6537
-0.2293 -0.9914 -1.7850
-0.3858 -0.8822 -1.8373
-0.8244 -0.8065 -1.9042
-1.0820 -1.1244 -1.9843
-1.0928 -1.3748 -2.1282
-0.6547 -1.8014 -2.7609
0.0023 -2.1399 -3.1992
0.3330 -2.0974 -3.1684
0.8566 -1.7174 -2.7575
0.6798 -1.3881 -2.2136
0.4352 -1.2197 -1.9970
0.1142 -1.0678 -1.7960
0.2854 -1.2677 -1.9056
0.5120 -1.3815 -2.0590
0.9735 -1.5296 -2.4707
1.1244 -1.7165 -2.8532
1.0394 -1.8381 -2.9757
0.7411 -1.9731 -3.0771
0.6190 -1.9086 -3.0642
0.5548 -1.6984 -2.9757
0.6934 -1.5486 -2.7703
0.7672 -1.5147 -2.6315
0.8027 -1.5103 -2.3707
0.7227 -1.4882 -2.1479
0.6633 -1.4580 -2.0600
0.5566 -1.3263 -1.9390
0.5214 -1.1447 -1.8529
0.5233 -1.0739 -1.8210
0.4987 -1.0447 -1.7495
0.4220 -1.2095 -1.6816
0.3761 -1.2405 -1.6602
0.2574 -1.2128 -1.6601
0.1337 -1.1381 -1.6547
0.0702 -1.1060 -1.6373
-0.0569 -1.0729 -1.6097
-0.1488 -1.1182 -1.6031
-0.1350 -1.1024 -1.6147
-0.0893 -0.9731 -1.6451
-0.0874 -0.9416 -1.6162
-0.0604 -0.9087 -1.5568
0.0072 -0.8610 -1.3648
0.0236 -0.8659 -1.2602
0.0653 -0.9082 -1.0755
0.0959 -0.8453 -0.9098
0.0523 -0.8064 -0.7333
-0.0089 -0.8456 -0.6456
-0.1715 -1.2056 -0.5434
-0.2337 -1.4636 -0.5600
-0.1208 -1.8622 -0.6953
0.3624 -1.7311 -0.7799
0.6152 -1.5374 -0.7254
0.8110 -1.2728 -0.4467
0.6027 -1.1285 -0.1592
0.4410 -1.0845 -0.0947
0.1445 -1.0663 -0.1229
-0.0027 -1.1958 -0.2856
0.0234 -1.2283 -0.4075
0.1330 -1.1728 -0.6880
0.1073 -1.0906 -0.9476
0.0506 -1.0280 -1.0275
-0.0245 -0.8105 -1.0904
-0.0188 -0.6926 -1.0916
0.0640 -0.4370 -1.0799
0.1127 -0.2335 -1.0570
0.0608 -0.1440 -1.0041
0.0191 -0.1578 -0.9699
-0.0031 -0.1848 -0.9646
-0.0126 -0.1865 -0.9964
-0.0676 -0.1436 -1.1075
-0.1438 -0.1715 -1.2008
-0.1476 -0.2273 -1.2155
-0.1040 -0.4957 -1.2057
-0.0142 -0.7927 -1.1851
0.0082 -0.8528 -1.1939
-0.0198 -0.8795 -1.2506
0.0189 -0.8026 -1.2707
0.0820 -0.7475 -1.2461
0.2206 -0.6752 -1.1056
0.3331 -0.7183 -0.8623
0.3765 -0.7738 -0.7338
0.3972 -0.8234 -0.5575
0.2845 -0.9262 -0.5003
0.2028 -0.9632 -0.4976
0.0592 -0.9546 -0.5226
-0.0348 -1.0084 -0.5648
-0.1153 -1.0283 -0.6196
-0.4476 -1.2127 -0.8256
-0.7317 -1.6283 -1.1303
-0.6840 -1.7922 -1.2836
-0.1846 -1.6824 -1.4586
0.4065 -1.1321 -1.3414
0.5173 -0.9408 -1.1836
0.2993 -1.1101 -0.8857
-0.0565 -1.5658 -0.9542
-0.1461 -1.5962 -1.4183
-0.1044 -1.4620 -1.7201
-0.0372 -1.2429 -1.9988
0.0090 -0.8313 -2.3222
-0.0422 -0.7623 -2.2609
0.0316 -0.9681 -2.0158
0.1253 -1.1193 -1.8848
0.2896 -1.2022 -1.6522
0.3098 -1.1220 -1.5586
0.2002 -0.7994 -1.4006
-0.0261 -0.5886 -1.2967
-0.1076 -0.5514 -1.2733
-0.1911 -0.6052 -1.3222
-0.1516 -0.6941 -1.4541
-0.0868 -0.6790 -1.4902
0.0004 -0.5870 -1.3905
-0.0270 -0.3769 -1.0748
-0.0445 -0.2367 -0.8811
-0.0128 -0.0177 -0.5328
0.1131 0.0163 -0.2440
0.1726 0.0434 -0.1075
0.2187 0.0366 0.1213
0.1646 0.1464 0.2352
0.1053 0.2685 0.2574
-0.0512 0.5597 0.2963
-0.1809 0.4996 0.2919
-0.1805 0.3379 0.2656
0.0088 0.0822 0.2291
0.1880 0.0975 0.2537
0.5960 0.6382 0.4122
0.6842 1.3916 0.8401
0.4330 1.6721 1.4086
0.2691 1.6812 1.6221
-0.1044 1.4534 1.7695
-0.2425 1.1632 1.6890
-0.2910 0.5143 1.2714
-0.0877 0.2418 0.7112
0.0399 0.3149 0.5190
0.2576 0.6491 0.4371
0.3194 0.8787 0.7277
0.2519 0.8224 0.9388
0.1081 0.5660 1.2671
0.2415 0.5624 1.2459
0.3789 0.5990 1.1522
0.5333 0.6554 1.0261
0.4349 0.5627 1.0214
0.3362 0.4793 1.0289
0.1856 0.1931 0.9652
0.1266 0.0339 0.7648
0.1079 0.0196 0.6309
0.0768 0.0746 0.3942
0.0178 0.1983 0.2728
-0.0228 0.2068 0.2686
-0.1529 0.1096 0.2941
-0.2344 0.0097 0.2681
-0.3700 -0.2101 0.0990
-0.4087 -0.3704 -0.0880
-0.4437 -0.3699 -0.1436
-0.6996 -0.3307 -0.2708
-1.1349 -0.4545 -0.5004
-1.2704 -0.5955 -0.6764
-1.0529 -0.7513 -1.0621
-0.1793 -0.4455 -1.1435
0.3061 -0.3052 -0.9887
0.8792 -0.2652 -0.3569
0.7688 -0.7299 0.3126
0.5374 -1.1034 0.4873
0.0221 -1.7575 0.3083
-0.1676 -1.8234 -0.4546
-0.0990 -1.6745 -0.9254
0.1335 -1.1478 -1.6733
0.1146 -0.6452 -1.8646
0.0075 -0.4792 -1.7869
-0.2145 -0.4127 -1.4477
-0.3183 -0.5318 -1.1117
-0.3101 -0.5170 -0.9991
-0.2750 -0.5450 -0.8231
-0.2859 -0.5713 -0.7512
-0.4066 -0.5239 -0.7073
-0.6154 -0.3877 -0.8033
-0.7049 -0.3031 -0.9302
-0.6653 -0.2033 -0.9531
-0.4912 0.0871 -0.8829
-0.4062 0.2982 -0.7876
-0.2854 0.6452 -0.4508
-0.1645 0.6416 0.1156
-0.0044 0.4675 0.7322
0.0535 0.4065 0.9747
0.1047 0.2774 1.2646
0.1232 0.2324 1.3124
0.1475 0.3024 1.2610
0.0797 0.3528 1.0277
0.0627 0.4174 0.8968
0.1097 0.6177 0.7365
0.2586 0.9149 0.7674
0.3592 1.1556 0.8543
0.4878 1.7734 1.1820
0.4069 2.3116 1.7206
0.2557 2.5119 2.0016
-0.2545 2.5532 2.4171
-0.8239 1.8891 2.4661
-1.0423 1.3545 2.3256
-1.1050 0.3261 1.8000
-0.6079 0.0095 1.2896
-0.2715 0.1006 1.1638
0.1816 0.6940 1.2822
0.1466 1.1103 1.7599
0.0670 1.0993 2.0428
0.0950 0.9699 2.4650
0.3408 0.8075 2.5164
0.4533 0.7208 2.4445
0.5588 0.4595 2.1801
0.5637 0.3500 2.0182
0.4866 0.1702 1.6415
0.3106 0.1102 1.1960
0.2236 0.1301 0.9523
0.1308 0.3923 0.4598
0.0878 0.8079 0.1356
0.0457 0.9358 0.0789
-0.0831 0.9615 0.1348
-0.3026 0.6885 0.2316
-0.3954 0.5243 0.2515
-0.5771 0.3236 0.2259
-0.9113 -0.1075 0.0158
-1.0837 -0.3476 -0.1787
-1.1409 -0.8676 -0.7617
-0.5710 -0.9660 -1.3475
-0.1282 -0.7166 -1.4857
0.6733 -0.0424 -1.1683
0.8804 0.4307 -0.2050
0.7105 0.3403 0.3128
0.0684 -0.4268 0.9110
-0.2567 -0.9356 0.9199
-0.5151 -1.5717 0.3424
-0.0703 -1.5269 -0.7451
0.4662 -1.0069 -1.5665
0.5157 -0.7998 -1.6961
0.2159 -0.3250 -1.5317
-0.0076 -0.0893 -1.3691
-0.2736 0.0601 -1.0332
-0.1855 -0.1609 -0.7155
-0.0685 -0.2980 -0.5917
0.0467 -0.4321 -0.4358
-0.1350 -0.3937 -0.3685
-0.2598 -0.3369 -0.3780
-0.4466 -0.2925 -0.5241
-0.4782 -0.3391 -0.7377
-0.4166 -0.3117 -0.8156
-0.1828 -0.1202 -0.8359
0.0750 0.0657 -0.6446
0.1708 0.1643 -0.4771
0.2647 0.3017 -0.0528
0.2653 0.2913 0.3524
0.2671 0.2210 0.5164
0.3117 -0.0042 0.7087
0.4228 -0.1987 0.8062
0.4512 -0.2686 0.8012
0.4448 -0.1377 0.7540
0.4160 0.1346 0.7540
0.3741 0.2400 0.7381
0.3501 0.6292 0.6628
0.4242 1.0149 0.6533
0.6399 1.9259 0.8401
0.6628 2.7662 1.4006
0.2456 3.1458 2.1127
-0.0978 3.1392 2.4394
-0.8654 2.5873 2.8282
-1.1792 2.1020 2.8337
-1.4661 0.7879 2.4450
-1.3039 -0.4259 1.8571
-1.0742 -0.7050 1.6208
-0.4009 -0.3754 1.3267
0.0329 0.6574 1.4594
0.0302 1.1127 1.6889
-0.1235 1.5992 2.2739
-0.0977 1.5394 2.7595
0.0088 1.3761 2.8416
0.3090 0.9639 2.6976
0.5733 0.7295 2.2411
0.6209 0.6518 1.9526
0.5966 0.6309 1.4322
0.4963 0.7477 1.0827
0.4455 0.8125 0.9644
0.4173 0.9891 0.7874
0.3699 1.0831 0.6549
0.3360 1.0406 0.6145
0.2768 0.9023 0.5683
0.2578 0.7032 0.5639
0.2549 0.5874 0.5839
0.2055 0.5208 0.6622
0.1280 0.5202 0.6915
-0.2001 0.1648 0.5737
-0.3596 -0.2855 0.1855
-0.1311 -0.4056 -0.3558
0.0492 -0.3536 -0.5883
0.3614 -0.0813 -0.7512
0.4887 0.1009 -0.6438
0.5838 0.4934 -0.1632
0.3673 0.5503 0.4127
0.1556 0.4122 0.6200
-0.3205 -0.1236 0.6975
-0.5809 -0.6375 0.3047
-0.6143 -0.7556 0.0173
-0.5210 -0.7790 -0.5580
-0.1576 -0.3537 -0.7965
0.0492 -0.0483 -0.7425
0.3213 0.4096 -0.3007
0.3145 0.5248 0.3890
0.2487 0.4824 0.6928
0.0477 0.4499 0.9410
-0.0425 0.5179 0.8214
-0.0256 0.6132 0.7096
-0.0143 0.7906 0.5090
-0.0657 0.8054 0.5041
-0.0867 0.7903 0.5436
-0.1052 0.8217 0.6344
-0.1141 0.8000 0.6869
-0.1160 0.6921 0.8498
-0.0257 0.5633 0.9575
0.0906 0.5260 0.9451
0.1180 0.5910 0.9265
0.0532 0.8228 0.9287
-0.0217 0.9750 0.9781
-0.2307 1.1629 1.1674
-0.4420 1.1876 1.3466
-0.4859 1.1884 1.3923
-0.4404 1.2252 1.3622
-0.3411 1.1164 1.3217
-0.3117 1.0437 1.3593
-0.3922 0.8362 1.4741
-0.4725 0.5153 1.5906
-0.4576 0.3800 1.6327
-0.2857 0.3006 1.6382
-0.0720 0.4926 1.5710
-0.0370 0.6070 1.5318
-0.0299 0.7149 1.4886
0.0713 0.7680 1.4736
0.1323 0.7891 1.4446
0.1388 0.8221 1.3124
0.0564 0.8847 1.1326
-0.0153 0.9093 1.0359
-0.2112 0.8522 0.8041
-0.3001 0.6605 0.5962
-0.2461 0.6211 0.4958
0.1163 0.6962 0.2978
0.2166 0.5744 0.3290
0.1940 0.1943 0.4051
0.1445 -0.0100 0.4014
0.2657 -0.0933 0.2785
0.3329 -0.1333 0.1950
0.3720 -0.0737 -0.0011
0.3789 -0.0081 -0.0924
0.4201 0.0855 -0.1810
0.3617 0.0334 -0.2106
0.3153 0.0215 -0.1817
0.3057 0.0920 -0.1664
0.4396 0.0819 -0.1751
0.5001 0.0083 -0.1963
0.5721 -0.1060 -0.2621
0.6214 -0.1223 -0.2956
0.5871 -0.1522 -0.3077
0.4341 -0.2063 -0.3092
0.3980 -0.1194 -0.3726
0.4006 -0.0347 -0.4027
0.3318 -0.0194 -0.4241
0.3162 -0.0892 -0.3878
0.3753 -0.1230 -0.3588
0.3878 -0.3094 -0.3236
0.2530 -0.3371 -0.2433
0.1583 -0.3320 -0.1857
0.0662 -0.3472 -0.0061
0.0755 -0.1968 0.1383
0.0455 -0.0971 0.1674
-0.0611 -0.0758 0.2034
-0.0311 -0.2910 0.2437
0.0316 -0.3490 0.2622
0.2031 -0.5277 0.2891
0.3131 -0.7194 0.3449
0.2674 -0.7483 0.3537
0.0045 -0.6747 0.3334
-0.1253 -0.5429 0.3443
-0.3357 -0.3136 0.3637
-0.5164 -0.2745 0.3091
-0.6230 -0.3112 0.2390
-0.7386 -0.3498 0.0588
-0.6045 -0.4780 -0.0577
-0.4900 -0.5406 -0.0929
-0.1616 -0.6778 -0.1145
0.2166 -0.5350 -0.1216
0.3552 -0.4223 -0.1199
0.4058 -0.2313 -0.0908
0.2586 -0.0688 -0.0659
0.1616 -0.0150 -0.0907
0.0136 0.0232 -0.1390
-0.0124 0.0681 -0.1529
-0.0262 0.1717 -0.2096
-0.1292 0.1872 -0.2858
-0.1658 0.1870 -0.2824
-0.1878 0.1890 -0.2542
-0.1563 0.1674 -0.2303
-0.1267 0.2082 -0.1931
-0.1192 0.1599 -0.1460
-0.0868 -0.1164 -0.0955
-0.0616 -0.2664 -0.0884
0.0020 -0.3108 -0.1201
0.0092 -0.2343 -0.1822
0.0099 -0.2150 -0.1913
0.1117 -0.1095 -0.1997
0.2295 0.0543 -0.2167
0.2447 0.0989 -0.2224
0.1731 0.2077 -0.1677
0.0737 0.2879 -0.0942
0.0606 0.3330 -0.0499
0.0691 0.4239 0.0163
0.0905 0.4356 0.0466
0.1470 0.3643 0.0536
0.2893 0.1205 0.0755
0.3736 -0.1248 0.1304
0.3726 -0.1807 0.1533
0.3081 -0.2310 0.2005
0.3011 -0.2397 0.2443
0.3491 -0.1936 0.2540
0.3934 -0.0760 0.2091
0.3686 0.0112 0.1707
0.2630 0.1656 0.0596
0.0978 0.2462 -0.0818
0.0038 0.3662 -0.1927
0.0224 0.4366 -0.2740
0.1578 0.6005 -0.3675
0.1991 0.6406 -0.3876
0.1634 0.6184 -0.3870
0.1724 0.4801 -0.3434
0.2026 0.4201 -0.3607
0.2252 0.1608 -0.3718
0.1700 -0.2114 -0.1863
0.0847 -0.2991 -0.0962
-0.1152 -0.2479 0.0568
-0.3095 0.0038 0.0606
-0.4149 0.1234 0.0428
-0.3992 0.3377 0.0860
-0.0838 0.4158 0.0887
0.0737 0.4017 0.0769
0.2531 0.2865 0.0626
0.3434 0.2782 0.0969
0.3451 0.2686 0.1155
0.3117 0.0729 0.1144
0.3134 -0.1325 0.1193
0.3074 -0.1274 0.0774
0.3370 0.0114 -0.0467
0.3667 0.0329 -0.0737
0.3294 -0.0690 -0.1249
0.1610 -0.1511 -0.1813
0.0561 -0.2330 -0.1284
0.0719 -0.2538 -0.1064
0.2003 -0.0779 -0.0837
0.2429 0.0325 -0.0718
0.2293 0.1138 -0.0006
0.1612 0.0987 0.0395
0.1209 0.0391 0.0348
-0.0094 -0.0584 0.0198
-0.1012 -0.1338 -0.0144
-0.1077 -0.1770 -0.0444
-0.0742 -0.2244 -0.0925
0.0640 -0.1275 -0.0928
0.1355 -0.0653 -0.0999
0.2012 0.0484 -0.0960
0.1528 0.0599 -0.0785
0.0824 0.0441 -0.0680
-0.0545 0.0280 -0.0301
-0.0562 0.0118 -0.0333
-0.0013 0.0115 -0.0325
0.1080 0.0124 -0.0070
0.1207 0.0350 0.0000
0.0779 0.0298 0.0103
-0.0110 0.0059 0.0339
-0.0484 0.0008 0.0390
-0.0543 0.0224 0.0223
-0.0335 0.0659 0.0208
-0.0050 0.0675 0.0307
0.0588 0.0240 0.0293
0.0643 0.0376 0.0152
0.0065 0.0756 0.0209
-0.0394 0.0851 0.0293
-0.0631 0.1378 0.0451
-0.0324 0.1326 0.0464
0.0411 0.0724 0.0275
0.0326 0.0444 0.0068
0.0088 0.0427 0.0047
-0.0106 0.0858 -0.0013
-0.0035 0.0705 0.0179
0.0082 0.0648 0.0243
0.0190 0.0769 0.0086
0.0104 0.0871 0.0282
-0.0089 0.1154 0.0425
-0.0530 0.1370 0.0587
-0.0501 0.1006 0.0701
-0.0111 0.0882 0.0693
0.0755 0.0870 0.0626
0.1082 0.0950 0.0704
0.0903 0.0847 0.0740
0.0494 0.0532 0.0811
0.0549 0.0496 0.0826
0.0851 0.0652 0.0565
0.0865 0.0537 0.0468
0.0927 -0.0269 0.0413
0.1104 -0.0454 0.0385
0.1078 -0.0392 0.0269
0.0781 -0.0182 0.0280
0.0255 0.0593 0.0419
0.0606 0.1025 0.0389
0.0869 0.1028 0.0373
0.0811 0.0197 0.0320
0.0706 -0.0546 0.0274
0.0819 -0.0639 0.0213
0.0753 -0.0538 0.0254
0.0333 0.0313 0.0422
0.0026 0.0434 0.0395
-0.0333 0.0412 0.0481
-0.0391 0.0011 0.0251
-0.0287 -0.0178 0.0189
-0.0092 -0.0124 0.0250
0.0309 0.0404 0.0337
0.0509 0.0346 0.0253
0.1077 -0.0106 0.0056
0.1244 -0.0601 0.0093
0.0869 -0.0870 0.0146
0.0056 -0.0571 0.0270
0.0076 -0.0080 0.0127
0.0316 -0.0088 0.0087
0.0733 -0.0033 -0.0015
0.0643 -0.0255 0.0158
0.0452 -0.0488 0.0161
0.0044 -0.0383 0.0367
0.0562 -0.1363 0.0652
0.0950 -0.0469 0.0525
0.0586 0.1285 0.0301
0.0121 0.1444 0.0572
-0.0650 0.1492 0.0581
-0.0793 0.0776 0.0708
-0.0647 0.0166 0.0730
-0.0088 -0.0600 0.0338
0.0286 -0.0307 0.0112
0.0322 -0.0115 0.0000
0.0178 0.0460 -0.0081
-0.0043 0.0643 -0.0041
-0.0222 0.0740 -0.0085
-0.0867 0.0692 -0.0045
-0.0842 0.0336 0.0104
-0.0472 0.0201 -0.0017
0.0241 0.0146 -0.0077
0.0306 0.0108 -0.0048
0.0295 0.0177 -0.0045
0.0241 0.0043 0.0059
0.0049 -0.0462 0.0077
0.0005 -0.0567 0.0107
0.0038 -0.0529 0.0141
0.0180 -0.0350 0.0162
0.0671 -0.0089 0.0054
0.0617 -0.0212 -0.0017
0.0305 -0.0161 0.0102
0.0225 -0.0005 0.0146
0.0276 0.0109 0.0129
0.0373 0.0080 0.0136
0.0647 0.0263 0.0076
0.0402 0.0020 0.0143
0.0220 -0.0006 0.0240
0.0078 0.0040 0.0137
0.0177 -0.0211 0.0040
0.0107 -0.0291 0.0043
0.0817 -0.1658 0.0270
0.1485 0.0053 -0.0213
0.1204 0.0325 -0.0238
-0.0315 0.0670 0.0072
-0.1547 0.0953 0.0206
-0.1282 0.0418 0.0403
0.0143 -0.0442 0.0471
0.0864 0.0024 0.0333
0.0769 0.0661 0.0389
-0.0048 0.1124 0.0406
-0.0449 0.0698 0.0288
-0.0249 0.0085 0.0195
0.0162 -0.0613 -0.0021
-0.0057 0.0021 -0.0016
-0.0115 0.0508 0.0024
-0.0234 0.0610 -0.0014
-0.0208 0.0409 -0.0035
-0.0236 0.0031 -0.0107
-0.0087 -0.0360 0.0104
-0.0299 0.0050 0.0068
-0.0554 0.0118 0.0094
-0.0697 -0.0014 0.0220
-0.0573 -0.0024 0.0164
-0.0129 0.0292 0.0105
0.0111 0.0484 0.0040
-0.0034 0.0287 -0.0010
-0.0351 -0.0392 -0.0011
-0.0213 -0.0401 -0.0248
-0.0040 -0.0251 -0.0318
0.0077 0.0317 -0.0239
0.0250 0.0644 -0.0213
0.0167 0.0478 -0.0177
-0.0285 -0.0186 -0.0244
-0.0551 -0.0338 -0.0472
-0.0413 -0.0273 -0.0553
0.0147 -0.0252 -0.0534
0.0400 -0.0093 -0.0541
0.0225 -0.0169 -0.0468
-0.0115 -0.0119 -0.0330
0.0019 0.0135 -0.0269
0.0158 0.0045 -0.0228
0.0248 -0.0105 -0.0089
0.0178 -0.0129 -0.0016
0.0142 -0.0039 0.0144
0.0446 0.0053 0.0096
0.0528 -0.0026 0.0010
0.0521 -0.0100 0.0000
0.0514 -0.0125 0.0001
0.0423 -0.0041 0.0057
0.0319 0.0313 0.0039
0.0572 0.0477 0.0032
0.0669 0.0387 0.0036
0.0627 0.0112 0.0063
0.0779 -0.0214 0.0116
0.0796 -0.0157 0.0138
0.0770 0.0050 0.0124
0.0579 0.0066 0.0242
0.0540 0.0149 0.0292
0.0329 0.0087 0.0197
0.0428 -0.0204 0.0164
0.0512 -0.0238 0.0164
0.0683 0.0124 0.0183
0.0780 -0.0055 0.0406
0.0640 -0.0114 0.0447
0.0371 0.0154 0.0392
0.0634 0.0089 0.0347
0.0670 0.0173 0.0253
0.0540 0.0381 0.0396
-0.0035 0.0323 0.0362
-0.0279 -0.0044 0.0300
-0.0147 -0.0307 0.0036
0.0744 -0.0573 -0.0074
0.0895 0.0390 -0.0276
0.0038 0.0953 -0.0044
-0.0879 0.1171 0.0411
-0.1005 0.0642 0.0429
-0.1033 -0.0563 0.0371
-0.0843 -0.0156 0.0271
0.0210 0.0656 0.0002
0.0561 0.0680 -0.0162
0.0194 0.0460 -0.0078
-0.0619 -0.0323 0.0225
-0.1055 -0.0570 0.0395
-0.1094 -0.0492 0.0431
-0.0602 0.0065 0.0371
-0.0025 0.0617 0.0095
0.0082 0.0416 0.0011
-0.0205 -0.0387 -0.0241
-0.0331 -0.0655 -0.0295
-0.0228 -0.0525 -0.0338
-0.0150 0.0026 -0.0130
-0.0111 -0.0116 0.0087
-0.0041 -0.0412 0.0046
0.0132 -0.0745 0.0026
0.0486 -0.0372 -0.0060
0.0582 -0.0065 0.0019
0.0225 0.0193 0.0115
0.0014 0.0231 0.0189
0.0019 0.0062 0.0219
0.0218 -0.0420 0.0077
0.0346 -0.0530 0.0000
0.0495 -0.0346 -0.0115
0.0610 0.0057 0.0040
0.0601 0.0229 0.0097
0.0551 0.0430 0.0228
0.0408 0.0437 0.0208
0.0467 0.0171 0.0179
0.0748 0.0040 0.0053
0.0790 0.0113 -0.0100
0.0826 -0.0037 0.0014
0.0629 0.0063 -0.0040
0.0326 0.0067 0.0166
0.0277 0.0072 0.0238
0.0357 0.0229 0.0255
0.0193 0.0078 0.0180
0.0160 0.0150 0.0164
0.0175 0.0125 0.0179
0.0160 -0.0022 0.0098
0.0193 -0.0113 0.0106
0.0516 0.0262 -0.0029
0.0380 0.0311 0.0058
0.0333 0.0098 0.0226
0.0269 -0.0032 0.0185
0.0223 -0.0172 0.0210
0.0185 -0.0090 0.0118
0.0657 -0.0700 -0.0011
0.1017 -0.0609 -0.0122
0.0434 0.0881 -0.0176
-0.0849 0.0708 0.0321
-0.0846 -0.0336 0.0352
-0.0470 -0.0744 0.0249
-0.0098 -0.0473 0.0207
-0.0145 0.0170 0.0284
-0.0365 0.1100 0.0352
-0.0747 0.0586 0.0416
-0.0841 0.0049 0.0391
-0.0778 -0.0671 0.0223
-0.0831 -0.0354 0.0057
-0.0728 -0.0042 0.0081
-0.0424 0.0204 0.0066
-0.0286 -0.0053 -0.0071
-0.0073 -0.0007 -0.0114
-0.0166 -0.0194 -0.0138
-0.0548 -0.0578 0.0051
-0.0606 -0.0606 -0.0022
-0.0526 -0.0152 -0.0256
-0.0184 0.0134 -0.0180
0.0052 0.0458 -0.0121
-0.0110 0.0525 -0.0235
-0.0749 0.0038 -0.0036
-0.0753 -0.0363 0.0110
-0.0162 -0.0235 0.0092
0.0477 0.0297 0.0018
0.0553 0.0331 0.0008
0.0417 0.0083 0.0226
0.0468 0.0062 0.0201
0.0512 0.0104 0.0026
0.0568 0.0186 -0.0171
0.0790 0.0254 -0.0249
0.0777 0.0199 -0.0207
0.0445 0.0198 -0.0083
0.0303 0.0157 -0.0014
0.0384 0.0208 0.0049
0.0671 0.0333 0.0031
0.0662 0.0627 0.0027
0.0284 0.1007 0.0196
0.1475 0.2522 -0.1007
0.1130 0.0685 -0.1259
-0.0888 -0.1607 0.0625
-0.2349 -0.0331 0.0971
-0.1916 0.0481 0.0641

