-0.5476 0.6455 0.2429
-0.5476 0.6455 0.2428
-0.5477 0.6456 0.2426
-0.5479 0.6458 0.2426
-0.5480 0.6459 0.2426
-0.5482 0.6460 0.2427
-0.5483 0.6460 0.2425
-0.5485 0.6460 0.2422
-0.5486 0.6461 0.2422
-0.5485 0.6460 0.2422
-0.5485 0.6460 0.2423
-0.5485 0.6460 0.2423
-0.5486 0.6460 0.2424
-0.5485 0.6458 0.2423
-0.5485 0.6458 0.2424
-0.5486 0.6458 0.2424
-0.5486 0.6458 0.2425
-0.5487 0.6458 0.2426
-0.5487 0.6457 0.2427
-0.5484 0.6455 0.2427
-0.5484 0.6455 0.2428
-0.5484 0.6455 0.2429
-0.5483 0.6454 0.2430
-0.5483 0.6454 0.2431
-0.5482 0.6453 0.2431
-0.5479 0.6452 0.2428
-0.5478 0.6451 0.2426
-0.5477 0.6451 0.2426
-0.5477 0.6451 0.2425
-0.5477 0.6452 0.2425
-0.5476 0.6452 0.2425
-0.5476 0.6452 0.2423
-0.5476 0.6452 0.2423
-0.5475 0.6452 0.2423
-0.5475 0.6452 0.2423
-0.5475 0.6452 0.2424
-0.5476 0.6452 0.2424
-0.5475 0.6452 0.2423
-0.5476 0.6452 0.2423
-0.5476 0.6452 0.2424
-0.5476 0.6452 0.2424
-0.5476 0.6452 0.2426
-0.5476 0.6452 0.2426
-0.5474 0.6452 0.2426
-0.5474 0.6451 0.2427
-0.5474 0.6451 0.2429
-0.5474 0.6450 0.2432
-0.5475 0.6449 0.2435
-0.5473 0.6449 0.2433
-0.5473 0.6449 0.2432
-0.5474 0.6449 0.2432
-0.5474 0.6449 0.2433
-0.5474 0.6449 0.2435
-0.5473 0.6449 0.2436
-0.5469 0.6449 0.2433
-0.5468 0.6449 0.2433
-0.5468 0.6449 0.2433
-0.5469 0.6449 0.2433
-0.5469 0.6449 0.2433
-0.5467 0.6449 0.2432
-0.5463 0.6450 0.2428
-0.5462 0.6450 0.2426
-0.5461 0.6450 0.2426
-0.5462 0.6450 0.2426
-0.5462 0.6450 0.2425
-0.5461 0.6450 0.2424
-0.5458 0.6450 0.2423
-0.5457 0.6450 0.2423
-0.5457 0.6449 0.2423
-0.5457 0.6449 0.2423
-0.5458 0.6449 0.2423
-0.5459 0.6448 0.2423
-0.5456 0.6451 0.2420
-0.5455 0.6451 0.2419
-0.5456 0.6451 0.2418
-0.5456 0.6451 0.2418
-0.5457 0.6451 0.2418
-0.5457 0.6451 0.2418
-0.5453 0.6454 0.2414
-0.5452 0.6455 0.2413
-0.5452 0.6455 0.2412
-0.5453 0.6455 0.2412
-0.5453 0.6455 0.2411
-0.5454 0.6454 0.2410
-0.5452 0.6455 0.2407
-0.5452 0.6455 0.2406
-0.5452 0.6455 0.2405
-0.5453 0.6454 0.2404
-0.5454 0.6454 0.2404
-0.5453 0.6454 0.2403
-0.5449 0.6455 0.2400
-0.5449 0.6455 0.2400
-0.5450 0.6455 0.2400
-0.5451 0.6456 0.2400
-0.5453 0.6456 0.2401
-0.5453 0.6457 0.2400
-0.5449 0.6458 0.2396
-0.5449 0.6459 0.2395
-0.5450 0.6460 0.2395
-0.5451 0.6460 0.2396
-0.5452 0.6460 0.2396
-0.5453 0.6459 0.2397
-0.5450 0.6461 0.2388
-0.5449 0.6460 0.2385
-0.5450 0.6459 0.2386
-0.5451 0.6458 0.2387
-0.5452 0.6456 0.2388
-0.5454 0.6455 0.2389
-0.5448 0.6458 0.2374
-0.5447 0.6459 0.2369
-0.5447 0.6458 0.2368
-0.5448 0.6457 0.2368
-0.5449 0.6456 0.2369
-0.5450 0.6455 0.2370
-0.5449 0.6465 0.2347
-0.5449 0.6467 0.2340
-0.5449 0.6468 0.2337
-0.5449 0.6468 0.2336
-0.5450 0.6467 0.2335
-0.5450 0.6467 0.2334
-0.5448 0.6470 0.2326
-0.5448 0.6470 0.2323
-0.5448 0.6470 0.2322
-0.5447 0.6470 0.2320
-0.5447 0.6470 0.2319
-0.5447 0.6470 0.2318
-0.5446 0.6472 0.2313
-0.5446 0.6473 0.2311
-0.5445 0.6473 0.2310
-0.5445 0.6474 0.2309
-0.5445 0.6474 0.2308
-0.5445 0.6474 0.2308
-0.5444 0.6471 0.2302
-0.5444 0.6469 0.2300
-0.5443 0.6469 0.2299
-0.5443 0.6469 0.2298
-0.5443 0.6469 0.2297
-0.5442 0.6469 0.2296
-0.5439 0.6469 0.2294
-0.5437 0.6469 0.2292
-0.5436 0.6469 0.2291
-0.5435 0.6469 0.2291
-0.5434 0.6469 0.2290
-0.5434 0.6470 0.2289
-0.5432 0.6470 0.2289
-0.5430 0.6470 0.2289
-0.5430 0.6471 0.2289
-0.5429 0.6471 0.2289
-0.5428 0.6471 0.2289
-0.5427 0.6471 0.2289
-0.5426 0.6472 0.2285
-0.5426 0.6472 0.2284
-0.5425 0.6472 0.2284
-0.5424 0.6472 0.2285
-0.5424 0.6472 0.2285
-0.5423 0.6472 0.2286
-0.5420 0.6471 0.2284
-0.5418 0.6470 0.2283
-0.5417 0.6470 0.2284
-0.5415 0.6468 0.2284
-0.5414 0.6467 0.2285
-0.5413 0.6467 0.2285
-0.5411 0.6467 0.2282
-0.5410 0.6467 0.2281
-0.5409 0.6466 0.2281
-0.5408 0.6465 0.2280
-0.5406 0.6464 0.2280
-0.5405 0.6464 0.2280
-0.5404 0.6463 0.2279
-0.5403 0.6463 0.2279
-0.5402 0.6462 0.2279
-0.5401 0.6462 0.2278
-0.5400 0.6462 0.2278
-0.5398 0.6462 0.2277
-0.5398 0.6463 0.2275
-0.5397 0.6464 0.2274
-0.5396 0.6464 0.2274
-0.5395 0.6464 0.2273
-0.5394 0.6464 0.2272
-0.5393 0.6464 0.2270
-0.5391 0.6466 0.2269
-0.5390 0.6466 0.2268
-0.5389 0.6465 0.2267
-0.5388 0.6464 0.2267
-0.5386 0.6462 0.2266
-0.5385 0.6461 0.2265
-0.5382 0.6458 0.2266
-0.5380 0.6456 0.2265
-0.5378 0.6453 0.2265
-0.5376 0.6450 0.2264
-0.5373 0.6446 0.2262
-0.5371 0.6441 0.2260
-0.5366 0.6437 0.2252
-0.5362 0.6430 0.2247
-0.5358 0.6420 0.2243
-0.5352 0.6408 0.2239
-0.5346 0.6392 0.2234
-0.5338 0.6374 0.2230
-0.5327 0.6352 0.2221
-0.5314 0.6327 0.2212
-0.5299 0.6299 0.2202
-0.5282 0.6268 0.2191
-0.5265 0.6235 0.2181
-0.5246 0.6201 0.2170
-0.5224 0.6167 0.2164
-0.5201 0.6131 0.2156
-0.5176 0.6094 0.2147
-0.5148 0.6059 0.2140
-0.5121 0.6027 0.2132
-0.5094 0.5998 0.2126
-0.5070 0.5977 0.2120
-0.5045 0.5959 0.2116
-0.5022 0.5946 0.2114
-0.5001 0.5937 0.2116
-0.4980 0.5931 0.2122
-0.4960 0.5929 0.2134
-0.4938 0.5929 0.2152
-0.4916 0.5928 0.2172
-0.4894 0.5928 0.2194
-0.4871 0.5928 0.2217
-0.4848 0.5929 0.2242
-0.4823 0.5931 0.2269
-0.4795 0.5931 0.2300
-0.4767 0.5932 0.2332
-0.4739 0.5934 0.2367
-0.4708 0.5934 0.2406
-0.4675 0.5933 0.2447
-0.4640 0.5931 0.2492
-0.4594 0.5920 0.2539
-0.4550 0.5912 0.2590
-0.4505 0.5904 0.2646
-0.4458 0.5895 0.2706
-0.4410 0.5884 0.2770
-0.4361 0.5874 0.2837
-0.4308 0.5862 0.2906
-0.4259 0.5852 0.2979
-0.4211 0.5844 0.3055
-0.4163 0.5835 0.3135
-0.4114 0.5825 0.3216
-0.4065 0.5815 0.3298
-0.4012 0.5805 0.3377
-0.3957 0.5790 0.3460
-0.3901 0.5770 0.3545
-0.3844 0.5748 0.3631
-0.3790 0.5727 0.3717
-0.3741 0.5709 0.3803
-0.3693 0.5688 0.3887
-0.3650 0.5671 0.3974
-0.3610 0.5655 0.4062
-0.3569 0.5638 0.4149
-0.3526 0.5618 0.4231
-0.3482 0.5595 0.4307
-0.3432 0.5571 0.4374
-0.3388 0.5546 0.4441
-0.3347 0.5522 0.4507
-0.3308 0.5499 0.4575
-0.3273 0.5476 0.4643
-0.3234 0.5448 0.4711
-0.3185 0.5411 0.4774
-0.3150 0.5384 0.4839
-0.3120 0.5361 0.4902
-0.3093 0.5340 0.4962
-0.3068 0.5320 0.5018
-0.3041 0.5307 0.5073
-0.3011 0.5301 0.5132
-0.2990 0.5293 0.5181
-0.2974 0.5285 0.5225
-0.2960 0.5279 0.5264
-0.2949 0.5275 0.5301
-0.2939 0.5271 0.5334
-0.2927 0.5271 0.5357
-0.2918 0.5269 0.5382
-0.2912 0.5267 0.5405
-0.2908 0.5265 0.5426
-0.2906 0.5264 0.5445
-0.2905 0.5263 0.5461
-0.2901 0.5266 0.5466
-0.2899 0.5267 0.5474
-0.2897 0.5264 0.5480
-0.2895 0.5261 0.5484
-0.2892 0.5255 0.5485
-0.2889 0.5248 0.5487
-0.2885 0.5243 0.5479
-0.2881 0.5233 0.5477
-0.2878 0.5220 0.5477
-0.2875 0.5204 0.5479
-0.2874 0.5188 0.5482
-0.2872 0.5171 0.5484
-0.2870 0.5155 0.5481
-0.2872 0.5141 0.5486
-0.2876 0.5129 0.5493
-0.2882 0.5118 0.5502
-0.2888 0.5107 0.5510
-0.2892 0.5096 0.5515
-0.2890 0.5084 0.5513
-0.2893 0.5075 0.5515
-0.2898 0.5067 0.5517
-0.2901 0.5061 0.5519
-0.2904 0.5054 0.5519
-0.2903 0.5046 0.5514
-0.2896 0.5036 0.5502
-0.2895 0.5028 0.5495
-0.2895 0.5022 0.5490
-0.2896 0.5015 0.5485
-0.2897 0.5007 0.5479
-0.2897 0.4999 0.5470
-0.2894 0.4990 0.5458
-0.2895 0.4980 0.5449
-0.2896 0.4969 0.5441
-0.2898 0.4956 0.5433
-0.2900 0.4941 0.5427
-0.2902 0.4925 0.5420
-0.2905 0.4912 0.5408
-0.2906 0.4896 0.5399
-0.2908 0.4881 0.5391
-0.2911 0.4868 0.5383
-0.2916 0.4857 0.5373
-0.2922 0.4849 0.5361
-0.2926 0.4838 0.5344
-0.2934 0.4833 0.5325
-0.2942 0.4830 0.5304
-0.2952 0.4829 0.5279
-0.2962 0.4830 0.5251
-0.2973 0.4834 0.5220
-0.2981 0.4837 0.5183
-0.2993 0.4845 0.5148
-0.3007 0.4855 0.5112
-0.3022 0.4868 0.5073
-0.3039 0.4883 0.5034
-0.3056 0.4898 0.4992
-0.3069 0.4916 0.4951
-0.3088 0.4935 0.4907
-0.3110 0.4957 0.4862
-0.3135 0.4981 0.4815
-0.3163 0.5006 0.4766
-0.3193 0.5032 0.4715
-0.3223 0.5059 0.4661
-0.3256 0.5084 0.4606
-0.3291 0.5107 0.4548
-0.3330 0.5130 0.4488
-0.3371 0.5154 0.4426
-0.3415 0.5178 0.4360
-0.3464 0.5204 0.4290
-0.3513 0.5225 0.4219
-0.3564 0.5244 0.4148
-0.3616 0.5262 0.4074
-0.3670 0.5277 0.3998
-0.3725 0.5291 0.3921
-0.3773 0.5301 0.3844
-0.3826 0.5312 0.3765
-0.3879 0.5322 0.3686
-0.3932 0.5330 0.3606
-0.3982 0.5338 0.3528
-0.4031 0.5345 0.3450
-0.4078 0.5355 0.3372
-0.4127 0.5364 0.3299
-0.4177 0.5374 0.3229
-0.4228 0.5386 0.3164
-0.4279 0.5396 0.3103
-0.4327 0.5406 0.3045
-0.4373 0.5415 0.2991
-0.4415 0.5420 0.2945
-0.4456 0.5424 0.2907
-0.4496 0.5429 0.2876
-0.4538 0.5436 0.2850
-0.4578 0.5443 0.2829
-0.4617 0.5449 0.2813
-0.4661 0.5461 0.2802
-0.4708 0.5475 0.2796
-0.4757 0.5488 0.2797
-0.4807 0.5501 0.2804
-0.4857 0.5512 0.2817
-0.4915 0.5528 0.2835
-0.4968 0.5538 0.2859
-0.5020 0.5547 0.2887
-0.5071 0.5554 0.2917
-0.5121 0.5560 0.2950
-0.5171 0.5567 0.2984
-0.5234 0.5574 0.3011
-0.5290 0.5582 0.3045
-0.5345 0.5591 0.3084
-0.5399 0.5600 0.3125
-0.5453 0.5608 0.3168
-0.5508 0.5617 0.3210
-0.5567 0.5627 0.3251
-0.5622 0.5634 0.3299
-0.5675 0.5639 0.3353
-0.5730 0.5643 0.3412
-0.5786 0.5646 0.3476
-0.5848 0.5651 0.3543
-0.5920 0.5659 0.3608
-0.5988 0.5661 0.3686
-0.6058 0.5660 0.3772
-0.6132 0.5657 0.3865
-0.6210 0.5654 0.3962
-0.6295 0.5651 0.4064
-0.6396 0.5657 0.4160
-0.6494 0.5657 0.4265
-0.6594 0.5655 0.4376
-0.6698 0.5652 0.4489
-0.6807 0.5647 0.4605
-0.6920 0.5642 0.4722
-0.7045 0.5641 0.4838
-0.7170 0.5634 0.4957
-0.7299 0.5624 0.5079
-0.7431 0.5612 0.5203
-0.7565 0.5598 0.5327
-0.7702 0.5583 0.5453
-0.7848 0.5572 0.5582
-0.7993 0.5559 0.5708
-0.8138 0.5546 0.5831
-0.8284 0.5534 0.5953
-0.8430 0.5522 0.6072
-0.8573 0.5511 0.6187
-0.8713 0.5505 0.6300
-0.8844 0.5498 0.6409
-0.8965 0.5493 0.6513
-0.9078 0.5490 0.6612
-0.9184 0.5490 0.6708
-0.9283 0.5492 0.6802
-0.9373 0.5486 0.6900
-0.9456 0.5486 0.6993
-0.9534 0.5489 0.7085
-0.9609 0.5493 0.7176
-0.9679 0.5497 0.7267
-0.9744 0.5503 0.7359
-0.9803 0.5511 0.7454
-0.9861 0.5516 0.7549
-0.9916 0.5519 0.7643
-0.9969 0.5524 0.7736
-1.0018 0.5530 0.7828
-1.0059 0.5539 0.7920
-1.0085 0.5550 0.8015
-1.0118 0.5555 0.8110
-1.0148 0.5555 0.8205
-1.0175 0.5550 0.8302
-1.0198 0.5541 0.8402
-1.0217 0.5527 0.8504
-1.0244 0.5473 0.8760
-1.0254 0.5453 0.8868
-1.0261 0.5432 0.8975
-1.0264 0.5411 0.9084
-1.0264 0.5389 0.9194
-1.0254 0.5372 0.9324
-1.0254 0.5372 0.9324
-1.0246 0.5351 0.9445
-1.0238 0.5329 0.9565
-1.0227 0.5308 0.9686
-1.0215 0.5288 0.9810
-1.0202 0.5269 0.9937
-1.0176 0.5241 1.0078
-1.0155 0.5223 1.0215
-1.0135 0.5212 1.0353
-1.0113 0.5207 1.0492
-1.0088 0.5206 1.0633
-1.0061 0.5203 1.0781
-1.0031 0.5191 1.0940
-1.0001 0.5192 1.1092
-0.9972 0.5199 1.1245
-0.9945 0.5210 1.1399
-0.9919 0.5221 1.1557
-0.9897 0.5229 1.1722
-0.9876 0.5232 1.1895
-0.9864 0.5245 1.2061
-0.9855 0.5266 1.2219
-0.9848 0.5297 1.2369
-0.9843 0.5334 1.2512
-0.9836 0.5372 1.2654
-0.9827 0.5404 1.2801
-0.9826 0.5443 1.3086
-0.9833 0.5450 1.3230
-0.9845 0.5456 1.3373
-0.9857 0.5462 1.3512
-0.9866 0.5470 1.3646
-0.9874 0.5485 1.3775
-0.9880 0.5502 1.3901
-0.9881 0.5517 1.4025
-0.9880 0.5529 1.4151
-0.9876 0.5535 1.4279
-0.9867 0.5540 1.4395
-0.9856 0.5535 1.4525
-0.9842 0.5522 1.4662
-0.9827 0.5504 1.4805
-0.9810 0.5481 1.4952
-0.9791 0.5456 1.5104
-0.9772 0.5460 1.5254
-0.9752 0.5444 1.5409
-0.9731 0.5422 1.5566
-0.9710 0.5400 1.5724
-0.9689 0.5379 1.5884
-0.9668 0.5358 1.6046
-0.9641 0.5335 1.6198
-0.9619 0.5316 1.6361
-0.9598 0.5298 1.6529
-0.9576 0.5282 1.6700
-0.9554 0.5268 1.6873
-0.9531 0.5255 1.7048
-0.9495 0.5248 1.7214
-0.9464 0.5238 1.7389
-0.9430 0.5228 1.7567
-0.9394 0.5222 1.7746
-0.9355 0.5223 1.7922
-0.9312 0.5237 1.8090
-0.9267 0.5265 1.8238
-0.9217 0.5309 1.8383
-0.9162 0.5360 1.8523
-0.9102 0.5410 1.8660
-0.9037 0.5450 1.8799
-0.8965 0.5478 1.8936
-0.8887 0.5493 1.9067
-0.8808 0.5497 1.9209
-0.8729 0.5499 1.9351
-0.8650 0.5506 1.9487
-0.8575 0.5519 1.9617
-0.8504 0.5537 1.9738
-0.8438 0.5556 1.9848
-0.8379 0.5570 1.9970
-0.8325 0.5577 2.0098
-0.8276 0.5575 2.0231
-0.8230 0.5567 2.0367
-0.8145 0.5534 2.0641
-0.8108 0.5515 2.0768
-0.8066 0.5491 2.0906
-0.8020 0.5466 2.1049
-0.7972 0.5441 2.1194
-0.7923 0.5417 2.1341
-0.7873 0.5398 2.1489
-0.7822 0.5381 2.1638
-0.7770 0.5367 2.1789
-0.7716 0.5356 2.1942
-0.7660 0.5345 2.2099
-0.7602 0.5334 2.2259
-0.7543 0.5324 2.2423
-0.7478 0.5320 2.2568
-0.7419 0.5317 2.2728
-0.7362 0.5316 2.2895
-0.7308 0.5320 2.3063
-0.7259 0.5332 2.3231
-0.7207 0.5318 2.3377
-0.7167 0.5338 2.3534
-0.7135 0.5374 2.3690
-0.7111 0.5419 2.3844
-0.7093 0.5468 2.3994
-0.7080 0.5514 2.4144
-0.7042 0.5530 2.4289
-0.7028 0.5549 2.4442
-0.7027 0.5564 2.4600
-0.7032 0.5576 2.4759
-0.7037 0.5589 2.4912
-0.7035 0.5599 2.5065
-0.7018 0.5601 2.5219
-0.7009 0.5624 2.5356
-0.6998 0.5650 2.5485
-0.6984 0.5674 2.5614
-0.6966 0.5690 2.5745
-0.6943 0.5700 2.5866
-0.6913 0.5702 2.5968
-0.6883 0.5693 2.6099
-0.6852 0.5676 2.6242
-0.6819 0.5654 2.6389
-0.6783 0.5627 2.6539
-0.6746 0.5598 2.6690
-0.6701 0.5595 2.6803
-0.6660 0.5573 2.6944
-0.6619 0.5545 2.7092
-0.6578 0.5516 2.7244
-0.6538 0.5489 2.7396
-0.6496 0.5464 2.7551
-0.6454 0.5441 2.7707
-0.6412 0.5424 2.7858
-0.6367 0.5407 2.8017
-0.6320 0.5394 2.8177
-0.6270 0.5388 2.8340
-0.6217 0.5387 2.8502
-0.6175 0.5376 2.8653
-0.6122 0.5385 2.8809
-0.6061 0.5409 2.8964
-0.5996 0.5444 2.9113
-0.5927 0.5490 2.9252
-0.5854 0.5543 2.9381
-0.5778 0.5603 2.9499
-0.5697 0.5654 2.9616
-0.5609 0.5689 2.9737
-0.5514 0.5704 2.9863
-0.5415 0.5701 2.9995
-0.5316 0.5688 3.0129
-0.5224 0.5649 3.0300
-0.5136 0.5634 3.0433
-0.5055 0.5633 3.0549
-0.4981 0.5642 3.0657
-0.4915 0.5654 3.0762
-0.4856 0.5663 3.0870
-0.4808 0.5660 3.0975
-0.4761 0.5651 3.1093
-0.4717 0.5634 3.1220
-0.4674 0.5608 3.1356
-0.4632 0.5576 3.1496
-0.4591 0.5541 3.1640
-0.4551 0.5504 3.1787
-0.4510 0.5470 3.1934
-0.4469 0.5438 3.2082
-0.4428 0.5411 3.2230
-0.4389 0.5390 3.2378
-0.4349 0.5374 3.2526
-0.4309 0.5371 3.2666
-0.4268 0.5363 3.2815
-0.4226 0.5352 3.2969
-0.4184 0.5342 3.3126
-0.4143 0.5332 3.3285
-0.4103 0.5325 3.3447
-0.4042 0.5303 3.3638
-0.3999 0.5297 3.3814
-0.3963 0.5299 3.3985
-0.3934 0.5311 3.4155
-0.3912 0.5334 3.4321
-0.3895 0.5370 3.4480
-0.3877 0.5375 3.4658
-0.3868 0.5413 3.4811
-0.3865 0.5457 3.4956
-0.3868 0.5495 3.5101
-0.3878 0.5518 3.5251
-0.3896 0.5527 3.5407
-0.3910 0.5509 3.5605
-0.3942 0.5497 3.5774
-0.3981 0.5492 3.5926
-0.4022 0.5498 3.6063
-0.4062 0.5517 3.6188
-0.4099 0.5541 3.6303
-0.4120 0.5552 3.6433
-0.4144 0.5565 3.6549
-0.4167 0.5570 3.6665
-0.4188 0.5564 3.6784
-0.4207 0.5547 3.6908
-0.4222 0.5523 3.7038
-0.4227 0.5484 3.7179
-0.4234 0.5452 3.7318
-0.4242 0.5422 3.7456
-0.4249 0.5395 3.7594
-0.4256 0.5372 3.7733
-0.4261 0.5356 3.7873
-0.4263 0.5353 3.8015
-0.4270 0.5345 3.8156
-0.4277 0.5337 3.8298
-0.4286 0.5331 3.8442
-0.4295 0.5328 3.8587
-0.4302 0.5328 3.8733
-0.4310 0.5319 3.8891
-0.4314 0.5322 3.9043
-0.4314 0.5333 3.9194
-0.4312 0.5349 3.9343
-0.4306 0.5372 3.9491
-0.4296 0.5402 3.9635
-0.4281 0.5417 3.9781
-0.4265 0.5458 3.9912
-0.4247 0.5508 4.0032
-0.4226 0.5560 4.0144
-0.4202 0.5605 4.0254
-0.4175 0.5636 4.0365
-0.4145 0.5648 4.0484
-0.4111 0.5619 4.0613
-0.4072 0.5585 4.0749
-0.4029 0.5543 4.0884
-0.3984 0.5503 4.1009
-0.3941 0.5473 4.1120
-0.3910 0.5446 4.1226
-0.3880 0.5434 4.1316
-0.3856 0.5426 4.1399
-0.3840 0.5413 4.1483
-0.3832 0.5390 4.1571
-0.3831 0.5359 4.1665
-0.3837 0.5321 4.1763
-0.3847 0.5279 4.1863
-0.3861 0.5234 4.1965
-0.3878 0.5189 4.2068
-0.3897 0.5146 4.2171
-0.3920 0.5105 4.2285
-0.3949 0.5066 4.2416
-0.3976 0.5042 4.2527
-0.4003 0.5028 4.2630
-0.4030 0.5022 4.2730
-0.4058 0.5018 4.2830
-0.4089 0.5015 4.2932
-0.4108 0.5017 4.3073
-0.4141 0.5014 4.3190
-0.4183 0.5011 4.3299
-0.4231 0.5010 4.3406
-0.4288 0.5013 4.3509
-0.4352 0.5021 4.3610
-0.4417 0.5026 4.3772
-0.4493 0.5040 4.3889
-0.4579 0.5061 4.3985
-0.4672 0.5091 4.4064
-0.4769 0.5129 4.4127
-0.4868 0.5173 4.4174
-0.4968 0.5210 4.4255
-0.5077 0.5240 4.4295
-0.5196 0.5258 4.4316
-0.5322 0.5263 4.4323
-0.5453 0.5258 4.4316
-0.5582 0.5247 4.4292
-0.5701 0.5237 4.4279
-0.5815 0.5228 4.4230
-0.5922 0.5219 4.4159
-0.6022 0.5208 4.4072
-0.6115 0.5193 4.3972
-0.6201 0.5176 4.3865
-0.6279 0.5158 4.3754
-0.6352 0.5134 4.3624
-0.6418 0.5106 4.3479
-0.6477 0.5077 4.3324
-0.6528 0.5047 4.3160
-0.6572 0.5016 4.2988
-0.6608 0.4989 4.2825
-0.6637 0.4961 4.2645
-0.6657 0.4935 4.2455
-0.6669 0.4914 4.2259
-0.6673 0.4899 4.2058
-0.6667 0.4895 4.1859
-0.6654 0.4902 4.1665
-0.6632 0.4907 4.1465
-0.6603 0.4911 4.1264
-0.6568 0.4916 4.1065
-0.6529 0.4920 4.0870
-0.6485 0.4919 4.0681
-0.6437 0.4912 4.0500
-0.6391 0.4907 4.0320
-0.6346 0.4900 4.0144
-0.6301 0.4891 3.9972
-0.6258 0.4880 3.9804
-0.6218 0.4867 3.9641
-0.6166 0.4873 3.9485
-0.6130 0.4861 3.9329
-0.6101 0.4841 3.9177
-0.6074 0.4821 3.9030
-0.6044 0.4808 3.8887
-0.6011 0.4806 3.8751
-0.5984 0.4813 3.8624
-0.5952 0.4823 3.8496
-0.5922 0.4830 3.8365
-0.5898 0.4831 3.8232
-0.5878 0.4830 3.8099
-0.5866 0.4824 3.7972
-0.5865 0.4817 3.7851
-0.5855 0.4827 3.7737
-0.5844 0.4846 3.7627
-0.5835 0.4865 3.7520
-0.5831 0.4876 3.7411
-0.5834 0.4876 3.7301
-0.5845 0.4877 3.7198
-0.5862 0.4859 3.7086
-0.5883 0.4833 3.6974
-0.5907 0.4804 3.6862
-0.5933 0.4775 3.6753
-0.5957 0.4753 3.6644
-0.5977 0.4742 3.6536
-0.6007 0.4722 3.6431
-0.6042 0.4698 3.6326
-0.6082 0.4674 3.6221
-0.6125 0.4648 3.6114
-0.6171 0.4622 3.6004
-0.6223 0.4596 3.5928
-0.6273 0.4571 3.5824
-0.6325 0.4548 3.5707
-0.6379 0.4527 3.5583
-0.6435 0.4508 3.5453
-0.6493 0.4493 3.5328
-0.6556 0.4481 3.5219
-0.6621 0.4474 3.5086
-0.6689 0.4472 3.4944
-0.6758 0.4476 3.4797
-0.6829 0.4485 3.4645
-0.6898 0.4498 3.4489
-0.6966 0.4515 3.4357
-0.7030 0.4536 3.4199
-0.7088 0.4564 3.4032
-0.7138 0.4603 3.3862
-0.7180 0.4655 3.3695
-0.7212 0.4718 3.3533
-0.7240 0.4790 3.3394
-0.7261 0.4853 3.3245
-0.7277 0.4901 3.3089
-0.7289 0.4930 3.2926
-0.7298 0.4941 3.2758
-0.7303 0.4940 3.2587
-0.7310 0.4942 3.2430
-0.7310 0.4942 3.2271
-0.7306 0.4945 3.2115
-0.7302 0.4953 3.1966
-0.7299 0.4961 3.1820
-0.7297 0.4966 3.1675
-0.7292 0.4980 3.1569
-0.7293 0.4977 3.1435
-0.7298 0.4964 3.1289
-0.7305 0.4945 3.1137
-0.7314 0.4921 3.0980
-0.7325 0.4894 3.0820
-0.7333 0.4882 3.0674
-0.7345 0.4860 3.0512
-0.7360 0.4837 3.0345
-0.7376 0.4815 3.0173
-0.7395 0.4796 2.9999
-0.7418 0.4780 2.9822
-0.7459 0.4765 2.9652
-0.7493 0.4754 2.9472
-0.7528 0.4747 2.9289
-0.7567 0.4746 2.9104
-0.7611 0.4751 2.8920
-0.7662 0.4758 2.8741
-0.7721 0.4762 2.8569
-0.7786 0.4778 2.8397
-0.7856 0.4802 2.8228
-0.7929 0.4837 2.8068
-0.8001 0.4883 2.7919
-0.8072 0.4940 2.7780
-0.8138 0.4987 2.7644
-0.8207 0.5036 2.7517
-0.8280 0.5074 2.7390
-0.8360 0.5093 2.7261
-0.8446 0.5094 2.7129
-0.8538 0.5082 2.6996
-0.8626 0.5061 2.6837
-0.8712 0.5053 2.6707
-0.8792 0.5057 2.6589
-0.8866 0.5068 2.6478
-0.8934 0.5080 2.6367
-0.8997 0.5086 2.6252
-0.9062 0.5084 2.6112
-0.9122 0.5071 2.5976
-0.9180 0.5051 2.5836
-0.9236 0.5028 2.5693
-0.9292 0.5005 2.5545
-0.9349 0.4982 2.5393
-0.9410 0.4976 2.5229
-0.9471 0.4961 2.5066
-0.9531 0.4946 2.4900
-0.9590 0.4937 2.4732
-0.9649 0.4934 2.4563
-0.9707 0.4936 2.4393
-0.9763 0.4919 2.4222
-0.9823 0.4915 2.4047
-0.9885 0.4912 2.3870
-0.9945 0.4909 2.3690
-1.0002 0.4906 2.3508
-1.0055 0.4905 2.3325
-1.0112 0.4899 2.3139
-1.0154 0.4901 2.2956
-1.0185 0.4909 2.2777
-1.0209 0.4925 2.2604
-1.0225 0.4949 2.2437
-1.0240 0.4975 2.2273
-1.0260 0.4997 2.2104
-1.0268 0.5023 2.1950
-1.0270 0.5042 2.1799
-1.0268 0.5049 2.1643
-1.0263 0.5044 2.1482
-1.0254 0.5031 2.1318
-1.0276 0.4994 2.1111
-1.0273 0.4978 2.0937
-1.0261 0.4979 2.0777
-1.0247 0.4993 2.0627
-1.0233 0.5016 2.0482
-1.0220 0.5040 2.0339
-1.0220 0.5058 2.0175
-1.0216 0.5069 2.0022
-1.0215 0.5071 1.9869
-1.0218 0.5062 1.9713
-1.0224 0.5045 1.9553
-1.0235 0.5021 1.9389
-1.0252 0.4999 1.9225
-1.0269 0.4971 1.9056
-1.0285 0.4942 1.8886
-1.0302 0.4915 1.8713
-1.0318 0.4890 1.8540
-1.0333 0.4868 1.8367
-1.0352 0.4837 1.8206
-1.0367 0.4818 1.8034
-1.0379 0.4806 1.7858
-1.0390 0.4798 1.7679
-1.0402 0.4795 1.7498
-1.0416 0.4797 1.7317
-1.0437 0.4768 1.7154
-1.0460 0.4768 1.6980
-1.0488 0.4781 1.6804
-1.0521 0.4802 1.6630
-1.0560 0.4833 1.6464
-1.0601 0.4876 1.6307
-1.0644 0.4905 1.6167
-1.0691 0.4954 1.6029
-1.0743 0.5003 1.5893
-1.0802 0.5041 1.5753
-1.0866 0.5062 1.5609
-1.0935 0.5070 1.5464
-1.1003 0.5072 1.5325
-1.1070 0.5078 1.5189
-1.1132 0.5091 1.5061
-1.1188 0.5108 1.4938
-1.1238 0.5124 1.4818
-1.1282 0.5135 1.4696
-1.1316 0.5146 1.4598
-1.1345 0.5142 1.4475
-1.1369 0.5129 1.4341
-1.1388 0.5113 1.4202
-1.1402 0.5096 1.4059
-1.1413 0.5078 1.3915
-1.1429 0.5074 1.3787
-1.1438 0.5059 1.3644
-1.1446 0.5038 1.3493
-1.1454 0.5016 1.3338
-1.1462 0.4995 1.3181
-1.1472 0.4976 1.3022
-1.1484 0.4955 1.2877
-1.1499 0.4936 1.2719
-1.1516 0.4915 1.2554
-1.1536 0.4893 1.2384
-1.1558 0.4869 1.2209
-1.1579 0.4844 1.2031
-1.1600 0.4811 1.1862
-1.1619 0.4793 1.1688
-1.1635 0.4785 1.1513
-1.1649 0.4787 1.1341
-1.1660 0.4799 1.1171
-1.1667 0.4819 1.1005
-1.1673 0.4839 1.0840
-1.1670 0.4870 1.0687
-1.1659 0.4907 1.0542
-1.1640 0.4946 1.0402
-1.1613 0.4980 1.0265
-1.1577 0.5005 1.0125
-1.1535 0.5014 0.9978
-1.1481 0.5015 0.9833
-1.1417 0.5011 0.9692
-1.1345 0.5008 0.9558
-1.1270 0.5013 0.9434
-1.1198 0.5026 0.9314
-1.1134 0.5048 0.9193
-1.1063 0.5071 0.9090
-1.0990 0.5094 0.8995
-1.0917 0.5112 0.8902
-1.0846 0.5122 0.8807
-1.0777 0.5125 0.8708
-1.0731 0.5121 0.8565
-1.0668 0.5108 0.8444
-1.0598 0.5088 0.8327
-1.0523 0.5064 0.8210
-1.0444 0.5037 0.8093
-1.0361 0.5009 0.7976
-1.0299 0.4997 0.7803
-1.0216 0.4977 0.7666
-1.0124 0.4955 0.7536
-1.0027 0.4932 0.7406
-0.9926 0.4910 0.7272
-0.9820 0.4889 0.7134
-0.9723 0.4867 0.6938
-0.9612 0.4859 0.6778
-0.9496 0.4861 0.6631
-0.9379 0.4875 0.6489
-0.9264 0.4900 0.6351
-0.9150 0.4936 0.6214
-0.9040 0.4971 0.6050
-0.8929 0.5015 0.5902
-0.8821 0.5061 0.5757
-0.8717 0.5110 0.5612
-0.8620 0.5165 0.5472
-0.8529 0.5227 0.5340
-0.8443 0.5291 0.5199
-0.8359 0.5361 0.5083
-0.8274 0.5428 0.4980
-0.8186 0.5487 0.4878
-0.8092 0.5533 0.4775
-0.7997 0.5568 0.4673
-0.7911 0.5594 0.4565
-0.7821 0.5622 0.4476
-0.7732 0.5652 0.4401
-0.7642 0.5684 0.4336
-0.7553 0.5716 0.4278
-0.7467 0.5746 0.4225
-0.7385 0.5774 0.4179
-0.7291 0.5789 0.4129
-0.7191 0.5795 0.4078
-0.7085 0.5795 0.4028
-0.6974 0.5790 0.3981
-0.6859 0.5781 0.3939
-0.6744 0.5770 0.3894
-0.6626 0.5756 0.3863
-0.6506 0.5743 0.3844
-0.6386 0.5729 0.3836
-0.6270 0.5715 0.3837
-0.6158 0.5703 0.3846
-0.6056 0.5702 0.3859
-0.5955 0.5695 0.3881
-0.5860 0.5685 0.3908
-0.5770 0.5676 0.3937
-0.5686 0.5666 0.3969
-0.5603 0.5661 0.3989
-0.5515 0.5663 0.3988
-0.5443 0.5658 0.4008
-0.5381 0.5653 0.4034
-0.5328 0.5651 0.4062
-0.5284 0.5654 0.4090
-0.5240 0.5663 0.4106
-0.5190 0.5679 0.4101
-0.5164 0.5695 0.4115
-0.5150 0.5710 0.4132
-0.5145 0.5726 0.4148
-0.5146 0.5740 0.4160
-0.5144 0.5758 0.4158
-0.5130 0.5780 0.4136
-0.5133 0.5791 0.4125
-0.5140 0.5794 0.4112
-0.5150 0.5792 0.4096
-0.5164 0.5788 0.4075
-0.5170 0.5789 0.4039
-0.5159 0.5797 0.3983
-0.5167 0.5802 0.3940
-0.5178 0.5805 0.3899
-0.5187 0.5806 0.3857
-0.5191 0.5803 0.3815
-0.5192 0.5800 0.3773
-0.5164 0.5808 0.3710
-0.5156 0.5814 0.3665
-0.5155 0.5824 0.3628
-0.5156 0.5836 0.3596
-0.5157 0.5849 0.3568
-0.5147 0.5860 0.3536
-0.5122 0.5867 0.3496
-0.5110 0.5875 0.3474
-0.5102 0.5882 0.3461
-0.5096 0.5887 0.3453
-0.5091 0.5890 0.3450
-0.5086 0.5890 0.3451
-0.5045 0.5881 0.3432
-0.5030 0.5875 0.3432
-0.5025 0.5871 0.3438
-0.5024 0.5868 0.3447
-0.5024 0.5866 0.3457
-0.5016 0.5858 0.3463
-0.4995 0.5840 0.3461
-0.4990 0.5835 0.3464
-0.4992 0.5838 0.3466
-0.4998 0.5848 0.3465
-0.5005 0.5862 0.3459
-0.5008 0.5873 0.3448
-0.5004 0.5876 0.3430
-0.4998 0.5876 0.3414
-0.4989 0.5872 0.3398
-0.4981 0.5864 0.3383
-0.4975 0.5858 0.3370
-0.4971 0.5854 0.3358
-0.4967 0.5851 0.3346
-0.4970 0.5859 0.3338
-0.4974 0.5870 0.3333
-0.4976 0.5880 0.3331
-0.4977 0.5886 0.3332
-0.4971 0.5887 0.3334
-0.4959 0.5881 0.3336
-0.4953 0.5882 0.3340
-0.4948 0.5887 0.3344
-0.4945 0.5895 0.3349
-0.4944 0.5905 0.3355
-0.4943 0.5916 0.3361
-0.4941 0.5923 0.3367
-0.4943 0.5937 0.3374
-0.4948 0.5955 0.3380
-0.4955 0.5975 0.3385
-0.4963 0.5996 0.3387
-0.4970 0.6015 0.3388
-0.4977 0.6026 0.3383
-0.4980 0.6036 0.3380
-0.4982 0.6044 0.3377
-0.4982 0.6049 0.3373
-0.4983 0.6055 0.3368
-0.4985 0.6062 0.3361
-0.4991 0.6057 0.3349
-0.4999 0.6066 0.3336
-0.5007 0.6082 0.3322
-0.5016 0.6101 0.3306
-0.5023 0.6120 0.3288
-0.5029 0.6132 0.3272
-0.5036 0.6133 0.3256
-0.5039 0.6143 0.3240
-0.5040 0.6155 0.3222
-0.5041 0.6169 0.3202
-0.5044 0.6183 0.3180
-0.5046 0.6196 0.3158
-0.5047 0.6204 0.3139
-0.5055 0.6218 0.3116
-0.5066 0.6233 0.3092
-0.5080 0.6250 0.3068
-0.5097 0.6267 0.3045
-0.5116 0.6283 0.3027
-0.5139 0.6296 0.3014
-0.5156 0.6308 0.2999
-0.5170 0.6319 0.2983
-0.5182 0.6328 0.2968
-0.5190 0.6335 0.2954
-0.5195 0.6337 0.2942
-0.5197 0.6330 0.2936
-0.5201 0.6334 0.2924
-0.5205 0.6343 0.2911
-0.5210 0.6355 0.2896
-0.5215 0.6367 0.2881
-0.5224 0.6382 0.2866
-0.5236 0.6400 0.2850
-0.5244 0.6414 0.2837
-0.5249 0.6427 0.2825
-0.5254 0.6441 0.2815
-0.5258 0.6455 0.2805
-0.5263 0.6468 0.2796
-0.5273 0.6478 0.2793
-0.5279 0.6489 0.2788
-0.5282 0.6498 0.2784
-0.5284 0.6508 0.2780
-0.5285 0.6516 0.2777
-0.5288 0.6523 0.2775
-0.5298 0.6529 0.2773
-0.5302 0.6536 0.2773
-0.5302 0.6542 0.2775
-0.5302 0.6548 0.2777
-0.5301 0.6553 0.2778
-0.5300 0.6559 0.2779
-0.5315 0.6568 0.2773
-0.5319 0.6574 0.2772
-0.5319 0.6578 0.2772
-0.5318 0.6581 0.2774
-0.5318 0.6585 0.2775
-0.5318 0.6588 0.2777
-0.5329 0.6596 0.2774
-0.5333 0.6601 0.2774
-0.5335 0.6605 0.2775
-0.5336 0.6609 0.2777
-0.5335 0.6612 0.2779
-0.5334 0.6615 0.2781
-0.5341 0.6623 0.2777
-0.5343 0.6629 0.2777
-0.5344 0.6634 0.2778
-0.5345 0.6639 0.2780
-0.5345 0.6644 0.2782
-0.5346 0.6649 0.2784
-0.5348 0.6655 0.2784
-0.5349 0.6660 0.2786
-0.5349 0.6665 0.2788
-0.5350 0.6671 0.2791
-0.5352 0.6676 0.2793
-0.5351 0.6680 0.2795
-0.5346 0.6679 0.2795
-0.5345 0.6682 0.2797
-0.5345 0.6687 0.2800
-0.5346 0.6693 0.2803
-0.5348 0.6699 0.2806
-0.5350 0.6706 0.2809
-0.5347 0.6705 0.2813
-0.5347 0.6709 0.2816
-0.5348 0.6713 0.2819
-0.5349 0.6719 0.2821
-0.5351 0.6725 0.2824
-0.5352 0.6728 0.2827
-0.5352 0.6725 0.2832
-0.5352 0.6727 0.2835
-0.5353 0.6732 0.2838
-0.5355 0.6737 0.2840
-0.5357 0.6743 0.2842
-0.5359 0.6748 0.2845
-0.5359 0.6760 0.2850
-0.5359 0.6767 0.2853
-0.5361 0.6772 0.2856
-0.5362 0.6777 0.2858
-0.5364 0.6781 0.2861
-0.5366 0.6780 0.2864
-0.5367 0.6772 0.2868
-0.5368 0.6771 0.2870
-0.5369 0.6772 0.2872
-0.5371 0.6774 0.2873
-0.5372 0.6776 0.2874
-0.5374 0.6778 0.2874
-0.5373 0.6774 0.2881
-0.5374 0.6773 0.2883
-0.5375 0.6773 0.2885
-0.5376 0.6774 0.2886
-0.5377 0.6775 0.2887
-0.5379 0.6775 0.2889
-0.5380 0.6775 0.2894
-0.5381 0.6775 0.2896
-0.5381 0.6775 0.2897
-0.5382 0.6776 0.2898
-0.5382 0.6777 0.2898
-0.5383 0.6777 0.2902
-0.5384 0.6775 0.2910
-0.5385 0.6775 0.2914
-0.5385 0.6776 0.2916
-0.5386 0.6778 0.2917
-0.5387 0.6779 0.2918
-0.5388 0.6781 0.2919
-0.5385 0.6770 0.2928
-0.5385 0.6767 0.2932
-0.5386 0.6768 0.2933
-0.5388 0.6770 0.2934
-0.5389 0.6772 0.2935
-0.5390 0.6774 0.2936
-0.5390 0.6769 0.2933
-0.5390 0.6769 0.2933
-0.5390 0.6770 0.2935
-0.5391 0.6771 0.2936
-0.5391 0.6772 0.2938
-0.5391 0.6773 0.2940
-0.5388 0.6770 0.2942
-0.5387 0.6770 0.2943
-0.5387 0.6772 0.2944
-0.5387 0.6774 0.2946
-0.5386 0.6776 0.2947
-0.5386 0.6778 0.2948
-0.5384 0.6777 0.2960
-0.5383 0.6778 0.2965
-0.5382 0.6780 0.2967
-0.5381 0.6781 0.2969
-0.5381 0.6782 0.2970
-0.5380 0.6783 0.2973
-0.5381 0.6783 0.2977
-0.5381 0.6783 0.2980
-0.5380 0.6783 0.2981
-0.5379 0.6783 0.2982
-0.5378 0.6784 0.2983
-0.5378 0.6784 0.2984
-0.5378 0.6784 0.2986
-0.5377 0.6785 0.2987
-0.5376 0.6785 0.2988
-0.5375 0.6785 0.2988
-0.5374 0.6785 0.2989
-0.5374 0.6786 0.2990
-0.5376 0.6790 0.2991
-0.5375 0.6790 0.2992
-0.5374 0.6790 0.2993
-0.5372 0.6789 0.2994
-0.5371 0.6788 0.2995
-0.5370 0.6787 0.2995
-0.5367 0.6783 0.2997
-0.5366 0.6781 0.2998
-0.5364 0.6779 0.2998
-0.5362 0.6778 0.2998
-0.5361 0.6777 0.2998
-0.5361 0.6777 0.2998
-0.5363 0.6783 0.2994
-0.5364 0.6786 0.2993
-0.5364 0.6787 0.2992
-0.5364 0.6789 0.2990
-0.5363 0.6790 0.2989
-0.5363 0.6791 0.2988
-0.5362 0.6789 0.2992
-0.5362 0.6789 0.2993
-0.5361 0.6790 0.2992
-0.5361 0.6791 0.2991
-0.5361 0.6792 0.2990
-0.5360 0.6792 0.2990
-0.5357 0.6792 0.2992
-0.5355 0.6792 0.2993
-0.5355 0.6793 0.2992
-0.5354 0.6793 0.2991
-0.5354 0.6794 0.2990
-0.5353 0.6794 0.2989
-0.5352 0.6794 0.2988
-0.5352 0.6795 0.2987
-0.5351 0.6795 0.2985
-0.5350 0.6795 0.2984
-0.5350 0.6795 0.2983
-0.5351 0.6796 0.2982
-0.5354 0.6796 0.2982
-0.5355 0.6797 0.2981
-0.5356 0.6797 0.2981
-0.5356 0.6798 0.2980
-0.5356 0.6799 0.2980
-0.5356 0.6800 0.2980
-0.5356 0.6799 0.2980
-0.5356 0.6799 0.2981
-0.5356 0.6800 0.2981
-0.5356 0.6801 0.2981
-0.5357 0.6801 0.2982
-0.5357 0.6802 0.2983
-0.5358 0.6801 0.2985
-0.5358 0.6801 0.2986
-0.5358 0.6801 0.2987
-0.5358 0.6801 0.2988
-0.5358 0.6802 0.2989
-0.5359 0.6801 0.2989
-0.5363 0.6797 0.2989
-0.5364 0.6796 0.2990
-0.5364 0.6796 0.2990
-0.5365 0.6796 0.2991
-0.5365 0.6797 0.2991
-0.5365 0.6797 0.2991
-0.5363 0.6795 0.2991
-0.5363 0.6795 0.2991
-0.5363 0.6795 0.2991
-0.5363 0.6795 0.2991
-0.5363 0.6795 0.2992
-0.5362 0.6795 0.2993
-0.5363 0.6796 0.2992
-0.5363 0.6796 0.2993
-0.5363 0.6796 0.2993
-0.5363 0.6797 0.2994
-0.5363 0.6797 0.2994
-0.5362 0.6797 0.2995
-0.5359 0.6797 0.2995
-0.5358 0.6798 0.2995
-0.5358 0.6798 0.2996
-0.5357 0.6799 0.2997
-0.5357 0.6799 0.2998
-0.5356 0.6800 0.2998
-0.5354 0.6799 0.2998
-0.5353 0.6799 0.2998
-0.5353 0.6799 0.2998
-0.5352 0.6799 0.2998
-0.5352 0.6799 0.2998
-0.5351 0.6799 0.3000
-0.5348 0.6799 0.3003
-0.5346 0.6798 0.3004
-0.5345 0.6798 0.3005
-0.5344 0.6797 0.3006
-0.5343 0.6797 0.3006
-0.5343 0.6797 0.3007
-0.5343 0.6795 0.3006
-0.5343 0.6795 0.3006
-0.5343 0.6795 0.3006
-0.5343 0.6796 0.3006
-0.5342 0.6796 0.3007
-0.5342 0.6797 0.3007
-0.5342 0.6797 0.3005
-0.5342 0.6798 0.3005
-0.5341 0.6798 0.3005
-0.5341 0.6798 0.3006
-0.5340 0.6798 0.3007
-0.5339 0.6798 0.3008
-0.5340 0.6797 0.3008
-0.5340 0.6797 0.3008
-0.5339 0.6797 0.3008
-0.5339 0.6797 0.3007
-0.5339 0.6798 0.3007
-0.5339 0.6798 0.3007
-0.5339 0.6799 0.3007
-0.5340 0.6799 0.3006
-0.5340 0.6800 0.3006
-0.5340 0.6800 0.3005
-0.5340 0.6802 0.3004
-0.5341 0.6803 0.3003
-0.5340 0.6804 0.3005
-0.5340 0.6805 0.3005
-0.5341 0.6806 0.3005
-0.5342 0.6807 0.3006
-0.5343 0.6807 0.3006
-0.5342 0.6807 0.3008
-0.5339 0.6805 0.3011
-0.5338 0.6804 0.3012
-0.5339 0.6804 0.3012
-0.5339 0.6805 0.3012
-0.5340 0.6805 0.3012
-0.5340 0.6806 0.3013
-0.5338 0.6804 0.3015
-0.5338 0.6803 0.3016
-0.5339 0.6803 0.3016
-0.5341 0.6804 0.3015
-0.5342 0.6804 0.3015
-0.5342 0.6804 0.3014
-0.5340 0.6803 0.3014
-0.5339 0.6803 0.3013
-0.5340 0.6802 0.3012
-0.5340 0.6803 0.3011
-0.5341 0.6803 0.3010
-0.5341 0.6804 0.3009
-0.5337 0.6804 0.3011
-0.5337 0.6804 0.3010
-0.5337 0.6805 0.3010
-0.5338 0.6807 0.3008
-0.5339 0.6808 0.3007
-0.5340 0.6809 0.3006
-0.5337 0.6809 0.3007
-0.5336 0.6810 0.3007
-0.5337 0.6811 0.3005
-0.5338 0.6812 0.3004
-0.5338 0.6813 0.3003
-0.5339 0.6813 0.3001
-0.5337 0.6813 0.3003
-0.5337 0.6813 0.3003
-0.5337 0.6813 0.3002
-0.5338 0.6814 0.3001
-0.5339 0.6814 0.3000
-0.5340 0.6815 0.2999
-0.5339 0.6817 0.3000
-0.5339 0.6818 0.2999
-0.5339 0.6819 0.2997
-0.5339 0.6820 0.2996
-0.5339 0.6822 0.2994
-0.5340 0.6824 0.2992
-0.5343 0.6829 0.2990
-0.5344 0.6831 0.2988
-0.5345 0.6834 0.2986
-0.5345 0.6836 0.2984
-0.5346 0.6838 0.2983
-0.5348 0.6841 0.2981
-0.5355 0.6843 0.2979
-0.5357 0.6845 0.2978
-0.5359 0.6846 0.2977
-0.5360 0.6848 0.2976
-0.5361 0.6849 0.2976
-0.5362 0.6850 0.2975
-0.5361 0.6842 0.2986
-0.5362 0.6840 0.2989
-0.5362 0.6840 0.2990
-0.5363 0.6840 0.2990
-0.5364 0.6840 0.2990
-0.5364 0.6840 0.2993
-0.5362 0.6838 0.2998
-0.5362 0.6838 0.3000
-0.5362 0.6838 0.3001
-0.5363 0.6839 0.3001
-0.5364 0.6840 0.3001
-0.5364 0.6841 0.3001
-0.5364 0.6842 0.3000
-0.5364 0.6843 0.3000
-0.5364 0.6843 0.3000
-0.5364 0.6842 0.3000

