0.0283 -0.0535 0.0371
0.0273 0.0416 -0.0155
0.0561 0.0448 -0.0108
0.0420 0.0287 0.0062
-0.0156 0.0248 0.0205
-0.0261 0.0270 0.0102
-0.0143 0.0124 0.0085
0.0148 -0.0063 0.0206
0.0251 -0.0029 0.0208
0.0202 0.0122 0.0162
0.0239 0.0141 0.0267
0.0220 0.0082 0.0283
0.0114 0.0376 0.0300
-0.0003 0.0489 0.0265
-0.0011 0.0393 0.0266
0.0081 -0.0014 0.0311
0.0006 -0.0302 0.0220
-0.0045 -0.0216 0.0197
-0.0005 0.0092 -0.0076
0.0133 0.0227 -0.0148
0.0148 0.0031 -0.0140
0.0070 0.0012 -0.0080
0.0174 0.0164 -0.0155
0.0304 0.0127 -0.0136
0.0345 0.0129 -0.0058
0.0160 0.0012 0.0037
0.0138 0.0056 0.0061
0.0226 0.0142 -0.0039
0.0215 -0.0013 0.0032
0.0181 0.0023 0.0051
0.0133 0.0167 -0.0078
0.0277 0.0237 -0.0120
0.0442 0.0172 -0.0188
0.0382 0.0123 -0.0091
0.0075 0.0142 -0.0122
0.0006 0.0145 -0.0130
0.0138 0.0094 -0.0031
0.0218 0.0123 0.0043
0.0560 0.0897 -0.0061
0.0703 0.0343 0.0039
0.0479 0.0002 0.0267
-0.0450 -0.0240 0.0415
-0.0688 0.0136 0.0248
-0.0377 0.0247 0.0050
0.0379 0.0585 -0.0400
0.1229 0.0676 -0.0558
0.0070 0.0290 -0.0086
0.0070 0.0290 -0.0086
-0.0448 -0.0317 0.0251
-0.0134 -0.0603 0.0356
-0.0007 -0.0256 0.0208
0.0175 -0.0079 0.0099
0.0551 0.0299 0.0055
0.0458 0.0424 0.0150
0.0319 0.0320 0.0203
0.0095 -0.0070 0.0297
-0.0069 -0.0225 0.0151
-0.0043 -0.0125 0.0041
0.0084 0.0015 -0.0039
0.0257 0.0065 0.0075
0.0237 -0.0018 0.0111
-0.0023 0.0095 0.0206
-0.0104 0.0211 0.0156
0.0052 0.0309 0.0160
0.0216 0.0108 0.0169
0.0282 -0.0081 0.0231
0.0173 -0.0279 0.0242
-0.0023 -0.0010 0.0119
0.0025 0.0139 0.0054
0.0301 0.0397 -0.0035
0.0230 0.0166 -0.0007
0.0141 0.0123 0.0021
0.0118 0.0160 0.0021
0.0093 0.0278 0.0032
0.0182 0.0336 0.0020
0.0279 0.0076 0.0048
0.0049 -0.0002 0.0021
-0.0038 0.0039 -0.0012
0.0109 0.0215 -0.0123
0.0328 0.0327 -0.0159
0.0273 0.0285 -0.0134
0.0070 0.0115 -0.0020
0.0213 0.0230 -0.0076
0.0287 0.0266 -0.0096
0.0256 0.0332 -0.0067
0.0152 0.0259 -0.0057
0.0126 0.0206 -0.0050
0.0291 0.0059 0.0011
0.0294 0.0053 0.0063
0.0288 0.0167 0.0098
0.0299 0.0210 0.0148
0.0277 0.0249 0.0145
0.0206 0.0309 0.0121
0.0153 0.0300 0.0010
0.0138 0.0232 -0.0030
0.0187 0.0111 0.0015
0.0165 0.0348 0.0031
0.0156 0.0511 0.0019
0.0023 0.0684 0.0028
-0.0253 0.0366 0.0100
-0.0346 0.0223 0.0153
-0.0199 -0.0007 0.0175
0.0108 0.0211 0.0232
0.0145 0.0321 0.0230
0.0102 0.0554 0.0290
0.0041 0.0325 0.0269
-0.0021 0.0161 0.0275
-0.0114 0.0003 0.0217
-0.0011 -0.0028 0.0116
0.0011 0.0059 0.0065
0.0036 0.0064 0.0068
0.0105 0.0082 0.0093
0.0102 0.0115 0.0105
-0.0072 0.0153 0.0137
0.0001 0.0276 0.0141
0.0109 0.0135 0.0103
0.0144 -0.0109 0.0107
0.0093 -0.0064 0.0052
0.0060 -0.0040 0.0005
0.0193 0.0180 -0.0026
0.0190 0.0271 -0.0093
0.0207 0.0365 -0.0081
0.0221 0.0223 -0.0015
0.0250 0.0192 0.0033
0.0383 0.0145 0.0039
0.0267 0.0147 0.0042
0.0075 0.0135 0.0060
-0.0199 0.0127 0.0036
-0.0154 0.0043 0.0007
-0.0009 0.0009 0.0031
0.0264 0.0038 0.0081
0.0266 0.0009 0.0078
0.0157 0.0074 0.0167
0.0069 0.0103 0.0074
0.0136 0.0102 0.0046
0.0118 0.0114 0.0015
0.0070 0.0189 -0.0033
0.0198 0.0278 -0.0092
0.0224 0.0222 -0.0046
0.0182 0.0222 -0.0014
0.0034 0.0275 0.0004
0.0124 0.0190 0.0079
0.0401 0.0138 0.0127
0.0416 0.0239 0.0037
0.0053 0.0410 -0.0103
-0.0083 0.0307 -0.0093
0.0050 0.0190 -0.0038
0.0191 0.0009 -0.0001
0.0051 0.0135 -0.0035
0.0028 0.0152 -0.0060
0.0122 0.0220 -0.0063
0.0319 0.0376 0.0014
0.0384 0.0353 -0.0034
0.0151 0.0365 -0.0018
-0.0246 0.0175 -0.0063
-0.0288 0.0122 -0.0094
-0.0086 0.0023 -0.0154
0.0167 0.0079 -0.0085
0.0206 0.0121 -0.0086
0.0195 0.0140 -0.0046
0.0046 0.0098 -0.0027
0.0039 0.0093 -0.0019
0.0180 0.0187 -0.0071
0.0149 -0.0002 0.0001
0.0099 -0.0063 0.0014
-0.0021 -0.0144 -0.0043
0.0008 0.0080 0.0011
0.0120 0.0167 0.0038
0.0196 0.0082 0.0055
0.0042 -0.0047 0.0157
-0.0042 -0.0112 0.0120
0.0024 -0.0032 0.0010
0.0133 -0.0033 -0.0039
0.0223 0.0111 -0.0125
0.0096 0.0062 -0.0042
0.0072 -0.0029 -0.0004
0.0119 -0.0134 0.0076
0.0028 0.0008 0.0047
-0.0084 0.0005 0.0009
-0.0156 0.0066 -0.0012
-0.0078 -0.0005 -0.0073
-0.0016 -0.0035 -0.0040
-0.0046 -0.0229 0.0013
-0.0435 -0.0160 -0.0015
-0.0572 -0.0278 0.0079
-0.0596 -0.0327 0.0029
-0.0500 -0.0293 -0.0103
-0.0515 -0.0547 -0.0075
-0.0805 -0.0987 0.0004
-0.1371 -0.1089 -0.0127
-0.1466 -0.1079 -0.0183
-0.1862 -0.1162 -0.0195
-0.2690 -0.2832 -0.0038
-0.2903 -0.3290 -0.0805
-0.3415 -0.3794 -0.1809
-0.3587 -0.2832 -0.1225
-0.4035 -0.1582 -0.0828
-0.3615 -0.0501 -0.0998
-0.3050 -0.1046 -0.0961
-0.2474 -0.3992 -0.1015
-0.2522 -0.4177 -0.1900
-0.3751 -0.4581 -0.2704
-0.4613 -0.4027 -0.3092
-0.4860 -0.3547 -0.4144
-0.4804 -0.3076 -0.4196
-0.4100 -0.3087 -0.4289
-0.2622 -0.1812 -0.4853
-0.1823 -0.1115 -0.4900
-0.0350 -0.0698 -0.4193
0.0943 -0.0898 -0.2923
0.1284 -0.1485 -0.2267
0.1455 -0.2390 -0.1127
0.1374 -0.3337 -0.0311
0.1206 -0.4337 0.0046
0.1271 -0.5574 0.0397
0.1768 -0.5425 0.0453
0.1902 -0.5424 0.0543
0.1933 -0.5104 0.0722
0.1988 -0.5236 0.0881
0.2044 -0.5327 0.1007
0.1923 -0.5112 0.1325
0.1345 -0.4583 0.1307
0.1187 -0.4029 0.1237
0.1268 -0.3187 0.0821
0.0848 -0.3981 0.0296
0.0299 -0.4545 0.0058
-0.0826 -0.4782 -0.0411
-0.1273 -0.4232 -0.0768
-0.1847 -0.3168 -0.1425
-0.1400 -0.2103 -0.1609
-0.0809 -0.1685 -0.1571
0.0674 -0.1446 -0.1030
0.1156 -0.3118 -0.0651
0.0892 -0.3851 -0.0592
0.0291 -0.3647 -0.0917
-0.0096 -0.1726 -0.1695
-0.0653 -0.1102 -0.2240
-0.3865 -0.3492 -0.3085
-0.8070 -0.6993 -0.3005
-0.8768 -0.6971 -0.2773
-0.5872 -0.2445 -0.1809
-0.0842 0.2917 -0.0020
0.0931 0.3287 0.1254
0.1877 -0.0649 0.3540
-0.0439 -0.4826 0.3652
-0.2296 -0.5035 0.2844
-0.5067 -0.3145 0.0628
-0.5551 0.0490 -0.1280
-0.5513 0.1934 -0.1909
-0.5629 0.1873 -0.2115
-0.5317 0.0343 -0.0688
-0.4757 -0.0383 0.0350
-0.3388 -0.1036 0.2259
-0.2995 -0.1279 0.2879
-0.3155 -0.2010 0.3581
-0.3775 -0.2037 0.3550
-0.3997 -0.1852 0.3205
-0.3920 -0.1219 0.2224
-0.3196 -0.0089 0.1515
-0.2557 0.0299 0.1367
-0.1557 0.0389 0.1130
-0.1240 0.0182 0.0759
-0.1028 0.0324 0.0420
-0.0249 0.0805 -0.0009
0.0241 0.0107 0.0198
0.0083 -0.0414 0.0312
-0.0562 -0.0867 0.0311
-0.1043 -0.0622 0.0077
-0.0927 -0.0095 0.0137
-0.0108 0.0509 0.0428
0.0649 -0.0536 0.0945
0.0836 -0.1325 0.1095
0.0701 -0.1511 0.0933
0.0134 -0.0747 0.0296
-0.0160 -0.0498 -0.0131
-0.0429 -0.0157 -0.0761
-0.0576 -0.0765 -0.0822
-0.0663 -0.0975 -0.0651
-0.1099 -0.0941 -0.0653
-0.1615 -0.0804 -0.0869
-0.2679 -0.0924 -0.0982
-0.3318 -0.1068 -0.0743
-0.3300 -0.0945 -0.0623
-0.2322 -0.0485 -0.0069
-0.1375 -0.0146 0.0626
-0.1197 -0.0139 0.0903
-0.1133 -0.0111 0.1351
-0.1046 -0.0055 0.1561
-0.1040 0.0037 0.1510
-0.0900 0.0268 0.1392
-0.0610 0.0506 0.1084
-0.0437 0.0395 0.0998
-0.0076 0.0249 0.0615
-0.0234 -0.0014 -0.0125
-0.0457 -0.0141 -0.0495
-0.0622 -0.0134 -0.0799
-0.0173 -0.0329 -0.0578
-0.0018 -0.0614 -0.0481
-0.0434 -0.0929 -0.0595
-0.1060 -0.0455 -0.0703
-0.1223 -0.0309 -0.0780
-0.1212 -0.0276 -0.0602
-0.1243 -0.0279 -0.0355
-0.1250 -0.0023 -0.0193
-0.1275 0.0308 -0.0041
-0.1574 -0.0422 0.0081
-0.1881 -0.0639 0.0087
-0.2443 -0.0664 0.0063
-0.2683 -0.0988 0.0086
-0.2827 -0.1623 -0.0033
-0.2683 -0.2653 -0.0157
-0.2237 -0.2262 -0.0243
-0.1223 -0.1065 -0.0450
-0.0824 -0.0676 -0.0221
-0.0960 -0.0758 -0.0224
-0.1494 -0.0205 -0.0709
-0.1720 0.0482 -0.1493
-0.1723 0.0634 -0.1955
-0.1283 0.1762 -0.2055
-0.0858 0.2354 -0.1940
-0.0500 0.2320 -0.1804
0.0601 0.2444 -0.1489
0.1528 0.2450 -0.1707
0.1774 0.2274 -0.1830
0.1486 0.2674 -0.2046
0.1230 0.3470 -0.1931
0.1546 0.3763 -0.1631
0.2895 0.3919 -0.1087
0.4287 0.3720 -0.0900
0.4702 0.3698 -0.0918
0.4990 0.4267 -0.0961
0.4297 0.4882 -0.0813
0.3798 0.5097 -0.0577
0.3197 0.5190 -0.0346
0.3626 0.5785 -0.0403
0.4002 0.5830 -0.0409
0.4506 0.5623 0.0025
0.4708 0.5891 0.0273
0.4568 0.6424 0.0410
0.3725 0.6087 0.0922
0.3252 0.5699 0.1070
0.2886 0.5764 0.1225
0.2644 0.6204 0.1247
0.2442 0.6141 0.1378
0.1861 0.5921 0.1805
0.1355 0.6265 0.1922
0.0999 0.6313 0.1721
-0.0153 0.5695 0.1245
-0.1469 0.4810 0.0831
-0.1932 0.4358 0.0823
-0.2127 0.3524 0.1781
-0.1014 0.4135 0.3142
-0.0125 0.4798 0.3788
0.1364 0.5645 0.4652
0.1211 0.5930 0.4591
0.0461 0.5682 0.4328
-0.1991 0.4028 0.3735
-0.4344 0.1234 0.3581
-0.5074 0.0136 0.3863
-0.5219 0.0172 0.4369
-0.3384 0.2773 0.4820
-0.2198 0.4161 0.4982
-0.0140 0.5737 0.5506
0.0463 0.5936 0.5934
0.0762 0.5451 0.6903
0.0614 0.5372 0.7759
0.0555 0.5130 0.8211
0.0643 0.4297 0.9195
0.0540 0.3484 0.9655
0.0393 0.3300 0.9585
-0.0052 0.3269 0.9032
-0.0610 0.3020 0.8227
-0.0777 0.3210 0.7965
-0.0666 0.4060 0.7491
0.0097 0.5097 0.7491
0.0414 0.5328 0.7675
0.0382 0.4934 0.8056
-0.0080 0.4244 0.8074
-0.0249 0.4321 0.7896
-0.0347 0.5192 0.7372
-0.0487 0.5525 0.7218
-0.0630 0.5296 0.7444
-0.0845 0.4646 0.8345
-0.1004 0.3864 0.9486
-0.1088 0.3882 0.9908
-0.1464 0.5203 1.0318
-0.2154 0.6478 1.0627
-0.2546 0.6511 1.1047
-0.3142 0.7301 1.2615
-0.3189 0.8268 1.3317
-0.2854 0.8348 1.4422
-0.2691 0.7531 1.5225
-0.2652 0.7412 1.5473
-0.2607 0.6942 1.5584
-0.2486 0.7282 1.5582
-0.2430 0.7636 1.5504
-0.2202 0.8780 1.5914
-0.1897 0.9729 1.6257
-0.1741 0.9806 1.6148
-0.1791 0.9552 1.5442
-0.2352 0.9088 1.4682
-0.3098 0.8964 1.4566
-0.4585 0.8538 1.4531
-0.5048 0.8569 1.4490
-0.4752 0.8042 1.4499
-0.3852 0.7144 1.4912
-0.3660 0.5366 1.5323
-0.3768 0.4825 1.5106
-0.4169 0.3810 1.4098
-0.6418 0.0866 1.4785
-0.6513 0.1169 1.3876
-0.4610 0.2787 0.9684
-0.1579 0.3500 0.7120
-0.0076 0.3193 0.6648
0.2054 0.1887 0.6026
0.2788 0.4012 0.4853
0.2975 0.5623 0.4148
0.2841 0.9141 0.4489
0.2729 0.9783 0.5091
0.2485 0.9207 0.5631
0.1416 0.7001 0.5633
0.0399 0.5912 0.5531
-0.1827 0.3375 0.5278
-0.2896 0.0683 0.4943
-0.2752 -0.0687 0.4836
-0.1098 -0.2805 0.5008
0.1359 -0.2808 0.5297
0.2177 -0.2838 0.5421
0.2164 -0.2267 0.5600
0.1008 -0.1200 0.5525
0.0258 -0.0981 0.5152
-0.1797 -0.2419 0.4181
-0.3022 -0.1192 0.3677
-0.3250 -0.0684 0.3326
-0.3047 0.0953 0.3117
-0.2374 0.1491 0.3115
-0.2245 0.1673 0.3071
-0.2058 0.2485 0.2600
-0.2107 0.3270 0.1654
-0.2251 0.3586 0.1274
-0.2510 0.3701 0.0699
-0.1824 0.3197 0.0095
-0.1183 0.2672 -0.0085
-0.0257 0.1948 -0.0183
-0.0236 0.1238 -0.0320
-0.0310 0.0787 -0.0370
0.0169 -0.0493 -0.0363
0.1666 -0.2483 -0.0569
0.3751 -0.3191 -0.1519
0.3740 -0.2866 -0.2010
0.3274 -0.1549 -0.2997
0.2317 -0.0633 -0.3534
0.2252 -0.0427 -0.3773
0.2807 0.0908 -0.3785
0.2505 0.2387 -0.2807
0.1123 0.3427 -0.2044
-0.3328 0.4793 0.0647
-0.6149 0.4523 0.3075
-0.5936 0.3673 0.3482
-0.2305 0.1438 0.4078
0.3538 0.0638 0.4270
0.6039 0.1202 0.3903
0.7857 0.2620 0.3200
0.5211 0.2897 0.2019
0.2825 0.3324 0.1704
-0.2197 0.3650 0.2843
-0.5092 0.2336 0.4138
-0.5385 0.1187 0.4140
-0.3568 -0.1264 0.4179
-0.0137 -0.3134 0.3873
0.1204 -0.3381 0.3408
0.2261 -0.2901 0.2098
0.2095 -0.2300 0.1552
0.1358 -0.1337 0.0765
0.0486 -0.1360 0.0125
0.0092 -0.1690 -0.0307
-0.0669 -0.1658 -0.1074
-0.1675 -0.1327 -0.1296
-0.2214 -0.1116 -0.1341
-0.3005 -0.0428 -0.1383
-0.2981 0.0545 -0.1357
-0.2684 0.0816 -0.1267
-0.1785 0.1526 -0.1115
-0.0466 0.1926 -0.1148
0.0078 0.2136 -0.1251
0.0885 0.2034 -0.1521
0.1729 0.1490 -0.1767
0.2158 0.0882 -0.1784
0.2903 -0.0120 -0.1695
0.2774 -0.0804 -0.1473
0.2374 -0.0897 -0.1301
0.1463 -0.1391 -0.1184
0.0814 -0.1831 -0.1246
0.0316 -0.1063 -0.1358
-0.2224 0.0748 -0.2211
-0.7108 0.0855 -0.3182
-0.8996 0.0167 -0.3611
-0.9171 -0.2970 -0.4848
-0.3918 -0.7034 -0.6014
0.0491 -0.8671 -0.6403
1.0000 -0.9342 -0.7386
1.3477 -0.9147 -0.7779
1.4887 -0.8622 -0.7429
0.8111 -0.7690 -0.8132
0.2702 -0.5593 -0.8626
-0.7711 -0.1569 -0.9000
-1.0802 0.1589 -1.0469
-0.9192 0.3001 -1.1184
-0.2263 0.4207 -1.1800
0.3881 0.2461 -1.1127
0.5317 0.1033 -1.0066
0.5180 -0.0768 -0.7633
0.3013 -0.0076 -0.5736
0.1804 -0.1073 -0.5135
0.0298 -0.1331 -0.3869
-0.0073 -0.2390 -0.3415
-0.0142 -0.3024 -0.3501
-0.0105 -0.3580 -0.3928
-0.0045 -0.2219 -0.4624
-0.0101 -0.1301 -0.4788
-0.0147 0.0015 -0.4527
0.0850 0.0163 -0.3631
0.1665 -0.0043 -0.3170
0.3003 -0.0476 -0.1908
0.3735 -0.0386 -0.0599
0.4229 0.0219 -0.0153
0.5015 0.1949 0.0139
0.5010 0.2986 0.0271
0.3603 0.4269 0.0333
0.1142 0.3712 0.0442
0.0262 0.3177 0.0338
0.0272 0.1162 -0.0455
0.0518 -0.0723 -0.0431
0.0070 -0.0196 -0.0029
-0.1352 0.1875 0.1250
-0.0909 0.3922 0.3291
0.0181 0.5003 0.4497
0.3223 0.5945 0.7104
0.6786 0.5584 0.9549
0.8188 0.6148 1.0014
0.8024 0.3060 0.8342
0.3273 0.2194 0.8308
-0.0413 0.1855 0.9009
-0.7308 0.0610 0.9394
-0.9433 -0.1360 0.7919
-0.8118 -0.3165 0.7390
-0.1992 -0.6368 0.6430
0.4496 -0.6059 0.4901
0.6499 -0.5094 0.4014
0.7396 -0.2751 0.3353
0.5305 -0.1385 0.3579
0.3868 -0.1085 0.3691
0.0669 -0.0336 0.3252
-0.1568 0.0281 0.3467
-0.2048 0.0662 0.3460
-0.2103 0.1797 0.2935
-0.2017 0.2425 0.2699
-0.2350 0.3308 0.2253
-0.2824 0.3401 0.1741
-0.2820 0.3251 0.1375
-0.2343 0.2845 0.0358
-0.1189 0.2011 -0.0682
-0.0438 0.1127 -0.1237
0.0794 -0.1136 -0.2382
0.0764 -0.2735 -0.3108
0.0235 -0.3011 -0.3326
-0.1003 -0.2566 -0.3505
-0.1118 -0.1555 -0.3272
-0.0573 -0.1427 -0.3167
0.0171 -0.2237 -0.2965
-0.0922 -0.3605 -0.2863
-0.1659 -0.4049 -0.2944
-0.1677 -0.5046 -0.3695
-0.0082 -0.6926 -0.4908
0.1224 -0.7991 -0.5192
0.5970 -0.7566 -0.5513
1.2658 -0.6719 -0.6636
1.5121 -0.6200 -0.6931
1.4385 -0.3942 -0.7780
1.0555 -0.2908 -0.8892
-0.2372 -0.0097 -1.1105
-1.4484 0.0481 -1.1646
-1.7325 0.1286 -1.2473
-1.4610 0.5237 -1.3720
-0.4644 0.7916 -1.2932
0.0374 0.8211 -1.1695
0.6847 0.5592 -0.8767
0.7872 0.2929 -0.5733
0.6942 0.1714 -0.4716
0.3435 -0.0287 -0.3193
-0.0372 -0.2029 -0.2158
-0.1807 -0.2677 -0.1721
-0.2911 -0.2166 -0.1818
-0.2709 -0.1146 -0.2105
-0.2498 -0.0998 -0.2021
-0.2325 -0.0940 -0.1374
-0.2236 -0.0505 -0.0055
-0.1923 -0.0154 0.0841
-0.0224 0.0892 0.2877
0.2044 0.2405 0.4469
0.2772 0.2812 0.4918
0.3158 0.3339 0.5866
0.2442 0.3906 0.6022
0.1949 0.4346 0.5962
0.1010 0.5107 0.5604
0.0250 0.5891 0.5045
0.0032 0.5885 0.4731
-0.0845 0.4799 0.4387
-0.1834 0.3892 0.4321
-0.4031 0.2566 0.4452
-0.4293 0.1575 0.4898
-0.3327 0.1546 0.5353
0.0207 0.3230 0.7159
0.5438 0.6032 0.8778
0.7911 0.7227 0.9544
0.9860 0.9104 1.0806
0.5837 0.9887 1.1324
0.1946 0.8941 1.1129
-0.7723 0.5735 1.1915
-1.5184 0.3552 1.2281
-1.6672 0.2423 1.2113
-1.3151 -0.1905 1.2598
-0.2934 -0.4864 1.1922
0.2095 -0.5100 1.0960
0.7969 -0.4851 0.8942
0.7557 -0.3371 0.7597
0.5795 -0.2137 0.7096
0.1341 0.0824 0.7000
-0.2309 0.3111 0.6634
-0.3478 0.3582 0.5714
-0.4062 0.3901 0.3904
-0.3082 0.4463 0.4021
-0.2486 0.4510 0.4293
-0.1468 0.4327 0.4299
-0.0998 0.4073 0.4128
-0.0046 0.3936 0.3983
0.1504 0.3908 0.3613
0.2263 0.3571 0.3391
0.3379 0.1818 0.2349
0.4003 -0.0302 0.1271
0.3959 -0.1454 0.0881
0.3410 -0.2996 0.0059
0.3064 -0.3448 -0.0767
0.3082 -0.3542 -0.1151
0.2737 -0.4510 -0.1877
0.0972 -0.6166 -0.2173
0.0102 -0.5723 -0.2721
-0.0860 -0.5379 -0.3469
-0.0301 -0.5692 -0.3385
0.1010 -0.5579 -0.2948
0.6137 -0.5438 -0.1931
1.2946 -0.5598 -0.1477
1.5464 -0.5812 -0.1260
1.6190 -0.5956 -0.1034
1.0369 -0.5988 -0.2165
0.5302 -0.4897 -0.3129
-0.8101 -0.0128 -0.5891
-2.1335 0.2019 -0.9909
-2.4259 0.2892 -1.1620
-1.9201 0.7427 -1.3220
-0.6368 0.7137 -1.2887
-0.0463 0.5285 -1.1754
0.5727 0.2290 -0.8498
0.5236 0.2202 -0.6875
-0.0166 0.2816 -0.4373
-0.5724 0.2335 -0.2338
-0.7131 0.1378 -0.1295
-0.7437 0.0123 -0.0289
-0.6687 0.0100 0.0076
-0.6437 0.0355 0.0368
-0.6361 0.1235 0.0991
-0.6826 0.0516 0.1946
-0.6857 -0.0032 0.2740
-0.5294 -0.0097 0.4672
-0.1772 0.1251 0.6782
-0.0035 0.2176 0.7759
0.1886 0.4316 0.9674
0.1570 0.6011 1.1175
0.1090 0.6881 1.1919
0.0289 0.8222 1.3215
-0.0016 0.9699 1.4456
-0.0268 0.9900 1.5044
0.0928 0.7952 1.7623
0.1179 0.7028 1.7972
-0.0453 0.3446 1.8667
-0.3777 0.2030 1.9819
-0.4045 0.3584 2.0866
0.1095 0.8962 2.3968
0.9505 1.4014 2.6115
1.2179 1.5171 2.6918
1.1393 1.5276 2.8367
0.8334 1.4927 2.8651
0.0373 1.4434 2.9057
-0.6573 1.3893 2.9363
-0.8365 1.4010 2.9503
-0.7616 1.5774 2.9058
-0.3242 1.8882 2.8170
-0.1525 2.0044 2.7756
-0.0985 2.2795 2.7498
-0.3409 2.5041 2.7468
-0.4975 2.5564 2.7298
-0.7299 2.5144 2.6866
-0.8125 2.4044 2.6269
-0.8204 2.3323 2.5965
-0.8215 2.1927 2.5361
-0.8592 2.0823 2.4667
-0.9167 2.0453 2.4435
-1.0764 1.9569 2.4257
-1.1731 1.8208 2.4800
-1.1689 1.7342 2.5178
-1.0439 1.5735 2.6381
-0.8387 1.4546 2.7636
-0.7287 1.3975 2.8129
-0.5878 1.2550 2.8759
-0.4932 1.1051 2.8805
-0.4311 1.0223 2.8581
-0.2679 0.9107 2.7464
-0.1338 0.9059 2.5715
-0.1056 0.9211 2.4781
-0.1112 0.9121 2.2669
-0.1331 0.8961 2.1482
-0.1530 0.8458 1.8995
-0.1163 0.7738 1.6491
-0.0744 0.7437 1.5209
0.0053 0.6999 1.2700
0.0158 0.6792 1.0253
-0.0433 0.6892 0.8792
-0.3622 0.7234 0.5653
-0.7290 0.8015 0.2992
-0.7551 0.8539 0.2184
-0.3319 0.8257 0.2233
0.3122 0.4910 0.3467
0.5096 0.2520 0.4020
0.3975 -0.1350 0.4567
-0.2682 -0.2681 0.4811
-0.6273 -0.2313 0.4842
-1.0115 -0.0696 0.4851
-0.7562 0.0266 0.4969
-0.4199 0.0535 0.5253
0.2882 -0.1661 0.5967
0.6135 -0.3719 0.6806
0.5702 -0.4045 0.7105
0.2105 -0.3556 0.7495
-0.3064 -0.2136 0.7671
-0.5142 -0.1460 0.7683
-0.6352 -0.0681 0.7528
-0.5828 -0.0656 0.7372
-0.4295 -0.0705 0.7091
-0.3843 -0.0791 0.6650
-0.3799 -0.0695 0.6311
-0.3347 -0.0018 0.5399
-0.2564 0.1267 0.4387
-0.2382 0.1961 0.3783
-0.2426 0.3335 0.2758
-0.2498 0.4249 0.2091
-0.2114 0.4551 0.1795
-0.1136 0.5436 0.1275
-0.0412 0.5143 0.0858
-0.0065 0.4487 0.0628
0.0597 0.2607 0.0208
0.1501 0.0938 -0.0783
0.2135 0.0193 -0.1541
0.3538 -0.0322 -0.2660
0.4583 0.0934 -0.3009
0.5011 0.1910 -0.3073
0.5474 0.4582 -0.3142
0.4846 0.7769 -0.2460
0.3955 0.8907 -0.1905
0.1259 0.9809 0.0021
-0.2306 0.6792 0.2694
-0.3584 0.4674 0.4284
-0.2597 0.1490 0.7646
0.0111 0.1882 0.8983
0.7183 0.2974 1.0266
1.1335 0.2898 1.0665
1.0860 0.2339 1.0959
0.4891 0.1084 1.1057
-0.3973 0.1661 1.1777
-0.7707 0.3093 1.2152
-1.1811 0.3414 1.2939
-1.0926 -0.0260 1.3879
-0.8673 -0.1963 1.4123
-0.2832 -0.2973 1.3240
0.0765 -0.2162 1.1554
0.1216 -0.1655 1.1105
0.0682 -0.0257 1.0492
-0.0558 0.1256 1.0103
-0.1257 0.2314 0.9902
-0.2209 0.3365 1.0053
-0.2206 0.4476 0.9989
-0.2086 0.5060 0.9904
-0.2105 0.5349 0.9716
-0.2049 0.4265 0.9197
-0.1679 0.3291 0.8801
-0.0086 0.1431 0.7743
0.1747 0.2062 0.6668
0.2607 0.2947 0.6193
0.3798 0.4139 0.5230
0.3744 0.2296 0.4568
0.3432 0.0670 0.4267
0.2601 -0.3342 0.2461
0.2215 -0.5403 0.1566
0.2266 -0.8101 -0.0421
0.1596 -0.9276 -0.3543
0.0525 -0.9808 -0.5162
-0.1828 -0.8250 -0.7651
-0.2476 -0.7585 -0.9558
-0.1719 -0.8261 -0.9335
0.3288 -1.0665 -0.7380
1.0259 -1.1035 -0.6255
1.2914 -1.0863 -0.5899
1.3140 -0.9666 -0.5800
0.4691 -0.8085 -0.6928
-0.1949 -0.6650 -0.7562
-1.5140 -0.0887 -0.8892
-1.9585 0.4388 -0.9763
-1.7013 0.6610 -0.9764
-0.5498 0.8738 -0.9090
0.4966 0.7257 -0.8413
0.7300 0.5515 -0.7688
0.6882 0.2767 -0.5641
0.2361 0.1243 -0.4193
-0.0181 0.0641 -0.3655
-0.3184 -0.0622 -0.2715
-0.2476 -0.1483 -0.2271
-0.1254 -0.1781 -0.2311
0.1235 -0.1054 -0.2371
0.1779 -0.0655 -0.2323
0.0901 0.1350 -0.1535
0.0451 0.2809 -0.0462
0.1218 0.2901 0.0102
0.3945 0.1925 0.1077
0.6422 0.1213 0.1762
0.7084 0.1493 0.1862
0.6626 0.2944 0.1799
0.3958 0.5469 0.1592
0.2372 0.6452 0.1876
-0.0042 0.7282 0.2664
-0.0752 0.6790 0.3763
-0.1328 0.5746 0.4151
-0.4102 0.3090 0.4660
-0.7164 0.0161 0.5994
-0.7878 -0.0489 0.6395
-0.6565 0.0056 0.7007
-0.2142 0.3059 0.7400
0.0503 0.4884 0.7614
0.4311 0.7555 0.7923
0.4011 0.7645 0.7644
0.1892 0.6996 0.7392
-0.4871 0.4644 0.7699
-1.0554 0.2546 0.8200
-1.2039 0.1978 0.8685
-1.1878 0.1068 1.0133
-0.7046 0.1258 1.1438
-0.3353 0.1099 1.1803
0.3457 -0.0472 1.1746
0.5503 -0.1236 1.1555
0.6147 -0.2160 1.0883
0.4265 -0.1921 1.0077
0.3170 -0.1323 0.9556
0.1042 0.0331 0.8245
-0.0793 0.1245 0.7175
-0.1407 0.1396 0.6675
-0.1769 0.1457 0.5639
-0.1868 0.1918 0.5187
-0.1868 0.2460 0.4910
-0.1721 0.3712 0.4287
-0.0850 0.4860 0.3722
-0.0088 0.5175 0.3250
0.1629 0.4178 0.2349
0.3356 0.2145 0.1683
0.3900 0.1155 0.1312
0.3653 -0.0429 0.0677
0.2003 -0.1498 0.0171
0.1487 -0.2051 -0.0053
0.1647 -0.3078 -0.0886
0.0946 -0.4619 -0.2327
-0.0390 -0.5069 -0.3131
-0.3219 -0.5219 -0.4920
-0.3364 -0.4964 -0.6540
-0.1523 -0.4967 -0.6763
0.5858 -0.5199 -0.5975
0.9958 -0.5781 -0.5847
1.4811 -0.5947 -0.5438
1.0995 -0.3866 -0.5240
0.5840 -0.2006 -0.5249
-0.6527 0.1504 -0.5503
-1.2693 0.4613 -0.6551
-1.1706 0.6032 -0.7166
-0.4197 0.6961 -0.7705
0.3933 0.5802 -0.7556
0.6271 0.4971 -0.7418
0.5233 0.3431 -0.6088
0.0441 0.4369 -0.5178
-0.1842 0.4562 -0.4687
-0.4842 0.3847 -0.2952
-0.4260 0.2385 -0.1691
-0.3040 0.1741 -0.1096
0.0055 0.0399 -0.0544
0.1548 -0.0297 -0.0083
0.1496 -0.0342 0.0199
0.0759 0.0122 0.0999
-0.0200 0.0359 0.2316
-0.0240 0.0560 0.3131
0.0992 0.1276 0.4711
0.2471 0.2726 0.5732
0.2663 0.3661 0.6022
0.1777 0.5612 0.6221
0.0845 0.6531 0.6175
-0.1603 0.7388 0.6305
-0.3835 0.7923 0.6707
-0.4495 0.7957 0.7394
-0.4106 0.7827 0.7860
-0.3372 0.5380 0.8651
-0.3533 0.3822 0.8693
-0.4157 0.1582 0.8307
-0.3169 0.1201 0.6422
-0.2637 0.1993 0.5661
-0.1198 0.6473 0.6059
0.1995 1.1565 0.8228
0.3970 1.2530 0.8977
0.5880 1.3449 0.9866
0.2539 1.0315 0.9814
-0.0336 0.7138 0.8320
-0.8017 0.4478 0.8781
-1.5134 0.7854 1.2675
-1.6435 0.8500 1.4695
-1.3578 0.6196 1.7499
-0.7414 0.3962 1.8466
-0.3920 0.1978 1.8810
0.1779 -0.1748 1.9283
0.4743 -0.3402 1.9106
0.5241 -0.3058 1.8427
0.4900 -0.1130 1.6065
0.3462 0.0446 1.3157
0.2513 0.0772 1.1847
0.0204 0.2501 1.0043
-0.1012 0.3838 0.9592
-0.3376 0.6605 0.8831
-0.4614 0.7807 0.8128
-0.4886 0.7898 0.7802
-0.4464 0.7853 0.7092
-0.2943 0.8731 0.6511
-0.2075 0.9430 0.6009
-0.0646 1.1932 0.4538
-0.1063 1.2583 0.3101
-0.1838 1.0751 0.2631
-0.3309 0.4993 0.2222
-0.1872 -0.2395 0.3170
-0.0322 -0.4988 0.3617
0.3645 -0.8233 0.4029
0.8659 -1.0295 0.4622
1.1121 -1.0924 0.5394
1.3692 -1.2059 0.6922
1.1602 -1.3224 0.7017
0.9425 -1.2971 0.5914
0.5675 -0.9022 0.2564
0.4813 -0.2503 0.0989
0.5618 -0.0086 0.1514
1.0166 0.1847 0.3372
1.5267 0.0704 0.5966
1.5386 -0.0405 0.6780
1.0768 -0.1726 0.7137
0.1404 0.1360 0.7028
-0.3048 0.4569 0.6532
-0.7860 1.0201 0.6074
-0.7967 1.0512 0.6731
-0.4880 0.5193 0.8907
-0.0600 0.3786 0.9849
0.1027 0.2439 0.9560
0.2841 0.4183 0.8754
0.1974 0.8197 0.8366
0.1300 1.0176 0.8399
0.0404 1.2300 0.8692
-0.0423 1.1772 0.9509
-0.1257 1.1648 1.0241
-0.3486 1.3480 1.1746
-0.5619 1.5389 1.2894
-0.6468 1.5210 1.3747
-0.7404 1.2333 1.5815
-0.7412 0.9526 1.7446
-0.6851 0.8754 1.8254
-0.4791 0.7551 2.0009
-0.2842 0.6518 2.0765
-0.2403 0.6081 2.1352
-0.2215 0.6481 2.2195
-0.1755 0.7468 2.1794
-0.1410 0.7988 2.1412
-0.0990 0.8877 2.0464
-0.1108 0.8960 1.9305
-0.1152 0.8685 1.8670
-0.1083 0.8012 1.7389
-0.0874 0.7813 1.6785
0.0579 0.8208 1.5752
0.2432 0.8498 1.5195
0.3258 0.8170 1.5045
0.4416 0.6856 1.4990
0.4955 0.5348 1.4918
0.4925 0.5022 1.5009
0.4452 0.5388 1.5187
0.3701 0.6111 1.4642
0.3079 0.6650 1.4213
0.0665 0.7733 1.3526
-0.2559 0.8277 1.2713
-0.4065 0.8253 1.2318
-0.5948 0.7444 1.1437
-0.5043 0.5252 1.0358
-0.3698 0.4141 0.9638
-0.1276 0.2449 0.8182
-0.1000 0.3082 0.6675
-0.1617 0.3856 0.5678
-0.4029 0.6128 0.4190
-0.5923 0.7518 0.2808
-0.5912 0.7534 0.2038
-0.4012 0.6490 0.1030
-0.0611 0.4250 0.0841
0.0842 0.3311 0.1067
0.1789 0.1994 0.1590
0.0368 0.1836 0.2212
-0.0387 0.1710 0.2601
-0.0491 0.1665 0.3137
-0.0012 0.1973 0.3257
0.0522 0.3072 0.3356
-0.0099 0.4469 0.3696
-0.0503 0.5233 0.3838
-0.0922 0.7683 0.3719
-0.0843 0.7982 0.3539
-0.0569 0.6757 0.3365
0.0106 0.3211 0.2777
0.0190 0.0474 0.1978
-0.0114 -0.0022 0.1569
-0.1168 -0.0099 0.0585
-0.1187 -0.0321 -0.0203
-0.0312 -0.0724 -0.0613
0.3034 -0.2315 -0.1411
0.6298 -0.3467 -0.1861
0.6750 -0.3160 -0.2071
0.4840 -0.0661 -0.2465
0.0822 0.3276 -0.2558
-0.1283 0.4952 -0.2289
-0.4278 0.7894 -0.1310
-0.4660 0.9923 0.0331
-0.3510 1.0493 0.1078
-0.0148 0.6461 0.2731
0.2290 0.0918 0.3971
0.2345 -0.1384 0.4526
0.0620 -0.4339 0.5070
-0.0419 -0.4813 0.5014
-0.1418 -0.3698 0.4706
-0.0685 -0.0864 0.4024
0.0103 0.0729 0.3701
0.0990 0.4113 0.3494
0.1171 0.6000 0.3668
0.1145 0.6128 0.3858
0.1127 0.5466 0.4309
0.0647 0.4125 0.4906
0.0283 0.3272 0.5027
-0.0139 0.1233 0.5141
0.0861 -0.0798 0.4895
0.1701 -0.1263 0.4565
0.2790 -0.1095 0.3934
0.2436 -0.0139 0.3403
0.1667 0.0545 0.3293
-0.0025 0.2013 0.2872
-0.0915 0.2861 0.2122
-0.1038 0.2836 0.1542
-0.0921 0.2334 0.0490
0.0067 0.0509 -0.0550
0.0905 -0.0545 -0.0958
0.2882 -0.1677 -0.1618
0.4120 -0.1311 -0.2181
0.4252 -0.0666 -0.2491
0.3905 0.0217 -0.3035
0.3233 0.0190 -0.3767
0.2830 -0.0066 -0.4202
0.2087 -0.0318 -0.5139
0.1926 -0.0291 -0.5596
0.2965 0.1891 -0.6511
0.4538 0.0927 -0.6944
0.4414 0.0440 -0.7425
0.4143 -0.0042 -0.6040
0.4597 -0.0463 -0.5695
0.5185 -0.1022 -0.5471
0.6484 -0.3395 -0.4509
0.7040 -0.5691 -0.3812
0.7089 -0.6437 -0.3432
0.6841 -0.7351 -0.3175
0.6695 -0.6311 -0.3698
0.5982 -0.5312 -0.3240
0.4503 -0.3554 -0.3012
0.3642 -0.3692 -0.3299
0.3446 -0.3472 -0.3378
0.3257 -0.2310 -0.3930
0.3210 -0.1546 -0.4349
0.3166 -0.1297 -0.4385
0.3527 -0.0881 -0.4115
0.4216 -0.0847 -0.3377
0.4332 -0.0595 -0.3021
0.3668 -0.1150 -0.2142
0.3011 -0.2681 -0.1184
0.2890 -0.4265 -0.0779
0.3039 -0.6240 -0.0418
0.3049 -0.6154 -0.0599
0.2861 -0.4611 -0.1061
0.1863 -0.2765 -0.1448
0.1337 -0.2169 -0.1350
0.1123 -0.0941 -0.1363
0.1226 -0.0548 -0.1480
0.1353 -0.0632 -0.1373
0.1525 -0.0696 -0.0676
0.1610 0.0097 0.0079
0.1623 0.0342 0.0219
0.1644 0.0496 0.0250
0.1926 0.0539 0.0300
0.2086 0.0718 0.0231
0.2045 0.0950 -0.0142
0.1238 0.0848 -0.0278
0.0835 0.0817 -0.0107
0.0603 0.0721 0.0129
0.1046 0.0703 0.0163
0.1180 0.1042 0.0117
0.1215 0.1370 0.0206
0.1106 0.1135 0.0462
0.1175 0.1039 0.0664
0.1373 0.1096 0.0801
0.1187 0.1929 0.0692
0.0976 0.2098 0.0635
0.0751 0.2236 0.0647
0.0829 0.2172 0.0714
0.0911 0.1943 0.0766
0.1023 0.1503 0.0893
0.0949 0.1473 0.0876
0.0832 0.1528 0.0914
0.0776 0.1707 0.0856
0.0795 0.1739 0.0785
0.0721 0.1603 0.0629
0.0914 0.0950 0.0694
0.1018 0.0802 0.0687
0.1028 0.1074 0.0743
0.0787 0.1457 0.0751
0.0589 0.1713 0.0720
0.0543 0.2012 0.0802
0.0919 0.1348 0.0981
0.1098 0.1003 0.1088
0.1251 0.0737 0.0999
0.1066 0.0911 0.0861
0.1006 0.1082 0.0844
0.1043 0.1272 0.0871
0.1240 0.1171 0.0880
0.1289 0.1122 0.0895
0.1183 0.1083 0.0908
0.0940 0.1010 0.0890
0.0845 0.1026 0.0853
0.0797 0.1175 0.0697
0.1076 0.1132 0.0752
0.1232 0.0987 0.0657
0.1073 0.0799 0.0612
0.0809 0.0897 0.0601
0.0417 0.0918 0.0534
0.0356 0.0329 0.0443
0.0311 0.0025 0.0519
0.0198 0.0071 0.0563
0.0170 0.0709 0.0481
0.0221 0.0778 0.0480
0.0220 0.0683 0.0492
-0.0001 0.0821 0.0589
-0.0034 0.0823 0.0633
0.0140 0.0656 0.0522
0.0185 0.0543 0.0591
0.0194 0.0529 0.0572
0.0308 0.0405 0.0405
0.0197 0.0113 0.0390
0.0079 0.0077 0.0386
-0.0008 0.0132 0.0379
0.0126 0.0412 0.0281
0.0216 0.0373 0.0222
0.0184 0.0301 0.0145
0.0012 0.0453 0.0118
0.0010 0.0432 0.0120
0.0097 0.0152 0.0106
0.0091 0.0020 0.0155
0.0113 0.0101 0.0160
0.0189 0.0306 0.0186
0.0371 0.0490 0.0243
0.0446 0.0600 0.0304
0.0495 0.0235 0.0375
0.0503 0.0035 0.0410
0.0411 0.0051 0.0303
0.0421 0.0097 0.0196
0.0460 0.0072 0.0125
0.0566 -0.0054 0.0082
0.0608 0.0189 0.0094
0.0602 0.0436 0.0115
0.0446 0.0594 0.0244
0.0295 0.0548 0.0300
0.0267 0.0355 0.0286
0.0357 -0.0107 0.0243
0.0208 -0.0228 0.0118
0.0121 -0.0075 0.0070
0.0011 0.0486 0.0068
0.0489 0.0515 0.0123
0.0678 0.0489 0.0104
0.0492 0.0232 0.0034
0.0187 0.0052 -0.0003
0.0164 0.0113 0.0002
0.0342 0.0292 -0.0113
0.0393 0.0389 -0.0138
0.0332 0.0357 -0.0025
0.0246 0.0113 0.0062
0.0378 0.0213 0.0050
0.0412 0.0196 0.0043
0.0075 0.0100 -0.0057
-0.0116 0.0134 -0.0037
-0.0123 0.0300 -0.0084
0.0321 0.0426 -0.0084
0.0334 0.0369 -0.0084
-0.0072 0.0163 -0.0078
-0.0307 0.0285 -0.0035
-0.0131 0.0347 -0.0068
0.0146 0.0456 -0.0210
0.0076 0.0215 -0.0071
0.0051 0.0090 -0.0035
-0.0022 0.0039 -0.0046
-0.0005 0.0201 -0.0035
-0.0053 0.0267 -0.0033
-0.0243 0.0178 -0.0089
-0.0452 0.0013 -0.0116
-0.0441 0.0024 -0.0132
-0.0101 -0.0040 -0.0130
0.0066 -0.0013 -0.0083
-0.0113 0.0066 -0.0042
-0.0540 0.0149 -0.0038
-0.0406 -0.0017 0.0062
-0.0224 -0.0025 0.0073
0.0033 0.0046 0.0050
-0.0013 0.0104 -0.0031
-0.0049 -0.0063 -0.0056
0.0145 -0.0373 -0.0039
0.0409 -0.0318 -0.0110
0.0360 -0.0095 -0.0121
0.0212 0.0109 -0.0077
0.0258 0.0090 -0.0043
0.0256 -0.0260 -0.0049
0.0223 -0.0427 -0.0073
0.0174 -0.0443 -0.0078
0.0234 -0.0218 -0.0100
0.0209 -0.0064 -0.0052
0.0202 0.0010 -0.0027
0.0273 0.0003 -0.0048
0.0352 -0.0136 -0.0061
0.0252 -0.0211 -0.0086
-0.0094 -0.0340 -0.0121
0.0001 -0.0358 -0.0109
0.0264 -0.0203 -0.0109
0.0499 0.0116 -0.0115
0.0161 0.0130 -0.0061
0.0002 -0.0035 -0.0040
0.0043 -0.0303 -0.0031
0.0242 -0.0157 -0.0045
0.0307 0.0110 -0.0006
0.0375 0.0392 0.0022
0.0199 0.0094 0.0122
0.0108 -0.0174 0.0202
0.0120 -0.0216 0.0230
0.0240 0.0069 0.0231
0.0226 0.0202 0.0194
0.0232 0.0413 0.0115
0.0268 0.0270 0.0126
0.0293 0.0073 0.0105
0.0241 0.0027 0.0103
0.0176 0.0269 0.0138
0.0118 0.0191 0.0158
-0.0014 0.0048 0.0196
-0.0105 -0.0032 0.0154
0.0110 -0.0064 0.0092
0.0436 0.0030 0.0075
0.0422 0.0171 0.0094
0.0157 0.0251 0.0152
0.0014 0.0051 0.0236
0.0086 0.0036 0.0252
0.0254 -0.0079 0.0164
0.0177 0.0109 0.0181
0.0138 0.0220 0.0214
0.0125 0.0207 0.0164
0.0037 -0.0013 0.0169
0.0046 0.0021 0.0186
0.0145 0.0232 0.0137
0.0079 0.0298 0.0170
0.0003 0.0132 0.0196
-0.0061 -0.0154 0.0233
0.0113 -0.0073 0.0149
0.0195 0.0022 0.0100
0.0250 0.0144 0.0056
0.0180 0.0248 0.0000
-0.0046 0.0297 0.0064
-0.0018 0.0219 0.0115
0.0056 0.0229 0.0159
0.0150 0.0104 0.0209
0.0000 -0.0002 0.0211
-0.0189 0.0113 0.0199
0.0033 0.0324 0.0160
0.0404 0.0152 0.0238
0.0368 -0.0032 0.0212
0.0004 0.0352 0.0196
0.0118 0.0520 0.0079
0.0248 0.0283 0.0100
0.0211 -0.0022 0.0171
-0.0132 0.0104 0.0134
-0.0177 0.0202 0.0083
0.0012 0.0319 0.0053
0.0181 0.0374 0.0084
0.0155 0.0310 0.0101
-0.0076 0.0142 0.0111
-0.0215 0.0085 0.0102
-0.0114 0.0091 0.0106
0.0171 0.0024 0.0120
0.0133 0.0048 0.0144
0.0059 0.0077 0.0152
-0.0062 0.0040 0.0119
0.0077 -0.0123 0.0018
0.0220 -0.0234 0.0029
0.0062 -0.0229 0.0081
-0.0170 -0.0034 0.0055
-0.0472 -0.0012 0.0093
-0.0174 -0.0378 0.0058
-0.0054 -0.0526 -0.0024
-0.0006 -0.0509 0.0043
-0.0160 0.0178 0.0152
-0.0026 0.0309 0.0161
0.0053 -0.0140 0.0191
-0.0075 -0.0471 0.0176
-0.0052 -0.0424 0.0088
0.0038 -0.0072 -0.0064
-0.0107 0.0066 -0.0069
-0.0082 0.0254 0.0009
0.0634 0.0404 0.0112
0.0754 0.0186 0.0264
0.0499 0.0211 0.0342
0.0145 0.0264 0.0268
0.0123 -0.0059 0.0263
0.0048 -0.0258 0.0210
-0.0088 -0.0230 0.0150
0.0060 0.0270 0.0012
0.0252 0.0450 -0.0017
0.0355 0.0620 0.0079
0.0070 0.0531 0.0083
-0.0018 0.0540 0.0093
0.0242 0.0354 0.0052
0.0365 0.0296 0.0056
0.0246 0.0323 0.0047
0.0066 0.0357 0.0057
0.0054 0.0257 0.0079
0.0156 0.0216 0.0116
0.0185 0.0192 0.0081
0.0144 0.0167 0.0092
0.0185 0.0276 0.0063
0.0072 0.0305 -0.0003
0.0006 0.0228 0.0047
0.0022 0.0216 0.0000
0.0095 0.0146 -0.0005
0.0166 0.0183 -0.0039
0.0161 0.0254 -0.0050
0.0196 0.0155 -0.0011
0.0220 0.0093 0.0010
0.0266 0.0168 0.0095
0.0295 0.0190 0.0025
0.0258 0.0178 0.0004
0.0246 0.0036 0.0094
0.0353 -0.0015 0.0105
0.0282 0.0032 0.0086
0.0159 0.0015 0.0014
0.0083 0.0104 -0.0013
0.0029 0.0163 0.0004
0.0248 0.0209 0.0012
0.0227 0.0125 0.0031
0.0076 0.0146 0.0064
-0.0090 0.0130 0.0103
0.0002 0.0003 0.0146
0.0352 -0.0405 0.0031
0.0325 -0.0406 0.0030
0.0244 -0.0085 0.0036
0.0371 0.0503 0.0067
0.0476 0.0296 0.0099
0.0402 -0.0032 0.0077
0.0085 -0.0375 0.0082
0.0091 -0.0161 0.0011
0.0291 0.0093 -0.0013
0.0596 0.0164 -0.0059
0.0373 -0.0137 -0.0012
0.0232 -0.0229 0.0009
0.0172 -0.0043 -0.0002
0.0309 0.0313 0.0045
0.0339 0.0388 0.0062
0.0309 0.0158 0.0071
0.0155 -0.0232 0.0107
0.0102 -0.0287 0.0116
0.0075 -0.0121 0.0034
0.0183 0.0236 0.0079
0.0247 0.0280 0.0065
0.0241 0.0204 0.0063
0.0097 0.0067 0.0103
0.0014 0.0011 0.0070
-0.0024 -0.0007 0.0084
0.0090 0.0116 0.0061
0.0141 0.0135 0.0133
0.0224 0.0057 0.0190
0.0244 0.0015 0.0225
0.0137 0.0128 0.0251
0.0148 0.0132 0.0175
0.0053 0.0128 0.0094
-0.0092 0.0270 0.0276
0.0107 0.0482 0.0196
0.0021 0.0428 0.0018
-0.0377 -0.0125 0.0319
-0.0014 -0.0257 0.0057
0.0091 -0.0176 0.0087
0.0132 0.0413 -0.0066
0.0133 0.0269 -0.0176

